pathway	pval	padj	ES	NES	nMoreExtreme	size	leadingEdge
BANDRES_RESPONSE_TO_CARMUSTIN_MGMT_48HR_DN	0.00015701051970482	0.0274196368086362	-0.505018946562143	-1.70989145194652	0	125	SLC30A3|AMH|DNASE1L2|GFAP|CYP19A1|GRN|ADAMTS4|APLNR|ATP1A3|SORBS2|IRS1|IER3|PCOLCE|FYN|LAMB3|HCFC1|NRTN|NPAS1|PTPN3|MAD1L1|CHRM4|INPPL1|KIF5A|IKBKG|PAEP|POLR2E|ADAM15|DVL1|MAP4K2|CD151|CEBPB|HMGN2|EPHX1|NDUFC1|GRB7|MVD|AKT2|TUBG1|IRAG2|MDK|TMBIM6|CRAT|MGAT3|KCNH2|GOLGA2|BAIAP2|RAD23A|PCBD1|BRF1|DHX16
BENPORATH_PROLIFERATION	0.000284171639670361	0.0274196368086362	0.44529655797359	1.6341804749868	0	145	TTK|PLAAT1|PDCD10|DTL|CKS2|ANKRD27|GNB4|TOP2A|ANLN|HDAC2|PBK|RFC4|SUV39H2|LGALS8|CDCA7|MSH2|SMAD2|GDI2|RDX|PPIL1|NCAPG|WDR26|HSPA14|NDC80|KPNA2|MAD2L1|RIT1|CENPU|TYMS|CDK1|RRM2|DBF4|BUB1|TMEM14A|FAM3C|NDUFB5|CYRIB|STMN1|RACGAP1|GART|NEK2|SLC25A5|CDKN3|NMI|NCS1|PCNA|GARS1|GGCT|AVL9|ATAD2|TFRC|CENPE|UTP25|SRPK1|KNSTRN|CCNB2|RAD51AP1|EXO1|GPSM2|SNRPD1|PSMA3|PDSS1|CSE1L|KDELR2|DCUN1D5|GINS3|PURB|ILF2|ASPM
BHAT_ESR1_TARGETS_VIA_AKT1_UP	0.000143657520471197	0.0274196368086362	-0.41995961192462	-1.53675477956833	0	253	SULT2B1|WFS1|KRT15|FARP1|STX1A|HOMER3|MAG|CARD19|RTKN|AMZ1|TPBG|GDF15|TBKBP1|FAAP100|DEGS2|SLC29A1|C1orf159|SEMA3B|EEIG1|RIMS4|PDLIM3|MFSD2A|WDR46|IER3|CCND1|FLAD1|HDAC4|STC2|FOS|IER5L|RECQL4|QSOX2|CAMTA1|CA12|GREB1|ADAP1|SH2B2|SLC2A8|LTBP3|SCARB1|AKNA|SLC10A3|KCNK6|RRP12|SRM|CTSD|BRD9|MED24|DHRS3|HPCAL1|RAB11FIP3|PITX1|TSKU|MYBBP1A|UBALD1|SUSD3|CLUH|FLNB|PCYT2|MANEAL|MCRIP2|ARMC6|TGIF2|TUBB2B|KAZN|KDM4B|AP1B1|LRFN4|PARP12|CDC34|PLEKHH1|SH2D2A|NEIL2|NOL6|NT5DC3|SLX9|ATRIP|MCM7|PRR5|PTRH2|ADCY3|NUDC|SLC22A5|TUBA3C|PPARGC1B|SEPTIN9|ARAP3|UHRF1|MTFP1|FCHO1|GPATCH4|CERS1|EIF3B|TMEM120B|ACIN1
BIDUS_METASTASIS_UP	0.000316055625790139	0.0274196368086362	0.502824702110705	1.93629862669902	0	217	HULC|FSD1L|SEC24B|PLK4|CCDC15|MNS1|AMD1|VBP1|COPS8|PBK|RNF138|RFC4|ZNF550|KIF11|CBLL1|RAB22A|CCNA2|KNL1|DCTN4|MRPL42|CCNB1|NUP153|UNK|PTGES3|GAS2L3|NCBP2|ARPP19|RMND5A|ECT2|MPHOSPH9|CBFB|PREPL|MAPK1|NUSAP1|MAD2L1|SGMS2|C5orf22|EIF4E|VDAC1|TYMS|MEAF6|IFT74|CDK1|WAC|KCTD6|RRM2|UBQLN2|NRAS|CRY1|PRELID3B|CDK2AP1|RFC5|STK24|HBS1L|RAB28|TRA2B|DBF4|BUB1|HNRNPK|RABGAP1L|SEC23A|RRM1|ADNP|CAND1|ATF2|PSMD10|AZI2|RBBP4|KDM6A|NF1|RACGAP1|TUBGCP4|PPP2CA|P4HA1|CEP57|EFHC1|SRSF1|MED14|SMC4|WBP11|CKAP5|RAE1|HSP90AA1|DDX21|NEMP1|LMNB1|TFRC|ZNF318|HNRNPA2B1|PNMA8A|DKC1|KNSTRN|CCNB2|TMEM33|RLIM|ERCC6L|CCNY|PHF10|SNRPD1|SFPQ|PATL1|RRN3|DEPDC1|AZIN1|DLGAP5|PAIP1|EIF1|WDHD1|CSE1L|CRKL|FEN1|NCAPH|MACROH2A1|CCDC47|NAP1L1
BLANCO_MELO_BETA_INTERFERON_TREATED_BRONCHIAL_EPITHELIAL_CELLS_DN	0.000303536196691455	0.0274196368086362	-0.478967048329809	-1.6757408931854	1	165	SULT2B1|TRIM45|ANPEP|C21orf58|SYTL1|DGAT2|PHLDB3|TENT5B|PLA2G6|ANO8|LYPD3|PLLP|THAP8|PPFIBP2|MUTYH|ZNF467|ARHGAP33|CASTOR1|NOXA1|ECM1|DEGS2|NBEAL2|ZNF692|DBP|SERF2|ADAMTSL4|A2ML1|NCCRP1|TGFB3|KIFC2|TMEM86A|SH3BP5-AS1|CHTF18|NLRX1|C15orf62|KLK8|EPHX3|IDI2-AS1|LRRC45|TMEM184A|MZF1|TBC1D8|LRRC20|UNC13D|KMT5C|KLK13|HPGD
BLANCO_MELO_INFLUENZA_A_INFECTION_A594_CELLS_DN	0.000158503724837534	0.0274196368086362	-0.521848138515101	-1.73205556105291	0	107	MXD3|DND1|NAGK|PHLDB3|LINC00205|ARHGAP33|NDUFA3|SLC38A10|CACFD1|REX1BD|MESP1|GIGYF1|SP9|SLC7A7|SLC16A13|IFI27L2|LSR|MATCAP1|ZNF446|PIGQ|LMF1|NOTCH3|MAFK|BCL9L|MZF1|TRIP6|TONSL|RPS10|FBXW4|NDUFA1|WDR18|TSC22D4|REXO1|APBB3|FAM98C|RPL36|SPATA2L|ENGASE|PHETA1|ZNF428|FKBP2|TSR2|OGFR|CHPF2|PCK2|STUB1|TRIM56|MAFG|GPANK1
BORCZUK_MALIGNANT_MESOTHELIOMA_DN	0.000161524794055888	0.0274196368086362	-0.578684704901782	-1.85231320191254	0	81	STS|PLXNB1|RDH16|ATP2A1|HEXIM2-AS1|SEMA3F|LCAT|LMOD1|VILL|ACAP1|NBEAL2|FXYD1|SEMA3B|TCIRG1|CD19|FGF12|APOD|DDT|TAP2|HEXA|PCSK7|CTTN|FKBP2
BORCZUK_MALIGNANT_MESOTHELIOMA_UP	0.000346380325597506	0.0274196368086362	0.411650978079648	1.64166011550811	0	303	DCK|CCNE2|CCNG1|RNF2|HACD2|CKS2|LAMP2|CNOT8|VBP1|TOP2A|RARS1|PPT1|PRPS2|RFC4|KIF11|MACIR|SMAD4|CCNB1|LYPLA1|SMAD2|GDI2|IPO7|PTGES3|SMNDC1|UBE2N|RIF1|YWHAQ|NCBP2|HPRT1|GINS1|SCCPDH|WSB2|CBX3|FNTA|KPNA2|HSPA4|ARL1|WTAP|RP2|MED21|MAD2L1|CDC27|CALD1|RIT1|RAP1B|UBE2E3|RAP1A|TMED7|TRIAP1|SLC25A3|YWHAZ|MORF4L2|VDAC1|UBXN7|MTCP1|VRK2|DDX18|KIF5B|UBQLN2|COPS5|UBA2|CRABP2|ACTL6A|SSR1|CAPN7|PIGC|ADNP|UBE2D3|MOB1A|PSMD10|SKP1|PSMA2|ATP2A2|RBBP4|PAPOLA|RO60|QKI|UBE2D1|TNPO1|MAPK9|AP3B1|NCK1|SEC23IP|P4HA1|PARK7|MRPL3|VAMP3|RCN2|RAD21|PCNA|ZWINT|SRSF1|WEE1|XPOT|GARS1|RAB1A|SSBP1|SMC4|RAB4A|BUB3|UBE2A|PCLAF|CENPS|SEC61G|ZNF318|UTP25|SRPK1|AHCY|PABPC1|DKC1|SMAD5|BLMH|TAF12|MAPRE1|EIF3H|BUB1B|BICD2|KIF2A|MSMO1|PARVB|GLO1|RAP1GDS1|KDM1A|PGK1|AZIN1|FKBP1A|KIFBP|RPS6KA3|NEK4|SKIC3|SRSF10|FKBP4|MAP2K1|TERF1|MACROH2A1|CCZ1|NAP1L1|HSPA8|ILF2
BROWNE_HCMV_INFECTION_18HR_DN	0.00030840400925212	0.0274196368086362	-0.484822450855064	-1.67343751152678	1	147	TGFB1I1|TNS2|DHRS12|EMILIN1|PLXNB1|SLC22A18|EXT1|AXL|ZFPL1|LPCAT4|GPR176|CEP250|CLIP3|COL6A1|IRS1|FYN|NME3|TRIOBP|CA12|TTLL1|CACNA1A|EPHB6|TBCD|DDT|FKBP8|NDUFB7|RFX1|PSMB10|ARHGAP1|EPHX1|ID1|PCYT2|PLXNA3|ID2|TNIP1|CCDC85B|NUMA1|GAS6|P3H3|ASL|RAD23A|CAVIN1|SURF1|PCGF2|OBSL1|PLCD1
BROWNE_HCMV_INFECTION_48HR_DN	0.000134989200863931	0.0274196368086362	-0.405782330419352	-1.54132546674244	0	397	TGFB1I1|TAGLN|IDUA|TEP1|LYRM9|OSMR|TRAPPC6A|SLC22A18|SVEP1|LAMB1|PLA2G6|BSCL2|CUBN|ITGA4|GFAP|GLB1L2|SPPL2B|ZFPL1|LZTS3|DHRS1|HBB|FLT3LG|MAPK11|RENBP|LMOD1|PEMT|SH3BP2|UBA7|TRIO|DYRK2|IFITM2|IFI35|H2AC16|SERPINH1|RPL23|TULP3|SLC7A7|HSPB6|PPARG|ABCA4|ECM2|COL6A1|UCP3|PTGIR|MPG|CCND1|LGALS3BP|C8G|SPG7|ABCB6|HSPG2|TMCO6|PKMYT1|EMP3|CA12|AKT3|MDFIC|ACP3|FOLR2|CACNA1A|TMEM109|MUC1|TBCD|CALR|NFATC4|CPSF1|SLC16A5|CSRP2|ROM1|RNH1|SPTB|YIPF3|NDUFA6|FKBP8|PPP6R2|RFX1|SLC7A1|ACACB|CD151|MGRN1|GALE|VPS39|ARHGAP6|MOCS3|NISCH|PCSK7|MBOAT7|CEL|MVD|ACADVL|TK2|CCDC85B|CEP170B|DUSP9|GOLIM4|PDIA5|RAB2A|PRRG2|HBZ|SOCS3|MANBA|EML2|GOLGA2|ADD1|TSPAN31|ALDH6A1|LY6E|MAGEA12|BCKDK|CAVIN1|STK25|JUN|MAN2B2|PCGF2|FLNA|PRAF2|PLCD1|TCTA
CARRILLOREIXACH_MRS3_VS_LOWER_RISK_HEPATOBLASTOMA_DN	0.000280662363177098	0.0274196368086362	0.482342279274467	1.76417321198313	0	140	SAMD9|LRCH2|STK38L|TM6SF1|ARMCX1|EGR3|KCTD12|RGS2|CCL2|CCN1|LGALS3|ZFPM2|ARID5B|GNB4|CTSK|MOB3B|DDR2|MEF2C|CRYBG3|SH3BGRL|NEXN|PPP1R12A|OSTF1|HECA|FPR3|GPNMB|HSPB8|ACER3|FCGR2C|BCL2|CLIC4|RERG|FAR1|SEPTIN7|EEIG2|ANXA1|MAML2
CHARAFE_BREAST_CANCER_LUMINAL_VS_MESENCHYMAL_UP	0.000134989200863931	0.0274196368086362	-0.400883496021856	-1.52271771167728	0	397	SULT2B1|WFS1|RAB27B|BEX5|TSC22D3|RHPN1|PLXNB1|BCAS1|TRAPPC6A|SYTL1|S100P|IRX5|BSPRY|CRIP2|MGAT4A|ELAPOR1|LYPD3|SEMA3F|FGD3|CLDN7|PPFIBP2|FCSK|C6orf132|ELMO3|TMEM134|ZNF467|CNNM4|MINDY1|PWWP2B|TMEM276|SYNGR1|CACFD1|DEGS2|RHBDF1|TNK2|CLN3|SYNGR2|HOOK2|EPPK1|KATNIP|TRPM4|DBP|ROGDI|MRPL41|SERF2|EEIG1|SFI1|MARVELD3|ELL3|IGFBP2|MMEL1|SYT7|DCAF11|JMJD8|KIFC2|SLC52A3|FLAD1|ACVR1B|LSR|SLC29A2|PPP1R16A|SPINT2|INPP5J|NME3|CA12|CASZ1|ESR1|PKP3|MUC1|TRIB3|SUCO|TMEM184A|TNKS1BP1|EMP2|SPOPL|SELENBP1|TMEM79|FAM83H|NOL3|RHOB|NPDC1|RAB40C|PAQR4|RAB11FIP4|SCYL3|ZBTB7B|HIP1R|RGL2|SPATA2L|BLVRB|MCRIP2|GRB7|PLXNA3|CACNB3|SIGIRR|NHSL3|SYMPK|MREG|TMBIM6|ERP29|SSR4|SPINT1|STARD10|RUSC1|PCK2|NR2F6|FUT1|GRAMD4|TMEM183A|ULK1|JTB|COG7
DACOSTA_UV_RESPONSE_VIA_ERCC3_UP	0.000140213123948402	0.0274196368086362	-0.425222030751403	-1.58261680610099	0	306	SLC30A3|TPM2|IL11RA|IFI30|SMPD1|SYNM|HEXIM2-AS1|ZFPL1|TPBG|LMF2|RABAC1|TSPYL2|BSG|NXF1|TCIRG1|CLCN2|IFITM2|SAC3D1|ECI1|SERPINH1|RPL23|PDLIM7|SLC6A8|PPIE|NDUFS7|NOP2|SULT1A2|ABCB6|PGF|NME3|ATP6V1F|EFNA1|PKMYT1|TBCC|RBM38|FDXR|TMEM109|GET3|DMPK|ISG15|TMED1|DDT|EWSR1|RFC2|DGAT1|NDUFB7|SLC1A5|SDF2|PSMB10|FGFR3|MICB|MED6|NFE2L1|GRHPR|JUNB|RHOB|ZNF263|PAQR4|NR4A1|THAP3|AGPAT2|EPHX1|ACAA1|MBOAT7|GRINA|YKT6|CNP|PLXNA3|MVD|CCDC85B|POLR2A|MYBL2|PAFAH1B3|GSTP1|ICAM3|MDK|CBX2|TMBIM6|OGFR|TK1|HSPA1A|DNASE2|NEU1|EEF1D|CDC34|EPOR|RPS6KB2|CDKN1C|GNL1|MOAP1|ERCC2|ACYP1|NCLN|NAT1|LY6E|NPTXR|TYK2|CLK3|GCAT|ASL|ABCF3|IRF1|STK25|FAM8A1|BRD2|PSMC3|GALNT2|MGAT1|CSRNP2|RNF113A|FLNA|MRPS12|HYAL2|NFKBIE|ERGIC3|EIF4EBP1|S100A13|STX16|BUD23|TFAM|HLA-E|AP2S1|RELA|ARRB2
DAZARD_RESPONSE_TO_UV_NHEK_DN	0.000340715502555366	0.0274196368086362	0.385053934379859	1.52624096339347	0	288	MEIS1|MTMR6|BCAR3|FOXO1|WDFY3|INSIG2|PLK4|SLC25A44|TMCC1|NCOA3|REV3L|ARID5B|TLE4|TOP2A|RNF13|ZNF44|FOXJ3|KIF11|RCHY1|TP63|NFYA|EXPH5|PPIP5K2|CCNB1|ZNF146|TNFAIP8|NUP153|USP6NL|SACS|PIKFYVE|RIF1|SP3|PPP1R12A|TRIM13|DMTF1|PER2|FEM1B|ORC2|PMS1|PALM2AKAP2|EFNB2|NPIPB5|LARP7|APPBP2|SLC25A36|SKAP2|INSIG1|DYRK1A|PCF11|PIK3C3|NFE2L2|CNOT2|ZNF451|RBPJ|PTK2|BAZ1A|RABGAP1L|CHD9|ZFC3H1|CDKN1B|ADNP|BACH1|LSM14A|TOGARAM1|NPAT|MEGF9|ATF2|MYC|BIRC2|QKI|PUM2|ZNF217|PHF3|CHD1|KIF14|TUT4|PUDP|PUM1|ATP13A3|NCK1|FRYL|CEP170|KBTBD2|MPHOSPH10|PHIP|MTIF2|WEE1|ADORA2B|ZNF148|SMC4|HELZ|ZNF638|ZNF264|TIPARP|NEMP1|BTBD3|ZNF318|OTUD4|SERTAD2|E2F5|ZZZ3|SPOP|SSBP2|SMAD5|CCNB2|BUB1B|KIF2A|GNE|DST|MORC3|MBD2|MAP3K5|POLD3|WDHD1|STRN|WAPL|KIF23|DOP1A|CCDC93|AGO2|SMC5|CEP350|PRKCD|NR2F2|MICAL2|ELF1|TAF11|GSE1|ICE1|XPO1|TUBGCP3|IGF2BP3|ZBED4|XPA|CENPA|NAA20|WDR82|SPEN|CUL1|KDM5A|POLE2|SCAF11|CERS6|CNOT4|GAPVD1|POGZ|UBR5
DEBIASI_APOPTOSIS_BY_REOVIRUS_INFECTION_UP	0.000337154416722859	0.0274196368086362	0.398311925048359	1.57735219787092	0	283	CXCL8|EGR3|GNA13|MX2|H2BC6|CCL5|KIN|COPS2|CCN1|BLZF1|CETN3|CCNE2|PLK4|TMCC1|PANK3|SOCS6|CAPZA2|MBTPS2|MAP3K1|GNAQ|ZBTB18|ZNF44|ZNF518A|FOXJ3|PTPN2|ZNF184|RCHY1|MOB4|RSRC2|GULP1|NR4A2|PPM1A|SMNDC1|SNAPC1|WASHC4|GINS1|ARPP19|CLK1|CCP110|RRAS2|IFRD1|WTAP|TBPL1|IFIT3|PPP3CB|MED21|UGCG|CDC27|H2BC7|PDE4D|TAC1|HOXA5|IFIT5|EIF4E|GTF2H2|CDK17|UBE2V2|DYRK1A|CXCL11|RAB5A|DCTN6|RPE|FXR1|TAF1A|ZNF292|ZNF623|NRAS|IFI6|CASP3|SP1|IREB2|PEX13|KRR1|RLF|DNAJB9|BACH1|PRKAA1|FBXO28|SECISBP2L|ANXA1|NF1|ZNF217|UBE2D1|ZNF254|MKLN1|MAK16|ARHGAP5|MID1|ANAPC10|NMI|POLR3F|PLSCR1|ZWINT|WEE1|TIMM17A|SYF2|ZNF264|ATF1|TIPARP|GABARAPL1|ITCH|BUB3|BRAP|BHLHE40|MAP2K4|OTUD4|DNAJB6|TM2D1|THUMPD1|ZZZ3|SMAD5|PPAT|ATF3|ACSM3|BTG3|PIR|AKAP10|RAD51AP1|MCL1|STAT1|NUP58|POLR1F|ZC3HAV1|ZFP36|CRK
DING_LUNG_CANCER_EXPRESSION_BY_COPY_NUMBER	0.0002686005909213	0.0274196368086362	0.502768298748546	1.74750154970948	0	99	MTMR6|BRMS1L|MAP3K1|TBCA|RFC4|PIK3CA|CBLL1|PNPT1|TXNL1|MYNN|NUP153|PPM1A|PPP1R12A|DCAF13|FBXO3|SIAH2|MAPK8|PRKCI|MRPL47|FXR1|THOC1|ANKRD46|FAM91A1|ARMC1|BAG4|METTL4|FBXO33|NDUFB5|GABPA|CMAS|GTF3A|GOLGA7|SEC23IP|FBXW11|BRWD1|ATP11B|RAE1|RYK|RB1CC1|CDC42SE2|THUMPD1|PEPD|EIF3H|CDK8|GEMIN2|RAB20|KPNA4|TERF1|MACROH2A1|NSD3|NIPBL|GATAD1|GZF1|PAK2|TAF2|KRIT1|ANKRD10|C19orf12|SENP2|DNAJC2|TOMM70
ENK_UV_RESPONSE_KERATINOCYTE_UP	0.000130276185513288	0.0274196368086362	-0.399763734415589	-1.53924267492241	0	480	SULT2B1|EFNB1|TAGLN|SMAD7|STX11|TRIM29|MAPK13|POLR2L|RPS21|ENG|ZNF76|IFI30|SMPD1|LYPD3|RPL28|CYP19A1|CXCL1|COX6A1|ECM1|RABAC1|GRN|APOE|BSG|TECR|COX5B|SLC3A2|SLC12A4|P2RY11|COPE|NXF1|TCIRG1|H2AC16|COX6B1|CCK|MSI1|CIB1|CYBA|IER3|MPG|SLC6A8|RPS9|RPL18|TOM1|HSPB1|NOP2|FOS|DUSP8|MIF|UBB|COMT|FAU|NDUFS8|RECQL4|ATP6V1F|NR1D1|EFNA1|PIGQ|EMP3|PPP4C|ZNF593|IL1B|TKTL1|KLK8|MAGED2|PKP3|MUC1|LIG1|AKR1B1|MAD1L1|PHKG1|SNRPB|TIMM44|ISG15|VPS72|RNH1|CSNK1D|DDT|CTSD|RFC2|SORBS3|ASNS|RPS15|RPS10|DGAT1|NDUFB7|STOML2|GUK1|STXBP2|CDK2AP2|ENDOG|JUNB|NDEL1|SDC4|SGK1|NTHL1|CEBPB|ZNF263|PLD2|ACAA1|ABL1|TNFRSF1B|PER1|RPL10|OAZ1|PCSK7|TSC22D1|NEDD8|BLVRB|PRPF19|ACADVL|HMG20B|PDLIM4|RGS12|GCHFR|POLR2A|FKBP2|CLTA|MEF2D|GSTP1|RNF24|ATP6V0A1|TROAP|SSR4|PSMB4|RPS11|CAPG|SPINT1|NEU1|ATP5F1D|MGAT3|DUSP5|UBE2M|FAM50A|UBXN1|POLA2|ECH1|CKB|CDKN1C|ULK1|MOAP1|JTB|RPL35|TCF15|ATP6V0B|IER2|LY6E|TIMM17B|RPL8|TUFM|CYC1|NECTIN2|MCM3|BCKDK|ASL|DUSP14|TXN2|PSMD9|CDKN1A|RPS5|SURF1|BRD2|DPM2|AP1G2|MRPS12|P4HB|EIF4A1|ERGIC3|CHRNB1|POLR2I|EIF3K|HMGA1|PRSS8|LIG4|PSMB3|MLF2|STX16|DRAP1|HLA-E|CDK5|AP2S1|H2BC4|CITED1|ACTN4|PPP2R1A|CYTH2|RXRA|CEBPG|UBA1|CDC37|JUND|FUS|B2M|MPDU1|TUBB4B|DXO|TRIM28|PSMB7|SF3B4|DCTN1|VAMP8|ST3GAL2|CFL1
EPPERT_CE_HSC_LSC	0.000235128144838937	0.0274196368086362	0.742574249238211	2.16590039174482	0	36	MEIS1|ELK3|PRKCH|ZNF165|SMARCA1|YES1|HOXA5|INPP4B|RNF125|SLC25A36|TCEAL9|TMEM38B|SOCS2|ABCB1|DRAM1|PPP1R16B
EPPERT_PROGENITOR	0.000279798545047566	0.0274196368086362	0.51569656400355	1.87550814570186	0	135	CNRIP1|ZNF225|DNAJC6|PLK4|DTL|ANKRD27|P2RY1|HS2ST1|MTREX|MARCHF5|DLC1|RMDN1|MACIR|MTHFD2|SLF1|METAP2|LRPPRC|POLA1|MEX3B|NDC80|MSH3|PALM2AKAP2|DLAT|LDHB|CENPU|TIPIN|METTL14|EIF5B|HBS1L|RFX7|EIF2S1|RRM1|NET1|TRIT1|MINPP1|PEX5|IDH3A|RACGAP1|IPO5|MTMR2|HMGB1|NCBP1|ZWINT|IDE|WRN|CKAP5|HSP90AA1|TFRC|PCLAF|RFC3|BTK|PAICS|CDK6|NDC1|CCNB2|ACSM3|SORD|KNTC1|SSX2IP|RHAG|SLC27A2|KCNQ5|MRPL35|HAUS6|DCAF7|MICAL2|CALU|CCNJ|CHEK2|MTPAP|TNIK|CSNK2A1|ACO1|PDLIM1|AHCYL1|TPR|CHEK1|POLE2|BAMBI|PSMD1
FISCHER_G2_M_CELL_CYCLE	0.000321543408360129	0.0274196368086362	0.439304698770896	1.70294968045304	0	231	ELK3|ARHGAP11B|MTMR6|TTK|BCAR3|ZNF165|SGO2|PLK4|EIF2AK3|SIX4|DEPDC1B|ZNF614|CKS2|AMD1|MGAT2|TOP2A|KIF18A|ANLN|PBK|ZNF518A|KIF11|CLK4|KIF20B|CCNA2|DCLRE1C|CCNB1|ARHGAP11A|CKAP2|PLEKHA5|NUP35|GAS2L3|ECT2|NDC80|NUP37|KPNA2|MPHOSPH9|NEIL3|NUSAP1|MAD2L1|CDC27|ACSL4|EIF4E|NFYB|CKAP2L|PCF11|CTNND1|CDK1|KIF5B|TSN|RDH11|DBF4|BUB1|KCTD9|KIF15|FAM3C|METTL4|CDKN1B|WSB1|NET1|KDM6A|DCP2|RACGAP1|UBE2D1|KIF14|SERTAD3|NEK2|ARL4A|PPP2R5C|MID1|STIL|RAD21|NDE1|WEE1|PSMD11|TRIM59|CKAP5|CEP70|SHCBP1|IQGAP3|BUB3|CDCA2|BTBD3|CENPE|BTG1|NUMB|E2F5|NUP50|CDC25C|HJURP|KNSTRN|NDC1|CCNB2|BUB1B|PKNOX1|GPSM2|STAT1|GOT1|SFPQ|DEPDC1|PLAU|KIF23|MELK|NCAPH|HMGB2|POLQ|FAM83D|ASPM|NUP98|CEP350|ZNF587
FLORIO_NEOCORTEX_BASAL_RADIAL_GLIA_UP	0.00033478406427854	0.0274196368086362	0.366620646361022	1.44647032960244	0	273	LINC02860|TTC39B|ITGB7|SAMD5|EOGT|ADTRP|RGS5|MYO3B|FGF5|CCDC168|CPNE8|ARHGAP28|BNIPL|SIX4|TESPA1|ZNF608|CHDH|PPP1R3B|YES1|ORC4|KNL1|PARP15|SNX24|ECT2|TM4SF19|ERAP2|CD96|C5AR2|NIPAL1|NUAK2|RSAD2|ACVR1C|IL1RL1|ACOT11|WWTR1|EML6|HTR2C|PTPN14|UPK1B|ERVW-1|LINC01553|LRRC36|SERPINB5|S100Z|GPR157|CDHR4|RNF125|NFATC2|MBNL1|MFSD4B|REL|CNKSR3|CADPS2|LINC02864
GABRIELY_MIR21_TARGETS	0.00033478406427854	0.0274196368086362	0.461151163586454	1.81943238115561	0	273	MEIS1|SAMD5|ZNF367|AGO4|YOD1|TGFBR2|XKR3|BMPR2|CCNG1|EXOC5|PKD2|EIF2AK3|UBR3|REV3L|NAA30|TRPM7|BRMS1L|PLD1|TOP2A|VPS54|KLHL24|MAP3K1|FOXN3|LONRF2|GNAQ|B3GNT5|PIK3C2A|PTBP3|PPP1R3B|DDR2|RAB22A|KNL1|MSH2|ETNK1|THOC2|UTRN|DDHD2|AP3M1|RMND5A|NFAT5|FBXO3|RP2|LYRM7|GTF2A1|TRIM2|SYNE2|RECK|DOCK10|MYEF2|CALD1|CEP97|CAPRIN1|EXOC8|PRRC1|ANKRD28|USP47|GOLGA4|KLHL8|TENT5A|SNX13|TAF1|PELI1|ZNF286A|ZNF292|TSNAX|TRAPPC2|ARHGEF12|RAPH1|RFX7|DLG1|ACTR2|IREB2|TLCD4|DDX3X|FAM3C|ADNP|MGA|ACBD5|CYP4V2|TTC33|NEK1|MEGF9|KBTBD6|ATF2|EEIG2|CUL3|SACM1L|RAB3GAP2|HECTD1|TNPO1|APC|IPP|ZMYM2|SPG11|CLOCK|PHIP|SFXN1|RABGAP1|ARFGEF1|ATP11B|RSF1|LCORL|OSBPL3|TRIM59|SEC63|MYCBP2|B3GALNT1|LATS1|BTBD3|SREK1|ZYG11B|ZNF326|BTBD7|SKP2|FBXO11|ZBTB38|TRIM33|PALS1|PARP9|PBRM1|CCDC14|SUZ12|DYNC1LI2|GNE|FBXL17|YME1L1
GARCIA_PINERES_PBMC_HPV_16_L1_VLP_AGE_18_25YO_2MO_DN	0.000143967751223726	0.0274196368086362	-0.426919300300284	-1.55882139304803	0	248	GAA|DPEP2|MAPK8IP2|SPAG1|FARP1|PDE2A|CD14|KCNJ14|HOMER3|CLDN7|PYCARD|PRKCZ|TPBG|MAPK12|CACFD1|RABAC1|GRN|APOE|FXYD1|TSPAN4|DBP|SGSH|APOC1|APLNR|SRRM2|CFD|CYBA|CACNA2D2|TNFRSF1A|IRF3|TMEM8B|SCAND1|MIF|DGCR2|NME3|EMP3|LRPAP1|IRS2|MAD1L1|LTBP3|MZF1|TBXAS1|MS4A4A|SCARB1|SLC43A1|TSC1|ID3|BICRA|DUSP13B|MXD4|ADGRB3|POLD1|MYO9B|MERTK|CTSD|GAK|DHRS3|HPCAL1|ENDOG|MFSD10|AGPAT2|NISCH|CD2BP2|BLVRB|TUBGCP2|MCOLN1|ACADVL|ARHGEF1|SIGIRR|GCHFR|RNASE1|ZNF324|ICAM3|MGAT4B|CAMKK2|DNASE2|GNB1L|ANAPC2|ENTR1|EEF1D|NOP53|RNASET2|TPRA1
GENTILE_RESPONSE_CLUSTER_D3	0.000243249817562637	0.0274196368086362	0.602751663527533	1.87909181607639	0	51	CCN1|TRAPPC8|PLK4|SLC25A44|CKS2|AMD1|FOXJ3|BMI1|TNFAIP8|GINS1|TRIM13|SIAH2|COIL|HERPUD1|CNOT2|ZNF623|ADNP|LSM14A|BNIP2|ZFAND5|PPP2R1B|TIPARP|RIPK1|SERTAD2|MCL1|MBD2|KIF23|CRKL|TAF11|CDC6|TUBGCP3|CDR2|POLE2
GENTILE_UV_HIGH_DOSE_DN	0.000334560053529609	0.0274196368086362	0.404659565610693	1.59525913161779	0	271	BCAR3|FGF5|H2BC6|CCN1|TRAPPC8|SEC24B|PLK4|SLC25A44|NCOA3|PDCD10|ARID5B|CKS2|AMD1|TLE4|RARS1|STXBP3|LRBA|ZBTB18|KLF10|FOXJ3|SIAH1|MACIR|NFYA|UAP1|NIPSNAP2|MAPK6|CCNB1|ZNF146|BMI1|TNFAIP8|NUP153|SATB2|UBE2N|PIKFYVE|GINS1|PGRMC2|RRAS2|TRIM13|SIAH2|KPNA2|COIL|RAB11A|UFL1|SNX4|UGCG|PLPP3|RRAD|EIF4E|NFYB|NDUFV2|FZD2|DYRK1A|HERPUD1|NFE2L2|HBEGF|PHTF2|GTF2E1|CNOT2|ZNF623|CASP3|BMPR1A|SAMD4A|CHSY1|PTK2|DDX3X|ADNP|BACH1|LSM14A|ZNF117|ATP2A2|SECISBP2L|QKI|PUM2|ZNF217|PHF3|TPST1|STX7|CHD1|PUDP|SNRNP35|PUM1|ATP13A3|NCK1|PPP2R5C|BNIP2|RAB14|RAD21|RABGAP1|WEE1|ZFAND5|RAB1A|MPHOSPH6|PPP2R1B|TIPARP|ATP6V1B2|BHLHE40|RIPK1|SERTAD2|THUMPD1|ATF3|EEF1E1|KIF2A|MCL1|GNE|CDK8|MORC3|ZFP36|MBD2|SNRNP40|FOSL2|EFCAB14|KIF23|CRKL|HMGB2|PRKCD|MFAP1|RYBP|DDX17|TAF11|TNFAIP3|PMAIP1|PKP4|XPO1|ZHX3|CTDSP2|CDC6|STX3|TUBGCP3|IGF2BP3|ZBED4|CENPA|LBR|CDR2|KRIT1
GINESTIER_BREAST_CANCER_ZNF217_AMPLIFIED_DN	0.000139742873113471	0.0274196368086362	-0.519268938426343	-1.93941418478524	0	322	TPM2|RAP1GAP2|HSF4|SPON2|ABCC10|SEC31B|POLR2F|ABCA7|SPPL2B|MAPK8IP3|RTKN|TBC1D22A-DT|ATAT1|HDAC10|SLC12A9|SLC39A3|MAPK11|GTF2H4|APBA3|EVI5L|KCNK5|LINC02693|SH3BP2|ACAP1|IQCG|TNK2|RNF207|MIIP|GAS5|GGA1|TMEM63A|ZNF692|SCAF1|MOGS|CUL9|MYPOP|PHPT1|GIGYF1|SRRM2|CYBA|GBA2|ZNF436-AS1|SLC52A3|ZNF580|PUS1|RPL18|LRCH4|ZNF598|ZNF316|HCFC1|FBXL19|CRYGS|CNTROB|TAF15|ATN1|AMPD2|ZDHHC24|CALR|IL18BP|BRD1|BICRA|SUGP2|TRAF2|FANCA|UNC13D|MYO9B|SNHG3|QTRT1|PPP6R2|TRABD|RNF181|MBD3|RNPS1|STK11|CAPN15|RASSF7|AGRN|PPARD|HDAC7|ANKRD13D|ZBTB5|CC2D1B|PPP1R12C|REXO1|RANBP3|SZT2|GRIPAP1|DOT1L|GPC2|ZBTB7B|HIP1R|SETD1A|SFSWAP|NCKAP5L|DPH7|ENGASE|VARS1|ARMC6|CMTR1|SYMPK|MEF2D|SMARCA4|SH3BP5L|ZNF133|LMNA|SUPT7L|TYW5|TCHP|SNAPC4|LPAR2|MINK1|EHMT2|ZMIZ2|POLM|GRAMD4|SNRNP70|ERCC2|TMEM259|SRRT|NEURL4|TTC17|TEAD3|RANGAP1|SPHK2|TTC13|GFER|ATXN2L|ABCF3|AP5S1|LTB4R|LEMD2|TAF1C|SEC61A2|SETD5|LARP1|URB2|RBM10|DENND4B|UQCC2|ZNF646|TLN1|LENG8|KMT2D|INTS1|ATAD3B|ACAD10|CLASRP|SMG9|NFKBIL1|EIF3B|MSTO1|ACIN1|LSM14B|ZNF611|FURIN|PPM1G|ARHGAP17|LIMK2|AP5Z1|HIRA|SETDB1|ILF3|CSNK1G2|SAFB2|TBC1D22B|DDX11|SF1|KCTD13|DXO|TCOF1|U2AF2|TEPSIN|NOTUM|USP21
GSE10239_MEMORY_VS_DAY4.5_EFF_CD8_TCELL_DN	0.000304506699147381	0.0274196368086362	0.477377657032562	1.82365685281987	0	198	GNA13|SLC33A1|CDC7|MEMO1|PLK4|ACTR3|NAA30|STRAP|MBTPS2|LRBA|MAP3K1|MARCHF5|KDSR|EAF1|LDHA|PRIM1|AASDH|AP1S2|RFX5|ZWILCH|OPA1|METAP2|GINS1|SC5D|CBX3|MRPL39|XPO7|AP3S1|FEM1B|RBM7|IBTK|DRAM2|RAD23B|C1GALT1|VAPA|NFYB|CDK17|SLC25A3|TSTD2|KLHDC2|MORF4L2|YTHDF2|TYMS|MFF|LAMTOR3|CDK1|COPS5|UBA2|PRELID3B|RFC5|ANKRD46|TRA2B|NARS1|ACTL6A|CASD1|PEX13|RRM1|LUC7L2|C1D|WSB1|HACD3|CAND1|THOC7|IDH3A|CLCN3|IPO5|MAPK9|GTF2B|RAB14|FBXW11|VAMP3|ZNF236|HSD17B12|HMGCS1|GARS1|SSBP1|TRIM59|NUP54|ALG10|FDFT1|GRSF1|GLRX3|ATL2|YAF2|SAV1|TCEANC|EIF1AX|VMA21|BUB1B|TAF3|KCMF1|CRK|SLC25A4|UFSP2|SNRNP40|EED|PGK1|STRN|UBP1|SRSF10|BCL2L11|FEN1|DCUN1D5
GSE10239_MEMORY_VS_KLRG1HIGH_EFF_CD8_TCELL_DN	0.000301295570955107	0.0274196368086362	0.430229862788929	1.64422142877359	0	196	MIER3|SNX16|SGO2|SNX18|CDC7|GOLPH3|DNAJC6|ACTR3|DEPDC1B|CKS2|ANLN|MBTPS2|MARCHF5|EAF1|CUL4B|MYCBP|TMEM59|CBX3|ZDHHC21|MRPL39|PPP2R5E|EPS15|AP3S1|RBM7|IBTK|ATG10|CNOT7|SGCB|MRPL15|ALDH9A1|DLAT|FLCN|PDS5B|SKAP2|FASTKD3|YWHAZ|LIN9|SPDL1|RTN3|LAMTOR3|BTBD10|EMC2|AP1G1|NAMPT|ZNF507|RFC5|FAM91A1|TRA2B|NARS1|ACTL6A|FBXO45|PTPN12|COQ3|BACH1|NPAT|ATF2|THOC7|IDH3A|TNPO1|CENPI|GTF2B|SEC23IP|OTUD6B|RAB14|BMP2K|RAD21|PLSCR1|JAGN1|NIPA2|IDE|CHORDC1|ZNF264|REEP3|FDFT1|LRR1|MAP2K4|GRSF1|TRAK2|METTL9|CDC25C|CAT|VMA21|BUB1B|RNASEH2B|GPSM2|KCMF1|ZC3H14|SLC25A4|MCM9|KIF23|SRSF10|NUDT4|NCAPH|HCCS|GINS3|TM7SF3|ACOT9
GSE10325_BCELL_VS_LUPUS_BCELL_UP	0.000152508769254232	0.0274196368086362	-0.494569716190909	-1.72557820835426	0	161	RPH3AL|MAML3|ZFTRAF1|ATP9B|FAM234B|CLDN7|FNDC11|WDR25|CELSR3|CNNM4|KHDRBS3|PLPPR3|NSUN5P2|ACAP1|LAMA5|TMEM63A|UNC5B|ABCB8|GRIA3|SLC26A10P|TGM1|TOP3B|RECQL5|SLC6A8|ZNF671|PPM1F|PRDM12|RGS14|NPFF|TPPP3|CLDN11|PYCR3|NFATC4|TMEM161A|DNAJC17|AMHR2|GAL3ST1|RRP12|MACROD1|SNHG3|SEMA4C|KCNN4|PITX1|TCTN1|THAP3|MRAS|PAIP2B|RPSA|KYAT1|RPL3|APBA2|KCNH2|CCDC106|ASB1|CHMP7|TBX1|RPS5
GSE13485_CTRL_VS_DAY1_YF17D_VACCINE_PBMC_UP	0.000297000297000297	0.0274196368086362	0.511008796293704	1.95467767503171	0	195	FEM1C|ZBTB26|PARPBP|ZNF708|EGR3|SGO2|CFL2|KIN|SELENOT|CCNE2|ZNF410|RFFL|ZNF227|SLC25A44|HSDL2|HAT1|ZNF10|NAA30|MGAT2|ZNF620|CPD|SGPL1|RAB22A|KNL1|THAP9|ZWILCH|LYSMD3|SMNDC1|ARF4|NUP35|MFAP3|ZNF644|MRPL50|ODR4|RP2|AP5M1|METTL21A|EGR2|C5orf22|DLAT|APPBP2|LITAF|MED23|SLC25A32|LAMTOR3|BTBD10|COPS5|TSN|RFC5|PRMT6|ASCC3|ZCCHC10|CEP57L1|BAG4|SEC23A|TTC33|SETMAR|MINPP1|CLNS1A|PHF3|KLHL12|WIPF2|TOR1AIP1|SERINC1|PPP2CA|CCDC90B|DCUN1D1|ZCCHC9|BMP2K|EFR3A|ARCN1|MRGBP|RNF168|PAPOLG|CCNDBP1|TBC1D23|STAU1|MAP2K4|FAM120AOS|GRSF1|E2F5|DIMT1|C11orf54|KPNA1|EEF1E1|TMEM33|LYSMD2|SLC30A5|DEGS1|CCDC28A|MTMR9|IMPA1|FAM98A|ZUP1|NR3C1|CSE1L|KIFBP|CRKL|FEN1|DCUN1D5
GSE13485_DAY1_VS_DAY3_YF17D_VACCINE_PBMC_DN	0.000298775022408127	0.0274196368086362	0.453415653793985	1.72591343288618	0	191	TRIM69|FAR2|PARPBP|SGO2|IFIH1|DHX58|KIN|ABITRAM|IL10RB|ZNF410|CLIC2|CD164|NAA30|ERI2|CNOT8|ZNF30|ADPRH|PI4K2B|TXNL1|THAP9|SMNDC1|ZNF641|SMC2|GINS1|FNIP2|CRNKL1|CMPK2|MRPL50|ODR4|IFIT3|METTL21A|RSAD2|IFIT5|TXNDC9|PSMG1|CTNND1|VRK2|DDX60L|COPS5|YARS2|CARD6|RFC5|SAMD4A|RHEB|ZCCHC10|SEC24A|FH|SCLT1|SNW1|TOR1B|SETMAR|AZI2|BRAF|ZMPSTE24|KLHL12|RBBP8|WIPF2|NCK1|CCDC90B|ZCCHC9|PIGX|BMP2K|SUCLA2|NMI|PLSCR1|CNDP2|MRGBP|CHCHD3|ATP6V0E1|EXT2|SRBD1|FAM120AOS|ATP11C|GRSF1|C11orf54|PARP9|LYSMD2|EIF2AK2|SETD3|NT5C2|MSMO1|STAT1|FAM98A|CRK|FBXO4
GSE13547_CTRL_VS_ANTI_IGM_STIM_ZFX_KO_BCELL_2H_DN	0.000292825768667643	0.0274196368086362	0.457400397522855	1.70120759590973	0	162	AIM2|TCEAL1|EFCAB7|CD69|MRPL1|SLC49A4|SCRN3|CETN3|EIF2A|BBS2|PECR|RAB29|DNTTIP2|CTSS|LANCL1|PRIM1|CUL4B|MRPL42|TNFAIP8|DDHD2|TRIM13|TCP1|ISOC1|CPSF3|ATG10|HSD17B11|IFIT1|RUNDC3B|XCL1|GNPDA2|NOP58|GTF2H2|ASNSD1|PGM2|EIF3C|PSMG2|PPA2|GRK5|WDR36|DDX18|NME7|ETFDH|DDX52|TRAPPC2|UXS1|ZNG1A|PSMD10|SUGT1|CLNS1A|GTPBP10|GART|IPO5|ARL4A|ARHGAP5|MPHOSPH10|GINM1|ASAH1|PSMD14|RNF168|ASCC1|ADH5|TTC27|RFC3|SAV1|E2F5|DKC1|PNP
GSE14415_INDUCED_TREG_VS_FOXP3_KO_INDUCED_TREG_IL2_CULTURE_UP	0.000284010224368077	0.0274196368086362	0.431924175780855	1.60072579378937	0	155	AIM2|TTC39B|ST8SIA4|AIF1|GPR160|ZFP69|FCGR2B|IFIH1|SNX18|TNFSF4|LRATD1|CENPQ|CCL4|SERPINI1|RNF2|SOCS6|ANLN|NR4A2|SYPL1|SMNDC1|ZFYVE16|CHPT1|CIBAR1|NAB1|ARMCX5|SLK|RAP2A|NCALD|IFIT1|PDE4D|XYLT1|XCL1|SAMD3|BEX3|ELL2|TMF1|TCEAL9|C1orf54|IL10RA|LAMTOR3|TRIP11|RFK|CHSY1|CLGN|SCLT1|LYRM1|KIF14|RBM47|SUB1|GGH|PANX1|PLSCR1|AK3|PSMD14|MPHOSPH6|HTATIP2|GABARAPL1
GSE14415_INDUCED_VS_NATURAL_TREG_UP	0.00027972027972028	0.0274196368086362	0.44381622126547	1.61620374563918	0	136	ST8SIA4|DCP1B|NKIRAS1|IFIH1|MX2|CCL5|CD3G|TNFSF4|KIN|LRATD1|CCNG1|CCL4|MBLAC2|SERPINI1|RMI1|RNF43|RNF2|DNTTIP2|PPM1B|MARCHF7|ARF4|CHPT1|ARMCX5|PPP1R12A|CLK1|SPAST|IRF2BP1|ICA1L|CR2|SAMD3|FOXC2|LDHB|CIR1|ZDHHC20|TRIP11|CARD6|CHD9|DNAJB9|CLGN|TTC3|LRRC23
GSE1460_CD4_THYMOCYTE_VS_NAIVE_CD4_TCELL_ADULT_BLOOD_UP	0.000300390507659958	0.0274196368086362	0.426315692256909	1.60704391220169	0	180	TENM1|CCNG2|CD3G|GLMN|DCLRE1A|CMTM6|STRAP|RIMS3|CCRL2|HDAC2|UBA5|KLF10|EGR1|LDHA|MACIR|ABCD3|CKAP2|MSH2|LZTFL1|ETNK1|SPRY2|STAG3|NAB1|ZFTA|YWHAQ|CBX3|ATXN10|CBFB|NEIL3|PLXND1|VAV1|PLPP3|PLCH1|RSAD2|RAD23B|CAPRIN1|VAPA|HBEGF|ITM2A|AP1G1|CASP3|ABCB1|PTPN12|MLLT11|RPRD1A|TTC33|STMN1|DCP2|ZMPSTE24|BIRC2|ATP6V0E2|MAPK14|HNRNPA1|CD93|OPN3|HMGB1|ETF1|BMP2K|PLSCR1|SEPTIN11|PPP2R1B|ECHDC1|H3C10|CORO1C|BTBD3|FAF1|INTS7|NDFIP1|COPB2|MAPRE1|KPNB1|HSPA5|CPSF6
GSE1460_CD4_THYMOCYTE_VS_NAIVE_CD4_TCELL_CORD_BLOOD_UP	0.000297265160523187	0.0274196368086362	0.460038375439707	1.75759113208218	0	194	ELK3|DNAJB2|CD44|RAD54B|GLMN|DCLRE1A|CMTM6|BTBD1|ST3GAL5|RIMS3|DNTTIP2|KLF10|LANCL1|MSH2|NAB1|NUP107|YWHAQ|SC5D|CRNKL1|CBX3|ZNF12|TRIB1|CNOT6|PSMD6|RSAD2|NREP|PDE4D|ERCC8|RIOK2|SCFD1|CAPRIN1|UBE2E3|SLC25A3|VDAC1|STAU2|TMEM50A|NME7|LCP1|EEF1A1|TSN|ITM2A|TRAPPC2|SSR1|MYB|PTP4A2|CHD9|ABCB1|C10orf88|MLLT11|TTC33|RFC1|SEPTIN7|TOR1B|GABPA|STMN1|ZMPSTE24|PSMC2|MAPK14|HNRNPA1|CEP170|HMGB1|ETF1|NCBP1|RTCA|GLT8D1|ZNF148|TIMM17A|SRPRB|HSP90AA1|ADH5|NEMP1|ITCH|DLD|CORO1C|TFRC|THUMPD1|FBXO11|INTS7|COPB2|XRCC2|SUMO3|VIM|HSPA5|RBM12|SMURF1|GOT1|GORASP2|ATG3|RAP1GDS1
GSE15324_NAIVE_VS_ACTIVATED_ELF4_KO_CD8_TCELL_UP	0.000149678191887442	0.0274196368086362	-0.483480769860237	-1.71301130057841	0	183	SLC26A11|MEIS3|BCO2|CD14|TMEM81|FMC1|ABCA7|ELMO3|SLC39A3|MYL11|MIIP|SRD5A3|SH3PXD2A|ETHE1|SNX30|CIAO2B|IFIT2|EMX2OS|TMEM80|RIGI|PDLIM7|PLEKHA1|HAGHL|RELT|C19orf67|PRRT3|ELMOD3|PSMG4|NR1D1|EPHB6|SLC25A45|TRIM26|SLC10A3|DIRAS1|NDUFA6|MAP3K11|PSMB10|NECAP2|HPCAL1|B4GALT7|TREML2|TPGS1|MTMR10|RAB11FIP4|APBB3|FAM98C|TEX264|PTK7|MRPS11|GLMP|WNT5B|GPR180|IL6ST|MED11|SKI|ATP5MG|GPANK1|STMN3|ZNFX1|ITPR3|C19orf53|RFXANK|SAFB|MAN2B2|NARF|HAND2|TSHZ1|KMT2D|FRMD4A|ELAC1|TBL1X|EIF3K|CLASRP|ASPSCR1|SMAD3|ZFAND3|PHF14|GBF1|UCKL1|NPC1|OSBP2|HEXIM1
GSE1791_CTRL_VS_NEUROMEDINU_IN_T_CELL_LINE_6H_DN	0.000297707651086633	0.0274196368086362	0.416932145176918	1.59072897668732	0	193	MTMR6|GPR160|PLEKHM3|TM6SF1|PELI2|PDK1|PKD2|GNG12|CAMSAP2|C1orf162|HAT1|ETFRF1|TRMT61B|ZNF518B|HDAC2|PAIP2|PJA1|NORAD|ATG2B|SH3BGRL|NUP107|GAS2L3|MKRN1|ADIPOR1|MFAP3|PROS1|DENND4C|NFAT5|TAPT1|XPO7|CBFB|ZDHHC6|SLC19A2|MAPK1|NUP133|HECA|PLPP3|SLC35D1|RIOK2|UBE2E3|ZBED5|HAUS1|CCNH|HUS1|PIGH|PYGL|TSG101|HMGN1|FH|PRKD3|TASOR|MEGF9|CNOT6L|CUL3|SECISBP2L|RO60|ZMPSTE24|MTRF1|TPST1|CHD1|MAN1A2|MAPK9|ATP13A3|GALNT1|CEP170|GOLM2|ZCCHC9|HMGB1|MPHOSPH6|WBP11|RAB4A|TMCO3|ZZEF1|STMP1|DCAF12|TRAK2
GSE17974_0H_VS_1H_IN_VITRO_ACT_CD4_TCELL_DN	0.000301659125188537	0.0274196368086362	0.428852753067599	1.6232295883692	0	185	ZNF416|ZNF443|MLYCD|KBTBD8|NKIRAS1|ZNF165|GLMN|ZNF410|C17orf100|NAA30|ZNF614|CKS2|ALG13|ZNF713|CCRL2|ZFP82|PHLDA1|KLF10|EGR1|PFKFB3|MYNN|BCLAF3|PUS3|NAB1|ANKHD1|SNAPC1|ERCC6|CRNKL1|STARD3NL|PPIL1|RRAS2|IFRD1|KPNA2|UTP11|MED21|EIF2B2|GPR183|EGR2|CHAC2|CCDC148|SERTAD1|DUSP18|KCTD21|SLC25A32|ZNF250|CCNH|WDR36|CHSY1|C6orf120|STARD4|TMEM243|ZNF891|SNRNP35|ADO|NCBP1|YIPF4|JAGN1|FYCO1
GSE17974_CTRL_VS_ACT_IL4_AND_ANTI_IL12_0.5H_CD4_TCELL_UP	0.000156617071260767	0.0274196368086362	-0.550239881276491	-1.86877206529968	0	128	CD14|BRICD5|NDOR1|IFI30|PLA2G6|FAM167A-AS1|FBXW4P1|GASK1B|PPP1R14A|TIGD3|LMF2|RNF207|JOSD2|C1orf159|MAST1|SLC7A7|VSIG4|KIFC2|PILRA|SAMD10|RPAP1|TMEM44|LINC00896|DUSP13B|GAL3ST4|WDR27|ZC3H3|SMG6|BMP1|TSC22D4|NOL4L|PARP3|ALG12|G0S2|MCOLN1|WRAP73|KAZN|DDA1|ASB16-AS1|ANKS6
GSE17974_CTRL_VS_ACT_IL4_AND_ANTI_IL12_1H_CD4_TCELL_DN	0.000300120048019208	0.0274196368086362	0.461533123977261	1.73831530281014	0	179	ZNF443|MLYCD|SNX16|KBTBD8|EGR3|ZNF165|MED18|BBS12|ZNF410|ZNF227|ZNF436|ZNF614|NABP1|CKS2|MBTPS2|PHLDA1|KLF10|EGR1|PFKFB3|LEO1|MYNN|CKAP2|PUS3|FBXO30|RIF1|NAB1|SNAPC1|CRNKL1|PPIL1|ZNRD2-DT|RRAS2|IFIT3|MED21|EIF2B2|GPR183|S1PR3|S1PR1|EGR2|CHAC2|ZSWIM3|KCTD21|SLC25A32|ARL5B|DNAJA2|C6orf120|VMP1|HAPSTR1|MBNL1-AS1|ADO|NCBP1|KIAA1586|YIPF4|JAGN1|FYCO1|MFSD6|RNF168
GSE18203_CTRL_VS_INTRATUMORAL_CPG_INJ_MC38_TUMOR_UP	0.000300661455201443	0.0274196368086362	-0.466104910932684	-1.64328498205401	1	176	MSH5|GAA|PCNX1|ADGRG3|SMPD1|XAB2|SLC9A1|PBLD|TFPT|C1orf159|LYPLA2|ARHGAP45|CARNS1|ITGAX|MUC5B|CRYBG1|LONP1|PPFIA4|TRIM10|SLC6A8|CYP2S1|ZNF605|TOM1|EMP3|PGS1|TRIB3|TMEM184A|SLC12A7|EMP2|TRIP6|MACROD1|TRABD|FBXW4|TBC1D10A|ENO3|CAPN15|MCRIP1|NACC2|UBR4|ENTPD6|DEAF1|ARHGAP1|APBB3|PLEC|SIDT2|MADD|VPS39|G0S2|FASN|TGIF2|HSD17B1|KAZN|DDA1|METTL17|ZNF23|STMN3|NELFB|ADD1|ESYT1|VAMP2|EIF4G1|FLNA|UCK1|TXNRD3
GSE18281_SUBCAPSULAR_VS_PERIMEDULLARY_CORTICAL_REGION_OF_THYMUS_DN	0.000284010224368077	0.0274196368086362	0.455122394709304	1.68669918794266	0	155	SNX16|KIN|BLZF1|CETN3|CENPQ|ENOPH1|LTN1|TMEM51|PDCD10|XRCC4|CNIH1|CAPZA2|KALRN|GGPS1|SUV39H2|PPM1B|FNDC3B|ZNF184|MOB4|PEAK1|NSUN3|NR4A2|TNFAIP8|RPAP3|ZFYVE16|SLC30A6|ADRA1D|SDCBP|PDE8A|ARL1|CCNC|SAR1B|KCNS3|RIT1|TMED7|UBE2V2|DPM1|UGP2|PLS1|DCTN6|UBE2E1|CCNH|LAMTOR3|PIGH|NAMPT|DDN|SNRPB2|RPRD1A|TTC33|SEPTIN7|ATF2|PSMD10|CYRIB|CMAS|ABHD5|GOLT1B|MON1B|STX7|LYRM1|NCK1|ANAPC10|SLC30A9|CEP76|MYL12A|PEX2|ATF1|ZFAND6
GSE21379_TFH_VS_NON_TFH_CD4_TCELL_UP	0.000301659125188537	0.0274196368086362	0.447325491976667	1.68265809034841	0	178	PITPNC1|CD44|EGF|MSL2|LONRF1|RNF11|HLA-B|GPR174|REV3L|SLC38A9|DNAH8|OTUD1|PAIP2|MOB4|C3orf62|RBAK|WDR35|SLC25A40|LIPT2|TOB1|MKRN1|PDS5A|ECT2|SVIP|CYP2R1|CWC22|WDR44|FAM13B|FGFR1OP2|FAM174B|SYNE1|TEX11|CPXM1|TENM2|TMEM74|INSIG1|DCTN6|EXOC6|RESF1|ARHGDIG|RFX7|BAG4|ANKRD12|TTC33|ALDH2|RNF14|TPST1|MKRN3|SERINC1|FRYL|UPF2|GOLM2|IVNS1ABP|ZNF236|INTS6|TMT1A|RSF1|OSBPL3|SNX29|IMMP2L|TFDP2|NDFIP1|SH3YL1|SETD3|PGM2L1|PPM1E|KIF16B|DMWD|OGA|KLHDC8B
GSE22103_UNSTIM_VS_LPS_STIM_NEUTROPHIL_DN	0.000149566257852229	0.0274196368086362	-0.485514992596596	-1.72218635051267	0	187	GZMM|TYROBP|PCBP4|ELAPOR1|RPGR|METRN|NDUFA13|HOOK2|ETFB|SMAD6|TCIRG1|ARHGAP4|CHCHD10|SERHL2|SLC22A13|DENND1C|ANO3|AGER|UNC13A|PILRA|NDUFS7|TMEM160|HSPB1|FOS|NFIL3|C15orf62|ZNF593|SV2A|IL1B|AXIN2|SELENOH|AKR1B1|MAFK|TRIB3|PHKG1|MMRN2|LSS|H2BC5|TRIP6|CREB3L1|TRMT1|FBXW4|CDK2AP2|BRPF1|TOMM7|RAB40C|NR4A1|GALE|NENF|SNHG12|RPS27|NDUFC1|PDLIM4|FKBP2|DCTPP1|H2BC18|THOP1|NUDT14|NOCT|OGFR|HSPA1A|HES1|HCFC1R1|CKB|AARS1|CSTB|ADISSP|CLK3|SRF|GCAT|HSPA1B|DNAJC4|CCDC107|CHCHD7|CARS1|NANOS1|PRR22|CDC20
GSE23502_BM_VS_COLON_TUMOR_MYELOID_DERIVED_SUPPRESSOR_CELL_DN	0.000301477238468496	0.0274196368086362	0.474159588795339	1.78804497374621	0	181	ELK3|ST8SIA4|PTPN6|TM6SF1|CCNG2|RGS2|TRAPPC8|GPR174|HAT1|UBLCP1|ZNF608|FAM76B|ACSF2|B3GNT5|CLK4|RFX5|AKAP12|LDLRAD3|SPRY2|SLF1|GAS2L3|ECT2|CBX3|NCAPG|RRAS2|NEIL3|DOCK10|SLAMF7|TOX|XCL1|ICOSLG|CR2|ATP8A1|BACH2|BMF|PDS5B|TMF1|UGP2|SNX13|CCNH|DOCK11|RRM2|ZNF292|CARD6|RFX7|BUB1|MYB|ZFC3H1|KRR1|FH|CDKN1B|TASOR|RPRD1A|FBXO33|RFC1|KLHL6|RICTOR|CCNT2|MTF2|TNKS|PRR11|BMP2K|SRSF1|BRWD1|MBD4|TRIM59|ATAD5|TAX1BP1|CDCA2|HERC4|PCLAF|ZNF318|TFDP2|FCHSD2|ZRANB2|ARID1B|CCDC14|BUB1B|CPSF6|MORC3|CCDC88A|ZUP1
GSE24210_IL35_TREATED_VS_RESTING_TREG_DN	0.00030840400925212	0.0274196368086362	-0.48400013945261	-1.67059918020653	1	147	UBL3|GPR135|METTL27|ABRACL|KCNJ14|TENT5B|KISS1R|S1PR5|PAK6|TPBG|SCRN2|CBX8|APLNR|GCOM1|PPP2R2B|CRYBA2|MST1R|CDKN2D|DUSP8|JAG2|CA12|FGD1|TSPAN9|HOXC13|SH3D19|MOK|DLK1|AMHR2|SORBS3|CCDC24|RIN1|TSKU|EPHX1|KAZN|MFGE8|NNMT|SH2D2A|GATA2|WDR45B|KLHL23|PINK1|CDKN1A
GSE25088_CTRL_VS_ROSIGLITAZONE_STIM_STAT6_KO_MACROPHAGE_UP	0.000293427230046948	0.0274196368086362	0.46147691987764	1.72452987586098	0	168	ZNF17|MPZL3|ENTHD1|PELI2|CATSPER2|DNAH1|FZD4-DT|TMEM156|EXOC5|ABCC3|NABP1|BRMS1L|CNIH1|UBA6|ALG13|LANCL1|NIPSNAP2|IPO7|SMNDC1|SLC30A6|RTN4|GRIK1|METTL21A|DRAM2|HOMER1|ZNF572|FBXO15|FLACC1|RNF144A|RIOK2|RAD23B|CEP97|SOS2|SRP9|PGM2|CCDC121|SRP72|ZDHHC2|RDH11|AMZ2P1|DBF4|CACUL1|RPS3A|BAG4|C1D|AKIRIN1|EIF3J|CNOT6L|SPTSSA|SKP1|RB1|ZNF217|MAPK9|CTNNB1|ABCB7|EFHC1|FAM111A|USP12|ALDH1A2|CHRAC1|RAB1A|MFSD6|AGO1|CFAP97|LTV1|CHCHD3|CDCA2|REST
GSE27434_WT_VS_DNMT1_KO_TREG_UP	0.000149678191887442	0.0274196368086362	-0.485365464975406	-1.71968892713916	0	183	SLC2A4|FES|TYMP|ANAPC11|RPL28|TCAP|SPSB2|SLC39A3|SLC38A10|GRN|JOSD2|LYPLA2|ETHE1|PRPF31|GTF3C1|NAA38|ARHGAP45|ING4|FLT1|FGF12|JMJD8|PPFIA4|HFE|RPP25L|PRKCSH|LMAN2|FASTK|EFNA1|LMF1|SLC6A13|SEC61B|SELENOH|SNRPB|ADPRM|PNKP|CTSA|ZFYVE19|BCAT2|MXD4|PSMB6|YIF1A|YIPF3|SMDT1|FKBP8|MBD3|GUK1|SEC61A1|DCTN3|RPS23|RGL2|PTCD2|NR2C2AP|CYBC1|RAD50|CLTA|PAFAH1B3|STX18|ERP29|CLN6|PCK2|NCBP2AS2|RPS6KB2|ATP5MG|ECH1|TMEM259|ATP6V0A2|RPS5|CDCA7L|RBCK1|TMEM179B|ZNF808|MRPS12|SEC24C|PLEKHO1|CEP89|CASP9|EIF3K|GOLGA3|ANKZF1|ISYNA1|PKIG|SDC3|CSNK1G2|CDC37|TM7SF2|INTS3
GSE2770_UNTREATED_VS_IL12_TREATED_ACT_CD4_TCELL_48H_DN	0.00029868578255675	0.0274196368086362	0.423053359441336	1.6122074983157	0	192	SLC35A3|ZNF14|RNF11|ESF1|CCNE2|CCNG1|MEMO1|HSDL2|TMEM64|CD164|EIF3E|HNRNPLL|TOP2A|DNTTIP2|UBA5|PBK|SMARCAD1|ORC4|ABCD3|SYPL1|SCAF8|ZNF644|NCAPG|WDR26|NKRF|MED13|COP1|CNOT6|MED21|DRAM2|BRIX1|SCFD1|SNX3|SLC25A3|TIMM23|JAK2|SBNO1|DDX18|GTF2E1|ZNF654|IREB2|TMEM70|NDUFAF6|UBE2D3|TOGARAM1|ANXA5|PSMA2|GPR153|ANXA1|PPP4R3B|PRXL2A|ARCN1|CFAP298|RAB1A|KLHL7|HELZ|HSP90AA1|DLD|CISD1|ATF3|RNASEH2B|CDK8|CRK|PSMA3|RPRD1B|CCDC117|DNAJC21|AZIN1|RLIG1|STRN|RAD17|MAP2K1|UBE2B|PURB|CEP95|TRIM5|SLAIN2|RNGTT|AQR|UBE2L6|MTERF3|EEF1AKMT2|TNPO3|GLYR1|RBM18|SF3A3|HEBP1|CHURC1|CHML|HSD17B4|TATDN3|POLB|SIRT1|TGDS
GSE2770_UNTREATED_VS_TGFB_AND_IL4_TREATED_ACT_CD4_TCELL_48H_UP	0.000274423710208562	0.0274196368086362	0.475274582316008	1.69548011254774	0	118	PLCE1|SH2D6|TRIM69|STAP1|TTYH3|UCHL3|PI4K2B|TMEM168|TMEM37|PRPH|SH3BGRL|ZFYVE26|PDS5A|WBP4|WDR44|PPP2R5E|SEC22A|PMFBP1|SCARF2|VWF|XYLT1|SAMD3|TEKT3|RNF144A|SNX3|USP53|PPA2|UBXN7|SNRPB2|SEPTIN7|PPP1R16B|PFN1|RBM47|PDIA3|TCERG1|PRR11|PLCB1|SSBP1|SEC63|USP16|RAB10|SCN9A|RNASEH2B|POLR3C|TOP1|PLA2G12A|PPP1R11|TDRD7
GSE28726_NAIVE_CD4_TCELL_VS_NAIVE_VA24NEG_NKTCELL_DN	0.000302892624564592	0.0274196368086362	-0.467243178167814	-1.64136883751125	1	172	TPM2|CCR7|CYFIP2|PYGM|IL11RA|SEC31B|CD37|AURKC|MT2A|RPS28|ZNF467|IFITM1|MAPK11|ASIC3|ACAP1|SUN2|ARHGAP4|ARHGAP45|PLXNA2|GCA|CASQ2|PCOLCE|IRF3|PIK3IP1|DUSP8|STARD3|DGCR2|RBM38|DISC1|ESR1|H4C2|ARSL|ADAM11|MUC1|MAD1L1|DMPK|BIN1|IKBKG|MYO9B|SORBS3|USP19|DGKA|SLC2A3|MAP4K2|ERICH1|AFDN|PPARD|HMGN2|ACVR2B|ICAM3|MDK|ITGA5|TRAF3IP2|MXRA8|NUMA1|PRRG2
GSE29617_CTRL_VS_DAY7_TIV_FLU_VACCINE_PBMC_2008_UP	0.00029585798816568	0.0274196368086362	0.439140131390777	1.64812875246952	0	173	FSD1L|FOSB|ZNF416|CXCL8|CD83|MTMR6|C20orf203|MEX3C|EGR3|CD69|ABHD13|GNA13|RGS2|DHX58|RAVER2|USP25|HIF1A|OTUD1|RNF138|L3MBTL3|B3GNT5|SIAH1|PFKFB3|ARL8B|DCTN4|ETV3|TSC22D2|SMNDC1|UTRN|YTHDF3|ECT2|ZNF644|RBM7|MED21|STPG3-AS1|GPR183|NXPE1|TIGAR|EGR2|INSIG1|PDE12|SAMSN1|NFE2L2|HBEGF|ARL5B|REL|WAC|CRY1|NAMPT|CACUL1|TUBB1|DNAJB9|UBE2D3|BACH1|CUL3|CTNNB1|ARL4A|KBTBD2|ETF1|OR51B2|ZFAND5|CHMP1B|RAB1A|CHORDC1|TIPARP|RIPK2
GSE29618_LAIV_VS_TIV_FLU_VACCINE_DAY7_MONOCYTE_DN	0.000152137532329226	0.0274196368086362	-0.521364555222824	-1.82175742177991	0	163	FES|RAB4B|DND1|TYROBP|RAP1GAP2|STOML1|SFN|COX6A1|GDPD5|SH3BP2|ACAP1|OTUB1|SERF2|TCIRG1|MUC5B|CIB1|PDLIM7|SMPD3|FLAD1|ATP9A|ENSG00000274253|DDRGK1|RIPOR1|OS9|SEMA3G|MACROH2A2|LINC00574|PXMP4|CALR|DDX23|SP100|TSPO|EHBP1L1|ACSBG1|SRM|IL16|CST3|SLC4A2|SMG6|CD151|NDUFB1|POLR3K|SAP30BP|DDAH2|OAZ1|RAD54L|SLC66A2|INPP5D|HDAC5|CTTN|DGUOK|GCHFR|SSR4|DHX30|NUMA1|FAM50A|SOCS3|BCL7A|UPP1|SAFB|ZDHHC14|NRBP1|TXN2|FTSJ3|NFKBIE|TKFC|MTMR14|DDX24|CLN8|PPDPF|TRIP10|MICA|MEN1|HEXIM1|PCYT1A|STK10
GSE32423_MEMORY_VS_NAIVE_CD8_TCELL_DN	0.000300932891965092	0.0274196368086362	0.436259230887974	1.65027986177495	0	184	PITPNC1|AKTIP|EGR3|ABHD13|TGFBR2|CENPQ|DNAJC6|EIF2AK3|FXYD7|SLC38A9|DTL|ZBTB33|TM9SF1|KPNA3|GCC1|ZBTB41|GNB4|MGAT2|TP53INP1|OTUD1|CHDH|SEH1L|NUP153|LZTFL1|FAM199X|SCAF8|SMNDC1|PPP1R12A|TRIM13|FAM13B|BCL9|AP3S1|IBTK|NIPAL1|MTSS1|TOX|ATP8A1|TDRP|LDHB|MEAF6|TDP2|ITM2A|ZNF451|ASCC3|SSR1|IFT70A|KCTD9|FAR1|MOB1B|BACH1|ANKRD50|ALDH2|MEGF9|GBE1|TRIM32|RB1|SECISBP2L|DSCC1|BRWD3|RAB14|SUCLA2|DDX6|BRWD1|HACD1|ATF1|ALDH1B1|PMS2|ZYG11B|TBL2|CLASP2|RFWD3|PHF8
GSE32423_MEMORY_VS_NAIVE_CD8_TCELL_IL7_IL4_DN	0.00029868578255675	0.0274196368086362	0.440660777481623	1.67930733514956	0	192	ARMCX1|MATCAP2|ZNF658|KLHL13|GOLPH3|DNAJC6|EMSY|TRIM23|NAA30|RARS1|G2E3|VSIR|ZNF277|XPR1|GLE1|PPIP5K2|LEO1|TMEM168|VPS50|ARHGAP11A|NDFIP2|IPO7|SCAF8|SLF1|STAG3|NUP35|SLC30A6|SMC2|METAP2|TMED2|PLAA|ATP1B1|NUP160|CFAP418|HOMER1|FOXC2|UBE2E3|ANKRD28|ASNSD1|PCCA|TDRD3|OSGIN2|CEP44|MAP4K3|TUBE1|TRMT11|CRY1|SNX25|CUL2|ASCC3|FBXO45|COPS4|DEPDC5|SEC23A|FH|CDK2|AKIRIN1|RPRD1A|RCOR3|GABPA|MAN1A2|MAPK9|PMPCB|BCLAF1|RCN2|LIN54|IPO11|SLC4A1AP|AVL9|PSMD11|HSP90AA1|DLD|BUB3|DSN1|PEPD|RFWD3|TRMT10C|ANXA7|TASOR2|CUL4A|KIF16B|ZC3H14|PEX19|NAA35|FYTTD1|BTAF1|ZNF282|SKIC3|TRMT13|SRP54|TERF2IP|CDC14A|HNRNPA3|KLHL42|ATAD2B|CHMP3|ANKRD26|RTN4IP1|PHKB
GSE3337_4H_VS_16H_IFNG_IN_CD8POS_DC_DN	0.000303490136570562	0.0274196368086362	-0.48278180982142	-1.69276661854892	1	170	MSH5|FES|TYROBP|C3|PLXNB2|ENG|CTBP2|SMPD1|BSCL2|CD37|MAGEH1|FOXD3|GRN|NDUFA13|CLN3|RPP21|ETHE1|OSBPL5|CLIP3|PPFIA4|NAPSA|HFE|RECQL5|TMEM160|LGALS3BP|COMT|STAB1|PLOD3|RGS14|KCNAB2|IFITM3|TBXAS1|PSAP|CTSA|ID3|MXD4|LYL1|SMDT1|ICAM2|GMFG|CDIPT|ARID3B|HEXA|FERMT3|RGL2|GRINA|SYS1|ERP29|FRRS1|TRAF3IP2|NT5DC3|LY6E|MR1|ITPR2|SURF1|UCK1|SEPTIN9|PIMREG|H6PD
GSE33374_CD8_ALPHAALPHA_VS_ALPHABETA_CD161_HIGH_TCELL_UP	0.000151011778918756	0.0274196368086362	-0.468701736169902	-1.64829539933078	0	173	SULT2B1|SSC4D|COL18A1|ACKR1|CCR7|LYST|PRKCZ|PEMT|DEGS2|TFPT|ATP13A1|MRPL41|TNFRSF8|TULP3|APLNR|COL6A1|CYP2S1|IRF3|C8G|NPAS1|BCL3|ACTN2|SLC25A19|MAP3K12|ESRRB|GNA11|ATOX1|MRPL55|NAA80|RAI1|UQCRQ|PITX1|HDAC7|MYBBP1A|ZBTB7B|DAPK3|CEL|HCN3|MYBL2|SF3A2|COL1A2|HS3ST3A1|ZNF213|PTPN23|PLEKHH1|KCNH2|SOCS3|NEURL4|CCDC28B|LTBP1|PDXK|ELP5
GSE360_DC_VS_MAC_B_MALAYI_HIGH_DOSE_DN	0.000299850074962519	0.0274196368086362	-0.457566708153479	-1.61655867477675	1	179	TP53I11|S100A2|EMILIN1|TSC22D3|CD14|APLP1|TYMP|HOMER3|SMPD1|LILRA2|MT2A|P2RX4|SLC9A1|GNB3|LMF2|CLN3|EEIG1|IFI16|CD48|RRBP1|LAGE3|PTGIR|MIF|PTK2B|EMP3|KCNAB2|MX1|CHD3|MYDGF|NSDHL|LSS|ISG15|AMHR2|KANK1|DHRS3|HPCAL1|RAB11FIP5|IQSEC2|TNFRSF1B|DHCR7|HDAC5|CTTN|FKBP2|THOP1|DNASE2|CASC3|NEU1|RPL3|LPAR2|SREBF2|GPR3|NUP188|CHMP7|MPZL1|TRIM27|TNFAIP2|VAMP2|ADCY3|ARAP1|SNX15|PDIA4|VGLL4
GSE360_L_DONOVANI_VS_B_MALAYI_LOW_DOSE_MAC_UP	0.000299490865528601	0.0274196368086362	0.424158382094695	1.61323762960912	0	190	MTMR6|TNFSF12|SERINC5|CCL2|ZNF410|CD164|VPS26A|EIF3E|TOP2A|CEP162|RWDD2A|DLC1|LDHA|ORC4|TXNL1|MAPK6|NUP153|DMXL2|TSC22D2|THOC2|SUMO1|NCBP2|ADD3|SP3|OAT|WBP4|IGFBP5|SERPINE2|ELL2|SLC30A1|CIR1|PIK3C3|RABL3|SSB|NGDN|CRABP2|ARPC3|ANKRD46|NARS1|CUL2|ACTR2|CAPN7|ZFC3H1|MAGI2|CHUK|PFN1|IDH3A|TPP1|GTF2B|ARL4A|LEPR|RAD21|USP12|MYL12A|ZNF124|ATP5PB|ALDH1B1|PPID|ATP6V0E1|SEC61G|RIPK1|PTPN9|DRG1|SH3YL1|MSMO1|SUMO2|PSMA3|FOSL2|CALCOCO2|PPP2R5A|GPATCH8|PPP1R11|RHOC
GSE369_PRE_VS_POST_IL6_INJECTION_SOCS3_KO_LIVER_DN	0.000150715900527506	0.0274196368086362	-0.455688840362426	-1.62141124752896	0	195	GAA|RAB4B|TRAPPC6A|ATP9B|ENG|RHBDD3|ATRN|ARSA|SNN|ZFPL1|RENBP|GRN|BSG|ZNF710|TECR|TSPAN4|SGSH|ARHGAP4|POR|PTGIR|FLAD1|PRKCSH|SPG7|STAB1|OS9|CMKLR1|KCNAB2|FOLR2|TBXAS1|CPSF1|TRADD|SLC43A1|CTSA|CAMK1|POLE|PMF1|MYO9B|SUPT5H|SORBS3|CST3|MAP3K11|STXBP2|SLC4A2|GPSM3|AGRN|HEXA|ENTPD6|MLEC|PLD2|EPHX1|VPS52|RGS19|VPS11|NISCH|PCSK7|ERAL1|BLVRB|FASN|MVD|BTD|CMTR1|ZNF428|GSTP1|ATP6V0A1|PRPF6|ERP29|MAN2C1|GRAMD4|SUPT6H|TMEM259|ZBTB48|ALDH6A1|RANGAP1|EIF2B5|TNFAIP2|TXN2|ARAP1|DENND4B|ERGIC3|PRPF8|RHOG|CLEC11A|RAB11B|ARHGEF6|MLF2|CUX1|HDAC6|CLPTM1|ARRB2|BAG6|ARFIP2|HIRA|TSR3|GBF1
GSE37532_TREG_VS_TCONV_CD4_TCELL_FROM_VISCERAL_ADIPOSE_TISSUE_DN	0.000289100896212778	0.0274196368086362	0.448453976806918	1.66655365163434	0	160	AGA|COPS2|ARL5A|EIF2A|RRM2B|BTBD1|ZBTB33|TMEM106B|STRAP|EIF3E|GNAI3|JKAMP|TOP2A|ANLN|HDAC2|BPNT2|TBCA|ME1|PBK|KIF11|PRIM1|NEK9|ARHGAP11A|GDI2|ARF4|MXI1|UBE2N|PLEKHF2|SUMO1|SLC44A1|NCAPG|NUP37|MTCH2|MAD2L1|RAD9B|GNPDA2|INTS12|SLC25A32|NUP205|ZDHHC2|CTNS|CAPN7|SELENOF|RRM1|SPCS2|MOB1A|EIF3J|COMMD10|THOC7|ANP32B|GOLGA7|P4HA1|STIL|FUCA2|NDE1|ATP6V1A|TRIM59|ATP5PB|EIF4B|RFC3|PAICS|ACOT13|BUB1B|CD46
GSE3982_BASOPHIL_VS_EFF_MEMORY_CD4_TCELL_UP	0.000301477238468496	0.0274196368086362	0.427619312405217	1.62230680327226	0	188	CXCL8|PRNP|TM6SF1|FBXO2|C5orf15|HLA-B|TLE4|BACE2|IMPACT|LGALS8|YES1|PEX1|TMEM59|ROCK2|GNPAT|PIKFYVE|ZFYVE16|CHPT1|CRNKL1|ADIPOR1|PLAA|CLK1|SDCBP|WBP4|SIAH2|FAM124B|OSTF1|PJA2|TMEM140|SLC2A10|POU3F1|CHN2|LAT2|CR2|SCFD1|RPS27L|CAB39|RHOA|NDUFV2|INTS12|CRBN|PIK3C3|RAP2C|PHTF2|LRP12|CREG1|TMEM50A|COPS5|NAMPT|WDR11|SMC6|MYB|DEPDC5|LMBRD1|ABHD5|CAV2|SHB|CHMP5|MFAP3L|SERINC1|MAPK14|UPF2|VAMP3|NFU1|SMC4|RYK|RAB4A|ATP6V1B2|FUCA1|ZDHHC7|BTBD7|SKP2|SENP7|NDFIP1
GSE3982_NKCELL_VS_TH2_DN	0.000297707651086633	0.0274196368086362	0.443024348802896	1.69027904701317	0	193	LBHD1|PGAP1|NMD3|EMSY|DCLRE1A|DTL|BLTP3B|CKS2|KIF18A|PRPS2|GLUD1|RFC4|ZNF613|KIF11|KIF20B|CCNA2|AKAP12|ABCE1|CKAP2|MSH2|UBE2N|TSPAN13|SMC2|NCAPG|IRGQ|SIAH2|ESD|HK2|TMEM106C|RTRAF|COPS3|NUSAP1|CNOT7|CFI|PLA2G4A|INPP4B|MRPL15|LDHB|GUF1|ATP5F1B|PDE12|TYMS|PIP5K1B|TIPIN|RRM2|TSN|FRG1|CLIC4|TMEM70|HNRNPK|PRDX3|RRM1|LUC7L2|PRR3|COQ3|MIS18BP1|HEATR1|BAG2|CLNS1A|PAK1IP1|RBBP8|CENPI|PPP2CA|MRPL3|STIL|NCBP1|RSL1D1|SFXN1|PCNA|SRSF1|CFAP298|INTS6|GGCT|SSBP1|ATAD2|BUB3|NCAPG2|PSMC5|FDFT1|CCT6A|NDC1|PPAT|CCNB2
GSE39820_CTRL_VS_TGFBETA1_IL6_IL23A_CD4_TCELL_UP	0.000298775022408127	0.0274196368086362	0.470030695452037	1.78915810330205	0	191	AIM2|ST8SIA4|DOP1B|TTPAL|NABP1|ZBTB41|WDR75|PRPS2|FOXN3|PHLDA1|AASDH|RIMOC1|NEK9|PEX1|RFX5|RBAK|SLF1|HSPH1|RIF1|TSPAN13|SHQ1|ELMO1|ZNF770|ZDHHC21|WDR44|CBFB|COP1|TRMT1L|MSH3|SLC19A2|FEM1B|SMARCA5|DSEL|CD274|C5orf22|SLC25A3|DCAF17|MOSMO|UBXN7|VRK2|WIPF1|AHCTF1|PRMT3|IREB2|ZMYM5|PCGF5|CCT4|MOB1B|PIGC|BORA|DNM1L|LSM14A|PRPF39|PWWP2A|CNOT6L|GABPA|KDM6A|ATAD1|SACM1L|ZC3H11A|CREB1|TMEM245|PSMC2|RPA2|PTPRC|TCERG1|MID1|ABCB7|PSIP1|SGMS1|PAPOLG|ERCC6L2|TFRC|LATS1|CENPE|L2HGDH|FAF1|OTUD4|SERTAD2|SKP2|ASH1L|BLMH|TASOR2|CEP192|DENND1B|PGM2L1|MORC3|CCDC117|TOP1|WAPL|PPP1R15B|SIMC1|TRMT13|RPS6KB1|YWHAB|HAUS6|SLC7A6|PTCD3|SETD6
GSE39820_CTRL_VS_TGFBETA3_IL6_CD4_TCELL_UP	0.000301659125188537	0.0274196368086362	0.442371047376015	1.6743970232259	0	185	AIM2|CD83|MSL2|EGR3|TNFSF4|LRATD1|ABITRAM|BLZF1|CCNE2|IL10RB|TTYH3|PTER|ANKRD49|STARD9|MTREX|CTSS|HDAC2|DERA|PHLDA1|RBMXL1|NHLRC2|SHQ1|DNA2|NUP107|METAP2|LRPPRC|SVIP|STYX|TRIB1|RPF2|PLXND1|ORC2|CD96|SERPINE2|CMTM7|ELL2|RIOK2|SHTN1|INSIG1|SAMSN1|UBE2E1|ACSL1|TIPIN|ADK|MTRR|RFC5|PRMT3|FAR1|HSPD1|DDX3X|ADNP|CITED2|THOC7|PSMC2|RPA2|MIX23|FANCF|FAM111A|PSMD11|BZW2|GTF2H1|BUB3|TTC27|ATP11C|PUS7L|SKP2|DHX33|NDC1|RFWD3|EXO1|SARNP|WDR3|POLR1F|KYAT3|USP15|ASAP1|PPP3CA|SNRNP40|TBC1D4|ZNF280B|FEN1|KCNQ5
GSE39820_CTRL_VS_TGFBETA3_IL6_IL23A_CD4_TCELL_UP	0.000297000297000297	0.0274196368086362	0.464282179970732	1.77594205556932	0	195	ST8SIA4|CD83|SLC10A7|ZNF367|UBTD2|CDC7|PLK4|TTPAL|ZNF436|IMPACT|FOXN3|SMARCAD1|RBMXL1|PPM1B|C5orf34|AASDH|RIMOC1|NEK9|RFX5|SLF1|HSPH1|NUP107|ELMO1|ZNF770|ZNF644|LRRC28|ZDHHC21|CCP110|ZNF664|WDR44|NUP160|CBFB|COP1|TRMT1L|POGLUT2|FEM1B|HECA|INPP4B|EHD3|TRIM24|C5orf22|USP47|CDK17|SLC25A3|DCAF17|ZBTB34|MOSMO|VRK2|ZDHHC17|RABGAP1L|BAG4|BORA|DNM1L|LSM14A|SEPHS1|RBBP4|ATAD1|TMEM68|SACM1L|PUM2|PPWD1|CENPI|COX15|FANCF|TCERG1|MID1|ABCB7|LRRC40|SGMS1|PPP2R1B|PSMD11|ZNF638|MORF4L1|ATAD5|CEP70|TFRC|CENPE|L2HGDH|FAF1|ATP11C|SKP2|INTS7|TRMT10C|TRIM33|BLMH|PALS1
GSE42021_CD24HI_TREG_VS_CD24HI_TCONV_THYMUS_UP	0.000149588631264024	0.0274196368086362	-0.47694322417465	-1.69314364707629	0	188	FES|NDST2|PCBP4|TYMP|IFI30|ANAPC11|RPL28|XAB2|NDUFB8|SLC38A10|GRN|REX1BD|ETFB|COPE|PRPF31|ARHGAP45|ING4|CEP250|CYBA|PPFIA4|RPP25L|PRKCSH|LMAN2|LSR|AURKAIP1|SLC27A1|COMMD1|ADPRM|PNKP|CTSA|VPS72|ZFYVE19|MXD4|PSMB6|SMDT1|IL16|FKBP8|HSD17B7|STOML2|FBXW4|CDK2AP2|MRAS|RPS23|MAF1|PCSK7|RGL2|PTCD2|AKT2|RAD50|CLTA|PAFAH1B3|ERP29|UBXN1|NCBP2AS2|RPS6KB2|ATP5MG|ECH1|PSEN1|ADD1|SENP3|TMEM259|MRPL4|EIF2B5|RPS5|LEMD2|TMEM179B|CRCP|SNAPC2|ZNF808|MRPS12|CD52|PNPLA2|RBM10|MAST3|PLEKHO1|ANGEL2|CEP89|EIF3K|TCF25|ISYNA1|CLPP|SETDB1|CSNK1G2|CDC37|RNASEH2A|INTS3|SSNA1|VAMP8|COLGALT1|NSUN2|MKNK2|RING1|HSF1|NDUFS3|RBM42|RERE|ESRRA|RAB8A|NAXE|RSRP1|MCM10
GSE42021_CD24LO_TREG_VS_CD24LO_TCONV_THYMUS_DN	0.000150262960180316	0.0274196368086362	-0.47565095298723	-1.69001739109193	0	191	FES|NDST2|RCAN3|TYMP|ANAPC11|RPL28|TIMM8B|GTF2H4|SLC38A10|GRN|LYPLA2|ETHE1|PRPF31|NAA38|ARHGAP45|ING4|CIAO2B|CYBA|JMJD8|PPFIA4|GBA2|RPP25L|PRKCSH|LMAN2|AURKAIP1|U2AF1L4|LMF1|SEC61B|SELENOH|ADPRM|SCARB1|PNKP|CTSA|VPS72|ZFYVE19|BCAT2|MXD4|PSMB6|YIF1A|FKBP8|MBD3|STOML2|RPS16|GUK1|ENO3|MAP4K2|SEC61A1|DCTN3|MRAS|MAF1|SNRPD2|RGL2|PTCD2|PCNT|RAD50|CLTA|PRPF6|ERP29|RPL3|NCBP2AS2|PSEN1|ULK1|TMEM259|RPS5|URM1|RBCK1|TMEM179B|ZNF808|MRPS12|PNPLA2|MAST3|CHCHD7|NDUFA8|EIF3K|GOLGA3|COX7A2|CDK5|PKIG|CLPP|CSNK1G2|CDC37|RNASEH2A|INTS3|SDHB|MEA1|VAMP8|COLGALT1|NSUN2|MKNK2|RING1|HSF1|CSK|NDUFS3|RBM42|RERE|ESRRA|RAB8A|GTF2F1|NAXE|RSRP1|DDX39B|STRN4|XRCC1|RACK1|DUS1L
GSE43863_NAIVE_VS_LY6C_LOW_CXCR5NEG_CD4_EFF_TCELL_D6_LCMV_DN	0.000149947518368571	0.0274196368086362	-0.464756968701211	-1.64035813652015	0	177	SLC30A3|BFSP1|TYROBP|ENKD1|POLR2L|STOML1|ACE|COX8A|DPM3|TMEM134|CCS|MTG1|SLC29A1|MZT2A|NAT9|RGS3|PLOD1|PHPT1|DNPH1|CEP250|AEBP1|TGFB3|GBA2|MPG|EXOSC4|NLRX1|HCFC1|SPG7|RHOF|CCNL2|JAG2|FBXL15|TXNRD2|PSAP|ZFYVE19|WDR4|PSMB5|LYL1|MACROD1|CTSD|RPS15|SDF2|SMG6|DECR2|ENDOG|RAB11FIP3|HEXA|SIL1|RAB40C|CLSTN1|THOC6|VPS11|RDH13|CLUH|NEDD8|TEX264|GCHFR|POLR2A|CBX2|SLC35C2|NOPCHAP1|ZNF23|BCL6B|NOL6|PYM1|PXN|UPP1|GCAT|EIF2B5|CAVIN1|GADD45GIP1|MGAT1|SEC24C|ARL14EP|EIF4EBP1|S100A13|CCT3|MSTO1|ISYNA1|ZNHIT2|ISY1|HAX1|AIFM2|SAFB2|PXMP2|SF1|METTL1|HOXB6|NSUN2|ZNF296|PMVK|TRAF4|MTURN
GSE44649_NAIVE_VS_ACTIVATED_CD8_TCELL_MIR155_KO_DN	0.00029868578255675	0.0274196368086362	0.500778973895557	1.90841083918923	0	192	C14orf28|MTMR6|TTK|KBTBD8|SLAMF6|EFCAB7|PEX12|GNA13|ARID2|CREBL2|BLZF1|CCNE2|HSDL2|USP38|STRADB|PANK3|SLC39A10|ZBTB33|PDE3B|RNF13|LRBA|AFF4|SMARCAD1|ORC4|SLC25A40|RIF1|ZFYVE16|SLC30A6|NCBP2|DENND4C|RBMX|FBXO3|NKRF|NUP160|RP2|SLC19A2|AP5M1|DYM|BRIX1|IFIT1|GPRASP3|CD274|MYEF2|RIOK2|C1GALT1|ZFAND4|INTS12|OSGIN2|TMED5|MED23|DCTN6|RPE|CERT1|NUP205|USP45|BTBD10|REL|TRMT11|DDX52|ATP11A|ZNF654|RFC5|RNPC3|PGM3|BORA|SMIM3|C18orf54|NPAT|TRDMT1|GABPA|TRNT1|TCERG1|LIN54|INTS6|MED14|SFT2D3|PAPOLG|ATAD5|CEP70|ALG10|GRSF1|SUCLG2|FBXO11|CDC25C|PBRM1|CEP192|RAD51AP1|SCAI|RALGAPA1
GSE45365_NK_CELL_VS_CD11B_DC_UP	0.000154249575813667	0.0274196368086362	-0.54788344055267	-1.88828163071015	0	145	MSH5|VWCE|ASCL2|SP5|SRGAP3|COL25A1|TLX1|DERL3|ASPHD2|PRKCZ|RNF5|HDAC10|SYNGR1|B3GAT1|IZUMO4|MFSD13A|MIIP|TRAIP|TRIM62|TMEM144|EPN2|PTH2|CUL9|SHLD1|RIMS4|KRT73|SOX11|TMEM163|NUDT16|APH1B|ZBTB3|CDH23|OXCT2|NCAN|LZTS2|POMT1|RPUSD1|PIGL
GSE45837_WT_VS_GFI1_KO_PDC_DN	0.000149633398174473	0.0274196368086362	-0.505923471626205	-1.80346778619072	0	196	POLR2F|COX8A|DPM3|UQCR11|NDUFB8|NDUFA2|UQCR10|TFPT|MZT2A|ETFB|UBL5|ETHE1|PRPF31|SUN2|DNPH1|DYNLRB1|ECI1|COX6B1|HSD17B10|MPG|RPS9|NDUFS7|CTDNEP1|LMAN2|HSPB1|SPECC1L|OCEL1|FASTK|TRADD|MZT2B|PSMB6|DDT|PIN1|LSM7|KCNN4|GMFG|STOML2|UQCRQ|DECR2|GRHPR|CYB561D2|NTHL1|HMGN2|HEMK1|SLC35D2|ATP5IF1|SNRPD2|NENF|CD2BP2|MRPS11|ZNF428|NUDT1|NDUFB11|ERP29|PRMT1|NDUFA7|NUMA1|PITPNM1|AUP1|RFXANK|MPI|ATP5MC1|PSMD9|GNA12|TOR3A|PARL|RBCK1|CCT7|FLNA|ARL6IP4|SEPTIN9|MRPS16|UBE2Z|PFKP|POLR2I|SAE1|EIF3K|CLASRP|DRAP1|MRPL58|CLPTM1|EDF1|ANXA11|NDUFB4|DMAC2|UCKL1|UQCRH|MRPS34|FUS|MPDU1|KRT10|COG4|TWF2|BST2|PDCD5|RALGDS|DFFB|NPM3|RASGRP2|SNRPF|SNRNP25|XRCC6|BCS1L
GSE46025_WT_VS_FOXO1_KO_KLRG1_LOW_CD8_EFFECTOR_TCELL_DN	0.000301659125188537	0.0274196368086362	0.475989128907144	1.79047913217357	0	178	ELK3|TLE6|PRNP|MBLAC2|DCLRE1A|ACTR3|CMTM6|LAMP2|COPS8|ALG13|CCRL2|FAM76B|SUV39H2|PPM1B|YES1|NPM1|PPP1CC|EXPH5|DCTN4|TMEM168|BMI1|FAM199X|FBXO30|HSPH1|YTHDF3|SCYL2|FAM13B|CMPK2|DENND6A|LYRM7|MED21|RANBP9|CDC27|COL4A5|NIPAL1|ZNF572|HOXA5|PDS5B|MICALL1|PDE12|SPDL1|ACER3|ZW10|WIPF1|DDX52|TRA2B|TMEM230|RFK|SSR1|ACLY|FTO|PDE7A|FAM3C|SEC24A|ADNP|PRKAA1|ATF2|RNF25|LRRC58|TUT4|BNIP2|CCR10|TCERG1|YIPF4|WEE1|VPS4B|ZFAND6|ISCA1|EIF4A2|ZNF281|TM2D1|CLASP2|ZRANB2|SENP7|COPB1|LLPH|SUMO3|CD46|SCAI|RIOX1|IMPA1|VDAC3|MORC3|ANO6
GSE5099_UNSTIM_VS_MCSF_TREATED_MONOCYTE_DAY7_UP	0.000297707651086633	0.0274196368086362	0.524661399909668	2.00175040816653	0	193	FEM1C|NUDT12|KCTD12|TRMT2B|SESN3|ESF1|MFSD14A|IL10RB|MEMO1|RRM2B|STRADB|UBR3|TMEM64|BTBD1|ZBTB33|ABHD17B|NABP1|ERI2|KPNA3|EIF3E|VPS54|NBN|PBK|PPP1CC|TMEM168|ETNK1|TSC22D2|RDX|UTRN|ANKHD1|WASHC4|METAP2|HPRT1|GINS1|OLA1|FNTA|MRPL39|GCLM|NUP37|AP3S1|CPSF3|PXYLP1|DAZAP2|CNBP|PCMTD1|SFXN4|POGLUT3|EIF1B|ZNF445|CDK1|WAC|CMPK1|TSN|SNX2|CHD9|IFTAP|RLF|UBE2D3|MGA|AKIRIN1|NIFK|PSMD10|GABPA|SACM1L|PSMC2|MAPK9|PPP2R5C|HNRNPA1|MID1|PIGX|ARFGEF1|LRRC40|CDC5L|ATP11B|SEC63|TRAM1|PCLAF|ZNF318|ZNF281|SENP7|SH3GLB1|PNP|ALDH18A1|PHF10|NSMCE4A|POLR1F|FAM98A|ANAPC4|EFCAB14|RAB9A|SRSF10|HSPA4L|NSD3|DAPP1|AGO2|TMEM167A|ZHX1|RPL39L|PIGF|OSBPL9|LRIF1|ECI2|BAG1|YIPF5|BANF1|MMUT|CHURC1|METTL15|EIF3L|IDS|ANKRD10|TBRG1
GSE5503_LIVER_DC_VS_PLN_DC_ACTIVATED_ALLOGENIC_TCELL_DN	0.000297707651086633	0.0274196368086362	0.418303684542785	1.5959618363677	0	193	MTMR6|KBTBD8|TM6SF1|ZNF708|SLC33A1|ATG4A|PLK4|HVCN1|DNAJC24|UBR3|PDIK1L|PDCD10|EIF3E|MGAT2|ENTPD7|ZFP82|MAP3K1|UBA5|ZBTB18|L3MBTL3|CUL4B|NSUN3|DCTN4|ATG2B|PNPLA7|OPA1|DNA2|PLEKHF2|ZFYVE26|NAE1|SLK|ATP1B1|ABCB10|STYX|HSPA4|POGLUT2|CNOT7|S1PR3|OTULINL|CASP8AP2|TXNDC9|MED17|GOLGA4|IRAK4|LIN9|ZBTB34|MCU|WDR36|SUPV3L1|PHTF2|SCIN|ZNF654|RAPGEF6|FAM91A1|ENDOD1|CTNS|ASCC3|CHSY1|MTMR4|BUB1|KRR1|WSB1|AKIRIN1|CYRIB|ATAD1|THOC7|ZDHHC5|FAM20B|API5|FUCA2|GNL3|ARL6IP6|RPL5|BLM|DHX33|FUBP1|BIRC6|ERCC6L|SUZ12|POLR1F|YME1L1|GORASP2|CDK8|BLTP3A|AZIN1|FKBP1A|PAIP1|WAPL|MRPS9|EPM2AIP1|CCDC93
GSE5542_IFNG_VS_IFNA_TREATED_EPITHELIAL_CELLS_6H_UP	0.000301295570955107	0.0274196368086362	0.431250680956612	1.64812271794795	0	196	SPMIP4|RBM44|SGO2|DDIAS|BBS12|PUS10|ERI2|STRAP|BRMS1L|STARD9|SLC25A46|RARS1|HIPK3|ZNF518B|FAM76B|USP2|RBMXL1|PTBP3|DDX19B|KIF20B|CUL4B|NEMF|UBE2N|CIBAR1|HIBCH|TWF1|SH3BGRL2|CCP110|ATXN10|CBFB|IDH1|SMARCA5|QNG1|RBKS|SLC22A15|MTSS1|CDKL2|ELL2|ZNF324B|ZFAND4|VDAC1|EIF3C|RAB5A|TMEM38B|NUP205|CREG1|CA8|PTK2|MOB1B|DRAM1|DNM1L|LSM14A|SLC36A4|CFAP20|CEP152|MIX23|ING2|ZC3H15|NCBP1|AGPAT5|MRS2|BRIP1|NIPA2|OSBPL3|DDX21|GYG1|ATXN7L1|CORO1C|L2HGDH|SRBD1|PMS2|ELOF1|TCEANC|IDI1|HJURP
GSE6269_HEALTHY_VS_E_COLI_INF_PBMC_UP	0.000151607034566404	0.0274196368086362	-0.509088048811731	-1.78463308308659	0	169	PCNX1|IL21R|ZNF224|CIITA|ABCA7|LPCAT4|APBA3|ACAP1|RGS3|MOGS|MICAL3|ARHGAP45|NSUN5|SFI1|CXXC1|PUS1|IRF3|LRCH4|P2RX5|TMCO6|MED22|P3H1|RGS14|IGHA1|COBLL1|C11orf21|MAP4K1|NLRP1|LIN7B|FHIP2B|TRADD|CSNK1D|SUGP2|SCAP|PWWP3A|GAK|CDK2AP2|CPNE1|INTS11|MLEC|MYBBP1A|HEMK1|ITFG2|PPOX|RASSF1|NISCH|NT5C|RGL2|SLC5A3|CD2BP2|CRELD1|ACADVL|ZNF133|SUPT7L|GUSBP11|RPS6KB2|PSD4|ABCD4|EML2|DCUN1D4|TOR3A|WDR59|TAF1C|SEC24C|PILRB|HPS4|BRD3OS|RBM5|MPHOSPH8|USP11|ARIH2|BTN2A1|ABHD6|UCKL1|NPC1|ACTR1B|PDIA6|SAFB2|CLK2|AHSA1|PDE4DIP|METTL3|FADS3|GGA2|RER1|JADE1|MECP2|RASGRP2|HMCES|PRKD2|TRAPPC10
GSE7460_WT_VS_FOXP3_HET_ACT_TCONV_DN	0.000301659125188537	0.0274196368086362	0.465781085466792	1.75208058974837	0	178	STK38L|ANKRD13C|GLMN|LGALS3|HSDL2|AK7|NEDD4|NABP1|LAMP2|MGAT2|TDRKH|CEP162|UCHL3|FNDC3B|EIF4G2|ORC4|TMEM168|BMI1|PUS3|CHPT1|ZFTA|WSB2|RAB6A|PSMD6|QNG1|TTC39C|TMEM88B|CDKL2|UBE2E3|USP47|MOSMO|FXR1|DSG2|TRMT11|AHCTF1|BMPR1A|CCT4|ZBTB37|SMIM3|AP4S1|EIF3J|PSMA2|SUGT1|VMP1|STXBP4|CEP78|PPWD1|ZDHHC5|KCTD11|PPP2CA|ARL4A|SUCLA2|NCS1|PLSCR1|MTIF2|ADORA2B|CHORDC1|PEX2|RYK|SEC63|CDC73|PSMC5|RMDN2|SEC61G|DNAJB6|GHITM|CCDC66|TAF12|C1GALT1C1|EIF2AK2|YME1L1|KYAT3|SFPQ|NT5M|EED|ATXN3|DROSHA|DCUN1D5|DEPDC7|IFT43|MRPL35|TMEM167A|SLC7A6|ZMYM4|LYPLAL1|PTPN11|CEP290|APIP|PCBP2|GNPTAB|TAF2|UMAD1|IGF2BP3
GSE7768_OVA_ALONE_VS_OVA_WITH_MPL_IMMUNIZED_MOUSE_WHOLE_SPLEEN_6H_DN	0.000286861732644865	0.0274196368086362	0.461403910488113	1.7019681175013	0	152	AIM2|MIER3|ZC2HC1A|ITGB1BP2|IFIH1|MMP14|KAT2B|USP25|PDCD10|RAB29|MARCHF5|LGALS8|MOB3B|PNPT1|DCLRE1C|CRLF3|ARF4|ISOC1|DRAM2|SCARF1|ZCWPW2|SLAMF7|CD274|RBM43|PPA1|ACSL1|RAP2C|PELI1|XKR8|NAMPT|CUL2|PCGF5|SVBP|AFTPH|AZI2|EEIG2|BRAF|TMEM68|DCP2|RNF14|TPST1|NOD1|BRWD3|P4HA1|PSME4|SMPDL3B|SFXN2|USP12|NSMAF|ALDH1B1|MAP2K4|SAV1|PNP|ZC3H7A|ZC3HAV1|SMG7|MORC3|ARHGAP25|NSD3|ACOT9|TDRD7|INTS9|ELF1|PLEKHA2|HPS3|CAB39L|CCNJ|NPEPPS
GSE9006_TYPE_1_VS_TYPE_2_DIABETES_PBMC_AT_DX_UP	0.000148920327624721	0.0274196368086362	-0.505587243256988	-1.8054773757065	0	199	GZMM|XAB2|PDLIM2|RPLP2|LPCAT4|GTF2H4|APBA3|CCS|TMED9|TECR|ATP13A1|PRPF31|ARHGAP4|SAC3D1|SREBF1|ABHD17A|AEBP1|IRF3|SDF2L1|AURKAIP1|SPINT2|DCAF15|STARD3|MED22|ATP2A3|NAA60|THAP7|DNAJC17|FBXO41|TACC3|POLR2E|QTRT1|PIN1|PPP6R2|PSMB10|CDK2AP2|WDR18|SLC39A4|MFSD10|GFUS|THOC6|UCP2|RPL36|PFDN2|PRPF19|RPS27|NDUFC1|TSSC4|KLF13|HMG20B|ARHGEF1|NFKBIB|SIGIRR|YJU2|CCDC85B|E4F1|SF3A2|ERP29|ANAPC2|SMARCD2|PEF1|ATP5F1D|EEF1D|UBE2M|CD81|WDR74|SNRNP70|NELFB|TMEM259|SAFB|ABCF3|PRR5|HNRNPM|STK25|ZNF512B|GADD45GIP1|TAF1C|SH3GLB2|PDIA4|AMBRA1|PFDN6|DRAP1|ATP1A1|H2AX|CLPTM1|EDF1|SLC25A22|ILKAP|ARHGAP17|SIPA1|AP5Z1|TSR3|UBE2S|NOC2L|CDC37|SAFB2|PGLS|FUS|SLC2A4RG|TRIM28|SF3B4|U2AF2|CFL1|GSN|BRMS1|CDCA4
GSE9601_UNTREATED_VS_PI3K_INHIBITOR_TREATED_HCMV_INF_MONOCYTE_UP	0.000151745068285281	0.0274196368086362	-0.493816814830322	-1.73145839966946	0	170	H4C4|TMCO4|SRGAP3|RAB4B|CCDC12|POLR2L|RPL28|PYCARD|RPS29|BSG|DDX41|MIIP|RNASEH2C|SERF2|ARHGAP45|OSBPL5|UCP3|CXXC1|CYBA|H4C14|IRF3|RPL18|MED15|NDUFS8|OS9|RGS14|SIRT7|MAD1L1|THAP7|RPL38|FRMD8|IGF2R|ACSBG1|USP36|FKBP8|MBD3|PSMB10|MAP4K2|B4GALT7|HMGN2|H2AC25|TUBGCP2|TSSC4|ARHGEF1|GIT2|TNIP1|DDA1|NCAPD3|RPL37A|GIPC1|H2AZ2|PAFAH1B3|NOSIP|SDF4|NDUFB11|PSMB4|CAPG|RPS26|H1-5|IRF9|EHMT2|DNMT1|SRRT|FLII|MCM3|SCPEP1|TMA7|IRF1|RELB|KIF2C|ANKRD11|RBCK1|ARL6IP4|SNX15|TLN1|NFKBIE|PPP1R9B|TMEM158|DDX54|NDUFA8|SHKBP1|LRRC8A|CDCA8|TOMM5|TACC1|SF3B2|BIRC5|SIPA1|EZR|CSNK1G2|RPL41|PDE4DIP|MEA1|CCDC97
GSE9960_HEALTHY_VS_GRAM_NEG_AND_POS_SEPSIS_PBMC_DN	0.000300390507659958	0.0274196368086362	0.440492541806435	1.66048510654795	0	180	LINC02860|MIER3|TCEAL1|DCP1B|NEDD1|ZNF43|TRAPPC6B|KCNRG|SCRN3|KAT2B|RFFL|DNAJC28|EIF2AK3|STT3B|TMEM64|ZBTB41|MBTPS2|LRBA|TRUB1|RBMXL1|ERBIN|EAF1|TXNL1|THAP6|CRYBG3|CCNB1|LYPLA1|CIBAR1|STARD3NL|SCYL2|TVP23B|WTAP|SNRPN|ISOC1|RAD9B|ELL2|PGM2|TIMM23|IRAK4|DTWD2|SBNO1|RABL3|UBQLN2|ZNF582|ATP11A|ZNF451|ZMYM6|NDUFB5|HYCC2|CMAS|MON2|ZNF217|PHF3|LYRM1|TUBGCP4|P4HA1|TNKS|API5|ZKSCAN5|OGFOD2|DCUN1D1|MPHOSPH10|SLC30A9|USP12
HALLMARK_APICAL_SURFACE	0.000173943294485998	0.0274196368086362	-0.656242436649663	-1.82373421462682	0	36	CROCC|SLC2A4|LYPD3|CRYBG1|TMEM8B|HSPB1|IL2RG|MDGA1|AKAP7|PCSK9
HAMAI_APOPTOSIS_VIA_TRAIL_DN	0.000149543891132047	0.0274196368086362	-0.506550528435967	-1.79622392976198	0	185	FOXD2|FZD9|MAPK8IP2|FSTL3|EMILIN1|H2AC8|TYMP|SPON2|KISS1R|TIMP3|CPT1C|VCX3A|PACSIN3|GDF15|INKA1|PPP1R14A|SLC29A1|APOE|SRD5A3|TRPM4|RCN3|SGSH|IFITM2|SAC3D1|SERPINH1|CD19|CEP250|UCHL1|SYNGR4|COL6A1|TRIM46|CFD|CYBA|ICAM1|RPP25L|VCX|TAOK2|EFNA1|BCL3|SLC16A5|BRSK1|ISG15|ZNF329|KMT5C|SLC1A5|GTPBP3|RNF32-DT|TMEM42|NOL3|SLC39A4|SPHK1|TSC22D4|RPP25|DDAH2|PYCR1|MRPL2|FZR1|PLEKHH3|CCDC85B|ICAM3|MDK|SMARCD2|INF2|PCK2|CDC34|MAGEC1|NOL6|MAGEA3
HORIUCHI_WTAP_TARGETS_DN	0.000346260387811634	0.0274196368086362	0.388175751208143	1.54915513713397	0	304	ST8SIA4|TTK|CD44|DEPP1|SGO2|BMAL2|RNF11|USP38|TMEM64|CKS2|LAMP2|TMEM106B|TOP2A|ANLN|MBTPS2|PBK|BCAP29|KIF11|LDHA|PI4K2B|CCNA2|KNL1|CCNB1|ABCD3|CKAP2|SMAD2|TFB2M|PPM1A|NAA15|TWF1|TMEM123|SC5D|POLA1|ATL3|NCAPG|ATXN10|PGRMC2|NDC80|STYX|UHMK1|WTAP|ITPRID2|CCNC|H3-3A|NUSAP1|MAD2L1|CDC27|WWTR1|RPL7AP36|DLAT|GNG10|LRRC8C|LDHB|CKAP2L|KLHL8|ZDHHC20|TMED5|TYMS|MBNL1|TDP2|ARL5B|CDK1|CMPK1|RRM2|TSNAX|NAA50|RFC5|ANKRD46|BUB1|TRBC1|PEX13|RRM1|VRK1|C1D|COQ3|COX7B|SEPHS1|PAPOLA|RACGAP1|TPP1|TMEM245|KIF14|NEK2|BNIP2|SLC25A5|CDKN3|PRR11|IPO11|ACAT2|ARL6IP6|CFAP97|SRPRB|HSP90AA1|BUB3|LMNB1|CDCA2|FDFT1|PCLAF|POLR3G|ATP11C|PAICS|USP28|HJURP|SMAD5|CAT|PBRM1|CCNB2|TMEM33|BUB1B|FUT11|RAD51AP1|KPNB1|PHF10|GLO1|POLR1F|DEPDC1|PGK1|CANX|DLGAP5|KIF23|MELK|NCAPD2|HMGB2|EEF1B2|NAP1L1|PURB|FAM83D|ASPM|NUP98|ASF1A|DRG2|HNRNPA3|GSKIP|PNRC2|PECAM1|SPC25|NUCKS1|SNRNP27|ING3|MTPN|FOXM1|CEP55|CENPA|LBR|LRP8
HUMMERICH_MALIGNANT_SKIN_TUMOR_DN	0.000366032210834553	0.0274196368086362	-0.821962890699547	-1.87710216759414	1	15	PLXNB2|ATP2A1|MYL11|MYH8|CFD|IFI27L2|SCAND1
IBRAHIM_NRF1_DOWN	0.000153964588144727	0.0274196368086362	-0.512816965958352	-1.76929460909869	0	146	A1BG|FSTL3|PLAT|H2AC7|PLXNB1|DGAT2|ENC1|RNF215|FCSK|PBXIP1|TMEM25|GDF15|DDB2|AMDHD2|DOCK4|GAS5|TRAIP|NAT9|SNHG11|SNHG32|SPSB3|KLF7|KIFC2|ST6GALNAC6|MSH5-SAPCD1|CCND1|RPP25L|COMTD1|TMEM107|NME3|RECQL4|PIGQ|FHL1|LIG1|MAP3K12|LRRC45|DHRS3|PLK3|RIN1|AGRN|LINC00623|OXLD1|NT5C|PIDD1|NPHP4|TRPT1|CYBC1|HMG20B|LINC01003|PLEKHH3|C19orf48P|FANCG|FLOT1|SRGAP2|HES1
IBRAHIM_NRF2_DOWN	0.000154297176361673	0.0274196368086362	-0.568492264508899	-1.9633472019687	0	148	OGDHL|CROCC|RAB26|PLAT|RHPN1|ZFTRAF1|ENC1|ABCA7|LAMA4|PBXIP1|NOXA1|LPCAT4|DDB2|AMDHD2|DOCK4|NBEAL2|SEMA3B|ACAP3|SNHG32|TUBGCP6|SPSB3|TMEM80|KIFC2|TOP3B|PKN3|H4C14|TCP11L2|HAGHL|COMTD1|MATCAP1|PPP1R16A|CHTF18|IP6K2|SPG7|NME3|RHOT2|RECQL4|PIGQ|TSHZ2|RFNG|PPP1R35|LIG1|MAP3K12|SLC2A8|LRRC45|NFATC4|ID3|DDT|TONSL|SEMA4C|DHRS3|RASSF7|PGP|PAQR4|CDK10|NT5C|METTL26|ENGASE|PIDD1|SIVA1|TRPT1|CYBC1|HMG20B|PLEKHH3|HOXC6|TK1|TMUB2|ENTR1
IKEDA_MIR30_TARGETS_UP	0.000274574409665019	0.0274196368086362	0.498130053743861	1.76461285633063	0	113	SEMA3A|DPYSL2|GNA13|CFL2|CPNE8|CAPZA1|PDCD10|SOCS6|NEDD4|CPEB2|PTBP3|PTPN2|XPR1|FNDC3B|PI4K2B|ITSN1|ARF4|ELMO1|PPP1R12A|NFAT5|WDR44|AP3S1|CNOT6|RRAD|USP47|UBE2V2|YWHAZ|GOLGA4|RAP2C|PELI1|PHTF2|BCL2|CELF2|B4GALT5|RAPH1|CHD9|KDM3A|BECN1|SEC23A|PAPOLA|MAN1A2|P4HA1|CLOCK|GTF2H1|SSBP2|CDK6|CAST|TBC1D15|GALNT7|USP15|ASAP1|PIP4K2A|CPEB4|TAOK1
ISSAEVA_MLL2_TARGETS	0.00017082336863683	0.0274196368086362	-0.691204744763728	-2.00233681831444	0	45	TRIM29|CRIP2|AXL|L1CAM|HSPB3|SEMA3B|SMAD6|ARHGAP45|PPP2R2B|LAMB3|FHL1|C5AR1|SLC16A5|ENO3
JOHNSTONE_PARVB_TARGETS_2_DN	0.000351493848857645	0.0274196368086362	0.429726187104051	1.72726391591719	0	324	TMTC3|FSD1L|ARRDC3|UBTD2|CPNE8|ZKSCAN8|ANKRD13C|SESTD1|LEMD3|CENPQ|SEC24B|EXOC5|ARL5A|PDIK1L|RUNX2|CNIH1|HNRNPLL|BACE2|BPNT2|DERA|GLUD1|B3GNT5|GCNT2|FOXJ3|SGPL1|ZNF184|RCHY1|NFYA|ENSG00000269825|GULP1|ZNF468|HYCC1|PLEKHA5|TNFAIP8|NUP153|CRYZ|ETNK1|SLC25A40|PPM1A|LRP6|OPA1|SLC44A1|ARPP19|PPIL1|SLK|IFRD1|HSPA4|PPP2R5E|ZNF814|UTP11|ESD|UFL1|RANBP9|GTF2A1|ISOC1|PCNP|PLPP3|TTC39C|DSEL|RUNDC3B|RHOJ|MAGT1|C1GALT1|ERO1A|PPA2|FXR1|MBNL1|TDP2|TCAF1|RAP2C|TGFBR1|WIPF1|SOAT1|ZNF623|ANGPT1|ZDHHC2|RBPJ|ZNF654|CASP3|RAB28|RFX7|CLIC4|PTK2|SSR1|TMEM14A|PTP4A2|SMC3|MOB1B|ZNG1A|WAC-AS1|AKIRIN1|PRPF39|MIS18BP1|DHX15|ELOVL5|NET1|SEPHS1|GBE1|RBBP4|DCP2|RO60|ZMPSTE24|POPDC3|TPST1|PAK1IP1|PPWD1|IPO5|PPP2R5C|MAPK14|C6orf62|TCERG1|ADO|LEPR|DCUN1D1|RCN2|NUFIP2|SRSF1|WEE1|CDC5L|MRS2|ATP11B|CUL5|S100PBP|SLC35A1|ATF1|MYCBP2|B3GALNT1|SLC39A8|FAF1|STMP1|SRPK1|SSBP2|CDK6|EHBP1|FUBP1|TMEM33|SLC30A5|GALNT7|NUP58|DST|TOP2B|SFPQ|PPP3CA|NR3C1|OARD1|NFX1|RASA2|XRN1|SRSF10|USP4|TOMM20
KANNAN_TP53_TARGETS_UP	0.000337040781934614	0.0274196368086362	-0.594837867135882	-1.79129043186758	1	56	SMAD7|SPAG1|APLP1|ENG|QSOX1|GDF15|DDB2|LCAT|ACTA2|SLC3A2|SMTN|APOC1|SCRIB|FEZ1|LSR|FAS|BCL6|DMPK|DGKA|PLK3|GALE|PDLIM4|TAX1BP3|NINJ1|BBC3|CDKN1A|SURF1
KEGG_STEROID_HORMONE_BIOSYNTHESIS	0.000174641983932937	0.0274196368086362	-0.720884522528158	-1.93244152789596	0	30	SULT2B1|STS|CYP19A1|SRD5A3|COMT|AKR1C2|HSD17B7|HSD17B1
LINDGREN_BLADDER_CANCER_CLUSTER_3_UP	0.000350017500875044	0.0274196368086362	0.371272840273363	1.49068533936571	0	318	NXT2|TINCR|BCAR3|EXO5|CDC7|CENPQ|PLK4|HACD2|BLTP3B|CKS2|MNS1|ANKRD27|TOP2A|PRPS2|MLF1|CPD|RFC4|KIF11|AP1S2|MTHFD2|AKAP12|CCNB1|CKAP2|MSH2|SLC25A40|TSC22D2|GNPAT|YWHAQ|KPNA2|ASS1|TMEM106C|USP14|SNX4|MAD2L1|BRIX1|CSRP3|ACSL4|C5orf22|ALDH9A1|CENPU|INSIG1|PANK1|RBL1|OSGIN2|TMED5|TYMS|PPA2|RTN3|ACSL1|CDK1|SOAT1|RRM2|ZNF286A|UBA2|NAA50|DBF4|BUB1|TARS1|CRIPT|PIGC|PGM3|HSPD1|VRK1|CDK2|COX7B|RBBP4|STMN1|GOLT1B|PAK1IP1|RACGAP1|KIF14|NEK2|SUCLG1|GGH|PCNA|ZWINT|SEC62|XPOT|GGCT|ZNF148|PSMD11|PLAAT3|ATAD2|HLTF|TBC1D23|TFG|NEMP1|H3C10|TFRC|NCAPG2|CENPE|SLC39A8|FAF1|RFC3|MED8|ZYG11B|PEPD|RMI2|PPAT|ATP6V1C1|CCNB2|COPB2|ZNF232|BTG3|METTL2A|RBBP7|MAPRE1|TRMT6|EXO1|GLO1|DEPDC1|DAB2|DLGAP5|TGFBRAP1|WDHD1|KPNA4|KIF23|SSX1|MELK|ACADM|ATG5|HMGB2|TCF19|FAM83D|RPA3|ZNF587|BRCA1|TOM1L1|TAF11|ADAM17|GMCL1|IMPA2|NETO2|TEAD2|NUCB2|CDC6|CEP55|CENPA|PKIB|DBI
LU_EZH2_TARGETS_DN	0.000363768643142961	0.0274196368086362	0.362893048415336	1.4708391841206	0	359	SLC35A3|NBPF3|LPXN|FAR2|ARMCX1|ZNF14|EXO5|ZNF483|GNA13|TGFBR2|POC1B|SLC22A4|JMJD7-PLA2G4B|BMPR2|BLZF1|CENPQ|CCNG1|SEC24B|DNAJC28|POGLUT1|NPIPB4|SFT2D2|DUSP19|ZNF614|NABP1|NPL|KPNA3|MGAT2|BACE2|ANLN|LRBA|PBK|EIF4G2|PPP1CC|PI4K2B|PNPT1|GOLGA8B|OCIAD1|ZNF514|SATB2|ZNF493|TMX3|AAK1|SHQ1|ZFYVE26|HPRT1|ADIPOR1|SCCPDH|SDCBP|PICALM|TRIM13|KPNA2|MSANTD2|CBFB|BCL9|HK2|PSMD6|METTL21A|PCNP|RECK|NUDT11|GJC1|SGCB|ARMH4|RPS6KA2|CALD1|MAGT1|ELL2|PSMG1|DLAT|UBE2E3|LITAF|EXOC8|HYPK|ZBTB34|RTN3|HBEGF|ACSL1|DSG2|DTWD2|NR2C1|UTP3|PHLPP2|DDX52|SEPSECS|MTRR|RAPH1|ANKRD46|PARD6G|ASCC3|ANKRD36C|USP49|PTPN12|PRDX6|SEC24A|C6orf120|ATP2A2|ELOVL6|DCP2|SACM1L|BIRC2|KLHL12|CREB1|RPA2|MTF2|BCLAF1|ZCCHC9|STIL|RTCA|MBD4|NIPA2|CHCHD3|SEC63|TMEM87A|AMER1|EXT2|TRAPPC11|ATP11C|DCAF12|SKP2|IDI1|TRIM33|XRCC2|MTMR9|RBM12|MCL1|DYNC1LI2|CPSF6|SPTLC1|GORASP2|TPGS2|CRK|PPP3CA|SLC36A1|PLAU|ANKRD17|PAIP1|SCML2|WDHD1|BTAF1|TERF1|RASSF5|ATP2B4|TM7SF3|AGO2|POLQ|FAM83D|XPNPEP3
LU_EZH2_TARGETS_UP	0.000142592328532725	0.0274196368086362	-0.490077476485363	-1.80432242150087	0	271	H2AC20|S100A2|CLDND2|BCAS4|IRF7|CLDN7|DPM3|PSMB9|HBQ1|MAPK11|HES4|AMDHD2|COX14|UQCR10|TEX19|JOSD2|ETFB|SNHG11|ADAMTS4|CYTOR|SERF2|SNHG32|IFI35|NAA38|C17orf49|OSBPL5|RARRES2|LONP1|CFD|IER3|MPG|HAGHL|MAFA|COMTD1|SCAND1|ZNRD2|OCEL1|RHOF|NME3|TRIOBP|ARL17B|ADAP1|TAF15|WDR83|PCNX3|STK19|TRIB3|KRTCAP2|GNA11|ISG15|AKR1C2|ATOX1|TRIP6|RPUSD1|LSM7|PSMB10|ENDOG|HYAL3|CYB561D2|PITX1|SDC4|TRAPPC5|PAQR7|THOC6|OXLD1|UNC45A|RGS19|RPL36|NENF|CENPV|G0S2|MCRIP2|NCAPH2|SIGIRR|GCHFR|NUDT1|HSD11B1L|BOK|TLCD1|OGFR|ZNF133|LMNA|FLOT1|PCK2|C8orf82|STUB1|HCFC1R1|LPCAT1|AP1S1|RPS6KB2|WDR74|EMC6|S100A6|ISOC2|SLC25A26|TOR3A|PSMC3|HABP4|CCDC107|PIH1D1|MIEN1|HYAL2|RCC1L|RMND5B|PFDN6|NDUFA8|S100A13|RPS19BP1|RPLP0P6|SHARPIN|PHF19|STYXL1|TUFT1|PUSL1|SNCG|WDR45|FAM219B|NES|HDGFL2|MATK|PAGR1|CBY1|PEX16|AHSA1|PFKL|PSMB7|FNBP1|BST2|MKNK2|PMVK|AOPEP|ECHDC3|CSK|RAD51D|DDIT3|SNHG10
MANNE_COVID19_COMBINED_COHORT_VS_HEALTHY_DONOR_PLATELETS_UP	0.000150829562594268	0.0274196368086362	-0.519830528991624	-1.83012672012753	0	175	TPM2|IDUA|COL18A1|VASN|CLDND2|NPW|EXOC3L4|APLP1|IRF7|HLX|ITPKC|ZBTB49|HBB|P2RX4|IFITM1|METRN|MAPK12|MIIP|TSPAN4|IFITM2|SERPINH1|NICOL1|POR|HERC6|FAM131C|TMEM208|PMF1-BGLAP|KIFC2|SLC6A8|LGALS3BP|PIK3IP1|UQCC5|CAPN12|HRC|NDUFS8|NR1D1|FLYWCH1|EFNA1|KEL|CASZ1|FDXR|IFITM3|PALM3|ANKRD45|ISG15|AMHR2|SRM|PPP6R2|SELENBP1|CCDC24|DECR2|ADCK5|FAM83H|SMIM1|AHSP|TPRN|H2AC25|PFDN2|TAPBP|PCYT2|MMP17|TGIF2|WNT5B|UQCC3|CD3D|XYLT2|NUDT14|PARP12|CLN6|LPAR2|WDR53|LY6E|MINDY4|RELB|CDCA7L|DPM2|PCGF2|HBE1|ALAS2
MANNE_COVID19_ICU_VS_HEALTHY_DONOR_PLATELETS_UP	0.000156985871271586	0.0274196368086362	-0.524698605556284	-1.77103320936318	0	121	TPM2|IDUA|COL18A1|ADGRG3|NPW|EXOC3L4|APLP1|ITPKC|P2RX4|IFITM1|METRN|CACFD1|MIIP|TSPAN4|ROGDI|PHPT1|IFITM2|SERPINH1|NICOL1|POR|HERC6|LINC03040|KIFC2|LGALS3BP|PIK3IP1|FLYWCH1|FDXR|IFITM3|FHIP2B|ANKRD45|ISG15|SRM|PPP6R2|DECR2|FAM83H|SMIM1|TPRN|H2AC25|TAPBP|CRELD1|MBOAT7|PCYT2|MMP17|ACADVL|XYLT2|NUDT14|CLN6|LPAR2|HCFC1R1|LY6E|ADISSP|CDCA7L|HBE1|OBSL1|PRAF2|PLBD2|TXNRD3
MARTINEZ_RESPONSE_TO_TRABECTEDIN_DN	0.000330360092500826	0.0274196368086362	0.460300009322602	1.81143472642214	0	265	DCK|RAD54B|MRPL1|BLZF1|EMSY|PSMC6|TMEM53|DTL|TOP2A|TP53INP1|ANLN|HDAC2|PDGFB|NBN|GGPS1|KIF11|PPP1CC|MACIR|RSRC2|PEX1|CCNA2|CRLF3|GDI2|PSMA4|IPO7|SPRY2|SACS|PTGES3|HSPH1|FNTA|RAB6A|PPP2R5E|ITPRID2|EPS15|GCC2|SMARCA5|PJA2|CDC27|SYNE1|MRPL15|TRIM24|RAD23B|RAP1B|GTF2H2|MED17|LRRC8C|MCTS1|USP8|PSMG2|RAB5A|MEAF6|CCNH|SUPV3L1|CDK1|CMPK1|MRPS35|UBA2|DNAJA2|B4GALT5|SAMD4A|MTMR4|BUB1|CCT4|PRKD3|UBE2D3|LSM14A|BAG2|NET1|MYC|ELOVL6|BIRC2|RNF14|TIAM2|PSMC2|ZDHHC5|GTF2B|ZMYM2|FRYL|MAPK14|RBM25|TCERG1|NMI|USP12|PANX1|PCNA|RABGAP1|MTIF2|WEE1|CDC5L|RAB1A|PSMD14|SLC4A1AP|PPP2R1B|ZDHHC16|DDX20|DDX21|ATF1|STAU1|GTF2H1|BUB3|MYCBP2|CORO1C|EIF4B|HERC4|IMMP2L|FAF1|BTG1|RIPK1|ZNF281|DLG5|CDC25C|DKC1|BIRC6|PAFAH2|FKBP15|CRK|SLC25A17|KDM1A|CDIN1|POLD3|TOP1|BTAF1|KIFBP|ATG5|HSPA8|CDC42BPA|MFAP1|MICAL2|UBE2D2|OSBPL9|SNIP1|MAP3K4|JMJD1C|CSNK2A1|CDK5R1|VPS35L|CEP55|TARBP1|USP3|RABGGTB|STK17A|XRCC5|ACSL3|LBR|FOXK2|SIRT1|UBR7
MEBARKI_HCC_PROGENITOR_FZD8CRD_DN	0.00013745704467354	0.0274196368086362	-0.445295921289359	-1.6798045693105	0	363	NFKBIZ|TMEM238|A1BG|TPM2|SCX|CADM2|ENSG00000290654|SEMA4G|SLC2A4|CARMN|KLC4|RAB26|LYRM9|WNT11|WIPF3|GLYCTK|DNHD1|LCA5L|HSF4|SLC22A18|PAQR6|SEC31B|ABCB4|FGD3|MLXIPL|CFAP70|CXCL1|CPEB3|ARID5A|KCNK5|DOCK4|APOE|RNF207|TEF|ARHGAP4|AKR7L|LPIN3|APOC1|GRM3|CLIP3|SYT7|PHKA2-AS1|SEC14L4|AGBL2|SLC23A3|KIFC2|NUDT16|ODAD3|PPP1R16A|PTK2B|EFNA1|C5AR1|DCN|LINC01320|LINC00574|ARSL|SLC22A18AS|CRYM|STK19|BATF2|SLC6A16|NLRP1|GLI4|SP100|GGCX|GFI1B|DGAT1|KANK1|DHRS3|ENO3|SELENBP1|ACACB|GGT7|SGK1|RAB11FIP4|ACAA1|HIP1R|PACSIN1|PCYT2|ENGASE|PAIP2B|GCHFR|CLSTN3
MIKKELSEN_MEF_HCP_WITH_H3K27ME3	0.000136780194227876	0.0274196368086362	-0.424944387917572	-1.60535772179573	0	370	MAPK8IP2|RAP1GAP2|SYPL2|ELOVL3|TLX1|PAQR6|TFAP2E|BMP8B|SLC8A2|LYPD3|SCN5A|DHH|BSN|TDH|LHFPL5|PRKCZ|FOXD3|PPM1N|DEGS2|KCNC3|SLC35F3|CLDN6|PNMT|AATK|SNHG11|MAST1|MATN4|MARVELD3|NTRK3|ATP1A3|DMRTC2|SRCIN1|SYT7|SELENOV|NKX6-1|FGF12|FGF17|SVOP|PLEKHG6|CACNA2D2|DNAJC22|DKKL1|ACSL6|LSR|PRRT3|THEMIS2|CRACR2B|NRTN|NPAS1|KDF1|JAG2|ACTN2|HOXC13|EPHX3|ADAM11|GAL|CRYM|FOXD4|ADGRB3|DIRAS1|LARGE2|CPNE7|DMBX1|CDCP1|RAB11FIP4|ACAA1|SYT10|SOX18
NABA_CORE_MATRISOME	0.000149678191887442	0.0274196368086362	-0.48106545384111	-1.70445364142595	0	183	VWCE|MATN1|PRG2|COL18A1|COL25A1|EMILIN1|HAPLN2|VWA7|SVEP1|COL14A1|SPON2|LAMB1|LAMA4|ECM1|COL1A1|LAMA5|MATN4|AEBP1|CILP|CTHRC1|IGFBP2|ECM2|COL6A1|CRISPLD2|PCOLCE|LAMB3|COL6A3|HSPG2|TINAGL1|VWA1|DCN|NCAN|LTBP3|SMOC2|MMRN2|LTBP4
NABA_MATRISOME_ASSOCIATED	0.000261882938326568	0.0274196368086362	-0.381560394386635	-1.46629385695729	1	467	SEMA4G|AMH|ADAM19|IL17B|WNT11|FSTL3|HPX|PLAT|S100A2|IL15|PLXNB1|S100P|SEMA4D|CRLF1|PLXNB2|BMP8B|TIMP3|SEMA3F|DHH|ANGPTL6|CXCL1|WFIKKN1|ADAMTS14|GDF15|FLT3LG|EREG|PLXNA1|FGFBP3|WNT3|ITIH5|PLOD1|ADAMTS4|SEMA3B|SERPINH1|ADAMTSL4|PLXNA2|A2ML1|ADAM22|MMP1|CSF2|MUC5B|PLXNA4|COLEC12|FGF12|LGALSL|FGF17|TGM1|TGFB3|S100A5|LOXL3|GPC1|GDF2|PIK3IP1|SERPINE1|HCFC1|PGF|NRTN|TIMP1|PLOD3|P3H1|SEMA6A|SEMA3G|IL1B|EGFL6|NRG1|IL17D|GDF9|ADAM11|INHBE|MUC1|CCL24|MMP15|CTSA|SEMA4F|CCL26|ADAM15|CTSD|SEMA4C|IL16|CST3|HYAL3|BMP1|SDC4|IL23A|PDGFA|CTSL
NAKAYA_PBMC_FLUARIX_FLUVIRIN_AGE_18_50YO_7DY_DN	0.00033167495854063	0.0274196368086362	0.392811670818716	1.54730777301206	0	267	FOSB|FEM1C|CXCL8|CD83|MTMR6|ZNF350|KBTBD8|MEX3C|MSL2|EGR3|ATXN7|ABHD13|RGS2|CFL2|LONRF1|RNF139|ZBTB33|GCC1|CPEB2|KDM7A|OTUD1|RNF138|L3MBTL3|PGGT1B|EGR1|B3GNT5|XPR1|YES1|CLK4|PFKFB3|ETV3|SMAD4|NR4A2|ETNK1|PPM1A|MAPK1IP1L|TSC22D2|PRKAR1A|UTRN|SP3|YTHDF3|ZNF644|HSPA14|ATP1B1|ZNF92|TRIB1|WTAP|RBM7|MED21|PTX3|PDE4D|FGFR1|TIGAR|EGR2|EXOC8|CDK17|INSIG1|SERTAD1|TENT5A|SAMSN1|SNX13|NFE2L2|HBEGF|RAP2C|CRY1|NAMPT|ASCC3|PCGF5|CACUL1|ZFC3H1|DNAJB9|TENT4B|ZBTB21|RICTOR|QKI|CHD1|CHMP2B|RPS24|SERTAD3|CTNNB1|ARL4A|KBTBD2|IVNS1ABP|ADO|ETF1|ZFAND5|CHMP1B|CHORDC1|DDX21|GABARAPL1|RIPK2|HERC4|ZNF326|ZNF281|ESCO1|SERTAD2|IDI1|ASH1L|ATF3|RLIM|MCL1|BAG5|EPG5|MAFF|FKBP15|ZC3HAV1|ZFP36|MCM9|FOSL2|RAB20|WDR48|ZNF282|C9orf78|PPP1R15B|CALCOCO2
NAKAYA_PBMC_FLUARIX_FLUVIRIN_AGE_18_50YO_CORRELATED_WITH_HAI_28DY_RESPONSE_AT_3DY_NEGATIVE	0.000358680057388809	0.0274196368086362	0.415822101349913	1.68164043368051	0	347	ZNF101|ADTRP|SMN2|MEX3C|ATXN7|NEDD1|FOXO1|TGFBR2|ZNF26|EPB42|TC2N|CD3G|MFSD14A|ITGB3BP|STT3B|CLDND1|AMD1|TMEM106B|KPNA3|ANKRD36|KLHL24|DNTTIP2|RSL24D1|FAM76B|NAP1L5|KDM7A|RNF138|AFF4|ZNF277|PPP1CB|PTPN2|TAF9B|PIK3CA|CLK4|NOL11|RSRC2|RANBP2|GOLGA8B|NDFIP2|PPM1A|THOC2|ZNF274|METAP2|TWF1|NAE1|SVIP|ZNF12|PRKRA|TRIM13|ZNF92|WTAP|LMO7|ZNF814|MED21|UFL1|SNRPN|DDHD1|SYNE2|CHIC1|GPR183|PDE4D|SBDS|BACH2|WDR89|SOS2|SLC25A36|FOXP1|CDC14B|USP47|CDK17|CIR1|MED23|SUPV3L1|NAA25|FAM133B|PPIG|NGDN|ZNF292|SEPSECS|ITM2A|AHCTF1|RAPGEF6|ENDOD1|DBF4|PPFIBP1|ZCCHC10|KDM3A|SMC3|KRR1|TUBB1|LUC7L2|ANKRD12|TENT4B|HEATR1|CNOT6L|SEPTIN2|RICTOR|ZBTB25|KDM6A|PPP1R16B|SECISBP2L|TMEM243|ZC3H11A|MAML2|TTC3|TNPO1|CHD1|MTF2|FAM20B|ZMYM2|TNKS|BCLAF1|RBM25|IVNS1ABP|CEP57|HMGB1|CETN2|TAF4B|SFXN1|USP12|AK3|CHORDC1|CWF19L2|SSBP1|STK4|RYK|TIPARP|ECD|CDC42SE2|ZNF136|ISCA1|USP16|ESCO1|GOLGA8A|SGTB|PRKCQ|SMIM19|ZBTB38
NIKOLSKY_BREAST_CANCER_16P13_AMPLICON	0.000158957240502305	0.0274196368086362	-0.620858743879886	-2.05754445438646	0	106	RAB26|NPW|KREMEN2|MAPK8IP3|FAM234A|HBQ1|WFIKKN1|METRN|RHBDF1|CLDN6|SPSB3|IFT140|SRRM2|JMJD8|MPG|CLCN7|LUC7L|HAGHL|CHTF18|ZNF598|EME2|NME3|RHOT2|FLYWCH1|PKMYT1|PIGQ|PRR35|LMF1|CRAMP1|UQCC4|RPUSD1|PRSS21|CAPN15|FLYWCH2|DECR2|WDR24|RAB11FIP3|UNKL|GNPTG|POLR3K|TELO2|RPS2|RAB40C|NTHL1|THOC6|PAQR4|METTL26|MEIOB|MCRIP2|ZNF205|NUBP2|ZNF213|STUB1|HCFC1R1|HBZ|PKD1|GFER|PGAP6|MSRB1|SYNGR3|NHLRC4
NIKOLSKY_BREAST_CANCER_8Q12_Q22_AMPLICON	0.000269905533063428	0.0274196368086362	0.508880652829423	1.78245104084268	0	104	ZC2HC1A|SNX16|RAD54B|CCNE2|NECAB1|UQCRB|NCOA2|TMEM64|TP53INP1|NBN|KLF10|RPL7P9|CALB1|ZFAND1|CIBAR1|PLEKHF2|YTHDF3|DCAF13|SDCBP|INTS8|DCAF4L2|CFAP418|FABP9|SLC10A5|YWHAZ|OSGIN2|STAU2|SLC25A32|UBE2W|ANKRD46|TMEM70|NDUFAF6|GDAP1|DECR1|CHMP4C|RPL7|RIDA|RBM12B|OTUD6B|GGH|NSMAF|PEX2|RIPK2|TRAM1|FABP5|OSR2|PABPC1|ATP6V1C1|IMPA1|POLR2K|ZFHX4|AZIN1|LACTB2
OCONNOR_PBMC_MENVEO_ACWYVAX_AGE_30_70YO_7DY_AFTER_SECOND_DOSE_VS_7DY_AFTER_FIRST_DOSE_DN	0.000318369945877109	0.0274196368086362	0.459869088424487	1.78305404191804	0	228	PIGB|GPR160|PRKCH|IFIH1|UBTD2|TGFBR2|ARID2|ABITRAM|SEC24B|TRIM23|LAMP2|ETFRF1|JKAMP|PPT1|RNF13|ATG4C|PRPS2|ALG13|FOXN3|GGPS1|LIPT1|SYPL1|SCAF8|PPM1A|ARF4|MXI1|HSPH1|ZNF274|HPRT1|FCRLA|PGRMC2|NFAT5|ATP1B3|TRMT1L|TCP1|GMPS|SMARCA5|HSD17B11|PXYLP1|RCBTB2|CD96|SERPINE2|TRIM24|SLC40A1|UBE2E3|ZNF586|SDHD|HERPUD1|RAB5A|NFE2L2|SOCS2|WIPF1|WAC|KCTD6|ZNF700|RESF1|TSNAX|AHCTF1|ZNF654|CDK2AP1|IREB2|CCT4|NNT|NIP7|CDKN1B|MRPS30|ALDH2|ELOVL5|WWP2|LMBRD1|RBBP4|ZNF621|ABHD5|TIA1|CA2|CHMP2B|RBM47|MFSD14B|PUM1|CLPX|ITM2B|PTEN|ZCCHC9|YIPF4|PSIP1|CDC5L|RAB1A|S100PBP|IDE|MFSD6|RIPK2|TRAPPC11|USP48|SSBP2|DIMT1|COPB1|TRIM33|ANXA7|INPP4A|DEGS1|KPNB1|RBM12|MCL1|NUDT9|KYAT3|ZC3H14|MORC3|FAM149B1|ATOSA|TRAK1|SPPL2A|ALDH1A1|SRP54|TSEN15|CEP95|TENT2|CDC14A|SNAP23|OSBPL9|ATMIN|SEC22C
ODONNELL_TFRC_TARGETS_DN	0.000274649821477616	0.0274196368086362	0.469058693213301	1.69384575320855	0	127	TTK|KBTBD8|MEX3C|RAD54B|SGO2|CFL2|H4C12|PLK4|DEPDC1B|PCBP1-AS1|TOP2A|ANLN|GNAQ|KIF11|TP63|CCNA2|CCNB1|ARHGAP11A|HSPH1|RIF1|DNA2|ECT2|NDC80|TTC9B|LINC01010|ZFAND4|CKAP2L|CCDC148|CDK1|RRM2|DBF4|BUB1|LIN28B|ANKRD50|C4orf46|SETMAR|MON2|DCP2|LRRC58|KIF14|CDKN3|ACACA|SHCBP1|TFRC|CENPE|PRKCQ-AS1|NUP50|NFIA|ERCC6L|BUB1B|GALT|DEPDC1|DLGAP5|NCAPH|GINS3|FAM83D|ASPM|FAM72C|SPC25|G3BP1|CDC6|FOXM1|CEP55|CENPA
OUELLET_OVARIAN_CANCER_INVASIVE_VS_LMP_UP	0.000272182906913446	0.0274196368086362	0.4756445643565	1.69699223491024	0	117	PSMC6|CKS2|PTGS1|RFC4|LDHA|ZNF146|NUP153|ARF4|SUMO1|LRPPRC|OAT|SDCBP|ATP1B3|CFI|IFIT1|SPP1|PRKCI|NDUFV2|ATP5F1C|UBE2V2|ATP5F1B|YWHAZ|DPM1|HERPUD1|NUP205|DDX5|COPS5|SNRPB2|TARS1|SSR1|HMGN1|FH|SPCS2|HMGN3|COX7B|PSMA2|CD47|ATP13A3|GPI|SLC25A5|CDKN3|MRPL3|RAD21|EFR3A|NMI|PLSCR1|CKAP5|ATP5PB|SRPK1|COPB2|BTG3|MAPRE1|POLR2K|SLC35B1|GLO1|SUMO2|PSMA3|TCEA1|CSE1L|MELK|MAP2K1|KDELR2|HMGB2
PECE_MAMMARY_STEM_CELL_UP	0.000155836060464391	0.0274196368086362	-0.524754882448792	-1.79152420762146	0	134	WFS1|S100A2|RPL28|MT2A|RPS28|UQCR11|RPS20|RPLP2|TIMM8B|NDUFB2|RPS29|APOE|GAS5|UBL5|ATP5ME|UBA52|NDUFA11|LAMB3|RPL13A|FAU|NDUFAF8|PET100|DDT|NDUFA6|RPS18|RPS10|RPS16|RPS2|TRAPPC5|RPLP1|OXLD1|DUSP7|SNHG6|CNP|TUBB2B|RPSA|SMARCA4|RPS26|RPS12|EEF1D|NOP53|SOCS3|MANBA|ATP5MG|CSTB|RPL8|TMA7|STK35|KARS1|RPL35A|EIF3K|RPS19BP1|COX7A2|RPS14|AKR1C1|DDX24|COX4I1|EDF1|ABHD6|RPL23A|COX6C|RPL41|DDR1|RPS13|TUBB4B|RPL13|RPL27A
POOLA_INVASIVE_BREAST_CANCER_DN	0.000158102766798419	0.0274196368086362	-0.549574747195362	-1.82715463080713	0	108	TPM2|IGF1R|PLAT|ANPEP|CCDC170|CRLF1|SYNM|HBB|ANKH|EREG|ITGA7|IFT140|IGFBP2|LAMB3|STC2|SLC27A6|ECE1|CA12|ESR1|TMEM101|SEZ6L2|LTBP3|DCT|TIMM44|LTBP4|DACH1|FGFR3|CD151|SDC4|PDGFA|CDK10|FLNB|FGF2|SYMPK|PGGHG|KDM4B|XYLT2|IGSF1
PUIFFE_INVASION_INHIBITED_BY_ASCITES_DN	0.000279798545047566	0.0274196368086362	0.483820573330234	1.76669133590423	0	138	CXCL8|MTMR6|CD44|ESF1|UQCRB|ZNF410|DNAJC24|SHLD2|HAT1|BTBD1|PDCD10|ERI2|AMD1|FNDC3B|NOL11|NFYA|MOB4|ORC4|AK6|TNFAIP8|ANKHD1|PLEKHF2|NAE1|RRAS2|BCAS2|TRIB1|UGCG|WWTR1|CALD1|TXNDC9|ZBED5|UBE2V2|DCTN6|MFF|CCNH|LAMTOR3|RAP2C|INPP5F|CDK1|THOC1|RABGAP1L|ZCCHC10|C6orf120|ELOVL5|ATG12|SECISBP2L|RO60|CHMP2B|AIMP1|IVNS1ABP|CETN2|MTIF2|ECHDC1|TRAK2|SYNJ1|TGFBR3|POT1|SH3GLB1|EEF1E1
PYEON_CANCER_HEAD_AND_NECK_VS_CERVICAL_UP	0.000300932891965092	0.0274196368086362	0.47044334372002	1.77959140180711	0	184	MEIS1|SLC35A3|MSL2|PIGA|ZNF367|C2CD5|ANKRD36B|ANKRD13C|CDC7|CCNE2|USP25|RMI1|TMCC1|PDIK1L|DTL|PRPS2|HACE1|GEN1|KNL1|CDCA7|NR4A2|FAM199X|PPM1A|SLF1|OPA1|GAS2L3|GINS1|POLA1|THAP9-AS1|SKIL|FGFR1OP2|PXYLP1|MAP3K21|CASP8AP2|CENPU|RBL1|CEP44|LINC00342|DONSON|UBXN7|CDK1|REL|AHCTF1|RFC5|PRMT6|KIF15|DDX3X|PRPF39|C18orf54|ZBTB21|SLF2|RBBP4|KDM6A|CEP152|ARL13B|CENPI|GART|MTF2|NEK2|ARHGAP5|HNRNPA1|ZNF236|PSIP1|BRWD1|BRIP1|SMC4|ATAD2|HLTF|LMNB1|BHLHE40|CENPJ|SYNJ1|GOLGA8A|CCDC150|INTS7|LINC02977|CCDC14|RAD51AP1|U2SURP|BAG5|KNTC1|POLD3|PRKX|WDHD1|NEK4|BCL2L11|NSD3|DIP2A|FAM72C|CDC42BPA|USP37
REACTOME_ECM_PROTEOGLYCANS	0.000168293503870751	0.0274196368086362	-0.614453841206219	-1.87783665603562	0	62	MATN1|LAMB1|LAMA4|COL1A1|LAMA5|ITGA7|MATN4|ITGAX|COL6A1|TGFB3|SERPINE1|COL6A3|HSPG2|DCN|NCAN|ITGB5|AGRN|ITGB1|ITGAV
REACTOME_EXTRACELLULAR_MATRIX_ORGANIZATION	0.000145158949049209	0.0274196368086362	-0.43681546567435	-1.58784990165824	0	238	MATN1|ADAM19|COL18A1|COL25A1|EMILIN1|COL14A1|LAMB1|ITGA4|MADCAM1|LAMA4|ADAMTS14|COL1A1|BSG|LAMA5|SH3PXD2A|PLOD1|ADAMTS4|ITGA7|ICAM5|SERPINH1|MATN4|MMP1|CAPN11|ITGAX|KLK2|COL6A1|TGFB3|LOXL3|ICAM1|PCOLCE|LAMB3|SERPINE1|COL6A3|CAPN12|HSPG2|TIMP1|PLOD3|P3H1|DCN|NCAN|COLGALT2|LTBP3|CAPN10|LTBP4|MMP15|NCSTN|ADAM15|ITGB5|ICAM2|CTSD|CAPN15|AGRN|CD151|BMP1|SDC4|PDGFA|CTSL|PLEC|ITGB1|ITGAV|FGF2|P4HA2|MMP17|ICAM3|COL1A2|ITGA5
REACTOME_GPCR_LIGAND_BINDING	0.000143616257360333	0.0274196368086362	-0.433372224566522	-1.58890668950405	0	260	TAS2R20|NPFFR2|MC1R|WNT11|FZD9|ACKR1|CCR7|C3|GNRH1|GNG8|NPW|KISS1R|S1PR5|FZD7|DHH|NPB|C5|CXCL1|PLPPR3|GNB3|GPR68|ADGRE5|WNT3|P2RY11|PTH2|ADM2|APLNR|CXCL16|GRM3|CCK|TAS2R5|GNRHR|PTGIR|LTB4R2|KEL|ECE1|CMKLR1|C5AR1|NPFF|GALR3|FZD3|GAL|CHRM4|PSAP|RAMP1
RHEIN_ALL_GLUCOCORTICOID_THERAPY_DN	0.000362844702467344	0.0274196368086362	0.475531480009726	1.92620272040137	0	357	FOSB|DPYSL2|TTK|ARMCX1|PRKCH|EGR3|CCNG1|PKD2|ITGB3BP|TMEM135|DTL|CKS2|MME|DARS1|TOP2A|PRPS2|TBCA|EGR1|RFC4|KIF11|LDHA|PRIM1|CCT8|NPM1|MEF2C|AKAP12|GDI2|IPO7|SH3BGRL|ZFAND1|SMC2|METAP2|LRPPRC|HPRT1|OLA1|SCCPDH|ECT2|TCF12|NCAPG|ATXN10|RBMX|NUP37|ETFA|INTS8|ESD|GMPS|ISOC1|NUSAP1|SCP2|MAD2L1|NREP|LAT2|PSMG1|CNBP|MCTS1|RHOA|ATP5F1C|LDHB|CENPU|PCCA|PPA1|VDAC1|UGP2|TYMS|RTN3|FXR1|C1orf54|LINC00342|CDK1|MRPS35|RRM2|BCL2|HMGN4|CPNE3|CACYBP|SSR1|TMEM14A|MYB|PRDX3|KIF15|PRDX6|RRM1|MLLT11|VRK1|SPCS2|ACAT1|NDUFB5|SPTSSA|PSMD10|GBE1|PSMA6|RBBP4|CITED2|STMN1|APEX1|THOC7|CLNS1A|ANP32B|CREB1|RACGAP1|GPI|PARK7|CCDC90B|ING2|IVNS1ABP|GGH|MRPS33|CFDP1|CEP57|MRPL3|RSL1D1|DAD1|CETN2|METTL5|PCNA|RTCA|ZWINT|PSIP1|CFAP298|SEPTIN11|GGCT|HACD1|PSMD14|SSBP1|BZW2|CHCHD3|SHCBP1|H3C10|BHLHE40|PCLAF|CCT6A|FABP5|BCCIP|PAICS|SSBP2|DIMT1|AHCY|EHBP1|CAT|BLMH|LTA4H|CCNB2|BUB1B|RAD51AP1|RPL22|SORD|GLO1|TPGS2|MPP1|PGK1|CANX|SPARC|TBC1D4|DPH5|NEK4|MELK|PDCD2|CTBP1|ACADM|KDELR2|NAP1L1|HSPA8|ST13|ANP32A|ATIC|HNRNPA3|GOT2|UBE2L6|COX11|ECI2|HDDC2|PAK2|MDH1|HEBP1|NUCB2|KCTD3|ME2|CEP55|GAPDH|ALDH5A1
SAKAI_CHRONIC_HEPATITIS_VS_LIVER_CANCER_UP	0.000259268861809697	0.0274196368086362	0.537815892615591	1.79025100611617	0	76	PIGB|HAT1|HIF1A|CTSS|PIK3CA|RANBP2|SMNDC1|UBE2N|NAE1|CBX3|HSPA4|TCP1|USP14|USP33|USP8|UBE2V2|LAMTOR3|CUL2|HNRNPK|PRDX3|UBE2D3|CMC4|ATF2|PPP3R1|MYC|UBE2D1|TNPO1|NCK1|HNRNPA1|PTPRC|PCNA|SRSF1|CUL5|MPHOSPH6|HSP90AA1|UBE2A|CAT|YME1L1|MAP3K5|CANX|CSE1L|KPNA4|ST13|UBE2D2|HSF2|UBE3A|CUL1|APAF1|SOD2|USP7|UPF3A|UBE2L3|JAK1|TXN
SCHLOSSER_MYC_TARGETS_REPRESSED_BY_SERUM	0.000289100896212778	0.0274196368086362	0.466034419540784	1.73188644507746	0	160	COPS2|DARS1|HDAC2|KDSR|CCT8|MACIR|MTHFD2|TFAP4|LYPLA1|NUP153|PTGES3|UBE2N|DDX10|HPRT1|OAT|NAE1|RMND5A|CBX3|ATXN10|THAP9-AS1|KPNA2|HK2|MAD2L1|AUH|PSMG1|EIF4E|CNBP|ATP5F1C|LDHB|TRIAP1|SRSF8|SSB|NGDN|UBA2|EMC2|AASDHPPT|PRMT3|ACTL6A|TARS1|EIF2S1|HSPD1|FH|ZMPSTE24|ANP32B|IDH3A|IPO5|TMX1|PMPCB|ATP13A3|API5|HNRNPA1|TCERG1|MRPL3|ZC3H15|ETF1|GNL2|SRSF1|XPOT|GARS1|PSMD14|SSBP1|WRN|BUB3|ISCA1|OTUD4|ZZZ3|DIMT1|BLMH|EEF1E1|ZBTB11|BTF3|NUP58|ZC3H14|SLC25A17|UBE2K|RLIG1|SMN1|TOMM20|EXOSC8|MACROH2A1
SENGUPTA_NASOPHARYNGEAL_CARCINOMA_UP	0.000337154416722859	0.0274196368086362	0.449801630854593	1.7812562125733	0	283	FBN1|DPYSL2|TTK|PRNP|PARPBP|COL15A1|PGAP1|NEDD1|ZNF367|SGO2|IFIH1|CCL2|CDC7|CCNE2|ZNF121|ARL5A|CHN1|POGLUT1|DEPDC1B|DTL|HNRNPLL|TOP2A|ANLN|NBN|PBK|DOCK7|KIF11|FASTKD1|CCNA2|KNL1|ERI1|CDCA7|SLC25A40|RIF1|DNA2|CEP135|SLC44A1|GINS1|ECT2|CBX3|NCAPG|RBMX|NDC80|ZNF92|MPHOSPH9|IDH1|PMS1|NUSAP1|MAD2L1|EMILIN2|ARHGAP8|EFNB2|CD274|TIGAR|GATA6|CALD1|CAPRIN1|NFYB|EIF5A2|CENPU|CXCL11|TYMS|ACER3|TMEM38B|SOCS2|VRK2|CDK1|RRM2|ZNF286A|QSER1|ANKRD46|ASCC3|DBF4|KIF15|RRM1|DRAM1|PIWIL4|MINPP1|TIA1|DSCC1|RACGAP1|RBBP8|GART|MASTL|IPO5|MTF2|OTUD6B|PRR11|QDPR|RCN2|SFXN1|PCNA|ZWINT|BRIP1|ARL6IP6|ZNF195|SMC4|ESCO2|ATAD2|ADH5|NEMP1|TFRC|CENPE|PCLAF|CENPJ|RFC3|CCT6A|ATP11C|ATL2|PUS7L|HNRNPA2B1|MBTD1|NDC1|LLPH|INPP4A|BUB1B|RAD51AP1|SCAI|U2SURP|STAT1|NUP58|PATL1|SSX2IP|ASAP1|PLAU|SPARC|DLGAP5|WDHD1|KIF23|SRSF10|MELK|HMGB2|NAP1L1|TM7SF3|AGO2|HAUS6
SENGUPTA_NASOPHARYNGEAL_CARCINOMA_WITH_LMP1_UP	0.000358680057388809	0.0274196368086362	0.452821796096334	1.8312721692651	0	347	CXCL8|PGM5|FAR2|FOXA1|NEDD1|SGO2|C3orf52|ANKRD36B|COX10-DT|TC2N|CATSPERB|SESN3|CNR1|ESF1|KLHL13|ASB9|MBNL2|GNG12|PTHLH|SERPINI1|LTN1|CLIC2|CAPZA2|SNHG4|TOP2A|KLHL24|G2E3|IMPACT|ZNF277|HAND2-AS1|FNDC3B|CLK4|MACIR|MTHFD2|NORAD|THAP6|LYPLA1|CALB1|SEH1L|IPO7|CRYZ|NEXN|RIF1|WASHC4|NAA15|CEP295|OLA1|CBX3|HSPA4|CMPK2|LMO7|IFIT3|PRTFDC1|RAP2A|DDHD1|TTC14|TRIM2|RSAD2|RASSF6|F5|IGSF10|IFIT1|PTX3|SFRP2|CD274|SLCO4C1|IGFBP5|KIT|NPAS3|LGALS4|NRXN1|ELL2|SLC25A36|MYO6|EIF5A2|PPA2|RPE|SLC25A32|MBNL1|LRP12|PPIG|REL|BCL2|UBE2W|NAMPT|QSER1|HBS1L|PRMT3|SCAMP1|MIR99AHG|ZMAT3|SMC3|FAR1|HSPD1|PRKD3|LIN28B|MOB1A|RPRD1A|PPM1K|C4orf46|HYCC2|RBBP4|PAPOLA|TRNT1|ZC3H11A|POPDC3|TTC3|ZMYM2|BCLAF1|GALNT1|PSME4|RBM25|DCUN1D1|CEP57|NT5DC1|BMP2K|SFXN1|CEP76|USO1|AK3|UGT8|ESCO2|HSP90AA1|PAPPA|TFG|SEC63|B3GALNT1|POLR3G|USP16|SREK1|SDHAF3|SSBP2|PIR|GALNT7|PTPRR|WDR3|FAM98A|MOCOS|DNAJC21|KYNU|TOP1|FBXW7|LACTB2|SLC25A33|CPEB4|DNAJC3|HSPA4L|OXR1|HAUS6|SMC5|ASPM|ST13|CDC42BPA|USP37|CHROMR|TRIM5
TARTE_PLASMA_CELL_VS_PLASMABLAST_DN	0.000346020761245675	0.0274196368086362	0.35442935841027	1.41129215027082	0	300	ITGB7|TTK|CD70|ZNF410|PLK4|CKS2|CORO1A|SLC25A46|VBP1|TOP2A|RARS1|PRPS2|UCHL3|RFC4|KIF11|PRIM1|MYCBP|MTHFD2|CCNA2|ABCE1|MAPK6|CCNB1|ABCD3|PSMA1|SUMO1|ELMO1|HPRT1|GINS1|OAT|NAE1|CBX3|GCLM|NKRF|KPNA2|HSPA4|ATP1B3|TCP1|MAPK1|USP14|OSTF1|MAD2L1|CDC27|CAPRIN1|NDUFV2|LDHB|VDAC1|CPOX|TYMS|CDK1|RRM2|COPS5|TRA2B|NARS1|SNRPB2|TARS1|SSR1|EIF2S1|CCT4|NNT|RRM1|FH|S100A10|UBE2D3|COX7B|PSMA2|RB1|PAPOLA|KIF14|GART|CLCN3|IPO5|NEK2|ATP13A3|GPI|GALNT1|PSME4|GGH|CDKN3|MRPL3|ETF1|STIL|GNL2|PCNA|GARS1|PSMD14|MPHOSPH6|TIMM17A|YWHAH|ATP5PB|LMNB1|TFRC|PSMC5|CENPE|FDFT1|PCLAF|RFC3|CCT6A|FABP5|PAICS|HSPA9|AHCY|PNP|BLMH|BAK1|KIF2A|ACOT7|TOP2B|SUMO2|PSMA3|EED|PGK1|KYNU|TOP1|DLGAP5|CSE1L|KIF23|HMGB2|ANP32A|ATIC|WARS1|PRKCB|BAG1|MRPL19|PAK2|PPIF|CCND2|CDC6|FOXM1|CASP6|CENPA|PDLIM1|LBR|EIF5|DBI|FOXK2|ANXA6|TKT|LIMS1|ATP5PO|KDM5A
THAKAR_PBMC_INACTIVATED_INFLUENZA_AGE_21_30YO_NONRESPONDER_28DY_UP	0.000293685756240822	0.0274196368086362	0.55289746372673	2.07281978615896	0	171	SAMD9|ST8SIA4|KBTBD8|STAP1|ZNF26|CLN5|C5orf15|ARL5A|HSDL2|RMI1|USP38|NCOA3|VPS26A|ZBTB33|GCC1|DARS1|ABCC4|HDAC2|MAP3K1|ZNF518A|RAMAC|GLUD1|MOSPD2|GGPS1|CGGBP1|ZNF613|PPM1B|CLK4|EIF4G2|KIF20B|ARL8B|CUL4B|MEF2C|ZNF845|ZNF146|SP3|PDS5A|YTHDF3|TCF12|SCYL2|TAPT1|IFRD1|FAM13B|MRPL50|CNOT6|SLC38A2|ZNF816|PJA2|TXNDC9|AGL|PCMTD1|ASNSD1|LAMTOR3|DOCK11|MOB3C|DNAJA2|ZNF451|RFX7|MED7|CLIC4|PTK2|CHD9|EIF2S1|ARMC1|CMTR2|ABI1|RPRD1A|MIS18BP1|CAND1|AFTPH|HAPSTR1|DCP2|BIRC2|PUM2|GART|SEC23IP|C6orf62|UPF2|IVNS1ABP|NGLY1|ADO|EFR3A|HMGCS1|IPO11|CWF19L2|RB1CC1|NUP54|HLTF|VPS37A|SLMAP|TRAK2
THAKAR_PBMC_INACTIVATED_INFLUENZA_AGE_21_30YO_NONRESPONDER_7DY_UP	0.000275254610514726	0.0274196368086362	0.518155106690702	1.86672666166342	0	125	ST8SIA4|ZNF26|CLN5|C5orf15|HSDL2|RMI1|USP38|ZBTB33|PSMC1|HDAC2|MAP3K1|ZNF518A|GLUD1|MOSPD2|PPM1B|EIF4G2|CUL4B|GLE1|ALG6|ZNF146|LRPPRC|TMEM123|PDS5A|YTHDF3|SCYL2|FAM13B|CNOT6|SLC38A2|CPSF3|PJA2|TXNDC9|SLC18B1|AGL|DOCK11|EXOC6|DNAJA2|ZNF451|RFX7|CHSY1|CHD9|EIF2S1|FAR1|ARMC1|CMTR2|RPRD1A|CPED1|HAPSTR1|DCP2|PAPOLA|BIRC2|PUM2|BCLAF1|COX15|C6orf62|UPF2|EFR3A|HMGCS1|RABGAP1|SRPRB|RB1CC1|SLMAP|TRAK2|PFDN5|RAB10|GFM1|USF1|VCF1|TOP2B|PPP4R3A|KRCC1|XRN1|PPP2R5A|VPS13C
THAKAR_PBMC_INACTIVATED_INFLUENZA_AGE_70PLS_NONRESPONDER_2DY_UP	0.00027196083763938	0.0274196368086362	0.508095577435876	1.79118028827565	0	108	STAP1|TC2N|LEMD3|USP38|VPS26A|UBLCP1|SCOC|CKS2|VBP1|FAM107B|PPM1B|THNSL1|ZNF146|PUS3|TSC22D2|TAPT1|TBPL1|LYRM7|SLC38A2|SMARCA5|UGCG|SAR1B|SYTL2|LDHB|AGL|PCMTD1|SOCS2|IFT74|FAM133B|ZNF654|TRA2B|CD24|TARS1|MED31|RRM1|ZNF91|PRKAA1|SEPTIN7|HACD3|PPP4R3B|GART|MTF2|MIX23|SEC62|USO1|SRPRB|NUP54|VPS37A|CDC42SE2|CISD1|SDHAF3|TRAK2|PNP|DENND1B|CCDC32|SP4|MSMO1|ACTR6|FAM98A|RLIG1|FYTTD1|CCNB1IP1|ASF1A|RNGTT|ZNF260|ERGIC2|ECI2|RPS6KA5|YEATS4|NUP43
VILLANUEVA_LIVER_CANCER_KRT19_UP	0.000291630212890055	0.0274196368086362	0.469029393587898	1.74675534765712	0	163	PCYOX1L|RFX3|TTK|MEX3C|PIGA|C2CD5|SGO2|S100A14|ARID2|ZNF354A|GLMN|CDC7|CDS1|PLK4|DEPDC1B|TOP2A|KIF18A|ANLN|P3H4|WDR75|KIF20B|SERGEF|DCLRE1C|HYCC1|DNA2|CEP135|GINS1|POLA1|OLA1|ECT2|NCAPG|CWC22|NDC80|POGLUT2|HK2|IFFO2|TAC1|GPR157|ZBED5|CKAP2L|IFT57|ZNF300|PHTF2|THOC1|ZNF292|RBPJ|BUB1|KIF15|RRM1|DNM1L|STMN1|ANP32B|STIL|PTPRA|NDE1|ZWINT|H2BC8|AGO1|STK4|RAE1|NEMP1|LMNB1|BLM|BTBD3|CENPE|PCLAF|USP28|METTL9|HJURP|DDX27|FUBP1|TRMT6|GPSM2|KNTC1|SUMO2|POLD3|DLGAP5|KIF23|USP4|MELK|DROSHA|NCAPH|NAP1L1|USP37|MARCHF3|KLHL42|ADAM17|CEP290|MAP3K4
WHITFIELD_CELL_CYCLE_S	0.000283929585462805	0.0274196368086362	0.444003661005867	1.62697540359495	0	144	CPNE8|DDIAS|CDC7|KAT2B|INSIG2|CENPQ|DNAJC6|TMCC1|H2AC17|BBS2|TOP2A|ANKRD36|RFC4|PRIM1|RSRC2|TTLL7|ARHGAP42|GOLGA8B|BMI1|DMXL2|NAB1|DNA2|SVIP|GCLM|NUP160|LYRM7|POGLUT2|SLC38A2|IFIT1|HSPB8|CALD1|SHTN1|LIPH|ZBED5|HAUS5|CENPU|OSGIN2|TYMS|NFE2L2|DONSON|PHTF2|RRM2|SP1|ANKRD36C|RRM1|MEGF9|SLF2|BIVM|ZNF217|DSCC1|RBBP8|MAN1A2|MASTL|RPA2|ORC3|NT5DC1|EFHC1|PHIP|ZWINT|BRIP1|MBD4|ESCO2|ATAD2|MYCBP2|H4C8|BLM|PCLAF|GOLGA8A|CCDC150|H2AC6|INTS7|CCDC14|RAD51AP1|EXO1
WILCOX_RESPONSE_TO_PROGESTERONE_UP	0.00028312570781427	0.0274196368086362	0.493014085058861	1.80510770247374	0	143	SAMD9|DLX4|LIPG|DEPP1|MATCAP2|ZNF268|RGS2|CENPQ|PTHLH|XRCC4|TOP2A|KLHL24|PBK|CEP162|ZNF518A|LGALS8|ORC4|CCNB1|ATG2B|RIF1|SMC2|SUMO1|SC5D|PDS5A|NCAPG|NDC80|NUP160|IDH1|NUSAP1|HSD17B11|OTULINL|PLA2G4A|CENPU|INSIG1|TYMS|IFT74|CDK1|RRM2|HBS1L|ZCCHC10|IFT70A|DNAJB9|HMGN3|MON2|ELOVL6|SMPDL3A|MTF2|SMPDL3B|CEP57|PCSK6|CYB5B|HMGCS1|CEP76|TMT1A|ACAT2|SHCBP1|FDFT1|PCLAF|IDI1|HJURP|MDM1|CCNB2|ETV1|MSMO1
WINNEPENNINCKX_MELANOMA_METASTASIS_UP	0.000290275761973875	0.0274196368086362	0.470602073725653	1.75025233175168	0	161	MORF4|PARPBP|ZNF367|SGO2|CKS2|TOP2A|EEPD1|ANLN|RFC4|KIF11|SRP19|CCNB1|IPO7|ARF4|SMC2|OLA1|ECT2|NCAPG|RBMX|NDC80|KPNA2|HSPA4|NEIL3|GMPS|SMARCA5|GJC1|TYMS|DONSON|CDK1|DDX18|RRM2|TAF1A|RFC5|CACYBP|BUB1|TARS1|CCT4|HSPD1|DSCC1|RACGAP1|NEK2|CDKN3|NCBP1|PCNA|ZWINT|CHORDC1|ATAD2|SHCBP1|NCAPG2|PCLAF|PAICS|KNSTRN|CCNB2|VMA21|EXO1|HSPA5|MRPS17|KNTC1|FAM98A|DLGAP5|IMMT|SRSF10|NUDT4|MELK|NCAPH|KDELR2|NUDCD1|ASPM|RPA3|PRPF38B|ZNF587|MTERF3|SPC25|XPO1|TRUB2|IWS1|CDC6|C8orf33|CEP55|CENPA|SSR3|CHEK1
WP_CYTOKINES_AND_INFLAMMATORY_RESPONSE	0.000361532899493854	0.0274196368086362	-0.821871847309911	-1.93829024985805	1	17	IL15|CXCL1|CSF2|IL1B|PDGFA
WP_PREGNANE_X_RECEPTOR_PATHWAY	0.000226551880380607	0.0274196368086362	0.754411343398855	1.93901523605184	0	21	FOXO1|SRC|ABCC3|NCOA2|NCOA3|ABCC4
ZHENG_FOXP3_TARGETS_IN_THYMUS_UP	0.000300842358604091	0.0274196368086362	0.458645603771856	1.73136159836655	0	182	ELK3|TTC39B|FEM1C|LNX2|RFX3|SLAMF6|CD69|PGAP1|C2CD5|NCOA3|TMEM64|NAA30|ARID5B|TESPA1|HIF1A|VPS54|MAP3K1|FAM76B|L3MBTL3|PTBP3|DUSP22|GDI2|PSMA1|NUP153|ETNK1|SLC25A40|ADD3|TCF12|SDCBP|WBP4|DENND6A|ESD|IBTK|GPR183|DOCK10|TOX|INPP4B|RNF125|CDK17|CPOX|DCTN6|SOCS2|MBNL1|PELI1|BTBD10|PHTF2|CNOT2|CELF2|B3GNT2|RAPGEF6|HBS1L|FAM91A1|DBF4|ARMT1|RABGAP1L|CHD9|FAM3C|CDK2|ANKRD12|AP4S1|TTC33|CNOT6L|ZBTB25|CITED2|ZNF217|PAK1IP1|MAN1A2|ARL4A|PPP2R5C|ARHGAP5|ATP6V1A|SGMS1|ASXL2|SEC63|ZFAND6|RPL5|REEP3|ZYG11B|CAST|LTA4H|CCDC32|TBC1D15|SLC37A3|TOP2B|ZC3HAV1|PIP4K2A|MAP3K5|TOP1|NR3C1|CDK19|EVI5|SMC5|HEATR5A|MTFR1|ATG16L1|ZKSCAN4|ELF1|LRIF1|TNFAIP3|JMJD1C
THUM_SYSTOLIC_HEART_FAILURE_UP	0.000369139904023625	0.0274476026414011	0.347918839436181	1.41358441831135	0	369	MIER3|TMEM182|AIF1|PRNP|DEPP1|CCNG2|FCGR2B|AGO4|TGFBR2|LST1|PDK1|MS4A6A|SELENOT|NECAB1|EXOC5|MBNL2|ATP6AP2|CCL4|SCOC|CNOT8|CEP20|CTSS|ZNF608|GFM2|PPP1R3B|TAF9B|ARL8B|NORAD|ABCD3|GDI2|TMEM35B|SYPL1|NBR1|MAPK1IP1L|RDX|NAB1|UTRN|PLEKHF2|NCBP2|TMED2|SC5D|YTHDF3|PICALM|XPO7|HSPA4|LYRM7|PREPL|PCNP|HSD17B11|CFI|FCER1G|LURAP1L|FPR3|TSPAN12|PLA2G4A|SGCB|DKK3|C1S|SERPINE2|RNF125|DAZAP2|ERCC8|CAPRIN1|ZBED5|RHOA|SKAP2|YWHAZ|JAK2|PKP2|RAB5A|SOCS2|NFATC2|LCP1|B3GNT2|NAMPT|RFC5|SP1|TMEM230|VIPAS39|ACTR2|CLIC4|CNKSR3|PPFIBP1|PTK2|RRM1|FH|GIMAP2|ANKRD12|PIK3CG|RICTOR|RBBP4|PPP1R16B|PAPOLA|RNF14|ZNF217|TPP1|BCLAF1|C6orf62|PTPRC|KBTBD2|LEPR|FBXW11|VAMP3|CDC5L|ZFAND5|RBM48|GTDC1|ASCC1|HTATIP2|MORF4L1
DACOSTA_UV_RESPONSE_VIA_ERCC3_COMMON_DN	0.000404040404040404	0.0277437923333751	0.407266375958781	1.67426543251472	0	440	DOP1B|BCAR3|FGF5|C2CD5|PPP2R3A|CCN1|TRAPPC8|SEC24B|PKD2|CAMSAP2|NCOA3|REV3L|NEDD4|ARID5B|KPNA3|TLE4|XRCC4|TOP2A|RNF13|MTREX|NBN|FOXN3|GNAQ|ARIH1|PEX3|DLC1|KLF10|FOXJ3|PTPN2|PPM1B|KIF11|KIF20B|TAB2|ITSN1|MARCHF7|MAPK6|MSH2|UTP18|ROCK2|IPO7|NUP153|SATB2|SCAF8|PALS2|BLTP1|OPA1|PIKFYVE|CEP135|WASHC4|LRPPRC|GINS1|TJP2|PDS5A|PPP1R12A|TCF12|RAB6A|SLK|PDE8A|RRAS2|NDC80|PICALM|PPP2R5E|EPS15|MED13|GMPS|PPP3CB|ORC2|IBTK|PMS1|UGCG|HOMER1|PJA2|CDC27|TRIM2|PALM2AKAP2|PTENP1|NPIPB5|NREP|MAMLD1|AUH|RAD23B|EIF4E|APPBP2|PRKCI|CDK17|FUT8|DYRK1A|GOLGA4|PIK3C3|SNX13|STAU2|FXR1|MBNL1|INPP5F|CNOT2|ZDHHC17|ZNF292|PHLPP2|RBPJ|CRY1|STK24|SAMD4A|CCSER2|PRMT3|ASCC3|CHSY1|PTK2|BAZ1A|EIF4G3|CHD9|FTO|PTPN12|SEC24A|PRR3|TASOR|ABI1|ADAM10|DHX15|ATF2|GBE1|MYC|RB1|QKI|PUM2|PHF3|CLIP1|CREB1|SHB|CHD1|KIF14|TUT4|MTF2|MKLN1|PUM1|PPP2CA|ATP13A3|NCK1|ZMYM2|PPP2R5C|FRYL|ATR|CEP170|UPF2|MID1|FBXW11|STIL|CLOCK|PTPRA|PHIP|USP12|RABGAP1|ARFGEF1|ADARB1|ATP11B|ZNF148|SSBP1|WRN|HELZ|ZNF638|CKAP5|RYK|TIPARP|MYCBP2|BHLHE40|BLM|PHF21A|CENPE|MAP2K4|ANKMY2|NUMB|MTX2|FCHSD2|CLASP2|ZZZ3|SPOP|EHBP1|TRIM33|FUBP1|CDS2|BUB1B|KIF2A|SUZ12|U2SURP|DST|CDK8|MBD2|PIP4K2A|SOS1|WDR43|ANKRD17|NR3C1|MAP4K5|PAIP1|WAPL|PIBF1|KIF23|MELK|MAP2K1|CCDC93|TRAK1|TDRD7|EVI5|SMC5|NUP98|CEP350|CDC42BPA|MNAT1|NR2F2|BRCA1|CDK13|ZMYM4|RNGTT|TRRAP|R3HDM1|UBE2D2|PKP4|NPEPPS|XPO1|ATAD2B|DENND5A|ZHX3|TUBGCP3|IGF2BP3|FARS2|CENPA|SMCHD1|ACSL3|NAA20|KRIT1|FOXK2|UBE3A|DNAJC13|PARG|SPEN|CUL1|KDM5A|USP9X|PARD3|CERS6|RAB3GAP1|OXSR1|DAPK1|CNOT4|GAPVD1|SOCS5|UBR5
DELYS_THYROID_CANCER_UP	0.000409053722388874	0.0277437923333751	-0.394239417239669	-1.49090735585934	2	373	KRT15|FSTL3|S100A2|C3|CYFIP2|PBX3|TRIM29|PLXNB1|SLC22A18|MAPK13|CRLF1|PLXNB2|IFI30|ENC1|SFN|SEMA3F|CLDN7|PTPRU|QSOX1|GDF15|ECM1|DDB2|ADGRE5|KCNK5|EREG|COL1A1|EPS8|SYNGR2|B3GAT1|APOE|TNFRSF21|APLP2|RGS3|ETHE1|APOC1|APLNR|MMP1|CRYBG1|MNDA|S100A5|MST1R|CYBA|IER3|ICAM1|CCND1|TNFRSF1A|FYN|LAMB3|LSR|TIMP1|NR1D1|MET|EMP3|PPP4C|ECE1|ENTPD1|SV2A|FAS|MUC1|GBP2|MAP4K1|CTSA|RAMP1|TSPO|DUSP4|ITGB5|CTSD|KCNN4|SLC1A5|DHRS3|IGSF3|PLK3|AGRN|CD151|SDC4|GFUS|MGRN1|UCP2|GALE|MPV17|DHCR7|G0S2|P4HA2|GRB7|PTK7|CTTN|KLHL2|PDLIM4|MFGE8|MDK|IGSF1|BID|TK1|CKLF|TMC6|CAPG|SPINT1|TAX1BP3|ICAM4|MXRA8|DUSP5|PRSS2|NINJ1|KDELR3|ITPR3|LY6E|NMU|UPP1|CTSH|FLII|HIP1
GARY_CD5_TARGETS_DN	0.00040048057669203	0.0277437923333751	0.422623628836052	1.73146094374293	0	428	SAMD9|AIM2|KBTBD8|FCGR2B|ZNF367|FOXO1|MRPL1|CFL2|GLMN|BLZF1|CCNE2|PSMC6|DTL|AMD1|SNHG4|MGAT2|RAB29|RARS1|DNTTIP2|ALG13|TRMT10A|RNF138|KLF10|KDSR|TAF9B|NOL11|NHLRC2|MT1X|CCNB1|RINT1|TNFAIP8|USP6NL|CRYZ|HSPH1|PLEKHF2|SLC44A1|METAP2|TWF1|GINS1|PLAA|PPIL1|YTHDF3|PGRMC2|RBMX|WBP4|KPNA2|HSPA4|NUP160|MRPL50|NUP133|CNOT7|CDC27|GPR183|SNHG14|IFIT1|MRPL15|SBDS|MAGT1|TXNDC9|NOP58|GTF2H2|MRPS23|RRP15|ASNSD1|PGM2|UFM1|SRSF8|TIPIN|WDR36|ARL5B|SLC30A7|PPIG|DDX18|UTP3|SOAT1|RRM2|TSN|ZNF451|CDK2AP1|MED7|CUL2|ASCC3|MTMR4|EIF2S1|ZCCHC10|GDAP1|FAR1|DNAJB11|ZNG1A|AP4S1|FBXO28|HEATR1|EIF3J|BAG2|KBTBD6|CYBB|SEPHS1|CHUK|CITED2|UTP15|CEP152|PAPOLA|PPP4R3B|TIA1|PAK1IP1|STX7|PPWD1|TNPO1|CENPI|PSMC2|KIF14|MRPL30|IPO5|SEC23IP|BCLAF1|OTUD6B|API5|ATR|RBM25|ETF1|NCBP1|GNL2|CYB5B|RPF1|BMP2K|IPO11|ZWINT|KIAA1586|SRSF1|CNDP2|RBM22|IDE|CHORDC1|SGMS1|ZDHHC16|DDX20|GTF2H1|ATP6V0E1|TFRC|PSMC5|ISCA1|POLR3G|RFC3|CCT6A|USP16|FUBP3|GRSF1|BCCIP|SERTAD2|DNAJB6|BZW1|SKP2|DDX27|PNP|TRMT10C|ATP6V1C1|EIF1AX|PBRM1|FUBP1|TMEM33|DRG1|RLIM|ERCC6L|GFM1|SLC30A5|MSANTD7|KPNB1|HSPA5|GALNT7|BAG5|MRPS17|CUL4A|WDR3|POLR1F|USP15|FAM98A|ZNF407|OGA
IBRAHIM_NRF1_UP	0.0003933910306845	0.0277437923333751	0.344611290526846	1.40872273795704	0	415	TMTC3|PRNP|ESF1|DNAJC6|GCC1|GNAI3|COPS8|VPS54|RARS1|BPNT2|ME1|INTS13|PJA1|EIF4G2|CCT8|PFKFB3|NOL11|MTHFD2|UAP1|TMEM168|ABCE1|MAPK6|RPAP3|FBXO30|HSPH1|RTN4|DDX10|ELMO1|SH3BGRL2|SDCBP|WDR26|GCLM|YWHAG|HSPA4|RNF6|PPP2R5E|TRIB1|CBFB|TCP1|PSMD6|MRPS22|USP14|DDHD1|PLRG1|BRIX1|FGFR1|SERPINE2|SBDS|GNPDA2|RIOK2|RAD23B|SCFD1|EIF4E|DLAT|NCKAP1|LIPH|FAM83G|PRKCI|LDHB|TMED5|ACSL1|LIMK1|FXR1|WDR36|SUPV3L1|SBNO1|SSB|KIF5B|SOAT1|B4GALT5|NAMPT|NARS1|CACYBP|SSR1|HNRNPK|DNAJB11|HSPD1|PRDX6|SEC23A|NIP7|FBXO28|EIF3J|BAG2|ALDH2|SNW1|KIDINS220|CMAS|PAPOLA|CLNS1A|MGST1|ZC3H11A|CLIP1|UBE2D1|UBQLN1|PPP2CA|PDIA3|HNRNPA1|RAB14|FBXW11|KIAA1191|MPHOSPH10|RTCA|SRSF1|ARCN1|NACA|MRGBP|XPOT|ACTR8|RAB1A|ACAT2|SLC4A1AP|TIMM17A|DDX21|CHCHD3|ALDH1B1|PPID|TFG|UBE2V1|TTC27|CCT6A|BCCIP|SRPK1|HSPA9|RAB35|DKC1|BLMH|FUBP1|TMEM33|MAPRE1|EIF3H|TRMT6|HSPA5|BNIP3|MCL1|ALDOA|LMAN1|CUL4A|KCMF1|WDR3|YME1L1|SFXN5|FAM98A|POLR2B|PRMT5|DNAJC21|CANX|MAP4K5|FYTTD1|C9orf78|SNRK|KTN1|NEK4|MAP2K1|CCDC47|HSPA8|RPS6KB1|FTH1|ZDHHC9|ANAPC1|TPST2|ATMIN|GAN|CALU|PTPN11|ZNF746|MRPL19|EIF2S2|TNPO3|PHAX|GLYR1|PPIF|NUP43|SF3A3|IWS1|TAF2
MEISSNER_NPC_HCP_WITH_H3_UNMETHYLATED	0.000405350628293474	0.0277437923333751	-0.387985385435467	-1.47253597812878	2	391	BHLHA15|SP5|MESP2|TPM2|SCX|TMCO4|MAEL|FSTL3|BFSP1|OSMR|HSF4|ADSS1|MAPK13|EZHIP|BSPRY|SEC31B|TFAP2E|ITGA4|BMP8B|SYCE2|PLLP|CLDN7|DHH|KREMEN2|NPB|TDH|LHFPL5|PDLIM2|CASTOR1|B3GNT8|GPR176|ADGRE5|PPM1J|GSDMD|EPPK1|WNT3|CUL9|CHCHD10|CXCL16|MATN4|MARVELD3|GCA|AFAP1L1|SELENOV|AGBL2|CRISPLD2|FGF17|SLC2A12|PLEKHG6|SPMAP2L|LIAT1|CYBA|PRORSD1P|LTB4R2|P2RX5|NLRX1|PRRT3|THEMIS2|CRACR2B|SHFL|KDF1|BCL3|ATP2A3|DNAAF6|KLK8|GNMT|CLDN11|SDR39U1|GAL|LIN7B|NAPRT|SLC16A3|SEMA4F|EHBP1L1|RNH1
OSMAN_BLADDER_CANCER_UP	0.000384763370527126	0.0277437923333751	0.403294122525374	1.64152902934338	0	389	NXT2|SNX16|MS4A3|PRNP|CD44|MEX3C|WASH5P|KCTD12|NMD3|ESF1|SESTD1|LGALS3|C1orf162|ACTR3|TMEM106B|KPNA3|XRCC4|UBA6|KLHL24|FAM107B|G2E3|ALG13|IMPACT|NBN|ARIH1|GLUD1|RMDN1|LDHA|AASDH|SRP19|THAP6|NEMF|LYPLA1|LDLRAD3|SLC25A40|ZNF641|BLTP1|RIF1|ZFYVE16|WASHC4|SLC44A1|TWF1|GCLM|ABCB10|UHMK1|AGPS|RAP2A|FGFR1OP2|TNKS2|UGCG|SCP2|FCER1G|PLA2G4A|SGMS2|MAGT1|RAD23B|ATP6V1D|SLC25A36|USP47|CENPU|PCMTD1|TMED7|TMED5|TYMS|ACER3|MFF|SNX13|NFE2L2|SOCS2|CERT1|FXR1|MBNL1|UBXN7|SRP72|FAM133B|UBQLN2|UBE2W|TSNAX|NAMPT|CCSER2|CPNE3|SCAMP1|PTP4A2|CHD9|RNPC3|ZMAT3|EIF2S1|SMC3|CRIPT|FAR1|NNT|SEC24A|MOB1A|ACBD5|TTC33|ALDH2|KLHL6|KBTBD6|CYBB|AZI2|GBE1|SUGT1|CITED2|CD47|RO60|TIPRL|TNPO1|TPP1|SNTB2|RBM12B|TMED8|TMX1|ZDHHC5|BRWD3|PDIA3|BCLAF1|OTUD6B|GALNT1|PSME4|MAPK14|PTPRC|DCUN1D1|CEP57|RAB14|PRR11|RAD21|PLSCR1|PCNA|PIAS1|CDC5L|INTS6|MBD4|ATP11B|RSF1|ZNF148|PARP4|STK4|KLHL7|HSP90AA1|ASB8|RIPK2|PRPF40A|BLM|LNPEP|VTA1|USP16|ZYG11B|TRAK2|TM2D1|RIOK3|RAB10|SMAD5|ZC3H7A|TMEM33|BICD2|KPNB1|SUZ12|SARNP|ZNF253|SSX2IP|IER3IP1|SOS1|ANKRD17|KYNU|TOP1|LACTB2|STRN|RASA2|KTN1|ZNF562|MACROH2A1|ATG5|CCZ1|SPPL2A|OXR1|COQ2|HAUS6|RPS6KC1|DHX36|VASP|SMG1|PTCD3|ELF1|SECISBP2|SF3B1|ERGIC2|TNPO3|PHAX|GLYR1|CRTAP|DCAF10|YEATS4|NUCKS1|WDR41|CHURC1|AGO3|SNRNP48
PUJANA_BRCA2_PCC_NETWORK	0.000390167772142021	0.0277437923333751	0.349371134836004	1.42694809944555	0	412	TTK|ZNF101|ZNF43|CAMK2B|ZNF354A|KIN|GLMN|CDC7|CCNE2|ITGB3BP|PLK4|TCF7|CKS2|SLC25A46|TOP2A|TBCA|RFC4|KIF11|ZNF184|PAQR3|PRIM1|KIF20B|PPP1CC|NFYA|PEX1|CCNA2|CCNB1|MSH2|GNPAT|PIKFYVE|RIF1|DNA2|SMC2|HPRT1|GINS1|POLA1|NAE1|CBX3|BCAS2|NDC80|THAP9-AS1|MPHOSPH9|TCP1|GMPS|AGPS|ORC2|TMEM106C|VAV1|COPS3|MAD2L1|CDC27|RCBTB2|TOX|TRIM24|LARP7|SRP9|GTF2H2|NFYB|EXOSC9|FZD2|INSIG1|TYMS|STAU2|NUP205|CNOT3|NR2C1|CDK1|RRM2|ADK|FRG1|ITM2A|RFC5|HMGN4|DBF4|BUB1|MYB|SMC3|HMGN1|RRM1|PRR3|CLGN|ENSG00000291006|DHX15|ELOVL5|SEPHS1|RBBP4|RB1|CD47|STMN1|DCP2|RBBP8|KIF14|MTF2|NCK1|PPP2R5C|ATR|TCERG1|CEP57|CDKN3|ABCB7|STIL|CYB5B|RAD21|HMGCS1|PCNA|RTCA|ZWINT|PSIP1|ALDH1A2|ATP11B|ACAT2|MPHOSPH6|WRN|SMC4|CKAP5|RAE1|HLTF|NEMP1|BUB3|LMNB1|BLM|CENPE|FDFT1|PCLAF|RFC3|TFDP2|SRPK1|PAICS|SKP2|SSBP2|PRKCQ|CDC25C|BLMH|CCNB2|FUBP1|MAPRE1|EIF3H|BUB1B|RNASEH2B|RAD51AP1|SUZ12|KNTC1|CPSF6|ZNF253|POLR2B|KDM1A|POLD3|TOP1|DLGAP5|WDHD1|BTAF1|KIF23|MED20|SRSF10|MELK|FEN1|NCAPH|EXOSC8|CTBP1|NCAPD2|MACROH2A1|HMGB2|STAG2|SMC5|YTHDC2|BRCA1|ASF1A|TRRAP|TAF11|CEP290|COX11|CHEK2|NELFA|CSNK2A1|SPC25|PHF20|XPO1|PAK2|ATAD2B|CDC6|AATF|TUBGCP3|HSF2|FOXM1|CASP6|CENPA|XRCC5|LBR|FOXK2|FASTKD2
SENESE_HDAC1_TARGETS_UP	0.000395256916996047	0.0277437923333751	0.349932129192583	1.43131494076925	0	418	ELK3|NXT2|CXCL8|KBTBD8|PRNP|LPXN|CD44|ASAH2|MEX3C|GNA13|YOD1|TGFBR2|TMEM156|CCL2|TCN1|SGPP1|CCNE2|EXOC5|PLK4|GNG12|PTHLH|TMEM64|HACD2|NABP1|ABCC4|CEP20|TRUB1|PIK3C2A|PTBP3|LGALS8|TAF9B|NFYA|GULP1|HYCC1|LYPLA1|RPAP3|NAB1|TWF1|TMED2|MFAP3|YTHDF3|ZNF644|RAB6A|SCYL2|GRPEL2|UHMK1|RNF6|TRIB1|ITPRID2|CBFB|CDC27|IL6R|DOCK10|SLAMF7|IL24|ALPL|PTX3|OTUB2|CAPRIN1|MYO6|EIF5A2|YWHAZ|PDE12|NFE2L2|DSG2|MBNL1|PHTF2|TGFBR1|LCP1|RESF1|AHCTF1|ATP11A|NAMPT|DLG1|ACTR2|PPFIBP1|BUB1|PCGF5|ZMAT3|SNX19|PTPN12|TFE3|DDX3X|DNAJB9|BACH1|MOB1A|FGD6|ADAM10|C4orf46|MYC|RB1|DCP2|PAPOLA|LRRC58|MGST1|HECTD1|CA2|TPP1|GART|TOR1AIP1|TMX1|AKT1S1|CTDSPL2|ATP13A3|BCLAF1|ARHGAP5|PSME4|CEP170|MTMR2|KBTBD2|FBXW11|TEAD1|SPRED1|PRDM2|NSMAF|ATP11B|ESCO2|REEP3|CDC42SE2|TFRC|AKIRIN2|SLC39A8|USP16|OTUD4|SKP2|CDK6|SNHG16|DIMT1|RAB35|ZBTB38|PNP|TASOR2|LETM2|DEGS1|PTPRR|MCL1|LMAN1|EPG5|MAFF|NUP58|FKBP15|RRN3|SMG7|PLAU|ZNF317|PSAT1|KYNU|TOP1|MAP4K5|STRN|KPNA4|CPEB4|SKIC3|TAOK1|NAP1L1|AGO2|SLC7A6|SLAIN2|APH1A|SNAP23|SF3B1|SPRED2|PTPN11|PIP5K1A|TNFAIP3|PNRC2|ARHGDIA|RAC2|GLYR1|PPIF|NFKB2|CCND2|ZNF655|STX3|IGF2BP3
SHEDDEN_LUNG_CANCER_POOR_SURVIVAL_A6	0.000407331975560081	0.0277437923333751	0.369799247126259	1.52059179904752	0	443	SEMA3A|TTK|DCK|PARPBP|CD70|GLMN|CDC7|SLC9A2|CENPQ|CCNE2|MEMO1|PLK4|EGLN3|ACTR3|HAT1|DTL|CKS2|GNAI3|DARS1|TOP2A|UBA6|KIF18A|HDAC2|BPNT2|NBN|PBK|INTS13|RFC4|PTBP3|KIF11|PRIM1|RAB22A|MTHFD2|CCNA2|MRPL42|CCNB1|CKAP2|ZWILCH|SMNDC1|UBE2N|RIF1|NAB1|DNA2|SMC2|TWF1|LRPPRC|GINS1|ARPP19|NCAPG|NDC80|NUP37|KPNA2|MTCH2|MPHOSPH9|NEIL3|TCP1|HK2|NUSAP1|MAD2L1|CDC27|CORT|LDHB|CENPU|TPRKB|UBE2V2|PKP2|ERO1A|RBL1|TYMS|TMEM38B|VRK2|PHTF2|CDK1|RRM2|NRAS|EIF5B|PYGL|NAA50|QSER1|HBS1L|PVR|DBF4|BUB1|SMC6|KRR1|PGM3|KIF15|SEC23A|DNM1L|C6orf120|MOB1A|SEPHS1|CMAS|STMN1|ELOVL6|GOLT1B|RACGAP1|UBE2D1|CENPI|KIF14|IPO5|MTF2|NEK2|GGH|CDKN3|NCBP1|AGPAT5|SFXN1|PCNA|RTCA|ZWINT|MTIF2|MRGBP|BRIP1|UGT8|XPNPEP1|ATAD2|PPID|TFG|NEMP1|ITCH|RIPK2|SHCBP1|BUB3|LMNB1|UBE2V1|NCAPG2|CENPE|PCLAF|POLR3G|RFC3|MED8|PAICS|DSN1|FBXO11|PAX8|CDC25C|HJURP|PNP|PPAT|FIP1L1|CCNB2|ERCC6L|BUB1B|KIF2A|POMT2|RAD51AP1|EXO1|GPSM2|PHF10|KNTC1|AFP|ACOT7|YME1L1|SSX2IP|DEPDC1|UBE2K|WDR43|PSAT1|PGK1|DLGAP5|WDHD1|CSE1L|WAPL|KIF23|FKBP4|MELK|PDCD2|NCAPH|NCAPD2|ATG5|CCDC93|HMGB2|HCCS|GINS3|ASPM|WARS1|FOXG1|ZNF248|R3HDM1|LRIF1|RC3H2|PMAIP1|MTPAP|MRPL19|CDK5R1|NETO2|SPC25|YEATS4|PPIF|KAZALD1|CDC6|IGF2BP3|FOXM1|CEP55|GAPDH
SHEN_SMARCA2_TARGETS_UP	0.000396825396825397	0.0277437923333751	0.546704417913384	2.2399759647967	0	424	FEM1C|AKTIP|PPP1R3D|COPS2|WDFY3|CETN3|INSIG2|SEC24B|ATP6AP2|ITFG1|HSDL2|PSMC6|ACTR3|TMEM135|PANK3|HAT1|SOCS6|VPS26A|SLC25A46|VBP1|COPS8|CAPZA2|STXBP3|DERA|AMZ2|GNAQ|PEX3|RHOT1|LGALS8|RALGAPB|TAF9B|LANCL1|CUL4B|TAB2|MOB4|RSRC2|NHLRC2|ORC4|MARCHF7|MRTFB|RAB22A|DCTN4|AKAP11|SMAD4|TMEM59|RAB23|NEMF|SMAD2|NBR1|SCAF8|BLTP1|RDX|PRKAR1A|NAB1|HIBCH|ANKHD1|SUMO1|TWF1|SP3|RMND5A|RAB6A|SLK|DENND4C|PRKRA|FBXO3|DCAF6|PREPL|TRMT1L|ZDHHC6|FEM1B|AP5M1|MED21|SMARCA5|PCNP|NUP133|PJA2|HNRNPH2|DAZAP2|SCFD1|LARP7|APPBP2|CNBP|NCKAP1|SOS2|SRP9|NFYB|SDHD|TMED7|DPM1|KLHDC2|PSMG2|ROCK1|FAM200C|MAP4K3|TDP2|CREG1|SSB|UBQLN2|TRMT11|ZDHHC17|TSNAX|TSN|SCAPER|RBPJ|AASDHPPT|RAB28|MED7|AGGF1|HMGN4|CUL2|TMEM230|DLG1|WDR11|ACTR10|SNX2|CAPN7|TMEM14A|ARMT1|ZFC3H1|ZCCHC10|SMC3|FTO|COPS4|NNT|CDKN1B|PRKD3|C6orf120|LSM14A|WSB1|ABI1|RPRD1A|TTC33|FBXO28|RCOR3|HMG20A|SEPTIN2|SEPHS1|CAND1|KIDINS220|LMBRD1|SKP1|GBE1|RB1|COMMD10|DCP2|RO60|RNF14|NF1|PUM2|PHF3|STX7|PPWD1|TNPO1|APC|TMEM126B|CHMP5|MAPK9|TOR1AIP1|SERINC1|SUCLG1|SEC23IP|BCLAF1|PPP2R5C|ARHGAP5|CCDC90B|UPF2|CEP57|RAB14|ECPAS|FBXW11|ZC3H15|SUCLA2|METTL5|RABGAP1|SEC62|MRS2|NFU1|MED14|MBD4|RBM22|RBM48|RAB1A|CUL5|IDE|MFSD6|NCOR1|MORF4L1|RYK|RAB4A|HLTF|ATF1|SEC63|STAU1|ZFAND6|GYG1|BUB3|ATP6V0E1|RDH14|ISCA1|BTBD3|UBE2A|TRAPPC11|GIN1|SUCLG2|ANKMY2|NUMB|TRAK2|FBXO11|RIOK3|CAST|ANXA7|NDFIP1|TMX4|TASOR2|LAPTM4A|ZC3H7A|PEX11B|EIF2AK2|RNF130|SLC30A5|U2SURP|SLC35A5|CUL4A|SPTLC1|NSMCE4A|PEX19|ATG3|GTF2H5|UFSP2|KRCC1|ANKRD17|EED|EFCAB14|MAP4K5|PAIP1|RNF146|CSE1L|KIFBP|PIBF1|KTN1|SKIC3|SRSF10|CALCOCO2|VPS13C|SMC5|ST13|CEP350|YTHDC2|PRPF38B|POLR2M|RAB7A|ANP32A
THAKAR_PBMC_INACTIVATED_INFLUENZA_AGE_21_30YO_RESPONDERS_28DY_UP	0.000395256916996047	0.0277437923333751	0.495214553126755	2.02555847161609	0	418	ZNF17|MEIS1|PLEKHA8P1|NXT2|ST8SIA4|MTMR6|GPR160|PRNP|STAP1|MEX3C|POC1B|TC2N|CD3G|TNFSF4|NMD3|RNF11|BMPR2|SELENOT|CCNG1|ABCC3|PSMC6|STRADB|LINC01011|NT5C3A|PDCD10|UBLCP1|AMD1|LAMP2|COPS8|JKAMP|TP53INP1|BBOF1|ALOX12|CEP20|LRBA|MAP3K1|TBCA|FOXN3|CPD|RNF138|UCHL3|PTGS1|PAIP2|CLK4|EIF4G2|ARL8B|RIMOC1|PI4K2B|MARCHF7|H2BC21|AKAP11|MMADHC|ALG6|ABCE1|MRPL42|BMI1|PSMA4|PTGES3|TSC22D2|ZFAND1|TMEM30A|SMC2|ADD3|SP3|TMEM123|TCF12|SH3BGRL2|PROS1|NKRF|TAPT1|IFRD1|RAB11A|SPAST|WTAP|INTS8|MFSD1|CBFB|TBPL1|RTRAF|UGCG|CNOT7|HECA|ABLIM3|TMEM140|GPR183|VWF|INPP4B|CALD1|BEX3|RIT1|RIOK2|LARP7|C1GALT1|NDUFV2|PCMTD1|UBE2V2|MRPL47|TMED5|UBE2E1|SRP72|ESAM|DOCK11|MRPS35|UBQLN2|ADK|BCL2|NGDN|AHCTF1|RDH11|ZCCHC7|NSA2|GPBP1|ANKRD46|CCSER2|HMGN4|EBAG9|CLIC4|CHSY1|TMEM14A|CHD9|RPS3A|PTPN12|PRDX6|COX7A2L|DNAJB9|GIMAP2|VRK1|ANKRD12|FBXO33|CYP4V2|PSMA2|DMTN|THOC7|PPP4R3B|TNPO1|GTF3A|UBQLN1|C2orf88|MTF2|ORC3|SERINC1|NCK1|BCLAF1|GALNT1|PTEN|FRYL|CCDC90B|NUP88|C6orf62|IVNS1ABP|MRPL3|HMGB1|ZC3H15|ETF1|ANAPC10|HSD17B12|RAD21|PHIP|SRSF1|YIPF4|SEC62|INTS6|TMT1A|MFSD6|PSMD14|YWHAH|SSBP1|MORF4L1|HPF1|ECHDC1|HBA1|RB1CC1|NUP54|ASB8|TAX1BP1|H3C10|H4C8|CORO1C|ISCA1|SLC39A8|GIN1|SRBD1|DCAF12|SDHAF3|ZNF318|MTX2|CHM|IDI1|H2AC6|RAB10|COPB1|CAST|EIF1AX|C1GALT1C1|RBBP7|GFM1|RNASEH2B|KIF2A|SUZ12|TBC1D15|OPTN|N4BP2L2
ZHANG_BREAST_CANCER_PROGENITORS_UP	0.000395256916996047	0.0277437923333751	0.471517951451987	1.92863310468619	0	418	AJUBA|ZNF17|TRAPPC2B|RFX3|KBTBD8|DCK|EFCAB7|ZNF362|ABHD13|ZNF367|SGO2|PDK1|SESN3|CETN3|HAT1|TMEM209|SLC39A10|UBLCP1|ERI2|STRAP|ETFRF1|MME|VBP1|CAPZA2|HNRNPLL|TOP2A|VPS54|ANLN|WDR75|PRPS2|ALG13|HACE1|LRBA|FAM76B|PBK|BCAP29|PPM1B|PAIP2|EDARADD|PRIM1|TP63|MOB4|CCNA2|PPIP5K2|CDCA7|RBAK|BMI1|LZTFL1|CRYZ|FAM199X|BCLAF3|SLF1|SMNDC1|RIF1|TSPAN13|NUP107|SMC2|YWHAQ|ZNF770|POLA1|ARPP19|NAE1|ECT2|NCAPG|FAM13B|RNF6|CNOT6|SMARCA5|FGFR1OP2|NEO1|COL4A5|PTPN14|CASP8AP2|DLAT|APPBP2|CAPRIN1|GTF2H2|NFYB|PDS5B|MRPS31|ZFAND4|CALM2|VDAC1|PANK1|RBL1|RPE|DSG2|HUS1|SBNO1|SSB|RRM2|ZNF700|NME7|TRMT11|ADK|BCL2|UBA2|NRAS|PCYOX1|PRELID3B|TMEM230|CD24|WDR11|ZNF846|ACTL6A|SNRPB2|DBF4|BUB1|MYB|IFTAP|LMBRD2|FH|C1D|MIS18BP1|RFC1|NEK1|TRDMT1|RIDA|STMN1|ATAD1|UTP15|PPP4R3B|CAV2|IDH3A|TTC3|RBBP8|GTPBP10|CTDSPL2|PARK7|CCDC90B|ATR|MRPS33|NCBP1|C1orf131|SUCLA2|RAD21|PLCB1|LRRC40|WEE1|NFU1|ACAT2|ZNF148|ARL6IP6|TIMM17A|CFAP97|SSBP1|LCORL|SMC4|TRIM59|ESCO2|NUP155|ATAD2|STARD7|TAX1BP1|ADH5|AEBP2|ERCC6L2|ZFAND6|CDC73|SHCBP1|FARSB|EIF4B|TFRC|PAICS|POT1|PUS7L|ZRANB2|HNRNPA2B1|SKP2|TCEANC|METTL9|AHCY|C11orf54|PPAT|NFIA|TMEM33|CEP192|TRMT6|BUB1B|GPSM2|CPSF6|KIF16B|WDR3|ACTR6|VDAC3|SFPQ|EMID1|DEPDC1|POLR2B|TRPS1|ZNF317|PSAT1|AZIN1|POLD3|TCEA1|ARMC10|SRSF10|MELK|NCAPD2|HMGB2|NUDCD1|KCTD15|INTS2|UBE2B|ACTR3B|YWHAB|RPA3|KANSL1L|VPS26B|BRCA1|HNRNPA3|PIGF|TRRAP|ANAPC1|UBE2D2|SEC22C|CTH|NDUFS4|PKP4|TNIK|XPO1|MDH1|ING3|TAF2|SETX|ANKRD26|CDC6|CEP55|SMCHD1|XRCC5|ACSL3|TTC9C|ZNF22|OXCT1
ZHENG_BOUND_BY_FOXP3	0.000402576489533011	0.0277437923333751	0.448757371354357	1.84511667804004	0	439	AIM2|ELK3|TTC39B|FEM1C|ZNF429|BICDL1|ST8SIA4|LNX2|RFX3|SLAMF6|CD44|PRKCH|CD69|PGAP1|ATXN7|C2CD5|GABRG1|NUS1|TGFBR2|MS4A6A|SUMF1|HERC3|IL10RB|TET3|NCOA3|ACTR3|TMEM64|NT5C3A|ARID5B|MT-ND4L|TESPA1|HIF1A|VPS54|TP53INP1|FAM107B|ZNF608|MAP3K1|FAM76B|L3MBTL3|KDSR|PTBP3|PARP11|KNL1|ETV3|MYNN|NR4A2|GDI2|PSMA1|NUP153|WDR35|USP6NL|ETNK1|TSPAN13|UTRN|ELMO1|ADD3|TCF12|C3orf38|PIAS2|MRPL39|RRAS2|NDC80|ATP1B3|DENND6A|TRIB1|IDH1|RBL2|IFIT3|AGPS|IBTK|RCBTB2|CD96|SYNE2|GPR183|DOCK10|TOX|VWF|SPP1|OTULINL|S1PR1|XCL1|INPP4B|SCN8A|RNF125|RAB19|ICA1|CEP97|SHTN1|RAP1A|FOXP1|LRRC8C|ANKRD28|NDUFV2|CDK17|IFT57|ZDHHC20|RBL1|CPOX|SAMSN1|SOCS2|MBNL1|TUBE1|PELI1|BTBD10|PHTF2|SLC30A7|WIPF1|UTP3|RRM2|CNOT2|BCL2|LCP1|CELF2|B3GNT2|STK24|RAPGEF6|HBS1L|FAM91A1|TRA2B|AGGF1|RABGAP1L|KDM3A|PDE7A|FAM3C|CDKN1B|C4orf46|PIK3CG|HMG20A|CNOT6L|ZBTB25|RB1|CITED2|ANXA1|ZNF217|CR1L|HECTD1|MAN1A2|NR5A2|ITM2B|ARL4A|P4HA1|PPP2R5C|ARHGAP5|PARK7|PTPRC|PTGER3|AGPAT5|DAD1|PRAG1|MRS2|NSMAF|MRTFA|SGMS1|ASXL2|GTDC1|TRIM59|BZW2|ZFAND6|REEP3|CDC42SE2
ENK_UV_RESPONSE_KERATINOCYTE_DN	0.000419639110365086	0.0281097731727807	0.386271854600233	1.59549747032811	0	466	TCEAL1|DOP1B|CD44|BCAR3|CCNG2|UBE4A|TGFBR2|RGS2|STEAP1|COPS2|SMARCA1|CDC7|CETN3|IL10RB|SEC24B|PKD2|PTHLH|TRIM23|NCOA3|ACTR3|RNF2|PRH1|LAMP2|TOP2A|RARS1|RNF13|STXBP3|NBN|PSMD5|GNAQ|BNIP3L|CPD|PEX3|YES1|SIAH1|TP63|RANBP2|ITSN1|MARCHF7|TFAP4|NIPSNAP2|AKAP11|SMAD4|ABCE1|STT3A|ROCK2|ZNF146|BMI1|IPO7|SYPL1|GNPAT|UBE2N|RDX|PRKAR1A|SUMO1|MKRN1|TJP2|NAE1|CBX3|PGRMC2|RBMX|PICALM|TRIM13|ATP1B3|PPP2R5E|EPS15|RP2|AGPS|USP14|SNX4|MAD2L1|PRRG1|RCBTB2|ARHGAP8|WWTR1|IFIT1|SERPINE2|AUH|SCFD1|PSMG1|PRKCI|SDHD|AGL|ATP5F1B|GOLGA4|PCF11|CPOX|TYMS|MBNL1|PPIG|SSB|UTP3|CNOT2|UBA2|TSNAX|TOPORS|AASDHPPT|MED7|TRA2B|EBAG9|ACTR2|CPNE3|ACTL6A|MTMR4|PTP4A2|HSPD1|SEC23A|RRM1|FH|CLTC|CDKN1B|VRK1|CDK2|UBE2D3|C1D|HPS5|DHX15|EIF3J|ELOVL5|GBE1|ATP2A2|RB1|RO60|BIRC2|PUM2|CLIP1|CREB1|RBBP8|IPO5|SNTB2|TMX1|MTF2|ZMYM2|ATR|SLC25A5|TCERG1|RAB14|MRPL3|CYB5B|NMI|ERCC5|PLSCR1|RABGAP1|RTCA|ZWINT|SRSF1|ARFGEF1|ATP6V1A|MBD4|ZFAND5|ZNF148|MPHOSPH6|SLC35A1|ZNF638|STARD7|ADH5|STAU1|DLD|BUB3|BHLHE40|FDFT1|GRSF1|TBL2|PAICS|GOLGA8A|YAF2|DLG5|DKC1|COPB1|BLMH|ANXA7|EEF1E1|PEX11B|AKAP10|KIF2A|CD46|MCL1|MSMO1|GNE|IMPA1|GOT1|YME1L1|TOP2B|MBD2|POLR2B|MAP3K5|AZIN1|SCML2|CSE1L|KTN1|TOMM20|FEN1|CTBP1|HSPA4L|TERF1|ACADM
TARTE_PLASMA_CELL_VS_PLASMABLAST_UP	0.000420050406048726	0.0281097731727807	-0.407870848995446	-1.52047786164949	2	312	GAA|EFNB1|SLC30A3|SPIB|IDUA|NHLH1|CCR7|TSC22D3|HSF4|TCN2|S100P|RPS21|COL14A1|STX1A|SMPD1|RAPGEF5|RPL28|TIMP3|CBS|BTN2A2|MAG|IFITM1|GNB3|HLA-DOB|COL1A1|GRN|APOE|MYL11|ATF6B|SGSH|APOC1|AEBP1|TCL1A|ITGAX|CDH15|TGFB3|CYBA|GPC1|AGER|PCOLCE|FEZ1|HSPB1|FOS|PPM1F|MCAM|SPINT2|BRD3|SLC15A2|CXADR|MX1|CDKL5|IFITM3|CHRM4|GNA11|PSAP|SPTB|MERTK|CST3|RPS18|RPS15|RPS16|KANK1|HEXA|PALM|RPS2|CTSL|RPLP1|GYPB|NBL1|NR4A1|MAPKAPK2|OAZ1|FLNB|RPL37A|RNASE1|RPSA|CD3D|MDK|CHERP|SSR4|MYCL|RPS11
FLECHNER_BIOPSY_KIDNEY_TRANSPLANT_REJECTED_VS_OK_DN	0.00043271311120727	0.0283235015274413	0.348035378162573	1.4417629459779	0	494	PRNP|MATCAP2|CCNG2|PPP2R3A|COPS2|CDS1|SERPINI1|STRAP|SLC25A46|CNIH1|MME|RAB29|ABCC4|USP2|PEX3|PIK3C2A|PPM1B|YES1|DDX19B|MT1X|EXPH5|GULP1|AKAP11|SMAD4|ABCD3|CALB1|KHK|SYPL1|CRYZ|MAPK1IP1L|PTGES3|BLTP1|MXI1|RDX|PRKAR1A|HIBCH|RTN4|DDX10|TOB1|RHOBTB1|ADD3|LRPPRC|SC5D|OAT|PDE8A|PGRMC2|RRAS2|PRKRA|HSPA4|RNF6|ETFA|IDH1|ASS1|ESD|MSH3|UFL1|SNRPN|USP14|SNX4|SCP2|PJA2|AKR7A3|TRIM2|PALM2AKAP2|SLC26A4|MTSS1|WWTR1|NREP|SLC22A2|ABCC6|IGFBP5|SLC4A4|AUH|KIF3A|ALDH9A1|NCKAP1|UBE2E3|SLC25A36|MYO6|PRKCI|AGL|PCCA|GOLGA4|MORF4L2|VDAC1|TMED5|PLPBP|ZDHHC17|COPS5|NDUFA5|ANKRD46|EPCAM|NARS1|CLIC4|SNX2|RFK|MTMR4|SCAMP1|PRDX3|ABCB1|HSPD1|NNT|DDX3X|FAM3C|SEC23A|FH|ZNF91|DNAJB9|DNM1L|ACAT1|NDUFB5|ZNF117|ALDH2|COX7B|ATF2|SPTSSA|GBE1|ATP2A2|RIDA|MINPP1|RNF14|CA2|TNPO1|SMPDL3A|MFAP3L|PMPCB|SERINC1|PUM1|ITM2B|GPD1L|GGH|PTGER3|CFDP1|SRSF1|WEE1|ATP6V1A|TMT1A|RAB1A|ZNF148|GLUD2|UGT8|ZNF124|PSMD11|PLAAT3|HLTF|GABARAPL1|ADH5|DSTN|DLD|PRPF40A|ATP6V0E1|ISCA1|BTBD3|FUCA1|CENPS|GHITM|CLASP2|EFHD1|AHCY|ACOT13|GGT1|PEPD|PNP|SMAD5|CAT|ANXA7|EIF1AX|ACSM3|PEX11B|SH3YL1|SETD3|BNIP3|VTI1B|MSMO1|SORD|GOT1|GATD3|DST|ZC3H14|PEX19|SLC25A4|MPDZ|VDAC2|PGK1|DAB2|RPS6KA3|IMMT|NEK4|AQP3|SLC27A2|SLC13A3|TOMM20|CTBP1|HSPA4L|TERF1|ACADM|CCDC69|HSPA8|UQCRFS1|ST13|CDC42BPA
FOURATI_BLOOD_TWINRIX_AGE_25_83YO_RESPONDERS_VS_POOR_RESPONDERS_0DY_UP	0.000430477830391735	0.0283235015274413	0.419237734606958	1.73370825277288	0	485	C14orf28|FSD1L|KBTBD8|DCK|STAP1|ZNF442|TENM1|CD40|RAD54B|FCGR2B|ZNF268|ZNF107|FOXO1|PREX2|ANKRD36B|CFAP44|CATSPERB|SMARCA1|CCNG1|CHN1|PTHLH|TCF7|EGLN3|PTER|ZBTB33|FMR1NB|ZNF614|ANKRD36|FAM107B|PRPS2|ZNF518B|PDGFB|MBTPS2|FAM9B|ZNF44|PHLDA1|MOSPD2|CGGBP1|ZNF550|AMMECR1|PJA1|EDARADD|PPP6C|TAB2|CBLL1|NHLRC2|ARHGAP42|MRTFB|OCIAD1|FANCB|FAM13A|BMI1|SYPL1|FAM199X|BCLAF3|CT55|PTGES3|TSPAN13|PLEKHF2|YWHAQ|NCBP2|ADD3|POLA1|FCRLA|CWC22|MRPL39|RBMX|RRAS2|BCAS2|GRPEL2|WDR44|ZNF92|FAM13B|LEKR1|ERP44|MFSD4A|USP27X-DT|PRRG1|HECA|ZXDB|EFHC2|TRIM2|CHIC1|GPR183|SYTL5|DOCK10|EML6|NUDT11|GPRASP3|TTC39C|S1PR1|IL24|ABCB11|PAK3|KCNE2|IGFBP5|CR2|AGA-DT|MAGT1|BACH2|DLAT|FOXP1|APOO|LDHB|CDK17|INSIG1|DYRK1A|MORF4L2|TAF1|FXR1|SLC25A32|MBNL1|RAP2C|RABL3|MRPS35|BCL2|NUBPL|ITM2A|TRAPPC2|MTRR|ZCCHC7|ZNF507|TMEM230|CLIC4|ANKRD36C|SMC6|RERG|RABGAP1L|FAHD1|HSPD1|ARMC1|DDX3X|FAM3C|PABIR2|METTL4|DNM1L|ZNF566|AP4S1|SEPTIN7|GABPA|SKP1|DTD2|KDM6A|METAP1D|TTC3|UBQLN1|SNX22|BCLAF1|API5|MTMR2|TCERG1|HMGB1|FBXW11|AGPAT5|TAF4B|EFR3A|PSIP1|PRDM2|MED14|CFAP97|GTDC1|LINC00879|PPP2R1B|UGT8|VPS4B|RYK|DDX21|ATF1|NEMP1|BUB3|TRAM1|EIF4B|CDC42SE2
MARTORIATI_MDM4_TARGETS_FETAL_LIVER_DN	0.000430477830391735	0.0283235015274413	0.35768868698304	1.47917941863552	0	485	ZBTB12|PGM5|DPF3|SGO2|TBX3|SLC13A4|MMP14|KIN|KAT2B|LEMD3|FBXW8|SEC24B|EXOC5|MBNL2|CNOT11|TMEM64|PANK3|ST3GAL5|SLC39A10|RNF2|DTL|AMD1|KPNA3|SLC25A46|GNAI3|HEMGN|HIPK3|TBC1D2B|MEF2A|PPM1B|ERBIN|KIF11|SGPL1|ARL8B|RSRC2|MARCHF7|RAB22A|NORAD|NEMF|LYPLA1|ROCK2|ZNF146|MAPK1IP1L|NAB1|UTRN|SLC44A1|ADD3|POLA1|RMND5A|YTHDF3|WDR26|SCYL2|RELN|YWHAG|COP1|AGPS|SLC38A2|FEM1B|SMARCA5|UGCG|PJA2|CNOT7|CDC27|PLPP3|RCBTB2|S1PR3|SCARF2|LHX9|GATA6|GATA4|ATP8A1|MAGT1|ELL2|FOXP1|ANKRD28|PRKCI|UFM1|DBT|DUSP18|CERT1|NUP205|PPHLN1|HUS1|PELI1|TGFBR1|PPIG|DDX18|UTP3|LCP1|NRAS|ANGPT1|EIF5B|AP1G1|NAA50|GPBP1|CCSER2|ACTR2|SNX2|RFK|MTMR4|BUB1|SSR1|SMC6|MYB|KIF15|DDX3X|SEC23A|ADAM10|RCOR3|SNW1|HACD3|CNOT6L|CAND1|CCNT2|UTP15|CUL3|PAPOLA|RO60|STARD4|LRRC58|TIA1|QKI|CA2|CLPX|BCLAF1|GALNT1|PTEN|ARHGAP5|COX15|RBM25|IVNS1ABP|FBXW11|ABCB7|NUFIP2|SRSF1|SEC62|ZFAND5|CHP1|AK3|ZNF148|LIX1L|FKRP|DDX21|SEC63|STAU1|PRPF40A|TFRC|SLC39A8|FAF1|USP16|ATP11C|SREK1|TRAK2|OTUD4|USP48|FZD5|KNOP1|SH3GLB1|RAB10|TMX4|FUBP1|BTBD2|TMEM33|AKAP10|MAPRE1|STAMBP|PKNOX1|SUZ12|SP4
RICKMAN_METASTASIS_DN	0.000434530706836616	0.0283235015274413	-0.416248468037022	-1.51096667083685	2	233	COX6B2|S100A2|TRIM29|PITPNM3|TBC1D2|TYMP|S1PR5|SFN|SEMA3F|PSMB9|ZDHHC12|TAP1|IFITM1|MAPK11|MAPK12|LMF2|BSG|EPPK1|CENPT|ADAMTSL4|IFI16|ABHD17A|RAB7B|DSC3|SLC19A1|POTEKP|ALDH16A1|PTGIR|SLC6A8|RHOF|PTK2B|GAS2L1|FLYWCH1|RGS14|MYO1G|PKP3|MUC1|TIRAP|GET3|NDUFA4L2|GBP2|NLRP1|IL18BP|SLC16A3|TSPO|EHBP1L1|RNH1|POLR2E|ADAM15|TAP2|NAA80|PRF1|GUK1|STXBP2|TBC1D10A|IGSF3|ENDOG|TRAPPC1|CDCP1|DUSP7|BAP1|ZBTB7B|MAPKAPK2|DAPK3|SPATA24|PCSK7|AP3D1|FZR1|KLF13|HSD17B1|NHSL3|DDA1|GIPC1|MEF2D|AGAP3|THOP1|CAMKK2|LMNA|MYCL|CAPG|STARD10|ATP5F1D|S100A16|BCL2L1|PSD4|MIER2|S100A6|TMEM259|MRPL4|BAIAP2|CLK3|SH3BGRL3|C15orf39
CHIANG_LIVER_CANCER_SUBCLASS_UNANNOTATED_DN	0.000599700149925037	0.0284338441492224	0.399746810868877	1.51887796042138	1	189	GPR160|SELENOT|WDSUB1|HAT1|VBP1|CAPZA2|ALG13|PBK|GFM2|RFC4|TAB2|MRPL42|MSH2|STT3A|SYPL1|PPIL1|ECT2|MRPL39|ABCB10|NUP37|MED21|COPS3|MAD2L1|FCER1G|PSMG1|UBE2E3|MRPS23|MCTS1|APOO|CAB39|RHOA|TPRKB|DPM1|TYMS|HAUS1|NUP205|CDK1|TMEM50A|RFC5|PRMT6|SNX2|CCT4|DNAJB9|S100A10|BAG2|PSMD10|PSMA2|CMAS|CITED2|OSTC|CLNS1A|TMX1|SLC25A5|CDKN3|VAMP3|FUCA2|RCN2|DAD1|PCNA|GLUD2|RAE1|CCNDBP1|ATF1|ADH5|RFC3|E2F5|CCNB2|C1GALT1C1|MAPRE1|CD46|RAD51AP1|ALDOA|SNRPD1|ACTR6|VDAC3|ATG3|FKBP11|PGK1|FEN1|DCUN1D5|HSPA8|ILF2|UQCRFS1|RPA3|ATIC|WARS1|PIGF|IMPA2|SNHG29|ME2|ARPC1A|XRCC5|DBI|MRPL44|FUNDC1|POLE2|CTNNAL1|DNAJA1
GAUSSMANN_MLL_AF4_FUSION_TARGETS_A_UP	0.000586854460093897	0.0284338441492224	0.410880552283331	1.53545227789667	1	168	DISP1|CNRIP1|ARRDC3|PDK1|RGS2|CRYL1|CCN1|EMC9|DTL|HDAC2|MBTPS2|TDRKH|RNF138|ZNF518A|MOSPD2|EGR1|RMDN1|YES1|TNFAIP8|RIF1|GAS2L3|PDE8A|RBMX|PLGRKT|RP2|USP14|QNG1|PLPP3|TRIM2|NIPAL1|S1PR3|SCRG1|LHX9|GATA6|GNPDA2|GALNS|ANKRD28|SLC20A1|ZDHHC20|HBEGF|TCAF1|WIPF1|WAC|THOC1|ZNF286A
GRAHAM_CML_DIVIDING_VS_NORMAL_QUIESCENT_UP	0.000600240096038415	0.0284338441492224	0.407770835090993	1.53582537385392	1	179	TTK|MS4A3|CD36|CCL2|CDC7|CCNE2|PIEZO2|CSTA|ITGB3BP|HAT1|TOP2A|ABCC4|PBK|DLC1|RFC4|RMDN1|AMMECR1|KIF11|CCNA2|CCNB1|ABCD3|SMC2|GINS1|ECT2|NCAPG|PROS1|HSPA14|NDC80|KPNA2|NUSAP1|MAD2L1|PALM2AKAP2|CENPU|CPOX|TYMS|CDK1|RRM2|ITGA2B|BUB1|KIF15|RRM1|VRK1|MINPP1|STMN1|ELOVL6|DSCC1|RACGAP1|SUB1|NEK2|GGH|LEPR|CDKN3|SUCLA2|SFXN1|ZWINT|CEP76|KLHL7|RAB31|PCLAF|RFC3|FABP5|EIF1AX|CCNB2|BUB1B|RAD51AP1|SORD|ACOT7|SNRPD1|RHAG|DLGAP5|PDSS1|CSE1L|AQP3|NUDT4|MELK|FEN1|ASPM|RPA3|BRCA1|MICAL2|TUBB6|SPC25|PPIF|CDC6|CEP55|CENPA|PDLIM1
GSE10239_MEMORY_VS_KLRG1INT_EFF_CD8_TCELL_DN	0.000602591141910214	0.0284338441492224	0.403710213792826	1.54287054885027	1	196	MTMR6|CDC7|GOLPH3|PLK4|TTPAL|ACTR3|DEPDC1B|CLDND1|HS2ST1|ANLN|MBTPS2|MARCHF5|EAF1|PPP1CC|DUSP22|MYCBP|TMEM59|NDFIP2|CRYZ|ZDHHC21|PPP2R5E|AP3S1|CNOT7|TIGAR|SLC35D1|C1GALT1|UBE2E3|SKAP2|YTHDF2|LIN9|RTN3|LAMTOR3|WDR36|CDK1|EMC2|AP1G1|ZNF507|RFC5|MED7|TRA2B|VIPAS39|PRMT6|ACTL6A|DBF4|PEX13|PABIR2|C17orf75|CDK2|GABPA|THOC7|IDH3A|CHMP5|GTF2B|SEC23IP|DOC2A|NGLY1|VAMP3|BMP2K|KIAA1191|PLSCR1|WEE1|NIPA2|RNF168|ZFAND6|CDCA2|CENPS|TRAK2|FBXO11|CDC25C|CAT|RFWD3|TNFSF9|VMA21|TRMT6|BUB1B|GPSM2|KCMF1|MSL1|NUDT4|DCUN1D5|HMGB2|GINS3|TM7SF3|ZC4H2|ANP32A|CDC14A|GSTO1|OSBPL9|FANCM|SNIP1|CHEK2
GSE10239_NAIVE_VS_DAY4.5_EFF_CD8_TCELL_UP	0.000599970001499925	0.0284338441492224	-0.423059309704619	-1.50190631336885	3	189	PDE2A|RPS21|RHOBTB2|IRF7|STX1A|ENC1|TMEM258|RPLP2|SPOUT1|SH3PXD2A|NXF1|SRRM2|DCAF11|TMEM80|RPS9|ACVR1B|TNFRSF1A|PPIE|TCP11L2|CTDNEP1|ZNF622|RHOF|FAU|RGS14|NPFF|TNFAIP8L2|KLK8|AKAP8L|ACP6|SLC16A5|PLEKHG2|RPL38|ID3|RAMP1|SLC12A7|TXNDC15|IL16|RPS18|IL17RA|XPC|TRPC4AP|PDRG1|PAQR7|RPLP1|RPL36|PACSIN1|PCYT2|TEX264|EVL|TNIP1|RPL37A|NOCT|RPS11|MTERF4|SOCS3|NINJ1|ST8SIA1|TMEM259|RPL35|ITGAE
GSE10239_NAIVE_VS_MEMORY_CD8_TCELL_UP	0.000604229607250755	0.0284338441492224	0.389059166242259	1.48766686521704	1	197	SLC49A4|ABTB1|NCOA2|RRM2B|REV3L|NT5C3A|CD164|KLHL24|G2E3|HIPK3|ZFP82|PPP1CC|SMAD4|ABCD3|PALS2|OPA1|ZFYVE16|NAE1|CBX3|WDR26|XPO7|SPAST|EPS15|RBM7|IBTK|RSAD2|GPRASP3|EGR2|BACH2|SLC25A36|KLHDC2|LIN9|MFF|TDP2|LAMTOR3|RESF1|NUBPL|GPBP1|RFX7|FAM91A1|PARD6G|PRMT6|ACTL6A|CASD1|HNRNPK|RAB2B|PDE7A|ADNP|PRKD3|PPM1K|DHX15|NPAT|TENT4B|GABPA|HAPSTR1|CLNS1A|CLCN3|MTF2|API5|NGLY1|RAB14|ABCB7|RAD21|XPOT|SMC4|TRIM59|VPS4B|NEMP1|ICE2|CHM|ZRANB2|METTL9|IDI1|PARP9|TMEM33|TRMT6|RBM12|ACTR6|MINDY2|PARP14|AMPD3|BCL2L11|TOMM20
GSE10240_IL22_VS_IL17_STIM_PRIMARY_BRONCHIAL_EPITHELIAL_CELLS_UP	0.000594530321046373	0.0284338441492224	0.411987518020383	1.57401131483666	1	194	PIGB|KBTBD8|FCGR2B|LONRF1|ATG4A|NCOA2|PLK4|TMEM64|BRMS1L|PECR|TBC1D2B|UBA5|FAM76B|S1PR2|ZBTB18|MOSPD2|CUL4B|PPIP5K2|ARHGAP11A|ATG2B|USP6NL|SH3BGRL|ZNF493|YIPF6|ZFAND1|NUP35|TMEM30A|SNAPC1|GAS2L3|ZNF770|WSB2|NKRF|MAPK8|RP2|SCP2|FCER1G|SH3PXD2B|RNF125|TXNDC9|CHAC2|USP33|SRP9|ATP5F1C|AGL|DCAF17|IRAK4|SQOR|DCTN6|UBE2W|ZNF654|RAPGEF6|IREB2|ASCC3|ZFC3H1|DNAJB11|C10orf88|FBXO28|LMBRD1|SLF2|CYRIB|CHUK|RBBP4|QKI|SDAD1|GPI|MTMR2|KIAA1191|GNL3|CDC73|ALG10|TFRC|LATS1|TRAPPC11|USP48|TBL2|SRPK1|MDM1|ZC3H7A|ZBTB11|SUZ12|VTI1B|POLR1F|ACTR6|GORASP2|SSX2IP|MBD2|RAB9A|PAIP1
GSE13173_UNTREATED_VS_IL12_TREATED_ACT_CD8_TCELL_DN	0.000555092978073827	0.0284338441492224	0.450357702020812	1.63087574384484	1	130	DNAJB2|SNX16|SLAMF6|LGR4|GNA13|RNF11|SLC33A1|SESTD1|HACD2|BLTP3B|HNRNPLL|DARS1|CPEB2|BCAP29|PPP1R3B|NFYA|RFX5|SH3BGRL|CIBAR1|SLC30A6|UHMK1|RNF115|ORC2|NUSAP1|TPTE|ACER3|SAMSN1|POGLUT3|CASP3|CUL2|DNM1L|RNF25|TMX1|GOLGA7|CLPX|ARHGAP5|CEP170|FBXW11|ZC3H15|GNL2|MPHOSPH10|NEPRO|HELQ|MFSD6|ACACA|IDI1|CEP192|TBC1D7|PPP1R15B|NEK4|DNAJC3|HAUS6|USP37|TERF2IP|CDC14A|HNRNPA3|CEP83|TPMT|FANCM|TNPO3|NPEPPS|POLK|ZHX3
GSE1460_INTRATHYMIC_T_PROGENITOR_VS_NAIVE_CD4_TCELL_CORD_BLOOD_DN	0.000456412596987677	0.0284338441492224	-0.473297620698441	-1.65380144196732	2	163	COL18A1|KRT15|IL11RA|MAPK13|KCNJ14|ATP9B|SLC8A2|MADCAM1|CYLD|CELSR3|ZNF467|PACSIN3|MINDY1|IFITM1|LMOD1|PLXNA1|KCNC3|EEIG1|GPRASP1|ZNF516|CSF2|SLC7A7|PPP2R2B|TGFB3|CIB1|DNAJC22|GDF2|AHCYL2|PCOLCE|PLEKHA1|RHOF|DGCR2|FAU|NME3|CABIN1|AFAP1|GAL|MRPS14|ADAM15|RPS16|SELENBP1|AGRN|MSRA|PPARD|TNFRSF1B|MALT1|IPPK|HOXC6|TNIP2|MXRA8|KCNH2|ABHD8|S100A6|ACADSB|IER2
GSE1460_NAIVE_CD4_TCELL_CORD_BLOOD_VS_THYMIC_STROMAL_CELL_DN	0.000595415302173266	0.0284338441492224	0.403751250091186	1.54043966224107	1	193	PRNP|BMAL2|CDC7|DET1|DNAJC6|PLK4|CAMSAP2|FGF13|TM9SF1|SLC25A46|GNAI3|PSMD5|PGGT1B|CTSK|THG1L|MT1X|CCNA2|MMADHC|ABCE1|CRYBG3|MRPL42|ETNK1|SMNDC1|ZFAND1|CHPT1|RHOBTB1|IFRD1|ETFA|MFSD1|GMPS|POGLUT2|SLC19A2|IBTK|AP5M1|RIT1|RAD23B|SCFD1|SOS2|RPS27L|RHOA|CALM2|UBE2V2|VDAC1|FAM200C|NFE2L2|SLC25A32|LRP12|PYGL|HBS1L|NARS1|RHEB|SCAMP1|CRIPT|C10orf88|KIF15|FAM3C|ENSG00000291006|TTC33|EIF3J|PSMD10|RIDA|CHMP2B|PTEN|ARHGAP5|BRIP1|GGCT|RAB1A|SRPRB|XPNPEP1|NUP155|RYK|RAB4A|CHCHD3|TRAM1|NCAPG2|TGFBR3|HJURP|COPB1|ATF3|BTG3|ERCC6L|GALNT7|SLC35A5|MAP1LC3B|DUSP12|RAP1GDS1|TRPS1|RAB20|RAB9A|ZNF282|HIGD1A|RAD17|ATG5|MRPL35|AMIGO2|TMEM43
GSE16385_IFNG_TNF_VS_UNSTIM_MACROPHAGE_ROSIGLITAZONE_TREATED_DN	0.000601684717208183	0.0284338441492224	0.40460475506388	1.52736040566643	1	182	ELK3|PIGB|SLC18A2|MTMR6|EGR3|RAD54B|CCL5|DOK2|SEC24B|ITFG1|BTBD1|ST3GAL5|ANKRD49|PDE3B|LRBA|TBC1D2B|KDM7A|ZBTB18|PIK3C2A|PPM1B|PJA1|MOB4|ALG6|NR4A2|ZFYVE16|ZNF274|CAPN2|TOB1|ADD3|WDR26|WDR44|PPP2R5E|RBL2|MYOM2|TXK|ATP8A1|EGR2|CAB39|MRPS31|CDK17|SLC30A1|HERPUD1|MED23|FBXL4|RAP2C|BCL2|NGDN|ZNF623|CUL2|S100A10|NPAT|CCNT2|ATG12|RAB3GAP2|SNAPC5|TNKS|PTPRC|SPG11|PTPRA|GALNT10|INTS6|MBD4|RBM48|TAX1BP1|PRPF40A|USP16|TRAK2|THUMPD1|INPP4A|C1GALT1C1|AKAP10|SH3YL1
GSE17301_CTRL_VS_48H_IFNA2_STIM_CD8_TCELL_DN	0.000453035336756267	0.0284338441492224	-0.451681273235286	-1.58843910142401	2	173	MXD3|NEIL1|PLXNB1|ZFTRAF1|H2AC15|IRX5|ENC1|ABCA7|PIK3C2B|PBXIP1|KIAA0753|LMF2|TSPAN4|SUN2|SPSB3|POR|ING4|GPRASP1|SFI1|KLF7|KLF12|AGER|LRCH4|SLC29A2|DUSP8|PTK2B|RHOT2|RBM38|ECE1|USP20|EPHB6|BCL6|CAPN10|CTC1|MYO9B|ACSBG1|BRD9|STON1|UNKL|HDAC7|ENTPD6|THAP3|NSMF|RGL2|SPATA2L|LMBR1L|PCYT2|GTSE1|NCAPH2|TBC1D17|ARHGEF1|MFGE8|XYLT2|ZNF133|NIBAN1|RUSC1|H1-5|FSD1|MED25|PRR14|CCHCR1|MR1|NMU|CDC42EP3|CHMP7|SUGP1|ARAP1|STIMATE|CD52
GSE17721_0.5H_VS_8H_LPS_BMDC_DN	0.000586166471277843	0.0284338441492224	0.4116652851122	1.54150407404702	1	170	SNX16|GNA13|MMP14|DHX58|TAMALIN|KAT2B|C5orf15|CAPZA1|POU6F1|RRM2B|RUNX2|HMGN5|VPS54|FAM107B|ALOX12|CPD|PPP1CB|CGGBP1|LYSMD3|LZTFL1|UBE2N|WASHC4|ATL3|WBP4|TANC1|EPGN|RPS6KA2|SLC40A1|DCAKD|ASB3|TMED7|RBM43|SERTAD1|CARD10|SAMSN1|BMPR1A|FAM91A1|IREB2|ZBTB37|MOB1B|ADNP|ABI1|ANXA5|SLF2|BRAF|ANXA1|MAN1A2|PMPCB|VAMP3|PTPRA|CHRAC1|SYF2
GSE17721_0.5H_VS_8H_POLYIC_BMDC_DN	0.000593119810201661	0.0284338441492224	0.409777807032876	1.54109195819779	1	175	ZNF841|PTPN6|SNX16|GNA13|MMP14|DHX58|CD70|PGAP4|ZNF410|HAT1|ST3GAL5|ZNF436|CD164|NAA30|GCC1|VPS54|HACE1|ZNF277|PPP1CB|TAB2|ETV3|MYNN|ARF4|UBE2N|COG6|RTN4|PIAS2|MRPL39|TBPL1|ESD|HOMER1|RBM43|DYRK1A|IFT57|SERTAD1|ZDHHC20|TMEM38B|VWA5A|VRK2|ENDOD1|IREB2|MOB1A|SEPTIN7|ATAD1|MAN1A2|ZDHHC5|MTF2|FBXW11|POLR3F|PCNA|PTPRJ|TMA16|CENPE|RAB10|ATF3|TAF12|MCL1|SPTLC1|NUDT9|SLC37A3|STK38|MAP3K5|NR3C1
GSE18804_SPLEEN_MACROPHAGE_VS_TUMORAL_MACROPHAGE_UP	0.000600240096038415	0.0284338441492224	0.410776694347425	1.54714662225863	1	179	AJUBA|CNRIP1|CXCL8|SAMD5|SGO2|ZNF107|GPR85|TRAPPC6B|WDSUB1|CHN1|FGF13|STRADB|NABP1|MGAT2|TOP2A|TFPI2|MRPS24|KLF10|TTLL7|MT1X|SACS|PIKFYVE|RIF1|COG6|ZFTA|ARMCX5|GAS2L3|PRKRA|GCC2|DDHD1|SYTL5|IL6R|TAC1|GPNMB|C1GALT1|UBE2E3|GOLGA4|NFE2L2|WDR36|FAM133B|SCIN|ACTR10|DBF4|BUB1|PCGF5|BECN1|SEPTIN7|SEPHS1|RPL6|HYCC2|ZNF621|PAPOLA|MAPK9|NEK2|DCAF4|ABCB7|FAM111A|SRSF1|PLAAT3|BTBD7|CDK6|ZC3H8|RBM12|OPTN|BAG5|STAT1|MAIP1|MSL1|FKBP11|FOXO4|NR3C1
GSE19401_UNSTIM_VS_RETINOIC_ACID_AND_PAM2CSK4_STIM_FOLLICULAR_DC_UP	0.000603318250377074	0.0284338441492224	-0.446806915452653	-1.57303819053082	3	175	GAA|WFS1|AOC2|CLDN7|PSMB9|PBXIP1|DDB2|NDUFB8|RENBP|VILL|RABAC1|CLN3|TECR|TRIO|ATF6B|MYO1A|KRT4|LMAN2|MIF|COMT|PTK2B|OS9|PLOD3|EMP3|ATP2A3|LRPAP1|FMO4|EPHB6|GET3|TBCD|MAP4K1|NAA80|MED24|XPC|MAP4K2|HEXA|MFSD10|ENTPD6|DEAF1|UCP2|TNFRSF1B|GNS|CCDC9|HSD17B1|BTD|CCDC85B|ZNF205|LAMP1|ICAM3|FANCG|HSPA1A|DNASE2|CAPG|NDUFA7|TMEM184B|MANBA|ZNF674|CSTB|CDKN1C|PMP22|MPI|BCAP31|SLC22A5|CREB5|SGTA|AKR1A1|POLR2I|CLEC11A|FIG4|CDK5|DGCR6L|ARRB2
GSE19772_HCMV_INFL_VS_HCMV_INF_MONOCYTES_AND_PI3K_INHIBITION_DN	0.000601865783930184	0.0284338441492224	0.406865383083124	1.53908891919321	1	184	ZNF841|TTC39B|AKTIP|PRKCH|KCTD12|RGS2|CCL5|MEMO1|ARL5A|ATP6AP2|RRM2B|SERPINI1|YIPF1|ST3GAL5|NEDD4|JKAMP|RARS1|CPD|RHOT1|OCIAD1|MSH2|PPM1A|CHPT1|DAPK2|SLC44A1|POLA1|ARPP19|HSPA4|ARL1|PPP3CB|SAR1B|RSAD2|PERP|XCL1|KIT|DAZAP2|SLC35D1|LARP7|LITAF|PDS5B|HLA-C|SKAP2|HERPUD1|B3GNT2|ARPC3|TARS1|MAPRE2|DECR1|COQ3|CYP4V2|PSMD10|GBE1|MINPP1|TMEM68|CREB1|CA2|RBM25|PLSCR1|NDE1|ASAH1|SRPRB|CCNDBP1|GABARAPL1|GRSF1|IL1R1
GSE21927_BALBC_VS_C57BL6_MONOCYTE_TUMOR_DN	0.000593119810201661	0.0284338441492224	0.422973519781714	1.59071838122731	1	175	LNX2|ZNF101|KBTBD8|CCDC159|COL21A1|ATXN7|TMOD4|SCRN3|CLN5|MIR4453HG|AMD1|RAB3A|BBS2|TRMT61B|TP53INP1|INTS13|ABHD3|TAF9B|EAF1|PEAK1|ZNF146|ZWILCH|YIPF6|HSPH1|PLEKHF2|ZNF770|CEP295|PPP1R12A|EFHB|DENND4C|MPHOSPH9|AGK|ZDHHC6|PPP3CB|USP14|TTC14|C19orf73|APOL3|RSPH4A|TNS4|CASP8AP2|SLC40A1|TARS3|AGL|ASNSD1|TCEANC2|HUS1|BTBD10|CMPK1|ACTR2|NDUFAF6|C1D|AP4S1|ACBD5
GSE21927_SPLENIC_C26GM_TUMOROUS_VS_4T1_TUMOR_MONOCYTES_DN	0.0006000600060006	0.0284338441492224	0.41570675527926	1.56355029364778	1	177	OSGIN1|ZNF41|EGR3|LST1|ZNF527|FBXW8|STRADB|NAP1L5|LONRF2|PBK|RAPGEFL1|GLUD1|MOSPD2|TAF9B|ARHGAP42|CDCA7|ABCE1|ABCD3|C17orf58|UTP18|TFB2M|SH3BGRL|ZNF514|DDX10|GRK4|ZNF383|EARS2|ZNF664|TVP23B|RIC1|POGLUT2|MAD2L1|SYNE2|TAPT1-AS1|BRINP3|NREP|MRLN|PLXNC1|PIGK|CAPRIN1|VAPA|YTHDF2|CMPK1|ZNF766|B4GALT5|TRAPPC2|ANKRD36C|PRKD3|BACH1|TMEM237|ZBTB21|NET1|CCNT2|GOLT1B|BIRC2|GART|MAK16|SNX22|RSL1D1|HSD17B12|SFXN1|PLSCR1|WEE1|FYCO1|ALKBH8|MFSD6|TRIM3|BTBD3|CENPE|SERTAD2|FCHSD2|INTS7|DHX33|PARP9|LTA4H
GSE22033_WT_VS_PPARG_KO_MEF_DN	0.000602228244504667	0.0284338441492224	0.411724572409225	1.555487985525	1	183	TCEAL1|PTGDR2|C10orf95|COL15A1|DNASE1L1|RNF2|PTER|IFT56|ANKRD27|IMPACT|TBCA|GGPS1|PPM1B|ORC4|MMADHC|ARHGAP11A|PSMA4|NBR1|ECT2|RPL39|NDC80|RNF115|MTCH2|MPHOSPH9|DCAF6|IDH1|ZNF814|TRMT1L|SLC19A2|VAV1|GTF2A1|PCNP|SCP2|SPATA6L|CHRNA3|CDH7|SRP9|CAB39|TCEAL9|CRBN|UBE2E1|PCNX4|CDK1|AGGF1|BUB1|TMEM14A|ARMT1|C1D|ELOVL5|NET1|CYRIB|HCN2|PAPOLA|THOC7|PUM2|IDH3A|CA2|CENPI|SERTAD3|GLTP|CLPX|CYB5B|GALNT10|ARCN1|GLT8D1|GGCT|S100PBP|MORF4L1|CHCHD3|DLD|TRAPPC11|ZNF281|LAPTM4A|EEF1E1|XRCC2|BUB1B|IL18|RMND1|NSMCE4A|CDK8|SUMO2|PPP3CA|WDHD1|EEF1AKMT3|HIGD1A|KIF23
GSE22886_CD8_VS_CD4_NAIVE_TCELL_UP	0.000603318250377074	0.0284338441492224	0.418585152166068	1.58436619419552	1	185	ZNF443|LPXN|TSPAN32|PRKCH|TMEM156|SLC25A44|WDR5B|PDCD10|TM9SF1|DARS1|MGAT2|RARS1|IL18R1|GGPS1|RAB22A|RDX|INVS|ARPP19|SCCPDH|DENND4C|GCLM|RRAS2|MTCH2|ARL1|ZNF816|PMS1|ISOC1|NCALD|CD96|DKK3|SYTL2|ATP8A1|TXNDC9|CAB39|MRPS31|PCCA|GTF2E1|NME7|TRAPPC2|RAPGEF6|RFK|CHSY1|ZMYM6|PEX13|ZNF304|HPS5|SEPTIN7|TRIM32|ZMPSTE24|PLAAT4|SNAPC5|SDAD1|RPA2|NCK1|PARK7|ATR|PLSCR1|GLT8D1|SLC4A1AP|GTDC1|ZFAND6|TMA16|MED8|ANKMY2|TM2D1|SPOP|DIMT1|LYRM2|DKC1|PNP|EHBP1|ZNF232|NPRL2|UBE2K|ALG5|HIGD1A|RPS6KA3|ARHGAP25|CRKL|NEK4|MNAT1|MICAL2|LRIF1|ERGIC2|SLC25A20|PIP4K2C|ICE1|GPN1|MMUT|TMEM9B
GSE22886_NAIVE_CD4_TCELL_VS_MEMORY_TCELL_DN	0.000598981731057203	0.0284338441492224	0.412535265430234	1.56903044199244	1	190	ELK3|ST8SIA4|DCK|IFIH1|CREBL2|ENOPH1|CHN1|ANKRD27|MGAT2|STXBP3|MTREX|GLUD1|RCHY1|CBLL1|NBR1|RDX|TMED2|GINS1|TMEM123|TCF12|ARL1|WTAP|TBPL1|ORC2|RTRAF|PMS1|ISOC1|TNKS2|HECA|CD96|IL6R|MRPL15|RIOK2|CNBP|CAB39|NDUFV2|FASTKD3|FUT8|UFM1|YWHAZ|IFT57|RBL1|CPOX|PCNX4|CMPK1|UBA2|TSNAX|EMC2|RDH11|MTRR|PEX13|COPS4|HPS5|SKP1|NCK1|PARK7|CCDC90B|GPD1L|CEP57|GLT8D1|XPOT|VPS4B|ZFAND6|GTF2H1|SLC39A8|TRAPPC11|CISD1|SEC61G|PNP|COPB2|GALNT7|N4BP2L2|KCMF1|HIGD1A|RPS6KA3|CRKL|NEK4|AQP3|CCDC47|GOLGA5
GSE23502_BM_VS_COLON_TUMOR_HDC_KO_MYELOID_DERIVED_SUPPRESSOR_CELL_UP	0.000552944429084877	0.0284338441492224	0.440548642664294	1.59107965329763	1	128	ZNF841|LRCH2|SLC29A4|ZNF43|TAMALIN|GPR162|ZFPM2|ACTR3|LAMP2|TLE4|STARD9|HIF1A|TCEAL8|DRAM2|NEO1|HESX1|NUDT11|GRIA2|CHRNA3|ABCA6|SERPINB5|EDA|CDHR4|LDB3|SYP|RAPGEF6|CA8|BECN1|PRPF39|HMGN3|RICTOR|CYRIB|SFMBT2|MKRN3|NUFIP2|CWF19L2|MORF4L1|NUP155|RAB4A
GSE23502_WT_VS_HDC_KO_MYELOID_DERIVED_SUPPRESSOR_CELL_BM_UP	0.000600781015319916	0.0284338441492224	0.41610201915437	1.56854234756596	1	180	TTK|ARRDC3|STAP1|TM6SF1|CAMKMT|CD40|PGAP1|CREBL2|DDIAS|HLA-B|GPR174|RRM2B|TMEM209|UBLCP1|KLHL24|ZNF608|ACSF2|PAIP2|EDARADD|C5orf34|PI4K2B|RFX5|LDLRAD3|CBX3|MEX3B|RRAS2|XCL1|ICOSLG|CR2|ATP8A1|NRXN1|CEP97|INSIG1|CCNH|MTCP1|INPP5F|PELI1|DOCK11|ZNF292|CARD6|MTMR4|SMC6|CHD9|ZFC3H1|PDE7A|FH|BACH1|RFC1|TNPO1|TUT4|C2orf88|GLUL|TMED8|CD93|BMP2K|SFXN2|FYCO1|BRWD1|MBD4
GSE2405_S_AUREUS_VS_UNTREATED_NEUTROPHIL_DN	0.000603318250377074	0.0284338441492224	0.418247351807534	1.57327785451238	1	178	STAP1|TENM1|TM6SF1|POU6F1|DTL|MNS1|TOP2A|TP53INP1|P3H4|FAM107B|PBK|INTS13|MACIR|CCNA2|KNL1|ERI1|CIP2A|CKAP2|LDLRAD3|GINS1|RMND5A|NCAPG|NDC80|KPNA2|AP3S1|CNOT6|NUSAP1|MAD2L1|SYTL3|RCBTB2|GFI1|MTSS1|SLC40A1|DNAI4|C1GALT1|APOO|CKAP2L|IFT57|TIPIN|RRM2|RFC5|MYB|BACH1|STMN1|RACGAP1|CENPI|ATP13A3|CDKN3|MIER1|PCNA|CHCHD3|ATAD5|SHCBP1|CDCA2|CENPE|RFC3|ATL2|SKP2|SSBP2|KNSTRN|MDM1|BUB1B|EXO1|GPSM2|PHF10|SLC6A19|HIBADH|MPP1
GSE24634_TEFF_VS_TCONV_DAY5_IN_CULTURE_UP	0.000609013398294762	0.0284338441492224	0.399305206717353	1.52540795713673	1	198	TTK|LBHD1|RAD54B|IL12RB2|GLMN|CDC7|BATF3|RFC4|MACIR|UAP1|CKAP2|SMC2|LRPPRC|PLAA|OLA1|ECT2|NUP37|PER2|GMPS|AGPS|SLC19A2|RANBP9|MAD2L1|BRIX1|SYT11|KIF3A|PSMG1|UBE2E3|TYMS|SPDL1|PPA2|SOCS2|TIPIN|THOC1|RRM2|TAF1A|DNAJA2|CDK2AP1|RFC5|HBS1L|PRMT3|CACYBP|DBF4|MYB|EIF2S1|KIF15|BORA|DNM1L|ACAT1|EIF3J|ABHD5|STMN1|VDR|ZMPSTE24|DSCC1|RBBP8|IPO5|GGH|CDKN3|GNL3|GTDC1|SMC4|PSMD11|KLHL7|CKAP5|NUP155|CHCHD3|BUB3|LMNB1|BHLHE40|PCLAF|FAF1|SKP2|BTG3|EXO1|GLO1|FAM98A|RAP1GDS1|KDM1A|SNRNP40|KIF23|MELK|FEN1|HCCS|GINS3
GSE25087_TREG_VS_TCONV_ADULT_UP	0.00060313630880579	0.0284338441492224	0.407598746183529	1.54471913492345	1	187	IL10RB-DT|SETD7|PARPBP|ESF1|DOK2|KAT2B|CAPZA1|GPR174|CEP128|CHN1|CLDND1|SLC25A46|S1PR2|B3GNT5|KDSR|RCHY1|TAB2|CBLL1|KNL1|MEF2C|GOLGA8B|NR4A2|RDX|DNA2|UTRN|RAB3D|ATP1B1|FBXO3|EPS15|IBTK|MIAT|PERP|TTC39C|ELL2|RAP1A|SKAP2|HERPUD1|RBL1|CPOX|SAMSN1|SOCS2|BCL2|FAM91A1|MYB|PIWIL4|C18orf54|ZSCAN9|ELOVL5|ANXA5|PPP1R16B|SNTB2|FUCA2|FYCO1|ATAD2|TIPARP|GABARAPL1|ZFAND6|IQGAP3|REEP3|USP48|S100A4
GSE25087_TREG_VS_TCONV_FETUS_UP	0.000600781015319916	0.0284338441492224	0.411340844754265	1.55059457676233	1	180	ZC2HC1A|IL10RB-DT|DPYSL2|EOGT|PARPBP|AGO4|PPP1R3D|ADAMTS3|SGPP1|KAT2B|LGALS3|PKD2|STT3B|DNASE1L1|CMTM6|CLDND1|NABP1|ERI2|HNRNPLL|TRUB1|B3GNT5|TAB2|FAM13A|RDX|NFAT5|ATP1B1|SIAH2|ATP1B3|TRIB1|CBFB|PPP3CB|UGCG|PERP|TOX|CHRNA3|KIT|GNG10|RAB5A|SAMSN1|UBE2E1|SOCS2|MAP4K3|MBNL1|IL10RA|INPP5F|NME7|CACYBP|CLGN|CYBB|VMP1|STARD4|NF1|TMED8|SERINC1|IVNS1ABP|RAD21
GSE2706_2H_VS_8H_R848_STIM_DC_UP	0.000604047115675023	0.0284338441492224	-0.440813574809154	-1.55022038804034	3	173	TGFB1I1|DPEP2|FES|SLC22A18|MAML3|AHRR|DERL3|LINC00528|QSOX1|DHRS1|LPCAT4|ANKH|SCRN2|TECR|SH3BGR|P2RY11|CRISPLD2|SLC19A1|IER3|ICAM1|TPCN1|CNBD2|MFSD12|CRACR2B|ATP2A3|DCN|FDXR|CYB5D1|MEAK7|TBXAS1|MAP4K1|SCARB1|NAPRT|IL18BP|NCSTN|DCXR|POLR2E|ADAM15|ICAM2|FOXRED1|SLC2A3|CHID1|HEXA|SDC4|SGK1|RILPL2|TMEM205|EPHX1|BLVRB|SIVA1|SIGIRR|SLC38A6|DCUN1D3|SPATA2|IQCK|CRAT|DPY19L1|PDK3|LPCAT1|NRGN|ACADSB|ADISSP|PINK1|ESYT1|SPTBN1|GNA12|MAN2B2|KDM6B
GSE2706_UNSTIM_VS_8H_R848_DC_UP	0.000454821103699212	0.0284338441492224	-0.456019609739065	-1.59859907137113	2	169	GZMM|DPEP2|FES|WFS1|SLC22A18|MAML3|CDNF|TMEM117|ZNF169|AURKC|PIK3C2B|SLC39A3|DDB2|AMDHD2|SCRN2|SH3BGR|P2RY11|TSPAN4|DBP|NAA38|TSHZ3|SLC19A1|NUDT16|STX10|SH2D3C|PIK3IP1|TPCN1|PRRT3|CNBD2|MFSD12|HSPG2|FHL1|FDXR|ZAR1|EIF3LP3|CCDC9B|SLC22A18AS|MAGED2|MEAK7|TBXAS1|ACP6|SCARB1|DCXR|ITGB5|ICAM2|BIN3|IL16|IL17RA|GRHPR|CHID1|HEXA|TMEM205|RASSF1|BLVRB|P4HA2|SIVA1|DNAL4|SIGIRR|ZNF324|SPATA2|NFE2|ERP29|CARS2
GSE2770_IL12_AND_TGFB_ACT_VS_ACT_CD4_TCELL_6H_UP	0.000604047115675023	0.0284338441492224	-0.441433569111076	-1.55240073788034	3	173	MXD3|DPEP2|TSC22D3|RCAN3|IL11RA|TCTN2|SPON2|BSCL2|DYNC2H1|ELAPOR1|RAB38|RPS20|PBXIP1|DHRS1|LPCAT4|DDB2|WHRN|GABPB1-IT1|EEIG1|SNHG32|IFT140|CACNA2D2|ZNF671|PIK3IP1|COL6A3|EPHB6|COLGALT2|ACP6|NLRP1|SLC16A5|TBC1D8|POMT1|ID3|RAMP1|IL16|DHRS3|SFXN3|PHC1|SIDT2|PPOX|H2AC25|GNB5|INPP5D|FLNB|EVL|SIGIRR|SIRT4|APBA2|RNASET2|ABCD4|KDELR3|OXA1L
GSE28237_FOLLICULAR_VS_LATE_GC_BCELL_DN	0.000602228244504667	0.0284338441492224	0.422162805966908	1.59492344305446	1	183	DPYSL2|DCK|PRKCH|PREX2|C9orf43|CAMK2B|DNAAF9|CCNE2|UQCRB|ENOPH1|RRM2B|TCF7|REV3L|SFT2D2|KIF18A|PPP1CB|RALGAPB|PIK3CA|NR4A2|C17orf58|TSPAN13|SMC2|GAS2L3|HPRT1|FNIP2|TJP2|RPL39|RELN|INTS6L|ATP1B3|PPP2R5E|CNOT6|PXYLP1|OTULINL|SPATA21|TMEM176A|TDRP|RAP1A|CDC14B|DUSP10|ATP5F1C|SQOR|EMC2|RAPH1|CHSY1|BECN1|PTPN12|PIK3CG|SLC36A4|SEPTIN7|GOLPH3L|MEGF9|HMG20A|RBBP4|RAB3GAP2|RBBP8|NOD1|ABCB7|STIL|CEP76|RAB1A|CHP1|MORF4L1|GYG1|PCLAF|PAICS|CDK6|GALNT6|MAP1LC3B|MPP1|TGFBRAP1|STRN|PPP2R5A|HSPA4L|TRAK1|SRP54|YWHAB|ASPM|CDC42BPG|VASP|RAB7A|SNAP23|OSBPL9|SPRED2
GSE28737_WT_VS_BCL6_KO_MARGINAL_ZONE_BCELL_DN	0.000602954476936991	0.0284338441492224	0.409821456518569	1.5454273471999	1	181	SETDB2|NAPEPLD|RBM44|NEDD1|ABITRAM|DET1|CNOT11|ONECUT2|TLE4|GNAI3|MLF1|SMARCAD1|KLF10|CGGBP1|PPP1R3B|CD80|RANBP2|SLC25A40|BCLAF3|BLTP1|SNX24|SVIP|PICALM|STYX|FAM13B|TBPL1|PREPL|CNOT6|AGPS|SLC19A2|FEM1B|RNF182|ISOC1|NUP133|CASP8AP2|RHOA|PRKCI|CDK17|FASTKD3|MTMR12|ROCK1|FXR1|USP45|AP1G1|RBPJ|RAPH1|DLG1|CNKSR3|ZMAT3|IFT70A|CEP57L1|TOGARAM1|CD47|TNPO1|MFSD14B|CTDSPL2|MAK16|EFHC1|PRXL2A|ITPRIPL2|PARP16|RAB1A|MMS22L|PSMD14|CENPE|FDFT1|ZZZ3|EEF1E1|CCDC14|RALGAPA1|GPSM2|OPTN|GOT1|POLR1F|POLR2B|EFCAB14|TOP1
GSE29618_PRE_VS_DAY7_POST_LAIV_FLU_VACCINE_MONOCYTE_UP	0.00060725671777744	0.0284338441492224	-0.451438505194176	-1.57714181871457	3	162	RAB4B|TYROBP|CYLD|TIMP3|ITPKC|RPLP2|APBA3|KCNK5|SH3BP2|TFPT|DDX41|P2RY11|SOD3|SERF2|MYO1A|SLC39A2|ATG9A|CIB1|TPH1|EMP3|RBM38|LMF1|TPPP3|RSPH14|PKP3|NINJ2|PXMP4|TMCC2|ARHGEF10|MYDGF|NSDHL|SRM|GUK1|CD151|NFE2L1|CEBPB|SAP30BP|TYRO3|TAPBP|ZBTB43|POLR2A|WNT5B|MEF2D|SMURF2|IQSEC1|NUMA1|UBXN1|SOCS3|ZNF408|CENPB|TEAD3|LY6E|UPP1|DESI1|NRBP1|PTPN7|CD320|NFKBIE|PRPF8
GSE30962_ACUTE_VS_CHRONIC_LCMV_PRIMARY_INF_CD8_TCELL_DN	0.00060313630880579	0.0284338441492224	0.403907640081333	1.53073056827922	1	187	AIM2|CD83|MEMO1|PLK4|CEP128|HAT1|DTL|ZNF518B|AKR1E2|BCAP29|RBMXL1|RFC4|MTHFD2|CCNA2|MEF2C|ARHGAP11A|CKAP2|BMI1|SYPL1|PALS2|STARD3NL|ETV5|KPNA2|GMPS|MAD2L1|CDC27|RSAD2|FCER1G|TOX|XCL1|SERPINE2|INPP4B|EGR2|NOP58|LITAF|TARS3|SKAP2|STAU2|ADK|CELF2|ITM2A|NAA50|CDK2AP1|CASP3|BUB1|MYB|PCGF5|MIS18BP1|FILIP1|HMGN3|MYC|NEK2|IPP|MIX23|TAMM41|GNL3|ATAD5|SHCBP1|TFRC|BLM|NCAPG2|FABP5|TFDP2|HSPA9|CDK6|KNSTRN|EIF1AX|CCNB2|BCAT1|XRCC2|RNASEH2B|EXO1|OPTN
GSE32423_CTRL_VS_IL7_IL4_MEMORY_CD8_TCELL_DN	0.000452488687782805	0.0284338441492224	-0.453358595439623	-1.59610417826559	2	175	ASCL2|SRGAP3|COX6B2|RAB27B|SEMA4D|STX1A|SYCE2|CYP19A1|TAP1|GDPD5|SH3BP2|NDUFA13|UBA7|UBL7|OST4|CUL9|SERF2|IFI35|PILRA|CTDNEP1|LMAN2|IFI27L2|TOM1|P2RX5|KATNB1|OS9|ARHGAP26|GALR3|TBCD|GBP2|IL18BP|PSMB5|ATPAF2|TRAPPC5|SCYL3|ZNF784|PARP3|PLEKHF1|ZBTB7B|MOCS3|G0S2|NDUFC2|MAP1S|HMG20B|PDLIM4|DLL3|KAZN|PLEKHH3|RCN1|POLR2A|SDF4|SLIRP|DHX30|ZNF23|AP1S1|TMEM259|TSPAN31|BCAP31|CNPY2|HIPK2|FNTB|UHRF1|IGHMBP2|CTU2|MYO1C|SMG9|ZNF18|HLA-E
GSE33425_CD161_INT_VS_NEG_CD8_TCELL_UP	0.000594000594000594	0.0284338441492224	0.397213576223161	1.51939558632698	1	195	TTC39B|PRKCH|KCTD12|RGS2|CCL5|RNF11|MFSD14A|ARL5A|ATP6AP2|SERPINI1|YIPF1|PTER|NABP1|CNIH1|CPD|PPP1CB|AKAP12|CRLF3|SMNDC1|ARF4|MXI1|TMEM30A|SC5D|YTHDF3|TCF12|SPAST|ARL1|EPS15|PPP3CB|TNKS2|OSTF1|SAR1B|BRIX1|RECK|PERP|OTULINL|DAZAP2|ACSL4|GNG10|HLA-C|SKAP2|KLHDC2|ROCK1|MFF|PELI1|B3GNT2|RAB28|HNRNPK|PTP4A2|SMC3|PRDX6|PRKD3|DNAJB9|S100A10|UBE2D3|C6orf120|LSM14A|ADAM10|SEPTIN2|GBE1|CMAS|VMP1|TRNT1|CA2|TNPO1|SMPDL3A|ITM2B|PPP2R5C|IVNS1ABP|HMGCS1|PLSCR1|ASAH1|YWHAH|TRIM59|VPS4B|ATF1|PPID|ADH5|SLMAP|RAB10|ATP6V1C1|NDFIP1|LAPTM4A|DEGS1|U2SURP|CDK8|HIBADH|CD82|EED|PGK1
GSE36009_WT_VS_NLRP10_KO_DC_LPS_STIM_DN	0.000601865783930184	0.0284338441492224	0.409207700235558	1.54794942815868	1	184	ZC2HC1A|TTC39B|SETDB2|LONRF1|COPS2|SELENOT|SESTD1|EXOC5|CEND1|USP38|MDP1|ABHD17B|FAM76B|BCAP29|RBMXL1|CLK4|PI4K2B|NEMF|ROCK2|CEP135|TWF1|ADD3|NAE1|KCNJ8|TAPT1|WBP4|IPMK|TNKS2|WWTR1|S1PR1|CHAC2|RRP15|SDHD|UFM1|CRBN|PSMG2|TMEM38B|CERT1|FAM133B|ETFDH|NSA2|IREB2|FZD4|BAZ1A|BORA|NIFK|TOR1B|CCNT2|ATAD1|TTC3|MAN1A2|FAM78B|CTDSPL2|OTUD6B|PSME4|HNRNPA1|ZKSCAN5|KBTBD2|MRPL3|PCNA|RAB1A|SFT2D3|RAB4A|EIF4A2|CCT6A|ATP11C|HSPA9|INTS7|KPNA1|DENND1B|WASHC2A|ZBTB11|GPSM2|MBD2|PIP4K2A|GUCD1|PIBF1|SNRK|PHTF1|RPS6KB1|STAG2|ILF2|ST13
GSE36527_CD69_NEG_VS_POS_TREG_CD62L_LOS_KLRG1_NEG_DN	0.000599970001499925	0.0284338441492224	-0.431287959648086	-1.53111891079218	3	189	CCDC12|ANAPC11|TMEM115|RNF5|CHST12|SLC29A1|COMMD4|RCN3|NXF1|SPSB3|POR|ING4|RPP25L|TMEM160|CDKN2D|IER5L|DCAF15|RHOT2|TBCC|ZNF593|PKP3|NAA60|AKNA|GNA11|ID3|ZFYVE19|WDR4|IL16|KCNN4|GUK1|STK11|B4GALT7|SPN|STX5|RAB40C|GFUS|PGP|NR4A1|CDK11B|TNFRSF1B|FBXL3|MAF1|TRIM39|NISCH|ACADVL|ACVR2B|SIGIRR|TNIP1|E4F1|CLCF1|ZNF764|PRPF6|ZNF707|SMARCD2|TP53BP1|RHEBL1|RRP1|CDC34|LCMT2|SKI|TPRA1|ABCD4|NELFB|PITPNM1|ZBTB48|ATP6V0A2|WDR45B|DICER1|SLX9|PDXK|SRF|GRAMD1A|TUBA3C|TAF5L|UCK1|COG8|TBC1D10B|RHOG|MMD|OTULIN|SLC15A4|PPM1G|TUT1|CYTH2|CORO1B|HEXIM1|MNT|MKNK2|ERCC3|CNPPD1|RPA1|DIPK2A|TRAF4|MRI1|DDIT3|PABPN1|WASF2|ELF2|NGRN|HGSNAT|NME4|SH2B1|ALKBH4|MCCC1
GSE37532_VISCERAL_ADIPOSE_TISSUE_VS_LN_DERIVED_PPARG_KO_TCONV_CD4_TCELL_UP	0.00058055152394775	0.0284338441492224	0.422004782885359	1.56951041334776	1	161	PRNP|CD3G|ARL5A|SFT2D2|BTBD1|MNS1|STRAP|GNAI3|JKAMP|TOP2A|HDAC2|PPP1CC|TFB2M|ARF4|UBE2N|CAPN2|MRPL39|RRAS2|CPSF3|MAD2L1|MRPL15|EXOC8|SLC25A32|NUP205|TGFBR1|UBA2|ZDHHC2|PRMT3|MTA2|WDR11|MTMR4|PRDX3|RRM1|S100A10|CDK2|EIF3J|TRIT1|PSMA2|MYC|PSMA6|STX7|RPL4|PUDP|PPP2R5C|STIL|FAM111A|CAPZB|NDE1|ARCN1|SEPTIN11|ATP5PB|ADH5|FDFT1|RFC3|GHITM|DSN1|ACOT13|NDFIP1|COMMD3|C1GALT1C1|ALYREF|BUB1B|RRN3|HIBADH|NFX1|DLGAP5|ALG5|EXOSC8|MACROH2A1|COQ2|SMARCAL1|RCOR2|ANAPC1|RC3H2|NPEPPS|HDDC2|SPC25|MDH1|HSD17B4|NAA20|THYN1|UBR7|CTR9|CHEK1|ERH|UTP6|POLE2|ELP2
GSE37532_WT_VS_PPARG_KO_LN_TCONV_UP	0.000600240096038415	0.0284338441492224	0.420992124561972	1.5856219509928	1	179	SLAMF6|TM6SF1|NTS|ZKSCAN8|CD3G|SESN3|KAT2B|NLGN3|USP38|BTBD1|RNF2|BBS2|KLHL24|CTSS|FAM76B|FOXN3|L3MBTL3|LANCL1|RSRC2|ST8SIA6|KHK|BMI1|LZTFL1|AAK1|UTRN|CLK1|FAM13B|PJA2|HECA|INKA2|CD96|LAMA2|DOCK10|FABP9|LEFTY2|BACH2|CEP97|SLC25A36|FOXP1|CAB39|CDK17|SLC25A3|INPP5F|ZDHHC17|RESF1|ZNF292|ITM2A|RAPGEF6|FAM91A1|CNKSR3|FAM3C|FILIP1|RCOR3|HYCC2|DCP2|ZNF217|ZC3H11A|TTC3|SMPDL3A|TUT4|ZMYM2|NT5DC1|ZWINT|FYCO1|MFSD6|SMC4|ZFAND6|SYNJ1|SSBP2|MAPRE1|DENND1B|RNF130|CCDC28A|HECTD2|PIP4K2A|KIAA0040|NR3C1|SNRK|BCL2L11|NSD3|RASSF5|UBE2B
GSE37532_WT_VS_PPARG_KO_VISCERAL_ADIPOSE_TISSUE_TREG_DN	0.0006000600060006	0.0284338441492224	0.409955010786501	1.54191691464579	1	177	DNAJB2|GPR137B|CD44|CCNG2|MX2|KCTD12|MYOM1|CLN5|STAP2|ARL5A|HSDL2|RASSF3|CLDND1|LAMP2|GNB4|B3GNT5|NOL11|SRP19|COG6|TMED2|DENND4C|TRIB1|AP3S1|TAPBPL|KCNE2|MAGT1|ELL2|SRP9|LITAF|YWHAZ|TSTD2|MORF4L2|VWA5A|CSRP1|CREG1|ADK|CPNE3|CACUL1|ACLY|HMGN3|ATP2A2|ELOVL6|SECISBP2L|INPP5B|QDPR|HMGCS1|ALDH1A2|NSMCE3|PSMD11|PLAAT3|RAB4A|ANKRD33B|FABP5|NUMB|SPOP|IDI1|RAB10|ANXA7
GSE37605_TREG_VS_TCONV_C57BL6_FOXP3_IRES_GFP_UP	0.000485201358563804	0.0284338441492224	-0.532108922957751	-1.70085326702806	2	80	ASCL2|WIPF3|TRIM29|IRX5|NALF1|MYO16|TMEM25|RNASEH2C|ZKSCAN2|CILP|YBX2|VMO1|ATP2B3|MYPN|MAFA|P2RX5|CRYGS|TRIOBP|CHMP6|CRYM|ACSBG1|TSPOAP1|GALE|CRELD1|HMG20B|SLC25A42
GSE38696_LIGHT_ZONE_VS_DARK_ZONE_BCELL_UP	0.000593119810201661	0.0284338441492224	0.415797739482202	1.56373171400528	1	175	PITPNC1|PDK1|SESN3|TMEM135|JKAMP|KLHL24|HDAC2|PAIP2|MOB3B|C5orf34|NEK9|SRP19|RAB23|THOC2|GNPAT|RIF1|UTRN|DENND4C|SPAST|UTP11|PSMD6|VAV1|FAM174B|TANC1|SYNE1|OTULINL|INPP4B|AUH|TXNDC9|CEP97|NFYB|USP8|CERT1|GRK5|ALG10B|SBNO1|TRMT11|ZDHHC17|CELF2|ZCCHC7|ARHGEF12|RAPGEF6|PVR|MYB|HPS5|ADAM10|DHX15|KLHL6|HMG20A|CNOT6L|AZI2|TIA1|PPWD1|NOD1|CHMP5|CLPX|GALNT1|PSME4|ERCC5|MTIF2|CUL5|PEX2|KLHL7|HLTF|ITCH|CDC73|MYCBP2|EIF4A2|STX17|USP16|CHM|PRKCQ|ATM|C1GALT1C1|PGM2L1|STAT1|IMPA1|PPP3CA|STK38|PIP4K2A|CCDC117|ANAPC4|POLL|PARP14|BTAF1|CEP95|DHX36|RNGTT|GSTO1|DDX17|SF3B1|SS18L1|GMCL1|TUSC3|DDX47|BCKDHA
GSE41867_DAY6_EFFECTOR_VS_DAY30_EXHAUSTED_CD8_TCELL_LCMV_CLONE13_DN	0.000594000594000594	0.0284338441492224	0.408917144179687	1.56416331472767	1	195	SETD7|NUS1|CD36|RYR1|ZBTB22|MEMO1|ITFG1|PANK3|STRAP|PECR|JKAMP|WDR75|KDM7A|GNAQ|UCHL3|AMMECR1|YES1|CRYBG3|MAPK6|STT3A|LIPT1|RPAP3|PUS3|PALS2|SLC44A1|TMED2|SCCPDH|RMND5A|DENND4C|UHMK1|SLC19A2|IBTK|UGCG|S1PR1|KCTD14|SH2D4B|EIF4E|PRKCI|CREG1|KCTD6|CNOT2|RDH11|AASDHPPT|CASD1|FAR1|PDE7A|MAPRE2|ZNF566|CDK2|MGA|KLHL6|GABPA|ZBTB25|BRAF|TNPO1|ATP13A3|OTUD6B|TCERG1|CUL5|FAM118B|HACD1|SLC4A1AP|ECHDC1|DDX21|CDC73|USP16|BCCIP|UTP25|DHX33|TRMT10C|TNFSF9|TRMT6|SLC30A5|EXO1|ORMDL1|TRAPPC13|LMAN1|TBC1D12|UBE2K|FOXO4|FKBP4|CTBP1|PURB|AMIGO2|ZHX1|SLAIN2|R3HDM1|GAN
GSE45365_NK_CELL_VS_BCELL_UP	0.000603318250377074	0.0284338441492224	0.39183762188316	1.48312542504935	1	185	FOSB|ST8SIA4|CD83|EGR3|ALG11|RGS2|CPNE8|CCN1|GNG12|TTPAL|SLC39A10|NABP1|ARID5B|GCC1|WDR75|RNF138|PHLDA1|RBMXL1|EGR1|NFYA|MAPK6|UTP18|CRLF3|ARF4|CAPN2|PICALM|IFRD1|SIAH2|ASS1|FEM1B|RRAD|ARHGAP8|DOCK10|WWTR1|EPB41L4A|SPP1|MYEF2|HAS3|RAP1B|YWHAZ|JAK2|OSGIN2|SLC25A32|ARL5B|B3GNT2|AGGF1|CHSY1|BACH1|NIFK|SDE2|ATP2A2|MON2|MFSD14B|ZDHHC5|NCBP1|ZNF236|PCNA|ATP6V1A|GNL3|XPNPEP1|HSP90AA1|CTDP1|PACRGL|METTL9|ATF3|TASOR2|BCAT1|RLIM|RBM12|RIOX1|WDR3|ZC3HAV1|ZFP36
GSE46025_WT_VS_FOXO1_KO_KLRG1_LOW_CD8_EFFECTOR_TCELL_UP	0.000461680517082179	0.0284338441492224	-0.459236853648625	-1.59247452604557	2	154	TOB1-AS1|VASN|VWA7|PIEZO1|BSCL2|S1PR5|TEX14|NUP210|LINC01122|NDUFB2|LCAT|SH3BP2|KLF7|ST6GALNAC6|COMTD1|LSR|AURKAIP1|ZNF598|PLOD3|STX4|EIF3LP3|AKAP8L|MMRN2|CTSA|RAMP1|YIF1A|LYL1|PMPCA|SRM|GPATCH3|SELENBP1|SPHK1|GNPTG|TMEM120A|TAB1|APBB3|MOCS1|MAF1|PYCR1|CD2BP2|CCDC9|ZBTB1|TUBA1B|HNRNPAB|NNMT|CASC3|FRRS1|ATP5F1D|EMC1|TUBB3|PDIA5|PRR14|ULK1|TYK2|CLK3|RAC3|SERPINF1|NUDC|WDR59|PES1|H6PD|ZNF558|FHOD1|TOX4|RPS19BP1|HLA-E|ARRB2|CEP85|HK1
GSE7460_CD8_TCELL_VS_TREG_ACT_DN	0.000598981731057203	0.0284338441492224	0.402455364388328	1.53069269753192	1	190	MIER3|NXT2|RAD54B|C2CD5|ANKRD13C|UBLCP1|ERI2|KPNA3|COPS8|KIF18A|ANLN|UBA5|CPD|GEN1|ERI1|AKAP11|ARHGAP11A|CIP2A|UTP18|BMI1|PSMA4|NUP107|HSPA14|NDC80|NUP37|GMPS|NUSAP1|CDC27|TOX|EXOC8|ANKRD28|PDS5B|HAUS5|VDAC1|HAUS1|ACSL1|TIPIN|HUS1|PHTF2|TRMT11|NAMPT|RFC5|STK24|PRMT3|SSR1|IFTAP|TSG101|EIF2S1|SMC3|CEP57L1|CLTC|VRK1|WSB1|LRP11|RB1|OSTC|TMX1|CTDSPL2|NEK2|VAMP3|RCN2|KIAA1191|TEAD1|PRDM2|HPF1|LTV1|DDX20|BUB3|FARSB|UBE2A|ATP11C|FUBP3|CCDC115|PTPN9|VMA21|ALYREF|BUB1B|VIM|ACTR6|SSX2IP|POLR2B|CSE1L|KIFBP|SRSF10|MELK|NCAPH|DIP2A|TSEN15|COQ2
GSE7852_LN_VS_THYMUS_TREG_DN	0.000601865783930184	0.0284338441492224	0.416316969652349	1.57484234713848	1	184	ARMCX1|ZNF43|LGALS3|STT3B|TCF7|PTER|ARID5B|PDE3B|GNB4|HEMGN|TDRKH|PPP1R3B|LDHA|PI4K2B|AKAP12|PLEKHA5|LZTFL1|PRKAR1A|ZFTA|YWHAQ|RRAS2|PRKRA|IRGQ|KPNA2|TCEAL8|SMARCA5|NUSAP1|RCBTB2|FCER1G|KIT|EHD3|DUSP10|PDS5B|TBC1D19|FUT8|IFT57|ZSCAN29|PAPSS1|IFT74|SLC25A14|PPHLN1|CAP1|FAM133B|PYGL|MYB|PCGF5|SMC3|HSPD1|NNT|MEGF9|SEPHS1|CMAS|KDM6A|THOC7|RNF14|ATP6V0E2|MTF2|GOLM2|PCNA|AK3|HSP90AA1|RAB4A|ATF1|TMEM87A|TGFBR3|NUP50|SKP2|PEPD|RPL7L1|GPSM2|ACOT7|SSX2IP|TOP1|FYTTD1|CCNB1IP1|MACROH2A1|NAP1L1|SMC5|ZC4H2
GSE8515_CTRL_VS_IL6_4H_STIM_MAC_UP	0.000588408355398647	0.0284338441492224	0.421391263800976	1.58118208423621	1	172	STK38L|MEX3C|CD69|DPF3|RNF11|BLZF1|CSPG5|SEC24B|MBNL2|ITGB3BP|ZFPM2|DSCR4|CNIH1|MEF2A|FOXJ3|KIF11|EIF4G2|PPP1CC|PPP6C|ALG6|SMAD2|TFB2M|SCAF8|GNPAT|ZFTA|TOB1|TMED2|HPRT1|PLAA|RMND5A|PPP2R5E|RAB11A|RP2|IBTK|RANBP9|SEC22A|DYM|MAD2L1|ZNF586|RAP1A|MCTS1|PLS1|SOAT1|MED7|IREB2|CASD1|C1D|MEGF9|CMAS|KDM6A|MKLN1|RAB14|MRPL3|CLOCK|MRS2|CEP76|CHP1|XPNPEP1|ZNF264|TTC27|ZNF473|GHITM|YAF2|HJURP|EIF1AX|GALNT7|SARAF|SLC12A5|MRPL33|UFSP2|PIK3CB|SSX1|PPP2R5A
GSE8685_IL2_STARVED_VS_IL21_ACT_IL2_STARVED_CD4_TCELL_UP	0.00060313630880579	0.0284338441492224	0.392457698911631	1.48733754172014	1	187	EGF|RTL6|CFAP69|FAM135A|BLZF1|PUS10|CCNE2|CEP128|VPS26A|MGAT2|UBA5|TDRKH|CPD|GCNT2|LHPP|PAQR3|NPM1|RFX5|ALG6|ARHGAP11A|LIPT1|CRYZ|CHPT1|LRPPRC|NKRF|MAPK8|RP2|ASS1|GFI1|IL6R|CREB3L3|SOX21|SLC40A1|GNG10|VAPA|ZBED5|AGL|FASTKD3|PCCA|TDRD3|YTHDF2|OSGIN2|STAU2|TSNAX|PYGL|IREB2|PPFIBP1|CEP57L1|DDX3X|DNAJB9|SCLT1|BAG2|TNPO1|CCDC90B|PSME4|MAPK14|PLCB1|ERCC5|ATP1B2|SSBP1|NCOR1|B3GALNT1|EIF4A2|MTX2|UTP25|ZRANB2|ZC3H8|RIOK3|DHX33|ZC3H7A|PPM1E|RPS6|CUL4A|SSX2IP|ANO6|PXK|PAIP1
GSE9006_TYPE_1_VS_TYPE_2_DIABETES_PBMC_AT_DX_DN	0.000603318250377074	0.0284338441492224	0.41480506295376	1.57005836333236	1	185	COL21A1|TNFSF4|ABCC3|EMSY|POGLUT1|CLIC2|PTER|KPNA3|PSMC1|RUFY2|GNAQ|GGPS1|LGALS8|MOB4|EXPH5|ROCK2|GDI2|PSMA1|PUS3|YIPF6|GNPAT|DENND4C|PDE8A|ESD|MSH3|MRPS22|SYT11|TPTE|ZNF586|ATP5F1C|TMF1|TBC1D19|CCDC121|UGP2|REL|TMEM50A|ADK|RBPJ|ARHGEF12|RHEB|SCAMP1|CHD9|CLTC|DNM1L|LMBRD1|AFTPH|COMMD10|RAB3GAP2|TIA1|PSMC2|GART|AP3B1|MFAP3L|CLOCK|PIAS1|MPHOSPH6|TAX1BP1|GTF2H1|ZNF318|SAV1|SPOP|FBXO11|METTL9|ASH1L|DENND1B|GDAP2|ASAP1|CRK|MINDY2|DAB2|SPARC|STRN|RPS6KA3|CALCOCO2|RAD17|HSPA4L|ATP2B4|GSTO1|TOM1L1|PRKCB|RC3H2|EIF2S2|RPS6KA5|MDH1
KIM_ALL_DISORDERS_DURATION_CORR_DN	0.000466708151835719	0.0284338441492224	-0.477078348888356	-1.63364657109446	2	138	RAP1GAP2|STOML1|PAK6|COX8A|RPS29|RABAC1|B3GAT1|ETFB|GTF3C1|SAC3D1|ECI1|NSG2|NDUFS7|CTDNEP1|NDUFS8|OS9|NDUFAF3|AKR1B1|AMPD2|RNH1|DCXR|ATOX1|PSMB5|PIN1|UQCRQ|RNPS1|NDUFA1|SFXN3|CDIPT|ENDOG|TRAP1|GRHPR|NDUFB1|NTHL1|NBL1|MADD|NDUFC1|TMEM147|CLTA|PAFAH1B3|KLHL21|DHX30|PEF1|ACD|HCFC1R1|NDUFA7|NRGN|CKB|PARP1|PMP22|ATP6V0B|TUFM|ESYT1|ATP5MC1|BCAP31|NUDC|CCT7|PES1|RBM10|MAST3|AKR1A1|COX4I1|ARRB2|SF3B2|HAX1|AHSA1|COX7C|RPL13|RPS8|CREB3|ATP6AP1|DCTN2|RUVBL2|EIF6|COL9A3|VPS28|SLC25A11
LI_WILMS_TUMOR_VS_FETAL_KIDNEY_1_UP	0.000586854460093897	0.0284338441492224	0.421527409921803	1.575239368628	1	168	SLC35A3|MTMR6|PRNP|SERINC5|DYNC2LI1|KCTD12|TGFBR2|CPVL|CREBL2|IL10RB|CDS1|GNG12|NCOA3|LAMP2|PRPS2|ZNF44|RAB22A|TNFAIP8|CRYZ|TOB1|PDE8A|PGRMC2|ATP1B1|ITPRID2|UGCG|SCP2|COL4A5|TRIM2|IFIT1|SPP1|SDHD|SLC30A1|HERPUD1|TMED5|CARD10|PLS1|ACSL1|ANGPT1|FAM3C|S100A10|MAGI2|RIDA|TPST1|CAV2|SMPDL3A|ITM2B|EFR3A|ASAH1|GLUD2|ZNF124|DSTN|FUCA1|IL1R1|CAST|ACSM3|KIF13B|MSMO1|DST|PLAU|DAB2|NR3C1
MULLIGHAN_MLL_SIGNATURE_2_UP	0.000542225837061136	0.0284338441492224	-0.378873959831891	-1.43614936631597	3	386	GAA|DPEP2|FES|PCNX1|STS|RAB4B|PBX3|SLC22A18|MAPK13|PLXNB2|SMPD1|NUP210|PYCARD|ABCA7|COX8A|ATXN1|LILRA2|ELMO3|NDUFB8|SLC52A2|GRN|COMMD4|CLN3|SYNGR2|MFSD13A|TRPM4|PLOD1|ITGA7|SERF2|DNPH1|SAC3D1|ECI1|ARHGAP45|ABHD17A|ITGAX|RRBP1|CYBA|METTL25B|APOBR|CLCN7|PILRA|EXOSC4|NDUFS7|GLG1|FEZ1|ENSG00000274253|OCEL1|ZNF446|PTK2B|RGS14|SLC15A2|NINJ2|CHD3|TBCD|C11orf21|DDX23|SLC16A3|CTSA|EHBP1L1|DACH1|DDT|LRRC20|IGF2R|HIC2|TRABD|IL17RA|FBXW4|RASSF7|DHRS7B|CTSL|GRK6|DUSP7|ARHGAP1|CNPY3|PLEC|SMCO4|SZRD1|SFMBT1|MAPKAPK2|GNS|OAZ1|MALT1|CD2BP2|YKT6|GTSE1|NDUFC1|AKT2|HIRIP3|ID2|GIT2|GSK3B|TK2|LAMP1|CNIH4|SDF4|CAMKK2|BID|CAND2|HSPA1A|LRFN4|CAPG|POLR2J|ESPL1|RRP7A|NRGN|PSD4|PSEN1|EML2|MICAL1|S100A6|SRRT|DCPS|MR1|EAF2|RANGAP1|ISOC2|TIMM17B|CDC42EP3|ABHD2|DEXI|SCPEP1|HIP1|C15orf39|TNFAIP2|GNA12|LTB4R|PARL|DNAJC1|MSRB1|FLNA|ARHGEF3
PETROVA_ENDOTHELIUM_LYMPHATIC_VS_BLOOD_DN	0.000463606861381549	0.0284338441492224	-0.461684578422704	-1.58775789257899	2	142	TPM2|TAGLN|FBXL2|ANPEP|CYFIP2|TCN2|APBB2|CLDN7|EXT1|AXL|CXCL1|ACTA2|EPS8|TNFRSF21|LAMA5|SLC3A2|PLOD1|SGSH|FLT1|MMP1|SLC7A7|UCHL1|COL6A1|IER3|ICAM1|SLC6A8|SERPINE1|PGF|EMP3|ECE1|GBP2|TXNRD2|ISG15|LYL1|ITGB5|ICAM2|AGRN|RHOB|ITGAV|NISCH|MBOAT7|TANK|PDLIM4|ARHGAP22|RCN1|SLC38A6|RNASE1|KLHL21|CEP170B|COL1A2|ITGA5|SMURF2|NNMT|CAPG
PUJANA_XPRSS_INT_NETWORK	0.000585308750365818	0.0284338441492224	0.432586295728657	1.61568108232417	1	167	ZNF43|CDC7|PLK4|PMS2P3|TOP2A|TBCA|RFC4|KIF20B|PPP1CC|CCNA2|MSH2|RIF1|DNA2|SMC2|GINS1|POLA1|NAE1|CBX3|NDC80|MPHOSPH9|COPS3|MAD2L1|LARP7|NFYB|CNOT3|CDK1|FRG1|HMGN4|USP49|SMC3|HMGN1|RRM1|RBBP4|RB1|CD47|STMN1|DCP2|RBBP8|MTF2|NCK1|PPP2R5C|TCERG1|CEP57|ABCB7|RAD21|PCNA|ZWINT|PSIP1|ATP11B|SMC4|NEMP1|BUB3|LMNB1|BLM|PCLAF|RFC3|TFDP2|PAICS|SKP2|SSBP2|ATM|BLMH|FUBP1|EIF3H|RNASEH2B|RAD51AP1|SUZ12|KNTC1|POLR2B|TOP1|SRSF10|EXOSC8|NCAPD2|HMGB2|SEC31A|BRCA1|ASF1A|TAF11|CHEK2|CSNK2A1|SPC25|XPO1|AATF|FOXM1|CENPA|LBR
REACTOME_HS_GAG_DEGRADATION	0.000534188034188034	0.0284338441492224	-0.728341125268571	-1.83828564901224	2	23	IDUA|GLB1L3|GLB1L2|SGSH|GPC1|HSPG2|AGRN|SDC4|GPC2
SASAKI_ADULT_T_CELL_LEUKEMIA	0.00057372346528973	0.0284338441492224	0.430338194614493	1.58737685209932	1	152	AIM2|BATF|CETN3|PTHLH|PDCD10|NEDD4|CORO1A|SLC25A46|PLD1|VBP1|TOP2A|KIF11|PPP1CC|MYCBP|CCNA2|CCNB1|SCCPDH|CCP110|ATP1B1|ETFA|TRIB1|AP3S1|IDH1|PMS1|WWTR1|SYT11|FGFR1|JAK3|ATP8A1|TYMS|POU4F1|SP1|HMGN4|MYB|TRAFD1|RBBP4|CD47|KIF14|CDKN3|NMI|PCNA|ZWINT|ATP6V1A|PTPRJ|EXTL2|PPID|TFRC|PCLAF|RFC3|MTX2|ACOT13|CCNB2|BUB1B|STAT1|DST
TIEN_INTESTINE_PROBIOTICS_2HR_DN	0.00052952078369076	0.0284338441492224	0.499552233028541	1.69219562999694	1	85	FNDC3B|RCHY1|AK6|ETNK1|OPA1|ZFYVE16|ARMCX6|LRPPRC|PICALM|ARHGAP8|WWTR1|DKK3|TIGAR|CALD1|UFM1|TCAF1|INPP5F|TAF1A|RESF1|RDH11|BAZ1A|SEC23A|QKI|UBE2D1|CHMP5|GOLGA7|NCK1|GGH|PHIP|CEP76|KLHL7|GABARAPL1|FUBP3|DIMT1|FKBP11|GEMIN2|SOS1|EED|DAB2|GINS3|MICAL2|JMJD1C|STX3|ALDH5A1|PPP4R1
WAMUNYOKOLI_OVARIAN_CANCER_LMP_DN	0.000602954476936991	0.0284338441492224	0.416907147956367	1.57214732768803	1	181	AJUBA|TCEAL1|PRNP|PLEKHM3|ARMCX1|ZNF483|WASH5P|CFL2|CPVL|ZKSCAN8|WDFY3|KAT2B|PKD2|GPRASP2|FGF13|ZFPM2|SLC39A10|REC8|LONRF2|PTGS1|CTSK|FER|LGALS8|RCHY1|DDR2|AP1S2|CRYBG3|PROCR|ZNF641|PRKAR1A|EPB41L5|PROS1|ZNF512|FAM13B|PREPL|PALM2AKAP2|FRAS1|NKX3-1|WNT2B|GPNMB|C1S|CALD1|CALM2|UGP2|DOCK11|DDX5|ZNF286A|CELF2|AASDHPPT|RERG|PTPN12|PPM1K|TMEM237|NDN|GABPA|EIF3M|BNIP2|WT1|EFHC1|PSIP1|BTF3L4|S100PBP|LIX1L|EXTL2|ATF1|ADH5
GSE29949_MICROGLIA_BRAIN_VS_MONOCYTE_BONE_MARROW_UP	0.000615668770201632	0.0286114959040925	-0.452501074452285	-1.57105433594251	3	156	ZNF711|UBL3|GPR135|TBC1D1|GNRH1|S100P|FOXD1|STOML1|HLX|CLBA1|ZNF169|EXT1|C5|MYO16|GPR176|TWIST1|LDOC1|HSF2BP|IGFBP2|PPARG|EXTL1|SLC19A1|HFE|SPINT2|STARD3|NFIL3|EFNA1|ATP2A3|AFAP1|SGCG|TRADD|NAA80|HPCAL1|NACC2|NDEL1|CTSL|MADD|PINLYP|PTK7|YJU2|ZER1|CAND2|EHMT2|SRGAP2|MANBA|CDKN1C|IER2|PDXK
PLASARI_TGFB1_TARGETS_10HR_DN	0.000619003404518725	0.0286338994219307	0.392692627772422	1.51088509443722	1	210	SEMA3A|TCEAL1|TLE6|ARRDC3|LGR4|CD36|PLEKHH2|ARHGAP28|CCL2|SESN3|ITGB3BP|TMEM53|DTL|ARID5B|PALMD|KLHL24|ZNF608|BNIP3L|RFC4|PRIM1|GULP1|MEF2C|CCNB1|ZWILCH|SH3BGRL|ZFAND1|LMO7|IDH1|IFIT3|TCEA3|NUSAP1|PLPP3|TRIM2|RCBTB2|MMP11|S1PR3|TOX|SYT11|PTX3|IGFBP5|SLC40A1|VWA5A|CELF2|CD24|CNKSR3|ZNF521|BUB1|STMN1|ELOVL6|MGST1|MASTL|PTEN|CD93|CDKN3|NMI|PLCB1|PHIP|PLSCR1|TMT1A|LCORL|CENPJ|RFC3|TGFBR3|LRRCC1|KNSTRN|PARP9|NFIA|EIF2AK2|SORD|STAT1|IL18|ZFHX4|SERPINB1|TRPS1|DAB2|AMPD3|NFIX|ACADM
NABA_ECM_GLYCOPROTEINS	0.000626076068242291	0.0288282182248446	-0.468135934672581	-1.59344042305544	3	131	VWCE|MATN1|EMILIN1|VWA7|SVEP1|SPON2|LAMB1|LAMA4|ECM1|LAMA5|MATN4|AEBP1|CILP|CTHRC1|IGFBP2|ECM2|CRISPLD2|PCOLCE|LAMB3|TINAGL1|VWA1|LTBP3|SMOC2|MMRN2|LTBP4
SCHLOSSER_SERUM_RESPONSE_AUGMENTED_BY_MYC	0.000637145587766805	0.0292039607762703	-0.505469922819496	-1.66326833940366	3	101	ZFTRAF1|UQCR11|CTRL|OTUB1|TMED9|SYNGR2|DNPH1|MAST1|IGFBP2|AURKB|HGS|BRD3|RGP1|CABIN1|ZNF593|KCNAB2|TMEM109|TAF6L|RNH1|SUPT5H|MED24|UQCRQ|GUK1|STK11|MED6|PRPF19|SYMPK|SF3A2|OGFR|UBE2M|LPCAT1|KCNH2|SUPT6H|JTB|CCNF|PKD1|CYC1|KAT5|RAD23A|P4HB|EIF4A1|MLF2|TCF25|MRPL58|CLPTM1|PPP2R1A|UBE2S
MITSIADES_RESPONSE_TO_APLIDIN_DN	0.000654450261780105	0.0298607805806759	0.374781934768277	1.46438921040716	1	248	KCTD12|CDC7|KAT2B|TOP2A|RFC4|CCNA2|AKAP11|MAPK6|CCNB1|LYPLA1|CKAP2|MSH2|SMC2|NAA15|ADD3|GINS1|PDS5A|WSB2|ECT2|CBX3|NCAPG|SLK|RAB11A|CBFB|GMPS|SLC38A2|TMEM106C|RAP2A|NUSAP1|PALM2AKAP2|EDA|ATP8A1|PDS5B|FUT8|TYMS|TIPIN|MBNL1|NUP205|CMPK1|RRM2|CPNE3|MTMR4|BUB1|SCAMP1|MYB|ACLY|SMC3|RRM1|CLTC|HEATR1|DERL1|MYC|CUL3|DCP2|PPP1R16B|TTC3|RACGAP1|KIF14|MAN1A2|IPO5|NEK2|ATP13A3|GPI|FAM20B|AGBL5|AGPAT5|ZWINT|WEE1|AVL9|RAB4A|SHCBP1|PALB2|EIF4B|BLM|NCAPG2|PCLAF|GPR161|NUP50|SKP2|AHCY|HJURP|NDC1|PPAT|DENND1B|EIF2AK2|SUMO3|ERCC6L|BUB1B|BICD2|ZC3HAV1|TPGS2|POLR2B|POLD3|DLGAP5|CSE1L|PIK3CB|MELK|TOMM20|DROSHA|NCAPH|NCAPD2|ASPM|CDC42BPA|RNGTT|TRRAP|SF3B1|PTPN11|MRPL19|IMPA2|CSNK2A1|NUCKS1|FOXM1|ALDH5A1|CASP6|CENPA|LBR|ZNF22|CTNNA1|TPR|ANKRD10
HOWARD_NK_CELL_INACT_MONOV_INFLUENZA_A_INDONESIA_05_2005_H5N1_AGE_18_49YO_28DY_DN	0.000680851063829787	0.0306474573036924	-0.586450540572741	-1.72525663461102	3	49	ADGRD1|IFI30|CIITA|RAB34|LILRA2|KCNC3|GRN|PRPF31|GCA|CYP2S1|C19orf38|ACP3|CST3|ATP6V0A1|NIBAN2|CTSH|TNFAIP2
TING_SILENCED_BY_DICER	0.000675067506750675	0.0306474573036924	0.728852979005193	1.89992673163686	2	22	LIPG|DEPP1|PELI2|CCN1|PANK3|TRIM6|CPEB2|ZNF550|SLC4A4|SLC40A1
YU_MYC_TARGETS_DN	0.000680851063829787	0.0306474573036924	-0.590226659701503	-1.73636545646259	3	49	SPIB|PYGM|CD37|HLA-DOB|IL4I1|ARHGAP45|IFI16|ERO1B|TXNDC16|DGKA|MAP4K2|ARID3B|GNS|RGL2|LIFR|EVL|ARHGEF1
MIKKELSEN_MCV6_HCP_WITH_H3K27ME3	0.000707914483930341	0.0317234178111284	-0.394400025137689	-1.45965373432066	4	289	ASCL2|PTPRB|ELOVL3|DYSF|CRLF1|TFAP2E|SLC8A2|ACE|SCN5A|CLDN7|DHH|SHISA7|BSN|NALF1|PDLIM2|HBQ1|FOXD3|L1CAM|MYO16|KCNC4|WSCD2|KCNC3|SLC35F3|RTN4R|PTH2|PANX2|MATN4|RIMS4|AEBP1|YBX2|AFAP1L1|NTRK3|CCK|JAZF1|ATP2B3|DOK6|NKX6-1|FGF12|ZIC1|CACNA2D2|LRRC75B|PGF|KDF1|ANKRD63
BENPORATH_ES_1	0.000713521227256511	0.0318325603520038	0.337882424854753	1.36617032914711	1	344	PITPNC1|PARPBP|RAD54B|LGR4|FOXO1|PDK1|NTS|ESF1|DDIAS|FGF13|EGLN3|CYP26A1|SLC39A10|ABHD17B|AMD1|LIN28A|RNF138|INTS13|RFC4|PTPN2|PPM1B|LGALS8|PRIM1|NPM1|NOL11|MTHFD2|CCNA2|ABCE1|CCNB1|LYPLA1|MSH2|DNA2|NUP107|NAA15|ZNF770|ECT2|RRAS2|NUP37|KPNA2|HSPA4|SNRPN|HOMER1|BRIX1|HESX1|KCNS3|ALPL|SFRP2|FGFR1|EPB41L4B|HAS3|TDRP|DMKN|TRIM24|LARP7|NFYB|RRP15|EXOSC9|UGP2|FXR1|DSG2|CKMT1A|PCDH1|ARL5B|CDK1|DDX18|SSB|RRM2|CRABP2|CASP3|EPCAM|BMPR1A|PRMT3|CD24|BUB1|RABGAP1L|HSPD1|PRKD3|AKIRIN1|MIS18BP1|SEPHS1|ELOVL6|TIA1|MGST1|PAK1IP1|DSCC1|RBBP8|GART|RPS24|TMX1|MTF2|MAK16|SRSF1|PSIP1|MRS2|GNL3|USO1|BRWD1|MED14|ZNF195|PPP2R1B|KLHL7|PLAAT3|DDX21|BUB3|PRPF40A|NCAPG2|POLR3G|RFC3|FABP5|DNAJB6|ICE2|PAICS|FZD5|NDC1|FUBP1|ERCC6L|BUB1B|ETV1|RAD51AP1|USP44|AZIN1|PRKX|DLGAP5|WDHD1|CSE1L|PIK3CB|SLC13A3|PDCD2|FEN1|NCAPH|TERF1
SMITH_LIVER_CANCER	0.000724112961622013	0.0321621500387689	0.598786567897207	1.84372101308373	2	47	CXCL8|TBX3|NCOA2|TOP2A|ZBTB18|BMI1|CHPT1|TOB1|ADIPOR1|TMEM106C|COPS5|CDKN3|ACACA|PEX2|HTATIP2|RAB4A|HJURP|ANXA7|IFT20|PIR|BNIP3|PPP2R5A|ALDH1A1|MTFR1|TNFAIP3|IMPA2
SCHERER_PBMC_YF_VAX_AGE_18_40YO_4_TO_7DY_DN	0.000730033581544751	0.0322822779363269	-0.415092848378191	-1.49995429675126	4	221	RPS21|PDLIM2|CTU1|INKA1|FAAP100|NDUFB8|TMEM63A|TSPAN4|DBP|SGSH|ARHGAP4|SPSB3|SFI1|MAST1|UBA52|S100A5|JMJD8|PPFIA4|ALDH16A1|RPL18|NME3|RHOT2|C12orf57|STX4|RBM38|FBXL15|MYO1G|AKAP8L|LRRC45|INPPL1|BRAT1|MAP7D1|SNRNP200|RPS15|RPS10|TRABD|MBD3|GUK1|STK11|WDR18|SEC61A1|TOMM7|RPS2|PPP1R12C|TSC22D4|FBXW5|ACAA1|PLEC|RPL10|RPL36|RDH13|RGL2|TSSC4|CYBC1|RPL37A|FKBP2|RPSA|ICAM3|CD3D|SF3A2|PRPF6|RPS11|TMC6|DHX30|RABL6|RPL3|EEF1D|POLM|UBXN1|PPP1R37|MAGEA3|TMEM259|QARS1|NCLN|TUFM|MCM7|SESN2|CHCHD5|RPS5|CCT7|FLNA|ARL6IP4|RBM10|DENND4B|P4HB|SGTA|RPL35A|SRSF5|KIF22|TCF25|AKR7A2|CCT3|RPS14|MTMR14|ZBTB45|RPS17|CLPP|SIPA1|RPL23A|EGLN2|RPS13|SLC2A4RG|CHFR|RPL13|TCOF1
GSE22103_UNSTIM_VS_GMCSF_AND_IFNG_STIM_NEUTROPHIL_DN	0.00075041272699985	0.0330379076913355	-0.419260500975799	-1.48937745235408	4	190	RINL|FES|TYROBP|AARSD1|PYCARD|SPPL2B|UQCR11|AMZ1|PPM1J|MTG1|GSDMD|MICOS10|COPE|NXF1|SMAD6|TCIRG1|KLF7|CRISPLD2|RND1|MPG|NDUFS7|TMEM160|STC2|HSPB1|FOS|SCAND1|FAU|C12orf57|SKIDA1|SLC6A13|KLK8|CEP41|KRTCAP2|MAP4K1|LZTS2|PNKP|FANCA|CREB3L1|CHD1L|UQCRQ|PSMB10|GPSM3|ABCD1|RAB40C|DUSP7|RPL27|FAM98C|WDR83OS|GALE|RPL36|RAD54L|NENF|MRPL2|PRELID1|MCRIP2|SIGIRR|CMTR1|NRARP|RPL37A|DCTPP1|THOP1|NUDT14|CARS2|HAUS4|MAN2C1|EHMT2|HES1|AP1S1|CDKN1C|SAPCD2|RPL35|CCDC106|DCPS
GSE5589_WT_VS_IL10_KO_LPS_STIM_MACROPHAGE_180MIN_DN	0.000784559861917464	0.0343904449516485	-0.46881152089428	-1.58461570389019	4	123	TPM2|PRG2|EMILIN1|DHDH|ITGA4|HEPACAM2|CBS|FAM234A|IFITM1|MAN1B1|NTRK3|KIRREL1|GPC1|NDUFA11|FAU|CDH23|RTKN2|CXADR|FOLR2|IRS2|LIG1|CHCHD6|NFATC4|DMPK|BCAT2|CST3|THBD|HPCAL1|AGPAT2|PRTN3|EPHX1|PARP3|DDAH2|DYNC2I1|PAFAH1B3|LONRF3
SEIDEN_ONCOGENESIS_BY_MET	0.00079428117553614	0.0346651932175294	0.494436612659813	1.68112630636862	2	87	CAPZA1|ACTR3|HAT1|GNAI3|RSL24D1|PPP1CB|NPM1|NIPSNAP2|MMADHC|LYPLA1|IPO7|SH3BGRL|TMEM123|PDE8A|HSPA4|SLC38A2|SCP2|HNRNPH2|NCKAP1|ZBED5|DPM1|MBNL1|SRP72|CDK1|UBA2|NSA2|AASDHPPT|ARHGEF12|CLIC4|SEC23A|SELENOF|RRM1|PAPOLA|SUB1|TMX1|SERINC1|P4HA1|PTEN|C6orf62|TCERG1|RTCA|HSP90AA1|TRAM1|CCT6A|GRSF1|RIOK3|TASOR2|COMMD3|CD46|MSMO1|STAT1|SPTLC1|YME1L1|TCEA1|HIGD1A|SMN1
DAZARD_RESPONSE_TO_UV_SCC_UP	0.000805585392051558	0.0350063470364222	0.486420647443537	1.69795759794727	2	101	CXCL8|DYNC2LI1|ATP6AP2|LAMP2|SLC25A46|AP1S2|MYCBP|SH3BGRL|PTGES3|PRKAR1A|RTN4|TOB1|TWF1|HPRT1|CCNC|CORT|UPK1B|SCFD1|SNX3|SDHD|AGL|TMED7|YWHAZ|UBE2E1|DSG2|CDK1|RRM2|ADK|RFC5|SSR1|PRDX3|UBE2D3|AP4S1|SKP1|RBBP4|RIDA|CITED2|PAPOLA|ITM2B|AIMP1|RCN2|IL13RA1|PLSCR1|SRSF1|SSBP1|GLUD2|TM2D1|COPB1|ATF3|KYAT3|TPGS2|PGK1|KYNU|NEK4|SRSF10|MAP2K1|NAP1L1|MIR22HG
BOYAULT_LIVER_CANCER_SUBCLASS_G3_UP	0.000904704463208685	0.036090863548875	0.38985865122766	1.47748766183803	2	187	TTK|AGA|ENOPH1|PSMC6|LANCL1|PRIM1|PPP1CC|NOL11|H2BC21|CCNA2|MRPL42|SMAD2|UTP18|ZWILCH|IPO7|PTGES3|PRKAR1A|PLEKHF2|NUP107|ARPP19|CBX3|NCAPG|NDC80|NUP37|COIL|USP14|UGCG|MAD2L1|RIT1|C5orf22|TPRKB|UBE2V2|FXR1|TIPIN|LRP12|SMG8|COPS5|TSN|NRAS|NARS1|ACTL6A|BUB1|PTP4A2|EIF2S1|CCT4|KDM3A|RPRD1A|DHX15|VMP1|RBBP4|STMN1|GOLT1B|PAPOLA|PAK1IP1|SUB1|IPO5|TMX1|AIMP1|CYB5B|RAD21|GNL3|PSMD14|ACACA|PSMD11|NUP155|RFC3|SEC61G|HJURP|DKC1|NDC1|MAPRE1|EIF3H|KIF2A|RAD51AP1|KPNB1|POLR2K|ASAP1|PRMT5|PGK1|MELK|PDCD2|NCAPD2|FTH1|ATIC|PIGF|NPEPPS|XPO1|GPN1|TAF2|CDC6|CEP55|USP3|CSDE1
GSE10240_CTRL_VS_IL17_STIM_PRIMARY_BRONCHIAL_EPITHELIAL_CELLS_DN	0.000898472596585804	0.036090863548875	-0.433733665174647	-1.5358405866564	5	182	PBX4|RAB4B|RPH3AL|ADGRG3|ITGA4|NUP210|RABAC1|EPS8|REX1BD|MIIP|MICALL2|GGN|ATP9A|LAMB3|JAG2|RGP1|TRIOBP|SV2A|KLK8|DHRS4|AKAP8L|TMUB1|MAFK|MAD1L1|TBXAS1|TIMM44|RPL38|SLC12A7|ICAM2|MACROD1|FBXW4|F2R|PHC1|PLD2|AGPAT2|SLC35D2|CNPY3|GPAA1|PPP1R18|FBXL6|SNHG12|TBC1D17|RGS12|SYMPK|PGGHG|POLR2A|XYLT2|TMBIM6|LPAR2|SPATA33|PIGS|ERCC2|BAIAP2|DEXI|BCKDK|TXN2|SERPINF1|WRAP53|GRAMD1A|NEK8|RBM5|PRKACB|INTS1|NEFH|POLE3|ASPSCR1|ACIN1|AAAS|SSBP4|EZR|RAB11FIP1|EIF4A3|KLHL36
GSE12366_PLASMA_CELL_VS_MEMORY_BCELL_DN	0.000893122953259899	0.036090863548875	0.382906490987031	1.46091026470571	2	193	ZNF350|DCK|CD69|CCNG2|PUS10|CNOT8|HACE1|TBCA|NAAA|GGPS1|PTBP3|PRIM1|PARP11|DCLRE1C|ETV3|ZWILCH|SLK|DENND4C|ZNF512|MED13|LINC01138|DOCK10|LFNG|ITGB2-AS1|ATP8A1|EGR2|BACH2|SKAP2|MBNL1|TDP2|UTP3|NSA2|QSER1|RFX7|MAPRE2|DHX15|TRIT1|CYBB|SLF2|HAPSTR1|ATAD1|PFN1|PUM2|ANP32B|UBE2D1|NOD1|MTF2|CTDSPL2|RAB14|NMI|GALNT10|NUFIP2|SRSF1|TMOD2|ZNF805|TRIM59|RAE1|ZNF264|VPS37A|BTG1|SERTAD2|PFDN5|PABPC1|ARID1B|SH3YL1|PGM2L1|GALNT7|RPL22|CNOT10|MORC3|CD82|POLD3|NFX1|MIR600HG|ZNF562|OFD1|RASSF5|NAP1L1|VASP|SNAP23|PLEKHA2|CCNJ|THOC5|KPNA5|RRAGC|TMEM273|ZNF736
GSE12845_IGD_POS_VS_NEG_BLOOD_BCELL_UP	0.000899685110211426	0.036090863548875	-0.429257100615979	-1.51506147314416	5	177	IL17B|TBC1D1|ANPEP|TCN2|SCN5A|MUTYH|MAPK8IP3|PIK3C2B|SH3BP2|H4C11|FAM120C|APLP2|ZNF692|DGKD|LDOC1|NXF1|CD19|SRRM2|ZNF516|TCL6|GUCY2F|DCHS1|CPS1|PLEKHA1|HPS1|LRCH4|B3GNT4|PPM1F|B3GAT3|BCL6|NLRP1|TMEM161A|RAMP1|TREML2|JUNB|PHC1|PDP1|AGPAT2|CDK10|DDX31|RPS23|NSMF|RGL2|MED12|RPS27|RNF220|HDAC5|MMP17|TSSC4|EVL|ARHGAP22|SLC9A8|PAIP2B|ZNF428|ZNF324|IGSF1|ITGA5
GSE1460_CD4_THYMOCYTE_VS_NAIVE_CD4_TCELL_CORD_BLOOD_DN	0.000908677873693776	0.036090863548875	-0.435115147369269	-1.52374023814493	5	166	COL18A1|TSC22D3|IL11RA|MGAT4A|SLC8A2|POLR2F|ITPKC|ATAT1|MINDY1|ITPA|ZNF692|SMTN|SPSB3|SFI1|CIB1|DNAJC22|PCOLCE|PLEKHA1|FAU|NME3|ACP6|HERC2|SPTB|SP110|RPS16|SFXN3|RAB11FIP5|RPS2|SIRT6|NOP10|PLEC|SIDT2|ERAL1|ANKRD55|NOSIP|ZBTB39|IFT46|POLR2J|RPL3|PEF1|APBA2|NUDT2|PXN|MRPL46|AUP1|DEXI|ASL|RBCK1|SNX15|DENND4B|PACSIN2|SMAGP|CASP10|EIF3K|PASK|ELMO2|LDLRAP1|PEX26|RPL41|TMEM11|CBY1|PRKCA|RPL27A|RNFT1|BST2|MKNK2
GSE1460_INTRATHYMIC_T_PROGENITOR_VS_NAIVE_CD4_TCELL_ADULT_BLOOD_UP	0.000893122953259899	0.036090863548875	0.384715034387405	1.46781043401588	2	193	ARMCX1|PELI2|TNFSF4|GLMN|CDC7|PKD2|ACOX3|NEDD4|CKS2|SLC25A46|HDAC2|NBN|PBK|PTPN2|LDHA|RFX5|CCNA2|ABCE1|ABCD3|CKAP2|ZWILCH|LZTFL1|STAG3|NUP107|YWHAQ|POLA1|SCCPDH|ECT2|TCF12|CBX3|PIAS2|RBMX|MAD2L1|DONSON|TIPIN|DSG2|ADK|B3GNT2|BUB1|PRDX3|RRM1|MLLT11|ALDH2|TRDMT1|PSMA2|PEX5|NF1|IDH3A|NEK2|API5|OPN3|CDKN3|STIL|RCN2|ZWINT|GARS1|SMC4|CHCHD3|EXTL2|BLM|BTBD3|UBE2A|CENPS|CCT6A|TFDP2|DNAJB6|CIB2|RNASEH2B|GALNT7|SSX2IP|WDHD1|ZNF282|FEN1|ZC4H2|RWDD2B|ANP32A|ATIC|IMPA2|CSNK2A1|ACO1|WDR41|FANCL|CDC6|IGF2BP3|FOXM1|AGO3|SPRING1|PPP4R1|ZNF22|UBR7|CHEK1
GSE16385_MONOCYTE_VS_12H_IL4_TREATED_MACROPHAGE_DN	0.000903886712865321	0.036090863548875	-0.417976156032953	-1.48672261526005	5	194	SHF|NEIL1|WASHC1|ABCA7|MAPK8IP3|PDLIM2|FAM193B|LMF2|ACAP1|UBA7|JOSD2|MIIP|CENPT|PLSCR3|AGER|CLCN7|CHD4|OCEL1|FASTK|STX4|ACP3|NFRKB|POMT1|CTSA|NAA80|TRABD|MAP3K11|DGAT1|RFX1|MAP4K2|LRSAM1|LENG1|ABCD1|STX5|HDAC7|PPP1R12C|TSC22D4|C6orf136|PHRF1|PRKAB2|PACSIN1|RGL2|PCYT2|PTCD1|AP3D1|CACNB3|DNAL4|HMG20B|FLOT1|ERP29|SNAPC4|POLRMT|RPS6KB2|PPP1R37|SNRNP70|NELFB|ABHD8|TMEM259|ZBTB48|NCLN|NUP188|TRIM11|AUP1|TUFM|TMEM39A|ATXN2L|RNF31|DENND4B|TLN1|FHOD1|KATNA1|CHRNB1|FCHO1|RALGPS1|EDEM1|SLC25A28|USP11|NFKBIL1
GSE20198_IL12_IL18_VS_IFNA_TREATED_ACT_CD4_TCELL_DN	0.000899550224887556	0.036090863548875	0.392658767432171	1.49194623097213	2	189	NXT2|DCK|STAP1|FITM2|RNF11|ATP6AP2|USP25|SLC25A44|TRIM23|FGF13|CMTM6|CD164|ANKRD49|TEX15|NRG4|EEPD1|ZFP82|MAP3K1|MEF2A|FAM174A|DDX19B|RIMOC1|C3orf62|CCNA2|IPO7|NUP107|CRNKL1|PGRMC2|RRAS2|TVP23B|TCP1|NUP133|HECA|FAM209A|RNF125|MAGT1|EIF4E|MED17|ARV1|MOSMO|UTP3|YARS2|SNX2|KIF15|PRR3|LIN28B|MGA|ADAM10|ZBTB21|TRIT1|GPR153|TMEM68|IDH3A|PMPCB|AGBL5|RCN2|RAD21|WEE1|PPP2R1B|PCLAF|CENPJ|RAB10|R3HCC1L|GDAP2|RBM12|TP53INP2|EED|TFIP11|TRAK1|SRP54|TDRD7|ZNF7|PDCD6IP|FAM204A|MTFR1|CDC42BPG|ATMIN|SPRED2|YIPF5|RPS6KA5|PHF20|CCDC169|CCND2
GSE21360_NAIVE_VS_QUATERNARY_MEMORY_CD8_TCELL_UP	0.000899550224887556	0.036090863548875	0.390060720010432	1.48207469013249	2	189	SAMD9|STAP1|CD69|IFIH1|AGA|MX2|DHX58|NCOA3|XRCC4|BPNT2|BCAP29|FER|PAQR3|ORC4|DCTN4|ETV3|PALS2|RIF1|DDX10|SNAPC1|IFRD1|WDR44|TBPL1|IFIT3|TCP1|RBM7|IBTK|HOMER1|SAR1B|RSAD2|IFIT1|KCTD14|IFIT5|PIGK|RAP1B|C1GALT1|PRRC1|DCAF17|NCAM2|INTS12|TDRD3|TMED5|TENT5A|SLC25A32|EMC2|B3GNT2|IFI6|SNX2|ZCCHC10|BAG4|MGA|FBXO28|CMAS|QKI|IDH3A|CHMP5|MTF2|MAK16|GTF2B|ARHGAP5|NMI|POLR3F|PLSCR1|MRS2|RBM22|TIMM17A|BZW2|CDC73|PALB2|HERC4|LNPEP|POLR3G|USP16|RIPK1|SYNJ1|FCHSD2|ZZZ3|TMEM33|DENND1B|EIF2AK2|STAMBP|GALNT7|SLC35A5|MAIP1|CRK
GSE22025_PROGESTERONE_VS_TGFB1_AND_PROGESTERONE_TREATED_CD4_TCELL_UP	0.000899550224887556	0.036090863548875	0.392396541979994	1.49094987915857	2	189	CCT6B|STK38L|CD83|ZNF165|FOXO1|KCTD12|PKD2|PPT1|STXBP3|CPD|PGGT1B|GGPS1|KLF10|RCHY1|RANBP2|NR4A2|IPO7|TSC22D2|SLK|CAMTA2|SPAST|DMTF1|RP2|IFIT3|IL1RL1|ATP8A1|ACSL4|MYL12B|SRP9|CDK17|CPOX|RAB5A|HBEGF|ACSL1|GRK5|INPP5F|REL|ZNF292|DDX52|RBPJ|MED7|CPNE3|RFK|PTK2|ABCB1|SELENOF|SNW1|SEPTIN2|MINPP1|PUM1|TAF9|GALNT1|CEP170|RBM25|ADO|HMGB1|ABCB7|RCN2|ADARB1|GLT8D1|ATP5PB|HLTF|GABARAPL1|CENPE|ZNF473|FABP5|UTP25|GOLGA8A|ATF3|BLMH|NFIA|BTG3|SLC35B1|VDAC3|MPDZ|DYRK3|EED|NR3C1|WDHD1|NEK4
GSE22886_DC_VS_MONOCYTE_DN	0.000898069151324652	0.036090863548875	-0.427601790499213	-1.51502757696952	5	183	IGF1R|TSC22D3|RAP1GAP2|NOTCH2NLA|IL15|SEMA4D|CD14|AKAP13|IRF7|CTBP2|ITGA4|CD37|EXT1|LILRA2|LYST|NACA4P|GABPB1-IT1|ADGRE5|CCS|BTN3A1|GSDMD|NBEAL2|IFITM2|GCA|CD48|SLC7A7|CRISPLD2|CFD|FYN|FOS|CDKN2D|THEMIS2|FAU|ARHGAP26|KCNJ15|IRS2|GBP2|NLRP1|SP100|ICAM2|SP110|PSMB10|GPSM3|ATP13A2|LINC00623|PDP1|PISD|CNPY3|TNFRSF1B|KLF13|TGIF2|NFE2|CAMKK2|FLOT1
GSE22886_UNSTIM_VS_IL15_STIM_NKCELL_UP	0.000909642207398423	0.036090863548875	-0.431245301261874	-1.51175151990692	5	169	PAGE4|DPEP2|IDUA|SEC31B|ELAPOR1|SYNM|HBQ1|PBXIP1|FAM193B|CARF|GABPB1-IT1|VILL|BTN3A1|UBA7|DGLUCY|LAMA5|ROGDI|SNHG32|SPSB3|SFI1|ARHGEF17|LGALSL|LRRC37A3|TRIM10|CLCN7|IRF3|CDKN2D|PIK3IP1|UBOX5|CCNL2|CMKLR1|DCN|AKAP8L|SEZ6L2|NLRP1|YPEL1|BICRA|LINC00115|ZBTB20|OXLD1|MAP3K3|GNS|VPS11|RAP1GAP|VPS8|HDAC5|BTD|PAIP2B
GSE23114_PERITONEAL_CAVITY_B1A_BCELL_VS_SPLEEN_BCELL_IN_SLE2C1_MOUSE_UP	0.000909642207398423	0.036090863548875	-0.429955704948457	-1.50723077688394	5	169	PCNX1|PYGM|IL11RA|SEC31B|AURKC|MT2A|TPBG|IFITM1|LPCAT4|CPEB3|GDPD5|ASIC3|TNK2|CLN3|UBA7|NBEAL2|SUN2|ARHGAP4|ARHGAP45|CASQ2|RECQL5|IRF3|P2RX5|PIK3IP1|DUSP8|STARD3|DGCR2|RBM38|ESR1|MUC1|IFITM3|DMPK|TRADD|BIN1|IKBKG|MYO9B|SORBS3|USP19|DGKA|GPSM3|SLC2A3|MAP4K2|ERICH1|AFDN|RHOB|PPARD|SGK1|HMGN2|VPS11|ID1
GSE26912_TUMORICIDAL_VS_CTRL_MACROPHAGE_DN	0.000904977375565611	0.036090863548875	-0.430782651398718	-1.51602129954107	5	174	MXD3|MATN1|TBC1D1|SHF|CCR7|ANPEP|TYROBP|GNRH1|CD37|KIF1A|INCENP|COX14|SLC52A2|PNMT|DNPH1|GPRASP1|PPARG|GNRHR|PPFIA4|ERO1B|AURKB|STARD3|ECE1|TPPP3|NDRG4|ESRRB|TBXAS1|IL18BP|TXNDC17|FGFR3|ARHGAP39|MRPS21|RPLP1|PPP1R18|INPP5D|EXTL3|CYBC1|EVL|PDLIM4|NFKBIB|PCNT|RAD50|DCTPP1|MYCL|DBN1|LPCAT1|ZNFX1|MRPL4|ATP6V0A2|CTSZ|AUP1|CTSH|PRR5|RPS5|KIF2C|ADAM8|AP1G2|CD52
GSE2770_IL12_ACT_VS_ACT_CD4_TCELL_6H_DN	0.00088261253309797	0.036090863548875	0.401666166953671	1.49807707262109	2	166	ANKRD20A11P|GPR137B|SERINC5|PRKCH|CCDC168|CD3G|MIR4453HG|PLK4|RMI1|AK7|SOCS6|ARID5B|DTX3L|ZNF550|YES1|MRTFB|ZNF468|PLEKHF2|TMEM123|SCCPDH|TCF12|LRIG2|PLGRKT|HOMER1|TAPT1-AS1|PAK3|ABCC6|NFYB|ASB3|DYRK1A|SLC25A14|CASD1|HNRNPK|LUC7L2|HACD3|KIDINS220|KMT2E|CEP120|CEP78|GOLGA7|FANCF|PTAFR|FAM111A|PCNA|SPRED1|MFSD6|MORF4L1
GSE28726_NAIVE_VS_ACTIVATED_NKTCELL_DN	0.000896057347670251	0.036090863548875	0.38783543017815	1.47799603688625	2	192	TRAPPC2B|EGR3|ZNF165|PGAP1|CCL4|IL18R1|UCHL3|PGGT1B|PEX3|PAQR3|EIF4G2|NFYA|RANBP2|RAB22A|MTHFD2|UAP1|IPO7|SACS|NAB1|NCBP2|SP3|RRAS2|IFRD1|ATP1B3|NUP160|PER2|BCL9|GFI1|S1PR1|SERPINE2|EGR2|TXNDC9|EIF4E|NFE2L2|HBEGF|ACSL1|MBNL1|UTP3|CHSY1|EIF2S1|PRDX3|KLRG1|HPS5|GABPA|CD47|TMEM243|SNAPC5|CA2|UBE2D1|MKLN1|PPP2CA|IVNS1ABP|ADO|GNL2|SUCLA2|MPHOSPH10|SEC62|ATP6V1A|PSMD14|ZNF195|STK4|RIPK2|GTF2H1|PAICS|DIMT1|PNP|ATF3|EEF1E1|IMPA1|HSBP1|VDAC3|FAM98A
GSE29949_CD8_NEG_DC_SPLEEN_VS_DC_BRAIN_DN	0.000904704463208685	0.036090863548875	0.389531370716008	1.47624733302551	2	187	CCT6B|TCEAL1|FEM1C|STK38L|CCL2|POU6F1|YIPF1|NEDD4|PDE3B|XRCC4|RAB29|ZBTB18|PEX3|GGPS1|RFC4|NPM1|PPP1CC|NEK9|ARHGAP11A|NR4A2|PALS2|PDE8A|RPL21|BMERB1|RCBTB2|RECK|MTSS1|FBP2|SPP1|SERPINE2|IFIT5|EXOSC9|PDS5B|JAK2|SLC25A14|TCAF1|REL|TSN|DDX52|ITM2A|SCAMP1|PRDX3|PIGC|RLF|ACAT1|ZSCAN9|BAG2|SEPHS1|TRIM32|RB1|PAPOLA|ZNF266|CLPX|HMGB1|PLCB1|PANX1|ASTN1|MIOS|HLTF|REST|FABP5|ZNF318|ATM|KPNA1|ATF3
GSE3982_NEUTROPHIL_VS_BASOPHIL_DN	0.000899550224887556	0.036090863548875	0.389763198880453	1.48094422886351	2	189	DPYSL2|ZNF185|AGA|SELENOT|SGPP1|EIF2AK3|PTER|TRMT61B|BACE2|RARS1|RND2|IMPACT|RFC4|SRP19|UAP1|CRYZ|PTGES3|CHPT1|METAP2|ADD3|TCF12|NUP37|ARL1|TRMT1L|CCNC|S1PR1|HSPB8|CDC14B|FUT8|ATP5F1B|OSGIN2|SUPV3L1|SSB|EEF1A1|NDUFA5|RFX7|CUL2|RHEB|TARS1|TRBC1|ZMYM6|FTO|MAPRE2|S100A10|MGA|ACAT1|DARS2|MRPS30|RIOX2|CAND1|SLF2|MYC|CCNT2|MTRF1|ANXA1|DSCC1|RPL4|GTF3A|AIMP1|API5|NFU1|GGCT|SMC4|RYK|PLAAT3|ATF1|BHLHE40|BTK|ZDHHC7|CLASP2|PTPN9|RPAP2|PNP
GSE7548_DAY7_VS_DAY28_PCC_IMMUNIZATION_CD4_TCELL_DN	0.000897531787584144	0.036090863548875	-0.423547433629263	-1.49931004487192	5	181	ASCL2|IDUA|LAG3|PLAT|SPRR2D|RAP1GAP2|SVEP1|PSMB9|DDB2|GDPD5|ADGRE5|BTN3A1|UBA7|COX5B|ETHE1|NXF1|ECI1|APLNR|SLC7A7|TGM1|FLAD1|LGALS3BP|SLC29A2|RAB40B|IL2RG|UBB|PEX7|ZNF593|SEMA6A|LIG1|SNRPB|TXNRD2|ICAM2|RFC2|LSM7|FKBP8|TRMT1|CHD1L|NDUFB7|PSMB10|WDR18|VPS11|TAPBP|INPP5D|HSD17B1|YJU2|PAFAH1B3|SSR4|NDUFA7|POLRMT|PSEN1|EXOSC7|IER2|DESI1|CTSH|SURF1|LARP1|AKR1A1|SPTA1|PTPA
GSE9006_HEALTHY_VS_TYPE_1_DIABETES_PBMC_1MONTH_POST_DX_UP	0.00089179548156956	0.036090863548875	0.387447742216877	1.48025632690918	2	194	DPYSL2|SLC35A3|CD69|RNF11|BMPR2|BTBD1|HIF1A|GLUD1|KLF10|PPP1CB|PTBP3|LYPLA1|FAM13A|STT3A|GDI2|MAPK1IP1L|TOB1|TMED2|MKRN1|LRIG2|WTAP|AGPS|PPP3CB|PCNP|UGCG|OSTF1|HNRNPH2|SYNE2|DAZAP2|DUSP10|ATP5F1B|YWHAZ|RTN3|NRAS|DNAJA2|ACTR2|CPNE3|PTP4A2|EIF4G3|NNT|DDX3X|PRKAA1|LSM14A|ADAM10|CYBB|ANXA5|RBBP4|QKI|SNTB2|PDIA3|GPI|GALNT1|BNIP2|HNRNPA1|HMGB1|PSPN|GLUD2|TRIM16|STAU1|CORO1C|TRAM1|STX8|HSPA9|AHCY|EIF1AX|MAPRE1|SUMO3|KPNB1|HSPA5|ALDOA|CPSF6|SFPQ|MBD2|AZIN1|CANX|MAP2K1|KDELR2|TXNIP|SEC31A|TOMM22|ANP32A|HNRNPA3|TPST2|ATMIN|CHEK2|BAG1|ODF2|KPNA5|PAK2|PCBP2|RBM3|TMEM9B|C8orf33|AATF|KCTD3|IDS|PKN1|CSDE1|FOXK2
KAAB_HEART_ATRIUM_VS_VENTRICLE_UP	0.000876040297853701	0.036090863548875	-0.410817436321228	-1.48450492750705	5	221	TGFB1I1|TAGLN|SMAD7|PDE2A|SLC22A18|PLXNB2|TIMP3|EPB41L1|QSOX1|PBXIP1|SLC9A1|ACTA2|RABAC1|GRN|TNK2|EPS8|HYOU1|UNC5B|DYRK2|SOD3|TULP3|GPRASP1|AEBP1|RARRES2|CACNA2D2|FEZ1|HSPG2|NRTN|OS9|PLOD3|AFAP1|MAGED2|TRPC1|CALR|TRIP6|CYB561D2|RPS2|ARHGAP1|MYL6|GNB5|PDLIM4|ID2|KAZN|CCDC85B|RPSA|MDK|SMARCD2|RPL3|NUMA1|CD81
ONKEN_UVEAL_MELANOMA_DN	0.00086095566078347	0.036090863548875	0.324032866765312	1.33999973978333	1	485	DPYSL2|SLC35A3|CD83|ZNF185|CD44|PRKCH|MATCAP2|CCNG2|ATXN7|PLAAT1|IL12RB2|CFAP44|CREBL2|ALDH1L1|KIN|NMD3|MANSC1|SMARCA1|KAT2B|RYR1|MBNL2|SERPINI1|CMTM6|PDCD10|HACD2|KLHL24|RNF13|RSL24D1|MLF1|DLC1|CGGBP1|PIK3CA|NPM1|ARL8B|DUSP22|BMI1|LZTFL1|SPRY2|ARF4|PRKAR1A|SORBS1|CBX7|TWF1|ADD3|TJP2|RMND5A|ETV5|CTSF|ARL1|PREPL|GMPS|MED21|SNRPN|PCNP|KCNS3|SPP1|PDE4D|DAZAP2|KIF3A|ALDH9A1|CAPRIN1|CNBP|SOS2|SLC25A36|RHOA|PRKCI|GOLGA4|IFT57|TDRD3|CRBN|VWA5A|FXR1|MBNL1|UBXN7|EIF1B|CREG1|WAC|DNAJA2|ITM2A|NAA50|ERC1|DLG1|CADPS2|SCAMP1|CAPN7|ARMT1|PTP4A2|RABGAP1L|ZMAT3|HSPD1|DDX3X|COX7A2L|FAM3C|BFAR|ZNF91|CDK2|NDUFB5|RIOX2|HACD3|WWP2|NDN|GPR153|KDM6A|SECISBP2L|PEX5|ZNF217|CAV2|TPP1|ANKRD42-DT|CHMP2B|GLUL|IPO5|LSM3|CTNNB1|ATP13A3|PTEN|GPD1L|CEP57|LAMB2|VAMP3|RSL1D1|CETN2|PLSCR1|SEC62|FYCO1|ATP6V1A|MBD4|ATP11B|ZNF148|ASAH1|RAB6B|RAB4A|HLTF|TIPARP|GABARAPL1|ADH5|DSTN|DVL3|RPL5|EIF4B|EIF4A2|FDFT1|DALRD3|BTG1|SDHAF3|GPR161|SSBP2|H2AC6|EIF2D|RIOK3|ZBTB38|PEPD|LTA4H|EIF1AX|NFIA|MAPRE1|DEGS1|ETV1|CCDC28A|BAG5|RPL22|SLC35A5|TOP2B|GORASP1|ATG3|OGA|OSBPL2|NCKIPSD|DAB2|OARD1|CCNB1IP1|KPNA4|SNRK|VPS51|NEK4|USP4|TOMM20|TRAK1|NAP1L1|TXNIP
AMIT_EGF_RESPONSE_480_HELA	0.000924214417744917	0.0365246626981239	-0.452050913843118	-1.5660807069971	5	153	OSMR|FOXD1|TBC1D2|HOMER3|ENC1|SFN|EXT1|MT2A|XAB2|TPBG|LPCAT4|TNFRSF21|TRIO|SMTN|SERPINH1|RRBP1|SLC19A1|PDLIM7|CCND1|SERPINE1|MAD1L1|BIN1|DUSP4|RRP12|ITGB5|MYO9B|SORBS3|HMGXB3|DGAT1|SLC1A5|GAK|HPCAL1|DIAPH1|AGRN|SPHK1|DUSP7|PLEC|GPAA1|DAPK3|SLC35F6|YJU2|LAMP1|ITGA5|KYAT1|RRP1|SH2D2A|BCL2L1|NCLN|ITPR3|LY6E|RANGAP1|CDV3|ABHD2|SH3BGRL3|PGAP6|BRD2|PCGF2|SEPTIN9|BRD3OS|TMEM158|ATOSB|HMGA1
GREENBAUM_E2A_TARGETS_UP	0.000931749359422315	0.0366780394897302	0.666857815115417	1.90716368577005	3	33	TTK|PLK4|TOP2A|ANLN|PTGS1|KIF11|CCNA2|CCNB1|CIP2A|ECT2|NUSAP1|MAD2L1|TCEAL9|KLHDC2|SCIN|BUB1|CA2|RACGAP1
PATEL_SKIN_OF_BODY_ZOSTAVAX_AGE_70_93YO_VZV_CHALLENGE_6HR_UP	0.000992063492063492	0.0388997395833333	0.357050412775215	1.40567919343007	2	266	CXCL8|CD83|CD44|COL15A1|CCL2|NMD3|SMARCA1|CCN1|MFSD14A|GOLPH3|ZNF436|NABP1|BLTP3B|MGAT2|BATF3|FAM76B|GNAQ|KLF10|UAP1|AKAP12|HYCC1|RAB23|SCAF8|HPRT1|TJP2|SDCBP|YWHAG|IRGQ|APOL2|WTAP|RP2|FEM1B|UGCG|CDC27|APOL3|GPR183|IL1RL1|IL6R|PTX3|JAK3|RIT1|ACSL4|EIF4E|ANKRD28|CDK17|SLC20A1|IFT57|SAMSN1|TGFBR1|UBE2W|B4GALT5|ATP11A|RBPJ|CRY1|NAMPT|SAMD4A|RHEB|CHSY1|SSR1|TMEM70|MYB|PTP4A2|PCGF5|DDX3X|FAM3C|SEC24A|DNAJB9|FGD6|PPP3R1|DERL1|CHUK|VMP1|ATAD1|GOLT1B|ARL13B|ZNF217|UBE2D1|CHD1|ATP13A3|PTPRC|ECPAS|IL13RA1|PLSCR1|MIER1|SPRED1|INTS6|DDX21|ATF1|STAU1|ATP11C|BZW1|FZD5|DIMT1|DHX33|TASOR2|EIF1AX|TXLNG|MTMR9|PATL1|RRN3|SERPINB1|ASAP1|PIP4K2A|FOSL2|DAB2|KPNA4|PPP1R15B|SRFBP1|NAP1L1|STOM|RPS6KB1
GSE17301_CTRL_VS_48H_ACD3_ACD28_IFNA2_STIM_CD8_TCELL_DN	0.0010482180293501	0.0403625773320236	-0.418233865080779	-1.48095616337873	6	182	MXD3|TP53I11|DND1|NEIL1|H2AC15|SPON2|ATP2A1|SFN|SPPL2B|LMF2|SLC29A1|TNFRSF21|TRAIP|H4C3|ITGA7|MICAL3|DOHH|AEBP1|PIWIL1|DBF4B|FASTK|RHOT2|RECQL4|PKMYT1|TAF15|CAPN10|SCARB1|ACSBG1|SLC1A5|STK11|LRRC61|F2R|HDAC7|HMGN2|TSPOAP1|POLG|RASSF1|CDCA3|RAD54L|PINLYP|GTSE1|HSPBP1|NCAPH2|PTK7|MVD|PTGES2|MYBL2|MFGE8|TROAP|TK1|RUSC1|H1-5|CCHCR1|SREBF2|CCNF|KLHL23|CC2D1A|NMU|MAST2|CDC42EP3|GCAT|FAAP24|TNFAIP2|RAC3|RAG1|PTDSS2|PIMREG|ZNF646|PTPA|KPTN|NEFH|CDK5RAP2|CIAO3|SLC25A10|AAAS|MAP1A|CEP85|TUT1|LIMK2|GSS
GSE17974_0H_VS_4H_IN_VITRO_ACT_CD4_TCELL_UP	0.00104947526236882	0.0403625773320236	-0.421973565877759	-1.4908100093186	6	179	ATP2B1-AS1|TPM2|DPEP2|FES|SRGAP3|TSC22D3|REM2|RAP1GAP2|IL11RA|SLC22A18|C1QTNF12|PIEZO1|ENC1|TEX14|ITGA4|NUP210|SNN|FAM13A-AS1|PDLIM2|TMEM9|DIAPH2|ACAP1|ETFB|SH3PXD2A|ETHE1|KLF7|TMCC3|KRT73|SIAE|CNBD2|RBM38|MYO1G|IRS2|C11orf21|TRADD|BIN1|WDR27|SLC22A23|PCIF1|TBC1D10A|XPC|FBXL20|WDR13|ZBTB20|HEMK1|LRRC37A2|PARP3|SUSD3|G0S2|UBE2Q2P13|SIGIRR|PCNT
GSE25088_WT_VS_STAT6_KO_MACROPHAGE_IL4_STIM_UP	0.00104806108698907	0.0403625773320236	-0.417584010196148	-1.47975808464486	6	184	NEIL1|DIPK1A|H2AC15|ABCC10|ABCA7|EXT1|NSUN5P2|AMDHD2|MTG1|H4C11|PLA2G15|SPSB3|POR|ARHGAP45|AEBP1|QRICH1|SMPD3|CLCN7|DBF4B|TOM1|PIK3IP1|DUSP8|CCDC103|ZNF839|PGF|RHOT2|RBM38|ECE1|SIRT7|LMF1|EPHB6|AKAP8L|TRIB3|BCL6|CAPN10|FHIP2B|SLC12A7|ALDH8A1|SLC26A6|PPP6R2|KLC2|HSD17B7|BRD9|DGKA|IL23A|HDAC7|ENTPD6|THAP3|KLHDC4|NSMF|DAPK3|RGL2|SPATA2L|GTSE1|WRAP73|ARHGEF1|E4F1|DUSP9|IRAG2|XYLT2|TMC6|RABL6|FAT1|RAB2A|MICAL1|ITPR3|MR1|SRF|CHMP7|PTPN7|STIMATE|CD52|RNF19A|INTS1|ANKZF1|GSDMB|ZNF335|KDM2A|ZNF611|CEP85
GSE34205_RSV_VS_FLU_INF_INFANT_PBMC_DN	0.00104947526236882	0.0403625773320236	-0.419746923525674	-1.48294340113721	6	179	BEX5|SLC22A18|TYMP|SPON2|IFI30|ARSA|S1PR5|COX8A|MT2A|MROH8|CD84|P2RX4|IFITM1|DDB2|CHST12|H2BC17|RBM26-AS1|EREG|GRN|HCST|UBA7|SLX4IP|PPCDC|IFI35|SREBF1|HERC6|USP30-AS1|GLG1|LGALS3BP|STAB1|SHFL|FDXR|TMEM255A|SH2B2|AMPD2|ZDHHC24|IKBKG|PRF1|RPS15|MAP3K11|SHISA5|GPSM3|CYB561D2|SPHK1|TRPC4AP|PGP|CLSTN1|GALE|PLEKHF1|OAS3|CCDC8|CMTR1|ID2|SLC38A6|TAF1D|ITGA5|TMBIM6|OGFR|SRGAP2|SH2D2A|LY6E|TGS1|NRBP1|TSEN54|BRD2|TMEM179B|GSTK1|TAF1C|C1orf174|UCK1|TM9SF4
GSE360_L_DONOVANI_VS_B_MALAYI_HIGH_DOSE_MAC_DN	0.0010482180293501	0.0403625773320236	-0.422455408078205	-1.49590454667093	6	182	GAA|TP53I11|NDST2|PYGM|TRAPPC6A|RHOBTB2|IRF7|SMPD1|CD37|PPFIBP2|LILRA2|ACADS|TAP1|GDF15|TNK2|UBA7|SAC3D1|RIMS2|CYBA|NDUFS7|SPG7|STAB1|STARD3|FOLR2|MX1|IFITM3|AKR1B1|DHX38|TIMM44|RPL13P5|CTSA|AMHR2|RNH1|PSMB6|DGAT1|GAK|SLC7A1|HPCAL1|DIAPH1|CLCN6|HEXA|MGRN1|EPHX1|IQSEC2|CNPY3|VPS52|XPO6|NUDT1|AP1B1|ATP6V0A1|PSMB4|PCK2|SREBF2|C6orf47|IRF1|TXN2|URM1|CNPY2|DHX16|VGLL4|SGTA|ANGEL2|PRPF8
GSE2585_CTEC_VS_MTEC_THYMUS_UP	0.00105580693815988	0.0404511070429346	-0.428320246191873	-1.50735554030133	6	174	DHDH|CD14|COL14A1|ENC1|DBNDD2|TIMM8B|NDUFA3|ARID5A|COX14|NDUFA2|MICOS10|HOOK2|DDX41|GON4L|PLOD1|COPE|ETHE1|NICOL1|SRRM2|LENG9|LOXL3|HSD17B10|RPS9|AURKAIP1|CAMKK1|SERPINE1|PRRT3|UQCC5|COMT|MTLN|FLYWCH1|RGP1|FOLR2|SGCG|DACH1|NDUFA6|DHRS3|CCDC24|DCTN3|MAP3K3|PRTN3|ATP5IF1|MYL6|VPS39|NENF|MEF2D|SDF4|ZNF707|DPCD|NCBP2AS2|METRNL|VEGFA|TMA7|GALNT2|AK4|PILRB|UQCC2|RIPOR3|CYB5R3|RAB24
MEISSNER_BRAIN_HCP_WITH_H3K27ME3	0.00106124924196483	0.040505018596361	-0.426322092490416	-1.49449297048901	6	169	FOXD2|TPM2|ESPN|ERFE|TLX1|CRLF1|TFAP2E|BMP8B|CLDN7|DHH|TDH|FOXD3|ADAMTS14|PPM1N|WNT3|MESP1|AEBP1|NKX6-1|FGF17|PLEKHG6|MAFA|NPAS1|KDF1|BCL3|ATP2A3|HOXC13|NOTCH3|GNMT|GAL|KCNE5|DLK1|FOXD4|LARGE2|HOXC8|PITX1|DMBX1|CDCP1
GSE29618_PRE_VS_DAY7_FLU_VACCINE_PDC_UP	0.00106756138477963	0.0405915953803707	-0.435166244316589	-1.51831655603072	6	161	IL17B|GPR135|AQP1|VWA7|H2AC15|SLC8A2|ITPKC|L1CAM|LPCAT4|OR2B6|WSCD2|ASIC3|METRN|MAPK12|CACFD1|ABCB8|CILP|YBX2|KLK2|CRISPLD2|TOP3B|DUS2|SEC14L1P1|STC2|SERPINE1|PHLDB1|LRPAP1|PTPN3|NDRG4|SEZ6L2|NAA80|SLC26A6|STON1|SMG6|IGSF3|SIX5|PALM|TELO2|MADD|ACVR2B|ZNF428|TUBG1|DHX8|TPRA1|CKB|NCLN|KIF2C|ZNF512B|ALAS2|SETD5|TXNRD3|ARAP3|GPR137|TMEM158|KPTN|OBSCN
GSE9988_LPS_VS_LOW_LPS_MONOCYTE_UP	0.00109859928591046	0.0416141118187518	0.430923181729299	1.55613233885714	3	127	GNRHR2|AJUBA|DOP1B|IGSF11|ZNF485|PLK4|PTHLH|ZNF624|TRMT61B|TESPA1|KIF18A|ME1|BMX|GULP1|KCNJ6|RPAP3|PALS2|MFF-DT|EIF2B2|RASSF8-AS1|DNAI4|GTF2H2|NCAM2|TLR5
GSE14415_NATURAL_TREG_VS_FOXP3_KO_NATURAL_TREG_DN	0.0011207621182404	0.0422718264151539	0.418589165733284	1.52514443005401	3	137	AIM2|ZC2HC1A|PITPNC1|NKIRAS1|IFIH1|CCL5|FAM53A|CREBL2|CD3G|LRATD1|CCL4|MBLAC2|SERPINI1|RNF43|RNF2|CPEB2|FOXN3|PPM1B|DOCK7|C3orf62|MARCHF7|THAP6|THOC2|ARF4|ADRA1D|PGRMC2|KCNJ8|BMERB1|IRF2BP1|CHIC1|IFIT1|XCL1|SAMD3|PPIL4|LDHB|TRIP11|CARD6|EPCAM|CHD9|DNAJB9|ANKRD12|CLGN|ARL13B|TTC3|LRRC23|OGFOD2|PLSCR1|SEC62|PSIP1|RSF1
HELLER_HDAC_TARGETS_UP	0.0011243851018974	0.0422718264151539	-0.379954044284763	-1.4115374248568	7	299	MSH5|H2AC13|RAB4B|H2AC8|H2AC11|APLP1|CRIP2|IFT122|TIMP3|DPM3|MT2A|LZTS3|L1CAM|SLC9A1|LPCAT3|GRN|RTN2|APLP2|TSPAN4|RCN3|ITGA7|MAN1B1|MICALL2|POR|IFT140|SFI1|ABHD17A|PDLIM7|TOP3B|H3C12|SLC6A8|CDKN2D|MFSD12|STARD3|KATNB1|NRTN|DOCK6|JAG2|CAMTA1|TTLL1|FHL1|FDXR|G6PD|SEZ6L2|BCL6|SLC16A3|CSRP2|EHBP1L1|ISG15|TRIP6|ADAM15|MYO9B|ACSBG1|SFXN3|AGRN|ATP13A2|JUNB|ZBTB20|PPARD|SDC4|H3C2|MAPK8IP1|PLEC|GPAA1|CDK10|DDAH2|MAPKAPK2|GNS|H2AC25|DAPK3|BLVRB|PLXNA3|CTTN|ZBTB43|HMG20B|TUBB2B|ID2|H2AZ2|ZER1|TK1|NEU1|DBN1|HES1|CDC34|HCFC1R1|NRGN|CCHCR1|CDKN1C|SNRNP70|TMEM259|CCNF
FARMER_BREAST_CANCER_CLUSTER_2	0.00116468669927789	0.04248619135293	0.653796414624581	1.86980905313804	4	33	RAD54B|KIF11|CCNA2|NCAPG|NDC80|NUSAP1|MAD2L1|MRPL15|SLC25A32|BUB1|KIF15|ARMC1|NEK2|ATAD2|RB1CC1|CENPE|CCNB2|BUB1B|MELK|ASPM|MTFR1|MTERF3|CEP55|CENPA
GSE10239_KLRG1INT_VS_KLRG1HIGH_EFF_CD8_TCELL_DN	0.00119402985074627	0.04248619135293	0.397942467073881	1.49567389901297	3	176	NUDT12|SGO2|PLEKHH2|SNX18|GABRR2|NCOA2|USP38|RASSF3|UBLCP1|ETFRF1|TOP2A|ANLN|NCOA4|GGPS1|CGGBP1|KIF11|MOB4|AP1S2|ERI1|GAS2L3|SCCPDH|ECT2|DENND4C|SH2D1B|FAM13B|DENND6A|CNOT6|TNKS2|NUSAP1|OPRL1|SYTL2|PLXNC1|TXNDC9|GNPDA2|NCKAP1|RBL1|UGP2|TENT5A|BTBD10|CELF2|AP1G1|MED7|DBF4|KLRG1|ZNF566|MOB1A|CYP4V2|STARD4|CHMP5|SUB1|MAPK9|AP3B1|TMED8|ABRAXAS1|TNKS|NGLY1|PIAS1|IDE|HPF1|REEP3|TRAM1|ZYG11B|ATL2|COPB1|AKAP10|MAPRE1
GSE1460_INTRATHYMIC_T_PROGENITOR_VS_NAIVE_CD4_TCELL_CORD_BLOOD_UP	0.00119083060434653	0.04248619135293	0.378998724648752	1.44600089103344	3	193	STK38L|ARMCX1|DET1|PLK4|RMI1|VPS26A|PTPN2|RFX5|CCNA2|MSH2|SMAD2|SMC2|GINS1|TCF12|CBX3|RRAS2|MRPS22|MAD2L1|NREP|TXNDC9|CNBP|UBE2E3|RHOA|TCEAL9|DSG2|EEF1A1|NUBPL|VIPAS39|RHEB|PTP4A2|CHD9|KCTD9|RRM1|RPGRIP1L|RFC1|TOR1B|TRDMT1|GABPA|PSMA6|GDE1|STMN1|IDH3A|LYRM1|UPF2|TCERG1|PRR11|ETF1|STIL|GNL2|PCNA|ZWINT|PSIP1|GARS1|IDE|UBE4B|PSMD14|CHCHD3|ADH5|DLD|TFRC|CENPE|FABP5|DNAJB6|PAICS|SCN9A|ATP6V1C1|COPB2|RNASEH2B|VIM|SLC35A5|GOT1|GORASP2|TPGS2|RAP1GDS1|MPP1|SNRNP40|TCEA1|IMMT|FEN1|HMGB2|TM7SF3|MFAP1|USPL1|GOT2|GSTO1|IMPA2|CSNK2A1|SF3A3|HSD17B4|PPP4R1|UBR7|CUL1|PNMA1|FAIM|HNRNPH1|SIGMAR1|DENR|DYNC1I2|HIVEP3|GMPR2|CCT5|PGRMC1|TXN|RAB32|AHI1|TRIP13|DDX1|ELP3|MICU1|HNRNPR|FBXO5
GSE18281_SUBCAPSULAR_CORTICAL_REGION_VS_WHOLE_MEDULLA_THYMUS_DN	0.00113571834185122	0.04248619135293	0.414136819046365	1.51753347435255	3	144	KIN|CNR1|CETN3|CDH18|ENOPH1|SERPINI1|PDCD10|RUNX2|KALRN|DERA|PGGT1B|HAND2-AS1|CD80|NSUN3|ABCD3|UTP18|TNFAIP8|PLAC1|ZFYVE16|HPRT1|SDCBP|KCNJ8|CTSF|ISOC1|LIPC|FBP2|GRIA2|CHN2|PAX5|CATSPERG|SDHD|PIGH|EBAG9|METTL4|PSMD10|QPCTL|CMAS|ABHD5|TMEM243|THPO|LYRM1|GTF3A|ARL4A|CHORDC1|PEX2|RAB4A
GSE18893_CTRL_VS_TNF_TREATED_TCONV_24H_UP	0.00120627261761158	0.04248619135293	0.388004217132066	1.47045972110283	3	187	AJUBA|CCDC120|TRAPPC2B|SETDB2|NAPEPLD|CRYL1|BLZF1|ZNF227|TRPM7|HNRNPLL|KIF18A|G2E3|RBAK|PSMA1|SYPL1|ZFTA|GAS2L3|TJP2|GRPEL2|ATG10|EIF2B2|CDC27|RRAD|FRZB|OOSP2|PHETA2|SCFD1|ABHD14A|TCEAL9|GOLGA4|TENT5A|CPSF2|STAU2|TUBE1|ETFDH|DNAJA2|NSA2|FZD4|FBXO45|RABGAP1L|ACLY|NNT|SMIM30|DHX15|TTC33|TOR1B|PWWP2A|SEPTIN2|HMGN3|CEP152|TIA1|TNPO1|TMX1|ARHGAP5|API5|GPD1L|ANAPC10|AGO1|LIX1L|SFT2D3|MORF4L1|STAU1|TMEM87A|SRBD1|MEX3D|CISD1|ZNF318|GLRX3|ZZZ3
GSE22886_NAIVE_CD4_TCELL_VS_48H_ACT_TH2_DN	0.00120518228382043	0.04248619135293	0.377547459592035	1.44288362368933	3	196	PIGB|LBHD1|BATF|MED18|CDC7|CENPQ|SLC25A44|TM9SF1|DARS1|MGAT2|TOP2A|VPS54|PSMD5|TTLL7|MTHFD2|NUP153|ETNK1|INVS|TMED2|RRAS2|IDH1|MED21|NUP133|GFI1|KIF3A|CALM2|KCNK1|RBL1|PSMG2|CPOX|TYMS|PIP5K1B|STAU2|RRM2|RDH11|AASDHPPT|CASP3|ACTR2|SMC6|CRIPT|RRM1|CLTC|HPS5|BAG2|ATP2A2|GDE1|MINPP1|ZMPSTE24|PSMC2|TOR1AIP1|PARK7|PCNA|H2BC8|WEE1|CEP76|ATP6V1A|SMC4|SEPTIN8|STARD7|TFRC|DSN1|HJURP|ACOT13|COPB1|CCNB2|COPB2|TMEM33|STAMBP|MSMO1|KNTC1|GLO1|POLR2B|HEXB|EED|CANX|ALG5|KIFBP|IMMT|HMGB2|PHTF1|AGO2|MRPL35
GSE22886_NEUTROPHIL_VS_DC_DN	0.00120518228382043	0.04248619135293	0.381566724654041	1.45824416072884	3	196	GPR137B|MAN2B1|MTREX|PSMD5|CCT8|MTHFD2|NIPSNAP2|UTP18|SYPL1|CAPN2|METAP2|LRPPRC|ATXN10|ATP1B1|NUP37|MTCH2|CBFB|ESD|RTRAF|EIF2B2|DOCK10|TIGAR|MRPL15|CAPRIN1|NDUFV2|UBE2V2|ATP5F1B|PSMG2|UTP3|SOAT1|MRPS35|TRA2B|CACYBP|SNX2|PRDX3|CCT4|ARMC1|DNM1L|SEPTIN2|HMGN3|ANXA5|DERL1|CITED2|RNF14|CLNS1A|TMEM243|TPP1|PSMC2|SDAD1|SUCLG1|AIMP1|ADO|OPN3|ABCB7|GNL2|CUL5|PSMD14|CHCHD3|TRAM1|FAF1|SUCLG2|HSPA9|ATRAID|COMMD3|RBBP7|SUMO3|NCOR2|RIOX1|TSPAN3|VTI1B|GLO1|VDAC3|SFPQ|VDAC2|PSMA3|GTF2H5|ANKRD17|DAB2|CANX|PAIP1|KTN1|MAP2K1|CCDC47|SEC31A|HCCS|MRPL35|PTPN18
GSE26890_CXCR1_NEG_VS_POS_EFFECTOR_CD8_TCELL_UP	0.00120445648900933	0.04248619135293	0.392282508980961	1.48203622164431	3	183	TTC39B|SETDB2|LPXN|IFIH1|MX2|MRPL1|ESF1|USP25|NT5C3A|CLDND1|TM9SF1|DTX3L|RSL24D1|CCRL2|MARCHF5|ZNF277|PNPT1|PARP11|CFAP210|PTGES3|CEP295|CMPK2|TMEM140|RSAD2|IFIT1|SGCB|CD274|INPP4B|EHD3|APPBP2|CAPRIN1|FOXP1|INSIG1|ZSCAN29|PPA1|CPSF2|CNOT3|PELI1|SCIN|NAMPT|BAZ1A|ANKRD12|CNOT6L|CYBB|HMGN3|TRAFD1|SLF2|CD47|ATG12|STARD4|ZC3H11A|TUT4|COX15|KBTBD2|PHIP|AP4E1|ITCH|FDFT1|MBTD1|IDI1|PABPC1|PARP9|EIF2AK2|INPP1|STAT1|EXOC4
GSE2770_TGFB_AND_IL4_VS_TGFB_AND_IL12_TREATED_ACT_CD4_TCELL_6H_DN	0.00120373156786037	0.04248619135293	0.388906848222994	1.47115543761086	3	184	CNRIP1|SLAMF6|DCK|MSL2|CD69|CREBL2|BMPR2|SEC24B|TCF7|FGF13|NT5C3A|UBLCP1|VPS54|HS2ST1|RNF138|B3GNT5|AP1S2|CIBAR1|ZNF770|ADIPOR1|PIAS2|TRIM13|RAB11A|CFAP418|HOMER1|MYEF2|BEX3|EGR2|SLC25A36|RBL1|SNX13|VWA5A|LRRC46|MAP4K3|ITM2A|RAPGEF6|ZNF846|SCAMP1|MYB|RABGAP1L|ZSWIM4|DNM1L|LSM14A|MEGF9|KIDINS220|RBBP4|RNF14|PHF3|NOD1|LSM3|PDIA3|NUP88|KBTBD2|PREX1|FAM111A|KIAA1191|PHIP|ARFGEF1|IDE|AVL9|STK4|BZW2|PLAAT3|ATP6V1B2|BHLHE40|HERC4|EIF4A2|ATP11C|OTUD4|DNAJB6|HNRNPA2B1|INTS7|RNF130|RALGAPA1|MCL1|EXOC4|MAIP1|ANKRD17|XRN1|SNRK|KCNQ5|TXNIP|HAUS6|ANP32A|R3HDM1|ERGIC2|TNFAIP3|ECI2|CCDC82|GPR63
GSE37534_UNTREATED_VS_GW1929_TREATED_CD4_TCELL_PPARG1_AND_FOXP3_TRASDUCED_DN	0.00120518228382043	0.04248619135293	0.382514236080637	1.46186529149256	3	196	SEMA3A|KCTD12|RGS2|SEC24B|PLK4|TOP2A|ABHD3|PPP1CB|KIF11|ZNF184|MRTFB|AKAP11|KHK|RPAP3|DDHD2|SMC2|ECT2|ATXN10|RBMX|GCLM|RBL2|PCNP|ERAP2|NREP|CENPU|YWHAZ|PPA1|SPDL1|CDK1|DDX5|B3GNT2|ACTL6A|KIF15|HMGN1|NNT|MLLT11|FGD6|HMG20A|SEPHS1|RB1|CITED2|CCNT2|HEYL|PLAAT4|RACGAP1|APC|KIF14|GALNT1|API5|RAB14|FBXW11|GALNT10|ARCN1|PSIP1|ADARB1|MRS2|EMD|UBE4B|ZNF195|HELZ|CKAP5|SHCBP1|LMNB1|EIF4A2|MEX3D|RFC3|CCT6A|TRAK2|SKP2|HJURP|NDC1|C1GALT1C1|ZC3H7A|RBBP7|CPSF6|ACTR6|CCDC88A|PPP3CA|TBC1D4|PDSS1|NCAPH|EPM2AIP1|HMGB2|POLQ|EVI5|YTHDC2|MFAP1|POLR2C|PKP4|SLC25A20|PRCC|GLYR1|ACO1|SNRNP27
GSE37605_TREG_VS_TCONV_NOD_FOXP3_FUSION_GFP_DN	0.00114744693057946	0.04248619135293	0.406683474180443	1.50012232500923	3	152	DLG2|CCNG2|IL12RB2|MAN2B1|SNX18|CCL2|MBNL2|RMI1|PANK3|ZBTB33|WDR75|ALOX12|TRMT10A|PHLDA1|PTBP3|PAIP2|PLCL1|LANCL1|EIF4G2|AKAP12|MRPL42|PROCR|RTN4|CBX7|TOB1|NCBP2|ARPP19|STARD3NL|RMND5A|SKIL|RBM7|HOMER1|F5|VWF|SAMD3|MRPL15|EIF4E|ABHD14A|TPRKB|ERO1A|IRAK4|EIF1B|ITGA2B|EEF1A1|PVR|TCP11L1|TUBB1|RPRD1A|FBXO33|RFC1|SKP1|DCP2|RO60|ANXA1
GSE3982_EFF_MEMORY_CD4_TCELL_VS_TH2_DN	0.00118906064209275	0.04248619135293	0.384002337231742	1.46709304842721	3	194	STAP1|BCAR3|ZNF410|CKS2|IFT56|VBP1|TOP2A|PRPS2|PEX3|EGR1|PRIM1|KIF20B|CCNA2|SEH1L|TFB2M|INVS|ADIPOR1|WBP4|NUP37|ETFA|AGK|TRMT1L|MED21|NUP133|CDC27|PLA2G4A|TIGAR|CAPRIN1|MCTS1|CAB39|ASNSD1|FUT8|TYMS|SPDL1|PIP5K1B|DCTN6|HBEGF|ACSL1|TIPIN|LAMTOR3|CDK1|DDX18|RRM2|NME7|CLIC4|MYB|PRDX3|KIF15|BORA|RRM1|FH|LUC7L2|BAG2|PSMA2|GOLT1B|CLNS1A|KIF14|GGH|MRPS33|CDKN3|MRPL3|NCBP1|HSD17B12|NFU1|PSMD11|BLM|NCAPG2|CDC25C|ACOT7|SFPQ|MAIP1|FKBP1A|OARD1|CSE1L|KIF23|MED20|KDELR2|UQCRFS1|CDC42BPA|MTFR1|MICAL2|RYBP
GSE46242_CTRL_VS_EGR2_DELETED_TH1_CD4_TCELL_UP	0.00119635112905638	0.04248619135293	-0.422836162118501	-1.49403123488601	7	178	AMH|DHRS12|TBC1D1|RASGRP3|ABCB4|KHDRBS3|PPP1R14A|GPR68|TLR6|UQCR10|SLC3A2|GGA1|SLX4IP|TRPM4|RCN3|PHPT1|ITGAX|S100A5|PDLIM7|COMTD1|TMEM38A|ATP2A3|ENTPD1|CHD3|GET3|MAD1L1|ADGRB3|SLC7A11|CPA5|TREML2|NPDC1|BAP1|GRIPAP1|PCSK7|INPP5D|RAP1GAP|ZBTB43|TGIF2|TNIP1|NRIP3|CAMKK2|ZNF764|CCDC51|PIP4P1|ABHD2|CDKN1A|GRAMD1A|DPM2|STK32C|HYAL2|FHOD1|EIF3K|PSMB3|MGAT5|ISYNA1|MAP1A|SYT5|YARS1|TRIP10|MYADM|INTS3|MATK|CENPM|GFOD3P|SLC25A15|PHLPP1|CHMP4B|AOPEP|AGFG2
GSE5542_IFNG_VS_IFNA_TREATED_EPITHELIAL_CELLS_24H_UP	0.001194743130227	0.04248619135293	0.382973101678719	1.45946626448022	3	192	LNX2|SLC35A3|LPXN|RBM44|FAM135A|DDIAS|CDC7|HMGN5|ERI2|STRAP|STARD9|HIPK3|UBA5|USP2|EAF1|LDHA|PAQR3|WDR35|SH3BGRL|CIBAR1|SH3BGRL2|ATXN10|CNOT6|UFL1|SMARCA5|CDC27|S1PR3|LINC01160|MYEF2|EHD3|APPBP2|VDAC1|EIF3C|NUP205|MTCP1|UBA2|NAMPT|PTK2|DNM1L|LSM14A|SCLT1|EIF3J|CFAP20|CMAS|ELOVL6|CEP152|ING2|NCBP1|NDE1|NIPA2|MFSD6|OSBPL3|RYK|ASB8|GYG1|BUB3|CORO1C|LRR1|RFC3|PMS2|FABP5|NT5C2|KCMF1|PEX19|CCDC88A|SSX2IP|GTF2H5|UBE2K|MAP4K5|FYTTD1|ARHGAP25|NUDT4|SMC5|RWDD2B|HNRNPA3|PLPP6|ADAM17|CTH|PKP4|GLYR1|NUCKS1|ARPC1A|LAP3|CDR2|OXCT1|GMDS|ERH|TEX9
HOEK_NK_CELL_2011_2012_TIV_1D_VS_0DY_ADULT_1D_DN	0.00120564932828109	0.04248619135293	-0.605334586853136	-1.72465907145776	6	41	TMEM238|COL18A1|ZNF467|RTN4R|JSRP1|DNPH1|NICOL1|TRIM46|AXIN2|LYL1|FBXW9|MAPK8IP1|IQSEC2|SUSD3|MYCL|TIGD5|DIPK1B|FRS3
MANNE_COVID19_COMBINED_COHORT_VS_HEALTHY_DONOR_PLATELETS_DN	0.00117061750073164	0.04248619135293	0.396707518024171	1.48167623065311	3	167	ZNF257|NXT2|SETD7|HECW2|ENKUR|ENTHD1|COL15A1|ZNF367|TBX3|KCTD12|PREX2|CPVL|POC1B|ITGB3BP|CEP128|HAT1|HEMGN|TFPI2|PLCL1|LYSMD3|UTRN|PRIMPOL|ZC3H12B|H2BC7|SIGLEC12|TGFBI|PAX5|IGFBP5|SHTN1|ERV3-1|PARD3B|SCIN|CA8|TMEM70|IFT70A|FTO|ZNF117|CA2|MFAP3L|LEPR|PLCB1|ALDH1A2|SLFN14|PAPPA
MILI_PSEUDOPODIA_CHEMOTAXIS_DN	0.00119712689545092	0.04248619135293	-0.35873330625544	-1.37251096134	8	439	GAA|NFKBIZ|IGF1R|PLAT|AQP1|FAM171A1|EMILIN1|VASN|SEL1L|NHLRC3|PLXNB2|NAGK|ATRN|ABCC10|FZD7|TIMP3|SEMA3F|ABCA7|AXL|NCEH1|MAPK8IP3|QSOX1|ATAT1|TPBG|SLC12A9|P2RX4|ECM1|CHST12|SLC38A10|GRN|SLC29A1|ATP13A1|GAS5|APLP2|SLC12A4|RGS3|PLOD1|RCN3|MOGS|SOD3|SEMA3B|SUN2|POR|ADAMTSL4|SFI1|MATN4|RRBP1|SLC19A1|MPG|GLG1|RPAP1|FOS|PIK3IP1|SERPINE1|MED15|DGCR2|P3H1|TMEM109|PCNX3|AREL1|LTBP4|PNKP|SLC10A3|PSAP|GGCX|TAP2|SNHG3|SEMA4C|KCNN4|RPS10|DGAT1|RNPS1|ABHD12|IGSF3|DIAPH1|SEC61A1|CLCN6|NDEL1|BMP1|TCTN1|SYVN1|MFSD10|CLSTN1|SELENOS|RANBP3|DNTTIP1|ATP5IF1|ELOVL1|ITGB1|GPAA1|POLG|RBX1|GNS|SFSWAP|NISCH|TAPBP|SLC35F6|FLNB|P4HA2|PLXNA3|CYBC1|SMIM14|GSK3B|E4F1|CLCF1|ITGA5|SLC20A2|MFSD9|IL6ST|DHX30|NEU1|RPL3|CHPF2|EMC1|PDIA5|SOCS3|TYW1B|PLEKHM2|SREBF2|ADD1|PKD1|LY6E|BAIAP2|RPL8|SCPEP1|MPZL1|PIGM|ESYT1|DOLK|EPB41L2|ABCA2|SERPINF1|BCAP31|ANKRD11|KDM6B|GCN1|OBSL1|SEC61A2
RAO_BOUND_BY_SALL4_ISOFORM_B	0.00119904076738609	0.04248619135293	0.329984366959079	1.35703910925477	2	437	MEIS1|CCT6B|DCP1B|SNX16|C2CD5|CFAP95|ARHGAP28|BMPR2|CDC7|ITGB3BP|NAA30|ARID5B|ZBTB41|CKMT1B|CNOT8|ANLN|FAM107B|G2E3|CPEB2|TRMT10A|L3MBTL3|RBMXL1|B3GNT5|CCDC68|CGGBP1|PPP1R3B|RCHY1|NPM1|KNL1|PPIP5K2|ARHGAP11A|LYPLA1|IPO7|LIPT1|ZFAND1|RIF1|RTN4|CBX7|ELMO1|SP3|PRIMPOL|WSB2|RMND5A|EFHB|ETV5|CCP110|SLK|GCLM|DENND6A|FEM1B|IBTK|TCEAL8|DRAM2|PCNP|UGCG|ATG10|OSTF1|CD96|EMILIN2|MMP11|EFNB2|ZFP37|SPP1|CD274|LEFTY2|KIT|RNF125|MYL12B|UBE2E3|SLC25A36|MCTS1|EDC4|SKAP2|DPH6|SLC25A3|UFM1|IFT57|MORF4L2|DCTN6|DNAH14|RTN3|NFE2L2|MAP4K3|HUS1|ZW10|PHTF2|REL|SEPSECS|B3GNT2|RBPJ|YARS2|NDUFA5|CASP3|SP1|TMEM230|DBF4|RERG|GDAP1|PTPN12|WSB1|FBXO28|ATF2|CHMP4C|CMAS|GDE1|DMTN|CITED2|CD47|RO60|BIRC2|CEP120|CR1L|CENPI|CLCN3|IPO5|TBX18|CTNNB1|PPP2CA|NCK1|TTLL4|PSME4|IVNS1ABP|ETF1|PHIP|TEAD1|NSMAF|NCOR1|RB1CC1|ZFAND6|SHCBP1|FUBP3|PAX6|OSR2|TFDP2|DNAJB6|MBTD1|LYRM2|LRRCC1|PNPLA8|NDC1|EIF1AX|RBBP7|FUNDC2|BBS4|DST|RMND1|VDAC3|SFPQ|CNOT10|PORCN|CCDC88A
GSE22886_UNSTIM_VS_IL15_STIM_NKCELL_DN	0.00121802679658952	0.042591649694501	0.379178215996633	1.44851972407059	3	198	PRNP|ENOPH1|DCLRE1A|HAT1|DTL|CKS2|VBP1|HDAC2|PBK|CPD|RFC4|SUV39H2|CCT8|IPO7|UBE2N|WSB2|HSPA14|MRPL39|NUP37|KPNA2|MTCH2|ITPRID2|SLC39A1|UTP11|TCP1|PSMD6|USP14|COPS3|MAD2L1|MRPL15|APOO|VDAC1|DONSON|TIPIN|NUP205|MRPS35|UBA2|RFC5|ASCC3|UXS1|EIF2S1|PRDX3|HSPD1|ARMC1|FH|CDK2|EIF3J|ELOVL6|ZMPSTE24|PAK1IP1|RBBP8|GNL2|SUCLA2|SFXN1|PCNA|XPOT|GGCT|NIPA2|PSMD14|SMC4|PPP2R1B|CORO1C|BLM|PSMC5|SLC39A8|CENPS|CCT6A|USP16|GLRX3|PAICS|ZZZ3|PPAT|EEF1E1|RAD51AP1|VIM|MSMO1|NUP58|ALG5|CSE1L|MED20|FEN1|FDX1|MRPL35|NUP98|RPA3
KIM_WT1_TARGETS_DN	0.00121457489878543	0.042591649694501	0.324270159917719	1.33348477181268	2	441	DPYSL2|TTK|ARMCX1|CCNG2|LGR4|C2CD5|H2BC6|SLC33A1|CDC7|CETN3|MBNL2|ATP6AP2|NCOA2|EIF2AK3|REV3L|HMGN5|CKS2|MNS1|SLC25A46|MGAT2|TOP2A|RAB29|KIF18A|NBN|DERA|ZBTB18|INTS13|DLC1|PPM1B|RMDN1|KIF11|ZNF184|FASTKD1|CCNA2|ABCD3|CKAP2|TNFAIP8|LIPT1|NBR1|PPM1A|PIKFYVE|ARMCX6|SNAPC1|TOB1|RHOBTB1|RAB6A|NCAPG|ZNF34|DENND4C|NDC80|MPHOSPH9|TBPL1|TRMT1L|SLC38A2|MED21|PMS1|NUSAP1|MAD2L1|HSD17B11|PERP|IFIT1|PLA2G4A|XYLT1|TPTE|MAGT1|USP33|APPBP2|ZBED5|NFYB|FZD2|PRR16|CPOX|FAM200C|FXR1|MAP4K3|IFT74|GRK5|TCAF1|PCNX4|CDK1|PPIG|SOAT1|COPS5|ZNF292|RDH11|NDUFA5|WIPI1|AASDHPPT|BMPR1A|ACTR2|ASCC3|DBF4|BUB1|CAPN7|KDM3A|SMC3|BECN1|ARMC1|CDKN1B|C17orf75|ANKRD12|WSB1|FGD6|MIS18BP1|BAG2|GOLPH3L|RCOR3|NET1|ATF2|SPTSSA|SLF2|CITED2|ELOVL6|PAPOLA|THOC7|TIA1|PHF3|PPWD1|RACGAP1|CENPI|KIF14|CHMP5|SNTB2|NEK2|ARL4A|PPP2R5C|MAPK14|RBM25|CEP57|EFHC1|FAM111A|RAD21|CEP76|GLT8D1|BRWD1|ASAH1|SGMS1|HTATIP2|SHCBP1|BUB3|PRPF40A|CENPE|FUBP3|GRSF1|SDHAF3|DNAJB6|E2F5|ZZZ3|SKP2|HJURP|MDM1|NDC1|FUBP1|BUB1B|RAD51AP1|GPSM2|HSPA5|CUL4A|ACTR6|CDK8|FAM149B1|GTF2H5|GEMIN2|POLD4|MAP4K5|OARD1|DLGAP5|KIF23|PLA2G12A|CRKL|SRSF10
NAKAYA_PBMC_FLUARIX_FLUVIRIN_AGE_18_50YO_CORRELATED_WITH_HAI_28DY_RESPONSE_AT_7DY_NEGATIVE	0.00122199592668024	0.042591649694501	0.321960602174497	1.32388222822906	2	443	MIER3|PCYOX1L|MPZL3|KBTBD8|DCK|STAP1|CD44|PIGA|CD69|DNAH1|TGFBR2|ARID2|TRPM7|NOMO2|AMD1|STRAP|TLE4|TESPA1|KLHL24|WDR75|MAP3K1|DHX40|NAP1L5|RNF138|ARIH1|AFF4|RALGAPB|CUL4B|RANBP2|GOLGA8B|NR4A2|UNK|PPM1A|RIF1|ZNF274|SUMO1|TWF1|ARPP19|CLK1|ZNF12|PIAS2|ATP1B1|UHMK1|INTS6L|MPHOSPH9|ZNF814|MED21|RAP2A|TNKS2|PABIR3|HECA|MIAT|CD96|SBDS|BACH2|SLC25A36|MED17|FOXP1|DUSP10|TMED5|RAB5A|MBNL1|UBXN7|SUPV3L1|NAA25|METTL14|SSB|NGDN|TOPORS|AHCTF1|ZNF451|AP1G1|ZNF507|RFX7|TRA2B|ENDOD1|ZMYM5|ASCC3|PPFIBP1|PTK2|UXS1|KRR1|KCTD9|PDE7A|BAG4|DDX3X|UBE2D3|TIGD1|PPM1K|FBXO28|TENT4B|HEATR1|ZBTB21|CNOT6L|CFAP20|ATF2|RICTOR|AZI2|KDM6A|IKBKE|PHF3|HECTD1|CHD1|GTF3A|INPP5B|MKLN1|CTNNB1|ZMYM2|BCLAF1|PPP2R5C|AIMP1|PSME4|HNRNPA1|LINS1|RBM25|ECPAS|NUFIP2|IPO11|H2BC8|PSIP1|CDC5L|MED14|HELQ|MBD4|ATP11B|CWF19L2|ZNF195|STK4|NUP54|ZNF136|EIF4A2|FAM120AOS|ZNF318|USP48|GOLGA8A|SGTB|SSBP2|CCDC66|PABPC1|EHBP1|GFM1|ZBTB11|RAB3IP|DYNC1LI2|MSMO1|GNE|EPG5|NUP58|FBXL17|POLR1F|SFPQ|PPP4R3A
SMID_BREAST_CANCER_NORMAL_LIKE_UP	0.00123102174805088	0.0427577726883556	-0.369111099535438	-1.39478902023284	8	371	TRBC2|GZMM|LAT|SPIB|IL21R|TEP1|COL18A1|ACKR1|CCR7|AQP1|EMILIN1|C3|PDE2A|SVEP1|COL14A1|CIITA|ITGA4|SYNM|CD37|FZD7|CYLD|RASGRP3|LAMA4|HBB|FLT3LG|LPCAT4|LMOD1|ARID5A|HLA-DOB|ACTA2|VILL|ACAP1|SYNE3|TRDC|CCDC102B|FXYD1|SLC12A4|ITIH5|ITGA7|ARHGAP4|ARHGAP45|IFI16|CD19|APLNR|TCL1A|CD48|LGALSL|FYN|LRCH4|IL2RG|P2RX5|ROBO3|THEMIS2|MET|ATP2A3|FHL1|DCN|FOLR2|IGHA1|MAP4K1|NLRP1|BIN1|DLK1|ID3|LYL1|ICAM2|PRF1|SP110|GMFG|THBD|ACACB|ZBTB20
GSE21546_UNSTIM_VS_ANTI_CD3_STIM_SAP1A_KO_AND_ELK1_KO_DP_THYMOCYTES_DN	0.00126482213438735	0.0437802916723456	-0.484878962387801	-1.61206250110486	7	108	CATSPERZ|SPIB|APOA1|CYP19A1|LILRA2|PIK3C2B|CNNM4|TSSK3|HSPB3|DKKL1|ACSL6|ZNF771|IL2RG|CAPN12|CRACR2B|KDF1|DIPK1C|SLFN11|TSPAN9|IDI2-AS1|CCL24|SLC43A1|CTC1
WP_RETINOBLASTOMA_GENE_IN_CANCER	0.0013238019592269	0.0456643438718887	0.479643843784706	1.63082964090489	4	87	TTK|DCK|CDC7|CCNE2|PLK4|TOP2A|ANLN|RFC4|PRIM1|CCNA2|CCNB1|SMC2|POLA1|TYMS|CDK1|RRM2|RFC5|SMC3|RRM1|CDKN1B|CDK2|NPAT|MYC|RBBP4|RB1|STMN1|RPA2|HMGB1|PCNA|WEE1|HLTF|FAF1|RFC3|TFDP2|SKP2|CDK6|CCNB2|RBBP7
BLANCO_MELO_COVID19_SARS_COV_2_INFECTION_A594_ACE2_EXPRESSING_CELLS_RUXOLITINIB_DN	0.00132868294303272	0.0456757513087755	-0.540040020972246	-1.67321039716651	7	66	TRAPPC6A|C5|PBXIP1|DEGS2|NDUFA2|ETFB|APLP2|IFITM2|ROMO1|SERPINH1|KRT4|CYBA|PHB1|NDUFS7|C12orf57|KCNAB2|G6PD|AKR1B1|PSAP|CTSD|PSMB10|CTSL|EPHX1|UCP2|GCHFR|TK1
BOQUEST_STEM_CELL_UP	0.00133968442988985	0.0457654010285589	-0.407156408558637	-1.45344012066174	8	198	ANPEP|C3|NOTCH2NLA|ITGBL1|DIPK1A|SVEP1|COL14A1|SPON2|FZD7|AXL|COL1A1|TWIST1|APOE|SYNE3|FXYD1|RCN3|AEBP1|CILP|GRIA3|PDLIM3|HAS1|ECM2|COLEC12|COL6A1|IRS1|CRISPLD2|APOD|CFD|PCOLCE|HDAC4|FEZ1|COL6A3|TIMP1|EMP3|DCN
LAIHO_COLORECTAL_CANCER_SERRATED_UP	0.00134952766531714	0.0457654010285589	0.461962418596123	1.61811102324001	4	104	ELK3|DPYSL2|PRNP|SELENOT|C5orf15|CAPZA1|NXN|HIF1A|NCOA4|BNIP3L|BCAP29|ARL8B|GDI2|PRKAR1A|SC5D|ARPP19|SDCBP|ATP1B1|PLA2G4A|SGCB|C1S|MYL12B|VAPA|NDUFV2|ATP5F1C|MORF4L2|PLS1|PELI1|SEC24A|ADAM10|ANXA5|MON2|RO60|CHMP2B|LSM3|DAD1|SEC62|MBD4|ATP6V0E1|COMMD3|OPTN|YME1L1|VDAC3|SUMO2|SPARC|SNRK
LEE_EARLY_T_LYMPHOCYTE_UP	0.00134336378291241	0.0457654010285589	0.464581900481942	1.61786183166336	4	100	TTK|SGO2|CPVL|CEP128|DTL|CKS2|TOP2A|PBK|KIF11|KNL1|CCNB1|GINS1|NCAPG|NDC80|NEIL3|NUSAP1|PALM2AKAP2|GFI1|CENPU|TYMS|CDK1|RRM2|BUB1|MYB|KIF15|DSCC1|KIF14|NEK2|GGH|CDKN3|PRR11|ATAD2|CEP70|CDCA2|PCLAF|LRR1|TFDP2|CCNB2|BUB1B|RAD51AP1|GALNT7|MPP1|DLGAP5|MELK|ASPM|FAM72C
REACTOME_CLASS_A_1_RHODOPSIN_LIKE_RECEPTORS	0.00134871871721864	0.0457654010285589	-0.4146341149898	-1.46637060721739	8	180	NPFFR2|MC1R|ACKR1|CCR7|C3|GNRH1|NPW|KISS1R|S1PR5|NPB|C5|CXCL1|PLPPR3|GPR68|P2RY11|APLNR|CXCL16|CCK|GNRHR|PTGIR|LTB4R2|KEL|ECE1|CMKLR1|C5AR1|NPFF|GALR3|GAL|CHRM4|PSAP
EPPERT_HSC_R	0.00135832654170063	0.0459086930154575	0.440055521839221	1.55704003659186	4	111	MEIS1|ELK3|KBTBD8|PRKCH|ZNF165|FOXO1|H2BC6|SMARCA1|RUNX2|GCNT2|YES1|CALN1|TCF12|ZDHHC21|RBM7|HOXA5|INPP4B|RNF125|SLC25A36|INSIG1|TCEAL9|TMEM38B|SOCS2|DDX5|PTK2|ABCB1|FAM3C|DRAM1|DNAJB9|PPP1R16B|RSL1D1|IPO11|H2BC8
REACTOME_O_GLYCOSYLATION_OF_TSR_DOMAIN_CONTAINING_PROTEINS	0.00140820278120049	0.0474346963680891	-0.675562814845523	-1.78419841701121	7	28	SPON2|ADAMTS14|ADAMTS4|ADAMTSL4
FLORIO_NEOCORTEX_BASAL_RADIAL_GLIA_DN	0.00150195253829979	0.0483568871229435	0.387475735895085	1.46063242288725	4	180	TTK|PARPBP|SGO2|ACBD7|PLK4|DEPDC1B|DTL|CKS2|TOP2A|KIF18A|ANLN|PBK|KIF11|EXPH5|CCNB1|ARHGAP11A|CIP2A|CKAP2|GAS2L3|ELMO1|GINS1|NDC80|KPNA2|FAM124B|NUSAP1|MAD2L1|HSD17B11|IL32|MCC|DUSP10|CENPU|CKAP2L|FAM72D|POGLUT3|CDK1|RRM2|ITM2A|BUB1|KIF15|MIS18BP1|CEP152|ANXA1|RACGAP1|KIF14|NEK2|CDKN3|PRR11|FAM111A|NDE1|ZWINT|WEE1|BRIP1|SMC4|UGT8|TRIM59|ESCO2|HBA1|FAM72B|NEMP1|SHCBP1|IQGAP3|LMNB1|CDCA2|BLM|NCAPG2|CENPE|DSN1|HJURP|KNSTRN|CCNB2|XRCC2|BUB1B|RAD51AP1|EXO1|KNTC1|DEPDC1|SPARC|DLGAP5|KIF23|MELK|NCAPH|NCAPD2|HMGB2|POLQ|ASPM
GSE17721_PAM3CSK4_VS_GADIQUIMOD_1H_BMDC_DN	0.00149925037481259	0.0483568871229435	0.381355147659777	1.44899699791144	4	189	TTK|CFAP410|NKIRAS1|CFL2|TMEM51|TEX15|CORO1A|CNIH1|MGAT2|VSIR|KLF10|DUSP22|RNF103|UTP18|ZNF146|PSMA1|SP3|YWHAG|ABCB10|XPO7|MRPL50|ORC2|SNX4|GTF2A1|PJA2|TMPRSS13|CDKL2|PAX5|PHETA2|DLAT|CAPRIN1|MED17|RAP1A|MRPS23|TPRKB|CRBN|DBT|CTNND1|ZW10|USP45|TOPORS|CPNE3|BUB1|PTP4A2|SMC3|NIP7|DECR1|RIOX2|GABPA|ANP32B|IDH3A|TPP1|GLTP|ZNG1B|PPP2R5C|VAMP3|SRSF1|ARCN1|NIPA2|ASAH1|MPHOSPH6|YWHAH|SMC4|ASCC1|GYG1|BLM|BTK|CCDC115|ELOF1|ATL2
GSE17974_0H_VS_2H_IN_VITRO_ACT_CD4_TCELL_DN	0.00150784077201448	0.0483568871229435	0.382517182581868	1.44966493862855	4	187	ELK3|ZNF416|ST8SIA4|NAPEPLD|MLYCD|SNX16|EGR3|ZNF583|ZNF235|GLMN|CAMSAP2|CPEB2|PHLDA1|KLF10|EGR1|MTHFD2|LEO1|PUS3|RIF1|NAB1|CRNKL1|PPIL1|MED21|EIF2B2|BRIX1|S1PR3|SERPINE2|EGR2|DLAT|FAM83G|SERTAD1|KCTD21|CCNH|TUBE1|MOB3C|MED7|ZNF215|ZNF234|CHSY1|ARMT1|MYB|MED31|C6orf120|NIFK|TRDMT1|EEIG2|VMP1|RBBP8|ADO|NCBP1|GNL2|FYCO1|ALKBH8|OSBPL3|RNF168|NEMP1|MARS2|DNAJB6|GLRX3|TBL2|COPB2|C1GALT1C1|TRMT6|PKNOX1|GOT1|WDR3
GSE20484_MCSG_VS_CXCL4_MONOCYTE_DERIVED_MACROPHAGE_DN	0.00150060024009604	0.0483568871229435	0.384897373989654	1.44967492138358	4	179	STK38L|LNX2|CXCL8|DCK|ATXN7|TNFRSF14|ZNF354A|DOK2|INSIG2|RFFL|CMTM6|HACD2|DCBLD1|BATF3|OTUD1|PTBP3|SGPL1|DCLRE1C|AKAP11|ZNF555|DDHD2|PDS5A|ATL3|WBP4|GCC2|IL6R|FPR3|TOX|ABCA6|SLC25A48|FOXP1|KDM4C|NFATC2|PCYOX1|ZNF451|ARHGEF12|RLF|ANKRD12|KIDINS220|SACM1L|ARL13B|PUM2|SUB1|SPG11|DCUN1D1|VAMP3|IL13RA1|PTPRJ|CHORDC1|ARL6IP6|LIX1L|TMEM87A|ZZEF1|BTBD7|SSBP2|SENP7|PALS1|ANXA7|ZC3H7A
GSE22589_HEALTHY_VS_SIV_INFECTED_DC_UP	0.0015008254539997	0.0483568871229435	-0.411488193480755	-1.46176717304339	9	190	FES|NEIL1|PNKD|CIITA|SLC12A9|NOL12|TCIRG1|ARHGAP4|SREBF1|ARHGAP45|DOHH|RASGEF1B|CRISPLD2|MPG|TMEM160|HAGHL|HSPB1|PPP1R16A|PTK2B|RGS14|ZNF593|IL1B|SLC6A13|DDX23|POLD1|TRIP6|KMT5C|DVL1|SLC7A1|TELO2|ANKRD13D|FERMT3|GRK6|NSMF|DAPK3|RPL36|MED12|CNP|NCAPH2|SIGIRR|AGAP3|TUBA1B|NOCT|HSPA1A|LMNB2|POLR2J|INF2|ICAM4|EHMT2|STUB1|MRPL17|NCBP2AS2|AARS1|TIMELESS|SAPCD2|ELAC2|CLK3|CHCHD5|IRF1|HSPA1B|JUN|DNAJC4|GADD45GIP1|PIMREG|CARS1|RILPL1|POLR2I|UBAC1|NFKBIL1|RPS14|RAB27A|ARRB2|PSRC1|SIPA1|SDHAF1|MATK|DDX11|LTBR|DBNL|SRRD|RPL13|ST3GAL2|TIMM13|CTCF|USP21
GSE22886_NAIVE_VS_MEMORY_TCELL_DN	0.00150738619234248	0.0483568871229435	0.378248146017077	1.42636511481913	4	181	ELK3|ITGB7|CD44|MEX3C|CREBL2|CHN1|FBXL8|LDHA|EIF4G2|PPP1CC|PPP6C|TAB2|CBLL1|PSMA1|PTGES3|TMEM123|PDS5A|WTAP|CBFB|ORC2|TNKS2|HECA|RCBTB2|IL6R|INPP4B|RAD23B|CNBP|RAP1A|CAB39|YWHAZ|IFT57|KDM4C|ERO1A|RBL1|SAMSN1|UBE2E1|PHTF2|CMPK1|DNAJA2|MTRR|PRELID3B|BMPR1A|UXS1|PRPF39|ELOVL5|LMBRD1|CITED2|CD47|GOLGA7|ITM2B|PDIA3|CCR10|IVNS1ABP|RAD21|CDC5L|TRIM16|DSTN|TRAM1|ISCA1|SLC39A8|IL1R1|GGT1|SLC30A5|DEGS1|N4BP2L2|KCMF1|SUMO2|KIAA0040|AQP3|CCDC47|SEC31A|YWHAB|RPL39L|TPMT|YIPF5|PKP4|CRTAP|G3BP1|CCND2
GSE26030_UNSTIM_VS_RESTIM_TH1_DAY5_POST_POLARIZATION_UP	0.00149925037481259	0.0483568871229435	0.380466833284955	1.4456217586621	4	189	PITPNC1|CD83|SP8|GPR137B|PGAP1|C2CD5|AGO4|FOXO1|KCTD12|DNAAF9|SMARCA1|DNAJC28|EIF2AK3|STT3B|DNASE1L1|STRADB|SNX33|ERI2|RAB3A|KDM7A|C8orf58|XPR1|TAF9B|PIK3CA|LANCL1|AP1S2|CRYBG3|RAB23|AAK1|TSPAN13|ADD3|FNTA|ATP1B1|SLC19A2|SLC38A2|PEAR1|RAP2A|PJA2|PLPP3|MTSS1|GJC1|RNF144A|CEP97|LRRC8C|ZDHHC20|RTN3|PYGL|CNKSR3|ZMAT3|MAPRE2|ADAM10|SLC36A4|MEGF9|ANXA5|CMAS|RB1|SNAPC5|SMPDL3A|GALNT1|SEC62|S100PBP|MFSD6|GTDC1|RAB31
GSE28237_FOLLICULAR_VS_EARLY_GC_BCELL_DN	0.00150421179302046	0.0483568871229435	0.388033866305303	1.46480622393775	4	182	CD44|CCNE2|ENOPH1|ZFPM2|SFT2D2|PDE3B|RSL24D1|NBN|NCOA4|PBK|RBMXL1|KIF20B|ZWILCH|NUP107|ZRANB3|ECT2|SDCBP|UBASH3A|RELN|BCAS2|KPNA2|ATP1B3|AP3S1|TCP1|AGPS|DYNLT2|TNKS2|COPZ2|OTUB2|NOP58|PGM2|FXR1|NUP205|SLC25A14|DNAJA2|NSA2|CASP3|RPS3A|COPS4|HSPD1|SEPTIN7|ATP2A2|KIF14|IPP|API5|MTMR2|TCERG1|NGLY1|PRR11|VAMP3|AGPAT5|ARCN1|CDC5L|ZFAND5|AK3|ACACA|ECHDC1|ATP5PB|DDX21|PCLAF|FABP5|SUCLG2|ATL2|FZD5|NUP50|PABPC1|TOP2B|PSAT1|MRPS9|HMGB2|RPS6KB1|YWHAB|ASPM|INTS9|PTPN11|SS18L1|EEF1AKMT2|CDC6|CEP55|RRAGC|CENPA|RABGGTB|RGS10|SSR3|UBR7|CHEK1|CDC16|CUL1
GSE37532_TREG_VS_TCONV_PPARG_KO_CD4_TCELL_FROM_VISCERAL_ADIPOSE_TISSUE_DN	0.00150738619234248	0.0483568871229435	0.378582744909231	1.43627133960154	4	188	AKTIP|ARRDC3|SERINC5|PGAP1|CCNG2|RGS2|DNAAF9|HERC3|EIF2AK3|TTPAL|STT3B|RRM2B|DNAH8|GNB4|TP53INP1|KLHL24|DHX40|OTUD1|B3GNT5|C8orf58|CLK4|RCHY1|C5orf34|AP1S2|DUSP22|RFX5|C17orf58|CRLF3|SYPL1|ETNK1|TMEM30A|MKRN1|ADD3|PRIMPOL|CLK1|RELN|INTS6L|FAM13B|IDH1|IFIT1|ICOSLG|CR2|ATP8A1|DAZAP2|BACH2|PCMTD1|TCEANC2|CARD6|RABGAP1L|PDE7A|HPS5|PIK3CG|LMBRD1|ATAD1|ZNF217|MON1B|KIAA1191|BRWD1|MBD4|TMEM181|BAIAP2L1|TRAM1|BTG1|DCAF12|PNRC1|SH3GLB1|ZC3H7A|CDS2|SLC30A5|TP53INP2|ZUP1|ATOSA|MBD2|HEXB|MINDY2|CWC27
GSE3982_MAC_VS_BCELL_UP	0.00150060024009604	0.0483568871229435	0.383153018747549	1.4431049933473	4	179	DPYSL2|GPD1|CD83|PRKCH|LUZP4|PPP2R3A|SLC22A4|CREBL2|ABCC3|TMEM53|TMEM51|TOP2A|NCOA4|MLF1|AFF4|DLC1|GCNT2|CYP27B1|PROCR|SCCPDH|GABBR2|KPNA2|RAB11A|MTCH2|ITPRID2|NEIL3|IDH1|OCRL|HNRNPH2|SCARF1|KCNS3|TLN2|WWTR1|CHN2|SYTL2|HS3ST2|GALNS|MYO6|SKAP2|ERO1A|SQOR|PAPSS1|RBPJ|RHEB|CTNS|TMEM70|TCP11L1
GSE6259_BCELL_VS_CD8_TCELL_DN	0.00150421179302046	0.0483568871229435	0.387420075037488	1.46248919610238	4	182	MEIS1|ST8SIA4|CCZ1B|AKAP5|ZNF367|LONRF1|ADAMTS3|MBNL2|ZNF30|TP53INP1|G2E3|AMMECR1|RFX5|CCNA2|CRLF3|PRPH|WDR26|NLK|NDC80|PICALM|SLC38A2|HECA|TANC1|SLCO4C1|AUH|SLC25A36|CENPU|SLC20A1|PCMTD1|CIR1|TIMM23|BCL2|TSNAX|PHLPP2|AHCTF1|WIPI1|CASP3|FZD4|MYB|MAPRE2|VRK1|PPM1K|NPAT|PIK3CG|SEPHS1|EEIG2|C2orf88|TMED8|NEK2|CTNNB1|MAPK14|UPF2|TAF4B|BMP2K|PSIP1|TMT1A|SYF2|STK4|FDFT1|PRKCQ-AS1|BTG1|BCCIP|IDI1|PNPLA8|RMI2|VMA21|CCDC28A|TBC1D15|CARD8|POLR1F|ATOSA|BRD10|FOSL2|FOXO4
GSE9006_HEALTHY_VS_TYPE_1_DIABETES_PBMC_AT_DX_UP	0.00150784077201448	0.0483568871229435	0.38431080269485	1.45646240632257	4	187	MYL9|ZNF185|IL12RB2|CRYL1|COPS2|UQCRB|NCOA2|PTER|EIF3E|ALOX12|UCHL3|ZNF277|PTGS1|CTSK|KIF11|AP1S2|MT1X|SMAD2|GDI2|PSMA1|MXI1|OLA1|PROS1|RNF115|GMPS|MSH3|SNX4|CNOT7|EFHC2|P2RX7|ERVMER34-1|ZBTB16|NREP|MCTS1|ATP5F1C|SKAP2|TRIAP1|TDRD3|UGP2|TENT5A|C1orf54|PLPBP|ITGA2B|CELF2|DLG1|ENDOD1|CPNE3|PTP4A2|ZMAT3|TUBB1|ZNF91|S100A10|DNM1L|NDUFB5|CMC4|SEPTIN2|PSMA6|RO60|CLNS1A|MFAP3L|SUCLG1|SLC25A5|ABCB7|SFXN1|NACA|ASXL2|HTATIP2|TAX1BP1|STX8|SERTAD2|PFDN5|PABPC1|CAST|SUMO3|BTF3|KCMF1|KYAT3
GSE9601_UNTREATED_VS_NFKB_INHIBITOR_TREATED_HCMV_INF_MONOCYTE_DN	0.00146498681511866	0.0483568871229435	0.39683166796408	1.47886386952821	4	165	PUS10|MBNL2|CAMSAP2|PRMT9|EGLN3|RNF2|BLTP3B|TMEM106B|KLHL24|FAM107B|BCAP29|PHLDA1|DUSP22|PPIP5K2|LYPLA1|AAK1|DENND6A|MSH3|IBTK|OCRL|USP33|SLC25A36|DUSP10|AGL|GUF1|PCCA|JAK2|CRBN|EIF3C|LIN9|DCTN6|CTNND1|ITM2A|WDR11|EIF4G3|NEU3|MGA|LMBRD1|GBE1|SFMBT2|BIVM|NF1|CLIP1|TTC3|CHMP2B|ZMYM2|SPG11|CLOCK|GNL2|SEC62|MTIF2|GGCT|PEX2|CHCHD3|PTPN9|MBTD1|LRRCC1|ZBTB38|DHX33|NDFIP1|GFM1|HECTD2|ATXN3|CCDC47|DHX36|ZMYM4|SPRED2|MAP3K4|ECI2|PNRC2|NFXL1|TAF2|WDR41|PHKB|XRCC5
RODWELL_AGING_KIDNEY_UP	0.00147849462365591	0.0483568871229435	-0.360533038293861	-1.37335680030636	10	413	NFKBIZ|VWCE|TRBC2|TAGLN|IL17B|STS|RAB4B|ABRACL|TYROBP|OSMR|CD14|TYMP|SVEP1|STOML1|COL14A1|SPON2|RPL28|RAB34|SCN5A|AXL|PSMB9|CXCL1|TAP1|GASK1B|TPBG|SLC12A9|RPLP2|FLT3LG|IFITM1|PPP1R14A|LMF2|ADGRE5|IL4I1|COL1A1|GRN|HCST|SYNGR2|MICALL2|NICOL1|ARHGAP45|GPX8|CXCL16|AEBP1|CTHRC1|JAZF1|RIGI|WDR46|PALD1|RPL18|ZFAS1|THEMIS2|MCAM|RPL13A|STAB1|FAU|TIMP1|PLOD3|TBCB|EMP3|FDXR|SLFN11|PIGR|IGHA1|FAS|FZD3|DPP3|KRTCAP2|TBXAS1|MYDGF|AKNA|EHBP1L1|RRP12|STING1|ASNS|RPS10|SHISA5|GMFG|IL17RA|PSMB10|RPS2|MRAS|CARHSP1|RPL27|ARHGAP1|RGS19|RPL10|RAD54L|PPP1R18|TAPBP|SNHG12|VARS1|CYBC1|SYMPK|PGGHG|SAMD9L|MFGE8|LAMP1|COL1A2|NNMT|SSR4|TMC6|PARP12|CHPF2|IRF9|DPCD|LPCAT1|UBXN1|SOCS3
YANG_BREAST_CANCER_ESR1_LASER_DN	0.00144196106705119	0.0483568871229435	0.585357033510628	1.75898229528645	5	42	PRNP|BMAL2|PLD1|HDAC2|PPP1CB|FNDC3B|PALS2|HSPA14|IFRD1|BICD1|SNX3|FXR1|PRKD3|ANXA1|KIF14|TTLL4|ACAT2|UGT8|SEC63
HALLMARK_MYC_TARGETS_V1	0.00151975683890578	0.048486897717667	0.371789779672082	1.42314199691331	4	200	PSMC6|VBP1|PRPS2|HDAC2|RFC4|LDHA|EIF4G2|NPM1|CCNA2|ABCE1|PSMA1|PSMA4|PTGES3|YWHAQ|NCBP2|HPRT1|CBX3|IFRD1|KPNA2|AP3S1|TCP1|ORC2|MAD2L1|RAD23B|EIF4E|CNBP|SLC25A3|VDAC1|TYMS|UBE2E1|DDX18|SSB|COPS5|UBA2|TRA2B|SNRPB2|EIF2S1|PRDX3|CCT4|HSPD1|RRM1|CDK2|DHX15|EIF3J|RPL6|PSMA2|MYC|PSMA6|APEX1|CLNS1A|HNRNPA1|ETF1|NCBP1|RSL1D1|PCNA|SRSF1|GNL3|XPOT|PSMD14|SSBP1|DDX21|STARD7|BUB3|SRPK1|HNRNPA2B1|PABPC1|EIF1AX|KPNB1|RPS6|RPL22|GLO1|SNRPD1|VDAC3|PGK1|CANX
WP_GPCRS_OTHER	0.00152155536770921	0.048486897717667	-0.563648129110378	-1.68710219926558	8	54	GPR135|ACKR1|ADGRD1|CELSR3|OR2B6|GPR176|P2RY11|VN1R1|GNRHR|OR2A4|LTB4R2
BOSCO_EPITHELIAL_DIFFERENTIATION_MODULE	0.00154083204930663	0.0489457978194301	-0.591041600062543	-1.69292029039069	8	42	CLDN7|ECM1|A2ML1|NCCRP1|TMPRSS11B|KRT4|DENND2C|PTPN3|IGHA1|MUC1|EMP2
ZAK_PBMC_MRKAD5_HIV_1_GAG_POL_NEF_AGE_20_50YO_CORRELATED_WITH_CD8_T_CELL_RESPONSE_3DY_POSITIVE	0.00156412930135558	0.049529116488982	0.496007243674511	1.66241294562777	5	79	MIER3|KIN|ESF1|TRPM7|ZNF518A|RAMAC|ZNF845|SLC25A40|DENND4C|SH2D1B|THAP9-AS1|COP1|GCC2|PCNP|ANKRD10-IT1|SBDS|PIGK|GOLGA4|ZNF654|ZNF507|PCGF5|KDM3A|ANKRD12|CTDSPL2|GOLM2|ZNF721|SLC30A9|ESCO1|ZNF510|FBXO11|KIF2A|LMAN1|CDK8|ZNF765|ATOSA|CEBPZOS|MAP4K5|FYTTD1|RASA2|KTN1|HAUS6|HNRNPA3|ZNF484
KEGG_TASTE_TRANSDUCTION	0.00159376660173543	0.0501511885524147	-0.700452929145137	-1.78643619647883	8	24	TAS2R20|GNB3|TAS2R5|CACNA1A|TAS2R14|ITPR3|PRKACB|PDE1A
NOURUZI_NEPC_ASCL1_TARGETS	0.00159235668789809	0.0501511885524147	-0.486092396745178	-1.59747712847008	9	100	ANO9|ELOVL3|KISS1R|NUP210|LINC01134|B3GNT8|SLC35F3|TMEM63A|SLC45A4|ARHGAP4|RIMS2|PLXNA2|MUC5B|LINC02870|PRSS38|KASH5|SMPD3|PNMA3|HRC|ATP2A3|MBOAT1|ELFN1-AS1
REACTOME_STIMULI_SENSING_CHANNELS	0.00160642570281125	0.0503915662650602	-0.503652246396622	-1.62457770005326	9	86	TRPM2|ANO9|TSC22D3|TRPA1|ANO8|ASIC3|TRPV2|TRPM4|CLCN2|ANO3|CASQ2|UBA52|CLCN7|TTYH2|TPCN1|UBB|TRPC3|TRPM1|TRPC1|CLCN6|TRPC4AP|SGK1|MCOLN1|OSTM1|WNK4
GSE40274_SATB1_VS_FOXP3_AND_SATB1_TRANSDUCED_ACTIVATED_CD4_TCELL_DN	0.00161812297734628	0.0506003689925294	0.448430964625175	1.55565589296151	5	98	TMTC3|SGO2|CCL2|ZBTB41|SLC25A46|CNIH1|MME|CDCA7|ABCE1|SMC2|PDS5A|POLA1|SKIL|INTS8|LMO7|NEIL3|EFHC2|TRIM2|CHIC1|MAP3K19|PPIL4|IFT57|ERO1A|DONSON|ZCCHC7|CPNE3|RNPC3|MRPS30|SCLT1|MEGF9|TRIT1|PPP3R1|BIRC2|STX7|FAM78B|TMX1
LIU_SOX4_TARGETS_UP	0.00165198237885463	0.0514987550277725	0.423835630473667	1.51803455162698	5	121	ELK3|MLYCD|SLC33A1|BMPR2|IL10RB|RRM2B|HSDL2|LTN1|LITATS1|KLHL24|FAM107B|TMEM143|NCOA4|PPP1CB|NSUN3|TSC22D2|PDS5A|PDE8A|RP2|USP31|PLPP3|RBKS|IL6R|WWTR1|FUT8|HBEGF|VRK2|DDX18|CD24|PRDX6|ADAM10|TUT4|CLUAP1|ATR|PRDM2|FYCO1|AGO1|PPP2R1B|MORF4L1|RYK|RB1CC1|GABARAPL1|ZFAND6|BRAP|ZNF318|ZNF281
GSE27670_BLIMP1_VS_LMP1_TRANSDUCED_GC_BCELL_UP	0.00165912518853695	0.0515612961069162	-0.420152269398653	-1.4791972611541	10	175	MATN1|FES|TEP1|POU2F2|TYROBP|ADGRG3|HLX|AXL|TLR6|SLC52A2|GRN|SLC3A2|PNMT|ETFB|HYOU1|TSPAN4|ICAM5|APOC1|POR|GPRASP1|CD48|SLC7A7|PPFIA4|IFI27L2|TOM1|COL6A3|STAB1|STARD3|PLOD3|HMGCL|CXADR|SCARB1|PSAP|ITGB5|KLC2|RAI1|SHISA5|STXBP2|FBXW4|HPCAL1|PLD2|ZBTB7B|GNS|CYBC1|PCK2|TPRA1|DCPS|ZNFX1|ACP2|ADISSP|CTSH|ELP5|DNMT3A|GNA12|GSTK1|AP1G2|PLEKHO1|EIF4A1
DELACROIX_RARG_BOUND_MEF	0.00167808698084184	0.0519896207212667	-0.375610598677514	-1.40382039067563	11	327	TNS2|TPM2|AOC2|MAPK13|ITGBL1|RHOBTB2|CTBP2|PLA2G6|ARSA|TIMP3|PHYHD1|PDLIM2|RNF5|SPSB2|GDF15|GDPD5|NDUFB8|METRN|EREG|COL1A1|REX1BD|RUFY1|HOOK2|SYNE3|BSG|SCAF1|SMAD6|TCIRG1|SUN2|ABCB8|AEBP1|TGFB3|PDLIM7|CCND1|PCOLCE|TCP11L2|CDKN2D|RPL13A|RHOF|NDUFS8|NR1D1|EFNA1|CA12|PRSS30P|GRIK5|TSPAN9|LCTL|G6PD|TIRAP|AMPD2|LTBP3|CALR|GPR146|DMPK|INPPL1|DNAJC17|DUSP4|H2BC5|CTSD|DGAT1|RFX1|DHRS3|STK11|JUNB|PITX1|TCTN1|SGK1|SIRT6|RILPL2|CEBPB|NBL1|PARP3|RAB30|JRK|PIDD1|CTTN|TGIF2|PDLIM4|WNK4|CLCF1|CNIH4|INF2|TRAF3IP2|STUB1|RRP1|SPATA33|CKB|RILP|MAST2|TYK2|LTBP1|VEGFA|DUSP14|SPTBN1|PIGT|PTTG1IP|ST3GAL3|UCK1|SLC39A13
IVANOVA_HEMATOPOIESIS_MATURE_CELL	0.00169491525423729	0.0523494132985658	0.350284210716865	1.38312650669994	4	278	DCK|SERINC5|PAQR9|SGO2|TBCEL|SCRN3|ATG4A|RFFL|SLC30A10|USP25|SLC25A44|TMCC1|STRADB|ST3GAL5|UBLCP1|LAMP2|ETFRF1|HEMGN|G2E3|HACE1|KDM7A|NAAA|BNIP3L|CPD|MACIR|PI4K2B|C3orf62|MTHFD2|CCNA2|HYCC1|AAK1|MXI1|MKRN1|ADIPOR1|GYPA|LRRC28|CCP110|SDCBP|RAB6A|WDR26|SLK|PICALM|TAPT1|XPO7|INTS6L|EPS15|COPS3|GTF2A1|ABCA13|MTSS1|C1S|OTUB2|ATP8A1|SLC40A1|C1GALT1|EIF5A2|CIR1|SPDL1|SNX13|ACSL1|WIPI1|BMPR1A|ENDOD1|TLCD4|CYBB|PPP3R1|CMAS|SACM1L|HECTD1|MFSD14B|TMX1|SUPT4H1|SERTAD3|CDKN3|PLBD1|BMP2K|PLCB1|CHP1|NIPA2|TRIM59|HTATIP2|STX17|STMP1|TRAK2|SYNJ1|TFDP2|SERTAD2|RIOK3|DEDD2|CAST|DEGS1|CDK8|MPP1|RHAG|GUCD1|MINDY2|NR3C1|MAP4K5|TCEA1|CPEB4|PIK3CB|AMPD3|NUDT4|HSPA4L|LRG1
WELCSH_BRCA1_TARGETS_DN	0.00170833980431744	0.0526021931157622	-0.444195188936768	-1.52401165268584	10	140	PIEZO1|P2RX4|SLC29A1|H4C3|MOGS|SMAD6|PDCD11|SLC19A1|SCRIB|SLC6A8|CCND1|CHD4|PPM1F|HCFC1|NME3|GAL|NSDHL|DDT|POLD1|PMPCA|SCAP|SRM|NAA80|CAD|SLC1A5|FGFR3|RASSF7|TRAP1|ALG3|BOP1|MLEC|AGPAT2|POLG|FASN|AP3D1|CCDC85B|CLTA|SMARCA4|LMNB2|POLRMT|SNRNP70|MCM2|NUP188|SAFB|CYC1|HSPA1B|BRD2|TAF1C|MRPS12|SEC24C|DHCR24|UBL4A|SLC39A7|EIF3B|BYSL|ANXA11|HK1|SF3B2|RXRA|EZR|CDC37|RABEPK|DDX11|TCOF1|EMG1
GSE38697_LIGHT_ZONE_VS_DARK_ZONE_BCELL_UP	0.00174978127734033	0.0537134693025757	0.395149914896663	1.47161401056766	5	163	AIM2|ST8SIA4|SLC35A3|SLAMF6|CD69|CATSPER2|AGA|MFSD14A|SOCS6|LRRC27|SLC25A46|ALG13|EIF4G2|TAB2|AP1S2|CD80|LZTFL1|DDHD2|DAPK2|ARHGAP27|SLC25A21|AP3S1|OCRL|NUSAP1|RAD9B|EGR2|AUH|MRPS31|ASNSD1|OSGIN2|LIN9|PSMG2|TRMT11|TSNAX|NUBPL|B3GNT2|CD24|ACTR10|RABGAP1L|FAR1|MOB1B|DNAJB9|C1D|SCLT1|NPAT|RCOR3|CR1L|CTDSPL2|PMPCB|ANAPC10|MPHOSPH10|NSMAF|SGMS1|SEPTIN8|RIPK1|E2F5|ZC3H8|RAB10|DHX33|STAMBP|PKNOX1|GDAP2|DST|SLC37A3|NAA35
GSE13547_WT_VS_ZFX_KO_BCELL_DN	0.00175592625109745	0.0537377674040129	0.391734085341336	1.46310078991629	5	167	FOSB|BATF|AIF1|CD44|IL12RB2|SCRN3|HAT1|LAMP2|ADPRH|DERA|PHLDA1|KIF11|LDHA|PRIM1|PPP1CC|TXNL1|PSMA1|SYPL1|UBE2N|HPRT1|GINS1|RAP2A|NCALD|MAD2L1|SAR1B|SYTL3|SLAMF7|BEX3|ATP5F1C|TCEAL9|COPS5|ZDHHC2|MED7|CLIC4|CD24|SNRPB2|BUB1|UXS1|COPS4|KIF15|MIS18BP1|HMGN3|PSMA6|STMN1|CWC15|ANXA1|DSCC1|RBBP8|RPA2|SMPDL3B|GGH|CEP57|PRR11|MPHOSPH6|OSBPL3|RYK|GABARAPL1|DSTN|GYG1
GSE45365_WT_VS_IFNAR_KO_CD11B_DC_DN	0.00176522506619594	0.0538581435090421	0.392511240667717	1.46393233677107	5	166	FSD1L|NKIRAS1|SLC49A4|DDIAS|INSIG2|SFT2D2|NEDD4|BLTP3B|TEX15|PLD1|RBM11|DLC1|RCHY1|PEAK1|MAPK6|ZFYVE16|CIBAR1|MFAP3|OAT|OCRL|HSD17B11|AP3B2|MRLN|KIF27|SQOR|ACER3|PIK3C3|STAU2|ARL5B|VRK2|HBS1L|AGGF1|VIPAS39|LMBRD2|DRAM1|PIK3CG|KIF14|SMPDL3A|CDKN3|ETF1|CAPZB|INTS6|RAB1A|CHP1|TIPARP|CENPE|SYNJ1|CCNB2|C1GALT1C1|IFT20|MAPRE1|VIM|SPTLC1|HSBP1|MINDY2|XRN1|KIF23|CCDC93|ASPM|PRKCD|BRCA1|GSKIP|LINC00470|WDR41|CEP55|GAPDH
GSE21360_NAIVE_VS_QUATERNARY_MEMORY_CD8_TCELL_DN	0.00179265013444876	0.0541592648195433	0.37649788061187	1.43312817756497	5	191	SAMD9|STAP1|CD69|MORC1|IFIH1|C3orf52|MX2|DHX58|ESF1|POGLUT1|NCOA3|CNOT8|HIF1A|NBN|BCAP29|LGALS8|RSRC2|DUSP22|NSUN3|ETV3|PALS2|YIPF6|SNAPC1|RBM41|ODR4|IFIT3|HOMER1|RSAD2|IFIT1|SLC22A2|KCTD14|IFIT5|PRRC1|CDC14B|INTS12|TENT5A|DDX18|UBE2W|B3GNT2|IFI6|EIF2S1|ZCCHC10|GDAP1|NIP7|MOB1A|MIS18BP1|FBXO28|TRAFD1|PSMA6|ELOVL6|CHMP5|MTF2|MAK16|GTF2B|NGLY1|NMI|PLSCR1|RBM22|ZNF148|TIMM17A|ZNF195|PSMD11|BZW2|CDC73|MYCBP2|LNPEP|RIPK1|FCHSD2|ZZZ3|H2AC6|DENND1B|EIF2AK2|CUL4A|MAIP1|FAM98A|CRK
GSE24634_TEFF_VS_TCONV_DAY5_IN_CULTURE_DN	0.00179452669358457	0.0541592648195433	-0.413676098631822	-1.46166545781039	11	178	UBL3|ZNF331|FAM171A1|TRAPPC6A|IRF7|SEC31B|RPL28|ABCA7|PRKCZ|ACAP1|C2orf42|NAT9|SERF2|MAN1B1|SNHG32|IFITM2|SPSB3|SFI1|ITGAX|CYBA|SPINT2|NME3|PGS1|FBXL15|MAGED2|MAD1L1|GBP2|RNH1|ZC3H12A|ICAM2|IL16|IL17RA|PHF11|PPARD|SLC35D2|PARP3|VPS52|TAPBP|TSC22D1|CRELD1|ZMYND11|ENGASE|VPS8|OAS3|KLF13|REPIN1|R3HDM2|POLM|MOAP1|PRKRIP1|RPS5|SURF1|MAN2B2|PILRB|MAST3|SMAGP|SLC25A28|SRSF5|USP11
GSE46606_IRF4HIGH_VS_WT_CD40L_IL2_IL5_DAY3_STIMULATED_BCELL_UP	0.00179265013444876	0.0541592648195433	0.37199352115761	1.41598246496418	5	191	TCEAL1|SLC35A3|CD83|MLYCD|BCAR3|GNA13|BMPR2|PANK3|PDIK1L|HACD2|ANKRD49|EIF3E|CCRL2|ZNF608|BPNT2|TBCA|UCHL3|KIF11|NFYA|PPP6C|MOB4|NDFIP2|SEH1L|PPM1A|TSPAN13|PRKAR1A|RTN4|CAPN2|NAA15|ZRANB3|ECT2|SLK|ATXN10|STYX|PJA2|CA3|MTSS1|DSEL|GPNMB|BEX3|PLXNC1|LARP7|PRRC1|TCEAL9|ZNF449|CMPK1|DNAJA2|MED7|KDM3A|FAR1|COX7A2L|LMBRD1|RPL7|PEX5|RPL4|UBQLN1|SERINC1|GTF2B|C6orf62|GNL2|EFR3A|SEC62|PRDM2|SGMS1|YWHAH|AMFR
GSE5503_LIVER_DC_VS_PLN_DC_ACTIVATED_ALLOGENIC_TCELL_UP	0.00179667614912412	0.0541592648195433	-0.4118138398999	-1.45931080712185	11	184	PBX4|GKAP1|RAB38|UQCR11|ARHGAP33|PDLIM2|ATAT1|HLA-DOB|RPS29|SCRN2|RABAC1|REX1BD|COMMD4|APOE|SGSH|GGN|MAP1LC3A|GBA2|NRM|COMT|JAG2|AKAP8L|TMUB1|BATF2|PHKG1|TBXAS1|MAP4K1|LZTS2|NAPRT|DUSP4|SLC12A7|ICAM2|CTSD|TONSL|RFC2|LARGE2|PLK3|F2R|TRPC4AP|CERS4|MRPS21|PLD2|AGPAT2|CNPY3|CEL|TSSC4|HMG20B|TFR2|RGS12|PGGHG|NFE2|CHERP|EHMT2|ZNF23|RRP1|SOCS3|DEXI|ABCA2|BRD2|ARMC7|KDM6B|PRAF2|TLN1|SMAGP|PSENEN|POLE3|AAAS|RHBDD2
GSE11961_FOLLICULAR_BCELL_VS_MEMORY_BCELL_DAY7_DN	0.00180886343081097	0.0542011078163599	0.377418471934608	1.43185430811395	5	188	AJUBA|SLC35A3|SLC10A7|PARPBP|FCGR2B|NUS1|SESTD1|STT3B|PDIK1L|CD164|ANKRD49|VBP1|ABCC4|ENTPD7|PAIP2|DOCK7|C5orf34|RIMOC1|C3orf62|ERI1|OPA1|STARD3NL|FCRLA|INTS6L|NUP160|SLC22A15|KCNK15|STRA6|C5orf22|EIF4E|DLAT|APPBP2|GNG10|PRKCI|FASTKD3|KLHDC2|PAPSS1|PHTF2|EXOC6|TRMT11|ZNF292|ANKRD46|SNX25|DLG1|CASD1|CHD9|PRDX3|FAR1|C10orf88|RPRD1A|BRAF|PAK1IP1|CTDSPL2|ORC3|OTUD6B|PPP2R5C|RAB14|ABCB7|GNL2|ZWINT
GSE41867_DAY15_EFFECTOR_VS_DAY30_EXHAUSTED_CD8_TCELL_LCMV_CLONE13_DN	0.00180777342573064	0.0542011078163599	0.37224525808576	1.42262005276987	5	196	NUS1|PDK1|LEMD3|LURAP1|EIF2AK3|NCOA3|PTER|ARID5B|STRAP|WDR75|GNAQ|RNF138|UCHL3|MOB3B|YES1|NOL11|ST8SIA6|MAPK6|RINT1|STT3A|LIPT1|PUS3|HIBCH|NUP35|TMED2|NAE1|RMND5A|PIAS2|DYM|GPRASP3|EIF4E|LARP7|ZDHHC20|GTF2E1|AASDHPPT|PDE7A|SEC24A|ADNP|MAPRE2|ZNF566|C18orf54|PWWP2A|GABPA|ZBTB25|TMEM126B|MFSD14B|MKLN1|MAK16|CLPX|ATP13A3|OTUD6B|TCERG1|ETF1|GNL2|IPO11|MTIF2|WEE1|CDC5L|INTS6|ALKBH8|RBM48|HACD1|KLHL7|ECHDC1|LATS1|USP16|RPAP2|TNFSF9|CDS2|TRMT6|ORMDL1|POLR1F|TOP2B|ZNF347|WDR43|SRFBP1|PPP2R5A|RAD17|DCUN1D5|OXR1|HAUS6|MTFR1
GSE28726_NAIVE_VS_ACTIVATED_NKTCELL_UP	0.00182094081942337	0.0543471091952722	-0.417430148138963	-1.46362560885826	11	170	TPM2|STX11|TSC22D3|PYGM|PIEZO1|LILRA2|TCAP|TPBG|MAPK11|GDPD5|HLA-DOB|UBA7|ETHE1|SUN2|PDLIM3|UCHL1|GUCY2F|RECQL5|PIK3IP1|THEMIS2|DGCR2|NRTN|NME3|RBM38|ATP2A3|ESR1|H4C2|ARSL|MAP4K1|CCDC57|IKBKG|ACSBG1|USP19|MED24|HPGD|DGKA|MAP4K2|GRHPR|ERICH1|JUNB|PPARD|SGK1|NTHL1|RBFOX2|ACAA1|PER1|ID1|ACVR2B|GSTP1|MDK|SLC25A42
MEBARKI_HCC_PROGENITOR_WNT_DN	0.00182997837298286	0.0543471091952722	-0.532149920092072	-1.65140004738433	10	67	A1BG|RAB26|BCO2|DHDH|S100P|FGD3|SOD2-OT1|KCNK5|TMEM116|KRT4|TMEM8B|ID2-AS1|SLC6A16|SPTB|STOX1|ACACB|NUDT8|JRK|PAIP2B
PEREZ_TP63_TARGETS	0.00182738262580827	0.0543471091952722	-0.376939421372802	-1.40209444985696	12	304	IGF1R|ERFE|HSPA6|COL18A1|SMAD7|TSC22D3|VASN|SEMA4D|IRX5|DGAT2|GKAP1|KISS1R|PAK6|CNNM4|PYCARD-AS1|CELF3|KHDRBS3|WHRN|ACAP1|COL1A1|EPPK1|CLDN6|TMEM63A|RTN4R|UNC5B|NXF1|SMAD6|MICALL2|ZKSCAN2|CD101|ARHGEF17|TSHZ3|CRISPLD2|CRYBA2|RASGRP1|HS6ST1|HSPB1|THEMIS2|PGF|KSR1|ARHGAP26|RBM38|CASZ1|NOTCH3|FOLR2|MX1|CRAMP1|NLRP1|GNA11|GPATCH2L|MROH6|HIC2|ZNRF3|KMT5C|DHRS3|RAB11FIP3|DPF1|RHOB|CDC42EP4|ULBP1|RAB11FIP4|RPP25|GRTP1|PCYT2|ID2|NRARP|WNT5B|SASH1|KLHL21|HSPA1A|NIBAN1|KCNH2|SOCS3|CKB|CDKN1C|ULK1
BURTON_ADIPOGENESIS_12	0.00187046995557634	0.0550013584133732	0.633948377291504	1.7849400771026	7	31	BPNT2|FAM76B|PTBP3|CIP2A|SP3|GTF2A1|MYEF2|CASP8AP2|UBE2V2|EMC2|IREB2|BUB1|CAPN7|TMEM68|ZNF638|KIF2A|SRSF10|DNAJC3|NIPBL
GSE34156_TLR1_TLR2_LIGAND_VS_NOD2_AND_TLR1_TLR2_LIGAND_6H_TREATED_MONOCYTE_DN	0.00186104218362283	0.0550013584133732	-0.437312991631301	-1.50198366334325	11	141	VWCE|MC1R|ATRN|PLLP|MT2A|TSSK3|PBXIP1|LINC01089|MIR503HG|PNMT|ACAP3|MICAL3|OSBPL5|RELL2|SMG1P2|DCHS1|TPH1|TTYH2|PM20D2|IGHA1|EPHX3|THAP7|ADAM15|GAK|FGFR3|DECR2|TSEN34|DNAH3|B4GALT2|NISCH|METTL26|NEMP2|MAP1S|NCAPD3|KDM8|PLEKHM2|GAS6|CLEC16A|KIF2C|ILVBL|PTPA|SLC9A3-AS1|SELENOO|AKR7A2|C15orf61|PRAME
GSE41867_DAY8_VS_DAY15_LCMV_ARMSTRONG_EFFECTOR_CD8_TCELL_UP	0.00187822820472687	0.0550013584133732	-0.450855782560647	-1.53462226607939	11	131	VWCE|OGDHL|AMH|TOB1-AS1|NHLH1|ANO8|MAPK11|LINC00173|RNF207|MESP1|ABCA17P|DNAAF1|CT45A5|TIGD4|CEACAM19|ZSCAN20|SLC27A6|EFNA1|KLF14|DZANK1|KLHL4|H1-7|RUSC1-AS1|SPINDOC|ADGRB3|LRRC61|F2R|IL23A|ITFG2|PARP3
HUTTMANN_B_CLL_POOR_SURVIVAL_UP	0.00187158076590844	0.0550013584133732	-0.393147185135735	-1.43550840258367	12	248	GAA|IGF1R|LAG3|TBC1D1|PAK1|TYROBP|RCAN3|IRF7|ITGA4|TIMP3|XAB2|PBXIP1|CHST12|ARID5A|ACAP1|GRN|COMMD4|LAMA5|C1orf159|COPE|LDOC1|ROGDI|MAN1B1|AEBP1|KLK2|PPP2R2B|RRBP1|PRKCSH|THEMIS2|ZNRD2|DCAF15|MED15|HGS|TIMP1|RHOT2|CABIN1|ATP2A3|NCAN|NRG1|MX1|RFNG|MAD1L1|SLC16A3|TSPO|EHBP1L1|RNH1|MYO9B|PRF1|IL16|STXBP2|HPCAL1|IGSF3|DIAPH1|RHOB|CDK11B|CDK10|TNFRSF1B|MAPKAPK2|DAPK3|GRINA|FZR1|ANKRD55|ARHGEF1|MEF2D|SF3A2|MGAT4B|OGFR|CAPG|MAN2C1|NEU1|ATP5F1D|GUSBP11|DUSP5|POLM|NUMA1|PSD4|SNRNP70|TMEM259|ZBTB48|MRPL4|CPT1A|PXN|CLCN5|RFXANK|VAMP2|CDKN1A|SERPINF1
NIKOLSKY_BREAST_CANCER_11Q12_Q14_AMPLICON	0.00187940485512921	0.0550013584133732	-0.448010579585318	-1.52157210805129	11	128	VWCE|PAK1|WNT11|DGAT2|TMEM134|GDPD5|CCS|SERPINH1|CARNS1|SYT7|DAGLA|B3GNT6|USP35|CCND1|AQP11|SLC29A2|TMEM109|GAL|DPP3|ZDHHC24|YIF1A|KLC2|CDK2AP2|RIN1|NUDT8|TSKU|ANKRD13D|SDHAF2|DHCR7|AAMDC|NDUFC2|CTTN|GSTP1|CLCF1|INTS4|LRFN4|OR2AT4|RPS6KB2|PITPNM1|PPME1|MRPL21|CPT1A
GSE25502_WT_VS_KLF13_KO_THYMIC_MEMORY_LIKE_CD8_TCELL_DN	0.00188649583398837	0.0550483871557419	-0.447561741674877	-1.51755205275047	11	127	SRGAP3|RHPN1|DYSF|CFAP45|BTN2A3P|KCNH4|ZBTB46|APBA3|SPSB3|ABHD17A|MYPN|VSIG4|TSC22D1-AS1|SLC19A1|PALD1|CYP2S1|ZMYND10|STXBP5-AS1|SMIM11|TMEM232|KLK8|BRSK1|AMHR2|RAI1|CPNE7|NACC2
CHEN_HOXA5_TARGETS_9HR_UP	0.00190355329949239	0.055385124696535	0.367743871482233	1.41868514808841	5	220	FOSB|FEM1C|CXCL8|SNX16|ZNF14|ZNF165|ZNF20|TBX3|ZNF107|KIN|ZNF227|NCOA3|KIF18A|ALG13|ARIH1|ZNF44|KLF10|EGR1|PTPN2|ZNF184|CLK4|RCHY1|RSRC2|MARCHF7|DCLRE1C|ZNF468|NEMF|TSC22D2|ZNF274|PPP1R12A|CLK1|THAP9-AS1|IFRD1|FAM13B|DMTF1|ODR4|BDKRB1|TPTE|CAB39|CDK17|PELI1|PPIG|WAC|CNOT2|TAF1A|ZNF451|CRY1|CASP3|CHD9|ZCCHC10|KDM3A|SEC24A|RLF|ADNP|BACH1|AKIRIN1|NEK1|CCNT2|BIRC2|PPWD1|LINS1|POLR3F|INTS6|CEP76|ZNF195|AVL9|TIPARP|GABARAPL1|RIPK2|ZNF136|SREK1|ZZZ3|ATF3|AKAP10|MCL1|MAFF|NUP58|SFPQ|MORC3|KRCC1|FOSL2
GSE40274_FOXP3_VS_FOXP3_AND_HELIOS_TRANSDUCED_ACTIVATED_CD4_TCELL_DN	0.0019262520638415	0.05588357866139	0.415990111446572	1.4956167189171	6	124	AIM2|SLAMF6|TRAPPC6B|KIN|KAT2B|REV3L|SOCS6|MME|KIF18A|VPS54|WDR75|KDM7A|ERBIN|RMDN1|RSRC2|AKAP11|RIF1|NAA15|TWF1|INTS6L|SKIL|MPHOSPH9|CNOT7|P2RX7|GPR183|GPRASP3|SCFD1|FOXP1|ANKRD28|PPIL4|SKAP2|FASTKD3|PCF11|ROCK1|NFE2L2|MTCP1|IL10RA|ZCCHC7|PRMT3|ZMYM5|MYB|MLLT11|HECTD1|CHD1|CLOCK|ARFGEF1|PRDM2|SMC4|PNPLA8|SMAD5|KBTBD3|HLCS|ZFP1|CPSF6|KCMF1|SLC6A19|SLC37A3|PPP4R3A|FBXO4
BLANCO_MELO_MERS_COV_INFECTION_MCR5_CELLS_DN	0.00194140487116131	0.0561365441184695	-0.6659420131396	-1.74406797263981	10	27	A1BG|PLAT|REX1BD|APOE|CFD|ZDHHC24|DDT|SLC39A4|H2BC12|ATP5F1D|CHCHD2
KEGG_MEDICUS_REFERENCE_TRANSLATION_INITIATION	0.00194615634122608	0.0561365441184695	-0.50767590553071	-1.61869627574775	11	79	RPS21|RPL28|RPS28|RPS20|RPLP2|RPS29|RPL23|UBA52|RPS9|RPL18|RPL13A|FAU|RPL38|RPS18|RPS15|RPS10|RPS16|RPS2|RPLP1|RPL27|RPS23|RPL10|RPL36|RPS27|RPL37A|RPSA|RPS11|RPS26|RPS12|RPL3|RPL35|RPL8|RPS5|RPL35A|RPS14|RPS17|RPL23A|RPL41|RPS13|RPL13|RPL27A
GSE37532_VISCERAL_ADIPOSE_TISSUE_VS_LN_DERIVED_TCONV_CD4_TCELL_DN	0.00199302441454908	0.0573237222729044	-0.526153400183274	-1.63018536682934	11	66	MESP2|ERFE|ELOVL3|KCNC4|TNFRSF21|AGBL2|CRYGS|PTPN3|SLC6A13|TSHZ2
GSE6269_FLU_VS_E_COLI_INF_PBMC_UP	0.00200246457178065	0.0574306839186691	-0.431328939061956	-1.49429170287859	12	153	POU2F2|IRF7|IFITM1|CHST12|H2BC17|UBA7|NBEAL2|ATP13A1|MOGS|IFITM2|IFI35|IFI16|HERC6|CXXC1|IRF3|LGALS3BP|COMT|DCAF15|KMT2B|PTK2B|SHFL|EMP3|TMEM255A|MX1|SH2B2|IFITM3|CALR|ISG15|MYO9B|TRABD|GAK|SLC4A2|CAPN15|AGRN|MLEC|SZT2|SZRD1|VPS39|AP3D1|OAS3|CMTR1|TMBIM6|PARP12|POLM|SUPT6H|SREBF2|GOLGA2|TYK2|NRBP1|DNAJC4|BRD2|EIF4G1|NBPF14|LARP1|TLN1|TKFC|USP11|ACIN1|ACTN4|TRIM14|PROSER1|UBA1|PDIA6
SENESE_HDAC3_TARGETS_UP	0.00202020202020202	0.0577743244409911	0.3189729828751	1.31129273286224	4	440	MIER3|ELK3|NXT2|RFX3|CXCL8|PRR4|ZNF41|LPXN|CD44|MEX3C|DEPP1|GNA13|TGFBR2|BMAL2|MMP14|PLEKHH2|FZD8|CCL2|TCN1|EXOC5|MBNL2|GNG12|DCBLD1|PLD1|ABCC4|KLHL24|CPEB2|FAM9B|KDM7A|AFF4|PTBP3|CUL4B|NFYA|RANBP2|HYCC1|NR4A2|CALB1|RBAK|RPAP3|TMEM30A|TMED2|ZNF644|SCYL2|NFAT5|STYX|UHMK1|ZNF92|HSPA4|RNF6|TRIB1|ITPRID2|CBFB|IFIT3|TNKS2|CDC27|IL32|SYTL5|LURAP1L|IFIT1|SPP1|IL24|PTX3|NREP|IGFBP5|SERPINE2|CMTM7|OTUB2|MYO6|CDK17|YWHAZ|CCDC148|USP53|FXR1|MBNL1|PCNX4|PHTF2|TGFBR1|WAC|AHCTF1|ZNF451|NAMPT|ANKRD46|ACTR2|PPFIBP1|SCAMP1|ZMAT3|PTPN12|DDX3X|BACH1|WSB1|AKIRIN1|ADAM10|HEATR1|RB1|DCP2|PAPOLA|NF1|CEP120|ZC3H11A|TPP1|MAN1A2|AKT1S1|GCNA|ATP13A3|ARHGAP5|PSME4|MAPK14|CEP170|KBTBD2|LEPR|OPN3|FBXW11|VAMP3|TEAD1|SPRED1|WEE1|SEPTIN11|ATP6V1A|ATP11B|GTDC1|STK4|PAPPA|TFRC|C16orf46|USP16|BTG1|OTUD4|MAP3K4-AS1|SAV1|E2F5|SKP2|CDK6|SNHG16|RAB35|ZBTB38|SMAD5|ASH1L|ATF3|TASOR2|SH3YL1|PGM2L1|BICD2|CD46|ORMDL1|PTPRR|MCL1|LMAN1|NUP58|DST|PPP4R3A|SMG7|CCDC88A|PPP3CA|PLAU|ZNF317|KYNU|TOP1|TBC1D4|STRN|CPEB4|SKIC3|TAOK1|NAP1L1|AGO2|RHOC|SLAIN2|SMG1|MICAL2|APH1A|BRCC3|SNAP23|MXRA7|SF3B1|SPRED2|PTPN11|PIP5K1A|TNFAIP3|PMAIP1|JMJD1C|TNIK|ARHGDIA|GLYR1|NFKB2|KLHL28|CCND2|IGF2BP3|IDS|GEMIN8|TPR|MT-ND4|GLS|DLGAP1-AS2|ERVK13-1|GRB10|MALAT1|UEVLD|DNAJC13
BHATTACHARYA_EMBRYONIC_STEM_CELL	0.00202839756592292	0.0578439055873133	0.501622848239467	1.66455028398564	7	73	ZNF257|ZNF43|CYP26A1|DTL|LIN28A|RSL24D1|HDAC2|CCT8|NPM1|MTHFD2|CCNB1|KPNA2|HSPA4|IDH1|CCNC|BRIX1|SFRP2|LDHB|DSG2|ARL5B|CDK1|SSB|SEPHS1|RPL6|PSMA2|RPL7|ELOVL6|MGST1|RPL4|RPS24|PSIP1|GNL3|DDX21|FABP5
GSE39820_TGFBETA1_VS_TGFBETA3_IN_IL6_TREATED_CD4_TCELL_UP	0.00208085612366231	0.0591717670519043	0.372197322124266	1.42199161564529	6	194	SNX16|KBTBD8|DCK|SERINC5|TGFBR2|CADM4|ARID2|SLC33A1|BMPR2|KAT2B|EXOC5|CAPZA1|STT3B|RNF139|SLC25A46|CAPZA2|MAP3K1|ERBIN|PPP1CC|MARCHF7|LYPLA1|UTP18|GDI2|LDLRAD3|NUP153|NAB1|C3orf38|ATXN10|STYX|CBFB|RTRAF|HOMER1|ACOT11|ATP6V1D|CDC14B|SLC20A1|YWHAZ|MFF|PAPSS1|IFT74|DDX5|SOAT1|ZNF451|FAM91A1|PARD6G|CPNE3|CASD1|RNPC3|FTO|FAR1|PTPN12|LSM14A|QKI|CLIP1|MAN1A2|MAPK9|ORC3|CTNNB1|FAM20B|ADO|PTPRA|SPRED1|DENND4A|XPOT|CHRAC1|ACAT2|CHORDC1|UBE4B|ARL6IP6|AMFR|ATF1|ITCH|ATXN7L1|HERC4|ATP11C|FCHSD2|YAF2|MAPRE1|CDS2|SH3YL1|BICD2|TRAPPC13
CHEBOTAEV_GR_TARGETS_DN	0.00211416490486258	0.0594453426190772	0.466746464745374	1.59968594081792	7	91	TSLP|MYL9|PPP2R3A|SMARCA1|C11orf65|DNAJC6|GPRASP2|SLC39A10|MME|FGGY|MOB3B|NEXN|STAG3|SVIP|TCEA3|FKBP10|C2|CHIC1|SYNE1|PTPN14|PLA2G4A|BCL2L15|MYEF2|IGFBP5|ATP8A1|SOX21
GSE21670_UNTREATED_VS_TGFB_TREATED_STAT3_KO_CD4_TCELL_UP	0.00211416490486258	0.0594453426190772	-0.415974156460768	-1.46286696938166	13	173	TGFB1I1|IL17B|STS|YJEFN3|IRF7|TCTN2|ELAPOR1|HDAC10|CARF|GON4L|UBL5|UBL7|RPL23|IFT140|SRCIN1|DSC3|TMEM80|TMEM44|TPCN1|ZNF446|NR1D1|KSR1|ST8SIA5|NCAN|TSC1|MACROD1|RPS18|LRSAM1|SLC39A4|SIX5|F2R|MYO18B|GNS|RPS23|ARHGAP6|RAB30|TSC22D1|AAMDC|LBX2|CTTN|TGIF2|RGS12|PGGHG|SPIRE2|NRIP3|SPATA2|CLN6|MINK1|ZNF786
GSE40274_LEF1_VS_FOXP3_AND_LEF1_TRANSDUCED_ACTIVATED_CD4_TCELL_UP	0.00210653024375564	0.0594453426190772	0.37942085240467	1.43527184648089	6	184	ELK3|MYO1F|LNX2|SLC35A3|GPR160|CD44|TSPAN32|CCNG2|LONRF1|CREBL2|MANSC1|ABCC3|DCLRE1A|RNF43|EGLN3|TMEM64|HNRNPLL|HIF1A|ADPRH|ZNF608|LRBA|PPM1B|PLCL1|METAP2|SC5D|RMND5A|FNTA|MRPS6|HOMER1|RECK|ACOT11|CD274|SYTL2|DNAI4|GPLD1|NFYB|DCAF17|TCEAL9|DONSON|IL10RA|ZDHHC2|NAMPT|CNKSR3|SSR1|CHD9|FAR1|SEC23A|CYP4V2|HACD3
ZWANG_EGF_INTERVAL_DN	0.00211002260738508	0.0594453426190772	-0.402594351094877	-1.43249285748952	13	195	MXD3|AKAP13|ARSA|TIMP3|CLDN7|PYCARD|SELENOM|RTKN|MINDY1|CPEB3|ACAP1|KRT12|CLN3|LAMA5|AATK|UNC5B|GIGYF1|SREBF1|ING4|CITED4|LINC01126|HFE|NDUFS7|URB1-AS1|SERPINE1|ZNF585A|NDUFS8|PHLDB1|JAG2|HIGD2A|CASZ1|NDUFAF3|CYB5D2|TMEM101|MAP3K12|ZC3H12A|EMP2|LARGE2|JUNB|RHOB|CDC42EP4|CEBPB|MADD|DAPK3|GRB7|PDLIM4|PLEKHH3|TLCD1|PNPO|NUDT2|HES1|HCFC1R1|JMY|NINJ1|ZBTB11-AS1|ABHD8|PIH1D2|LY6E|RPL10P3|IRF1|ANKRD11|ARMC7|TMEM179B
RODWELL_AGING_KIDNEY_NO_BLOOD_UP	0.00212217674700622	0.0595039390682916	-0.417523715834187	-1.4654267287689	13	171	NFKBIZ|TAGLN|STS|C3|OSMR|COL14A1|HOMER3|RAB34|SCN5A|AXL|TPBG|PPP1R14A|COL1A1|MICALL2|SERPINH1|GPX8|AEBP1|CTHRC1|KIRREL1|IFI27L2|ZFAS1|COL6A3|MCAM|STAB1|TIMP1|PLOD3|TBCB|B3GAT3|FHL1|PIGR|DPP3|MYDGF|ASNS|RPS10|MRAS|RPL27|ARHGAP1|RAD54L|VARS1|SYMPK|PGGHG|MFGE8|COL1A2|NNMT|SSR4|DPCD|SOCS3|RPL35|ITPR3
SENGUPTA_EBNA1_ANTICORRELATED	0.00215882806476484	0.0603629975323384	-0.43031642117668	-1.48530176305364	13	147	HPX|NHLH1|DNHD1|CYFIP2|ZFP42|CYLD|FAM13A-AS1|UVSSA|SLC39A3|PWWP2B|GDPD5|ZNF710|EPN2|SUN2|ARHGAP4|SREBF1|NSUN5|USP30-AS1|NAPSA|SMPD3|USP35|LRCH4|AURKAIP1|SPG7|STARD3|SHFL|ACTN2|LINC02481|KCNAB2|NAA80|SFXN3|PLK3|MSRA|PITX1|PPARD|SIDT2|PLEKHF1|PACSIN1|TP53I13|HSD17B1|ARHGEF1|SYMPK|TMEM102|R3HDM2|RRP1|GATA2|CCDC74A|CLEC2D|ZDHHC14|UBE2O|EFTUD2
MULLIGHAN_MLL_SIGNATURE_1_UP	0.00221760221760222	0.0616753496633222	-0.364854641697313	-1.37108603845723	15	350	DPEP2|FES|PCNX1|STS|RAB4B|PBX3|SLC22A18|MAPK13|PLXNB2|NAGK|CCPG1|HOMER3|SMPD1|NUP210|PYCARD|ABCA7|COX8A|LILRA2|LYST|ELMO3|NDUFB8|GRN|COMMD4|CLN3|SYNGR2|MFSD13A|PLOD1|ITGA7|DNPH1|SAC3D1|ARHGAP45|CIAO2B|ABHD17A|ITGAX|RRBP1|CYBA|APOBR|PILRA|EXOSC4|NDUFS7|LMAN2|GLG1|ENSG00000274253|PTK2B|RHOT2|RGS14|SLC15A2|NINJ2|CHD3|TBCD|C11orf21|TXNRD2|DDX23|SLC16A3|TBC1D8|CTSA|EHBP1L1|DACH1|LRRC20|RBM23|IGF2R|HIC2|IL17RA|FBXW4|RASSF7|DHRS7B|PPARD|OXLD1|PAQR4|DUSP7|ARHGAP1|CNPY3|SMCO4|SZRD1|SFMBT1|GNS|OAZ1|MALT1|CD2BP2|GTSE1|TANK|NDUFC1|HIRIP3|ID2|TK2|LAMP1|CNIH4|IRAG2|SDF4|BID|CAND2|HSPA1A|LRFN4|CAPG|POLR2J|RRP7A|IQSEC1|LPCAT1|PSD4|PSEN1|MICAL1|S100A6|DCPS|MR1|EAF2|TIMM17B|CDC42EP3|ABHD2|SRF|DEXI|SCPEP1|C15orf39|GNA12|TOR3A|LTB4R|PARL|DNAJC1|FLNA|ARHGEF3|SH3GLB2
REACTOME_HEPARAN_SULFATE_HEPARIN_HS_GAG_METABOLISM	0.00221805152704317	0.0616753496633222	-0.560079643503317	-1.65174921538519	12	50	IDUA|NDST2|GLB1L3|EXT1|GLB1L2|B3GAT1|SGSH|GPC1|HS6ST1|HSPG2|B3GAT3|DCN|NCAN|B4GALT7|AGRN|SDC4|SLC35D2|NDST1|GPC2|XYLT2|HS3ST3A1
GSE27241_CTRL_VS_DIGOXIN_TREATED_RORGT_KO_CD4_TCELL_IN_TH17_POLARIZING_CONDITIONS_DN	0.00228245363766049	0.0631164452199337	0.401221628688855	1.47610396350444	7	149	MYO1F|ITGB7|MYL9|TLE6|LPXN|GPR137B|HSPBAP1|DYNC2LI1|SLC49A4|HERC3|UAP1L1|HLA-B|EIF2AK3|TLE4|ANKRD27|KLHL24|IL18R1|OTUD1|L3MBTL3|SMAD4|FAM199X|SNAI3|GYPA|GRK4|SLC35D1|USP33|CDC14B|FBXO27|ERO1A|FAM229B|PIP5K1B|RTN3|SNX13|NR2C1|CNOT2|RESF1|CDKN1B|ABI1|IL17RE|TRDMT1|ARRDC4|CD47
MANNE_COVID19_NONICU_VS_HEALTHY_DONOR_PLATELETS_DN	0.00228245363766049	0.0631164452199337	0.39857597858091	1.4773934632132	7	156	NXT2|SETD7|ENKUR|ENTHD1|ZNF367|TBX3|KCTD12|POC1B|RNF11|ITGB3BP|CEP128|HAT1|HMGN5|FAM107B|HEMGN|TFPI2|NCOA4|PLCL1|LYSMD3|SH3BGRL|OPA1|UTRN|PRIMPOL|ZC3H12B|H2BC7|PLCH1|SIGLEC12|TGFBI|GNG10|PARD3B|ANGPT1|SCIN|CA8|TMEM70|FTO|PABIR2|ZNF117|SEPTIN7
SCHERER_PBMC_APSV_WETVAX_AGE_18_32YO_50_TO_60DY_UP	0.002322206095791	0.0640392988723903	0.397194476070084	1.47723649493696	7	161	CXCL8|PRKCH|TRIM23|STRAP|HIF1A|MTREX|DNTTIP2|PPM1B|YES1|PFKFB3|RSRC2|NR4A2|RNF103|PPM1A|SMNDC1|MXI1|TOB1|SC5D|CLK1|WDR26|NDC80|NKRF|TRIM13|ATP1B3|USP14|TNKS2|COL4A5|CFI|SBDS|GNG10|LITAF|NDUFV2|INSIG1|DYRK1A|HERPUD1|OSGIN2|DCTN6|EIF1B|ZNF451|NAMPT|CASP3|PRMT3|CDKN1B|UBE2D3|ACBD5|KDM6A|CD47|CHD1|SERINC1|ETF1|SEC63|RIPK2|CDC73|PSMC5|ZNF326|ZNF281|USP48|TGFBR3|ATM|BTG3|MCL1|IL18|DUSP12|MAP4K5|RASA2
REACTOME_TRP_CHANNELS	0.00233897085282476	0.0643249025223422	-0.709590517699917	-1.76942798405531	12	22	TRPM2|TRPA1|TRPV2|TRPM4|TRPC3|TRPM1|TRPC1|TRPC4AP|MCOLN1
GSE32423_CTRL_VS_IL4_MEMORY_CD8_TCELL_UP	0.00234948604992658	0.0644375436315929	0.384602107144822	1.44187830436899	7	171	CCDC120|MIER3|RFX3|ARRDC3|ARMCX1|PGAP1|CCL5|CD3G|ESF1|CCNE2|HVCN1|POU6F1|RNF2|ABHD17B|FAM107B|HEMGN|LRBA|MARCHF7|RINT1|SYPL1|THOC2|RIF1|TOB1|TWF1|POLA1|MEX3B|MSANTD2|CFAP418|ZXDB|IL1RL1|RAD9B|DOCK10|SYNE1|RNF144A|CDK17|SLC20A1|TCEAL9|RRM2|SMG8|ZDHHC2|PYGL|MYB|RPS3A|SEC23A
GSE43863_NAIVE_VS_LY6C_INT_CXCR5POS_CD4_EFF_TCELL_D6_LCMV_UP	0.00236686390532544	0.0647372748818987	0.381658603241738	1.43239588611025	7	173	CCT6B|TRAM2-AS1|YOD1|ABITRAM|BBS12|CENPQ|TRIM23|SLC38A9|ZNF10|RUFY2|UBA5|AMMECR1|NPR2|ZNF311|THNSL1|RBAK|SLC25A40|LRIG2|RAB11A|LMO7|MSH3|DDHD1|SNX4|HSD17B11|RBKS|GPRASP3|C1GALT1|LDHB|HAUS1|PHTF2|METTL14|ADK|QSER1|RAPGEF6|AGGF1|CCSER2|BUB1|CMTR2|C4orf46|SETMAR|ARRDC4|TMEM68|ZNF217|ZNF891|CYB5B|XPOT|RNF168|TRIM59|VPS4B|WBP11|DVL3|TMA16|ZNF576|MARS2|PCLAF|FUBP3|MBTD1|ACSM3|FUT11|RMND1|POLR1F|KYAT3|CDK8|ZNF347|DUSP12|TBC1D4|ATP7A|TERF1|OXR1|AGO2|MRPL35
GSE21380_NON_TFH_VS_GERMINAL_CENTER_TFH_CD4_TCELL_DN	0.002389486260454	0.0651784322892317	0.373082243762198	1.42177334716395	7	192	AIM2|SLC10A7|TM6SF1|RNF217|RNF11|SLC33A1|SELENOT|CDS1|TMEM135|VPS26A|CNOT8|CAPZA2|HIF1A|GEN1|ZWILCH|RIF1|UTRN|SCCPDH|PPP1R12A|CYP2R1|NUP160|RP2|MED21|CFAP418|COPS3|ABCA13|TBC1D19|HERPUD1|PPA2|VWA5A|FBXL4|UBE2E1|PELI1|SBNO1|BCL2|EIF5B|RFX7|CAPN7|ARMT1|SMC3|C4orf46|SLC36A4|ATF2|CUL3|TMEM68|STX7|CREB1|RBM47|SERINC1|ATP13A3|SEC23IP|C6orf62|IVNS1ABP|FUCA2|PREX1|RPF1|SUCLA2|PLCB1|USP12|PANX1|CWF19L2|STK4|MORF4L1|SNX29|ZFAND6|ALG10|MARS2|TRAPPC11|GHITM|LRRCC1|TASOR2|C1GALT1C1|DOCK8|KIF13B|U2SURP|USP15|CCDC88A|AZIN1|POLD3|TAOK1|CDK19|SPPL2A|COQ2|DEPDC7|DHX36|PRPF38B|TERF2IP|SLAIN2|GMCL1|JMJD1C|RPS6KA5|PECAM1|XPO1
GSE369_SOCS3_KO_VS_WT_LIVER_DN	0.0024132730015083	0.0654832964753312	0.38077049982535	1.44123580243686	7	185	TTC39B|STK38L|DCK|ASAH2|CCNG2|ATG16L2|AGO4|TGFBR2|NCOA2|RRM2B|PRMT9|SNX33|VBP1|G2E3|HIPK3|MAP3K1|MEF2A|FAM76B|OTUD1|PAIP2|TAF9B|PPP1CC|CKAP2|BCLAF3|BLTP1|STAG3|PLGRKT|INPP5K|CBFB|CNOT6|MSH3|IPMK|MMP11|S1PR1|CDK17|CKAP2L|ZW10|BTBD8|DLG1|NNT|ADNP|ABI1|KLHL6|HMG20A|CMAS|RBBP4|HEYL|SECISBP2L|BIRC2|CAV2|PRR11|TMC7|NDE1|CHMP1B|AK3|WBP1|TAX1BP1|ZFAND6|STX17|CENPE
NAGASHIMA_NRG1_SIGNALING_DN	0.00241370987207338	0.0654832964753312	0.556602664460532	1.71383274679676	9	47	CD44|PGAP1|ZNF362|PPP1R3D|PTHLH|ZNF514|DMXL2|TSC22D2|PCDHGA8|GPLD1|PDS5B|FAM200C|SOCS2|ZNF292|B3GNT2|TIA1|APC|HMGCS1|MBD4|OSR2|N4BP2L2|TTLL5|RYBP|ZKSCAN4|CDC14A|ZNF248|PIP5K1A
REACTOME_BINDING_AND_UPTAKE_OF_LIGANDS_BY_SCAVENGER_RECEPTORS	0.00242718446601942	0.0656713683824876	-0.607667442368907	-1.69834974850641	13	37	HPX|APOA1|APOL1|HBB|COL1A1|APOE|HYOU1|COLEC12|STAB1|IGHA1|CALR|SCARB1
KIM_GERMINAL_CENTER_T_HELPER_UP	0.00247341083353945	0.0667421987824436	0.529309575947704	1.68563681508035	9	58	PITPNC1|ST8SIA4|UBTD2|CREBL2|ACTR3|TMEM64|SLC25A46|ZNF518A|PPP1CC|AP1S2|LZTFL1|HPRT1|PPP3CB|TOX|PTPN14|EGR2|NCKAP1|CPSF2|STAU2|UTP3|RESF1|WDR11|CASD1|ZMAT3|KLHL6|PUDP|MFSD6|ZNF638|DNAJB6|STAMBP|STAT1|SLC35F5|TBC1D4|AMPD3
CHICAS_RB1_TARGETS_GROWING	0.00253807106598985	0.0683033709394265	0.364727435290834	1.40704831724839	7	220	TTK|MGARP|DPF3|PGAP1|C2CD5|SGO2|TNFSF4|CDC7|CCNE2|ITGB3BP|ALDH1L2|TOP2A|RNF138|EGR1|RFC4|PRIM1|CCNA2|KNL1|CDCA7|CCNB1|MSH2|TNFAIP8|RIF1|SMC2|GAS2L3|HPRT1|GINS1|GMPS|TMEM106C|PEAR1|NUSAP1|PLPP3|S1PR3|DOCK10|TOX|PTX3|NREP|FBLN1|CHAC2|NFYB|ANKRD28|WASHC3|HAUS1|PPIG|PYGL|CACYBP|BUB1|SMC3|TTC3|RBBP8|KIF14|CTDSPL2|NEK2|ARL4A|CEP57|CDKN3|NMI|PSIP1|SMC4|IQGAP3|NCAPG2|HERC4|PCLAF|FABP5
CHICAS_RB1_TARGETS_LOW_SERUM	0.00255550231592397	0.0683886850041786	-0.486930619385082	-1.59355234061374	15	96	POLR2L|RPS21|COPS9|TMEM258|MT2A|RPS28|UQCR11|NDUFB2|NDUFA3|COX5B|NPIPB13|H4C3|OST4|CYTOR|ATP5ME|ROMO1|NICOL1|COX6B1|ZFAS1|INHBE|PET100|SNRPB|RPL38|ATOX1|LSM7|NDUFA1|PITX1|TOMM7|NDUFB1|SNHG6|RNF145|HELLS|NNMT|NIBAN1|CKLF|MTHFD2L
GSE16385_MONOCYTE_VS_MACROPHAGE_DN	0.00256849315068493	0.0683886850041786	0.397883268221759	1.47236192314575	8	154	NIPSNAP3B|C3orf18|NUDT12|DEPP1|TSPAN32|ITGB1BP2|C2CD5|STEAP1|LRATD1|TBC1D32|MBNL2|BLTP3B|XRCC4|KALRN|SRP19|MEF2C|WASHC4|MFAP3|CWC22|RPF2|B3GAT2|ALPL|GRIA2|FBLN1|LRRC69|FOXP1|NCAM2|ACER3|USP53|SLC25A14|ZNF292|CADPS2|DDX3X|IL17RE|CNOT6L|TIAM2|CREB1
REACTOME_REGULATION_OF_INSULIN_LIKE_GROWTH_FACTOR_IGF_TRANSPORT_AND_UPTAKE_BY_INSULIN_LIKE_GROWTH_FACTOR_BINDING_PROTEINS_IGFBPS	0.00256657042027591	0.0683886850041786	-0.487015701060879	-1.59114153226745	15	95	WFS1|FSTL3|C3|APOA1|MGAT4A|LAMB1|MELTF|ANO8|APOL1|QSOX1|APOE|APLP2|MMP1|IGFBP2|KLK2|PRKCSH|STC2|HRC|TIMP1|VWA1|CST3|KLK13|SHISA5
WENDT_COHESIN_TARGETS_UP	0.00256589689759739	0.0683886850041786	0.615346549781669	1.74520175803562	10	32	YOD1|USP25|CAMSAP2|MEF2A|PLEKHA5|FUT8|EXOC6|TRMT11|PTK2|SEPTIN7|TNPO1|MKLN1|REEP3|VTA1|SREK1|GOLGA8A|CAST|TOP2B|ATG5|OXR1|POLR2M|JMJD1C
GSE13547_2H_VS_12_H_ANTI_IGM_STIM_BCELL_UP	0.00261248185776488	0.0693759071117562	0.391568018890053	1.45631070572212	8	161	AIM2|TTK|NKIRAS1|RAD54B|SGO2|IFIH1|MX2|CD36|TNFSF4|LRATD1|SERPINI1|TOP2A|ANLN|PBK|EIF4E3|DOCK7|KIF11|CCNA2|KNL1|ARHGAP11A|NDFIP2|NAB1|TJP2|NCAPG|NDC80|NEIL3|RSAD2|TOX|IFIT1|XCL1|LAT2|CKAP2L|OSGIN2|CDK1|RRM2|EPCAM|BUB1|KIF15|DRAM1|CLGN|MIS18BP1|STMN1|STX7|KIF14|CDKN3|PRR11|PLSCR1|AK3|TRIM59|RYK|SHCBP1|HELZ2|NCAPG2|CENPE|TFDP2|CDC25C|NEB|CCNB2|EIF2AK2|BUB1B|GPSM2|OPTN|KNTC1|DST|TRPS1|OFD1|NCAPH|HSPA4L|HMGB2|TCF19|ASPM|MICAL2|CDC14A
HOEK_MYELOID_DENDRITIC_CELL_2011_2012_TIV_ADULT_7DY_UP	0.00264433671220802	0.0698583995249053	0.769172555919029	1.81582477264224	11	15	PRKCH|CCR5AS|SIGLEC6|PTX3|KIT
SMID_BREAST_CANCER_RELAPSE_IN_LUNG_DN	0.00264456981664316	0.0698583995249053	-0.677465316294278	-1.74496979761969	14	25	ACKR1|COL14A1|LMOD1|ITGA7|CILP
GSE15750_DAY6_VS_DAY10_EFF_CD8_TCELL_UP	0.00267538644470868	0.0701188750182395	0.369032871835378	1.40990173344721	8	194	TTK|PARPBP|TSPAN32|RAD54B|SGO2|SUMF1|CKS2|TOP2A|BPNT2|PBK|KIF11|KNL1|ARHGAP11A|CIP2A|CKAP2|DNA2|SMC2|GINS1|POLA1|PPIL1|NCAPG|NDC80|KPNA2|NEIL3|ESD|NUSAP1|MAD2L1|SLAMF7|BEX3|RPS27L|LZIC|CKAP2L|FAM229B|SPDL1|TIPIN|POGLUT3|CDK1|RRM2|CASP3|MED7|DBF4|BUB1|RRM1|FBXO33|STMN1|ANP32B|IDH3A|DSCC1|RACGAP1|RBBP8|CENPI|SENP1|NEK2|DCUN1D1|CDKN3|PRR11|STIL|YWHAH|ESCO2|ATAD5|SHCBP1|IQGAP3|CENPE|PCLAF|LRR1|CENPS|RIPK1|IDI1|CDC25C|KNSTRN|CCNB2|BUB1B|RNASEH2B|RAD51AP1|VIM|KNTC1|MAP1LC3B|VDAC3|DEPDC1|PGK1|HROB|KIF23|MELK|FEN1|NCAPH|TCF19|POLQ|FAM83D|ASPM|UQCRFS1|RPA3|BRCA1
GSE25088_CTRL_VS_ROSIGLITAZONE_STIM_MACROPHAGE_UP	0.00266903914590747	0.0701188750182395	0.376517160913432	1.4160053542397	8	175	MEIS1|CD83|ZNF483|NAA30|KPNA3|RARS1|SCG2|TRUB1|PAQR3|MTHFD2|ST8SIA6|PUS3|LRPPRC|ZRANB3|TCF12|ZDHHC21|UHMK1|TVP23B|KPNA2|USP31|IFIT3|PLRG1|PRRG1|HOXC4|LIPC|IFIT1|SLC22A2|EHD3|BICD1|SLC18B1|UBE2V2|PPA1|LIN9|CPSF2|SOCS2|PCNX4|PHTF2|ZDHHC2|AP1G1|KLRG1|NEU3|SPCS2|FBXO28|DNAAF10|PWWP2A|SPTSSA|LMBRD1|ZBTB25|UTP15|ATG12|TMEM245|C2orf88|HNRNPA1|ZC3H15|EFHC1
GSE4748_LPS_VS_LPS_AND_CYANOBACTERIUM_LPSLIKE_STIM_DC_3H_UP	0.00266272189349112	0.0701188750182395	0.380527666045788	1.42815138651515	8	173	KRT8P12|ZNF501|CCZ1B|AKAP5|DNAAF9|TRMT2B|SNX18|FGD4|SESTD1|CCL4|TRIM23|SOCS6|BATF3|IL18R1|FAM9B|BCAP29|ZNF518A|EGR1|RANBP2|NR4A2|FAM13A|TSC22D2|YIPF6|SLK|ATP1B1|RNF115|WTAP|ERP44|RAP2A|AP5B1|FCER1G|SYT11|PHETA2|RAP1B|DUSP10|IRAK4|CERT1|UBXN7|IL10RA|CREG1|ACTR2|RNPC3|WAC-AS1|WSB1|NEK1|CYBB|ATG12|KMT2E|CEP78|NOD1|SNTB2|C6orf62|FBXW11|CLOCK|ITPRIPL2|ZNF148|ZNF264|BHLHE40|TGFBR3|S100A4|BCAT1|PGM2L1|GDAP2|SERPINB1|ANKRD17|FBXW7|EIF1|ZNF562|SCAMP4|ATP2B4|RAB1B|CEP350|TENT2|ZEB2|KATNAL1|NSL1
GSE37533_UNTREATED_VS_PIOGLIZATONE_TREATED_CD4_TCELL_PPARG1_AND_FOXP3_TRASDUCED_DN	0.00269380425022448	0.0702348235422165	-0.406090863699259	-1.43980785615527	17	186	DPEP2|FES|TSC22D3|ABCC10|ARSA|TMEM134|CNNM4|LCAT|ASIC3|LMF2|VILL|TSPYL2|SYNE3|DGKD|SGSH|ARHGAP4|CD101|ZNF516|KLF7|MPG|ZNF671|STX10|TPCN1|RIPOR1|STAB1|TMCO6|RGS14|SIRT7|MX1|RFNG|NFRKB|TRADD|LYL1|ITGB5|ACSBG1|CST3|TRMT1|ZC3H3|GPSM3|TREML2|IL23A|ENTPD6|PDP1|PAQR4|ARHGAP1|CNPY3|VPS39|NENF|RGL2|BLVRB|INPP5D|XPO6|RNF220|NPHP4|HDAC5|ASRGL1|POLR2A|RNASE1|AP1B1|MTCH1|NUMA1|CDKN1C|MICAL1|OXA1L|ALDH6A1|WDR45B|PXN
WANG_IMMORTALIZED_BY_HOXA9_AND_MEIS1_DN	0.00269179004037685	0.0702348235422165	0.729046142217528	1.80569860071555	11	18	MEIS1|ITGB7
GSE30962_PRIMARY_VS_SECONDARY_CHRONIC_LCMV_INF_CD8_TCELL_UP	0.00270839602768583	0.0704323298598713	0.375448161531895	1.42024396562424	8	184	CD83|SLAMF6|MRPL1|TCF7|HAT1|MNS1|ADPRH|PSMD5|RBMXL1|SOSTDC1|CIP2A|PSMA1|ZWILCH|PLEKHF2|NCBP2|GINS1|MAPK8|NUP37|KPNA2|ASS1|GMPS|MRPS22|P2RX7|DKK3|XCL1|EHD3|PSMG1|NOP58|WDR89|PSMG2|HAUS1|TIPIN|NAA50|EPCAM|SNRPB2|CDK2|NIFK|MIS18BP1|SCLT1|HMGN3|GDE1|STMN1|DSCC1|TNPO1|C2orf88|MIX23|SUCLA2|PCNA|WEE1|GNL3|BTF3L4|HSP90AA1|SHCBP1|BUB3|TFRC|MBTD1|EIF1AX|XRCC2|RAD51AP1|TSPAN3|BTF3|OPTN|SSX2IP|ASAP1|ANKRD17|MRPS2|TBC1D4|SLC25A33|KIF23|TSEN15|TCF19|RPA3|BRCA1|ASF1A|NXT1|NETO2|NUCKS1|PDLIM1|PPIC|PDHB|PML|CSTF2T|PRELID2|EIF2S3|APOOL|RCSD1|NOA1|NUP93|FKBP5|EXOSC10
WP_NEURAL_CREST_DIFFERENTIATION	0.00273840206185567	0.0710286302245665	-0.48640913769732	-1.57216986403419	16	88	CTBP2|GFAP|HDAC10|FOXD3|TWIST1|HDAC8|ZIC1|HDAC4|NOTCH3|FZD3|AXIN2|DCT|DVL1|FGFR3|RHOB|DMBX1|HDAC7|ITGB1|ID1|FGF2|HDAC5|DLL3|GSK3B
GSE11386_NAIVE_VS_MEMORY_BCELL_DN	0.00284010224368077	0.0734766657785247	0.396636069714579	1.4594138856944	9	148	PLA2G3|IFIH1|FAM53A|CMYA5|MBNL2|TCF7|NBN|NAP1L5|RIMOC1|NUP153|ETNK1|TSPAN13|UTRN|TCF12|P2RX7|GPR183|MTSS1|SYNE1|TOX|GPRASP3|CR2|ATP8A1|BACH2|FOXP1|AGL|PANK1|USP45|PELI1|REL|WAC|ZCCHC7|RFX7|EPCAM|ZMYM5|PRMT6|CASD1|MYB|EIF4G3|RABGAP1L|CHD9|NNT|DECR1|NEU3|RICTOR|GBE1|SFMBT2|IKBKE|GNL3|RSF1|S100PBP|TBC1D23|MYCBP2|BTG1|SSBP2|ASH1L|DOCK2|FBXL17|DUSP12|ASAP1|ZUP1|MAP3K5
DEBIASI_APOPTOSIS_BY_REOVIRUS_INFECTION_DN	0.00286615075952995	0.0739599519901328	-0.379012853987228	-1.39248911392141	19	266	WFS1|PLXNB2|ABCC10|SYNM|NUP210|ATXN1|GTF2I|GLB1L2|DDB2|SLC38A10|SLC29A1|LAMA5|HYOU1|TMEM63A|ITGA7|ARHGAP4|POR|ARHGEF17|RRBP1|GPC1|SLC6A8|IFT27|CHD4|OCEL1|SULT1A2|ABCB6|FDXR|SV2A|NOTCH3|LIG1|TBCD|ARHGEF10|GGCX|FANCA|PMPCA|ITGB5|IGF2R|MYO9B|CAD|SLC1A5|KANK1|STK11|FGFR3|SELENBP1|XPC|IGSF3|AGRN|GRHPR|PPARD|CLSTN1|MLEC|TSPOAP1|PLEC|POLG|SLC37A4|GNS|RAD54L|DHCR7|NISCH|PCYT2|PTK7|DNAL4|POLR2A|H2AZ2|BLTP2|RPL3|DBN1|SRGAP2|LPCAT1|POLA2|ULK1|EDRF1|ITPR3|DICER1|TYK2|P3H3|ESYT1|TRIM27|TNFAIP2|THRA|CLEC16A|ABCA2|ADCY3|STK25|FLNA|OBSL1|AP1G2|SEPTIN9|PDIA4|METTL13|RNFT2|DHCR24|INTS1|TCF25|FIG4|MGAT5|PRAME|MBTPS1|DAG1
GSE19923_WT_VS_HEB_KO_DP_THYMOCYTE_UP	0.00288009701379415	0.0741292662165786	-0.414189123856462	-1.4537229619447	18	171	FOXD2|ADAM19|KLC4|PBX3|IL15|TCN2|CRLF1|C1QTNF12|SNORC|CLDN7|C5|TAP1|ADGRE5|DEGS2|TRAIP|PDCD1|ROGDI|APLNR|ITGAX|CSF2|RARRES2|NAPSA|HPS1|IFI27L2|NPAS1|BCL3|MDFIC|MX1|LTBP4|CSRP2|KHDC1L|GGCX|PLK3|PITX1|NPDC1|ITGAV|STAG1|HCN3|H1-5|ZNF213|ZMIZ2|SOCS3|CD81|NEURL4|MR1
AIGNER_ZEB1_TARGETS	0.00300406432231843	0.076350857977364	-0.664739073587179	-1.72579914616777	16	26	SYTL1|SFN|CLDN7|EPPK1|CXADR|PKP3|MUC1
GSE13485_DAY1_VS_DAY21_YF17D_VACCINE_PBMC_DN	0.00301204819277108	0.076350857977364	0.370634662503952	1.40421036084815	9	186	PARPBP|SGO2|CREBL2|CETN3|CENPQ|HAT1|SCOC|NAA30|ERI2|TMEM106B|ETFRF1|VBP1|EEF1AKMT1|RFC4|PRIM1|MARCHF7|ALG6|IPO7|STYX|MRPL50|RPF2|ISOC1|OSTF1|TXNDC9|EIF4E|RPS27L|SDHD|UBE2V2|LIN9|WASHC3|PPA2|MRPS35|NME7|COPS5|TSNAX|RFC5|CD24|CACYBP|LMBRD2|EIF2S1|CCT4|ZCCHC10|COPS4|FAM3C|SMIM30|FH|GIMAP2|RFESD|NDUFB5|EIF3J|SKP1|RIDA|THOC7|CLNS1A|SNAPC5|KLHL12|TMEM126B|CCDC90B|DCUN1D1|ZCCHC9|ANAPC10|SUCLA2|METTL5|HPF1|ECHDC1|PPID|ADH5|GTF2H1|VTA1|GIN1|CISD1|POT1|E2F5|DIMT1|EEF1E1|C1GALT1C1|KBTBD3|DEGS1|RPL22|IMPA1|SUMO2|GTF2H5|UFSP2|TRMT44|KRCC1|ARMC10|HIGD1A|MED20|ACADM|HSPA8|MTFR1|RPA3|TMEM126A|SEC22B|CEP63|CHEK2|YEATS4|MDH1
GSE20366_EX_VIVO_VS_DEC205_CONVERSION_UP	0.00300842358604091	0.076350857977364	0.375239704045514	1.41650897430165	9	182	AIM2|MYO3B|EGR3|MORC1|KCTD12|TRMT2B|GLMN|INSIG2|AK7|PLCL1|PPP6C|PNPT1|PPIP5K2|MYNN|ARHGAP11A|NBR1|SMC2|CBX7|TJP2|IFIT3|MAPK1|HOMER1|RCBTB2|TAPBPL|ZNF790|TSPAN12|DKK3|SYTL2|CMTM7|PHETA2|ICA1|CKAP2L|ERO1A|MED23|ESAM|MED7|PARD6G|FZD4|TMEM70|CHD9|METTL4|C18orf54|TMEM237|TTC33|BAG2|GOLPH3L|RCOR3|TRAFD1|BIVM|RACGAP1|NEK2|NCK1|BNIP2|EFL1|FANCF|DCUN1D1|FAM111A|ITPRIPL2|TLE2|PARP16|CHORDC1|CWF19L2|OSBPL3
GSE3982_MEMORY_CD4_TCELL_VS_TH2_DN	0.00297707651086633	0.076350857977364	0.369017653067794	1.40791992278504	9	193	TTK|STAP1|ESF1|DTL|BLTP3B|CKS2|TOP2A|PBK|INTS13|PHLDA1|EGR1|RMDN1|KIF11|KIF20B|CCNA2|ABCE1|MSH2|TFB2M|ETNK1|SMC2|SNAPC1|ELMO1|GINS1|NDC80|NUP37|RBM7|TMEM106C|NUSAP1|MAD2L1|PLA2G4A|SERPINE2|MRPL15|ARL3|CAPRIN1|CAB39|CENPU|VDAC1|CPOX|PIP5K1B|DCTN6|PAPSS1|TIPIN|SLC25A32|DSG2|CDK1|RRM2|TMEM70|PRDX3|KIF15|RRM1|FH|CDK2|VDR|CA2|SUPT4H1|MTMR2|GGH|ADO|NCBP1|ZWINT|GARS1|GGCT|ACAT2|PSMD14|BLM|BZW1|AHCY|COMMD3|TSPAN3|CPSF6|ACOT7|POLR2K|SNRPD1|VDAC2|PRMT5|CSE1L|FEN1|NCAPH|EVI5|MICAL2|GSTO1|CALU|NDUFS4|EIF2S2|CSNK2A1|PPIF
GSE5589_WT_VS_IL6_KO_LPS_STIM_MACROPHAGE_45MIN_UP	0.00301204819277108	0.076350857977364	0.369414829521904	1.39958882302348	9	186	ZC2HC1A|MYL9|ST8SIA4|DOP1B|PRKCH|TGFBR2|REV3L|VPS26A|SCOC|ERI2|BLTP3B|PDE3B|FAM107B|ATP8B3|XPR1|DOCK7|PIK3CA|LDHA|DDR2|ZNF770|RMND5A|SH2D1B|HECA|C1S|C5orf22|ATP6V1D|GTF2H2|ZFAND4|NATD1|TCEAL9|GRK5|UBQLN2|NGDN|UBA2|AHCTF1|SMC3|PDE7A|LUC7L2|SVBP|RPUSD4|GDE1|BRAF|SNAPC5|KIF14|PTEN|SRSF1|CKAP5|SNX29|FABP5|SUCLG2|ESCO1|TGFBR3|CLASP2|ZC3H8|NDFIP1|SUZ12|SORD|KCNQ1OT1|OARD1|TMEM164|SRSF10|ATP7A|TXNIP|STOM|HSPA8|STAG2|NELFCD|TCF19
REACTOME_G0_AND_EARLY_G1	0.00299815498154982	0.076350857977364	0.641879595306181	1.75349176763034	12	27	CCNE2|TOP2A|CCNA2|RBL2|DYRK1A|RBL1|LIN9|CDK1|CDK2|MYC|RBBP4|LIN54|PCNA|TFDP2|E2F5
BLANCO_MELO_COVID19_SARS_COV_2_INFECTION_A594_CELLS_DN	0.00302064104715556	0.0763758056205228	-0.541700658077245	-1.63723003257522	17	57	MXD3|BCAS1|KCNK5|SP9|MYO1A|KRT4|SYNGR4|SDF2L1|RECQL4|LRRC45|TONSL|NR4A1|PACSIN1|PDF|FASN|TK1|HSPA1A|NRGN|RADIL|DHCR24|SLC25A10|H2AX
GSE45365_CTRL_VS_MCMV_INFECTION_NK_CELL_UP	0.00314889788573999	0.0794186858720051	-0.40850399999009	-1.44181347523929	20	177	TNS2|MESP2|SRGAP3|COX6B2|CUBN|TFAP2E|SNN|FCSK|CPT1C|CHST12|PBLD|GTF3C1|IFT140|ABCA4|VSIG4|LOXL3|APH1B|SNX21|STC2|CAMKK1|MFSD12|SLC27A1|CYP2F1|GRIK5|TRPC3|PXMP4|ZFYVE19|MERTK|SFXN3|WDR13|CCDC61|PAQR4|ACAA1|ABL1|AHSP|DDAH2|PCSK7|FNDC10|REXO5|PLEKHH3|CBX2|TTC12|IFT46|RHEBL1|SKI|TYK2|HOXB3|TP73|PROCA1|RDM1|OPHN1|VPS33B|ARVCF|LENG8|MAVS
WP_FOLATE_METABOLISM	0.00321054410273741	0.080770530584657	-0.54691091034601	-1.63153168926202	18	53	PLAT|APOA1|CBS|SLC46A1|HBB|SOD3|SLC19A1|ICAM1|FLAD1|SERPINE1|IL1B|FOLR2|SCARB1
DUTERTRE_ESTRADIOL_RESPONSE_24HR_DN	0.0032546786004882	0.0815261783506494	0.311827646875156	1.28526357585495	7	450	FBN1|DNAJB2|STK38L|ST8SIA4|PGM5|CCNG2|TGFBR2|CMYA5|ZNF354A|LRATD1|SESN3|KAT2B|HERC3|CDS1|ABCC3|ACOX3|EGLN3|SLC39A10|UBLCP1|ARID5B|MME|VPS54|TP53INP1|KLHL24|DTX3L|CPEB2|UBA5|ME1|KDM7A|RWDD2A|USP2|BCAP29|ZNF277|EGR1|LGALS8|TP63|GULP1|ROCK2|LYSMD3|BCLAF3|BLTP1|PLEKHF2|TMEM30A|TJP2|EPB41L5|CLK1|SH3BGRL2|ZNF12|ATP1B1|GABBR2|SKIL|ETFA|TRIB1|LMO7|GSTM2|ABLIM3|CLDN9|NUAK2|EFNB2|S1PR3|WWTR1|FRAS1|TSPAN12|LFNG|IFIT1|TGFBI|SYTL2|GATA6|ATP8A1|CALD1|IFIT5|SGMS2|RIT1|KIF3A|BMF|SOS2|LIPH|MYO6|DUSP10|CAB39|FZD2|GOLGA4|UGP2|OSGIN2|MBOAT2|SOCS2|CSRP1|PCDH1|DOCK11|ZDHHC17|SEPSECS|CRABP2|ZNF654|NAMPT|SAMD4A|CD24|KDM3A|ZBTB37|PTPN12|DRAM1|S100A10|ANKRD50|ZNF117|LMBRD1|CYRIB|SFMBT2|KDM6A|CITED2|CD47|SEMA7A|QKI|ZNF217|SNTB2|ARHGAP5|SCN1B|MID1|LPCAT2|IL13RA1|GALNT10|SEC62|ADGRV1|MYL12A|MIOS|SLC35A1|CCNDBP1|TRIM16|TBC1D23|TAX1BP1|H4C8|AKIRIN2|IL1R1|ZDHHC7|ZNF281|EFHD1|PNRC1|CDK6|PNPLA8|CAST|PARP9|SH3YL1|BAK1|PGM2L1|CD46|MCL1|OPTN|CORO2A|SERPINB1|ANO6|MAP3K5|DAB2|KYNU|GAB1|PARP14|RAB9A|XRN1|UBP1|CPEB4|PPP1R15B|AQP3|OFD1
GSE19923_E2A_KO_VS_HEB_AND_E2A_KO_DP_THYMOCYTE_DN	0.00325682382133995	0.0815261783506494	-0.431923092373077	-1.48347165755372	20	141	DND1|TEX14|BMP8B|RASGRP3|GFAP|MCF2L2|FBXW4P1|FICD|CHST12|HLA-DOB|MRPL41|CLCN2|DENND1C|PCDHGB6|SLC19A1|SEC14L1P1|PKMYT1|HOXC13|FOLR2|GNMT|SLC43A1|PAEP|ADGRB3|TELO2|RPLP1|ULBP1|GRK6|MYBBP1A|ITFG2|ANKRD55|ARHGEF1|ACVR2B|SLC66A1|CHRD|PMP22|C19orf53|TMEM179B|OPHN1|CD52
NIKOLSKY_BREAST_CANCER_8Q23_Q24_AMPLICON	0.00326695706285003	0.081576405464897	-0.434804455131417	-1.48587144777184	20	135	SCX|RHPN1|ZFTRAF1|COL14A1|EXT1|LRRC24|SLC52A2|GSDMD|THEM6|EPPK1|SLC45A4|FOXH1|KIFC2|SCRIB|EXOSC4|MAFA|PPP1R16A|RECQL4|PYCR3|CPSF1|NAPRT|GLI4|TONSL|ZC3H3|ADCK5|FAM83H|SLC39A4|BOP1|ARHGAP39|GFUS|MTBP|PLEC|GPAA1|MAF1|FBXL6|JRK|GRINA|ZNF251|TMEM65|ZNF707|EEF1D|C8orf82|LY6E|RPL8|CYC1|TIGD5
GSE5099_UNSTIM_VS_MCSF_TREATED_MONOCYTE_DAY3_DN	0.00328996560490504	0.0817442444109821	-0.406045003446572	-1.43470207202515	21	178	PRG2|PAK1|ARK2C|PIEZO1|NAGK|ALKBH6|MINDY1|HLA-DOB|RHBDF1|TNK2|ZNF710|GGA1|TRIO|UNC5B|D2HGDH|SGSH|KLF7|CCND1|ACVR1B|FOS|CNBD2|TBCC|ECE1|MYO1G|ADAM11|NAA60|P2RX6|AKNA|ARMC5|TSPO|CSNK1D|MIB2|PIGL|ENO3|CDIPT|ARHGAP39|TSEN34|ANKRD13D|FERMT3|DOT1L|METTL26|XPO6|FASN|VARS1|SUMF2|BLTP2|IFNGR1|TP53BP1|POLRMT|GRAMD4|MICAL1|S100A6|IER2|PHF2|PDXK|TRIM27|KIAA0319L|EIF4G1
GSE7852_THYMUS_VS_FAT_TCONV_UP	0.00328652524648939	0.0817442444109821	0.366666186659435	1.39570412191417	10	191	TTK|ARMCX1|ZNF43|SGO2|BRMS1L|ZBTB18|PPM1B|CHDH|EAF1|ERI1|THNSL1|LIPT1|PALS2|COG6|NCBP2|AP3M1|MFAP3|HARBI1|RRAS2|IRGQ|SPAST|DMTF1|WTAP|AP3S1|CNOT6|DRAM2|NUSAP1|PRRG1|ATP8A1|TDRP|LDHB|NATD1|ARV1|ZSCAN29|SPDL1|ACER3|CNOT3|TUBE1|NR2C1|SLC30A7|ITM2A|SPNS1|STK24|PARD6G|DLG1|IREB2|ARMT1|MYB|IFT70A|MLLT11|CDK2|C6orf120|ALDH2|RNF14|TIA1|ZNF266|TPP1|TNKS|C1orf131|MED14|PSMD11|ATAD5|NEMP1|ZFAND6
GSE43863_DAY6_EFF_VS_DAY150_MEM_TFH_CD4_TCELL_UP	0.00330132052821128	0.0818238406473701	0.373795851844078	1.40786222186628	10	179	DCK|STAP1|EGR3|ITGB4|ZNF367|MX2|RGS2|DHX58|LEMD3|POU6F1|ST3GAL5|PDCD10|ZNF687|HIF1A|CCRL2|PPP1CB|NR4A2|LYSMD3|LZTFL1|MAPK1IP1L|TSC22D2|NAB1|SNAI3|CBX7|TCF12|WDR26|CMPK2|IFIT3|HECA|EMILIN2|GPR183|RSAD2|S1PR3|IL6R|SPP1|FIBCD1|LAT2|BEX3|ATP6V1D|LITAF|TCEAL9|GOLGA4|SAMSN1|REL|RBPJ|NAMPT|ZNF800|SEC24A|CDK2|BACH1|STARD4|KMT2E|RNF14|DSCC1|UBE2D1|IVNS1ABP|RAD21|PRXL2A|MED14|ZFAND5|OSBPL3|PAPOLG
GSE37532_TREG_VS_TCONV_PPARG_KO_CD4_TCELL_FROM_LN_UP	0.00332326283987915	0.0819629296970687	0.365851713848119	1.39892725708411	10	197	LNX2|CCNG2|C2CD5|SGO2|AGO4|CDC7|HMGN5|ERI2|G2E3|PRPS2|ZNF518B|DHX40|KIF11|CBLL1|UAP1|AKAP12|ABCD3|MSH2|NUP107|WASHC4|CCP110|FNTA|NCAPG|NDC80|GRPEL2|ZNF821|MSH3|RASSF6|IFIT1|RNF125|EHD3|DNAI4|APPBP2|C1GALT1|FOXP1|NFYB|USP47|NATD1|CKAP2L|CPSF2|CDK1|CMPK1|PCYOX1|CUL2|DBF4|KCTD9|FH|MIS18BP1|CMAS|INPP5B|SEC23IP|PPP2R5C|BNIP2|HNRNPA1|NGLY1|ECPAS|PRR11|KIAA1191|USO1|BRWD1|HELQ|MBD4|BAIAP2L1|LATS1|BTK|TFDP2|PNP|SUMO3|SLC30A5|GPSM2|SORD|NSMCE4A|OGA|SLC25A33|KIF23|BCL2L11|NUDT4|NCAPH
GSE7460_CTRL_VS_TGFB_TREATED_ACT_TREG_UP	0.00331624962315345	0.0819629296970687	0.368132149595003	1.39662375731355	10	188	EFCAB7|RAD54B|C2CD5|KCTD12|C9orf43|ANKRD13C|MS4A6A|CCNE2|ENOPH1|PLK4|LTN1|ST3GAL5|NABP1|PSMC1|HIF1A|KIF18A|ANLN|DNTTIP2|NBN|PBK|RBMXL1|TMEM168|CIP2A|STT3A|PALS2|NHEJ1|UBE2N|RIF1|METAP2|HPRT1|PICALM|WBP4|ERP44|NEIL3|SAR1B|CENPU|TBC1D19|TENT5A|SPDL1|DONSON|ADK|ASCC3|BUB1|EIF2S1|KRR1|KCTD9|EIF3J|TRDMT1|STX7|TMX1|GGH|CYB5B|PSIP1|OSBPL3|SMC4|TMEM181|ESCO2|ATAD5|GRSF1|TBL2|TM2D1|DPP9|EIF2D
GSE32423_MEMORY_VS_NAIVE_CD8_TCELL_IL7_IL4_UP	0.00339506172839506	0.0835285039941903	-0.430156983684318	-1.48192938082124	21	144	ASCL2|MXD3|TMCO4|COX6B2|FARP1|APOA1|PAK6|DHH|DDB2|FXYD1|SMTN|IRS1|NPHS1|HFE|DNAJC22|SLC52A3|CTDNEP1|PRRT3|CRYGS|OS9|SHFL|NR1D1|C5AR1|NOTCH3|MBOAT1|INPPL1|KCNE5|KCNJ11|C19orf81|MFSD10|IL18RAP|ZNF354B|SUSD3|LBX2|IL15RA|NRARP|HOXC10
GSE26928_EFF_MEM_VS_CENTR_MEM_CD4_TCELL_DN	0.00342368045649073	0.0840266611791049	0.38729758687147	1.43558807833675	11	156	AIF1|GPR160|ARMCX1|ZNF43|SESN3|BNIPL|LEMD3|MFSD14A|GPRASP2|SLC39A10|HMGN5|BBS2|ZNF33A|MARCHF7|AKAP12|NIPSNAP2|RNF103|RPAP3|ZNF813|STYX|FAM95A|MRPL50|TCEA3|SMARCA5|DRAM2|PJA2|LRP2BP|TRIM2|RAD9B|SLC4A3|TRABD2A|CFAP99|TXK|STRA6|BEX3|CATSPER3|PLPBP|DNAJA2|THAP5|BAG4|RPRD1A|FBXO28|GSTCD|HYCC2|SFMBT2|THOC7|FAM78B|ZMYM2|STIL|RCN2|ATP11B|CHMP1B|ZNF638|ASB8|CNKSR1|AHCY|SPTBN4|TRAPPC13|ZFP1|STAT1|AFP|MORC3|TBC1D12|ZNF407
GSE42021_TREG_PLN_VS_CD24LO_TREG_THYMUS_DN	0.00348801941158629	0.0853969240329346	-0.409854201624877	-1.43645807282736	22	168	TYROBP|C3|TYMP|IRF7|IFI30|EXT1|APOL1|PSMB9|CXCL1|TAP1|IFITM1|LMF2|P2RY11|CUL9|TEF|SMAD6|IFITM2|IFI35|IFI16|SERHL2|CD101|HERC6|RIGI|SLC19A1|TOP3B|LGALS3BP|SHFL|PGS1|MX1|IFITM3|OAZ3|SP100|BRD1|ISG15|DUSP13B|TAP2|RFC2|SP110|PHF11|CRYZL1|NR4A1|TAPBP|OAS3|SLC9A8|CMTR1|MEF2D|OGFR|PARP12|IRF9|CDC34|LY6E|NOC4L|NECTIN2|PTPN7|APOBEC3B|RNF113A|RNF31|CHCHD7|ATP6V1H|HLA-E|CRELD2|SLC25A10|DDX24
GLASS_IGF2BP1_CLIP_TARGETS_KNOCKDOWN_DN	0.0035383777898748	0.0857928411950802	0.413595216388503	1.47561419430256	12	117	C5orf15|MBTPS2|KIF11|PTGES3|MAPK1|TNKS2|GJC1|DLAT|YWHAZ|NSUN4|CPSF2|LIMK1|CDK1|PLEKHA8|RBPJ|PRELID3B|CLIC4|FBXO45|HSPD1|PABIR2|AKIRIN1|DARS2|PSMD10|WIPF2|SENP1|ZDHHC5|CEP57|PRR11|FUCA2|ZWINT|NIPA2|AGO1|MIOS|NUP155|NEMP1|IQGAP3|SRPK1|BZW1|PTPN9|HJURP|PNP|RFWD3|BLMH|TMEM33|EXO1|NIPA1|BLTP3A|NCAPH|PIP4K2C|NUP43|CTDSP2|FOXM1|SPRING1|LBR|SIRT1|SSR3|ERH
GSE21678_WT_VS_FOXO1_FOXO3_KO_TREG_UP	0.00353045013239188	0.0857928411950802	0.376667429611335	1.41336530341084	11	172	CCT6B|FSD1L|KBTBD8|PIGA|ZNF165|CLDN23|SESN3|MFSD14A|ZNF410|BRMS1L|ALG13|FAM76B|ARIH1|H2BC21|ADIPOR1|SDCBP|SCYL2|PIAS2|DENND6A|USP14|SYTL3|RRAD|GPR183|MAMLD1|LRRC8C|USP47|ERO1A|VDAC1|RAB5A|CCNH|RAP2C|ARL5B|SUPV3L1|PELI1|REL|RRM2|AP1G1|NAMPT|HBS1L|SEC24A|DNAJB9|SMIM3|ZBTB21|SFMBT2|KMT2E|CEP120|MASTL|C6orf62|IVNS1ABP|USP12|INTS6|ATAD2|LMNB1|PCLAF|USP16|SREK1|LINC01619|RIOK3|PNPLA8|ARID1B|BTG3
GSE25123_WT_VS_PPARG_KO_MACROPHAGE_IL4_STIM_DN	0.00353045013239188	0.0857928411950802	0.375384088411282	1.40854983548875	11	172	TTC39B|STAP1|SLC9B2|SGO2|BMPR2|RUNX2|SNX33|CLDND1|LAMP2|HNRNPLL|TOP2A|VPS54|CCRL2|CEP162|PHLDA1|CD80|EXPH5|CRYBG3|NR4A2|CAPN2|TJP2|POLA1|SLC22A15|IL1RL1|ACOT11|TTC39C|EGR2|LITAF|SKAP2|SAMSN1|POGLUT3|SCIN|ZDHHC2|CASP3|RAPH1|MED7|ENDOD1|PPFIBP1|BUB1|KLRG1|DRAM1|S100A10|VMP1|VDR|FUCA2|FAM111A|PLSCR1|ITPRIPL2|NSMAF|OSBPL3|GABARAPL1|GYG1|TMEM87A|BTBD3|S100A4|NEB|NDFIP1
KIM_GASTRIC_CANCER_CHEMOSENSITIVITY	0.00353413654618474	0.0857928411950802	-0.487577520615691	-1.57055005353545	21	85	RAB27B|PLXNB1|N4BP2L1|AATK|ABCB8|DOHH|SMG1P2|TADA2A|ACVR1B|TMEM8B|RPL13A|B3GAT3|TSHZ2|FOXD4|SLC26A6|FKBP8|ALG3|CRTC1|POLG|MOCS3|NENF|ARMC6|POLR2A|KDM4B|MEF2D|ZNF219|EHMT2|RAB2A|MR1|BAIAP2|MPZL1|ADCY3|ELK4|SGTA|EIF2B4
MEBARKI_HCC_PROGENITOR_WNT_DN_BLOCKED_BY_FZD8CRD	0.00354849611355188	0.0858308529827319	-0.543235994259335	-1.62056876653116	20	53	A1BG|RAB26|BCO2|DHDH|FGD3|SOD2-OT1|KCNK5|TMEM116|NUDT16|TMEM8B|ID2-AS1|SLC6A16|STOX1|ACACB|NUDT8
GSE19941_UNSTIM_VS_LPS_STIM_IL10_KO_NFKBP50_KO_MACROPHAGE_UP	0.00361881785283474	0.0873213788623921	0.370419717825955	1.40381792494783	11	187	DPYSL2|CD83|TTK|PARPBP|ZKSCAN8P1|ZNF362|AKAP5|ARHGEF16|DOK2|TTYH3|TMCC1|DEPDC1B|PTER|MTX1|TOP2A|KIF11|ST8SIA6|ZFTA|GINS1|GRK4|BCAS2|UTP11|MAD2L1|LRP2BP|CD96|CMTM7|RAP1A|LRRC8C|USP47|CKAP2L|TYMS|PIP5K1B|PPA2|CDK1|CELF2|ITM2A|BUB1|FGD6|RFC1|SLF2|ZNF217|CA2|RACGAP1|MKRN3|SNRNP35|FAM20B|STIL|PHIP|NUFIP2|PIAS1|PRDM2|CDCA2|CDC42SE2|BLM|PCLAF|CENPJ|CIB2|LRRCC1|MDM1|CCNB2|BUB1B
CHOW_RASSF1_TARGETS_UP	0.00368408933916647	0.0886831865384966	0.643030539205847	1.73770744693728	15	26	CCL5|RFC4|PNPLA6|RSRC2|PEX1|GNPAT|EIF4E|INSIG1|MBNL1|RRM2|DLG1|COX7B|CHD1|LSM3|MID1|PCLAF|CARD8|FKBP15
BENPORATH_NOS_TARGETS	0.00370898716119829	0.0890689309189197	0.387060544066151	1.43470943659741	12	156	DPYSL2|RAD54B|FOXO1|PPP2R3A|CDC7|CAPZA2|TOP2A|B3GALT4|SMARCAD1|PTPN2|LHPP|AASDH|RIF1|SLC44A1|ADD3|SKIL|SNRPN|HESX1|SFRP2|FGFR1|LEFTY2|TRIM24|GNG10|CDC14B|EXOSC9|CDK17|DPH6|UFM1|RAB5A|WDR36|RESF1|RPS3A|KDM3A|KIF15|SMIM3|UBE2D3|HMG20A|CA2|PRR11|FBXW11|SPRED1|RBM22|SGMS1|PPP2R1B|ATAD2|BUB3|REST|POLR3G|ARID1B|TAF12|COMMD3|PHF8|BUB1B|USP44|DUSP12|OGA
BAUS_TFF2_TARGETS_UP	0.0037580529706514	0.0900318274925984	-0.698979442137824	-1.7289235064705	20	21	IRF7|PSMB9|TAP1|BCAT2|DGKA|OGFR
SCHLESINGER_METHYLATED_DE_NOVO_IN_CANCER	0.00376789751318764	0.0900527505651846	0.494613083208719	1.6139123041558	14	66	FBN1|TCEAL1|CD44|EGR3|TBX3|LGALS3|PTHLH|HIC1|DLC1|FOXA2|CYP27B1|ETFA|POU3F1|NKX3-1|PAX7|PAX5|GATA4|SLIT1|BCL2|WT1-AS
GSE32901_TH1_VS_TH17_ENRICHED_CD4_TCELL_UP	0.00379119276757072	0.0901800782011253	0.38539883268257	1.43529911168122	12	163	PLA2G3|RFX3|GJC2|STT3B|TCF7|CAVIN4|CORO1A|HACE1|FGGY|XPR1|ERBIN|TMEM168|TMEM59|TSPAN13|ADD3|ATP1B3|INPP5K|MED13|AGPS|RANBP9|ARMC2|GARIN1A|S1PR1|INPP4B|PARD3B|PELI1|FAM133B|DDX5|IREB2|ABI1|ELOVL5|RNF25|CUL3|ATP6V0E2|HECTD1|CHD1|KCTD11|TNKS|MAPK14|PTPRC|PREX1|PHIP|MIER1|DDX6|RSF1|SMC4|TBC1D23|TAX1BP1|ITCH|PRKCQ|SENP7|CAST|HLCS|TOP2B|ZC3HAV1|STK38|POLD4|NR3C1|GNAI2|PAIP1|SLC27A2|TAOK1|TXNIP|ABCB9|TSEN15
HALLMARK_MYOGENESIS	0.0037861578070574	0.0901800782011253	-0.411418538366162	-1.44075651104664	24	166	GAA|TPM2|TAGLN|PYGM|PLXNB2|ATP2A1|TCAP|MAPK12|COL1A1|SYNGR2|MYL11|SH3BGR|FXYD1|SOD3|ITGA7|SMTN|APLNR|AEBP1|MYH8|CASQ2|APOD|CFD|PDLIM7|PPFIA4|SLC6A8|STC2|COL6A3|OCEL1|HRC|ACTN2|FHL1|SGCG|DMPK|BIN1|ITGB5|SORBS3|ENO3|AGRN|SPHK1|MRAS|ITGB1|FGF2|HDAC5|AKT2|MEF2D
GSE13493_CD4INTCD8POS_VS_CD8POS_THYMOCYTE_UP	0.0038552787663108	0.0912719062646881	0.371387762091714	1.39671471638945	12	175	NXT2|ST8SIA4|PRNP|BMPR2|CDH18|WDSUB1|PKD2|PTHLH|ZBTB33|ETFRF1|HACE1|MEF2A|AFF4|RMDN1|TAF9B|EDARADD|RFX5|MMADHC|LZTFL1|PLEKHF2|LRRC28|RBMX|IRGQ|DENND6A|EPS15|AP3S1|GLIS3|DMKN|TRIM24|CEP97|SRP9|SIRT5|NDUFV2|LDHB|UBXN7|RAP2C|ZDHHC17|COPS5|SNAI3-AS1|RESF1|MYB|RABGAP1L|PPM1K|ADAM10|HMG20A|AFTPH|CMAS|TMEM68|CWC15|TMEM104|ZNF266|STPG1|ITM2B|BCLAF1|PTEN|CEP57
MOREAUX_MULTIPLE_MYELOMA_BY_TACI_DN	0.0038552787663108	0.0912719062646881	0.373654765406938	1.40345673837238	12	174	EOGT|ZNF367|SGO2|SLC33A1|LEMD3|PMS2P3|TMEM135|BTBD1|ANKRD49|TLE4|DARS1|ABHD3|ZNF277|PEX1|PPIP5K2|CEP295|PPP1R12A|CYP2R1|SPAST|TRIB1|MRPL50|MPHOSPH9|FEM1B|SLC25A36|IFT57|TYMS|HAUS1|IFT74|TDP2|CDK1|DDX18|NAA50|AASDHPPT|RFX7|IREB2|ACTL6A|DBF4|ZCCHC10|SNX19|NNT|ZNG1A|RIOX2|MINPP1|CEP152|PAPOLA|PAK1IP1|RACGAP1|EIF3M|OTUD6B|PPP2R5C|FANCF|CEP57|ANAPC10|C1orf131|LRRC40|DENND4A|GLT8D1|MBD4|RSF1|SSBP1|AVL9|BUB3|TMA16
GSE30962_ACUTE_VS_CHRONIC_LCMV_SECONDARY_INF_CD8_TCELL_DN	0.00389805097451274	0.0914687733290495	0.364667023889913	1.38558880376041	12	189	ZNF367|PLK4|CEP128|STT3B|DTL|LAMP2|TOP2A|KALRN|PBK|BCAP29|EGR1|LDHA|KIF20B|KNL1|ARHGAP11A|NR4A2|NDFIP2|CIP2A|ZWILCH|SMC2|GINS1|SC5D|PPIL1|PLXND1|SMARCA5|GFI1|RSAD2|PERP|XCL1|SERPINE2|INPP4B|EGR2|ICA1|LITAF|SKAP2|CKAP2L|PPA1|TYMS|TMEM38B|TIPIN|POGLUT3|RRM2|NAMPT|CASP3|MED7|EPCAM|PCGF5|PTPN12|FAM3C|RRM1|FILIP1|STMN1|STARD4|SEMA7A|DSCC1|SNRNP35|CEP57|CDKN3|HSD17B12|SPRED1|BTF3L4|ESCO2|XPNPEP1|HPF1|SEC63|SHCBP1|IQGAP3|TFRC|CENPE
GSE32423_IL7_VS_IL7_IL4_MEMORY_CD8_TCELL_DN	0.00389805097451274	0.0914687733290495	-0.403657602118067	-1.42610069027283	25	179	ASCL2|PAK1|SRGAP3|TRAPPC6A|SEMA4D|KLC3|IRF7|DHH|COX6A1|TAP1|TBKBP1|GDPD5|ARID5A|SH3BP2|UBA7|CASKIN1|SERF2|DNPH1|DMRTC2|CXXC1|HSD17B10|LAGE3|CRYGS|OS9|NFIL3|INHBE|GET3|IL18BP|GAL3ST1|MRPL20-AS1|TRIP6|ORAI1|FKBP8|KCNJ11|TRAPPC5|C19orf47|COX16|SETD1A|VPS11|SUSD3|MAP1S|PIDD1|NUDT1|BOK|AP1B1|SDF4|PNPO|ENPP3|CHPF2|ATP5F1D|AP1S1|SH2D2A|POLA2|PPME1|TIMM17B|MCM3|ITPR2
GSE7831_UNSTIM_VS_CPG_STIM_PDC_4H_DN	0.00389338125187182	0.0914687733290495	-0.402787280434497	-1.42626017473456	25	182	MSH5|IGF1R|FES|RHPN1|ATP2A1|DPM3|LYST|TRPV2|SH3BGR|TCIRG1|ICAM5|CLIP3|HAS1|GCOM1|TMEM208|RRBP1|NAPSA|CDKN2D|OCEL1|TIMP1|RGS14|CMKLR1|PKP3|GNA11|PSAP|NSDHL|RAMP1|ISG15|ZFYVE19|ANKS3|MAP7D1|FBXW4|STK11|WDR13|HEXA|FBXW5|HIVEP1|SELENOS|NOP16|COX16|TRMT2A|PACSIN1|FLNB|PCYT2|ACVR2B|SMIM14|MRPS5|PAFAH1B3|DUSP9|NEK6|ERP29|MYCL|POMP|SPINT1|MAN2C1|UBFD1|HCFC1R1|ZMIZ2|GFER|CTSH|P3H3|SCPEP1|BCKDK|ZDHHC14
REACTOME_SENSORY_PERCEPTION	0.00390004333381482	0.0914687733290495	-0.3810416695054	-1.38823949516057	26	242	TAS2R20|ESPN|BCO2|OR8G5|APOA1|CTBP2|STX1A|RDH16|RETSAT|EPB41L1|BSN|LHFPL5|OR2B6|WHRN|GNB3|EPS8|APOE|CHRNA10|TRPM4|ABCA4|TAS2R5|OR2T33|OR4D9|OR5A1|GUCY2F|OR2A4|RDH12|CACNA2D2|GPC1|OR2T8|HSPG2|TRIOBP|CDH23|CNGB1
GSE29164_CD8_TCELL_VS_CD8_TCELL_AND_IL12_TREATED_MELANOMA_DAY3_UP	0.0039549741405537	0.0925408634565921	0.362539102690672	1.38627214055015	12	199	ZC2HC1A|PGAP1|CCNG2|YOD1|SNX18|ATP6AP2|ENOPH1|TTPAL|CAMSAP2|USP38|TMCC1|RNF2|HACD2|CORO1A|MBTPS2|MEF2A|BNIP3L|RINT1|LYSMD3|PALS2|MXI1|SLC30A6|NAA15|AP3M1|HSPA14|RBM41|TAPT1|MED13|SLC19A2|ACOT11|ACSL4|RNF144A|ATP6V1D|DLAT|PRRC1|CDC14B|INTS12|TDRD3|ZDHHC20|EIF3C|DBT|CEP44|FXR1|WIPF1|CNOT2|TSN|SCAMP1|SEMA4A|RABGAP1L|NNT|PRKD3|NPAT|HMG20A|CFAP20|CEP78|MTF2|ITM2B|ING2|API5|CEP170|ABCB7|AGPAT5|PTPRA|SUCLA2|POLR3F|ATP6V1A|GARS1|HMBOX1|ARL6IP6|STX17|ZDHHC7|SPOP|PNPLA8|SCAI|PHF10|VDAC3|PSMA3|UFSP2|MRPS2|MINDY2|TGFBRAP1|AMPD3|PPP1R15B|BCL2L11|ATP7A|TRAK1|DIP2A|PRKCD|RWDD2B|ZCRB1|SIRT3
GSE23114_WT_VS_SLE2C1_MOUSE_PERITONEAL_CAVITY_B1A_BCELL_DN	0.00404166018964713	0.0943492674039021	-0.429744721596304	-1.47124043110384	25	137	SSC4D|AMH|TP53I11|SAMD11|C3|IRX5|NDOR1|REN|HEPACAM2|BTN2A2|MIR3945HG|HCST|DBP|MRPL14|TNFRSF8|SLITRK6|IER3|ICAM1|STXBP5-AS1|NRTN|SLC27A6|CASZ1|PTPN3|DISC1|EIF3LP3|KLK8|LINC00574|AMPD2|LINC00896|TBC1D8|ARMC5|MROH6|NFE2L1|CDC42EP4|PARP3|PER1|B4GALT2|FBXL6|MANEAL|CEP170B|IQCK
GSE22443_IL2_VS_IL12_TREATED_ACT_CD8_TCELL_UP	0.00412970327317222	0.0961808850489624	-0.415578678464474	-1.44784955238178	26	159	ASCL2|FOXD2|TCEA2|PAQR6|FAM234B|DBNDD2|TMEM52|LMF2|HOOK2|AATK|RNASEH2C|TCL1A|HSF2BP|CAPN11|DAGLA|LIAT1|ST6GALNAC6|TMEM44|CRYGS|SHFL|KSR1|RTKN2|NKPD1|PIGR|EXOSC5|MAD1L1|PIP5KL1|RRP12|TRMT1|RAB11FIP3|NOL3|PRTN3|LIFR|VPS8|NCAPH2|PTGES2|TMEM102|FUT1|NRGN|CENPB|NUP188|MRPL46
GSE9988_ANTI_TREM1_VS_CTRL_TREATED_MONOCYTES_UP	0.00419790104947526	0.0975428952190571	0.3605412757204	1.3699126112442	13	189	OSGIN1|CXCL8|KBTBD8|HECW2|EGR3|COL15A1|GNA13|EGLN3|SNX33|DTL|CLDND1|CKS2|HIC1|PHLDA1|AFF4|KLF10|EGR1|B3GNT5|MAPK6|NR4A2|SPRY2|ZFYVE16|SNAPC1|FNIP2|GCLM|TRIB1|SLC38A2|GTF2A1|HOMER1|PLPP3|RRAD|S1PR3|SPP1|LINC01010|EGR2|SGMS2|RIT1|ELL2|ANKRD28|TCEAL9|USP53|TMEM38B|HBEGF|DDX5|NAA50|RHEB|CHSY1|TMEM70|ZBTB21|KLHL6|TMEM217|GCNA|TAF9|ADO|ETF1|EFR3A|USP12|NSMAF|RAB1A|SGMS1|ATP6V1B2|TFRC|IL1R1|HSPA9|PNP|ATF3
GSE41867_DAY6_VS_DAY8_LCMV_CLONE13_EFFECTOR_CD8_TCELL_DN	0.0042181379933715	0.0977867648440256	0.364802790227555	1.39417696642506	13	196	PCYOX1L|NXT2|LIPG|MAP3K10|SNX16|FITM2|MFSD14A|LURAP1|SLC39A10|RNF2|ARID5B|RNF13|CPEB2|YES1|UAP1|MYNN|FMNL3|STT3A|LYSMD3|HIBCH|SLC44A1|ADD3|ZNF383|SIAH2|ZNF821|RP2|UTP11|SLC38A2|UGCG|KCTD14|FLCN|DCAF17|DYRK1A|PDE12|ZDHHC20|DONSON|MBNL1|DDX18|CNOT2|SCAPER|NSA2|FAR1|PRDX6|SEC24A|MAPRE2|ZNF566|CDK2|MGA|RPUSD4|WWP2|GABPA|TMEM126B|MFSD14B|OTUD6B|EFL1|DCUN1D1|INTS6|HACD1|SLC4A1AP|AVL9|BZW2|CDC73|LATS1|FAM120AOS|TRMT10C|C1GALT1C1|ORMDL1|GNE|SLC35B1|PRMT5|ZNF317|FBXW7|PAIP1|RNF146|USP4|PPP2R5A|RAD17|ACADM|NUDCD1|OXR1|PURB|AGO2|AMIGO2|ZHX1|MTFR1|NAA16|SNAP23
SANSOM_APC_TARGETS_REQUIRE_MYC	0.00425469483568075	0.0984069741026806	-0.389400383601524	-1.40315610771922	28	214	ASCL2|PCBP4|SYTL1|STOML1|NCEH1|MUTYH|TFPT|NBEAL2|MFSD13A|SRD5A3|RNASEH2C|SEMA3B|D2HGDH|DTYMK|C17orf49|NSUN5|HAGHL|SLC29A2|MED22|MAPK7|AXIN2|USP20|DUS3L|TXNRD2|POMT1|WDR4|POLE|PMF1|SRM|QTRT1|CAD|MBD3|GTPBP3|TELO2|MYBBP1A|SFSWAP|RAD54L|GTSE1|VARS1|SIVA1|TGIF2|RGS12|DYNC2I2|YJU2|GIPC1|THOP1|DPH2|HES6|BID|TK1|LMNB2|ZNF213|SRGAP2|QTRT2|TIMELESS|ANKRD39|SAPCD2|DNLZ|ZBTB48|PDXK|ATRIP|MCM3|MCM7|POLR1A|ADAT1|RAD23A|CCT7|LANCL2|TXNRD3|METTL13|SMYD5|FHOD1|NOP56|AAAS|EMC8|CITED1|YAE1|HIRA|PPAN|RNASEH2A|WDR62|RPS13|DENND6B|FADS3|METTL1|KAT2A|NHP2|CDK4|SNRPF|NOLC1|GEMIN5|POFUT1|LDB1|MUS81|SLC35B2
REACTOME_PEPTIDE_LIGAND_BINDING_RECEPTORS	0.00426877470355731	0.0985056562627777	-0.451399371621923	-1.50075391275072	26	108	NPFFR2|MC1R|ACKR1|CCR7|C3|NPW|KISS1R|NPB|C5|CXCL1|APLNR|CXCL16|CCK|KEL|ECE1|C5AR1|NPFF|GALR3|GAL|PSAP
OCONNOR_PBMC_MENVEO_ACWYVAX_AGE_30_70YO_7DY_AFTER_SECOND_DOSE_VS_7DY_AFTER_FIRST_DOSE_UP	0.00431898812278266	0.0994357861846155	-0.421836693922346	-1.45386120721145	27	145	CROCC|CSNK2A3|CCDC12|TYMP|HOMER3|APOL1|LPCAT4|ACAP1|CCDC167|MZT2A|UBL5|MRPL41|NAA38|ROMO1|CHD4|MED15|MICOS13|BRD3|MYO1G|PCNX3|AKAP8L|PET100|SUPT5H|LSM7|MED24|DIAPH1|DYNC1H1|HDAC7|ANKRD13D|PLEC|MYL6|TUBGCP2|SIVA1|TBC1D17|TMEM250|FKBP2|NOSIP|RRP7A|STUB1|SUPT6H|TTC17|TIMM17B|SPTBN1|NRBP1|ZNF512B|PSMC3|RDM1|FLNA|ARL6IP4|MRPS16|UBE2Z|ERGIC3|CARS1|HMGA1|HYMAI|CLASRP|EIF3B|CUX1|ACIN1|KDM2A|C7orf50|PPP2R1A|TMEM256|RPL13|USF2|BRMS1|USP21|LETM1|CBX5|RPRD2|TRAPPC10|WASF2|GTF2F1|SND1|TRIM4
GSE39820_CTRL_VS_TGFBETA3_IL6_IL23A_CD4_TCELL_DN	0.00434196736038329	0.0995083752591951	-0.401134914715031	-1.42146877895079	28	184	ESPN|PCBP4|C3|AHRR|SMPD1|AMDHD2|PPM1J|MIIP|TRPM4|ITGA7|TGM1|CXXC1|OCEL1|FASTK|NR1D1|TAF6L|ARHGEF10|AREL1|GNA11|BIN1|RPS18|MCRIP1|CDIPT|PITX1|TRPC4AP|CERS4|TPGS1|UCP2|RGS19|FIZ1|MUL1|MALT1|SUSD3|MED19|CRELD1|VARS1|RNF220|PHETA1|RNF149|SMIM14|YJU2|GPR180|APEX2|KYAT1|SOCS3|STN1|PIP4P1|NINJ1|CCNO|PMP22|CENPB|CPT1A|GFER|BRF2|FANCE|SCPEP1|TUBA3C|PTTG1IP|SNAPC2|MAEA|CCDC107
REACTOME_METABOLISM_OF_FAT_SOLUBLE_VITAMINS	0.00433651344319167	0.0995083752591951	-0.588567494064769	-1.6524735409697	24	38	BCO2|APOA1|RETSAT|APOE|GPC1|HSPG2|AGRN|SDC4|VKORC1|GPC2
AIYAR_COBRA1_TARGETS_UP	0.00437445319335083	0.10002451288122	-0.607149687904257	-1.66733286499587	24	34	UBL3|MAPK8IP2|TPBG|IFITM1|SLC52A2|C1orf159|APOD|METTL25B|TIMP1|TRIB3|ASNS|NENF|FBXL6|DNAL4
PUJANA_BRCA_CENTERED_NETWORK	0.00439077936333699	0.100169643748129	0.408497394152673	1.45726119928064	15	118	CDC7|TOP2A|TBCA|RFC4|PPP1CC|CCNA2|MSH2|DNA2|SMC2|GINS1|POLA1|NAE1|NDC80|COPS3|MAD2L1|NFYB|CNOT3|CDK1|SMC3|RRM1|RBBP4|RB1|DCP2|RBBP8|NCK1|PPP2R5C|TCERG1|ABCB7|RAD21|PCNA|PSIP1|SMC4|NEMP1|BUB3|LMNB1|BLM|RFC3|TFDP2|PAICS|SKP2|SSBP2|ATM|EIF3H|RNASEH2B|RAD51AP1|SUZ12|POLR2B|TOP1|MED20|NCAPD2|HMGB2|SEC31A|BRCA1|ASF1A|TAF11|CHEK2|CSNK2A1|XPO1|AATF|LBR
GSE13547_WT_VS_ZFX_KO_BCELL_ANTI_IGM_STIM_2H_UP	0.00440528634361234	0.100272708202224	0.374639456048316	1.40452819576795	14	171	SLC35A3|MRPL1|CDC7|MEMO1|PLK4|EIF2A|HAT1|DTL|BLTP3B|PSMC1|CAPZA2|RARS1|IL18R1|KNL1|PALS2|LRPPRC|PLAA|RRAS2|RPF2|TCP1|GMPS|NUP133|MAD2L1|IL1RL1|RRP15|EXOSC9|SDHD|SRP72|RRM2|COPS5|UBA2|ETFDH|DDX52|NAA50|RRM1|SEPTIN2|COX7B|STMN1|CLNS1A|RACGAP1|IPO5|MIX23|ATR|GOLM2|GGH|HMGB1|HSD17B12|HMGCS1|WEE1|BRIP1|LTV1|DDX21|ATAD5|DLD|UBE2V1|BZW1|AHCY|CDC25C|DKC1|PPAT|BLMH|EIF1AX|CCNB2|VIM|EXO1|CPSF6|SNRPD1|DEPDC1|POLR2B|PRMT5|MRPS9|KIF23|PLA2G12A|IMMT|RPA3|CEP83|BANF1|XPO1|RBM3|MTPN|CDC6|IGF2BP3|CHML|USP3|DBI|THYN1
DESERT_PERIPORTAL_HEPATOCELLULAR_CARCINOMA_SUBCLASS_UP	0.00443599493029151	0.100515839978027	-0.452210948746365	-1.50634667531155	27	110	OGDHL|HPX|ANPEP|CYFIP2|APOA1|CD14|ATRN|RDH16|ABCB4|CBS|DHRS1|ECM1|CPEB3|LCAT|PEMT|PBLD|FXYD1|CYP4F2|CPS1|ERO1B|ESR1|GNMT|PXMP4|ALDH8A1|LRRC20|ACACB
GSE6269_E_COLI_VS_STAPH_AUREUS_INF_PBMC_DN	0.00443221763716949	0.100515839978027	-0.412018743486282	-1.43642946526028	28	160	PCNX1|ANPEP|CD14|HOMER3|KMT5AP1|LPCAT3|EREG|GRN|CLN3|NBEAL2|APLP2|COPE|TSPAN4|POR|ITGAX|RRBP1|PDLIM7|IER3|APOBR|ICAM1|STAB1|FBXL15|SIRT7|MGAM|NRG1|MYDGF|INPPL1|YIPF3|IGF2R|CTSD|SLC26A6|NPDC1|PISD|ELOVL1|GPAA1|NDST1|TK2|FKBP2|LAMP1|ZNF668|SDF4|NIBAN1|CAPG|NEU1|CHPF2|LPAR2|PDIA5|TPRA1|ELL|S100A6|SRRT|ATP6V0B|CPT1A|CC2D1A|CDC42EP3|PDXK|BCKDK|ASL|HIP1|TOR3A|LTB4R|EIF4G1|ADAM8|P4HB|FHOD1|TKFC|APMAP|RAB27A|NT5DC2|MYO5A|LIMK2|PDIA6|RNF19B
NABA_MATRISOME_HGSOC_OMENTAL_METASTASIS	0.00446045633899468	0.100842479123488	-0.564430600120058	-1.62165790148255	25	43	HPX|AEBP1|CILP|CTHRC1|PCOLCE|TIMP1|PLOD3|P3H1|CTSD|AGRN|MFGE8|S100A6|SERPINF1|S100A13
GSE22886_UNSTIM_VS_IL2_STIM_NKCELL_UP	0.00449775112443778	0.10122965423118	-0.40172947968633	-1.41928873698271	29	179	DPEP2|TYROBP|H2AC11|ZFTRAF1|AKAP13|BSCL2|ATXN1|PBXIP1|CCS|BTN3A1|UBA7|DGLUCY|IZUMO4|DYRK2|SGSH|MAN1B1|MICALL2|SPSB3|ACTMAP|SLC26A10P|LRRC37A3|TRIM10|CLCN7|IRF3|CDKN2D|PIK3IP1|IP6K2|RPL13A|MED15|CMKLR1|AKAP8L|CHRM4|YPEL1|CLCN6|OXLD1|APBB3|SLC35D2|SIDT2|VPS39|GNB5|VPS11|TSC22D1|LMBR1L|HDAC5|SDHA|BTD|PAIP2B|PCNT|ZER1|NNMT|SUPT7L|RPS12|ZNF226|MED25|NOP53|RNASET2|NUMA1|ABCD4|CLEC2D|SIK3
GSE7400_CTRL_VS_CSF3_IN_VIVO_TREATED_PBMC_UP	0.00449236298292902	0.10122965423118	0.363713085605699	1.38334089540487	14	190	SERINC5|ZNF14|ATXN7|FAM135A|ZNF573|KLRF1|MBLAC2|TMCC1|SLC39A10|PCBP1-AS1|ZBTB41|EIF3E|PJA1|SCFD2|AKAP11|ABCE1|TFB2M|IPO7|SACS|PTGES3|ZFAND1|NUP35|SHQ1|UTRN|LRPPRC|PRKRA|NUP160|SNRPN|SMARCA5|ZXDB|TTC39C|TXK|BEX3|EHD3|GNPDA2|RNF144A|ABHD14A|TRIAP1|ZNF792|SSB|BCL2|EEF1A1|NSA2|CAPN7|HSPD1|METTL4|TUBB1|NIFK|EIF3J|ZBTB21|HMGN3|RICTOR|MYC|OSTC|CLNS1A|SNAPC5|MAML2|IDH3A|BCLAF1|TCERG1|MRPS33|MRPL3|RSL1D1|TAF4B|RPF1|MPHOSPH10|GNL3|SRPRB|DDX20|RPL5|TTC27|ICE2|DKC1|SUN1|SH3YL1|BNIP3|FUNDC2|POLR1F|RRN3|SSX2IP|OGA|FBXO4|SPARC|NFX1|PLA2G12A|PAQR8|VPS13C
GSE22935_24H_VS_48H_MBOVIS_BCG_STIM_MYD88_KO_MACROPHAGE_UP	0.00451399337947638	0.101367931863946	0.366937893846504	1.38805135539355	14	184	IFIH1|RGS2|ABCC3|NT5C3A|RUNX2|CLDND1|LAMP2|RAB29|NBN|NAP1L5|CIP2A|ABCD3|PNPLA7|ETNK1|RRAS2|MSANTD2|RANBP9|CDC27|ATP6V1G2|POU3F1|MLC1|SERINC4|SGCB|EGR2|DLAT|GALNS|IFT57|CSRP1|IL10RA|SUPV3L1|VRK2|PHTF2|EMC2|B3GNT2|NDUFA5|WIPI1|BFAR|PRKD3|NEK1|HMGN3|ABHD5|RNF14|TMEM243|QKI|SMPDL3A|SERTAD3|NCK1|ARL4A|DOC2A|FBXW11|PTPRA|SEPTIN11|WDR31|SGMS1|AVL9|STK4|PLAAT3|ANKRA2|CHCHD3|TBC1D23|UBE2V1|FAF1|SAV1|EIF2D|RAB10|NCOA5|PARP9|FIP1L1|NFIA|DOCK2|GOT1|ASAP1|MPP1|SLC25A17|STK38|HEXB|KRCC1
GOLDRATH_HOMEOSTATIC_PROLIFERATION	0.00454287336740488	0.101430823329696	0.388884675533623	1.4250013175451	15	144	SMN2|MSL2|KCTD12|RNF11|CETN3|IL10RB|ITFG1|PSMC6|DUSP19|NABP1|PRPS2|AMZ2|SIAH1|MACIR|AK6|STT3A|IPO7|PTGES3|C3orf38|RECK|RAD23B|SOS2|RHOA|PPA1|ROCK1|CPSF2|UBE2E1|WIPF1|UBQLN2|BCL2|ATP11A|CACYBP|NIFK|EIF3J|BAG2|TRNT1|CREB1|IPP|PARK7|MRPS33|QDPR|SFXN1|SEC62|BZW2|PSMC5|PACRGL|PBRM1|FUBP1|VTI1B|YME1L1|PCBD2|SFPQ|VDAC2|STRN|PDCD2|MACROH2A1|CMBL|GK|CHEK2|YIPF5|IMPA2
GSE22589_HEALTHY_VS_HIV_AND_SIV_INFECTED_DC_DN	0.00453172205438067	0.101430823329696	0.363955749523186	1.39167755434332	14	197	TMTC3|CCDC120|ZBTB26|PRKCH|NUS1|MED18|ALG11|SNX18|MBNL2|LTN1|KIF18A|HS2ST1|DNTTIP2|OTUD1|INTS13|ABHD3|CGGBP1|FOXJ3|C5orf34|PROCR|ZFTA|POLA1|RAB6A|IRGQ|SPAST|USP31|SLC19A2|MRPS6|RAP2A|TNKS2|LINC01160|FLCN|AGL|CIR1|OTUD7B|SLC25A14|PCNX4|SMG8|WIPI1|CASD1|MYB|DNAJB11|NNT|MAPRE2|C6orf120|FGD6|C4orf46|HMG20A|ABHD5|NF1|RPL4|SLU7|PTPRJ|UBE4B|ALG10|B3GALNT1|TMEM87A|UBE2A|CENPJ|ZDHHC7|SKP2|KPNB1|MTMR9|EXO1|TAF3|PPP4R3A|ANO6|RPRD1B|PRKX|IMMT|MRPL45
KEGG_MEDICUS_REFERENCE_CA2_ENTRY_VOLTAGE_GATED_CA2_CHANNEL	0.00454710803928701	0.101430823329696	-0.758910439981612	-1.76106447654695	24	16	CACNA2D2|CACNA1A|CACNB3
GSE2124_CTRL_VS_LYMPHOTOXIN_BETA_TREATED_MLN_UP	0.00459840588595953	0.10234766803384	-0.41515031494648	-1.44430747905324	29	158	GZMM|WNT11|BFSP1|ITGA4|SNORC|RPL28|COX6A1|STK36|C17orf99|LMF2|CCDC167|COX6B1|CRYBA4|DENND1C|TEKT5|SLC39A2|KRT4|SLC23A3|SVOP|RPL18|RPL13A|KSR1|MET|C2CD4B|SH2B2|GAL|RPS6KL1|MOK|P2RX6|SLC16A3|RPS10|RPS16|GGT7|UBR4|KCNN1
BLANCO_MELO_BRONCHIAL_EPITHELIAL_CELLS_INFLUENZA_A_INFECTION_DN	0.00462198745460548	0.102644933781703	-0.494351370741394	-1.55528908040153	27	73	ANPEP|RHPN1|BSPRY|CASTOR1|CTU1|NOXA1|ECM1|PPP1R14A|B3GNT8|NICOL1|TGFBR3L|VSIG2|TMEM160|COMTD1|RECQL4|IDI2-AS1|ANKRD23|EMP2|NUDT8|TPGS1|ANKRD9|PDF|GCHFR|TEDC2|CCDC74A|PRR7|TBX1
HOFT_CD4_POSITIVE_ALPHA_BETA_MEMORY_T_CELL_BCG_VACCINE_AGE_18_45YO_ID_56D_TOP_100_DEG_AFTER_IN_VITRO_RE_STIMULATION_UP	0.00466562986003111	0.10338541398453	-0.579784633925176	-1.64347041863925	26	40	PLEKHN1|SLC39A3|HYOU1|MOGS|SREBF1|PALD1|TMEM160|YDJC|SNU13|RAI1|AGRN|SLC39A4|GNL3L|TBC1D17|UQCC3|PAFAH1B3|HSD11B1L|OGFOD3|FAM219A|TAF6|METRNL|NOC4L
MEISSNER_BRAIN_HCP_WITH_H3K4ME2	0.0046999276934201	0.103916022437337	-0.734648068176287	-1.73258299610086	25	17	MESP2|SHISA7|B3GNT8|YBX2
GSE7764_IL15_TREATED_VS_CTRL_NK_CELL_24H_DN	0.00473372781065089	0.104099474213654	0.370645721709494	1.39106364293004	15	173	CNRIP1|SLAMF6|TSPAN32|FCGR2B|ATXN7|AKAP5|IFIH1|AGO4|KCTD12|TSKS|RRM2B|SERPINI1|SLC38A9|DNAH8|TFPI2|RBM11|CPEB2|IMPACT|VSIR|NAP1L5|KDM7A|L3MBTL3|PTGS1|B3GNT5|MACIR|RFX5|CFAP210|RBAK|ZNF493|UTRN|ZNF274|TOB1|NCALD|ICA1L|ARSG|RSAD2|LINC01160|SYNE1|IFIT1|S1PR1|PLXNC1|BACH2|USP33|PCMTD1
TURASHVILI_BREAST_DUCTAL_CARCINOMA_VS_LOBULAR_NORMAL_UP	0.004739336492891	0.104099474213654	0.478131559082172	1.57104207446514	18	68	FBN1|FAR2|CCNE2|DTL|MGAT2|TOP2A|ANLN|THAP6|IFIT3|NUSAP1|TIGAR|RRP15|FUT8|NAA25|TRNT1|RACGAP1|UBE2D1|PRR11|SGMS1|STK4|TRIM59|B3GALNT1|LRR1|STMP1|GLRX3|INTS7|PNP|DENND1B|KCMF1|RMND1|MCM9|MELK|ASPM|UBE2D2
WANG_CLIM2_TARGETS_DN	0.00473372781065089	0.104099474213654	0.371186525343882	1.39309332310628	15	173	SAMD9|MEX3C|GNA13|GABRR2|BLZF1|LGALS3|SLC25A44|CAPZA2|RARS1|STXBP3|IMPACT|RCHY1|RIMOC1|PEX1|GULP1|MYNN|SYPL1|ETNK1|IFRD1|COIL|RP2|TNKS2|TRIM2|IFIT1|RAD23B|MYL12B|RRP15|ASB3|DPM1|NSUN4|ACER3|MBNL1|BTBD10|COPS5|ZNF292|TOPORS|IFI6|RDH11|RFC5|HBS1L|CD24|HNRNPK|PGM3|SEC23A|ATE1|ZNF91|ATG12|RNF14|TIPRL|CLIP1|UBQLN1|CHMP5|ITM2B|HNRNPA1|MTMR2|HMGCS1|RBM48|NCOR1|PRPF40A|ATP6V0E1|REST|AKIRIN2|CCT6A|ZNF281|IDI1|GALNT7|MSMO1|STAT1|PCBD2|NAA35|FAM149B1|CRK|PPP1R13L|ZNF765|CDIN1
GSE34006_A2AR_KO_VS_A2AR_AGONIST_TREATED_TREG_DN	0.00478040035853003	0.104772180783678	0.361792952286922	1.3771542977192	15	191	CFL2|SELENOT|CCN1|TRIM23|BTBD1|HS2ST1|TP53INP1|MTREX|SIAH1|ARL8B|ERI1|MMADHC|CALN1|CRLF3|PTGES3|AAK1|RMND5A|ABCB10|MAPK8|WTAP|CBFB|TRMT1L|CNOT6|PCNP|EIF2B2|TDRP|SYCP3|GNPDA2|CNBP|NFYB|DUSP10|CAB39|KLHDC2|MED23|TDP2|PELI1|CNOT2|ZNF292|DLG1|SSR1|MYB|KDM3A|SMC3|PDE7A|CDKN1B|RLF|TRIT1|GBE1|APEX1|ATG12|SECISBP2L|SENP1|KBTBD2|ETF1|SLC30A9|CNDP2|AVL9|PSMD11|TRIM59|PAPOLG|MORF4L1|TAX1BP1|AKIRIN2|ZYG11B|ZNF326|SMAD5|UBR1|VTI1B|VCF1|NSMCE4A|SSX2IP|OGA|PIP4K2A|KDM1A|UBP1|GOLGA5|GPATCH8|TMEM223|ATG16L1|SECISBP2|KLHL42|CCDC82|ING3|CDK16|FBXO8|TBRG1|PARG|USP9X|NANP|YTHDC1|NRBF2|UBXN2B|ZNF639|TM9SF3|USP7|PTGR3|TMEM60|SASS6|HNRNPC|SLC38A1|TIMM22
GSE22432_MULTIPOTENT_PROGENITOR_VS_CDC_DN	0.00482363581549593	0.104903049237045	0.363034466783748	1.37728411276124	15	188	KBTBD8|SGO2|UBTD2|DARS1|RSL24D1|PBK|INTS13|PHLDA1|PAQR3|CCT8|RINT1|UTP18|SYPL1|PTGES3|DDHD2|YWHAQ|HPRT1|OAT|PICALM|FAM13B|NUP37|MRPL50|MPHOSPH9|TCP1|SMARCA5|SLC4A3|RHOJ|EPB41L4B|LARP7|RAP1A|CHTF8|RRP15|NDUFV2|SLC20A1|HERPUD1|PANK1|PSMG2|TIPIN|NFATC2|LAMTOR3|PCNX4|TAF1A|LCP1|ZNF627|CCT4|NNT|BORA|NIP7|FH|VRK1|CEP152|ATP13A3|SUCLG1|CFDP1|PIGX|MPHOSPH10|BRWD1|MPHOSPH6|HPF1|BUB3|CCDC115|IL1R1|DKC1|NDUFAF2|TMX4|EEF1E1|PGM2L1|SFPQ|DEPDC1|RLIG1|FYTTD1|KIF23|SMN1|NUDT4|RAD17|NAP1L1|GPSM1|HNRNPA3|GLRX5|CALU|ARL2BP|FAM217B|YEATS4|FANCL|AATF|WDR55
GSE24574_NAIVE_VS_TCONV_CD4_TCELL_UP	0.00482654600301659	0.104903049237045	-0.404771448937603	-1.42448201208442	31	174	PCNX1|IL11RA|COL14A1|PLA2G6|SEC31B|CD37|AURKC|MT2A|RPS28|RPS20|PBXIP1|IFITM1|ASIC3|EREG|ACAP1|TNK2|UBA7|IZUMO4|SH3PXD2A|SUN2|ARHGAP4|ARHGAP45|PLXNA2|CASQ2|GUCY2F|LGALS3BP|P2RX5|PIK3IP1|DGCR2|NME3|RBM38|ADAM11|IFITM3|CHD3|DMPK|TRADD|BIN1|MYO9B|SORBS3|HPGD|SLC2A3|ERICH1|RHOB
GSE7768_OVA_ALONE_VS_OVA_WITH_LPS_IMMUNIZED_MOUSE_WHOLE_SPLEEN_6H_DN	0.00482817381425731	0.104903049237045	0.388964490788794	1.43118647607543	16	148	CD44|MEX3C|FCGR2B|GNA13|MX2|CCL5|SLC49A4|CLN5|RFFL|CCL4|RNF2|CCRL2|TBC1D2B|TMEM168|MAPK6|NDFIP2|CRLF3|TRIM13|SKIL|RNF6|COP1|RBM7|MED21|SCN4A|RSAD2|ABR|DOCK10|MAMLD1|CD274|ICOSLG|SBDS|FOXP1|IFT57|SAMSN1|NFE2L2|REL|DNAJA2|HBS1L|PPFIBP1|SDE2|CYBB|PSMD10|LMBRD1|EEIG2|RNF14|NOD1|GTF2B|NCK1|KBTBD2|PTAFR|PLSCR1|SEPTIN11
ZHOU_INFLAMMATORY_RESPONSE_FIMA_DN	0.00482470247668061	0.104903049237045	0.346461986246979	1.34742920390703	14	236	AJUBA|SETDB2|DCP1B|MLYCD|LBHD1|SLAMF6|NUDT12|DPF3|ZNF165|ZNF362|STEAP1|SNX18|MS4A6A|FGD4|CDS1|MBLAC2|PRMT9|TMCC1|CNOT8|ATG4C|VSIR|USP2|FASTKD1|MRTFB|HEATR3|ZNF785|ZNF555|SPRY2|RPAP3|PRIMPOL|RCBTB2|ARHGAP8|TIGAR|OTUB2|SCN8A|ZNF540|CYTH4|EHD3|BICD1|DOK3|ZBED5|ZNF718|SLC20A1|CCDC148|CRBN|DBT|RPE|WIPF1|VIPAS39|RABGAP1L|CHD9|MIS18BP1|TENT4B|SLF2|TRIM32|CITED2
DOANE_BREAST_CANCER_ESR1_UP	0.0048480930833872	0.105108333414775	-0.484647505643661	-1.55372918826629	29	82	CCDC170|ELAPOR1|IFT122|GDF15|SEMA3B|CFD|RND1|STC2|CA12|GREB1|ESR1|MUC1|MAP3K12|DUSP4|DACH1|SELENBP1|RHOB|CERS4|HEMK1|EVL
MANNE_COVID19_NONICU_VS_HEALTHY_DONOR_PLATELETS_UP	0.00497822028624767	0.107696929382229	-0.425196580306333	-1.45743247939467	31	139	VASN|CLDND2|NPW|EXOC3L4|APLP1|IRF7|ZBTB49|P2RX4|IFITM1|METRN|MAPK12|MIIP|ZNF701|TSPAN4|IFITM2|SERPINH1|NICOL1|HERC6|TMEM208|LGALS3BP|PIK3IP1|UQCC5|CAPN12|NR1D1|FLYWCH1|EFNA1|KEL|FDXR|IFITM3|ADPRM|ANKRD45|ISG15|AMHR2|PPP6R2|STOML2|ADCK5|C19orf81|SMIM1|TIMM10|TPRN|H2AC25|PFDN2|TAPBP|MMP17|TGIF2|WNT5B|UQCC3|PARP12|CLN6|LPAR2|LY6E|MINDY4|RELB|CTNNBL1|CDCA7L|HBE1
GSE29164_UNTREATED_VS_CD8_TCELL_AND_IL12_TREATED_MELANOMA_DAY7_UP	0.00512202470623682	0.110569643013344	0.361323850410642	1.38088140539799	16	196	ITGB7|PTPN6|CCNG2|C2CD5|IL10RB|EMSY|HMGN5|SOCS6|ABHD17B|CORO1A|EXD2|CTSS|ENTPD7|MARCHF5|ZNF277|MYNN|SLC30A6|GAS2L3|XPO7|SPAST|POGLUT2|AGPS|SLC38A2|OCRL|ATG10|DAZAP2|DLAT|PCMTD1|INTS12|YTHDF2|RBL1|EIF3C|ACER3|RTN3|LAMTOR3|USP45|NR2C1|EXOC6|CNOT2|TSN|FBXO45|ZMAT3|SMC3|PTPN12|MOB1A|FBXO33|HMG20A|RICTOR|CYRIB|GDE1|TMEM68|ARL13B|CR1L|TMEM245|INPP5B|ATP13A3|ZCCHC9|POLR3F|PANX1|IPO11|ATP6V1A|RNF168|HPF1|EXTL2|MYCBP2|FAM120AOS|ZDHHC7|TRAK2|SRPK1|NUP50|ZZZ3|TMX4|NCOR2|VIM|OGA|RPRD1B|MAP3K5|MINDY2|TGFBRAP1|ATXN3|CSE1L|RPS6KA3|BCL2L11|NUDT4|AFG1L|PPP2R5A|GOLGA5
RIGGINS_TAMOXIFEN_RESISTANCE_DN	0.00513595166163142	0.11063236647952	0.363041806054628	1.38818285859309	16	197	SLC35A3|PRNP|SERINC5|IFIH1|RGS2|CNR1|INSIG2|ARID5B|LAMP2|UBA6|HS2ST1|LRBA|ZBTB18|CPD|LGALS8|RANBP2|GULP1|NIPSNAP2|AKAP11|PLEKHA5|SATB2|MXI1|NAB1|NAA15|SP3|TMEM123|PDS5A|SCCPDH|CLK1|THAP9-AS1|SMARCA5|PMS1|UGCG|IGFBP5|INPP4B|RPS6KA2|IFIT5|SHTN1|NFYB|TCEAL9|CARD10|DSG2|PHTF2|WAC|GTF2E1|IFI6|RBPJ|PYGL|NAMPT|DLG1|UXS1|RABGAP1L|PTPN12|NNT|CLGN|ADAM10|MRPS30|CD47|CUL3|PAPOLA|ZNF217|PLAAT4|RBM47|MFAP3L|FRYL|CLUAP1|EFR3A|NMI|PLCB1|HMGCS1|SLC30A9|ARFGEF1|NFU1|ZNF148
GSE29164_UNTREATED_VS_CD8_TCELL_TREATED_MELANOMA_DAY7_DN	0.00517110266159696	0.111151024661906	-0.409178371758199	-1.43041603934043	33	164	STS|SMAD7|SLC30A4|COL25A1|MAPK13|TCTN2|EVI5L|NOL12|SLC52A2|HYOU1|FXYD1|JSRP1|CXCL16|APOD|PPFIA4|NAPSA|RPS9|FYN|SNX21|SERPINE1|THEMIS2|RHOF|PSMG4|C12orf57|EXOSC5|VPS72|BCAT2|RPUSD1|DIRAS1|GATD1|ARID3B|CRTC1|PDGFA|WDR83OS|EPHX1|FLNB|EXTL3|FBXO10|DCTPP1|CEP170B|DHX8
MATSUMIYA_PBMC_MODIFIED_VACCINIA_ANKARA_VACCINE_AGE_18_55YO_VACCINATED_VS_CONTROL_TREATED_IN_VITRO_WITH_MVA85A_6HR_UP	0.00532086423734279	0.114125716270186	-0.480192715009312	-1.54366033922453	32	84	H4C4|TAGLN|ANPEP|NOTCH2NLA|CD14|HLX|EXT1|CXCL1|P2RX4|IL4I1|ZC3H12C|ITGAX|MFSD2A|IER3|ADAP1|LYL1|RPP14|TBC1D10A|SDC4|CTSL
GSE9960_GRAM_NEG_VS_GRAM_NEG_AND_POS_SEPSIS_PBMC_DN	0.00534600534600535	0.114420472629428	0.360911661534125	1.38053585882675	17	195	NAPEPLD|ARRDC3-AS1|ZNF14|PEX12|ZNF583|C2CD5|ZNF573|CCNG1|DET1|ENOPH1|NCOA2|TMCC1|HAT1|PDIK1L|TMEM106B|ZBTB41|VPS54|RSL24D1|LRBA|TRUB1|PIK3C2A|ZNF8|PJA1|ZNF184|AASDH|CUL4B|SERGEF|CRYBG3|CCNB1|TFB2M|FAM199X|SLF1|CIBAR1|CRNKL1|ETFA|SNRPN|FGFR1OP2|NUP133|SYTL5|SGMS2|ARL3|SOS2|PGM2|CPOX|MED23|CTNND1|TRIM52|DTWD2|SPCS1|ZNF582|PRMT3|PSTK|BAG4|ADNP|ZBTB9|ATP6V0E2|NRF1|TNKS|OGFOD2|GOLM2|KIAA1586|S100PBP|KLHL7|ATAD2|ZNF473|ZNF2|FBXO11|GFM1|RNASEH2B|GALNT7|FDXACB1|HIF1AN|GORASP2|POLR3C|ANO6|ATP5MJ|ALG5|CKMT2-AS1|TSEN15|RBIS|TOMM22|ZNF548|ZKSCAN4|SNAP23|TPMT|ZNF28|COX11|RP9P|GMCL1
REACTOME_RESPIRATORY_ELECTRON_TRANSPORT	0.00538627269929209	0.115037032671264	-0.414816094340846	-1.43843870103889	34	154	COX6B2|PNKD|COX8A|UQCR11|COX6A1|NDUFB2|NDUFB8|NDUFA3|COX14|NDUFA13|NDUFA2|UQCR10|COX5B|ETFB|COX17|COX6B1|NDUFA11|NDUFS7|UQCC5|NDUFS8|HIGD2A|NDUFAF8|NDUFAF3|PET117|PET100|TACO1|NDUFA6|FOXRED1|NDUFB7|UQCRQ|NDUFA1|TRAP1|NDUFB1|COX16|NDUFC2|NDUFC1|SDHA|UQCC3|NDUFB11|NDUFA7|OXA1L|NDUFB6|CYC1|DMAC1|SURF1|UQCC6|UQCC2|FXN|TMEM177|NDUFA8|COX7A2|COA5|NDUFAB1|COX4I1|SLC25A22|MT-CYB|NDUFB4|DMAC2|UQCRH|COX6C|SDHB|UQCC1|COX19|COX7C|NDUFB9|SCO2|NDUFS2|LETM1|MT-ND1
GSE2770_IL12_VS_TGFB_AND_IL12_TREATED_ACT_CD4_TCELL_6H_UP	0.00540040117265854	0.115093900151054	-0.412943566868702	-1.43235980700824	34	155	IL17B|TCEA2|FN3K|RAB27B|GNRH1|NDOR1|ACE|BTN2A3P|KCNH4|ATAT1|ZFPL1|KHDRBS3|DHRS1|OR2B6|INCENP|GSDMD|P2RY11|MMP1|BCAM|SULT1A2|TNK1|B3GAT3|NPFF|ESR1|PRDM16|MUC1|DHX38|CTSA|GGCX|POU6F2|SPATA7|SZT2|DAPK3|JRK|YKT6|ARMC6|SYMPK|OGFOD3|TMEM214|COL1A2|ADGRL1|CLN6|ACD|ZMIZ2
WP_ESTROGEN_METABOLISM_WP5276	0.00545652964714442	0.11604373855516	-0.745807914643946	-1.73065984550013	29	16	CYP19A1|HSD17B10|COMT|HSD17B7|HSD17B1
GSE1925_CTRL_VS_IFNG_PRIMED_MACROPHAGE_3H_IFNG_STIM_UP	0.00556368960468521	0.117644301201289	0.377838200616233	1.405292213112	18	162	SLAMF6|AGA|STT3B|TCF7|SFT2D2|RUFY2|CTSS|KDM7A|CD80|ETNK1|TMX3|PUS3|UTRN|RBMX|XPO7|CNOT6|TCP1|GCC2|DDHD1|IFIT1|CPXM1|RAD23B|SOS2|PRKCI|PDS5B|PCF11|IRAK4|VWA5A|HAUS1|NUP205|SCAPER|RAPGEF6|CCT4|ZBTB37|PRKAA1|HEATR1|CNOT6L|KDM6A|IKBKE|CLIP1|INPP5B|SNTB2|GLTP|EIF3M|TTLL4|OTUD6B|MPHOSPH10|MTIF2|NACA|MFSD6|PSMD11|ATP5PB|CCT6A|DKC1|LTA4H|AKAP10|INPP1|RPL22|MRPS17|STAT1|SARAF|RRAGB|AZIN1|PARP14|NFX1|MRPS9|DNAJC3|TOMM20|RAD17|COQ2|CEP95|USPL1|GAN|CAB39L
GSE20366_TREG_VS_TCONV_UP	0.00556694989745092	0.117644301201289	0.379241973803109	1.41331274226014	18	165	VAV2|GPR160|PRNP|FAR2|SLC9B2|MYO3B|EGR3|MFSD14A|GNG12|AK7|EGLN3|GNB4|HNRNPLL|CCRL2|LRBA|BCAP29|ADPRHL1|ARL8B|BCLAF3|RHOBTB1|MRPS6|TCEAL8|RAP2A|EMILIN2|IL1RL1|ACOT11|COPZ2|TMEM169|ZBED5|NFYB|ZBTB34|SOCS2|INPP5F|ARHGDIG|CASP3|RAPH1|PARD6G|SCAMP1|RFESD|WDR81|ELOVL6|PFKFB2
HALMOS_CEBPA_TARGETS_DN	0.00556618542355192	0.117644301201289	-0.596301576324046	-1.65715523142651	31	36	SMAD7|MIR9-1HG|TSC22D3|FZD7|ADGRE5|SH3BP2|TRIO|RGS3|DYRK2|SMAD6|STC2|GAS2L1
KORKOLA_CORRELATED_WITH_POU5F1	0.00566672569505932	0.119501244804633	-0.658043972034212	-1.67827632893378	31	24	DND1|ZFP42|TENT5B|VENTX|RAB15|SLC25A16|PHC1|MYBL2|UPP1
MOLENAAR_TARGETS_OF_CCND1_AND_CDK4_DN	0.00568884491714074	0.119716195551905	0.498277859625796	1.58681335553179	22	58	ZNF367|DDIAS|DTL|MNS1|JKAMP|PTBP3|KIF11|KIF20B|KNL1|ERI1|CDCA7|CIP2A|GAS2L3|DONSON|RFC5|ENDOD1|CPED1|CDCA2|PCLAF|HJURP|POLD3|AQP3|MELK|NCAPH|FAM83D|FAM204A|SPC25|CDC6|GPALPP1|CEP55
GSE23505_UNTREATED_VS_4DAY_IL6_IL1_IL23_TREATED_CD4_TCELL_UP	0.00572806753090142	0.12028941814893	0.360932360051828	1.36930911735419	18	188	ZNF841|FEM1C|STAP1|GPR137B|CD40|NUS1|ALG11|HLA-B|EXOC5|EIF2AK3|NT5C3A|CD164|RNF2|TP53INP1|CCRL2|NCOA4|GNAQ|EIF4E3|KDSR|EDARADD|RANBP2|HYCC1|LYSMD3|PRKAR1A|WASHC4|PDS5A|TCF12|EARS2|IFRD1|PLGRKT|CBFB|SNX4|SYTL3|GPR183|SH2D5|CMTM7|LITAF|FLCN|ERO1A|OSGIN2|RTN3|NFE2L2|MAP4K3|WIPF1|PLPBP
IWANAGA_E2F1_TARGETS_INDUCED_BY_SERUM	0.00574052812858783	0.12029941827717	0.633626166262868	1.67865316221184	24	24	PIAS2|CENPU|ADK|PCGF5|MTMR2|GGH|CEP57|FAM111A|PSIP1|MAPRE1|PGM2L1|RAD51AP1|TPGS2|GEMIN2|HROB|HMGB2|DEPDC7|MMUT
MOOTHA_VOXPHOS	0.00578313253012048	0.120437934309854	-0.477425729135772	-1.53784982438597	35	85	COX8A|UQCR11|COX6A1|NDUFB2|NDUFB8|NDUFA3|NDUFA13|NDUFA2|UQCR10|COX5B|ATP5ME|COX6B1|NDUFS7|NDUFS8|TMCO6|TBCB|NDUFA4L2|NDUFA6|MBD3|NDUFB7|UQCRQ|NDUFA1|ATP5PF|NDUFB1|NDUFC2|NDUFC1|SDHA|ATP5F1D|NDUFA7|ATP5MG|BCL2L1|NDUFB6|CYC1|ATP5MC1|SURF1|NDUFA8|COX7A2|NDUFAB1|COX4I1|NDUFB4|UQCRH|COX6C|GATB|SDHB|ATP5MC3|COX7C
NABA_SECRETED_FACTORS	0.00575985821887461	0.120437934309854	-0.385161286127037	-1.3845554315511	38	210	AMH|IL17B|WNT11|FSTL3|S100A2|IL15|S100P|CRLF1|BMP8B|DHH|ANGPTL6|CXCL1|WFIKKN1|GDF15|FLT3LG|EREG|FGFBP3|WNT3|CSF2|FGF12|FGF17|TGFB3|S100A5|GDF2|PIK3IP1|HCFC1|PGF|NRTN|IL1B|EGFL6|NRG1|IL17D|GDF9|INHBE|CCL24|CCL26|IL16|IL23A|PDGFA
WP_CYTOPLASMIC_RIBOSOMAL_PROTEINS	0.00578313253012048	0.120437934309854	-0.477443072715837	-1.54003754481072	35	86	RPS21|RPL28|RPS28|RPS20|RPLP2|RPS29|RPL23|UBA52|RPS9|RPL18|RPL13A|FAU|RPL38|RPS18|RPS15|RPS10|RPS16|RPS2|RPLP1|RPL27|RPS23|RPL10|RPL36|RPS27|RPL37A|RPSA|RPS11|RPS26|RPS12|RPL3|RPS6KB2|RPL35|RPL8|RPS5|RPL35A|RPS14|RPS17|RPL23A|RPL41|RPS13|RPL13|RPL27A
SPIRA_SMOKERS_LUNG_CANCER_UP	0.00582343349638947	0.121026139620616	0.580853763230559	1.66119850268901	24	33	CXCL8|ATP6AP2|CD164|TOB1|TWF1|TMED2|UGCG|PLA2G4A|SLC4A4|FXR1|ACTR2|CPNE3|RAB1A|TRAM1|SLC39A8
BLANCO_MELO_COVID19_BRONCHIAL_EPITHELIAL_CELLS_SARS_COV_2_INFECTION_UP	0.00585350419237462	0.121399741907142	-0.445141724400661	-1.48445875398585	36	111	NFKBIZ|POU2F2|PLAT|C3|SPRR2D|S100P|IRF7|CXCL1|IFITM1|IFI35|MMP1|LINC03040|CSF2|TGM1|RND1|IER3|ICAM1|FEZ1|RHOF|EFNA1|BCL3|IL1B|IFITM3|DUSP4|ZC3H12A|G0S2|OAS3|TNIP1|TLCD1|PARP12|IRF9|TUBB3|SOCS3|TNFAIP2|SPRY4|RELB
GSE24574_BCL6_HIGH_TFH_VS_TCONV_CD4_TCELL_DN	0.00590640617900954	0.122244340669892	-0.403199908569193	-1.41639256844359	38	172	SLC30A3|TPM2|TCEA2|STX11|GNRH1|PIEZO1|ENTPD3|GPR68|RGS3|ICAM5|CCND1|UNC13A|TNFRSF1A|TOM1|P2RX5|NRTN|RFNG|EPHB6|MAD1L1|SLC16A3|ID3|ISG15|BCAT2|IL16|NDUFA6|KLK13|RPS10|SULT1A1|DPF1|TYRO3|NR4A1|PLEC|TNFRSF1B|NISCH|MALT1|ID1|ZNF81|ARHGEF1|NFKBIB|GCHFR|VAC14|EHMT2|HES1|DUSP5|NINJ1|TIMELESS|CCDC106|CENPB|ITPR3|COG2|MAEA|PLCD1|FAM168A|SPTA1
REACTOME_HDACS_DEACETYLATE_HISTONES	0.00600064871878041	0.123939324771847	-0.486015921212151	-1.54963462525923	36	79	H2AC13|H4C4|H2AC20|H2AC7|H2AC8|H2AC11|H2AC15|HDAC10|H2BC13|H2BC17|H4C11|H4C3|HDAC8|H2AC16|H3C12|H4C14|CHD4|H3C13|H4C2|CHD3|H2BC5|MBD3|H2AC12|H3C2|H2AC25|H2BC12|HMG20B|H2BC18
CHIARETTI_ACUTE_LYMPHOBLASTIC_LEUKEMIA_ZAP70	0.00604432505036938	0.124075531402061	-0.517675048647931	-1.57537519524922	35	60	TRBC2|LAT|PBX3|SFI1|STK39|HPS1|KMT2B|SEMA6A|TRIP6|HMGXB3|DGKA|XPC|ITFG2|TNFRSF1B|PCSK7|AP3D1|ITGA5|TP53BP1|BAIAP2|BBC3|PI4KA|BRF1|CNOT9|CASP10
GSE14000_UNSTIM_VS_4H_LPS_DC_TRANSLATED_RNA_UP	0.00604229607250755	0.124075531402061	0.357783112868522	1.36807490513482	19	197	AGO4|TGFBR2|ZNF573|BBS12|WDSUB1|MBLAC2|TMEM209|RNF2|SOCS6|MTREX|ZFP82|TDRKH|MRTFB|ALG6|ABCD3|MSH2|TFB2M|LZTFL1|TMX3|SHQ1|ARMCX5|PRIMPOL|DCAF13|LRIG2|YWHAG|RBM41|USP31|UTP11|RBM4B|SLC25A48|LAT2|DOK3|RAP1A|AGL|CALM2|MTMR12|HAUS1|TAF1|TSN|ZNF623|B3GNT2|NDUFA5|RFC5|TMEM230|ACTL6A|PSTK|KBTBD6|CFAP20|CMAS|BIVM|APEX1|PEX5|HECTD1|SHB|RACGAP1|PGAP3|BCLAF1|COX15|PSIP1|PRDM2|CEP76|NSMAF|FAM118B|UBE4B|LTV1|HLTF|PALB2|TMCO3|TRAPPC11|LRR1|ANKMY2|IL1R1|ZNF318|MDM1|PPAT|ZNF57|INPP4A
GSE2128_C57BL6_VS_NOD_THYMOCYTE_MIMETOPE_NEGATIVE_SELECTION_DN	0.00602228244504667	0.124075531402061	0.363785307371487	1.37437430954312	19	183	ELK3|IL10RB-DT|CLDN23|NEDD1|CD36|CCNG1|IL10RB|ABCC3|C1orf162|TMEM135|NT5C3A|SLC39A10|P2RY1|EEPD1|ANGPTL4|NBN|MRPS24|PHLDA1|FNDC3B|PLCL1|EIF4G2|CD80|SMNDC1|RTN4|DDHD2|WSB2|SIAH2|MFSD1|DRAM2|LFNG|RAD23B|UBE2E3|APOO|IFT57|CAP1|BTBD10|CMPK1|B4GALT5|FH|HACD3|MEGF9|DTD2|PSMA6|CITED2|MINPP1|CD47|STARD4|NF1|BCLAF1|CEP170|OPN3|HSD17B12|NMI|CNDP2|ZNF148|GTDC1
WP_FAMILIAL_HYPERLIPIDEMIA_TYPE_4	0.00609100680759584	0.124778625172749	-0.694782352596437	-1.7052156902853	33	20	APOA1|SEL1L|DGAT2|LCAT|LMF1|FAS
GSE29615_CTRL_VS_DAY3_LAIV_IFLU_VACCINE_PBMC_UP	0.00612423447069116	0.124955393820696	0.375590501212085	1.3987710055926	20	163	MTMR6|KBTBD8|CCNG2|ABHD13|PEX12|GNA13|LONRF1|GNG12|DTL|STRAP|TLE4|BACE2|BBOF1|DNTTIP2|B3GNT5|MMADHC|MAPK6|SUMO1|ZNF770|YTHDF3|ZNF644|COIL|ITPRID2|TBPL1|SNX4|HNRNPH2|BRIX1|TIGAR|IFIT5|ZNF586|DUSP10|DPM1|ERO1A|SAMSN1|RAP2C|TOPORS|B3GNT2|CRY1|RPS3A|PEX13|DNAJB9|BRAF|CHD1|CHMP2B|PPP2CA|GTF2B|BCLAF1|KBTBD2|ETF1|RAB1A|SYF2|RAE1|GABARAPL1|TFG|PRPF40A|TMEM167B|ESCO1|VAPB|SGTB|PNPLA8|LAPTM4A|MZT1|CCDC28A|TBC1D15
REACTOME_ANTIGEN_PROCESSING_UBIQUITINATION_PROTEASOME_DEGRADATION	0.00612453215379381	0.124955393820696	0.327110362963818	1.29757645897943	17	289	KBTBD8|TRIM69|HECW2|MEX3C|UBE4A|FBXO2|RNF217|LONRF1|GLMN|KLHL13|HERC3|FBXW8|DET1|ASB9|PRKN|PSMC6|LTN1|BTBD1|NEDD4|PSMC1|UBA6|DTX3L|HACE1|UBA5|PSMD5|RNF138|FBXL8|PJA1|SIAH1|RCHY1|PSMA1|PSMA4|FBXO30|UBE2N|FBXO44|MKRN1|RNF115|SIAH2|RNF6|LMO7|UFL1|PSMD6|RNF182|PJA2|CDC27|ZBTB16|FBXO15|UBE2E3|ASB3|FBXO27|UBE2V2|FBXL4|UBE2E1|KCTD6|UBE2W|CUL2|UBE2D3|WSB1|KBTBD6|PSMD10|SKP1|PSMA2|TRIM32|PSMA6|RNF25|CUL3|RNF14|HECTD1|UBE2D1|PSMC2|PSME4|ASB12|FBXW11|ANAPC10|KLHL11|CUL5|PSMD14|PSMD11|ASB8|ITCH|UBE2V1|HERC4|PSMC5|LNPEP|UBE2A|LRR1|SKP2|FBXO11|BLMH|UBR1|RLIM|RNF130
GSE17974_CTRL_VS_ACT_IL4_AND_ANTI_IL12_0.5H_CD4_TCELL_DN	0.00616197183098592	0.12495731967563	0.373649661982554	1.39632119709286	20	168	MLYCD|KBTBD8|EGR3|CD69|SESN3|ZNF410|C17orf100|MBNL2|ZNF227|MEIG1|NAA30|CKS2|ALG13|ZFP82|PHLDA1|EGR1|ZNF184|PFKFB3|MTHFD2|ETV3|MYNN|MRPL42|NR4A2|BCLAF3|PUS3|FBXO30|SNAPC1|CRNKL1|KPNA2|PLXND1|MED21|GPR183|S1PR1|SH2D5|TIGAR|EGR2|CHAC2|ZNF850|NFE2L2|CCNH|TCAF1|ARL5B|LMBRD2|DNAJB9|C6orf120|FBXO33|TMEM243|SNRNP35|ADO|NCBP1|KIAA1586|SRSF1|YIPF4|JAGN1|FYCO1
GSE2405_0H_VS_12H_A_PHAGOCYTOPHILUM_STIM_NEUTROPHIL_UP	0.00614784825311141	0.12495731967563	-0.39897905854431	-1.4081952268801	40	177	SMAD7|CCR7|PCBP4|RCAN3|IRF7|ENC1|N4BP2L1|QSOX1|ZNF467|TAP1|FLT3LG|ECM1|PYROXD2|TRIO|TMEM63A|EEIG1|IFI35|CHCHD10|CD48|CRYBG1|FOXP3|RIGI|PTGIR|ACTN2|C3orf80|TSPAN9|TRPM1|TRIM26|GPR146|FRMD8|BIN1|SEMA4F|STING1|IGF2R|PRF1|ADCK5|TREML2|SPN|B4GALNT1|MAP3K3|NR4A1|GRK6|ARHGAP1|EPHX1|PARP3|RGS19|FAM118A|TNFRSF1B|PPP1R18|TAPBP|PACSIN1|GDPGP1|CMTR1|ID2
SCHAEFFER_PROSTATE_DEVELOPMENT_6HR_UP	0.00615384615384615	0.12495731967563	0.388334911844953	1.41416268494354	21	136	TRAPPC2B|PTGDR2|ZNF185|MS4A6A|RNF11|LEMD3|CSTA|ATP6AP2|PSMC6|NT5C3A|SLC38A9|PDCD10|CNIH1|HNRNPLL|MARCHF5|RAMAC|PTGS1|C5orf34|NDFIP2|NAB1|HPRT1|SDCBP|PIAS2|IFRD1|PLGRKT|MED21|TAC1|RHOJ|SBDS|ALDH9A1|AGL|UBE2V2|VWA5A|TIPIN|DOCK11|UBQLN2|EBAG9|SSR1|PRKD3|ACAT1|GBE1|ARL13B|SMPDL3A|PTEN|B3GALNT1|GIN1|USP16|ZNF318|CAST|C1GALT1C1|EIF2AK2|RNF130|CCDC32|SLC35A5|NUP58|SMG7|DEPDC1|PAIP1|KTN1|SPPL2A|RPS6KB1
BLANCO_MELO_COVID19_SARS_COV_2_INFECTION_A594_ACE2_EXPRESSING_CELLS_DN	0.00630252100840336	0.126343536609706	-0.478009280304435	-1.53244773247061	38	82	RAB26|BCAS1|SVEP1|C5|PBXIP1|METRN|NDUFA13|NDUFA2|ETFB|SERPINH1|KRT4|DSC3|CYBA|GPC1|NDUFS7|KCNAB2|KLHL4|TPPP3|PSAP|MXD4|FGFR3|WDR18|EPHX1|UCP2
BLANCO_MELO_HUMAN_PARAINFLUENZA_VIRUS_3_INFECTION_A594_CELLS_DN	0.00625601539942252	0.126343536609706	-0.464039915432451	-1.51607675166544	38	95	FOXD2|AMH|RAB26|C21orf58|VASN|BCAS1|NPW|ARHGAP33|TIGD3|MIR210HG|CACFD1|DEGS2|DBP|MYO1A|VMO1|LINC02870|KRT4|SYNGR4|BCAM|CHTF18|VWA1|NPFF|CRYM|ROM1|GAL3ST1|MROH6|FGFR3|SELENBP1|CERS4|ADM5|RAP1GAP|HSD17B1|PLEKHH3
GSE10325_CD4_TCELL_VS_LUPUS_CD4_TCELL_UP	0.00628272251308901	0.126343536609706	-0.396032672692602	-1.4019109009293	41	181	DPEP2|WFS1|IL11RA|RPH3AL|MAML3|CRLF1|BSCL2|CD37|FBXW4P1|P2RX4|INCENP|PLA2G15|NRDE2|EEIG1|APOBR|ZNF671|RPL18|PPM1F|NRTN|PIGQ|PRDM16|TPPP3|IRS2|AKR1B1|C11orf21|LIN7B|SLC43A1|ID3|RRP12|IGF2R|MACROD1|CAD|TSFM|SEMA4C|RFX1|PLK3|SEC61A1|RAB40C|LINC00623|UXT|DOT1L|ITFG2|RGL2|ZNF324|NOSIP|RNF24|BLTP2|HSPA1A|SLC35C2
GSE13485_DAY1_VS_DAY7_YF17D_VACCINE_PBMC_DN	0.00631959073126693	0.126343536609706	0.363018786825871	1.37322617134157	20	184	SAMD9|AIM2|TRIM69|ZNF41|PARPBP|IFIH1|MX2|DHX58|BMPR2|ZNF410|CAPZA1|CLIC2|TM9SF1|DTX3L|PBK|PI4K2B|PNPT1|THAP9|MRPL42|MSH2|PSMA4|NEXN|SMC2|GINS1|FNIP2|CRNKL1|CMPK2|IFIT3|RSAD2|IFIT1|IFIT5|ATP6V1D|TYMS|HAUS1|LAMTOR3|VRK2|RRM2|DDX60L|COPS5|IFI6|CARD6|RFC5|SAMD4A|LMBRD2|TOR1B|AZI2|COMMD10|SNAPC5|KLHL12|RBBP8|TMEM126B|CHMP5|CCDC90B|ANAPC10|BMP2K|SUCLA2|EFR3A|NMI|PLSCR1|ZWINT|TBC1D23|ATP6V0E1|LRR1|SRBD1|ATP11C|PARP9|C1GALT1C1|LYSMD2|EIF2AK2
GSE16385_ROSIGLITAZONE_IFNG_TNF_VS_IL4_STIM_MACROPHAGE_DN	0.00632530120481928	0.126343536609706	0.363197976319932	1.37603525245589	20	186	SETDB2|SLC18A2|ASAH2|PELI2|IFIH1|TAMALIN|SESTD1|MFSD14A|ATP6AP2|SCN2A|GNAI3|PECR|WDR75|ZNF518A|PPP1CC|RIMOC1|THNSL1|CRYZ|SPRY2|SLC30A6|FNTA|NKRF|MAPK8|UTP11|RASGEF1C|DYM|MAPK1|SCP2|SCARF1|GPRASP3|XCL1|DMKN|SCFD1|DCAF17|KLHDC2|PIP5K1B|MAP4K3|GRK5|LAMTOR3|DNAJA2|DLG1|CNKSR3|CS|SHISA4|DRAM1|ANKRD12|RCOR3|TRDMT1|MEGF9|RBBP4|OSTC|RNF14|KLHL12|TPP1|CCDC90B|GPD1L|MID1|GNL2|PRXL2A|TMT1A|GTDC1|MORF4L1|POT1|E2F5|CCDC66|CCDC28A|BBS4|VDAC3|PORCN|SERPINB1|MORC3|OGA|MPP1|WDR43|CDIN1|PPP2R5A|RAD17|HSPA4L
GSE37532_TREG_VS_TCONV_CD4_TCELL_FROM_VISCERAL_ADIPOSE_TISSUE_UP	0.00625601539942252	0.126343536609706	-0.464033217136195	-1.51605486748934	38	95	OGDHL|TRPM2|MAPK8IP2|NHLH1|RHPN1|ENC1|MADCAM1|PACSIN3|EREG|SP9|MYH7B|ROBO3|PRRT3|INPP5J|PTPN3|SEMA3G|SYCE1|GAL3ST1|HMGN2|PRTN3|ARHGAP22|HOXC10|SLC38A5
GSE41176_WT_VS_TAK1_KO_ANTI_IGM_STIM_BCELL_6H_DN	0.00633102200783841	0.126343536609706	0.35922032627428	1.3628139849685	20	188	PTPN6|BATF|GPR137B|CD44|CD69|CD40|CREBL2|C5orf15|CCL4|ZNF10|PLD1|RARS1|NBN|SGPL1|DDX19B|CD80|TNFAIP8|DMXL2|NAB1|CEP135|ZFYVE26|CAMTA2|PPP3CB|VAV1|EIF2B2|PTX3|ACSL4|ALDH9A1|NDUFV2|INSIG1|RPE|DDX18|UTP3|BECN1|FH|TRAFD1|PSMA6|CD47|UBE2D1|MAK16|EIF3M|PTEN|IVNS1ABP|PTAFR|SUCLA2|PLSCR1|DENND4A|PTPRJ|GGCT|RIPK2|TFRC|SLC39A8|OTUD4|FCHSD2|BTG3|AKAP10|STAT1|BBS4|IL18|SERPINB1|DYRK3|MAP3K5|KYNU|NR3C1|AMPD3|NCAPD2|EPM2AIP1
GSE7218_UNSTIM_VS_ANTIGEN_STIM_THROUGH_IGM_BCELL_DN	0.00630252100840336	0.126343536609706	0.438243453578901	1.49654228026721	23	89	PTPN6|ZFP69|CLDN23|TNFRSF14|KCNRG|ADAMTS3|PANK3|ZFP82|IL18R1|HIC1|TFB2M|LIPT1|PRPH|RIF1|GFI1|LRRTM1|FLACC1|GTF2H2|PRKCI|MOSMO|CEP44|PAPSS1|RAP2C|PELI1|ZDHHC17|SMC6|LUC7L2|LIN28B|TRIT1|VEPH1|PGAP3|HMGCS1|RIPK2|CENPJ|ESCO1|ZZZ3|ZC3H7A|AKAP10|CCDC14|CUL4A|CCDC88A
DE_YY1_TARGETS_DN	0.00635424940428912	0.126555467302092	0.437955483712506	1.48655895066911	23	86	TTK|EGF|GNA13|CCNE2|CCNG1|FGF13|RASSF3|CAPZA2|HIF1A|DNTTIP2|ARIH1|ERBIN|GDI2|IPO7|SMNDC1|NAA15|ECT2|RAB6A|MPHOSPH9|RBL2|CDC27|CALD1|CASP8AP2|SNX3|IFT57|TDRD3|RBL1|CDK1|ANGPT1|AGGF1|CLIC4|PRKD3|PRKAA1|RB1|ANXA1|RBBP8|APC|PTEN
GSE2770_TGFB_AND_IL4_VS_TGFB_AND_IL12_TREATED_ACT_CD4_TCELL_2H_UP	0.00648048140719025	0.128814004683912	-0.410459406554497	-1.42374310566279	41	155	MESP2|NEIL1|RAP1GAP2|PURG|MAGIX|TMCO1-AS1|CYP19A1|PTPRU|QSOX1|CASC15|IFITM1|FAM200B|RGS3|TRPM4|SERPINH1|KLF7|LINC01133|ZNF436-AS1|ZNF575|RPP25L|ACVR1B|IER5L|ENSG00000272447|GRASLND|MACROH2A2|MIB2|TACO1|ZNRF3|EID2B|KLK13|CPNE7|RNF32-DT
KIM_ALL_DISORDERS_CALB1_CORR_UP	0.00650195058517555	0.128985335916981	0.295675887468652	1.22559025863871	14	496	TCEAL1|PRNP|EGR3|C2CD5|CAMK2B|RNF11|PGAP4|SEC24B|CHN1|CAMSAP2|TRIM23|SERPINI1|PSMC6|CNIH1|PSMC1|COPS8|CAPZA2|KALRN|RNF13|SCG2|ZBTB18|BNIP3L|KLF10|LANCL1|PPP6C|MOB4|RSRC2|SRP19|AKAP11|KIF3C|TMEM59|CALB1|RNF103|PSMA4|SCAF8|UBE2N|PRKAR1A|RTN4|DDX10|DDHD2|SUMO1|YWHAQ|ELMO1|TOB1|TMED2|LRPPRC|HPRT1|SC5D|ARPP19|OAT|WSB2|PPP1R12A|ATXN10|ATP1B1|GABBR2|XPO7|RAB11A|EPS15|ASS1|PREPL|MAPK1|USP14|COPS3|NCALD|PJA2|ABR|SYT11|GRIA2|NREP|TAC1|NRXN1|AUH|RAD23B|ATP6V1D|NCKAP1|UBE2E3|SLC25A36|ABHD14A|PRKCI|ATP5F1C|SLC20A1|CALM2|SLC25A3|KCNK1|MORF4L2|VDAC1|STAU2|MBNL1|TDP2|INPP5F|CREG1|UBQLN2|UBA2|TSNAX|DNAJA2|ITM2A|NDUFA5|AASDHPPT|ANKRD46|BTBD8|NARS1|ACTR2|RFK|SCAMP1|HNRNPK|EIF2S1|COX7A2L|SEC23A|MLLT11|TOGARAM1|NDN|SKP1|ATP2A2|PSMA6|GDE1|PPP1R16B|PUM2|IDH3A|STX7|TTC3|SUB1|MAPK9|SERINC1|PUM1|GPD1L|DOC2A|CEP170|C6orf62|ZC3H15|RCN2|CETN2|SUCLA2|RAD21|EFR3A|SLC30A9|ATP6V1A|USO1|GARS1|GGCT|ZFAND5|RAB1A|PSMD11|HSP90AA1|PPID|TAX1BP1|DSTN|MYCBP2|ATP6V1B2|B3GALNT1|BHLHE40|ISCA1|EIF4A2|BTBD3|UBE2A|MAP2K4|SYNJ1|IDI1|AHCY|EHBP1|ATP6V1C1|ANXA7|TMX4|DRG1|PEX11B|MTMR9|TSPAN3|BNIP3|OPTN|ALDOA|ACOT7|GOT1|SARAF|YME1L1|SLC12A5|MAP1LC3B|VDAC3|PEX19|SUMO2|OGA|SLC25A4|VDAC2|PSMA3|KDM1A|SNRNP40|PGK1|CANX
GSE34006_UNTREATED_VS_A2AR_AGONIST_TREATED_TREG_UP	0.00653400653400653	0.129365596821218	0.357391210546669	1.36706965824247	21	195	BATF|CFL2|TMEM106B|CNIH1|GNAI3|HIF1A|FAM107B|MTREX|BNIP3L|RAMAC|PJA1|LDHA|ARL8B|SRP19|MTHFD2|ERI1|LYPLA1|ROCK2|PUS3|PTGES3|SMNDC1|CAPN2|SMC2|ADIPOR1|TRIM13|RAB11A|AP3S1|ESD|EIF2B2|LIPC|SYCP3|CNBP|GNG10|VAPA|NFYB|DUSP10|KLHDC2|EIF3C|CNOT2|SP1|MYB|PTP4A2|KCTD9|CDKN1B|RLF|PIK3CG|GDE1|STMN1|ATG12|SECISBP2L|SUB1|SUPT4H1|VAMP3|EMD|PSMD14|AMFR|ZNF124|PSMD11|HPF1|AEBP2|GTF2H1|AKIRIN2|PCLAF|GRSF1|S100A4|COPB1|ATP6V1C1|EIF3H|SLC30A5|ORMDL1|VTI1B|VCF1|YME1L1|ZNF347|CRK|SLC25A4|VDAC2|MBD2|DEPDC1|UBE2K|PGK1|RNF146|MELK|PURB|TMEM223|UQCRFS1
REACTOME_SCAVENGING_BY_CLASS_A_RECEPTORS	0.0065478355765733	0.12938419983788	-0.740070525264489	-1.71734613667235	35	16	APOA1|COL1A1|APOE|COLEC12|CALR|COL1A2
KEGG_CARDIAC_MUSCLE_CONTRACTION	0.00656344665095927	0.129437873246226	-0.51437048277011	-1.57197120850007	38	62	TPM2|COX6B2|COX8A|UQCR11|COX6A1|SLC9A1|UQCR10|COX5B|COX6B1|ATP1A3|CACNA2D2
GSE46606_UNSTIM_VS_CD40L_IL2_IL5_DAY1_STIMULATED_BCELL_UP	0.00658879904162923	0.129683068195832	0.358474250640329	1.36341558906126	21	190	LNX2|DCP1B|ZNF362|CCNG2|CCNG1|DET1|CHN1|HSDL2|MEIG1|PDE3B|TBC1D2B|SIAH1|RFX5|NIPSNAP2|DCTN4|KIF3C|SCAF8|TOB1|ADD3|ZNF512|UHMK1|PLGRKT|METTL21A|HSD17B11|MTSS1|SIRT5|CDC14B|KLHDC2|PCYOX1|RBPJ|BUB1|AHI1-DT|KIF15|ADNP|RCOR3|HMG20A|CFAP20DC|TIA1|TOLLIP-DT|MAML2|CLCN3|SERINC1|PTEN|HNRNPA1|EFHC1|PLCB1|ERCC5|H2BC8|ZFYVE1|LIX1L|ASB8|H3C10|FUCA1|SRBD1|MBTD1|CDC25C|CAT|PALS1|COMMD3|CCNB2|TCAIM|CCDC14|STAT1|TOP2B
GSE12003_MIR223_KO_VS_WT_BM_PROGENITOR_4D_CULTURE_DN	0.00663477858355192	0.130077944182996	-0.413633946172041	-1.42852788253452	42	148	SULT2B1|COL18A1|MAPK13|DGAT2|SVEP1|MARCKS|MELTF|SLC8A2|SFN|KIF1A|KHDRBS3|MAST1|NKX6-1|PKD2L2|S100A5|CFD|SLC19A1|DKKL1|CPS1|PXMP4|SLC16A3|MERTK|PRSS21|NOP16|ERN1|IL15RA|SLC20A2|POMP|DBN1|APBA2|ACD|SRRT|ACP2|TLCD2|SPHK2|MPI|ADAT1|CHCHD5|KIF2C
GSE2770_IL12_AND_TGFB_ACT_VS_ACT_CD4_TCELL_48H_DN	0.00663449939686369	0.130077944182996	0.361538529481492	1.3701599667107	21	187	SETDB2|KBTBD8|ABHD13|NUS1|YOD1|RNF217|C22orf23|DDIAS|SOCS6|HIF1A|UBA6|HDAC2|CEP162|SMARCAD1|SUV39H2|ARL8B|KNL1|PPIP5K2|ZNF146|HSPH1|NUP107|METAP2|TWF1|AP3M1|ZNF644|NUP160|ZDHHC6|GMPS|HNRNPH2|PXYLP1|GPRASP3|ACSL4|ELL2|NOP58|FASTKD3|MORF4L2|CARD10|HUS1|RAP2C|HBS1L|FAM91A1|DBF4|HSPD1|CHUK|ANP32B|MTF2|OTUD6B|API5|SFXN2|LIN54|RAD21|SRSF1|NSMAF|GNL3|GARS1|MIOS|RNF168|PSMD11|MORF4L1|RAE1|CDC73|PRPF40A|BLM|HSPA9|THUMPD1|DKC1|DDX27|NDC1|BTG3|CCDC14|KPNB1|EXO1|CPSF6|SPTLC1|FAM98A|MRPS2|WDHD1|KPNA4
NIKOLSKY_BREAST_CANCER_16Q24_AMPLICON	0.00680851063829787	0.133223839741197	-0.536337772502418	-1.57783178015081	39	49	MC1R|PIEZO1|CDH15|CYBA|SPG7|ZC3H18|FANCA|CPNE7|DEF8|CDK10|KLHDC4|SPATA2L|MVD|SPIRE2|TUBB3|SPATA33|ANKRD11|CTU2|TCF25|EMC8|COX4I1|RPL13|ZNF778|ZCCHC14
DACOSTA_UV_RESPONSE_VIA_ERCC3_TTD_UP	0.00688034905185434	0.1338278973032	-0.520684357947282	-1.57744257849615	40	58	COX6A1|BSG|PDLIM7|PGF|GET3|CALR|EPHX1|PLXNA3|MVD|MYBL2|FKBP2|MDK|CBX2|SMARCD2|EPOR|GNL1|ERCC2|ADD1|CAVIN1|STK25|GALNT2|FLNA|MRPS12|STX16|UBL4A|BUD23|UBA1|MPDU1|PLCB3
GSE3982_BASOPHIL_VS_NKCELL_UP	0.0069193742478941	0.1338278973032	0.362870404408562	1.36981555739328	22	182	ZC2HC1A|PTPN6|TM6SF1|BCAR3|HLA-B|TMEM254|BLTP3B|TESPA1|BACE2|IMPACT|NCOA4|PPP6C|TMEM59|MRPL42|TNFAIP8|CHPT1|SDCBP|RAB6A|NLK|SIAH2|ITPRID2|FAM124B|CNOT7|TMEM140|RBKS|SLC2A10|DAZAP2|CAPRIN1|NDUFV2|CENPU|YWHAZ|INTS12|CRBN|OSGIN2|LRP12|UTP3|BCL2|NGDN|PIGH|ZNF654|ACTR2|SNRPB2|UBE2D3|BACH1|ADAM10|ANXA1|LYRM1|GLUL|LSM3|SFXN1|RAB31|RAB4A|BHLHE40|BTG1|TIGD6|ZDHHC7|SKP2|SSBP2|SENP7|SH3GLB1
GSE40666_STAT1_KO_VS_STAT4_KO_CD8_TCELL_DN	0.00690846286701209	0.1338278973032	-0.425398037109031	-1.44031124431894	43	125	ZNF341|COX6B2|MAPK8IP2|ANO8|SYNM|ZNF169|HBQ1|AMZ1|PANX2|JSRP1|LINC00265|ATAD3C|ATP2B3|PCDHGB6|TSPAN10|ICAM1|NFYC-AS1|TCP11L2|CAMKK1|OXCT2|TEX22|NRG1|DUSP4|FLYWCH2|ACACB|SLC2A3|PDGFA|PLEKHF1|MALT1|LMNA|ESPL1|HBZ|SOCS3|BCL6B
PEREZ_TP53_AND_TP63_TARGETS	0.00689758584495427	0.1338278973032	-0.396899010888682	-1.40085370577113	45	177	IGF1R|ERFE|COL18A1|SMAD7|TSC22D3|VASN|SEMA4D|IRX5|KISS1R|PAK6|CNNM4|WHRN|EPPK1|RTN4R|UNC5B|SMAD6|MICALL2|ARHGEF17|CRISPLD2|RASGRP1|HS6ST1|THEMIS2|PGF|KSR1|RBM38|CASZ1|NOTCH3|MX1|CRAMP1|NLRP1|GNA11|GPATCH2L|HIC2|DHRS3|RAB11FIP3|RHOB|RAB11FIP4|GRTP1|ID2|NRARP|SASH1|KLHL21
PID_INTEGRIN1_PATHWAY	0.00688034905185434	0.1338278973032	-0.51951585240582	-1.57017892312849	40	57	COL18A1|CD14|LAMB1|ITGA4|LAMA4|COL1A1|LAMA5|ITGA7|COL6A1|LAMB3|COL6A3|ITGB1|ITGAV|MDK|COL1A2|ITGA5|CD81|VEGFA
REACTOME_EUKARYOTIC_TRANSLATION_ELONGATION	0.0069154068832422	0.1338278973032	-0.466673210899444	-1.5150434536897	42	91	RPS21|RPL28|RPS28|RPS20|RPLP2|RPS29|RPL23|UBA52|RPS9|RPL18|RPL13A|FAU|RPL38|RPS18|RPS15|RPS10|RPS16|RPS2|RPLP1|RPL27|RPS23|RPL10|RPL36|RPS27|RPL37A|RPSA|RPS11|RPS26|RPS12|RPL3|EEF1D|RPL35|RPL8|RPS5|RPL35A|RPS14|RPS17|RPL26L1|RPL23A|RPL41|RPS13|RPL13|RPL27A
SMID_BREAST_CANCER_LUMINAL_B_DN	0.00695838351398368	0.1343235648334	-0.339367073010825	-1.29470883725156	51	420	TRBC2|SPIB|TAGLN|IL21R|KRT15|ACKR1|CCR7|S100A2|AQP1|FAM171A1|C3|TRIM29|CRLF1|SVEP1|COL14A1|SYNM|CD37|FZD7|SFN|CHAC1|CXCL1|TAP1|L1CAM|KHDRBS3|HBB|HLA-DOB|SYNGR1|KCNK5|ACAP1|TRDC|TNFRSF21|ITGA7|PLSCR3|MICAL3|SERPINH1|IFI16|CD19|TCL1A|CD48|MMP1|CRYBG1|SOX11|DSC3|ZIC1|APOD|LBP|EXTL1|CYBA|ICAM1|FYN|LAMB3|IL2RG|P2RX5|NFIL3|MET|FHL1|DCN|EGFL6|IGHA1|FAS|GAL|MEAK7|NINJ2|MAP4K1|NLRP1|BIN1|DLK1|CSRP2
BLANCO_MELO_COVID19_SARS_COV_2_INFECTION_CALU3_CELLS_UP	0.0070281124497992	0.135409199176745	0.329879619280568	1.29937488606689	20	270	SEMA3A|SAMD9|FSD1L|FOSB|PA2G4P4|CXCL8|ARRDC3|SP8|ZNF442|DEPP1|CD69|IFIH1|MX2|PSMB8-AS1|LST1|CCL5|DHX58|CCL2|NT5C3A|RUNX2|NEDD4|ALDH1L2|DTX3L|RBM11|KDM7A|OTUD1|KLF10|EGR1|PNPT1|AKAP12|TNFSF13B|SPRY2|UBASH3A|CMPK2|IFIT3|APOL3|SLC5A5|TMEM140|LAMA2|NUAK2|RSAD2|IFIT1|NKX3-1|PLA2G4C|PTX3|CD274|SDS|KIT|EGR2|IFIT5|CYTH4|BACH2|BEST1|RBM43|CXCL11|TENT5A|HBEGF|IL10RA|DDX60L|ETV7
GSE5542_UNTREATED_VS_IFNA_TREATED_EPITHELIAL_CELLS_6H_DN	0.00704638872577804	0.135501245266973	0.371635803178616	1.39024880847408	23	169	PCYOX1L|SNX16|ARMCX1|RAD54B|PDK1|ZNF485|SUMF1|TTPAL|CAMSAP2|ETFRF1|EIF3E|ATG4C|NCOA4|TRUB1|GLUD1|PJA1|FNDC3B|PLCL1|AASDH|PUS3|PALS2|ZFAND1|ZFYVE16|ZNF770|ZNF12|BCL9|CFAP418|ATG10|PXYLP1|ZC3H12B|TRIM2|SUCLG2P2|TRABD2A|SGCB|JAK3|ATL1|C1GALT1|RBM43|FAM229B|TENT5A|USP53|TMEM38B|RABL3|DDX60L|ZNF766|IFI6|RAPGEF6|ANKRD46|PPFIBP1|HSPD1|PRKD3|ZNF91|PGBD4|NMNAT3|CLNS1A|CREB1|CLUAP1|EFHC1|SUCLA2|TMOD2|AK3|GIN1|RMDN2|SUCLG2|SERTAD2|SSBP2|EIF2D|LTA4H|NDFIP1
DAZARD_RESPONSE_TO_UV_NHEK_UP	0.00708044591744501	0.13589582431991	-0.387827894917307	-1.37948659003601	46	194	SULT2B1|H2AC13|H2AC20|TAGLN|H2AC7|H2AC8|RPS21|TYMP|CXCL1|APOE|ATP5ME|COX17|H2AC16|CRYBA4|SFI1|CCK|CYBA|IER3|TOM1|FOS|NR1D1|TIMM44|RPL38|SNHG3|KLK13|GUK1|STXBP2|NDUFA1|JUNB|SGK1|RPS2|GFUS|GPAA1|MYL6|RPS23|TSC22D1|YKT6|RPS27|NDUFC1|PLXNA3|ID2|GCHFR|RPL37A|CCDC85B|RPSA|TK1|NEU1|PCK2|RRP7A|TUBB3|UBE2M|CDKN1C|ERCC2|IER2|LY6E|SPTBN1|SURF1|JUN|BRD2|POP7
GSE2585_AIRE_KO_VS_WT_CD80_LOW_MTEC_DN	0.00721587492483464	0.13770523288116	-0.396607366349216	-1.39826659965783	47	176	CD27-AS1|RAP1GAP2|SEMA4D|COL14A1|RHOBTB2|IRF7|IFI30|SLC46A1|NDUFA3|B3GNT8|SYNGR1|APOE|PLA2G15|GPX8|GPC1|TMEM86A|CAMKK1|COMT|MFSD12|STARD3|TBCC|TINAGL1|ATP2A3|FOLR2|INHBE|LIG1|SNRPB|TBXAS1|LSS|POU6F2|GAL3ST4|FBXW9|PRSS21|TRMT1|ABHD12|DHRS3|RILPL2|PISD|TPGS1|VKORC1|NDST1|VPS11|DHCR7|TTC28|AP1B1|HES6|DTNBP1|ANAPC2|INF2|RPL3|PEF1|EEF1D|TMEM184B|GAS6|TLCD2|PDXK|BCKDK|UBE2O|MGAT1|CCT7|ABHD16A
GSE29164_UNTREATED_VS_CD8_TCELL_TREATED_MELANOMA_DAY7_UP	0.00719640179910045	0.13770523288116	-0.394076120779864	-1.39224982984421	47	179	ADAM19|TYROBP|CYFIP2|ADGRG3|MARCKS|SMPD1|CD37|SPSB2|IL4I1|TNK2|UBA7|APOE|NBEAL2|SLC3A2|ETFB|RGS3|PRPF31|PHPT1|CD19|RRBP1|CYBA|GPC1|ICAM1|RPP25L|PRKCSH|ENTPD1|SH3D19|TIRAP|INPPL1|CTSA|RNH1|CTSD|PRF1|DGAT1|FBXW4|NECAP2|SEC61A1|F2R|B4GALNT1|TYRO3|VKORC1|TNFRSF1B|MAPKAPK2|POLR1H|IL18RAP|VARS1|ID2|GLMP|TK2|NUDT1|IRAG2|FLOT1|SRGAP2|UBXN1|CKB|ATP6V0B|PXN|AUP1|CTSH|PDXK|PCGF2|DNAJC1|LDAF1|PIH1D1|MIEN1|TOX4|SPTLC2|PRKACB|SLC25A28|PSMB3
WP_VITAMIN_B12_METABOLISM	0.00720535254760679	0.13770523288116	-0.5554455433752	-1.5958430568188	41	43	PLAT|APOA1|TCN2|CUBN|CBS|HBB|APOE|SOD3|ICAM1|SERPINE1|IL1B|SCARB1
GSE45365_CD8A_DC_VS_CD11B_DC_UP	0.00723981900452489	0.137795714923375	0.362432448523586	1.36332469901985	23	178	TSLP|SAMD9|CNRIP1|PLA2G3|CXCL8|SAMD5|SGO2|NXN|TTPAL|FGF13|TLE4|VBP1|ANLN|MRPS24|NEK9|PNPT1|CCNB1|AAK1|RIF1|CNOT6|AGPS|GCC2|DDHD1|ACVR1C|S1PR3|SYTL5|GPNMB|CDH7|EHD3|TARS3|IFT57|NFE2L2|WDR36|ACTR10|DBF4|BUB1|ADNP|MIS18BP1|SEPTIN7|RPL6|PAPOLA|TPST1|DCAF4|TTLL4|PSME4|FAM111A|SRSF1|AVL9|NCOR1
STOSSI_RESPONSE_TO_ESTRADIOL	0.00724807107785831	0.137795714923375	0.580246296607654	1.6337369200791	30	31	CXCL8|NTS|TCN1|SKIL|PLA2G4A|IL24|CCN5|GRK5|ADK
RUIZ_TNC_TARGETS_DN	0.00727272727272727	0.138003093315003	0.387628227216378	1.41158921806928	25	136	CXCL8|LPXN|CD44|RAD54B|CCNE2|NXN|DTL|CKS2|PBK|RFC4|PRIM1|MT1X|CCNA2|ZWILCH|GINS1|RRAS2|UGCG|MAD2L1|PALM2AKAP2|SERPINE2|CENPU|CALM2|TYMS|SPDL1|TIPIN|CDK1|RRM2|CD24|EIF2S1|ABHD5|CAV2|DSCC1|TNPO1|FAM111A|ZWINT|YWHAH|ATAD2|SHCBP1|BLM|NCAPG2|HJURP|DKC1|PNP|RFWD3|RAD51AP1|EXO1|PLAU|PDSS1|MELK|FEN1|EXOSC8|GINS3|AMIGO2
GSE10463_CD40L_AND_VA347_VS_CD40L_IN_DC_UP	0.00732708089097304	0.138772147138844	0.369284739200018	1.38280770943576	24	170	LINC01597|ZNF225|CXCL8|LPXN|PELI2|NEDD1|PEX12|CATSPER2|LRATD1|CCDC7|ZNF614|ZNF624|ZNF44|CLK4|SMAD4|SMAD2|TJP2|CRNKL1|FCRLA|UHMK1|HK2|PRRG1|ARMC2|CD96|PDE4D|XYLT1|ATP8A1|EVPL|MAMSTR|TBC1D19|GOLGA4|NFE2L2|LINC00342|DONSON|ZNF700|STK24|EPCAM|VIPAS39|TFE3|FAM3C|METTL4|GSTCD|HAPSTR1|MKLN1|SERINC1|PTEN|SLC30A9|ARCN1|SEC62|ZFAND5|SFT2D3|TRIM16|TIPARP|RFC3|FBXO11|ATF3|BLMH|INPP4A|MAFF|ZNF253|SPTLC1|MAP1LC3B|ZFHX4
WP_NICOTINE_EFFECT_ON_DOPAMINERGIC_NEURONS	0.00738255033557047	0.13929706817379	0.701828155040254	1.7094873717294	32	17	SLC18A2|KCNK9|CHRNA3
WP_PEPTIDE_GPCRS	0.00738137082601055	0.13929706817379	-0.618154355714682	-1.64395650886844	41	29	MC1R|ACKR1|CCR7|GNRHR|C5AR1|GALR3
GSE13306_TREG_VS_TCONV_LAMINA_PROPRIA_UP	0.00741399762752076	0.13962797032843	0.362340339038547	1.36268917701091	24	175	DISP1|VAV2|DNAJB2|PRNP|RTL6|SNX18|CREBL2|MANSC1|IL10RB|GPR174|CAMSAP2|IFT56|PDGFB|TBCA|GNAQ|PPM1B|UAP1|FAM199X|ARF4|CBX7|TOB1|SLC44A1|NFAT5|TRIB1|LMO7|SLC19A2|SEC22A|QNG1|ACER2|DOCK10|ABCB11|SLC22A2|ICOSLG|INPP4B|ARL3|GPLD1|SLC25A36|IL10RA|PARD6G|CPNE3|CNKSR3|CASD1|RABGAP1L
GSE7460_FOXP3_MUT_VS_HET_ACT_TCONV_UP	0.00743889479277365	0.139834505486633	-0.402528861864945	-1.40627149430623	48	162	FOXD2|B4GALNT4|AGBL3|ARHGAP33|CXCL1|GASK1B|SLC9A1|PPM1J|COMMD4|IFITM2|GPX8|DENND1C|MYO1A|CLIP3|MYH8|B3GNT6|DENND11|SPMAP2L|TBCB|FLYWCH1|ECE1|SIRT7|SYCE1|OAZ3|SEMA4F|EHBP1L1|MYO9B|ORAI1|GPR107|B4GALT7|SDC4|CEBPB|SZT2|UCP2|SUSD3|RTL8C|MEIOB|C12orf75|SMIM14|H2BC18|FLOT1|NUDT7|ENPP3|SLC25A35|PRR14|S100A6|PXN|ABHD2|HIP1|LTB4R|DNAJC1|TCTA
WALLACE_JAK2_TARGETS_UP	0.00747863247863248	0.14031871555236	-0.656603294540902	-1.65722402810032	41	23	PAK1|TMEM109|EPHB6|BIN1|POLE|PRPF6|POLR2J|FAM50A|UBXN1|SRRT|OBSL1|KIF22
BAELDE_DIABETIC_NEPHROPATHY_UP	0.00750876022025697	0.140584992272381	-0.492349806189928	-1.52906149779091	44	68	PTPRB|AQP1|PDE2A|ENG|MT2A|HBB|GDPD5|UNC5B|CYP4F2|CCND1|PPM1F|SPG7|GAS2L1|SEMA6A|ICAM2|ITFG2|ID1
GSE16450_IMMATURE_VS_MATURE_NEURON_CELL_LINE_12H_IFNA_STIM_DN	0.00752785305630834	0.140584992272381	0.360990414631015	1.36381525533561	24	183	TRAPPC2B|CD69|IFIH1|RGS2|DDIAS|CENPQ|CCNG1|REV3L|PDE3B|TEX15|C5orf63|PARS2|TRMT10A|CEP162|EGR1|BCLAF3|SCAF8|BLTP1|NAB1|SNAPC1|RAB6A|NLK|FBXO3|ODR4|ZDHHC6|SLC19A2|SMARCA5|PMS1|ZXDB|GFI1|ITIH4|ATP6V1D|APPBP2|SOS2|CDK17|JAK2|KLHDC2|MFF|CRABP2|B3GNT2|MTRR|CCSER2|CLIC4|PCGF5|ZBTB21|NEK1|PPP4R3B|RBBP8|COX15|GINM1|MFSD6|CHORDC1|NUP54|ERCC6L2|BHLHE40|USP16
GSE33424_CD161_INT_VS_NEG_CD8_TCELL_UP	0.00753693096171239	0.140584992272381	0.360489153091367	1.35939635832876	24	181	SETDB2|LPXN|CD69|IFIH1|MX2|MRPL1|DHX58|SERPINI1|AK7|NT5C3A|DTX3L|WDR75|CCRL2|MARCHF5|PFKFB3|PNPT1|PARP11|CFAP210|LIPT1|CMPK2|IFIT3|TMEM140|CHIC1|RSAD2|IFIT1|SGCB|CD274|EHD3|NOP58|PPA1|RBL1|PELI1|NAMPT|BAZ1A|ABCB1|PPM1K|NIFK|CYBB|HMGN3|TRAFD1|CD47|TPST1|GART|SFXN2|NMI|MPHOSPH10|GNL3|CHRAC1|PSMD11|TMA16|ETV6|PABPC1|PARP9|EIF2AK2|HSPA5|INPP1|ZFP1|STAT1|ZUP1|PRMT5|PARP14|TDRD7|ST13|SMARCAL1|TRIM5|ZEB2|ELF1|RNASEL|CCND2|LAP3|PKIB|CSDE1|PML|POLR3B|DNAJC13|SLC25A12|C19orf12|DNAJC2|TOMM70|UBXN2B
PID_SMAD2_3PATHWAY	0.00754884547069272	0.140584992272381	0.712204985574727	1.70584217180815	33	16	MAP3K1|SMAD4|SMAD2|NUP153|PPM1A|KPNA2|MAPK1
GSE10239_MEMORY_VS_DAY4.5_EFF_CD8_TCELL_UP	0.00763358778625954	0.141899915182358	-0.393960390340167	-1.39583338718534	50	183	GZMM|STS|PLXNB1|PDE2A|SLC22A18|TCN2|IRF7|SNORC|DBNDD2|TMEM25|RABAC1|UQCR10|RGS3|TEF|ARHGAP45|S100A5|TNFRSF1A|TCP11L2|SCAND1|FAU|ATP6V1F|GREB1|C2CD4B|KLK8|PPP1R35|CHD3|BCL6|DNAJC17|DACH1|NDUFA6|KCNJ11|MBD3|SP110|NFE2L1|PAQR7|MAP3K3|TPRN|ZNF579|RPL36|VPS11|EVL|LSM6|TNIP1|E4F1|CD3D|AP1B1|HNRNPAB|SDF4|MRPL24|MTERF4|NDUFA7|GRAMD4|NINJ1|PITPNM1|ITPR2|JUN|BRD2|URM1|ARAP1|PLCD1
GSE360_L_DONOVANI_VS_T_GONDII_MAC_DN	0.00764961751912404	0.141935047425078	-0.388532553110427	-1.37933259257029	50	189	GAA|CCR7|PYGM|PIEZO1|TYMP|IRF7|TIMP3|ACADS|SAC3D1|PPFIA4|LAGE3|SPINT2|HGS|NRG1|MX1|GAL|AMPD2|SCARB1|TIMM44|SLC43A1|RPL13P5|GNA11|AMHR2|SCAP|DGAT1|GAK|HPCAL1|RIN1|TRAP1|CPNE1|ALG3|TELO2|MGRN1|IQSEC2|RASSF1|SLC37A4|MAPKAPK2|GNB5|SNRPD2|FASN|STAG1|SIVA1|IL15RA|ARHGAP22|TMEM147|H2AZ2|CHERP|RUSC1|LPAR2|ACD|CDKN1C|MCM2|GAS6|CPT1A|IER2|SAFB|TUFM|FLII|CCT7|TRAF5|SGTA|PFKP|POLR2I|PDE1A|BYSL|NAP1L4|FKBP9|BIRC5|GBF1|EZR|ILF3|MEN1|SRRD|SF1|PHLPP1|ZPR1|DNAJC11|AOPEP|HSF1|NHP2|NDUFS3|SNRPF
GSE46606_IRF4_KO_VS_WT_CD40L_IL2_IL5_1DAY_STIMULATED_BCELL_DN	0.00774017301563211	0.143075015322339	-0.403600926181384	-1.41206076469782	50	165	NFKBIZ|H2AC13|MXD3|PCNX1|POU2F2|GLYCTK|IQCD|RHBDD3|CDC26|SPSB2|HBB|EREG|AATK|RCN3|TNFRSF8|GRIA3|MAP3K7CL|VMO1|TMEM163|DCHS1|CYTH3|USP35|ERO1B|ZNF839|PRDM12|KCNJ15|EXD3|GMPPA|ZC3H18|BIN3|FAM161B|B9D2|MED6|GGT7|TELO2|PLD2|PRELID1|NCAPH2|SFR1|PGGHG
WEST_ADRENOCORTICAL_TUMOR_UP	0.00774671606601549	0.143075015322339	0.322208868404443	1.28162866749217	22	293	PCYOX1L|PARPBP|DNAJC6|CAPZA1|PSMC6|PANK3|CD164|DTL|KPNA3|CNOT8|TOP2A|RARS1|PBK|MLF1|LGALS8|MTHFD2|KIF3C|MAPK6|CCNB1|ZWILCH|RPAP3|RTN4|ANKHD1|TMEM30A|TWF1|SC5D|SNX24|WSB2|TCP1|TMEM106C|USP14|HOMER1|IL32|FGFR1|EPB41L4B|PLXNC1|SLC35D1|TXNDC9|PIGK|RAD23B|CDK17|SLC20A1|UBE2V2|VDAC1|CDK1|KIF5B|RRM2|NRAS|ARPC3|RDH11|RFC5|ACTR2|BUB1|PTP4A2|ACLY|NNT|CAND1|ELOVL6|ZMPSTE24|RACGAP1|TNPO1|PSMC2|KIF14|MTF2|NEK2|TAF9|PSME4|GGH|PCSK6|HMGCS1|RTCA|ZWINT|CEP76|XPOT|ACAT2|PSMD14|SRPRB|SMC4|PSMD11|BZW2|EXTL2|BUB3|FDFT1|PCLAF|CCT6A|MED8|ANKMY2|DNAJB6|SKP2|CDC25C|RIOK3|INTS7|RFWD3|ACSM3|PIR|MAPRE1|BUB1B|BICD2|MSMO1|ACOT7|POLR2K|SPTLC1|GLO1|CDK8|NAA35|PSMA3|SLC36A1|UBE2K
ZHAN_MULTIPLE_MYELOMA_PR_UP	0.00775381633147565	0.143075015322339	0.517821515273287	1.58442824075972	31	46	TTK|DEPDC1B|TOP2A|RFC4|CCNB1|ZWILCH|KPNA2|NUSAP1|TYMS|CDK1|RRM2|DSCC1|RACGAP1|KIF14|NEK2|PRR11|PCLAF|CCNB2|BUB1B|DLGAP5|ASPM|FAM72C|SPC25|FOXM1
GSE2706_R848_VS_LPS_8H_STIM_DC_UP	0.00777846919726198	0.143266557435075	-0.418691976755893	-1.43080974983272	49	135	GZMM|GLB1L3|NAGK|PHLDB3|S1PR5|PAK6|ANKRD33|PHYHD1|FTCDNL1|B3GNT8|FXYD1|SOD3|ARHGAP4|DNAI7|AQP4-AS1|VSIG4|APCDD1L-DT|TSC22D1-AS1|NPHS1|ZNF229|CYTH3|SAMD10|FOS|C2CD4B|FMO4|NOTCH3|RPS6KL1|P2RX6|TBC1D8|ZSCAN16-AS1|SLC1A5|PRPF40B|NOP16|RTBDN
GSE1460_DP_THYMOCYTE_VS_NAIVE_CD4_TCELL_ADULT_BLOOD_UP	0.00783132530120482	0.143666809789609	0.358155770391109	1.3569320262251	25	186	ARMCX1|EGR3|C3orf52|CD3G|ACOX3|RMI1|ST3GAL5|ERI2|STRAP|HS2ST1|HDAC2|UBA5|EGR1|MACIR|RFX5|PPM1A|HSPH1|STAG3|SMC2|ATP1B3|PLPP3|PLCH1|TAPBPL|GFI1|EFNB2|CHRNA3|CEP97|CAPRIN1|MCTS1|ATP5F1C|CENPU|DSG2|SLC25A14|MYB|TRBC1|PTP4A2|KCTD9|KIF15|MLLT11|CLGN|GBE1|PSMA6|DCP2|PEX5|IDH3A|DSCC1|MKLN1|PUDP|PPP2CA|CD93|GGH|STIL|NCBP1|PLSCR1|ATP6V1A|NUP155|ECHDC1|CHCHD3|SHCBP1|H3C10|LMNB1|H4C8|CENPE|FABP5|SREK1|E2F5|COPB2|EP300|BTG3|KPNB1|SORD|ACOT7|GORASP1|TMEM164|CDK19|RPL39L|RPA3|BRCA1|POLR2C|SPRED2|LDAH|CSNK2A1|SPC25|IGF2BP3|FOXM1|XRCC5|PDLIM1|UBE2J1|DBI
GSE21774_CD62L_POS_CD56_DIM_VS_CD62L_NEG_CD56_DIM_NK_CELL_DN	0.00781848842557106	0.143666809789609	-0.407108150931504	-1.40980413400071	50	151	BHLHA15|FES|TAGLN|TRIM45|POU2F2|TYROBP|BCAS1|CD14|TBC1D2|RAB34|SELENOM|CELSR3|PPM1N|MRPL41|CHCHD10|SIGLEC10|GRIA3|CRYBA2|EXTL1|TBRG4|PLOD3|CA12|ZNF593|C19orf38|SH2B2|MBOAT1|EXOSC5|SAT2|CALR|SGCG|MYDGF|TSPO|DDO|SMDT1|ADAM15
GSE46143_CTRL_VS_LMP2A_TRANSDUCED_CD10_POS_GC_BCELL_UP	0.00784313725490196	0.143666809789609	-0.397826233766116	-1.40004023362448	51	174	FOXD2|MXD3|MATN1|SLC2A4|SPIB|TCEA2|COL18A1|FOXD1|RETSAT|SFN|PLXNA1|REX1BD|MYL11|PDCD1|DBP|DOHH|PPP2R2B|PRKCSH|LSR|STAB1|U2AF1L4|RBM38|IRS2|STK19|EMP2|H2BC5|MBD3|TSKU|NR4A1|UNC45A|RPL36|MRPL2|PLXNA3|NR2C2AP|TGIF2|NFKBIB|WNT5B|KLHL21|MGAT3|AARS1|EMC6|DCPS|ELAC2|ADISSP|CHMP7|VEGFA|NRBP1|ABCA2|RPS5|URM1|PES1|LARP1|ARAP3|EFNA3|PFDN6|B3GALT6|MTMR14|ARIH2|AP2A1
GSE14415_ACT_TCONV_VS_ACT_NATURAL_TREG_DN	0.00787861103005544	0.143823503611217	0.372050395739562	1.38652769224212	26	164	TTC39B|MYO1F|TTK|AIF1|STAP1|SNX18|SCRN3|PLK4|RUNX2|DTL|HIF1A|FAM107B|PBK|PHLDA1|AP1S2|CD80|SYPL1|HPRT1|ECT2|GMPS|HOMER1|CDC27|FCER1G|PERP|ICA1|ELL2|GNG10|NFYB|SAMSN1|C1orf54|CASP3|CHSY1|BAZ1A|SMC3|FAR1|DNAJB11|PTPN12|MIS18BP1|CYBB|ANXA1|RACGAP1|KIF14|NEK2|SMPDL3B|PLBD1|NSMAF|PTPRJ|HTATIP2|CKAP5|ATAD2|ATAD5|CDCA2
HUMMERICH_SKIN_CANCER_PROGRESSION_DN	0.00788034737857832	0.143823503611217	-0.46193737910633	-1.49966868867564	48	91	GAA|EFNB1|TPM2|C3|PYGM|IL11RA|RAB34|TCAP|GTF2H4|MYL11|ECI1|AEBP1|PDLIM3|MYH8|BCAM|RECQL5|FHL1|MAPK7|LTBP3|ENO3|BMP1|FASN|ID2|CRAT|ATP5MG|ECH1|ATP6V0B|PKD1|ACADSB|DUSP14|SPTBN1
GSE21360_NAIVE_VS_TERTIARY_MEMORY_CD8_TCELL_DN	0.00792819745699327	0.144017864879129	-0.392804618647749	-1.39048395445162	52	181	EFNB1|MXD3|GPR135|TP53I11|IRX5|SPON2|SMPD1|NUP210|SPPL2B|ACTA2|H4C11|ETFB|ETHE1|EEIG1|ATP5ME|SPSB3|LAGE3|LUC7L|TOM1|PPM1F|RHOF|FHL1|PTPN3|RBM23|MYO9B|SEMA4C|GMFG|DHRS3|RAB11FIP3|RPL27|ARHGAP1|APBB3|ITFG2|VPS52|CDCA3|RPL10|NENF|PCSK7|RGL2|GCHFR|NCAPD3|GIPC1|FKBP2|TROAP|USB1|NUDT7|TMC6|KYAT1|POLR2J|DBN1|APBA2|TEDC2|NUMA1|ERCC2|OXA1L|ADD1|FLII|TMA7|CSTPP1|ESYT1|ZNF512B|HABP4|MAST3|AKR1A1|IGHMBP2
GSE22886_NEUTROPHIL_VS_DC_UP	0.00793403858120722	0.144017864879129	-0.41754606876801	-1.43120906999683	50	139	OGDHL|MATN1|TSC22D3|S100P|ADGRG3|PAQR6|ELAPOR1|SYNM|GLB1L2|CXCL1|MINDY1|IFITM1|BTN3A1|B3GAT1|SMIM27|ITIH5|IFITM2|PPCDC|APLNR|RIMS2|GCA|SLC39A2|SLC26A10P|TINAGL1|KCNJ15|CRYM|CEP41|PRF1|TREML2|RAB11FIP5|LINC00623|SCYL3|RAD54L
GSE29618_PRE_VS_DAY7_POST_TIV_FLU_VACCINE_PDC_UP	0.00791115168111973	0.144017864879129	-0.40187499001044	-1.40423574703184	51	163	TSGA10|IL17B|AQP1|AOC2|SLC22A18|VWA7|PIEZO1|ZNF76|PRDM11|SLC8A2|IFT122|ITPKC|L1CAM|CACFD1|FAM131A|PLOD1|YBX2|KLK2|SLC19A1|PDLIM7|TXNL4B|LRPAP1|PTPN3|TPPP3|NFATC4|GNA11|SLC26A6|THBD|SMG6|IGSF3|AGRN|DOT1L|MADD|MED12|SLC35F6|MCOLN1|KLHL2|NFKBIB|GIPC1|CBX2|DHX8|LRFN4|INF2|HCFC1R1|MIER2|EIF2B5|MCM7|ABCA2|ZNF512B|SUGP1|PTDSS2|SETD5|TXNRD3|ARAP3
MIKKELSEN_MEF_LCP_WITH_H3K4ME3	0.00796431984708506	0.144306575135451	-0.44981853564966	-1.48014529657814	49	101	TNS2|EMILIN1|PHYHD1|ECM1|TEF|LPIN3|IFI35|RAB7B|ECM2|GPR173|COL6A1|PCOLCE|NYAP1|LGALS3BP|EMP3|FHL1|P2RX6|GBP2|TNKS1BP1|DMPK|AKNA|GAL3ST4|GPSM3|MRPS21|IQSEC2|ELOVL1|DAPK3|IL18RAP|PINLYP|CCDC9|GLMP|PRICKLE3|IL17RC|SH3KBP1|NNMT|CAPG|PRRG2|ZSCAN2
BIOCARTA_VIP_PATHWAY	0.00797993616051072	0.144329007530102	0.632902100569492	1.66101631021841	34	23	EGR3|MAP3K1|GNAQ|PRKAR1A|PPP3CB|EGR2|CALM2|NFATC2|MYC|CHUK
IVANOVA_HEMATOPOIESIS_LATE_PROGENITOR	0.00805426027977957	0.145411267425229	0.298679342983519	1.23412956035873	18	472	SLC35A3|GPR160|HSPBAP1|RBM44|FCGR2B|TNFRSF14|SLC49A4|CPNE8|SLC22A4|TMEM156|MS4A6A|SLC33A1|CETN3|INSIG2|MFSD14A|EXOC5|HVCN1|PSMC6|C1orf162|TM9SF1|PSMC1|HNRNPLL|FAM107B|CTSS|C5orf63|NCOA4|PBK|DERA|ZBTB18|BCAP29|FNDC3B|EAF1|AP1S2|ORC4|MYCBP|RGS9|ERI1|CCNB1|SEH1L|GDI2|HSPH1|DNA2|PLEKHF2|CABLES2|TMED2|C18orf32|OAT|PPIL1|SVIP|HARBI1|ATXN10|RNF115|SLC25A21|TVP23B|MRPL50|AP3S1|IDH1|GMPS|AGPS|MRPS6|AP5M1|CCNC|IPMK|MAPK1|USP14|OSTF1|SMIM45|EMILIN2|IL1RL1|ABR|DOCK10|BCL2L15|KCTD14|SGMS2|C5orf22|DOK3|RAP1A|ANKRD28|LZIC|APOO|RHOA|UBE2V2|CKAP2L|KLHDC2|ERO1A|LIN9|CPOX|TENT5A|ACER3|MEAF6|RPE|NUP205|LAMTOR3|USP45|SOAT1|EXOC6|RRM2|UBE2W|PRELID3B|HBS1L|ANKRD46|MED7|BAZ1A|RABGAP1L|EIF2S1|PRDX3|DRAM1|RFESD|ANKRD12|FBXO33|BAG2|CYBB|QPCTL|GBE1|ABHD5|MINPP1|PPP4R3B|MASTL|API5|LPCAT2|ABCB7|ETF1|DAD1|IL13RA1|BMP2K|GALNT10|SRSF1|NFU1|WRN|PPP2R1B|ESCO2|HPF1|RAB31|SEPTIN8|ATAD5|ATP6V0E1|TFRC|NCAPG2|GIN1|MAP2K4|CISD1|MTX2|GHITM|POT1|SAV1|PUS7L|KPNA1|RFWD3|LTA4H|ATP6V1C1|TMX4|R3HCC1L|TMEM33|VMA21|RNF130|RNASEH2B|USF1|MSMO1|OPTN|LMAN1|PHF10
WP_TYROBP_CAUSAL_NETWORK_IN_MICROGLIA	0.00811496196111581	0.146244143924022	-0.518627076591076	-1.55234593414953	47	54	TYROBP|C3|HLX|CD37|PYCARD|CD84|TCIRG1|CXCL16|ITGAX|SLC7A7|LOXL3|LYL1|GAL3ST4|SLC1A5|TNFRSF1B|PPP1R18
GSE16450_CTRL_VS_IFNA_12H_STIM_MATURE_NEURON_CELL_LINE_UP	0.00817270624518119	0.147010547944165	-0.409252464494767	-1.41259635266985	52	147	IGF1R|TMEM30A-DT|MAPK8IP2|COL25A1|FOXD1|KLC3|COL14A1|LYPD3|GFAP|DPM3|RTKN|PBLD|PTPDC1|THEM6|ATF6B|GIGYF1|SFI1|GRIA3|HSF2BP|SLC39A2|GPR173|NKX6-1|QRICH1|LRGUK|CASZ1|SH2B2|INPPL1|DDO|NOL3|RPL27|RCBTB1|PPP1R26|GRB7|PCNT|TBCCD1|ZNF707|MTG2|ACD|BCL2L1|ABHD8|TTC13|ABCA2|EFTUD2|PLCD1|PDIA4
GSE46606_IRF4HIGH_VS_WT_CD40L_IL2_IL5_DAY3_STIMULATED_BCELL_DN	0.00818677986658581	0.147010547944165	-0.398275631328581	-1.39617472756474	53	169	TRPM2|AMH|IL21R|ARK2C|C3|ASPHD2|TAP1|DHRS1|CHST12|ASIC3|GSDMD|BSG|IFI35|IFT140|COX6B1|IGFBP2|LIAT1|PILRA|RASGRP1|ULK4|CAMKK1|IL2RG|KCNAB2|COMMD1|CCL24|TSPO|DACH1|UNC13D|TAP2|PRSS21|LARGE2|PSMB10|FBXL20|DEF8|SNHG6|SOX18|IL15RA|FKBP2|TMBIM6|FSD1|TMC8|RNASET2|SLC25A35
NAKAYA_MONOCYTE_FLUMIST_AGE_18_50YO_7DY_UP	0.00824402308326463	0.147774113767519	0.299043552029002	1.23352333338209	19	455	DNAJB2|STK38L|ZNF225|CXCL8|MSL2|EGR3|CREBL2|ZNF354A|ATG4A|CLN5|TRAPPC8|IL10RB|EXOC5|MBNL2|CCL4|HACD2|NABP1|ERI2|XRCC4|VBP1|MGAT2|VPS54|HIPK3|ALG13|DERA|CPD|BCAP29|ZNF277|EGR1|PTGS1|RHOT1|PIK3C2A|RCHY1|FASTKD1|MYCBP|MEF2C|HEATR3|NR4A2|FAM13A|ZNF146|IPO7|ETNK1|SLC25A40|MAPK1IP1L|DCAF13|WBP4|IFRD1|PREPL|CNOT6|TCP1|IBTK|ZNF32|MTSS1|FPR3|F5|OTULINL|PTX3|EGR2|PLXNC1|MRPL15|APPBP2|MRPS31|FASTKD3|UBE2V2|PCF11|MEAF6|RPE|IFT74|MBNL1|CNOT3|CAP1|WIPF1|DDX18|BCL2|RESF1|TSNAX|MTRR|CCSER2|EBAG9|DLG1|BAZ1A|ZMYM6|PTPN12|TCP11L1|BORA|SEC24A|ADNP|NEU3|C6orf120|TASOR|MRPS30|FBXO28|NPAT|TRIT1|CAND1|ATF2|KIDINS220|AZI2|CHUK|MON2|RO60|RAB3GAP2|ZMPSTE24|THOC7|TIA1|CLIP1|TTC3|SDAD1|IPO5|TOR1AIP1|PUDP|PTEN|ATR|IVNS1ABP|CD93|CEP57|MRPL3|ABCB7|EFHC1|IL13RA1|BMP2K|HSD17B12|MRS2|KLHL11|ZFAND5|TMT1A|MCM3AP-AS1|UBE4B|PSMD14|SRPRB|NCOR1|HPF1|RAB4A|TAX1BP1|SEC63|CDC73|PRPF40A|ATP6V1B2|TTC27|FUCA1|BCCIP|TM2D1|ATM|ATP6V1C1|EIF1AX|TAF12|ZBTB11|DEGS1|PKNOX1|SLC35A5|MAFF|GLO1|GORASP2|RAP1GDS1|TRPS1|GEMIN2|ANKRD17|FKBP1A|RAB9A|TGFBRAP1|RNF146|UGGT2|PIBF1|MED20
FRASOR_RESPONSE_TO_ESTRADIOL_DN	0.00829187396351576	0.147839841644354	-0.486648761583292	-1.5207038815375	49	70	H2AC20|BCAS1|LAMB1|SMPD1|ENC1|ARHGAP4|TGFB3|IER3|INPP5J|EFNA1|MUC1|SLC16A5|DUSP4|MXD4|SELENBP1|CTSL|GNS|RAP1GAP
HARALAMBIEVA_PBMC_FLUARIX_AGE_50_74YO_CORR_WITH_28D_MEM_B_CELL_RESPONSE_AT_0DY_POSITIVE	0.0082688016800105	0.147839841644354	-0.333668215042572	-1.2816244400086	62	466	CD27-AS1|RINL|NOTCH2NLA|SYTL1|RDH16|COPS9|AARSD1|POLR2F|UQCR11|TSPAN5|ATAT1|PBXIP1|IFITM1|MAPK11|NDUFB2|METRN|TRPV2|RPS29|COX14|HCST|GSDMD|NDUFA2|COMMD4|UQCR10|MICOS10|ETFB|ZNF701|FXYD1|SMIM27|UBL5|LYPLA2|RNASEH2C|GTF3C1|CYTOR|SERF2|NAA38|CIAO2B|NSUN5|CEP250|ZNF763|ATAD3C|DOK6|LOXL1-AS1|UBA52|PCED1B-AS1|RECQL5|LAGE3|ST6GALNAC6|ZNF738|PPIE|COMTD1|GLG1|IL2RG|UBL7-DT|ZNF585A|RPL13A|MTLN|B3GAT3|CAMTA1|CHMP6|TTLL1|FDXR|PIGU|IQCH|MEAK7|PCNX3|PYCR3|SELENOH|CHMP4A|TMEM161A|TRADD|LTBP4|SEMA4F|CCDC57|WDR4|SNHG20|UNC13D|MBD3|UQCRQ|GUK1|MCRIP1|DIAPH1|CPNE7|SPN|CERS4|THAP3|WDR83OS|ATP5IF1|CERS5|KLHDC4|MADD|MRPL57|MYL6|RPS23|NENF|CD2BP2|NEDD8|ARFRP1|NDUFC2|PCYT2|TEX264|MLH3|HSPBP1|RNF220|LYSMD1|DGUOK|MVD|SIGIRR|ZNF428|CCDC85B|CD3D|ZNF133|NDUFB11|APTX|COMMD6|PEF1|ATP5F1D|EEF1D|TEDC2|SH2D2A|ATP5MG|ZNF674|NEIL2|GNL1|JTB|PARP1|CLEC2D|POLR3GL|RANGAP1|ASB1|GFER|DNAJC19|SLC25A26|ZNF780A|PRR5|PSMD9|SMIM29|UQCC6|PTPN7|CNPY2|ARL6IP4|COG2|PLCD1
MIKKELSEN_MEF_HCP_WITH_H3_UNMETHYLATED	0.00828729281767956	0.147839841644354	-0.406088731555267	-1.40689115466529	53	152	BHLHA15|LAG3|MAEL|DND1|DHDH|EZHIP|MAGIX|GFAP|FAM178B|ASPHD2|NPB|HSPB3|B3GNT8|TEX19|EPPK1|LDOC1|ARHGAP4|GIGYF1|APOC1|ZNF516|PIWIL1|KRT4|SLC2A9|PTGIR|C19orf67|VWA1|TRPC3|TNFAIP8L2|PCDHB5|TRPM1|GNMT|SH3D19|CHRM4|BAHCC1|KCNE5|DUSP13B
TONKS_TARGETS_OF_RUNX1_RUNX1T1_FUSION_ERYTHROCYTE_UP	0.00832025117739403	0.148082768295534	-0.427875517027966	-1.4442229159854	52	121	PLAT|HOMER3|EXT1|ATXN1|LILRA2|PIK3C2B|PLPPR3|GDF15|P2RX4|ECM1|TNFRSF21|ADAMTSL4|IFI16|UCHL1|VSIG4|ACVR1B|RASGRP1|HSPB1|JAG2|MAGED2|MEAK7|TRIB3|GBP2|SLC7A11|PPARD|PALM|PDGFA|CTSL|SLC5A3|ID1|GIPC1|COL1A2|DNASE2|AP1S1|SOCS3
PID_MYC_ACTIV_PATHWAY	0.00834202294056309	0.148207480136942	0.440092661240487	1.47501018715376	31	79	SERPINI1|PDCD10|NBN|LDHA|NPM1|SMAD4|CDCA7|CCNB1|BMI1|HSPA4|EIF4E|DDX18|IREB2|ACTL6A|EIF2S1|PRDX3|HSPD1|LIN28B|RIOX2|MYC|TAF9|TAF4B|HSP90AA1|TFRC|NDUFAF2|SUPT3H|TAF12|BCAT1|EP300
GSE1740_MCSF_VS_MCSF_AND_IFNG_DAY2_DERIVED_MACROPHAGE_DN	0.00836570062742755	0.148313959286799	0.35588295328899	1.35465805928208	27	191	MEX3C|SERINC5|MSL2|PDK1|SLC49A4|ZNF782|TRAPPC8|GNG12|ETFRF1|G2E3|HDAC2|FAM76B|AASDH|AKAP11|ATG2B|GAS2L3|MKRN1|ADIPOR1|PDE8A|TAPT1|ITPRID2|SLC19A2|RAP2A|MAPK1|NUP133|PLPP3|S1PR3|SLC35D1|RIOK2|RAD23B|ZBED5|NFYB|ATP5F1C|SPDL1|HAUS1|CERT1|CCNH|HUS1|RDH11|RNPC3|TSG101|PABIR2|FH|C6orf120|SEPTIN7|MEGF9|CNOT6L|CYBB|KIDINS220|MYC|ZNF217|TPST1|ANP32B|GALNT1|CEP170|C6orf62|GOLM2|INTS6|NFU1|ZNF148|ASAH1|MPHOSPH6|NCOR1|RAB4A|TMCO3|ZZEF1|STMP1|TRAK2|USP28|DHX33|COMMD3|CEP192|MZT1|CCDC14
HALLMARK_PROTEIN_SECRETION	0.00839234198793601	0.148313959286799	0.420887758604034	1.45102768779568	31	93	CLN5|LAMP2|PPT1|RAB22A|YIPF6|TMED2|AP3S1|MAPK1|OCRL|ICA1|GOLGA4|RAB5A|ZW10|AP1G1|SNX2|SCAMP1|TSG101|CLTC|DNM1L|ADAM10|MON2|CAV2|STX7|CLCN3|AP3B1|TMX1|RAB14|VAMP3|ARCN1|ARFGEF1|USO1|SGMS1|VPS4B|COPB1|COPB2|BNIP3|LMAN1|DST|RAB9A|RPS6KA3|ATP7A|DOP1A|SEC31A|SNAP23|TOM1L1|SEC22B
HAN_JNK_SINGALING_DN	0.008382815228781	0.148313959286799	-0.608096436277437	-1.63009576389144	47	30	SPIB|C3|CD14|IFITM1|SLC29A1|SOD3|COL6A1|LBP|CYP2F1|FAS
LIM_MAMMARY_LUMINAL_PROGENITOR_UP	0.00856017805170347	0.151014178001757	-0.555138735136205	-1.59008372438498	49	42	ANPEP|C3|IL15|CD14|MELTF|IL4I1|SORBS2|LBP|PIGR|RPS6KL1
RODRIGUES_NTN1_TARGETS_DN	0.0086220169361047	0.151838256148454	-0.410151694038471	-1.41508419055289	55	146	MSH5|GAA|ASCL2|SEMA4G|RAB27B|ENC1|TIMP3|EREG|TNFRSF21|DGKD|MYO1A|RRBP1|KIFC2|BCAM|IER3|SULT1A2|SPG7|RHOF|HSPG2|PGF|MET|ARHGAP26|SEZ6L2|DMPK|MMP15|BIN1|ITGB5|MED6|SFXN3|SULT1A1|NR4A1|TNFRSF1B|ID1|FLNB|KLF13|SIGIRR|OGFR|IFNGR1|IRF9|MINK1|NUMA1|EPOR|PXN|VEGFA|NECTIN2|EPB41L2
GSE13522_CTRL_VS_T_CRUZI_Y_STRAIN_INF_SKIN_IFNAR_KO_UP	0.00874811463046757	0.15353776041882	-0.394724921373137	-1.38912601591163	57	174	SPIB|CCR7|TYROBP|ENC1|FAM234B|GTF2I|SNN|LYST|AMZ1|H2BC13|RPS29|DYRK2|EEIG1|NTRK3|LBP|NAPSA|APOBR|LRRC75B|CCND1|ACVR1B|PIK3IP1|THEMIS2|C19orf38|MBOAT1|PCED1B|SLC16A5|SEMA4F|SLC12A7|ICAM2|PRF1|GMFG|DGKA|MSRA|SGK1|GRK6|DUSP7|FNDC10|PDLIM4|ID2|RNF145|MREG|GPR180|XYLT2|CAMKK2|SUPT7L
TURASHVILI_BREAST_DUCTAL_CARCINOMA_VS_DUCTAL_NORMAL_UP	0.00874911326554741	0.15353776041882	0.536285010739767	1.59297001767125	36	39	FBN1|FAR2|CD44|SGO2|DTL|CKS2|TOP2A|ALG13|MBTPS2|SFRP2|TXNDC9|RRP15
GSE36078_UNTREATED_VS_AD5_T425A_HEXON_INF_IL1R_KO_MOUSE_LUNG_DC_DN	0.00877327997537325	0.153693166479575	-0.40326414685006	-1.40010692174777	56	156	TMEM238|GZMM|PCNX1|PLXNB1|PNKD|GLB1L2|CELF3|MYO16|GPR68|PHPT1|IFT140|NTRK3|CLIP3|ZIC1|IFT27|ZNF551|AKT3|PTPN3|EGFL6|INPPL1|MZT2B|MRPL20-AS1|LYL1|ICAM2|HPCAL1|MSRA|RHOB|CERS4|EPHX1|RPP25|TTC28|TBC1D17|PTGES2|ZBTB39|SLC20A2|PNPO|TMEM65|ZNF219|EML2|C11orf71|ADISSP|DDX51
GUTIERREZ_CHRONIC_LYMPHOCYTIC_LEUKEMIA_DN	0.00882702427431675	0.154365278163052	-0.524607771969594	-1.55496395120696	51	51	DPEP2|CCR7|PBX3|ATXN1|GBP2|ID3|FILIP1L|KCNN4|IGSF3|SFMBT1|PGGHG|NOSIP
HALLMARK_EPITHELIAL_MESENCHYMAL_TRANSITION	0.00887121443866626	0.154868261800577	-0.402363435886709	-1.40180849194642	57	159	TPM2|TAGLN|FSTL3|ANPEP|IL15|CRLF1|APLP1|TIMP3|QSOX1|CXCL1|ECM1|ACTA2|COL1A1|PLOD1|SERPINH1|CTHRC1|MMP1|IGFBP2|ECM2|GPC1|SLC6A8|PCOLCE|SERPINE1|COL6A3|TIMP1|PLOD3|P3H1|EMP3|DCN|FAS|SGCG|ITGB5|BMP1|RHOB|SDC4|ITGB1|ITGAV|FGF2|PDLIM4|ID2|COL1A2|ITGA5|NNMT|CAPG
GSE14000_TRANSLATED_RNA_VS_MRNA_4H_LPS_DC_UP	0.00893122953259899	0.155375532145977	0.353865670968373	1.35011028335422	29	193	DCP1B|USP25|HMGN5|DHX40|USP2|INTS13|PEX3|GFM2|NPM1|FASTKD1|CIP2A|RPAP3|SHQ1|ZFYVE26|OAT|DCAF13|GCLM|NUP37|INTS8|UTP11|AGPS|TTC14|SERPINB5|RIOK2|ZBED5|PRRC1|MCTS1|RRP15|UPRT|ZSCAN29|SPDL1|PIK3C3|CPSF2|GRK5|PPIG|SMG8|CNOT2|UBA2|CELF2|ETFDH|DDX52|YARS2|ZNF627|PRMT3|SNX2|ARMT1|SMC6|VRK1|FBXO33|NIFK|ZSCAN9|EIF3J|TRNT1|MON1B|HECTD1|PPWD1|TUT4|PMPCB|TCERG1|C1orf131|CETN2|CNDP2|SEC62|SLC4A1AP|MPHOSPH6|TRAPPC11|NUMB|ZNF326|USP48|TASOR2|LLPH|C1GALT1C1
REACTOME_ION_CHANNEL_TRANSPORT	0.0089244499153716	0.155375532145977	-0.405831801131536	-1.40377204180872	57	150	TRPM2|ANO9|TSC22D3|TRPA1|ATP9B|ANO8|ATP2A1|ASIC3|TRPV2|ATP13A1|FXYD1|TRPM4|TCIRG1|CLCN2|ANO3|ATP1A3|ATP2B3|CASQ2|UBA52|CLCN7|ATP9A|TTYH2|TPCN1|UBB|ATP6V1F|ATP2A3|TRPC3|TRPM1|TRPC1|ATP13A2|CLCN6|TRPC4AP|SGK1
GSE1112_OT1_CD8AB_VS_HY_CD8AA_THYMOCYTE_RTOC_CULTURE_DN	0.0091324200913242	0.155964500130514	0.368850807291071	1.36492767440087	31	154	SPMIP4|PELI2|ANKRD13C|GPR174|USP25|ZFPM2|TMEM135|TRPM7|LAMP2|PRPS2|ZNF518B|PGGT1B|ADPRHL1|EAF1|PIK3CA|SATB2-AS1|NFYA|TTLL7|AKAP11|GDI2|UBE2N|ARPP19|GRPEL2|IL1RL1|UPK1B|MAMLD1|NBEAP1|CEP97|ZNF586|ZBED5|FLCN|YWHAZ|SOCS2|MED7|PRMT6|HNRNPK|ACLY|MOB1B|ADNP|TASOR|MGA|PRPF39|COMMD10|SECISBP2L|MAN1A2
GSE25123_CTRL_VS_IL4_AND_ROSIGLITAZONE_STIM_MACROPHAGE_DN	0.0090962441314554	0.155964500130514	0.366904620844353	1.37111511536763	30	168	PITPNC1|TCEAL1|C3orf18|DEPP1|RAD54B|C2CD5|SCRN3|ESF1|KLHL13|MBNL2|SOHLH2|XRCC4|KALRN|RIMS3|EEF1AKMT1|SRP19|NAB1|WASHC4|MFAP3|CWC22|RPF2|CNOT6|ESD|EMILIN2|FRZB|GRIA2|CLMP|ZNF536|TMEM74|FOXP1|CIR1|USP53|SOCS2|EXOC6|RRM2|ZNF292|VIPAS39|DDX3X|FAM241B|MGA|SNW1|CR1L|CREB1|CLCN3|WT1|PTAFR|VAMP3|CHRAC1|ERCC6L2|MYCBP2|MAP2K4|MBTD1|EIF2D|NFIA
GSE2706_LPS_VS_R848_AND_LPS_2H_STIM_DC_UP	0.00911901081916538	0.155964500130514	-0.411914210932962	-1.41757814676601	58	143	NBPF8|DNHD1|GKAP1|CATSPER1|BCL2L12|CD37|PPFIBP2|STKLD1|PSMB9|DHX37|LPCAT4|CASKIN1|ATP13A3-DT|MARVELD3|RGL3|ENSG00000257711|DAGLA|DBIL5P|DNAJC22|ENSG00000274253|IL2RG|TBRG4|SDR42E1|CYB5D2|CRYM|TMUB1|SLC12A7|ANKS3|CAPN15|RBFOX2|PPOX|CDCA3|TRMT2A|MED12|GRTP1|NFKBIB
GSE29617_CTRL_VS_TIV_FLU_VACCINE_PBMC_2008_DN	0.00904704463208685	0.155964500130514	0.355784328228869	1.34835267494557	29	187	SLAMF6|DCK|DDIAS|TRAPPC8|EXOC5|SCOC|VBP1|MGAT2|NUDT13|HDAC2|PRIM1|FASTKD1|CDCA7|ABCD3|STT3A|ZNF146|PSMA4|THOC2|GNPAT|SHQ1|SLC44A1|MTCH2|PPP3CB|MRPS6|PMS1|HOMER1|RPS27L|ARV1|WASHC3|SPCS1|PLPBP|SSB|RRM2|TSNAX|ZNF623|EIF2S1|ARMC1|NNT|BFAR|FH|DECR1|TASOR|DNAAF10|EIF3J|AFTPH|OSTC|MTF2|SUCLG1|GGH|MID1|CYB5B|METTL5|PCNA|ZWINT|CFAP298|MTIF2|GLT8D1|PSMD14|ASXL2|AP4E1|PPID|ATP1A1-AS1|SDHAF3|SPOP|COPB2|DRG1|STAMBP|OMA1|GATD3
GSE35685_CD34POS_CD38NEG_VS_CD34POS_CD10POS_BONE_MARROW_UP	0.00898472596585804	0.155964500130514	-0.390085147335956	-1.38128222371018	59	182	MATN1|DNASE1L2|ELOVL3|ZFTRAF1|BSCL2|GTF2I|PRKCZ|SH3BP2|SLC52A2|NBEAL2|AATK|MOGS|MRPL41|SUN2|PPARG|PDLIM7|SLC6A8|RASGRP1|FOS|UQCC5|SLC27A1|RBM38|RGS14|DCN|TPPP3|MAP3K12|SLC2A8|GNA11|NSDHL|LYL1|MERTK|IL16|RALBP1|FBXW4|RHOB|ARHGAP39|PHC1|TYRO3|EPHX1|NSMF|TSC22D1|NHSL3|TNIP1|KLHL21|GRIN2D|SLC38A5|PEF1|METTL17|LPCAT1|CIPC|NINJ1|PARP1|AP5S1|URM1|HBE1|SNAPC2|SEC61A2|MAEA|ZNF808|SGTA|PLEKHO1|RHOG|POLR2I|CASP9|CLEC11A|KIF22
GSE40493_BCL6_KO_VS_WT_TREG_DN	0.00913599582354477	0.155964500130514	0.436170541883387	1.4592763255011	34	78	SAMD5|FOXA1|ITGB4|MYLK3|PREX2|LRATD1|CYP27B1|GRIK1|CD96|PRSS36|ACER2|HKDC1|BDKRB1|CREB3L3|RSPH6A|XCL1|ICOSLG|CDHR4|TEKT3
HALLMARK_MTORC1_SIGNALING	0.00903886712865321	0.155964500130514	0.350686678234668	1.34022902873609	29	196	PDK1|CCNG1|PSMC6|EGLN3|ACTR3|CORO1A|ME1|LDHA|MTHFD2|PSMA4|ADD3|HPRT1|SC5D|IFRD1|HSPA4|IDH1|GMPS|HK2|SYTL2|IGFBP5|RIT1|ATP6V1D|PSMG1|SKAP2|INSIG1|UFM1|PPA1|ERO1A|NUP205|RRM2|COPS5|RDH11|NAMPT|ACTR2|CACYBP|BUB1|SSR1|ACLY|HSPD1|MLLT11|UBE2D3|ELOVL5|GBE1|ATP2A2|ELOVL6|STARD4|PSMC2|GPI|P4HA1|QDPR|ETF1|CYB5B|HMGCS1|USO1|RAB1A|PSMD14|ACACA|GTF2H1|BHLHE40|TFRC|POLR3G|CCT6A|HSPA9|IDI1|PNP|LTA4H|EEF1E1|BCAT1|HSPA5|ALDOA|SORD|GOT1|PSMA3|PSAT1|PGK1|CANX|TCEA1|IMMT
HENDRICKS_SMARCA4_TARGETS_UP	0.00902127659574468	0.155964500130514	-0.530423564008486	-1.56043299417192	52	49	KRT15|S100A2|PLXNB2|MIR503HG|MMP1|CRYBG1|SPOCD1|PHLDB1|EMP3|FBLIM1|PDP1|FLNB|MFGE8|SMARCA4|ITGA5|LMNA|ABHD2|CTSH|CDKN1A|JUN|PTPN7
KANG_DOXORUBICIN_RESISTANCE_UP	0.00905309517983851	0.155964500130514	0.499776639272444	1.57407789081924	36	54	FOSB|PLK4|TOP2A|PBK|RFC4|GINS1|NCAPG|NUSAP1|MAD2L1|TYMS|CDK1|RRM2|BUB1|RRM1|DSCC1|CDKN3|ZWINT|ATAD2|NEMP1|LMNB1|NCAPG2|PCLAF|HJURP|BUB1B|RAD51AP1|HMGB2|POLQ|ASPM|CDC6|FOXM1|CENPA
REACTOME_RESPONSE_OF_EIF2AK4_GCN2_TO_AMINO_ACID_DEFICIENCY	0.00907787864309603	0.155964500130514	-0.449073666963061	-1.47472016515309	56	99	RPS21|RPL28|RPS28|RPS20|RPLP2|RPS29|RPL23|UBA52|RPS9|RPL18|RPL13A|FAU|TRIB3|RPL38|RPS18|ASNS|RPS15|RPS10|RPS16|RPS2|CEBPB|RPLP1|RPL27|RPS23|RPL10|RPL36|RPS27|RPL37A|RPSA|RPS11|RPS26|RPS12|RPL3|RPL35|RPL8|RPS5|GCN1|RPL35A|RPS14|EIF2AK4|RPS17|RPL26L1|CEBPG|RPL23A|RPL41|RPS13|RPL13|RPL27A
WP_NONALCOHOLIC_FATTY_LIVER_DISEASE	0.00908111436047406	0.155964500130514	-0.407872874512335	-1.41028844539283	58	149	COX6B2|SMAD7|COX8A|MLXIPL|UQCR11|COX6A1|NDUFB2|NDUFB8|NDUFA3|NDUFA13|NDUFA2|UQCR10|COX5B|SREBF1|COX6B1|NDUFC2-KCTD14|IRS1|NDUFA11|TNFRSF1A|NDUFS7|NDUFS8|AKT3|IL1B|FAS|IRS2|NDUFA4L2|TRAF2|NDUFA6|MAP3K11|NDUFB7|UQCRQ|NDUFA1|NDUFB1|PRKAB2|ERN1|NDUFC2|NDUFC1|SDHA|AKT2|GSK3B|BID|NDUFB11|UQCRHL|CDC42|NDUFA7|SOCS3|NDUFB6|CYC1|BBC3|JUN|NDUFA8|COX7A2|NDUFAB1|COX4I1|RELA|MT-CYB|NDUFB4|RXRA|UQCRH|COX6C|PIK3R3|SDHB|COX7C
FURUKAWA_DUSP6_TARGETS_PCI35_UP	0.00922973653297533	0.157158462990656	-0.507040941592849	-1.53610908048504	54	58	TMCO4|IFI30|PYCARD|PSMB9|IFITM1|MAPK11|RCN3|HERC6|APH1B|THEMIS2|SHFL|ID3|DUSP4|ZBTB20|SMIM14|RNASE1|MDK
GSE21063_WT_VS_NFATC1_KO_8H_ANTI_IGM_STIM_BCELL_UP	0.00925925925925926	0.157158462990656	0.354598575299127	1.35133422115891	30	192	ITGB7|TTK|PARPBP|ZNF367|CCNE2|DEPDC1B|DTL|CKS2|TOP2A|ANLN|PRPS2|DERA|RFC4|SUV39H2|KIF11|PRIM1|CCNA2|ERI1|CDCA7|HYCC1|CCNB1|C17orf58|ECT2|NDC80|POGLUT2|TMEM106C|NCALD|MAD2L1|NCR3|INPP4B|AUH|DLAT|CPOX|TYMS|DONSON|TIPIN|CDK1|DBF4|BUB1|TARS1|TMEM14A|KIF15|VRK1|TMEM237|ELOVL6|RBBP8|GGH|SFXN1|RTCA|XPOT|PSMD14|SEPTIN8|PLAAT3|ATP6V1B2|CDCA2|TMA16|LRR1|FAF1|RFC3|FABP5|HJURP|ACOT13|ATF3|DOCK2|BUB1B|EXO1|MAIP1|RAP1GDS1|PSAT1|LACTB2|TCEA1|DLGAP5|SLC27A2|MELK|NCAPH|ATG5|FAM83D|ASPM|MNAT1
GSE21546_UNSTIM_VS_ANTI_CD3_STIM_SAP1A_KO_AND_ELK1_KO_DP_THYMOCYTES_UP	0.00927357032457496	0.157158462990656	-0.411210804113298	-1.41515741422177	59	143	TREX2|ESPN|COL25A1|IRF7|SH3GL1P1|DLG5-AS1|IFITM1|BTN3A1|DBP|ROGDI|MIGA2|IFITM2|TNFRSF8|IFI35|IFI16|HERC6|RIGI|LGALS3BP|LSR|THEMIS2|RHOF|CMKLR1|C5AR1|ADAM11|IFITM3|TMEM200B|ISG15|SP110|PROSER2-AS1|SHISA8|PHF11|LINC00623|LYRM4-AS1|OAS3|MTERF4|PARP12|IRF9|PRRG2|ELL|LY6E|ABHD2|MINDY4|PTRH2|RBCK1
GSE411_WT_VS_SOCS3_KO_MACROPHAGE_UP	0.00928421683138664	0.157158462990656	0.355785483355935	1.35318917189363	30	190	PITPNC1|LPXN|GNA13|CENPQ|RRM2B|ST3GAL5|TMEM51|HMGN5|PTER|CKS2|MNS1|HEMGN|ADPRH|NBN|MLF1|SUV39H2|PPP1CC|PPP6C|KNL1|ERI1|IPO7|SH3BGRL|GINS1|PPIL1|CBX3|CCP110|ATXN10|RELN|INTS6L|GMPS|SLAMF7|ELL2|UBE2E3|RPS27L|CDC14B|SDHD|HERPUD1|OSGIN2|TYMS|UBE2E1|TIPIN|DTWD2|ADK|DNAJA2|EIF5B|ARHGEF12|CACYBP|UXS1|CS|LSM14A|SLC36A4|BAG2|DERL1|PAPOLA|THOC7|STX7|UBQLN1
KIM_LIVER_CANCER_POOR_SURVIVAL_DN	0.00927643784786642	0.157158462990656	0.595943132893309	1.65775396797987	39	29	TBX3|CRYL1|KHK|MTSS1|F5|HNF4A|SLC30A1
GSE8685_IL2_ACT_IL2_STARVED_VS_IL21_ACT_IL2_STARVED_CD4_TCELL_UP	0.00937042459736457	0.15835071062011	0.371500690717395	1.38172113613558	31	162	ZC2HC1A|VAV2|TTC39B|FOSB|CD83|BATF|LPXN|CD44|SERINC5|EFCAB12|SNX18|YIPF1|ARID5B|PLD1|VPS54|CPD|KNL1|TNFAIP8|RPAP3|CIBAR1|GAS2L3|TJP2|ZDHHC21|PICALM|TRIB1|PCNP|MAD2L1|P2RX7|NIPAL1|IL1RL1|GPRASP3|SYT11|KIT|PLXNC1|GPLD1
GSE7460_CD8_TCELL_VS_CD4_TCELL_ACT_UP	0.00938967136150235	0.15840927920464	0.365234515105564	1.3648739641457	31	168	MYO1F|ZBTB26|GPR160|LPXN|PLEKHM3|FOXA1|KCTD12|CCL5|ZNF354A|LGALS3|HSDL2|RUNX2|CEP162|RNF138|MARCHF5|YES1|TAB2|INVS|DDHD2|DENND4C|SKIL|OSTF1|NCALD|FAM174B|TAPBPL|GFI1|RECK|LINC01160|SLAMF7|TTC39C|ALPL|CMTM7|PHETA2|C1GALT1|DSG2|PDE7A|SMIM3|TOGARAM1|TRAFD1|VMP1|STXBP4|SMPDL3B|GOLM2|GGH|SLC9A5|PREX1|NSMAF|DENND4A|AK3|VPS37A|RMDN2|DNAJB6|FCHSD2|S100A4|ZNF2
GSE3337_CTRL_VS_16H_IFNG_IN_CD8POS_DC_DN	0.00943254978290163	0.158865662283165	-0.389555823293328	-1.38043690578098	62	184	C3|CYFIP2|POLR2L|CD37|DPM3|TAP1|UBA7|GGA1|LYPLA2|NAA38|OSBPL5|CD19|IFT27|TMEM160|PTK2B|MICOS13|PLOD3|BCL3|ECE1|SELENOH|GBP2|MAP4K1|IL18BP|FRMD8|TSPO|PMF1|TAP2|DVL1|FKBP8|RNPS1|PSMB10|CDK2AP2|HIP1R|GRINA|FLNB|EXTL3|VARS1|GPS1|SIVA1|LYSMD1|CYBC1|SLC9A8|PAFAH1B3|OGFR|TRAF3IP2|EMC10|AP1S1|POLA2|AARS1|MCM2|ABHD8|UPP1|NOC4L|BCKDK|MCM7|TRIM27|TNFAIP2|IRF1|TAF1C|SEPTIN9|UHRF1|CASP9|CDC20|SMAGP|CUEDC2
WEST_ADRENOCORTICAL_TUMOR_DN	0.00952003173343911	0.160070483317021	-0.330783347293204	-1.26793743635842	71	452	TAGLN|ZNF331|SRGAP3|PLAT|NEIL1|EMILIN1|C3|SPON2|PLA2G6|EXT1|MT2A|AXL|DHRS1|LMOD1|GSDMD|FXYD1|SOD3|SEMA3B|MICALL2|SMTN|DNPH1|IFITM2|SPSB3|APOC1|IFI35|SREBF1|RPL23|GPRASP1|AEBP1|RIMS2|ADAM22|ATP2B3|RARRES2|FGF12|SORBS2|COL6A1|CRISPLD2|APOD|TGFB3|CFD|IER3|MPG|ICAM1|RPS9|LUC7L|HDAC4|FOS|B3GNT4|APOL6|CHD4|ROBO3|UBB|STAB1|FHL1|DCN|LMF1|SEMA6A|ESR1|FAS|NAA60|CHD3|AKR1B1|PHKG1|SGCG|IL18BP|RPL38|LTBP4|CAMK1|RAMP1|TSPO|DCXR|BCAT2|MXD4|FAXDC2|CREB3L1|SORBS3|MAP3K11|FBXW4|DGKA|MSRA|JUNB|RHOB|CDC42EP4|NBL1|NR4A1|RPL27|HEPH|PARP3|COX16|RPL10|G0S2|CD2BP2|ZMYND11|CNP|CTTN|ACADVL|TK2|CCDC85B|NOCT|NDUFB11|IFT46|EEF1D|STUB1|GRAMD4|UBXN1|CD81|SUPT6H|ALDH6A1|IER2|LY6E|GCAT|VAMP2|IRF1|CAVIN1|DNAJC4|POLDIP2|PCGF2|ARAP1|MYLIP|ARHGEF3|FTSJ3|PLEKHO1|EIF2B4|EIF4A1
GSE12507_PDC_CELL_LINE_VS_IMMATUE_T_CELL_LINE_UP	0.00954252034802133	0.160180299754913	0.377713972255856	1.38149380694522	33	140	SNX16|PDCL2|MANSC1|SLC33A1|BBS12|CCNG1|PLK4|ACTR3|HNRNPLL|ANLN|MTREX|BCAP29|NHLRC2|UAP1|KNL1|FANCB|UTP18|SH3BGRL|FAM199X|NCAPG|KPNA2|TCP1|SLC19A2|ORC2|ICA1|RAP1A|MCU|SRP72|LCP1|NUBPL|PHLPP2|CUL2|DBF4|SSR1|RRM1|SPCS2|MIS18BP1|NET1|NF1|IKBKE|RBBP8|TUBGCP4|TMX1|ECPAS|PSIP1|CEP76|CKAP5|SLC39A8|CDK6|NDC1|PPAT|BCAT1|CEP192|RNASEH2B|EXO1|HECTD2
KARLSSON_TGFB1_TARGETS_UP	0.00958378970427163	0.160604475878929	0.397977203747544	1.41427380313491	34	115	CD44|MMP14|ACTR3|WDR75|UCHL3|CCT8|ABCE1|UTP18|HSPH1|NAA15|NAE1|RPF2|ESD|TCP1|DLAT|CDK17|SLC20A1|PPA1|BTBD10|NAA25|RRM2|CACYBP|PTK2|BAZ1A|EIF2S1|HSPD1|NIP7|BAG2|MYC|IDH3A|IPO5|MAK16|SLC25A5|ZC3H15|RSL1D1|GNL3|GARS1|MPHOSPH6|DDX21|BHLHE40|HSPA9|EEF1E1|BCAT1|KPNB1
KEGG_RIBOSOME	0.00963855421686747	0.161253012048193	-0.467062024452245	-1.50446699548733	59	85	RPS21|RPL28|RPS28|RPS20|RPLP2|RPS29|RPL23|UBA52|RPS9|RPL18|RPL13A|FAU|RPL38|RPS18|RPS15|RPS10|RPS16|RPS2|RPLP1|RPL27|RPS23|RPL10|RPL36|RPS27|RPL37A|RPSA|RPS11|RPS26|RPS12|RPL3|RPL35|RPL8|RPS5|RPL35A|RPS17|RPL26L1|RPL23A|RPL41|RPS13|RPL13|RPL27A
GSE41867_NAIVE_VS_EFFECTOR_CD8_TCELL_UP	0.00966767371601208	0.161466972789489	0.350523180152486	1.3403147023624	31	197	MAP10|ZNF708|FBXO2|SPRED3|ESF1|CCNE2|ARL5A|USP38|ST3GAL5|DTL|NABP1|PSMC1|PECR|WDR75|G2E3|DERA|CCT8|PARP11|CFAP210|CKAP2|STT3A|SEH1L|LIPT1|GNPAT|SLC44A1|TJP2|CBX3|ETV5|PROS1|FBXO3|AP5B1|SCN4A|IFIT1|SGCB|ELL2|PCCA|CKAP2L|FAM229B|KCTD21|SSB|NUBPL|ATP11A|PIGH|PRELID3B|VIPAS39|PEX13|SEC23A|MAPRE2|NPAT|VMP1|GOLT1B|THOC7|GPI|OTUD6B|AIMP1|PSME4|PRR11|BTF3L4|FAM118B|PEX2|HTATIP2|SEC63|SHCBP1|BHLHE40|GLRX3|RAB35|DKC1|DDX27
QI_PBMC_ZOSTAVAX_AGE_50_75YO_CORRELATED_WITH_28D_PEAK_T_CELL_RESPONSE_14DY_NEGATIVE	0.00968351440717997	0.161466972789489	0.539043715564126	1.58180811022544	40	37	RMI1|HDAC2|RFC4|SUV39H2|PRIM1|MSH2|SMC2|MAD2L1|CDK1|SMC3|CDKN1B|RACGAP1|ATR|RAD21|PCNA|ZWINT|CENPS|RFC3|ERCC6L|EXO1
CAIRO_LIVER_DEVELOPMENT_DN	0.00972326103216155	0.161860852804043	-0.3875700612095	-1.37195421274034	64	181	PRG2|SEMA4G|SLC2A4|COL18A1|AQP1|C3|ZNF76|CYLD|ABCA7|CBS|LYST|C5|LCAT|APOE|SLC7A7|LBP|CPS1|C8G|CYP2F1|GRIK5|GNMT|MORC4|PSAP|NSDHL|DCXR|LPIN2|SELENBP1|CPQ|SLC39A4|PRTN3|SLC37A4|PCSK7|TAPBP|PCYT2|NCAPH2|TFR2|PCK2|PDIA5|ECH1|KDELR3|MAN2A1|CTSH|GCAT|PINK1|F12|SERPINF1|EBP|PKN2|H6PD
HUTTMANN_B_CLL_POOR_SURVIVAL_DN	0.00978712992414974	0.162654321487773	0.494128759502425	1.55628953902886	39	54	EGR3|TCF7|MEF2C|USP6NL|STAG3|PDE8A|RRAS2|ATP1B1|RECK|MTSS1|BACH2|FUT8|PIP5K1B|TCAF1|ADK|PTK2|EIF4G3|ADAM10
GSE4590_PRE_BCELL_VS_SMALL_PRE_BCELL_DN	0.00982723093992709	0.162781756064337	-0.437400622946069	-1.45176752673196	61	107	PBX4|ADAM19|SPAG1|PURG|HSF4|ZFTRAF1|ABCA7|LRRIQ3|IQCG|SCRN2|PYROXD2|FAM120C|KIF4B|KIFC2|TCP11L2|TMEM8B|EMP3|MGAM|SEZ6L2|TNKS1BP1|ENO3|TSPOAP1|CERS5|SIGIRR|CLSTN3|SLC25A42|RPS11|KYAT1|NEU1|TCHP
YU_MYC_TARGETS_UP	0.00982506589983226	0.162781756064337	0.519521977381288	1.57122657065529	40	43	DTL|CKS2|STRAP|HNRNPLL|TOP2A|ANLN|CCNB1|ECT2|KPNA2|CDK1|CLIC4|BUB1|RRM1|RACGAP1|CDKN3|PCNA|NUP54|PCLAF|IDI1|CCNB2
GSE10856_CTRL_VS_TNFRSF6B_IN_MACROPHAGE_UP	0.0100197358433278	0.165650853722936	-0.396896152773793	-1.38659310852811	65	162	LYRM9|SRGAP3|FARP1|SEMA4D|MAML3|HOMER3|CD37|NBPF10|RPLP2|ASIC3|SPEN-AS1|HOOK2|TNFRSF8|COLEC12|UBA52|SPATA6|NRM|PIK3IP1|MCAM|RIPOR1|KSR1|ARHGAP26|FOLR2|SLC6A16|PSAP|CTSA|LSS|PMF1|NPDC1|THOC6|IQSEC2|CNPY3|ABL1|PLEC|PPOX|NISCH|SLC66A2|XPO6|GSK3B|NCAPD3|AP1B1|NUDT14|ZBTB39|CAMKK2|CAPG|TMEM65|NEU1|LPCAT1|UBXN1
ZHU_CMV_ALL_DN	0.0100334448160535	0.165650853722936	-0.444893597721907	-1.46099316921642	62	99	TPM2|IGF1R|TAGLN|ANPEP|ENG|MARCKS|TIMP3|LAMA4|ACTA2|COL1A1|APOE|MMP1|IGFBP2|CFD|CCND1|TNFRSF1A|SERPINE1|SGCG|XPC|CD151|ABL1|PYCR1|ID2|COL1A2|LMNA|IL6ST|TP53BP1|PAFAH1B1|AARS1
GSE30962_PRIMARY_VS_SECONDARY_ACUTE_LCMV_INF_CD8_TCELL_DN	0.0100830367734282	0.166196261299955	0.358647592793069	1.34708941891396	33	174	CNRIP1|DNAJB2|STAP1|PLEKHM3|FCGR2B|RGS2|CCL5|HERC3|HLA-B|FGF13|PANK3|KLHL24|KDM7A|YES1|LANCL1|TMEM59|PNPLA7|PROS1|KCNJ8|RBL2|RAP2A|MYOM2|LINC01160|TMPRSS13|SYNE1|TTC39C|CDC14B|FBXO27|PCMTD1|KDM4C|TMEM38B|VWA5A|ZDHHC2|CARD6|ARHGEF12|BMPR1A|CACUL1|MAPRE2|ARL13B|STPG1|NOD1|RBM47|FAM78B|SERTAD3|SERINC1|ARL4A|GGH|ITPRIPL2|PTPRJ|TMT1A|S100PBP
GSE26030_TH1_VS_TH17_RESTIMULATED_DAY5_POST_POLARIZATION_UP	0.0101689845969792	0.167240899505045	-0.388532509001096	-1.37282417215202	67	178	ADSS1|ENKD1|EXOC3L4|CDC26|SFN|COX8A|ODAD4|ALKBH6|UQCR11|TIMM8B|NDUFB2|SCRN2|RABAC1|HCST|NDUFA2|TRIO|DYNLRB1|GGN|NAPSA|UNC13A|NDUFA11|TMEM160|SNX21|CDKN2D|FAU|EMP3|RBM38|RPL38|NDUFA6|NECAP2|ATP5PF|MED6|RAB11FIP3|TOMM7|GNPTG|ITGB1|SNRPD2|NEDD8|BLVRB|SIVA1|MRPS11|LSM6|GIPC1|SDF4|PRICKLE3|IFNGR1|PSMB4|POMP|MRPL24|UQCRHL|NDUFA7|MRPL17|CD81|BCL6B|S100A6|RPL35|RFXANK|TMEM179B|CD52|PLEKHO1|EIF4A1|KATNA1|PFDN6|POLR2I|EIF3K|COX7A2
GSE34217_MIR17_92_OVEREXPRESS_VS_WT_ACT_CD8_TCELL_UP	0.0101797359630985	0.167240899505045	-0.443219586189927	-1.46121395428274	63	102	DPEP2|RAB27B|RAP1GAP2|SYNM|ECM1|MYL11|MAST1|JAKMIP3|KRT4|TOM1|SYCE1|LYG2|GAL|COBLL1|GBP2|MMRN2|TRIM26|GPR146|PSAP|LARGE2|DGAT1|DGKA|SYT10|CACNB3|GNB1L|IRF9|ELL|GNA12|DUSP23|RADIL|CTAG2|FXN|SMAGP|MGAT5
GSE45365_HEALTHY_VS_MCMV_INFECTION_BCELL_IFNAR_KO_UP	0.0102286401925391	0.167769755314882	0.355386005000559	1.34156236666108	33	182	SAMD9|SAMD5|SGO2|WDSUB1|NXN|FGF13|ACTR3|PSMC1|ANLN|FOXN3|MARCHF7|PLEKHA5|PPM1A|MAPK1IP1L|PIKFYVE|RIF1|ZFYVE26|IDH1|CNOT6|GCC2|ORC2|EIF2B2|ATL1|EHD3|APPBP2|SKAP2|MFF|NFE2L2|SOCS2|WDR36|FAM133B|TSN|PIGH|PYGL|EIF4G3|EIF2S1|KDM3A|HSPD1|TIGD1|MIS18BP1|TMEM237|SEPTIN7|SNW1|SEPTIN2|RPL6|CUL3|TMEM243|HECTD1|KIF14|NEK2|GCNA|PSME4|PIAS1|NCOR1|TAX1BP1|FARSB|POLR1B|PSMC5|L2HGDH|BTBD7|CDK6|ZC3H8|HJURP|BLMH|BUB1B|INPP1|ORMDL1|STAT1
REACTOME_RESPIRATORY_SYNCYTIAL_VIRUS_RSV_ATTACHMENT_AND_ENTRY	0.0102628736046093	0.168056648031106	-0.688994657718287	-1.66855037870781	56	19	IGF1R|CD14|GPC1|HSPG2|AGRN|SDC4|GPC2
REACTOME_PLASMA_LIPOPROTEIN_CLEARANCE	0.010323709536308	0.168777518445373	-0.585758195809303	-1.60858831070921	58	34	APOA1|CUBN|NCEH1|APOE|APOC1|UBA52|APOBR|LSR|UBB|SCARB1|CLTA|PCSK9|AP2M1|MYLIP|AP2A1|AP2S1|LDLRAP1|NPC1|UBC
GSE26030_TH1_VS_TH17_DAY15_POST_POLARIZATION_UP	0.0103795966785291	0.169077821987491	0.357003693991722	1.34261912776894	34	175	PRNP|SERINC5|MRPL1|MAP3K9|LGALS3|UQCRB|DNAJC28|DNASE1L1|NT5C3A|GNB4|KDM7A|OTUD1|ZNF277|PGGT1B|RMDN1|CRYBG3|PLEKHF2|FCRLA|NDC80|ODR4|IDH1|SLC19A2|PEAR1|COPS3|GJC1|EPGN|KCTD14|KIT|CEP97|NATD1|ZDHHC20|TENT5A|TCAF1|PELI1|FRG1|PHLPP2|SCIN|RDH11|CARD6|STK24|VIPAS39|ZMYM5|ACTR10|PDE7A|FAM3C|CDKN1B|S100A10|UBE2D3|RFC1|AFTPH|CMAS|CD47|STARD4|ATP6V0E2|PSMC2|SUB1|INPP5B|PPP2R5C|FRYL|SEC62|TRIM59|PHF21A|FDFT1|SYNJ1|PAX8|SENP7|SH3GLB1|ATF3|BBS4|IL18|SLC35F5|ZC3HAV1|ATOSA|HEXB|GUCD1|RAB9A|OARD1
GSE29618_LAIV_VS_TIV_FLU_VACCINE_DAY7_MONOCYTE_UP	0.0103795966785291	0.169077821987491	0.357150589198554	1.34317157111277	34	175	FOSB|TCEAL1|DYNC2LI1|FBXO2|KCTD12|ARHGEF16|EXOC5|DNASE1L1|PDE3B|EXD2|HIPK3|ALG13|GLUD1|PTBP3|MMADHC|SMG7-AS1|NR4A2|IPO7|SATB2|MRPL39|RBMX|ZNF33B|MFSD1|DCAF6|ASS1|MYOM2|SYCE1L|LFNG|BTG2-DT|SNX3|SKAP2|ERO1A|OSGIN2|TAF1|SLC25A32|IL10RA|TLR5|EEF1A1|DNAJA2|PPFIBP1|CS|TOGARAM1|CMAS|APEX1|ZMPSTE24|RPL4|ARL4A|PTEN|SLC25A5|LINS1|PTPRC|CFDP1|RSL1D1|KLHL11|SRPRB|SMC4|STARD7
GUILLAUMOND_KLF10_TARGETS_DN	0.0103926096997691	0.169077821987491	0.615549397914924	1.6451323629108	44	25	GPD1|CD36|CTSS|CHPT1|RTN4|ELOVL5|VMP1|OSTC|CTNNB1|PSME4|AK3|RPL7L1
KEGG_SYSTEMIC_LUPUS_ERYTHEMATOSUS	0.0104233483001924	0.169155779868305	-0.451607804895418	-1.47353873049807	64	94	H2AC13|H4C4|H2AC20|H2AC7|C3|H2AC8|H2AC11|H2AC15|C5|H2BC13|HLA-DOB|H2BC17|H4C11|H4C3|H2AC16|H3C12|H4C14|C8G|ACTN2|H3C13|MACROH2A2|H4C2|SNRPB|H2BC5|H2AC12|H3C2|H2AC25|H2BC12|H2AZ2|H2BC18
SPIELMAN_LYMPHOBLAST_EUROPEAN_VS_ASIAN_UP	0.0104479561185843	0.169155779868305	-0.327923716155898	-1.26166772344606	79	475	MSH5|IL21R|DNASE1L2|RGS20|STOML1|MRM2|SFN|GTF2I|DPM3|RPS28|MUTYH|COX6A1|SLC12A9|RPLP2|DDB2|NDUFB8|NDUFA3|HLA-DOB|APBA3|ACTA2|MAPK12|ADGRE5|NDUFA2|TECR|COX5B|UBL5|GTF3C1|SERF2|TCIRG1|ATP5ME|RPL23|IFI16|CD19|COX6B1|TADA2A|LUC7L|HSPB1|SCAND1|SPG7|FAU|NDUFS8|RECQL4|B3GAT3|RGS14|FDXR|TAF15|MAD1L1|MZF1|NSDHL|LSS|HERC2|TACC3|DCXR|BCAT2|PSMB5|H2BC5|POLE|DDT|FANCA|PMF1|SNRNP200|SUPT5H|PIN1|DVL1|CST3|MBD3|NDUFB7|UQCRQ|STXBP2|NDUFA1|CDK2AP2|ENO3|ATP5PF|DECR2|MAP4K2|B4GALT7|NFE2L1|NDUFB1|CEBPB|GRK6|CDK11B|DEAF1|ARHGAP1|ATP5IF1|CNPY3|UCP2|GALE|POLG|MYL6|RPS23|OAZ1|RPL36|VPS11|DHCR7|B4GALT2|NENF|CD2BP2|MBOAT7|TEX264|CTTN|TGIF2|WRAP73|GCHFR|RPL37A|NUDT1|CCDC85B|GIPC1|H2AZ2|FKBP2|MEF2D|ICAM3|AP1B1|SF3A2|TROAP|SMARCA4|HSPA1A|NDUFB11|IFNGR1|TMC6|APEX2|TAX1BP3|SMARCD2|CDC42|ATP5F1D|PCK2|RRP7A|MGAT3|HES1|RRP1|NDUFA7|POLRMT|CCHCR1|POLA2|CSTB|GNL1|ACYP1|GOLGA2|PARP1|CCNF|ALDH6A1|PKD1|GFER|TAF6|AUP1|SAFB|SRF|KAT5|VAMP2|TXN2|PTPN7|NARF|EBP|CRCP|SGTA|AKR1A1|CYB5R3|ARID3A|DHCR24|POLR2I|EIF4EBP1|SLC4A7|CDC20|NBAS|KIF22|PSMB3|MLF2|TTF2|SLC39A7|ATP1A1|CDK5|COX4I1|FKBP3|NDUFB4|RXRA|AP3S2|GSS|EZR|PPAN|CSNK1G2|NPC1|MYO9A|COX6C|RREB1|PGLS|HEXIM1|GATB|ARF1|B2M|ATP5MC3
WP_CANONICAL_AND_NONCANONICAL_TGFB_SIGNALING	0.0104351687388988	0.169155779868305	0.695557970723351	1.66596997132744	46	16	TGFBR2|BMPR2|SMAD4|SMAD2|MAPK8|TGFBR1|BMPR1A|MAPK9|MAPK14
BLANCO_MELO_BETA_INTERFERON_TREATED_BRONCHIAL_EPITHELIAL_CELLS_UP	0.0105411103302881	0.169701569801606	0.315976546043995	1.26943252878235	29	322	SAMD9|AIM2|FSD1L|FEM1C|CXCL8|FGF5|CCNG2|IFIH1|APOBEC3F|ZNF107|C3orf52|KCTD12|GNAT2|BMAL2|DHX58|KDM7A-DT|BMPR2|BLZF1|NT5C3A|SLC39A10|REC8|GNB4|ANGPTL4|DTX3L|HIPK3|CTSS|CPEB2|KDM7A|PHLDA1|PNPT1|DCLRE1C|ROCK2|CYP27B1|SPRY2|RIF1|SKIL|APOL2|RP2|MED13|IFIT3|NCALD|PABIR3|ERAP2|TMEM140|NIPAL1|IFIT1|NKX3-1|IL24|CD274|C1S|HS3ST2|IFIT5|SGMS2|CAB39|CDK17|RBM43|TENT5A|HBEGF|ARL5B|WIPF1|DDX60L|MOB3C|LCP1|RAPH1|CADPS2|ZNF800|PCGF5|DDX3X|SEC24A|DRAM1|BACH1|ANKRD12|RICTOR|HYCC2|TMEM217|RO60|STARD4|BIRC2|SEMA7A|QKI|PLAAT4|TOR1AIP1|UCA1|ATP13A3|C6orf62|LEPR|PTAFR|NMI|USP12|PANX1|PLSCR1
GSE2405_HEAT_KILLED_VS_LIVE_A_PHAGOCYTOPHILUM_STIM_NEUTROPHIL_9H_DN	0.0105010501050105	0.169701569801606	0.354993350793989	1.33519590631642	34	177	FEM1C|NUDT12|CPNE8|CDC7|SESTD1|NXN|EGLN3|PTER|MNS1|BRMS1L|KIF18A|KLHL24|DOCK7|PPP1R3B|KIF11|YES1|KIF20B|GEN1|DCTN4|ARHGAP11A|USP6NL|SHQ1|CCP110|DENND4C|NUP37|MPHOSPH9|SLC19A2|RAP2A|EPB41L4A|DSEL|PTPN14|PDE4D|SLC4A4|SLC35D1|SLC18B1|INSIG1|PRR16|ACER3|TDP2|ESAM|SCAMP1|MYB|SCLT1|CEP152|STARD4|MFAP3L|SCN1B|HMGCS1|BRWD1|SIK2|WRN|SEPTIN8|SLC39A8|ATL2|TBL2|SSBP2|DSN1|TCEANC|BCAT1|RNASEH2B|KIF13B|GPSM2|PPM1E|TRAPPC13|POLD3|SPARC|PDSS1|WDHD1
GSE29618_PRE_VS_DAY7_FLU_VACCINE_PDC_DN	0.0105453449834287	0.169701569801606	0.348748412379242	1.33282150422468	34	196	DCK|FAR2|UBE4A|BMPR2|SELENOT|MBNL2|CAPZA1|LTN1|STRAP|MEF2A|DHX40|DERA|GNAQ|GGPS1|NPM1|SMAD2|CRLF3|YIPF6|HSPH1|WASHC4|PPP1R12A|RBM41|WBP4|SAGE1|PPP2R5E|SLC38A2|OSTF1|MYEF2|ABCA6|PLXNC1|PSMG1|CENPU|KLHDC2|SSB|EMC2|RAB28|ACLY|EIF2S1|DDX3X|TASOR|RIOX2|TOR1B|CYBB|ATF2|PSMA2|RPL7|ATG12|ORC3|EIF3M|NCK1|GALNT1|API5|OPN3|BMP2K|RAB6B|FKRP|PHF21A|FAF1|TBL2|DDX27|KPNA1|RFWD3|TAF12|RNF130|KPNB1|SP4|RPS6|ABHD18|PAFAH2|KYAT3|ZC3H14|SMG7|GTF2H5|UBE2K|TRPS1|PIP4K2A
REACTOME_ATTACHMENT_AND_ENTRY	0.0105492906511459	0.169701569801606	-0.717839442385351	-1.66575853387884	57	16	GPC1|HSPG2|AGRN|SDC4|CTSL|GPC2|FURIN|SDC3
GU_PDEF_TARGETS_DN	0.0106456838694747	0.170978199490859	0.592684357251238	1.63310702730409	45	28	FOXA1|ITGB4|FOXO1|EIF2B2|EIF3C|FZD5|EIF1AX|SMURF1|PIK3CB|PIP4K2C
PID_RETINOIC_ACID_PATHWAY	0.0106679035250464	0.171061366748268	0.585852891262482	1.62968562189429	45	29	KAT2B|NCOA2|NCOA3|MAPK8|MAPK1|CCNH|CDK1|VDR|MAPK14|EP300|NCOR2
GSE10325_BCELL_VS_MYELOID_UP	0.0107624677883887	0.171481986761659	-0.392082824784793	-1.37613416805054	70	171	SPIB|ADAM19|ZNF331|ANKEF1|CCR7|MAPK13|DIPK1A|RASGRP3|ABCB4|PIK3C2B|HLA-DOB|ACAP1|MICAL3|CD19|AEBP1|TCL1A|TPD52|TOP3B|RASGRP1|RPL18|P2RX5|ATP2A3|LIG1|AKR1B1|MAP4K1|ADPRM|ID3|CTC1|IL16|ASNS|FBXW4|TCTN1|ZBTB5|GNB5|RPL36|NT5C|EVL|RPSA|BMS1P20|GUSBP11|CD81|WDR74|MCM2|ADD1|RPL35|PARP1|ITPR3|EAF2|BCL7A|ESYT1|SPTBN1
GSE17721_0.5H_VS_12H_PAM3CSK4_BMDC_DN	0.0107559008066926	0.171481986761659	0.352540839302534	1.34193640008219	35	191	ZNF841|ELK3|NUS1|GPR85|CAPZA1|DUSP19|VPS26A|CNOT8|EIF3E|GFM2|RHOT1|CGGBP1|CLK4|NOL11|RAB22A|PSMA1|PSMA4|PRPH|C18orf32|MFSD1|ESD|RBM7|CDC27|RSAD2|S1PR1|KCTD14|NPAS3|VAPA|FLCN|TPRKB|ACSL1|PAPSS1|BCDIN3D|UBE2W|ZNF451|CDK2AP1|TARS1|SEMA4A|BECN1|ATE1|SMIM3|COQ3|SEPTIN7|NET1|PSMD10|ZC3H11A|PHF3|CLIP1|MAN1A2|CHMP5|IPO5|SNTB2|MTF2|ARHGAP5|NDE1|ARFGEF1|ACTR8|SGMS1|AMFR|TRIM59|AEBP2|TMA16|VTA1|PHF21A|TMCO3|DNAJB6|KPNA1|COPB1|CAT|TSPAN3|TRAPPC13|PHF10|IMPA1|VDAC3|ZC3H14
GSE17974_IL4_AND_ANTI_IL12_VS_UNTREATED_12H_ACT_CD4_TCELL_DN	0.010761823845936	0.171481986761659	0.374274319539042	1.36948767986208	37	142	NIPSNAP3B|BICDL1|CXCL8|TRIM69|MEX3C|COL15A1|HYKK|IL12RB2|CCL2|HVCN1|FGF13|FAM107B|RBMXL1|TNFSF13B|RDX|STAG3|HARBI1|ATP1B1|COL4A5|EFHC2|MTSS1|IFIT1|VWF|SH2D5|SYTL2|DSG3|LINC01270|SERPINE2|LEFTY2|IFIT5|PIN1P1|BACH2|MYO6|DUSP10|TCEAL9
XU_HGF_TARGETS_REPRESSED_BY_AKT1_DN	0.0107392607392607	0.171481986761659	0.460685153392603	1.49965477229841	42	65	NIPSNAP3B|TTK|MPP3|NTS|LY6G5C|TP63|CD80|RANBP2|NFAT5|WBP4|SLC5A5|FCER1G|MCC|ATP6V1D|PRDX3|KLRG1|NEK1
GSE17721_POLYIC_VS_PAM3CSK4_0.5H_BMDC_UP	0.010801764795375	0.171835364526108	-0.394958702963545	-1.3800687852915	70	163	TNS2|DGAT2|TMEM258|C6orf132|PSMB9|ACADS|FAM193B|TMEM175|TWIST1|DYNLT4|VSIG2|CDKN2D|COL6A3|MED22|JAG2|FZD3|RPS6KL1|CHCHD6|PIP5KL1|PLEKHG2|DACH1|RNF181|B9D2|HYAL3|PITX1|UXT|ATP5IF1|ACAA1|SMCO4|RBX1|MNX1|ZNF354B|TSC22D1|RGL2|LMBR1L|GSK3B|TK1|NDUFB11|STARD10|PRMT1|ECH1
GSE32255_WT_UNSTIM_VS_JMJD2D_KNOCKDOWN_4H_LPS_STIM_DC_DN	0.0108345534407028	0.171994680013559	0.368774741164026	1.37158252210863	36	162	SETDB2|ARMCX1|CD69|CCNG2|CCL2|LGALS3|ARL5A|ATP6AP2|PSMC6|TMEM64|BACE2|MLF1|GNAQ|CPD|PHLDA1|GLUD1|MOSPD2|PTGS1|EIF4E3|KDSR|PLCL1|TSPAN13|RTN4|TMEM30A|ARHGAP27|HSPA4|PSMD6|NPM2|RASSF6|KIT|ATP8A1|ICA1|ALDH9A1|NCKAP1|YWHAZ|TDRD3|RAB5A|SNX13|UBXN7|FAM133B|TGFBR1|ARHGEF12|STK24|EPCAM|SCAMP1|SSR1|FAR1|MOB1B|ARRDC4|STARD4|ANP32B|CAV2
GSE32901_NAIVE_VS_TH17_ENRICHED_CD4_TCELL_DN	0.0108631826189078	0.171994680013559	0.361325528460236	1.35167920075687	36	169	NIPSNAP3B|PRKCH|CD69|TRMT2B|HACD2|HDAC2|FGGY|ERBIN|AMMECR1|TMEM168|SYPL1|UNK|PALS2|ARF4|CAPN2|MED13|AP3S1|AGPS|HK2|RUNDC3B|PAX5|RNF125|ACSL4|SLC25A36|OTUD7B|ERO1A|HERPUD1|RAB5A|SAMSN1|C1orf54|MCU|SRP72|WDR36|VIPAS39|IREB2|CD24|RABGAP1L|CLTC|DNAJB9|DNM1L|ABI1|GDE1|TIA1|CHD1|IPO5|MPHOSPH10|DDX6|EMD|RSF1|IDE|SEC63|LNPEP|FAF1|SLMAP|ATL2|RFT1|SENP7|ALDH18A1|RFWD3|EIF1AX|RLIM|ACOT7|EXOC4|FBXL17|ZC3H14|MPP1|PPP3CA|KDM1A|POLD4|PAIP1|SLC27A2|TXNIP|RHOC
GSE9509_LPS_VS_LPS_AND_IL10_STIM_IL10_KO_MACROPHAGE_20MIN_UP	0.0108631826189078	0.171994680013559	0.361448050727386	1.35213754312986	36	169	ZNF501|ARMCX1|ZNF385D|PRKCH|FITM2|FOXO1|IL12RB2|BMAL2|SLC49A4|IGSF9|SESN3|PGAP4|PKD2|TMEM64|STARD9|TESPA1|BACE2|HEMGN|H2BC21|CALN1|LRP6|PROS1|PEAR1|HSD17B11|TMEM140|PRSS36|SLC2A10|EFNB2|RSAD2|WWTR1|IGSF10|PAX5|TDRP|EHD3|GALNS|CDC14B|SOCS2|NFATC2|ITGA2B|ANGPT1|DDN|ZNF521|PPFIBP1|ABCB1
ACEVEDO_LIVER_CANCER_DN	0.010893818086363	0.172208103859704	-0.328183615593898	-1.26055801419941	82	466	OGDHL|ESPN|PCNX1|WFS1|RAB26|BCO2|ANPEP|C3|PBX3|APOA1|TRAPPC6A|ENKD1|DGAT2|RDH16|RETSAT|ANKRD33|PPFIBP2|MT2A|C5|ACADS|DHRS1|CPEB3|LCAT|NDUFB8|LPCAT3|APLP2|NRDE2|PLOD1|CHCHD10|APLNR|CXCL16|SEC14L4|COL6A1|CRISPLD2|LONP1|JMJD8|IER3|CCND1|PCOLCE|TNFRSF1A|FOS|SERPINE1|STAB1|SHFL|HMGCL|CFHR3|ESR1|TSPAN9|TSHZ2|TAF6L|INHBE|TRIB3|GNA11|CAMK1|POLE|PMPCA|TRIP6|IGF2R|MACROD1|DGAT1|PWWP3A|PSMB10|STK11|ENO3|DIAPH1|ACACB|ENDOG|MSRA|DYNC1H1|NDEL1|GNPTG|SDC4|CERS4|NTHL1|SDHAF2|AGPAT2|UBALD1|ACAA1|SIDT2|TNFRSF1B|CENPV|CLUH|RAP1GAP|TUBGCP2|FASN|ARMC6|EVL|ACADVL|ID2|SMIM14|RCN1|DCUN1D3|BOK|LAMP1|GSTP1|ICAM3|THOP1|NUDT14|NEK6|TMBIM6|NOCT|NNMT|KDM8|RPL3|SNAPC4|NOP53|DUSP5|CD81|ZBTB48|DCPS|NCLN|ACP2|ACADSB|LY6E|PDXK|SRF|PINK1|CHMP7|BCKDK|ACCS|ZDHHC14|F12|IRF1|TOR3A|SERPINF1|MAN2B2
GSE5542_IFNG_VS_IFNA_TREATED_EPITHELIAL_CELLS_6H_DN	0.0109550995216788	0.172904542450647	-0.399092087582042	-1.38431376926931	70	155	MAEL|STS|TSC22D3|PURG|TCN2|CLBA1|TMEM258|PPFIBP2|CFAP70|BRME1|B3GNT8|RABAC1|HCST|CBX8|ECI1|IFT140|SLC2A9|TRIM46|CYBA|STYK1|LAMB3|CDKN2D|SCAND1|RPL13A|EMP3|AKT3|TMEM255A|TNFAIP8L2|YIF1A|DGAT1|ABHD12|PRPF40B|BMP1|CRYZL1|MOSPD3|AGPAT2|VKORC1|H2AC25|NUDT17|AAMDC|RPS27|FNDC10|PHETA1|USB1|RHEBL1|HES1|RNASET2|CSTB|C11orf71|UPP1|ADAT1|ESYT1|TNFAIP2
GSE23114_WT_VS_SLE2C1_MOUSE_SPLEEN_B1A_BCELL_UP	0.0109988109393579	0.173050257381308	0.349466746504939	1.33514873411945	36	194	TM9SF1|COPS8|IL18R1|NCOA4|PEX3|PAQR3|EIF4G2|NFYA|RAB22A|MTHFD2|UAP1|ABCE1|UTP18|IPO7|NAB1|SNAPC1|SP3|WSB2|RRAS2|ATP1B3|PER2|RSAD2|S1PR1|SERPINE2|EGR2|TXNDC9|EIF4E|CALM2|NFE2L2|HBEGF|ACSL1|UTP3|HMGN4|TARS1|EIF2S1|PRDX3|CCT4|PRR3|PRKD3|HPS5|EIF3J|CAND1|GABPA|CD47|RNF14|TMEM243|SNAPC5|CA2|UBE2D1|SUB1|IPO5|MKLN1|MAK16|PPP2CA|CEP170|SEC62|ATP6V1A|PSMD14|ZNF195|ATF1|CCT6A|UTP25|PAICS|GHITM|DIMT1|PNP|ATF3|EEF1E1|CDS2|IMPA1|HSBP1|VDAC3|FAM98A|WDR43|PGK1|IMMT|FEN1|TERF1
KEGG_PROPANOATE_METABOLISM	0.010989010989011	0.173050257381308	0.566645625348109	1.59544297679245	46	31	MLYCD|LDHA|HIBCH|SUCLG2P2|ALDH9A1|LDHB|PCCA|ACAT1|ALDH2|SUCLG1|SUCLA2|ACAT2|ACACA|ALDH1B1|SUCLG2
KOBAYASHI_EGFR_SIGNALING_24HR_DN	0.0110785272075595	0.173488699078755	0.329166971058454	1.28427626700511	33	244	TTK|RAD54B|STEAP1|TCN1|CCNE2|PLK4|RMI1|HAT1|DTL|CKS2|TOP2A|TFPI2|PBK|RFC4|KIF11|PRIM1|CCNA2|ABCE1|CCNB1|MSH2|ZWILCH|SMC2|NAA15|GINS1|POLA1|ECT2|ETV5|NCAPG|HSPA14|NDC80|KPNA2|NUSAP1|MAD2L1|WWTR1|ELL2|RRP15|CENPU|SLC20A1|CARD10|TYMS|SPDL1|DONSON|TIPIN|CDK1|RRM2|RFC5|DBF4|BUB1|KIF15|RRM1|VRK1|CDK2|DSCC1|RACGAP1|KIF14|NEK2|CDKN3|STIL|FAM111A|GALNT10|PCNA|ZWINT|ADORA2B|SMC4|ATAD2|NEMP1|SHCBP1|LMNB1|BLM|NCAPG2|RFC3|FABP5|PAICS|DSN1|HJURP|RFWD3|EEF1E1|ERCC6L|BUB1B|ETV1|RAD51AP1|EXO1|GPSM2|MAFF|SNRPD1|ZC3HAV1|DEPDC1|PSAT1|DLGAP5|CSE1L|KIF23|MELK|FEN1|NCAPH|EXOSC8|HMGB2|NAP1L1|GINS3
NIKOLSKY_BREAST_CANCER_20Q11_AMPLICON	0.0110720562390158	0.173488699078755	-0.599667409170291	-1.59479122220534	62	29	EPB41L1|DYNLRB1|ROMO1|CEP250|MYH7B|MAP1LC3A|SCAND1|CNBD2|PIGU|GGT7|CPNE1|TRPC4AP
YAMASHITA_METHYLATED_IN_PROSTATE_CANCER	0.011063829787234	0.173488699078755	-0.531315751750029	-1.54780147831699	64	46	DPEP2|TAGLN|RHOXF2B|DYSF|IFITM1|TRPV2|COL1A1|CLDN6|AEBP1|RGS17|S100A5|SERPINE1|KLK8
GSE25087_TREG_VS_TCONV_ADULT_DN	0.0111244738424534	0.173927825333204	-0.38734156827381	-1.36559939005132	73	176	TPM2|IGF1R|LEF1-AS1|LYRM9|FAM171A1|LIPT2-AS1|BCAS4|KISS1R|SNORC|PAXIP1-AS2|RBM20|CCS|REX1BD|HOOK2|TFPT|EPPK1|GIGYF1|IFITM2|CHCHD10|PHB1|RPS9|ACSL6|MIF|TPCN1|RPL13A|NDUFAF8|PIGR|SDR39U1|IFITM3|LIG1|AKR1B1|TMCC2|GPR146|CCDC57|AKR1C2|MRPL55|CAD|ATP5PF|DECR2
GSE2770_IL12_VS_TGFB_AND_IL12_TREATED_ACT_CD4_TCELL_48H_DN	0.0111412225233363	0.173927825333204	0.354728194381733	1.34015670053168	36	183	TTC39B|BATF|CD40|FAM135A|SGO2|AGO4|CD70|HLA-B|WDSUB1|AK7|SLC39A10|DCBLD1|ZBTB41|BBS2|EEPD1|AKR1E2|CHDH|RMDN1|MOB3B|TFAP4|RGS9|CKAP2|WDR35|DMXL2|ZNF770|EPB41L5|SVIP|SH3BGRL2|DENND4C|SH2D1B|SIAH2|LMO7|HOMER1|EMILIN2|ABR|LITAF|MYO6|CDC14B|DUSP10|ABHD14A|EIF5A2|CKAP2L|PLS1|CEP44|VWA5A|PAPSS1|NAMPT|ARHGEF12|BMPR1A|ZMAT3|SCLT1|KLHL6|HMG20A|NMNAT3|ANAPC10|SLC9A5|METTL5|AGO1|CKAP5|RYK|HLTF
GSE3982_BASOPHIL_VS_NKCELL_DN	0.0112342259156664	0.175107390902887	-0.400862552265303	-1.39005264463496	72	154	GZMM|MC1R|NEIL1|AQP1|BCAS4|LPAL2|REN|ITPKC|ITPA|HOOK2|C1orf159|GGA1|SH3BGR|DOHH|DENND1C|SYNGR4|PLEKHG6|HPS1|RHOF|LTBP3|INPPL1|VPS72|POLD1|CAD|SLC26A6|WIZ|MOCS3|CLUH|SNX11|MAP1S|P4HA2|DNAL4|SIGIRR|TUBB2B
GSE16266_CTRL_VS_HEATSHOCK_AND_LPS_STIM_MEF_DN	0.0112561909049977	0.175177743107546	-0.381281173043492	-1.35446000950819	74	190	PCNX1|CYFIP2|MRM2|RPL28|COX6A1|CTU1|NDUFB8|CHST12|TFPT|LYPLA2|SERF2|PLSCR3|PHPT1|CITED4|TRIM10|CYP2S1|NDUFA11|TMEM160|FYN|RPL18|TOM1|DGCR2|MED22|PIGQ|EMP3|ARMC5|ID3|MACROD1|NAA80|NDUFB7|RPS16|FBXW4|MCRIP1|DIAPH1|CDIPT|TMEM42|BABAM1|PHC1|RPLP1|FERMT3|BAP1|DEAF1|ELOVL1|SIDT2|RBX1|VPS39|RPL36|G0S2|FASN|ASRGL1|DDA1|SLC25A35|AARS1|CCNF|IER2|PI4KA|SH3BGRL3|MCM7|TXN2|SURF1|UCK1|PLCD1|CYB5R3|HPS4|TOX4|NIF3L1|GPATCH4|AKR7A2|ACSS2|COQ4|CUX1|PPM1G|KRBA1|CYTH1
GSE12845_IGD_POS_BLOOD_VS_NAIVE_TONSIL_BCELL_DN	0.0112960760998811	0.175526334195985	0.349161885351049	1.33398400245966	37	194	BATF|ZNF731P|BCAR3|ZNF14|PGAP1|PDK1|UAP1L1|LGALS3|SRC|EIF2AK3|PMS2P3|ZNF10|ALG13|BNIP3L|MOB3B|NFYA|RSRC2|MTHFD2|CKAP2|SPRY2|MAPK1IP1L|SNAPC1|CLK1|DCAF13|SIAH2|SLC38A2|NUSAP1|MAD2L1|SYNE1|CR2|EGR2|CYTH4|RIOK2|USP8|INSIG1|ACSL1|GRK5|MBNL1|SBNO1|KIF5B|B4GALT5|ZNF654|EIF4G3|MAPRE2|ZNF117|NET1|CFAP20|ZBTB25|PPP1R16B|TIPRL|CHD1|PUM1|GALNT1|NGLY1|ZC3H15|INTS6|RBM48|AVL9|WBP11|TRMO|LMNB1|BHLHE40|LNPEP|BTG1|OTUD4|CLASP2|KPNA1|EP300|DENND1B|MAFF|ZNF253|SARAF|SFPQ
SATO_SILENCED_BY_METHYLATION_IN_PANCREATIC_CANCER_2	0.0114424410540915	0.177525847451269	-0.562804550196768	-1.57296392671415	65	37	MATN1|TP53I11|PLAT|SFN|TIMP3|LDOC1|CSF2|UCHL1
DAVICIONI_MOLECULAR_ARMS_VS_ERMS_DN	0.0115420129270545	0.178518837845567	-0.398980824236094	-1.38352746285206	74	154	WNT11|EMILIN1|FZD7|EXT1|CNNM4|TPBG|ADGRE5|RHBDF1|SLC52A2|APLP2|SEMA3B|SERPINH1|COLEC12|ZIC1|RRBP1|CCND1|TNFRSF1A|EXOSC4|EMP3|TSPAN9|AMPD2|GMPPA|FHIP2B|LTBP4|DUSP4|TRIP6|CREB3L1|SORBS3|SLC1A5|SLC39A4|BMP1|BOP1|TSKU|GFUS|CDC42EP4|DUSP7|GPAA1|SMCO4|TSSC4|SIGIRR|KAZN|HOXC10|HOXC6|NIBAN1|ADGRL1|EEF1D|PMP22|IER2|LY6E|P3H3|CHMP7|GALNT2|MGAT1|OBSL1
REACTOME_METABOLISM_OF_STEROID_HORMONES	0.0115263709395739	0.178518837845567	-0.593886135746859	-1.59200287382236	65	30	STS|CYP19A1|SRD5A3|STARD3|FDXR|FDX2|AKR1B1|TSPO|TSPOAP1|HSD17B1
GSE17721_0.5H_VS_4H_GARDIQUIMOD_BMDC_DN	0.0117611580217129	0.17952714503014	0.351461389926937	1.3319695884503	38	187	IFIH1|NUS1|GPR85|RNF11|HVCN1|LTN1|CAVIN4|NT5C3A|ARID5B|NRG4|RARS1|HACE1|ME1|PPM1B|TP63|PPP6C|CD80|PI4K2B|RGS9|KIF3C|MYNN|BMI1|ZFYVE16|PLEKHF2|SLC44A1|SLK|PDE8A|ATP1B1|MAPK8|COIL|ARL1|MFSD1|TBPL1|DDHD1|SNX4|ABR|IFITM10|KCTD14|MYEF2|RAP1B|APPBP2|USP47|UFM1|PELI1|SLC30A7|NAMPT|CLTC|FBXO33|ATF2|GABPA|SACM1L|IKBKE|HECTD1|MAN1A2|SERINC1|HSD17B12|PIAS1|YIPF4
GSE17721_CTRL_VS_CPG_4H_BMDC_DN	0.0117681671079729	0.17952714503014	0.359554631523699	1.3491531280011	39	172	CCDC120|MMP14|MS4A6A|NMD3|CLN5|IL10RB|POGLUT1|HMGN5|CLDND1|STXBP3|ME1|CPD|TAB2|MTHFD2|TXNL1|ETNK1|ARF4|WASHC4|PLAA|MFSD1|BCL9|TRMT1L|OSTF1|TANC1|PERP|TXK|HOXA5|RPS6KA2|ELL2|FOXP1|PRRC1|OTUD7B|SERTAD1|LIN9|PIP5K1B|SAMSN1|CPSF2|NAMPT|TLCD4|DNAJB11|BFAR|PSMA2|CD47|LRRC23|CHD1|ZDHHC5|ZNG1B|NAA11|UPF2|FBXW11|ATP1B2|GINM1
GSE17721_POLYIC_VS_GARDIQUIMOD_24H_BMDC_DN	0.0117611580217129	0.17952714503014	0.35252876811086	1.33601474197529	38	187	ELK3|SLC22A4|UQCRB|ESR2|PANK3|NAA30|ETFRF1|PLD1|WDR75|MEF2A|FAM174A|ME1|SMARCAD1|EIF4G2|NOL11|MOB4|ITSN1|CCNA2|TMEM59|UTP18|NUP153|SYPL1|SCAF8|NAB1|OAT|PPP3CB|SLC19A2|SNX4|QNG1|PTPN14|CLMP|RIOK2|CHAC2|GNG10|PRKCI|ERO1A|MORF4L2|LIMK1|THOC1|ETFDH|ARHGEF12|MTA2|SSR1|ARMC1|PRDX6|UBE2D3|BAG2|CYRIB|EEFSEC|WAS|PPP2CA|TAF9|OTUD6B|SMPDL3B|IVNS1ABP|OPN3|RAB14|NCBP1|RPF1|ZWINT|BTF3L4|SLC35A1|DLD|ECD|BHLHE40|CDC42SE2|MMACHC
GSE19888_ADENOSINE_A3R_INH_PRETREAT_AND_ACT_BY_A3R_VS_A3R_INH_AND_TCELL_MEMBRANES_ACT_MAST_CELL_UP	0.0117611580217129	0.17952714503014	0.352333415490253	1.33527439393954	38	187	CXCL8|ZNF350|SNX16|CD44|HSPBAP1|RGS2|ZNF354A|RNF11|CSTA|TRIM23|AMN1|ARID5B|PDE3B|KDM7A|OTUD1|ZBTB18|PAIP2|ERBIN|PIK3CA|CLK4|PFKFB3|DUSP22|NORAD|NBR1|ZFYVE16|CBX7|MKRN1|ZNF644|PICALM|BBS1|SKIL|MED13|PLXND1|SNRPN|HOMER1|MTSS1|TAPT1-AS1|BEX3|APPBP2|LITAF|CIR1|UBXN7|DDX5|RESF1|NAA50|NAMPT|RNPC3|BACH1|ZNF217|APC|SERINC1|ZMYM2|EFHC1|RABGAP1|ZFYVE1|PRDM2|SGMS1|RB1CC1|ATXN7L1|EIF4B|BTG1|PNRC1|MBTD1|ATM|PNPLA8|KPNA1|N4BP2L2|PAN3-AS1|ZFP36|ASAP1|DAB2|KYNU|CANX
GSE42021_TREG_PLN_VS_CD24HI_TREG_THYMUS_DN	0.0117222723174031	0.17952714503014	-0.380808988205942	-1.35374178099655	77	192	FES|TEP1|RCAN3|TYMP|ANAPC11|RPL28|DBNDD2|XAB2|SPSB2|GTF2H4|SLC38A10|GRN|COMMD4|TNFRSF21|JOSD2|DBP|PRPF31|GTF3C1|ING4|PPFIA4|HFE|LSR|SLC27A1|NME3|SEC61B|MZT2B|PNKP|ZFYVE19|MXD4|PSMB6|LYL1|GUK1|CDK2AP2|SGK1|PAQR7|TPGS1|MRAS|ABL1|RGL2|PTCD2|RNF220|RAD50|CLTA|PAFAH1B3|AP1B1|PRPF6|CLN6|RPL3|NCBP2AS2|RPS6KB2|ECH1|ULK1|ADD1|ATP6V0A2|CPT1A|GNA12|RPS5|CDCA7L|RBCK1|LEMD2|TMEM179B|MAST3|PLEKHO1|NDUFA8|CASP9|EIF3K|GOLGA3
HU_GENOTOXIC_DAMAGE_4HR	0.0117564072419469	0.17952714503014	0.538718248565379	1.57130423901023	49	36	ITGB7|CKS2|ANLN|FAM76B|MTHFD2|ECT2|KPNA2|BUB1|HMGN1|TRAFD1|NEK2|CDC25C|MAPRE1
PARK_HSC_VS_MULTIPOTENT_PROGENITORS_UP	0.0116906474820144	0.17952714503014	0.661935373627892	1.66016809710951	51	19	RPGRIP1|HAT1|NEDD4|PRKAR1A|CELF2|TMEM14A|DCUN1D1|HMGB1|PABPC1|CLIP2|NFIX|MACROH2A1|SMG1|RBM3|MALAT1
REACTOME_NEDDYLATION	0.0117572291070861	0.17952714503014	0.333227572316653	1.2914228921412	36	227	FEM1C|SENP8|KBTBD8|FBXO2|COPS2|KLHL13|FBXW8|ASB9|PSMC6|BTBD1|SOCS6|DTL|PSMC1|COPS8|HIF1A|PSMD5|UCHL3|FBXL8|CUL4B|PSMA1|PSMA4|FBXO30|FBXO44|WSB2|NAE1|DCAF13|LMO7|COP1|DCAF6|FEM1B|PSMD6|COPS3|ZBTB16|FBXO15|ERCC8|ASB3|FBXO27|DCAF17|FBXL4|NFE2L2|SOCS2|UBXN7|KCTD6|COPS5|CUL2|COPS4|UBE2D3|WSB1|KBTBD6|CAND1|PSMD10|SKP1|PSMA2|PSMA6|COMMD10|CUL3|PUM2|UBE2D1|PSMC2|DCAF4|PSME4|ASB12|DCUN1D1|FBXW11|KLHL11|CUL5|PSMD14|PSMD11|ASB8|PALB2|PSMC5|AMER1|LRR1
SCHAEFFER_SOX9_TARGETS_IN_PROSTATE_DEVELOPMENT_DN	0.0116631677163518	0.17952714503014	0.547717794436921	1.57462154048531	49	34	MEIS1|CDCA7|SMARCA5|CDC27|YWHAZ|RRM2|ZNF521|CDK2|STMN1|PUM1|HMGB1|DDX6
REACTOME_RMTS_METHYLATE_HISTONE_ARGININES	0.0118392529598132	0.180337513217914	-0.488820075442668	-1.5060039253764	70	64	H2AC13|H4C4|H2AC20|H2AC7|H2AC8|H2AC11|H2AC15|H4C11|H4C3|H2AC16|H3C12|H4C14|CCND1|H3C13|H4C2|SMARCC2|RPS2|H2AC12|H3C2|H2AC25|H2AZ2|SMARCA4|SMARCD2|PRMT1
GSE24574_BCL6_HIGH_TFH_VS_NAIVE_CD4_TCELL_DN	0.0118800118800119	0.180410830940332	0.34770405483903	1.33001497907919	39	195	TRAPPC2B|PRNP|ZNF165|TM9SF1|COPS8|PEX3|PAQR3|AP1S2|ORC4|RAB22A|MTHFD2|UAP1|UTP18|IPO7|SPRY2|SACS|TSC22D2|ZFYVE16|NAB1|SNAPC1|SP3|RRAS2|ATP1B3|NUP160|RP2|HOMER1|GFI1|SERPINE2|TXNDC9|KIF3A|C5orf22|CDK17|NFE2L2|HBEGF|MBNL1|UBA2|CHSY1|EIF2S1|PRDX3|CCT4|HPS5|TOR1B|CAND1|TMEM243|SNAPC5|CA2|UBE2D1|IPO5|MKLN1|SLC25A5|IVNS1ABP|ADO|GNL2|SUCLA2|SEC62|NSMAF|ATP6V1A|PSMD14|ZNF195|GTF2H1|PAICS|DIMT1|ATF3|EEF1E1|CDS2|VIM|HSBP1|VDAC3|FAM98A
REACTOME_ANTIMICROBIAL_PEPTIDES	0.0118647069240305	0.180410830940332	-0.630250364311631	-1.60739147029389	66	24	LEAP2|DEFB119|ATOX1|PRTN3|PRSS2
TONKS_TARGETS_OF_RUNX1_RUNX1T1_FUSION_SUSTAINDED_IN_ERYTHROCYTE_UP	0.0119521912350598	0.181232772836148	-0.552139907054101	-1.55747493638226	68	39	PLAT|HOMER3|LILRA2|GDF15|P2RX4|ECM1|IFI16|UCHL1|HSPB1|MAGED2|GBP2|SLC7A11
SEAVEY_EPITHELIOID_HEMANGIOENDOTHELIOMA	0.0120678408349641	0.182710386578235	-0.467157104802606	-1.47821818508418	73	75	SSC4D|FSTL3|PLAT|LATS2|MELTF|CUBN|ANKRD33|NCEH1|C17orf67|GDF15|TNFRSF21|ABCA4|SLC52A3|MAFA|SERPINE1|NPAS1|TINAGL1
GSE3982_NEUTROPHIL_VS_TH1_UP	0.0121267242686069	0.183325388867886	-0.390251051351445	-1.36970500091948	79	171	CATSPERZ|SLC30A3|PAK1|MIR9-1HG|S100P|HLX|PDLIM2|MINDY1|L1CAM|MYO16|TLR6|DOCK4|COL1A1|BTN3A1|RUFY1|B3GAT1|APLP2|SMIM27|RAB33B|TCIRG1|ARHGAP45|IFIT2|PLXNA2|SPATA6|RIPOR1|ZNF446|CA12|GRIK5|EXD3|SLC12A6|KIF5A|LINC00115|GPSM3|MSRA|TRPC4AP|PISD
PYEON_HPV_POSITIVE_TUMORS_UP	0.0121564482029598	0.183498386558362	0.416463293316906	1.42734980445803	45	91	MEIS1|ZNF367|CFAP44|CDC7|PDIK1L|DTL|ZBTB18|C5orf34|GEN1|CDCA7|SLF1|STAG3|MPHOSPH9|PLGLB1|CASP8AP2|TYMS|LINC00342|DONSON|MYB|KIF15|TASOR|C18orf54|SLF2|RBBP4|MON2|TIA1|CEP78|PSIP1|ATAD2|NEMP1|CENPJ|INTS7|RMI2|FUBP1|SCAI|KNTC1
GSE22886_TCELL_VS_BCELL_NAIVE_UP	0.0121932861658889	0.183778087887677	-0.379589753340648	-1.34989634101063	80	193	GZMM|SEMA4D|SMPD1|TMEM115|PBXIP1|FLT3LG|IFITM1|ADGRE5|TRPV2|BTN3A1|TECR|ETHE1|DYRK2|MOGS|EEIG1|MPG|TNFRSF1A|LRCH4|MED15|NME3|TIMP1|CABIN1|KCNAB2|USP20|IFITM3|TBCD|GBP2|LTBP4|TSPO|TACC3|SCAP|CTSD|TRABD|IL17RA|LPIN2|DGKA|ATP13A2|TSC22D4|DUSP7|HMG20B|ARHGEF1|SIGIRR|ID2|NOSIP|CD3D|KLHL21|SMARCA4|PPP6R1|DHX30|EXOSC7|EMC6|PXN|LY6E|RANGAP1|UPP1|DEXI|NRBP1|TXN2|PGAP6|FXN|RHOG|SAE1|DYNLT1|SERINC3|KIF22|ATP1A1|ARRB2|PPM1G|CLPP|ZNHIT2|PPP2R1A|AIFM1|CYTH2|HAX1|EGLN2|TMEM11|PRKCA
GSE22601_DOUBLE_NEGATIVE_VS_CD8_SINGLE_POSITIVE_THYMOCYTE_UP	0.0122507122507123	0.184366790963493	0.364401231632419	1.34683212900346	42	153	ARMCX1|BMAL2|DHX58|LINC02897|CNR1|DNAJC24|DEPDC1B|ALG13|AMZ2|DLC1|AKAP12|CIBAR1|ETV5|CTSF|SPATA6L|CPXM1|TRABD2A|EPGN|ART4|C1S|CCDC178|EDA|EVPL|CASP8AP2|ZFAND4|ARV1|CXCL11|DLG1|CPNE3|AMZ2P1|IFTAP|CNOT6L|ANKRD42|MIX23|ARL4A|BNIP2|C1orf131|CTCFL|ALKBH8|BRIP1|CDC42SE2|AMER1|UTP25|EFHD1|DIMT1
GSE43863_TH1_VS_LY6C_INT_CXCR5POS_MEMORY_CD4_TCELL_DN	0.0122868990938412	0.184634570514937	-0.396326336134145	-1.37724686111137	79	157	CATSPERZ|TPM2|WNT11|ANPEP|ABCB4|CBS|L1CAM|KHDRBS3|WFIKKN1|DDB2|ADGRE5|ACAP1|PLA2G15|TCIRG1|SGSH|HSF2BP|TGM1|PTK2B|FBXL19|LTBP3|TNKS1BP1|AMHR2|CSNK1D|MERTK|CCDC24|GATD1|WDR13|PDGFA|OXLD1|PLD2|ZNF784|RTBDN
WEI_MIR34A_TARGETS	0.0123283833006444	0.184981033739714	0.376864662465007	1.3731197266795	43	137	LGR4|SGPP1|MBLAC2|DNAJC24|RAB29|HACE1|PAQR3|SMAD4|CALB1|MAPK1IP1L|SLC44A1|ARPP19|EARS2|PER2|RECK|MPP2|KIT|ACSL4|FUT8|MTMR12|TENT5A|PLPBP|ADK|NAA50|HMGN4|MYB|ATPAF1|TTC33|GOLPH3L|ANXA5|CD47|PPP1R16B|MID1|CYB5B|HMGCS1|LRRC40|CHRAC1|S100PBP|ASXL2|B3GALNT1|FAM120AOS|ZYG11B|TFDP2|E2F5|CDK6|PNPLA8|MTMR9|GALNT7|CPSF6|GORASP2|MAP2K1|GINS3|TSEN15|NOL10|DDX17|PIP5K1A|ZCCHC24|PKP4|CRTAP|GPALPP1|ALDH5A1
REACTOME_RECEPTOR_TYPE_TYROSINE_PROTEIN_PHOSPHATASES	0.0124450951683748	0.186235958964837	-0.722394009133589	-1.64971846751819	67	15	PPFIBP2|NTRK3|SLITRK6|PPFIA4
WHITFIELD_CELL_CYCLE_LITERATURE	0.0124491261671056	0.186235958964837	0.504321052793528	1.5318783495384	51	44	CCNG2|CCNE2|CKS2|TOP2A|CCNA2|CCNB1|MSH2|TYMS|CDK1|RRM2|BUB1|RRM1|NPAT|RACGAP1|CDKN3|PCNA|E2F5|CDC25C|CCNB2|BUB1B
LU_AGING_BRAIN_DN	0.0125069483046137	0.186822540300167	0.378748192298236	1.3748365231415	44	133	MBNL2|FGF13|PANK3|RAB3A|CORO1A|GNAQ|ZBTB18|MACIR|NORAD|MEF2C|CALB1|RAB6A|RANBP9|RAP2A|MAPK1|ATP6V1G2|PDE4D|ATP8A1|NRXN1|YWHAZ|VDAC1|RAB5A|DDX3X|DNM1L|PPP3R1|ATP2A2|RBBP4|UBE2D1|MAPK9|ITM2B|ATP6V1A|RAB1A|TIMM17A|B3GALNT1|MAP2K4|INPP4A|VAMP1|PPM1E|TOP2B|SFPQ|AZIN1|FKBP1A|PIK3CB|RPS6KA3|SRSF10|HCCS|HSPA8|FOXG1|PLD3|PRKCB|ABI2|CDK5R1
GSE5099_DAY3_VS_DAY7_MCSF_TREATED_MACROPHAGE_DN	0.0125909345271405	0.187797623749533	0.373664152409053	1.36635701394673	44	139	ZNF257|TMEM182|RFX3|ANKRD20A11P|TM6SF1|GNA13|PODNL1|TCF7|EVC|TLE4|KLHL24|MARCHF7|YWHAQ|SP3|ECT2|RAB6A|ASS1|SNRPN|ISOC1|QNG1|TMEM176A|CHRNA3|DAZAP2|EIF4E|INSIG1|CALM2|PRKD3|CNOT6L|ATF2|ATP2A2|CUL3|SUB1|TMX1|H2BC8|PPP2R1B|PAPOLG|MORF4L1|CORO1C|CENPJ|DNAJB6|HNRNPA2B1|CDK6|LYRM2|ARID1B|FUBP1|PHF8|SP4|GALNT7|DST|SFPQ|NT5M
NABA_BASEMENT_MEMBRANES	0.0126116657908565	0.187827746600323	-0.580384339991983	-1.58387954684178	71	33	COL18A1|LAMB1|LAMA4|LAMA5|COL6A1|LAMB3|COL6A3|HSPG2
GSE37416_0H_VS_48H_F_TULARENSIS_LVS_NEUTROPHIL_UP	0.0126658624849216	0.188355448331323	0.349200378360747	1.32340079901392	41	187	SAMD9|AIM2|TRAPPC6B|SNX18|NT5C3A|RUNX2|MAP3K1|RAMAC|GLUD1|RBMXL1|EIF4E3|DCTN4|LYPLA1|CRLF3|SH3BGRL|CHPT1|PPP1R12A|NDC80|TAPT1|ZNF92|KPNA2|PLGRKT|RNF6|IL6R|SYNE1|OTULINL|ITGB2-AS1|IFIT5|ADCY10P1|ALDH9A1|SRP9|CAB39|JAK2|MED23|ACSL1|KCTD21|XKR8|WIPF1|TMEM50A|LCP1|TOPORS|PYGL|CARD6|SNX2|METTL4|GIMAP2|ANKRD50|MEGF9|LMBRD1|HYCC2|R3HDM4|TOR1AIP1|GCNA|PPP2R5C|GOLM2
GSE29949_CD8_NEG_DC_SPLEEN_VS_CD8_POS_DC_SPLEEN_UP	0.0128066656380188	0.189606651437217	-0.395806499869991	-1.3729171907566	82	155	GPR135|TBC1D1|ACKR1|APOA1|S100P|FOXD1|IFI30|HLX|FZD7|EXT1|MCF2L2|MYO16|DIAPH2|DOCK4|TWIST1|LDOC1|PPARG|DSC3|SLC19A1|AGER|SPINT2|NFIL3|ARHGAP26|RGS14|PTPN3|DISC1|SGCG|MYDGF|SLC16A3|LSS|DDO|MERTK|CD151|NOL3|PLD2|BAP1
GSE39152_SPLEEN_CD103_NEG_VS_BRAIN_CD103_POS_MEMORY_CD8_TCELL_DN	0.0128066656380188	0.189606651437217	-0.395438521688386	-1.37164080047115	82	155	KRT15|POU2F2|ACKR1|PNKD|ACE|ATXN1|GTF2I|LYST|BSN|ZNF467|COL1A1|TEF|TCIRG1|CLIP3|MAP1LC3A|FEZ1|NR1D1|SLC6A13|GGCX|LYL1|H2BC5|FBXW4|TBC1D10A|XPC|ARHGAP39|PAQR7|TYRO3|ABL1|MPV17|PER1|GTSE1|STAG1|RNF220|CD276|TK2|KLHL21|PDCD7|IFT46|PEF1|NR2F6|ZSCAN2|CHRD|SPRY4|NUDC|ELK4|PTDSS2|KARS1|EFNA3
RAMALHO_STEMNESS_UP	0.012782401902497	0.189606651437217	0.346983060718846	1.32565973418908	42	194	ZNF708|ESF1|BLZF1|PKD2|STXBP3|BPNT2|RNF138|ARIH1|SMARCAD1|PTPN2|YES1|EIF4G2|RIMOC1|RSRC2|MARCHF7|SMAD2|ROCK2|NUP35|ZNF644|CWC22|GCLM|SLC38A2|CPXM1|TXNDC9|RAD23B|NOP58|MRPS31|TCEAL9|PCF11|PPA1|MED23|SOCS2|MAP4K3|PHTF2|CDK2AP1|ZMAT3|ZCCHC10|ABCB1|COPS4|SEC23A|BACH1|NIFK|EIF3J|RPUSD4|RIDA|ELOVL6|LRRC58|CHD1|SEC23IP|RSL1D1|PIGX|GNL2|MPHOSPH10|ERCC5|ARCN1|JAGN1|XPOT|GARS1|ACAT2|YWHAH|PPP2R1B|PSMD11|RYK|SUCLG2|PACRGL|ZNF281|DNAJB6|ZZZ3|LAPTM4A|KIF2A|TBC1D15|RPL22|GLO1|PAFAH2|ZC3H14|RRN3|FKBP11|WDR43|ANKRD17|MRPS2|GAB1|DPH5|MRPL45|FASTKD5|PDCD2|ACADM|YWHAB|SLC7A6|ZMYM4|TOM1L1|MTERF3|CRTAP|XPO1|TEAD2|WDR55|RABGGTB|XRCC5|FBXO8|PPIC|IARS1|TBRG1|RCL1|COPS7A|USP9X
GSE17974_IL4_AND_ANTI_IL12_VS_UNTREATED_24H_ACT_CD4_TCELL_DN	0.012846131886954	0.18984772913203	0.366174567003694	1.34864304579082	44	150	VAV2|SLAMF6|STAP1|MYO3B|ANKDD1A|IFIH1|C3orf52|MX2|IL12RB2|CCDC168|CFAP92|DHX58|SMARCA1|CCL4|DNAJC28|TMCC1|TNFSF13B|GRIK1|NRBP2|IFIT3|PRTFDC1|ARMC2|TMEM140|PMFBP1|FCER1G|WWTR1|ZFP37|SLAMF7|IFIT1|SGK2|ITIH4
GSE27670_CTRL_VS_LMP1_TRANSDUCED_GC_BCELL_DN	0.0128607746373561	0.18984772913203	-0.385137374571099	-1.36082794917137	85	178	TNS2|POU2F2|C3|ADGRG3|PLXNB2|CRIP2|TIMP3|RAB34|FICD|GDF15|P2RX4|SYNGR1|TLR6|APOE|STK11IP|TSPAN4|ETHE1|PHPT1|OSBPL5|SLC7A7|COL6A1|ST6GALNAC6|COL6A3|MCAM|MED22|ACYP2|TBXAS1|GGCX|ITGB5|NAA80|FBXW4|DHRS3|HPCAL1|ATP13A2|RHOB|ARHGAP39|ENTPD6|RETREG2|EPHX1|ABL1|RBX1|PCSK7|CTTN|HOXC6|HES1|SKI|GATA2|TPRA1|ACP2|MR1|THRA|ADCY3|ARHGEF3|SEC61A2|SEPTIN9
ALTEMEIER_RESPONSE_TO_LPS_WITH_MECHANICAL_VENTILATION	0.0129001433349259	0.189870438117282	-0.44020882991883	-1.44560878563638	80	99	NFKBIZ|HPX|IL15|OSMR|CD14|IRF7|MT2A|IL4I1|ADAMTS4|IFI16|IFIT2|CSF2|TGM1|SERPINE1|NFIL3|TIMP1|BCL3|C5AR1|IL1B|GBP2|ISG15
GSE3691_IFN_PRODUCING_KILLER_DC_VS_PLASMACYTOID_DC_SPLEEN_DN	0.0128918839730442	0.189870438117282	0.363554881900145	1.35485200107917	43	165	CNRIP1|FITM2|HYKK|GABRR2|SMARCA1|TMEM209|RUFY2|TOP2A|WDR75|RSL24D1|TRUB1|CCT8|SATB2|NCBP2|LRPPRC|NDC80|GPR183|ZFP37|CD274|EDA|TMEM169|PRSS27|RNF144A|HYPK|PPA1|TIPIN|MCU|DDX18|RRM2|COPS5|RFC5|PRDX3|HSPD1|MRPL38|TPST1|MAK16|OTUD6B|FAM111A|MPHOSPH10|SRSF1|TMOD2|NSMAF|ADORA2B|GNL3|HSP90AA1|DDX21|TMA16|L2HGDH|LRR1|CCT6A|ETV6|HSPA9|NDC1|SPTBN4|HLCS|SFPQ
BHAT_ESR1_TARGETS_NOT_VIA_AKT1_UP	0.0130259020811499	0.190603505962948	-0.382161669464747	-1.35423485148822	86	184	SULT2B1|WFS1|KRT15|FARP1|MAG|CARD19|AMZ1|TBKBP1|GPR68|DEGS2|SLC29A1|SEMA3B|EEIG1|RIMS4|PDLIM3|MFSD2A|WDR46|CCND1|STC2|IER5L|CAMTA1|CA12|GREB1|SLC25A19|SH2B2|SLC2A8|MORC4|KCNK6|RRP12|RPUSD1|SRM|MED24|DHRS3|PITX1|TSKU|MYBBP1A|SUSD3|FLNB|MANEAL|TGIF2|TUBB2B|KAZN|MREG|KDM4B|AP1B1|SNAPC4|PLEKHH1|SH2D2A|NEIL2|NOL6|NT5DC3
GSE12845_IGD_NEG_BLOOD_VS_DARKZONE_GC_TONSIL_BCELL_UP	0.0130142109199701	0.190603505962948	-0.382951066455461	-1.35560349335905	86	181	GAA|WFS1|FSTL3|RAP1GAP2|DIPK1A|ITGA4|RETSAT|DPM3|PBXIP1|BTN3A1|MANEA|UBA7|TRIO|ETHE1|SPSB3|SLC7A7|APH1B|TIMP1|FASTK|FHL1|MAGED2|TMEM109|EPHB6|NLRP1|MYDGF|THAP7|RNH1|CTC1|YIF1A|SFXN3|CD151|SEC61A1|WDR13|SIL1|PPOX|RASSF1|TNFRSF1B|TAPBP|JRK|BTD|BMS1P20|DNASE2|SSR4|PCK2|ICAM4|GUSBP11|TMEM184B|ABCA5|RPS6KB2|CENPB|IER2|PDXK|RSAD1|CNPY2|RNF31|ARID3A|MAVS|SMAGP|SLC25A28|BUD23|HLA-E
GSE6259_BCELL_VS_CD4_TCELL_DN	0.0130177514792899	0.190603505962948	0.355455610648507	1.33405391641398	43	173	BICDL1|RGS5|AGO4|SLC13A4|SELENOT|LSM11|PRMT9|ZNF30|VPS54|RARS1|MBTPS2|FAM174A|OTUD1|ARIH1|MARCHF5|RALGAPB|MT1X|TSC22D2|YIPF6|WSB2|ZNF512|MFSD1|CBFB|EIF2B2|CFI|FCER1G|TIGAR|KIT|TXNDC9|PRKCI|SLC25A3|ZW10|ZDHHC2|YARS2|HBS1L|ZNF627|ZNG1A|DNAJB9|RFESD|PRKAA1|DHX15|ZBTB21|SEPHS1|ZNF823|AZI2|ZDHHC5|P4HA1|OTUD6B|ARCN1|WEE1|NACA|USO1|TMT1A|AK3|NIPA2
WELCSH_BRCA1_TARGETS_UP	0.0129713423831071	0.190603505962948	0.349935807884301	1.32452491752604	42	185	TCEAL1|CCNG2|ZNF43|NTS|COPS2|EXOC5|ITGB3BP|TM9SF1|CKS2|COPS8|MGAT2|TOP2A|TFPI2|KIF11|PPP6C|MEF2C|ABCD3|RDX|PRKAR1A|TMED2|ADD3|RAB6A|ATXN10|PICALM|INPP5K|IDH1|AGPS|FCGRT|TXNDC9|KCNK1|CDK1|KIF5B|RRM2|TSNAX|EPCAM|HMGN4|SCAMP1|SSR1|TSG101|DDX3X|SEC23A|UBE2D3|HMGN3|ANXA5|CITED2|CD47|ANXA1|CREB1|SUCLG1|PPP2R5C|VAMP3|RAB1A|ZNF148|TIMM17A|MYL12A|ATP5PB|RAB4A|EXTL2|TRAM1|EIF4B|MAP2K4|CAT|ANXA7|TAF12|KIF2A|CD46|HSPA5|BNIP3|STAT1|GATD3|SERPINB1|HEXB|NR3C1|MAP4K5|RPS6KA3|MAP2K1|KDELR2|RHOC|RAB7A|PLD3|TAF11|NPEPPS|GSTZ1|RBM3|ARPC1A|NDUFA12|RABGGTB
GSE6674_ANTI_IGM_VS_PL2_3_STIM_BCELL_DN	0.0130680130680131	0.190941361247038	0.346314555518266	1.32469995647788	43	195	TAMALIN|RNF11|PANK3|TMEM209|SLC39A10|UBA5|RBMXL1|RANBP2|PEX1|ORC4|FMNL3|STT3A|UTP18|NUP153|SYPL1|BCLAF3|PALS2|ARF4|PIKFYVE|FNIP2|ZDHHC21|ETV5|YWHAG|SIAH2|HSPA4|NUP160|IBTK|HK2|QNG1|CNOT7|BRIX1|SLAMF7|C5orf22|DNAJA2|AHCTF1|MTRR|CRY1|NARS1|TARS1|EIF4G3|CAND1|MYC|CUL3|TMEM68|CHD1|UBQLN1|CLCN3|EFL1|IVNS1ABP|RCN2|BMP2K|HSD17B12|KIAA1191|ARCN1|SPRED1|XPOT|GARS1|NPEPL1|FARSB|BLM|LATS1|HSPA9|ZRANB2|CDK6|DIMT1|ALDH18A1|RMI2|FUBP1|EEF1E1|BTG3|VMA21|MAPRE1|SUZ12|ACOT7|RRN3|WDR43|CD82|DNAJC21|RASA2|DPH5
GINESTIER_BREAST_CANCER_20Q13_AMPLIFICATION_DN	0.0131953816164343	0.191740824654497	-0.384240064972043	-1.3561739993169	87	177	MSH5|DNHD1|AKAP13|HLX|ACE|DHX37|TCIRG1|NSUN5|DENND11|CYBA|GBA2|ZNF436-AS1|SH3BP5-AS1|ZNF316|HCFC1|FBXL19|QSOX2|TINAGL1|PGS1|SLC25A25-AS1|TJAP1|EHBP1L1|EWSR1|MYO9B|RNPS1|CAPN15|PHF11|PPARD|TSPOAP1|SZT2|GRIPAP1|ITFG2|MADD|GPC2|KIFC1|TAPBP|DPH7|XPO6|ENGASE|RNF220|TNIP1|SUPT7L|TMC6|TYW5|SNAPC4|EHMT2|QTRT2|ZMIZ2|RBM26|GRAMD4|ITPR3|CLK3|MCM3|POLR1A|TNFAIP2|BRD2|EIF4G1|DHX16|LARP1|TMEM147-AS1|UQCC2|TLN1|LENG8|CLASRP|SLC15A4|BTN2A1|PASK|BAG6|FURIN|CYTH1|ZNF142|ARHGAP17|PROSER1|CALML4|ANKLE2|DDX11|SF1|DXO|TCOF1|TEPSIN|MAD2L1BP|CAMK2G|KHDC4
GSE10273_HIGH_VS_LOW_IL7_TREATED_IRF4_8_NULL_PRE_BCELL_UP	0.0131934032983508	0.191740824654497	0.349551515301923	1.32815591816726	43	189	ZNF841|MTMR6|GPR160|ZNF367|LONRF1|MFSD14A|CMTM6|BLTP3B|CNNM2|ANGPTL4|HIPK3|UBA5|KDM7A|CPD|MOSPD2|PAQR3|MARCHF7|PPIP5K2|NSUN3|SH3BGRL|FAM199X|TWF1|TMED2|DENND4C|ABCB10|STYX|INTS6L|FAM13B|RP2|POGLUT2|GFI1|RECK|IL6R|TGFBI|CASP8AP2|SLC40A1|VAPA|SLC25A36|LDHB|MICALL1|GOLGA4|DCTN6|FAM91A1|CPNE3|CASD1|IFTAP|ZFC3H1|C10orf88|NNT|BFAR|CLTC|CYP4V2|ELOVL5|SECISBP2L|QKI|IKBKE|SDAD1|PSME4|C6orf62|FUCA2|AGPAT5|PHIP
GSE29617_DAY3_VS_DAY7_TIV_FLU_VACCINE_PBMC_2008_DN	0.0132018209408194	0.191740824654497	-0.388336250988568	-1.36161435471034	86	170	ADAM19|ADGRG3|RASGRP3|PRKCZ|PABPC1L|UVSSA|RPLP2|FAM193B|LINC02245|NSUN5P2|MIATNB|GON4L|TMEM63A|DGKD|NSUN5|TPD52|VN1R1|DICER1-AS1|SPG7|CCNL2|QSOX2|CABIN1|COBLL1|CHD6|SLC12A6|LTBP3|SLC25A45|SLC25A25-AS1|HERC2|EWSR1|SNRNP200|HMGXB3|DGKA|ING5|GTPBP3|NOL4L|ITFG2|AKT2|SYMPK|ENTPD4|CDK5RAP1|DHFR2|GABPB1-AS1|BMS1P20|GUSBP11|PDIA5|SNRNP70|STMN3|DDX51|MCM7|DENND5B|GRAMD1A|STARD5|PDIA4|EDEM1|SLC25A28|SEC11C|STX16|FANCD2|MSTO1|RBM34
LIM_MAMMARY_STEM_CELL_UP	0.0132182357701646	0.191740824654497	-0.334378898632521	-1.26984544780404	97	395	TGFB1I1|EFNB1|TPM2|TAGLN|LAG3|IL17B|COL18A1|ARK2C|PCBP4|TRIM29|CRLF1|C1QTNF12|SVEP1|COL14A1|LAMB1|ENC1|SYNM|TIMP3|RAB34|EXT1|ASPHD2|AXL|INKA1|PPP1R14A|LCAT|LMOD1|GPR176|ACTA2|BCAR1|TSPYL2|APOE|FXYD1|SLC12A4|RCN3|SMTN|SERPINH1|SGIP1|AEBP1|PLXNA2|MAP3K7CL|CLIP3|IGFBP2|RARRES2|PPP2R2B|SOX11|TSHZ3|DCHS1|PDLIM7|ICAM1|SLC6A8|PCOLCE|LAMB3|HDAC4|FEZ1|TTYH2|MCAM|HSPG2|PGF|SLC27A6|PHLDB1|P3H1|TINAGL1|AKT3|FHL1|IL1B|NRG1|TSHZ2|FAS|TRPC1|LTBP4|CSRP2|EID3|LARGE2|SLC1A5|SLC2A3|BMP1|SPHK1|PDGFA|TSKU|NBL1|DUSP7|ITGB1|UNC45A|PPP1R18|MALT1|LIFR|CNP|PDLIM4|CCDC85B|DCUN1D3|KLHL21|NNMT|IL6ST|HS3ST3A1|SLC38A5|ADGRL1
WHITEFORD_PEDIATRIC_CANCER_MARKERS	0.0131795716639209	0.191740824654497	0.393507788791477	1.39597930695653	47	114	TTK|ZNF367|PLK4|CKS2|TOP2A|PBK|RFC4|KIF11|CCNA2|CDCA7|CCNB1|CKAP2|SLC25A40|MEX3B|KPNA2|NUSAP1|MAD2L1|CENPU|TYMS|HAUS1|ZNF300|CDK1|RRM2|DBF4|BUB1|MLLT11|STMN1|KIF14|NEK2|ZMYM2|GGH|PCNA|ZWINT|SMC4|ATAD2|CDCA2|CENPE|RFC3|CDK6|CCNB2|BCAT1|PSAT1|DLGAP5|MELK|NCAPH|ILF2|POLQ
GSE14308_NAIVE_CD4_TCELL_VS_INDUCED_TREG_UP	0.0132730015082956	0.192257415786828	0.349311856188335	1.32216322846759	43	185	ZNF708|TMOD4|TRAPPC6B|ESF1|TSKS|TRAPPC8|ARL5A|ATP6AP2|POU6F1|DAND5|PRMT9|MDP1|BTBD1|AMN1|XRCC4|TP53INP1|BBOF1|ATP8B3|CPEB2|TMEM86B|CCDC68|CGGBP1|LGALS8|NEMF|SLC25A40|FAM199X|SACS|TSPAN13|NAB1|SNAPC1|TCF12|EARS2|WDR44|WTAP|IBTK|DRAM2|MTSS1|CASP8AP2|FUT8|CIR1|DPM1|NFE2L2|FXR1|SPNS1|IREB2|SNX2|CACUL1|PTPN12|AKIRIN1|AP4S1|ELOVL5|MAGI2|SFMBT2|TMEM245|WIPF2|TOR1AIP1|C6orf62|KBTBD2|ZC3H15|CHORDC1|ZNF264|TAX1BP1|ITCH|GIN1|CENPJ
GSE21927_SPLEEN_VS_TUMOR_MONOCYTE_BALBC_DN	0.0133136094674556	0.192436846345754	0.355326681833127	1.33357003604764	44	173	NOS1AP|PRR4|ZNF41|C3orf52|RYR1|EIF2AK3|DTL|DCBLD1|MME|LONRF2|FGGY|AKAP12|ABCE1|SH3BGRL|DMXL2|TMX3|AAK1|TSPAN13|CHPT1|CBX3|SIAH2|TRIB1|MAP3K21|RASSF6|PDE4D|RNF157-AS1|CAPRIN1|SLC18B1|USP47|RTN3|UBXN7|LCP1|ZMYM5|HNRNPK|MYB|HSPD1|NNT|ADNP|ANKRD50|C4orf46|NET1|ARRDC4|RB1|NUP88|ZWINT|GLUD2|BAIAP2L1|REEP3|LNPEP|BTBD3|PCLAF|ATP11C|SUCLG2|DCAF12|SERTAD2|HNRNPA2B1|DIMT1|H2AC6|ARID1B
WP_DIFFERENTIATION_OF_WHITE_AND_BROWN_ADIPOCYTE	0.0133237306445805	0.192436846345754	-0.677532583672456	-1.64079247409171	73	19	PPARG|ZIC1|PRDM16|HOXC8|CEBPB|PPARGC1B|HOXC9|CEBPG
GSE46606_UNSTIM_VS_CD40L_IL2_IL5_1DAY_STIMULATED_IRF4MID_SORTED_BCELL_DN	0.0133907957518855	0.192970882666597	-0.397604940672779	-1.3747853527459	86	149	TGFB1I1|CD37|TMEM117|DBNDD2|CACFD1|NUDT18|MEF2B|SUN2|ABHD17A|YBX2|GABRG2|HSF2BP|KRT73|PNPLA1|PIK3IP1|NME3|STX4|RIMBP3C|MACROH2A2|TMEM184A|ACP6|RAMP1|SMDT1|PPP6R2|PDRG1|TSEN34|SAP30BP|SLX4|RPS23|MNX1|MEIOB|IPPK|MFSD9|ERP29|SSR4|RPL3|NOP53|ECH1|NDUFB6|GABRQ|MRPL46|ERAP1|PROSER2
MEISSNER_BRAIN_HCP_WITH_H3_UNMETHYLATED	0.0133991537376587	0.192970882666597	-0.618093924694185	-1.59204494273337	75	25	BHLHA15|MAEL|FSTL3|EZHIP|NPB|EPPK1|C19orf67
GSE25085_FETAL_LIVER_VS_FETAL_BM_SP4_THYMIC_IMPLANT_DN	0.0135055783910746	0.194224922477946	0.35893215232858	1.34272584296194	45	169	ARRDC3|TENM1|NUS1|CCL5|CD164|LAMP2|TMEM106B|CCRL2|KDM7A|PHLDA1|EGR1|GCNT2|FNDC3B|TMEM37|ETNK1|SPRY2|DMXL2|SNX24|ETV5|RAP2A|PLPP3|RCBTB2|GLIS3|S1PR1|PLA2G4A|CD274|CLMP|CHRNA3|EGR2|SGMS2|MYL12B|LITAF|HLA-C|SNAI3-AS1|SCAMP1|SMIM3|PRKAA1|ANKRD50|AZI2|GDE1|ABHD5|TMEM243|TPST1|MFAP3L|P4HA1|CEP57|PLBD1|CNDP2|BRWD1|HELZ2|FABP5|C1GALT1C1|BTG3|PRDX5|GOT1|MBD2|ARG2|TANC2|PARP14|NR3C1
GSE12003_MIR223_KO_VS_WT_BM_PROGENITOR_4D_CULTURE_UP	0.0135419801384291	0.194469809198214	0.351439138582863	1.32942271929087	44	184	ST8SIA4|FOXO1|KCTD12|SESN3|GNG12|NT5C3A|NEDD4|TLE4|CHDH|CLK4|CBLL1|ORC4|TMEM168|RNF103|ETNK1|AAK1|BLTP1|SP3|TCF12|WDR26|KCNJ8|ATP1B1|RBL2|SPP1|TXK|SYTL2|SLC35D1|MAGT1|BACH2|UBE2E3|TMED7|SAMSN1|C1orf54|ZW10|TGFBR1|SOAT1|ITM2A|STK24|RAPGEF6|SMC6|KLRG1|PRKD3|SPCS2|WSB1|TTC3|RCN2|SLC30A9|BRWD1|FAM118B|SMC4|TRIM59|ZNF638|TAX1BP1|MYCBP2|ZNF326|SRPK1|HNRNPA2B1|TASOR2|FUBP1|BICD2|PKNOX1|NUP58|ACTR6
GSE5099_UNSTIM_VS_MCSF_TREATED_MONOCYTE_DAY7_DN	0.013591060102688	0.194895801872546	-0.387592055636511	-1.3630549085298	89	173	GAA|ZNF711|LAG3|CD14|IFI30|BCL2L12|RDH16|FZD7|DERL3|ALKBH6|HELB|APOE|ZNF710|MFSD13A|SREBF1|PPFIA4|APOBR|PGF|HGS|OS9|RBM38|RTKN2|TRPC3|NAA60|CHD3|AMPD2|GMPPA|PELP1|ZC3H12A|ORAI1|MERTK|CAD|USP36|ABHD12|CAPN15|LRRC61|HEXA|BOP1|NR4A1|PLEC|SLX4|GRINA|MMP17|CCDC85B|POLR2A|TTI1|ATP6V0A1|TAX1BP3|SMARCD2|TNIP2|PLEKHH1|CCHCR1|IER2|TIMM17B|SRF|SH3BGRL3|ADAT1|EIF4G1|FLNA|HPS4|KMT2D|INTS1|CHP2|MFHAS1|CBX6|ARIH2|ASPSCR1
GSE19888_ADENOSINE_A3R_INH_VS_ACT_WITH_INHIBITOR_PRETREATMENT_IN_MAST_CELL_DN	0.0138403041825095	0.198186837923011	-0.388784138612676	-1.3591213663692	90	164	WNT11|RAB4B|PYGM|APOA1|COL14A1|PNKD|PLA2G6|GTF2I|QSOX1|B3GNT8|THEM6|LAMA5|LPIN3|CLCN2|GIPC3|DOHH|MATN4|ARHGEF17|PDLIM7|HDAC4|ATXN7L2|SH2B2|GAL|BIN1|RAMP1|ROM1|ANKRD23|H2BC5|MDGA1|TSFM|SLC26A6|KLC2|UQCRQ|GUK1|TRPC4AP|MLEC|AGPAT2|SLC37A4|AAMDC|MCRIP2|LBX2|PIDD1|CLSTN3|BORCS5|FBXO31|IFT46|CDC34|KCNH2|PARP1|IER2|MINDY4|ABCF3|CHCHD5
GSE11961_MARGINAL_ZONE_BCELL_VS_MEMORY_BCELL_DAY7_DN	0.0139082058414465	0.198875456177264	-0.400844127522911	-1.37852433655632	89	142	TLX1|TBC1D2|PAQR6|MS4A13|TIMP3|GFAP|KIF24|SLC46A1|TSSK3|GASK1B|ASIC3|SERPINH1|MUC5B|NKX6-1|FAM131C|RSPH9|CRYBA2|PPFIA4|LRRC75B|EFNA1|ZAR1|SEMA6A|MACROH2A2|TRPM1|AXIN2|MOK|MAD1L1|BRSK1|HIC2|RNF181|PDRG1|CLTA|CNIH4|HOXC6|SLC25A42|TLCD1|LONRF3|FAT1|PCSK9
GSE13173_UNTREATED_VS_IL12_TREATED_ACT_CD8_TCELL_UP	0.0139557266602502	0.199212416225273	-0.44248661844669	-1.44565942032143	86	95	VMAC|HAPLN2|GNG8|TIMP3|SLC39A3|LMOD1|CCS|PNCK|AATK|UNC5B|ADAMTS4|SLC35G2|DCAF11|RPS9|HSPB1|PRDM16|TMEM184A|TMCC2|SPHK1|NOS3|POLG|NPHP4|DLL3|E4F1|SLC16A9|DPH2
GSE9006_HEALTHY_VS_TYPE_1_DIABETES_PBMC_4MONTH_POST_DX_UP	0.0139714625445898	0.199212416225273	0.34503390613987	1.31821292760519	46	194	DPYSL2|PIGA|CD69|RNF11|BTBD1|STRAP|GNAI3|HIF1A|GLUD1|KLF10|PPP1CB|UAP1|NR4A2|LYPLA1|MAPK1IP1L|PTGES3|TOB1|TWF1|TMED2|MKRN1|OLA1|ATP1B3|PPP2R5E|WTAP|EPS15|MFSD1|AGPS|FEM1B|OSTF1|HNRNPH2|DAZAP2|DUSP10|MTMR12|YWHAZ|VDAC1|RTN3|RAP2C|DNAJA2|ACTR2|CPNE3|EIF4G3|DDX3X|AKIRIN1|CYBB|ANXA5|QKI|GLUL|PDIA3|GPI|BNIP2|PTEN|HNRNPA1|ECPAS|HMGB1|GLUD2|DDX21|SEC63|BHLHE40|SUCLG2|HSPA9|AHCY|PABPC1|RIOK3|ATF3|MAPRE1|DOCK2|SUMO3|KPNB1|ALDOA|MAFF|CPSF6|SFPQ|MBD2|AZIN1|SEC31A|TERF2IP|HNRNPA3|TPST2|ATMIN|TNFAIP3|ODF2|PAK2|PCBP2|NFKB2|RBM3|C8orf33|AATF|LAP3
FERREIRA_EWINGS_SARCOMA_UNSTABLE_VS_STABLE_UP	0.0140360928100831	0.199562210979517	0.358861741040746	1.33165669480815	48	157	PARPBP|AKAP5|SGO2|ADAMTS3|ESF1|TOP2A|KIF18A|ANLN|DNTTIP2|EAF1|MACIR|CCNA2|KNL1|HYCC1|MRPL42|CCNB1|ARHGAP11A|CKAP2|ZNF146|SMC2|NAA15|SDCBP|NCAPG|NDC80|KPNA2|FGFR1OP2|NUSAP1|HOMER1|GJC1|NOP58|CENPU|NAMPT|DBF4|GDAP1|KIF15|DSCC1|CHD1|API5|CDKN3|ZWINT|PSIP1|BRIP1|ATAD2|ATAD5|PRPF40A|LMNB1|BLM|NCAPG2|CENPE|PCLAF|CCT6A|HJURP|NDC1|KNTC1|SNRPD1|PPP4R3A|DLGAP5|WDHD1|KIF23|MELK|FEN1|NCAPH|NCAPD2|MACROH2A1|HMGB2|POLQ|RPA3|BRCA1|CEP83|FANCM|ODF2|THOC5|SPC25|CDC6|CEP55|XPO4|CHEK1|ERH|MTERF1|POLE2|ZNF330|ZNF93
GSE13547_2H_VS_12_H_ANTI_IGM_STIM_ZFX_KO_BCELL_DN	0.0140556368960469	0.199562210979517	0.359915511280501	1.33863242137984	47	162	PTPN6|DCK|SGO2|MRPL1|LGALS3|PLK4|DEPDC1B|BLTP3B|CKS2|BRMS1L|RARS1|IL18R1|MLF1|PHLDA1|KIF11|EXPH5|KNL1|ARHGAP11A|SEH1L|PALS2|SMC2|GINS1|NEIL3|RPF2|GMPS|IL1RL1|GPNMB|NCKAP1|TBC1D19|WDR36|RAP2C|RRM2|B3GNT2|MYB|RNPC3|KIF15|PTPN12|RRM1|RIDA|RACGAP1|SDAD1|IPO5|NEK2|MIX23|BRIP1|ATAD5|IQGAP3|TFRC|NCAPG2|CENPE|CENPS|PAICS|AHCY|CDC25C|GGT1|EIF1AX|CCNB2|RAD51AP1|VIM|EXO1
REACTOME_BBSOME_MEDIATED_CARGO_TARGETING_TO_CILIUM	0.014027149321267	0.199562210979517	0.64293493787175	1.63039656510977	61	20	BBS12|TTC8|BBS2|CCT8|LZTFL1|BBS1|TCP1
GSE17721_POLYIC_VS_CPG_0.5H_BMDC_DN	0.0141438459223593	0.20024813169061	0.349037088164294	1.32033625153943	46	184	MTMR6|DCK|CCNG2|CCL2|GABRR2|ESF1|ZNF227|NABP1|TMEM106B|CNNM2|KIF18A|HS2ST1|WDR75|CEP20|VSIR|ERBIN|MOB4|ORC4|RAB23|LYPLA1|LYSMD3|RPAP3|RIF1|TWF1|SPEG|MTCH2|INTS8|RBM7|DRAM2|NUSAP1|SCN4A|MTSS1|PLA2G4A|SOS2|PRKCI|TPRKB|PIP5K1B|GRK5|CCNH|TGFBR1|AHCTF1|ZNF451|RDH11|ANKRD46|EBAG9|SNRPB2|SMC6|RNPC3|CRIPT|C6orf120|ACAT1|SEPTIN2|CUL3|STARD4|STX7|LYRM1|SERINC1|FAM20B|SFXN2|RAB1A|ASAH1|AVL9|SLC35A1|HPF1|TTC27|CHM|CDC25C|MDM1|RPL7L1|SUN1|PALS1|ATP6V1C1|C1GALT1C1|BICD2|ZFHX4|SLC37A3|PORCN
GSE5542_UNTREATED_VS_IFNA_TREATED_EPITHELIAL_CELLS_24H_DN	0.0141395908543923	0.20024813169061	0.351199372314604	1.32575806155204	46	182	PCYOX1L|PTPN6|AIF1|DCK|ARMCX1|TSPAN32|MATCAP2|TGFBR2|TRMT2B|MYOM1|RASSF3|C1orf162|ETFRF1|EIF3E|TESPA1|RSL24D1|MEF2A|FGGY|GLUD1|NOL11|SEH1L|ZFAND1|METAP2|FNIP2|SCCPDH|EARS2|UBASH3A|LMO7|TCEA3|CFAP418|IL6R|SUCLG2P2|TRABD2A|BEX3|SLC40A1|PIGK|DPH6|FAM229B|USP53|ZNF300|RABL3|ZNF766|HBS1L|PTK2|ACBD4|GIMAP2|HMGN3|TPST1|ANP32B|MAML2|ABRAXAS1|PUM1|OTUD6B|SFXN1|KIAA1586|AK3|BZW2|FARSB|RMDN2|PAICS|E2F5|SGTB
GSE15750_DAY6_VS_DAY10_TRAF6KO_EFF_CD8_TCELL_UP	0.0142899672521584	0.201440375144621	0.346375615256786	1.32153333433445	47	193	TTK|PARPBP|TSPAN32|RASSF3|DTL|CLDND1|TOP2A|ANLN|PBK|MLF1|PRIM1|KIF20B|GEN1|CCNA2|KNL1|ARHGAP11A|CIP2A|CKAP2|ZWILCH|UBE2N|DNA2|SMC2|POLA1|PLAA|ECT2|NCAPG|RBMX|MAPK1|MAD2L1|PLA2G4C|RPS27L|CKAP2L|CPOX|SPDL1|CSRP1|NUP205|CDK1|RRM2|PRELID3B|RFC5|BUB1|RRM1|MIS18BP1|SEPTIN2|STMN1|RACGAP1|CENPI|NEK2|CDKN3|PRR11|STIL|PCNA|SEPTIN11|BRIP1|ESCO2|CKAP5|HPF1|SHCBP1|CDCA2|NCAPG2|CENPE|LRR1|CDC25C|KNSTRN|GGT1|CCNB2|BCAT1|BUB1B|RNASEH2B|KIF2A|RAD51AP1|EXO1|DEPDC1|PSAT1|HROB|KIF23|MELK|FEN1|NCAPH|HMGB2|TCF19|ASPM
GSE17721_CPG_VS_GARDIQUIMOD_16H_BMDC_UP	0.0143358243098978	0.201440375144621	-0.389128668684608	-1.35768917696705	93	161	TAGLN|ENKD1|CIITA|KIF1A|ANKRD33|FMC1|ANKH|GNB3|N4BP3|PLA2G15|CDH15|PCOLCE|PCDHB5|SLC6A13|TKTL1|MX1|TPPP3|PKP3|GBP2|TSPO|AMHR2|RNH1|QTRT1|SLC26A6|ZC3H3|STXBP2|TMEM79|POLG|H2AC25|KIFC1|AAMDC|SLC35F6|PTK7|DGUOK|IL15RA|CLCF1|MGAT4B|HBZ|PIGS|CC2D1A|SRF|NECTIN2|SMARCE1|DPM2|RAG1|DHX16|AHDC1|KARS1|PFKP|HMGA1|TKFC|MYO1C|MFHAS1|FKBP9|CLPP|MYO5A|TSR3|PEX26|SPTAN1|MEA1|VAMP8
GSE18791_CTRL_VS_NEWCASTLE_VIRUS_DC_4H_DN	0.014298220017508	0.201440375144621	0.359769195380347	1.34075909587179	48	164	SAMD9|PGAP1|IFIH1|ZNF107|MX2|DHX58|TAMALIN|SRC|DAND5|RNF43|NT5C3A|REC8|SWT1|ZNF687|DTX3L|CLK4|CD80|PNPT1|SNAPC1|ARHGAP27|CLK1|C3orf38|NDC80|CMPK2|IFIT3|HOMER1|HESX1|ARHGAP8|RSAD2|B3GAT2|IFIT1|CD274|MYEF2|TTC9B|IFIT5|C1GALT1|CXCL11|TENT5A|ARL5B|PELI1|DDX60L|B4GALT5|IFI6|NAMPT|RLF|PPM1K|MIS18BP1|RICTOR|TMEM217
GSE28726_ACT_CD4_TCELL_VS_ACT_VA24NEG_NKTCELL_UP	0.0142560142560143	0.201440375144621	0.343829744409366	1.31519521832765	47	195	ZNF75D|IL12RB2|CETN3|TM9SF1|COPS8|CAPZA2|PPT1|PGGT1B|LDHA|PPP1CC|RANBP2|ABCE1|UTP18|ELMO1|HPRT1|PDS5A|OAT|RRAS2|NKRF|ATP1B3|NUP160|PMS1|LAMA2|MAMLD1|TXNDC9|NCKAP1|TRIAP1|CPOX|ZW10|DDX18|UBA2|CDK2AP1|TRA2B|HMGN4|CHSY1|EIF4G3|MAPRE2|HPS5|MGA|TOR1B|SPTSSA|GBE1|IDH3A|UBE2D1|SUB1|RPA2|MKLN1|PPP2CA|PDIA3|NUP88|SLC25A5|ADO|GNL2|SUCLA2|ADARB1|NSMAF|GGCT|TIMM17A|ZNF195|RIPK2|IL1R1|MTX2|GHITM|IDI1|DIMT1|PNP|EIF1AX|KPNB1|SNRPD1|VDAC3|PGK1|IMMT|FKBP4|PDCD2|HCCS|AGO2|MRPS27|HNRNPA3|R3HDM1
SEITZ_NEOPLASTIC_TRANSFORMATION_BY_8P_DELETION_UP	0.0143457828345288	0.201440375144621	0.471532420844305	1.50163995551377	57	58	SEMA3A|SAMD9|LIPG|IFIH1|MX2|CCL5|CCNE2|IFIT3|EFNB2|IFIT1|CXCL11|PRR16|TENT5A|TMEM50A|CD24|TMEM70|MAPRE2|PLAAT4
TIEN_INTESTINE_PROBIOTICS_6HR_DN	0.0143484626647145	0.201440375144621	0.359852141603799	1.33839673077717	48	162	AKTIP|STEAP1|KIN|CETN3|SHLD2|PSMC1|DERA|INTS13|PPM1B|FNDC3B|RCHY1|SRP19|MAPK6|AK6|PLEKHA5|ETNK1|ARMCX6|LRPPRC|PICALM|SPAST|MFSD1|SLC19A2|PALM2AKAP2|ARHGAP8|WWTR1|TIGAR|CALD1|ATP6V1D|MICALL1|FXR1|INPP5F|EIF1B|RDH11|MTRR|TSG101|DNAJB9|SNW1|KIDINS220|QKI|UBE2D1|SMPDL3A|CHMP5|PUDP|PSME4|ETF1|SUCLA2|PLCB1|CEP76|SGMS1|KLHL7|GABARAPL1|BTG1|DIMT1|ACOT13
GSE36891_UNSTIM_VS_POLYIC_TLR3_STIM_PERITONEAL_MACROPHAGE_DN	0.0144404332129964	0.202397743300423	0.351052773255908	1.32520465827401	47	182	PRNP|LPXN|CCNG2|MS4A6A|CCL2|SESN3|KAT2B|PUS10|USP25|PRMT9|HAT1|TMEM51|CD164|GNB4|RSL24D1|OTUD1|MARCHF5|L3MBTL3|GCNT2|MACIR|PARP11|AKAP12|PPIP5K2|ETV3|ARHGAP11A|SPRY2|CWC22|PDE8A|ASS1|RAP2A|UGCG|S1PR1|SLC30A1|TSTD2|RBL1|UBE2E1|SOCS2|PELI1|XKR8|UTP3|DNAJA2|AP1G1|VIPAS39|ENDOD1|ASCC3|ZNF800|EIF2S1|BFAR|SMIM3|SNW1|AZI2|MINPP1|ZNF217|CHMP5
SCHLINGEMANN_SKIN_CARCINOGENESIS_TPA_DN	0.0144569816643159	0.202397743300423	-0.616742594017743	-1.58856427566412	81	25	TCAP|COL1A1|GRN|APOC1|AEBP1|DOC2GP|TMEM255A|ACSBG1|ENO3|DEAF1|COL1A2|MXRA8|CCDC28B|SH3GLB2
DAZARD_UV_RESPONSE_CLUSTER_G24	0.0144953471725125	0.202652221333817	-0.651387767397227	-1.61120564495564	80	21	SULT2B1|H2AC20|H2AC8|ECM1|BCL6|TSC22D1|PDLIM4
VALK_AML_CLUSTER_10	0.0145209845935895	0.202728293950559	-0.620066365585002	-1.58141818473372	81	24	TPM2|PIK3C2B|ARHGEF17|CFD|SORBS3|NPDC1|FLNB|ADGRL1|BCL7A|SPTBN1|SMAGP
GSE17974_0H_VS_24H_IN_VITRO_ACT_CD4_TCELL_UP	0.0145785876993166	0.202919105399428	-0.388259927528518	-1.35949074150199	95	167	SLC26A11|ATP2B1-AS1|TPM2|DPEP2|FES|TYROBP|TSC22D3|REM2|RAP1GAP2|TSIX|IL11RA|SPON2|ENC1|SYNM|LYPD3|LINC00173|HCST|ASH1L-AS1|GPRASP1|CRYBG1|KRT73|NFYC-AS1|ERO1B|ENSG00000274253|FOS|PIK3IP1|CNBD2|IRS2|C11orf21|NLRP1|ADPRM|GAL3ST4|PCIF1|TBC1D10A|JUNB|SGK1|ZBTB10
GSE39556_CD8A_DC_VS_NK_CELL_MOUSE_3H_POST_POLYIC_INJ_UP	0.014587674903245	0.202919105399428	0.345691153459158	1.31892189449341	48	193	DPYSL2|TTK|CDC7|CCNE2|PLK4|NEDD4|ERI2|CKS2|TOP2A|HS2ST1|PRPS2|GNAQ|ABHD3|RFC4|KIF11|PRIM1|KIF20B|MACIR|MTHFD2|CCNA2|CCNB1|ARHGAP11A|NAB1|DNA2|HPRT1|GINS1|TJP2|POLA1|NDC80|KPNA2|GMPS|TMEM106C|CDC27|STAU2|LINC00342|NUP205|CDK1|RRM2|LCP1|RFC5|CLIC4|DBF4|BUB1|SMC3|RRM1|VRK1|CDK2|CLGN|NET1|RBBP8|KIF14|AP3B1|NEK2|GGH|CDKN3|STIL|ZWINT|ACAT2|MPHOSPH6|SMC4|NUP155|HLTF|NEMP1|BLM|CENPE|RFC3|PAICS|SKP2|CDC25C|CCNB2|XRCC2|BUB1B|RAD51AP1|EXO1|GPSM2|KNTC1|ACOT7|DLGAP5|CSE1L|KIF23|SLC27A2|MELK|NCAPH
MEBARKI_HCC_PROGENITOR_WNT_DN_CTNNB1_DEPENDENT_BLOCKED_BY_FZD8CRD	0.0146103896103896	0.202919105399428	-0.678332405954084	-1.62149497045174	80	18	A1BG|BCO2|DHDH|SOD2-OT1
ZHU_CMV_24_HR_DN	0.0146155123733599	0.202919105399428	-0.477654394972508	-1.47992050382013	87	66	TPM2|IGF1R|TAGLN|ANPEP|TIMP3|LAMA4|ACTA2|COL1A1|CFD|CCND1|TNFRSF1A|SERPINE1|SGCG|XPC|CD151|ABL1|PYCR1|ID2|COL1A2
GSE32423_IL7_VS_IL7_IL4_NAIVE_CD8_TCELL_UP	0.0146582317543589	0.20295080048311	-0.393812079953226	-1.36599923112174	94	155	TRIM45|FSTL3|TYROBP|DHDH|FARP1|ZFP42|ADGRG3|RDH16|SLC8A2|FZD7|FAAP20|CD84|PHYHIP|ADAMTSL4|OSBPL5|NCCRP1|FOXP3|LRRC75B|PUS1|PRRT3|MBOAT1|ATN1|CHD3|CHRM4|BIN1|MAP7D1|RALBP1|TBC1D25|NOS3|BABAM1|CC2D1B|UBALD1
GSE45365_BCELL_VS_CD8_TCELL_DN	0.0146582317543589	0.20295080048311	-0.398468673947985	-1.37615303656557	94	148	TSGA10|MTCL1|MYLK-AS1|COX6A1|SPSB2|PPP1R14A|LMOD1|EREG|RHBDF1|HYLS1|MMP1|IGFBP2|USP30-AS1|GPR173|PKD2L2|LBX2-AS1|PHLDB1|SMIM11|LINC02901|MS4A4A|MTMR8|STING1|SEMA4C|WDR24|GPC2|UNC45A|EPOP|OSTM1|FBXO31|SLC66A1|INF2|NRGN|KDELR3|ABHD8|PPME1
GSE37605_C57BL6_VS_NOD_FOXP3_FUSION_GFP_TREG_UP	0.0148087876322213	0.204519254141591	-0.460888575673125	-1.46076021179022	90	76	SEMA4G|HSD17B13|CTU1|LMOD1|GIPC3|RGS17|CRYGS|TEX22|ST8SIA5
POMEROY_MEDULLOBLASTOMA_PROGNOSIS_UP	0.0148122631760248	0.204519254141591	-0.54023120464537	-1.53917299293893	85	41	IDUA|NHLH1|BRME1|PLOD1|GTF3C1|NTRK3|APOD|IRF3|NBL1|MYL6|PTK7|ACADVL
GSE28726_ACT_CD4_TCELL_VS_ACT_NKTCELL_UP	0.0148500148500149	0.204660334796416	0.342281071403886	1.30927133488045	49	195	EGR3|PGAP1|CCL4|AMD1|COPS8|PPT1|MTREX|PEX3|RFC4|LDHA|NPM1|PPP1CC|NFYA|SNAPC1|ELMO1|HPRT1|SP3|ATXN10|RRAS2|NKRF|NUP160|HOMER1|TXNDC9|DLAT|SDHD|TRIAP1|VDAC1|ACSL1|INPP5F|DDX18|CDK2AP1|TRA2B|HMGN4|CCT4|FH|MAPRE2|HPS5|AP4S1|EIF3J|TOR1B|CAND1|TMEM243|UBE2D1|SUB1|RPA2|IPO5|MKLN1|PPP2CA|PDIA3|NUP88|CEP170|ADO|CFDP1|CYB5B|SUCLA2|ADARB1|NSMAF|ATP6V1A|GGCT|TIMM17A|ZNF195|STK4|PPID|BHLHE40|RFC3|MMACHC|FABP5|IL1R1|UTP25|SRPK1|IDI1|DIMT1
GSE7852_LN_VS_THYMUS_TCONV_DN	0.0148632580261593	0.204660334796416	0.343341773690066	1.31174808217737	49	194	TTK|PARPBP|ARMCX1|SGO2|ARID2|DDIAS|WDSUB1|NEDD4|TOP2A|HEMGN|PBK|ZBTB18|KLF10|EIF4E3|CHDH|PRIM1|EXPH5|LZTFL1|PRKAR1A|RAB3D|ECT2|ZDHHC21|RRAS2|PRKRA|IRGQ|BTBD9|DMTF1|WTAP|AP3S1|NUSAP1|MS4A2|BEX3|SLC35D1|UBE2E3|ZFAND4|TBC1D19|FUT8|CIR1|TUBE1|CAP1|CDK1|ITM2A|NNT|RRM1|CDK2|MIS18BP1|C4orf46|EEIG2|RB1|RNF14|DSCC1|MASTL|TNKS|GOLM2|PRR11|PCNA|HACD1|RAB4A|ATAD5|BLM|NCAPG2|CENPE|FABP5|SKP2|CDK6|RPL7L1
GSE10239_NAIVE_VS_DAY4.5_EFF_CD8_TCELL_DN	0.0149745432764301	0.205067483504509	0.34813202842921	1.32408013619962	49	190	PARPBP|NEDD1|ZNF367|CDC7|MEMO1|DTL|HNRNPLL|PBK|UCHL3|PHLDA1|RFC4|PRIM1|CCNA2|ALG6|MAPK6|ARHGAP11A|CKAP2|STT3A|ZWILCH|SMC2|GINS1|PPIL1|ABCB10|SIAH2|NUP37|KPNA2|NEIL3|AP3S1|HK2|USP14|MAD2L1|RAD23B|LITAF|APOO|ZFAND4|TYMS|TIPIN|COPS5|UBA2|NRAS|PRELID3B|RFC5|CASP3|SSR1|RRM1|DECR1|SEPHS1|ATP2A2|STMN1|DOC2A|PLSCR1|DSTN|ALG10|LMNB1|PCLAF|LRR1|FAF1|RFC3|FABP5|SAV1|NDC1|RFWD3|CCNB2|BUB1B|EXO1|DYNC1LI2|KNTC1|ACOT7|GEMIN2|PSAT1|PGK1|LACTB2|PDSS1|WDHD1|MELK|FEN1|HMGB2|DIP2A
GSE22886_NAIVE_BCELL_VS_BM_PLASMA_CELL_DN	0.0149543891132047	0.205067483504509	-0.378863622362381	-1.34344723063424	99	185	AMH|IDUA|DNASE1L2|CD14|TYMP|HOMER3|BSCL2|EXT1|MAGEH1|TMEM115|FICD|MAPK12|MANEA|SLC3A2|HYOU1|PLA2G15|ABCB8|MAST1|TMEM208|RRBP1|PCYT1B|RAB40B|THEMIS2|COMT|TIMP1|LMF1|IGHA1|GMPPA|ATOX1|MACROD1|SRM|TONSL|CST3|SIL1|VKORC1|NENF|BLVRB|ACADVL|RCN1|TMEM214|MDK|LMNA|DNASE2|NEU1|RRP1|YIPF2|RPS6KB2|AARS1|ERCC2|DCPS|ISOC2|PDXK|DEXI|TOR3A|CDKN1A|TP73|MGAT1|DNAJC1|CNPY2|PDIA4|P4HB
GSE7460_TREG_VS_TCONV_ACT_WITH_TGFB_DN	0.014972301242701	0.205067483504509	-0.379402223474759	-1.34445642986976	99	184	ZNF341|C21orf58|ENC1|INKA1|NOL12|NUDT18|HCST|MIIP|EEIG1|POR|NTRK3|APOBR|DKKL1|PRKCSH|HDAC4|EME2|FASTK|HMGCL|ARHGAP26|RBM38|SIRT7|ST8SIA5|KLK8|TMEM94|ARHGEF10|CAPN10|CTSA|CTSD|KCNN4|TRABD|HPCAL1|ADCK5|CHID1|PAQR7|FERMT3|FAM98C|ZBTB7B|UNC45A|DAPK3|PCYT2|FASN|ENGASE|MVD|CD276|PDLIM4|SIGIRR|GLMP|RPSA|OGFR|RPL3|TRAF3IP2|MGAT3|INTS5|ACD
REACTOME_PLATELET_CALCIUM_HOMEOSTASIS	0.014957264957265	0.205067483504509	-0.630192068205327	-1.59056380988512	83	23	SLC8A2|ATP2A1|P2RX4|ATP2B3|P2RX5|ATP2A3|TRPC3|P2RX6|ORAI1
GSE33425_CD161_HIGH_VS_INT_CD8_TCELL_DN	0.0150602409638554	0.205960080102426	0.347189825069541	1.3153857392885	49	186	MYO1F|TTK|PRKCH|CCL5|CD3G|MEMO1|TCF7|MEIG1|NABP1|CKS2|TOP2A|AMZ2|PRIM1|PSMA4|HIBCH|SC5D|POLA1|GCLM|AP3S1|OSTF1|SAR1B|BRIX1|CD96|GFI1|OTULINL|TXK|SLC35D1|DLAT|FUT8|PPA1|TMEM38B|PELI1|RFC5|BUB1|PRDX6|S100A10|SFMBT2|VMP1|OSTC|ELOVL6|RACGAP1|NEK2|NAA11|PPP2R5C|MID1|DAD1|METTL5|PCNA|CNDP2|GARS1|BZW2|GABARAPL1|LMNB1|BLM|PCLAF|SEC61G|DNAJB6|SSBP2|IDI1|GGT1|GATD3|SARAF|SSX2IP|PSAT1|PGK1|FKBP1A|KIF23|NCAPH|ABCB9|VPS26B|SPRED2|PKP4|IMPA2|CCND2|CDC6|USP3|DBI|RGS10|PPIC|TKT|SPART|SPR
GSE37301_CD4_TCELL_VS_GRANULOCYTE_MONOCYTE_PROGENITOR_DN	0.0150997150997151	0.206218966218966	0.360508019643967	1.33244276218497	52	153	FSD1L|CD83|SLAMF6|PRKCH|IFIH1|CCL5|SESN3|SGPP1|TTC8|PODNL1|TCF7|RNF43|IL18R1|FOXJ3|RFX5|ST8SIA6|AAK1|UTRN|UBASH3A|RRAS2|TRIB1|P2RX7|LDHD|GPR183|TXK|SAMD3|EHD3|EIF4E|SLC20A1|RBL1|PDE11A|LIMK1|RFX7|ENDOD1|PRMT6|SEMA4A|SMC6|NF1|IKBKE|TTC3|NOD1|GALNT10|PLSCR1|NACA
GSE2770_TGFB_AND_IL4_VS_IL4_TREATED_ACT_CD4_TCELL_2H_UP	0.0151446312282296	0.206271110269971	-0.385381113986635	-1.35379729575388	99	172	MEIS3|PLEKHN1|BCO2|CEP83-DT|RETSAT|EPB41L1|HEPACAM2|CELSR3|KRTCAP3|RENBP|IL4I1|RABAC1|TMEM63A|SNHG32|PPCDC|ATP1A3|SYT7|EXTL1|NUDT16|TRIM10|PKN3|MPG|STARD3|CRYGS|C12orf57|FHL1|GRIK5|TEX48|RSPH14|SLC25A45|TXNRD2|YPEL1|OTX1|FILIP1L|CRYZL1|ANKRD13D|HIP1R|NENF|CEL|SLC35F6|LIFR|GIT2|RCN1|NRIP3|CBX2|NNMT|PRPF6|FAT1|NUMA1|GPANK1|SIK3|CCDC28B|TYK2
GSE7852_TREG_VS_TCONV_LN_DN	0.0151446312282296	0.206271110269971	-0.386198740853737	-1.35666952016095	99	172	SLC26A11|SLC30A4|CDPF1|ENC1|FAM234B|EPB41L1|GTF2I|SNN|LYST|H2BC13|DYRK2|EEIG1|SGSH|SHLD1|IFIT2|NTRK3|PLXNA4|LBP|LRRC75B|CYP2S1|TOM1|PIK3IP1|ACP3|GNMT|HSPB9|MBOAT1|SLC16A5|GPR146|SEMA4F|LSS|SLC12A7|ICAM2|RNF32|IL17RA|GATD1|WDR13|SGK1|GRIPAP1|SLC35E3|G0S2
RIZ_ERYTHROID_DIFFERENTIATION_HBZ	0.0152742420735941	0.207754528366853	0.576449468840033	1.58837274331724	65	28	FOSB|ZNF436|NR4A2|CBX7|CBX3
BROWNE_INTERFERON_RESPONSIVE_GENES	0.0153147088522383	0.208023068279794	-0.482802730908798	-1.47549678256526	90	62	STX11|IL15|TYMP|IRF7|IFI30|PSMB9|TAP1|IFI35|IFIT2|THEMIS2|MX1|GBP2|SP100|ISG15|SP110|ZBTB20
GSE15930_STIM_VS_STIM_AND_TRICHOSTATINA_24H_CD8_T_CELL_DN	0.0153475774902197	0.208187814657872	0.347703194718348	1.31529040417222	50	184	FOSB|DNAJB2|TTK|DPF3|CD70|SGPP1|MFSD14A|CCL4|NCOA2|PSMC1|EEF1AKMT1|SMAD2|ROCK2|MXI1|UBE2N|CHPT1|NAB1|ZNF274|DDX10|LRPPRC|SP3|DCAF13|GRPEL2|INTS8|IFIT3|MSH3|COPS3|NUSAP1|SCP2|HSD17B11|FKBP10|HTR2C|OTULINL|S1PR1|VAPA|LITAF|SLC20A1|RAB5A|IL10RA|IREB2|SNX2|SEC23A|RIOX2|SEPTIN7|SEPTIN2|VMP1|RBBP4|CWC15|KMT2E|SLU7|MIX23|OGFOD2|ECPAS|TYSND1|NFU1|MBD4|TMT1A|S100PBP|ZNF638|UBE2A|SLMAP|E2F5|PEPD|FIP1L1|INPP1|IMPA1|RMND1|FKBP1A|TCEA1|WDHD1|KTN1|PDCD2|DCUN1D5
BROWNE_HCMV_INFECTION_6HR_DN	0.0156294401818699	0.208754100419067	0.367726765254249	1.34950942051564	54	145	MEIS1|DEPP1|SLC22A4|KIN|ARID5B|TLE4|ZNF44|ZNF8|NORAD|SCAF8|TSC22D2|THOC2|TJP2|LRIG2|COIL|DMTF1|BCL9|ORC2|MED21|TRIM2|S1PR1|ICA1|BICD1|GTF2H2|ANKRD28|DUSP10|TDRD3|RPE|STAU2|ZNF623|AGGF1|CDKN1B|PRR3|BACH1|KDM6A|RO60|PHF3|MTF2|NCK1|CDKN3|PRDM2|WEE1|ADORA2B|PARP4|PPP2R1B|BHLHE40|PMS2|OSR2|MDM1|SMAD5|PEX11B|CDS2|ETV1
GARGALOVIC_RESPONSE_TO_OXIDIZED_PHOSPHOLIPIDS_YELLOW_UP	0.0154313771335048	0.208754100419067	0.556314905093416	1.56635588189883	65	31	OSGIN1|ATXN7|ENTPD7|KDM7A|MACIR|NUP153|GCLM|SGMS2|MOSMO|PHLPP2|C10orf88|PPP3R1|HAPSTR1|TNPO1
GENTILE_UV_RESPONSE_CLUSTER_D5	0.0156286447399114	0.208754100419067	0.538265876479294	1.54744843461556	66	34	FGF5|NCOA3|UBE2N|PIKFYVE|DYRK1A|MPHOSPH6|ATP6V1B2|FOSL2|PKP4|ZHX3|LBR|DUSP11|MRFAP1L1|STAM|MLX|SRSF3|MAML1|PITPNB|PNO1
GSE18791_CTRL_VS_NEWCASTLE_VIRUS_DC_10H_DN	0.0156804733727811	0.208754100419067	0.352337274228543	1.32235054533436	52	173	SAMD9|AIM2|FEM1C|ENTHD1|FAM135A|IFIH1|GNA13|MX2|DHX58|SFT2D2|DTX3L|FAM107B|OTUD1|RNF138|CD80|PI4K2B|PNPT1|NSUN3|NEXN|SNAPC1|ARHGAP27|CLK1|CMPK2|IFIT3|PABIR3|LINC01138|TMEM140|IFIT1|CD274|ITIH4|IFIT5|C1GALT1|INTS12|ERO1A|TENT5A|SQOR|ARL5B|BCL2|ETV7|NAMPT|GPBP1|ACTR10|PCGF5|DERL1|MAML2|MASTL|MKLN1|GTF2B|SPG11|PLSCR1|BRIP1|PAPOLG|NEMP1|RIPK2|ISCA1|STX17
GSE21063_WT_VS_NFATC1_KO_BCELL_DN	0.0154807978565049	0.208754100419067	0.344749704995315	1.31532996863973	51	193	ERI2|CNIH1|ANGPTL4|ANLN|HIPK3|DNTTIP2|CPD|KIF20B|PI4K2B|ARHGAP11A|ZWILCH|SYPL1|SMNDC1|ARMCX6|SMC2|OLA1|IFRD1|NUP37|UTP11|SLC38A2|DDHD1|NUSAP1|MED17|PRKCI|CENPU|CKAP2L|JAK2|CRBN|SNX13|ZNF799|HUS1|CDK1|UTP3|SP1|CLIC4|ZNF25|FBXO45|NNT|BORA|RCOR3|PWWP2A|PSMA6|KDM6A|CLNS1A|ANP32B|AIMP1|CCDC90B|MAPK14|TCERG1|SLC9A5|PTPRA|LRRC40|CEP76|BRIP1|MMS22L|UBE4B|LIX1L|OSBPL3|SMC4|ECHDC1|PALB2|ZNF318|YAF2|CDC25C|RAB10|ERCC6L|GFM1|KIF2A|GPSM2|SP4|KNTC1|TBC1D12|DNAJC21|PIBF1|KTN1|SKIC3|HSPA4L|EEF1B2|NAP1L1|ZNF7|ASPM|ASF1A|CHKB|RCOR2|MARCHF3|GOT2|TMEM126A|RPS6KA5|PHF20|PCBP2|NFKB2
GSE2128_CTRL_VS_MIMETOPE_NEGATIVE_SELECTION_DP_THYMOCYTE_NOD_DN	0.0154897494305239	0.208754100419067	-0.386476901119604	-1.35324748093631	101	167	PIEZO1|ENG|KISS1R|EXT1|QSOX1|ZBTB46|UQCR10|SYNGR2|PLOD1|DYRK2|LINC01252|SLC23A3|RECQL5|HSPB1|SPINT2|STAB1|NOTCH3|COMMD1|C11orf21|MORC4|IL18BP|KCNK6|CCL26|GAL3ST4|SNRNP200|ORAI1|ZC3H3|RNF181|STK11|JUNB|SLX4|NISCH|TNFRSF10A-DT|EPOP|NDUFC2|MCRIP2|TBC1D17|TMEM250|BORCS5|ZER1|NFE2|BLTP2|APEX2|LMNB2|MINK1|APOL4|UBE2M|POLRMT|FAM50A|CCDC137|CPT1A|HIP1|AP2M1|PPP1R9B|KMT2D|SLC4A7|PDE1A|TTLL12|MFHAS1|CBX6|CDC42BPB|CDK5|MAOA|AIFM1
GSE26030_TH1_VS_TH17_RESTIMULATED_DAY15_POST_POLARIZATION_DN	0.0155572176514585	0.208754100419067	-0.377084220333189	-1.33864518816617	103	188	COX6B2|COX8A|QSOX1|TMEM134|RNF5|HBB|PTRHD1|RABAC1|UQCR10|TNFRSF21|TECR|RGS3|COPE|NDUFA11|IFI27L2|CHD4|FAU|ATP6V1F|HIGD2A|CABIN1|ACP6|ADPRM|RPL38|DNAJC17|CTSA|DCXR|ATOX1|LYL1|POLR2E|MAP7D1|MBD3|DGKA|KCTD10|DUSP7|FAM98C|ITGB1|DAPK3|SIVA1|SSR4|IFNGR1|PPP6R1|RRP7A|STUB1|MED11|RAB2A|NDUFA7|NCBP2AS2|S100A6|MRPL4|POLR3GL|CLK3|PSMD9|EIF4G1|ALAS2|RBM6|SAMD1|DYNLT1|MYO1C|TCF25|ACIN1|CDK5|CYTH2|RXRA|UBE2S|USE1|RPL23A|EIF4A3|RPL41|SPI1|TUBB4B|PSMB7|VAMP8
GSE30962_PRIMARY_VS_SECONDARY_ACUTE_LCMV_INF_CD8_TCELL_UP	0.0155735250074873	0.208754100419067	0.346087352749619	1.31630344738264	51	190	VAV2|TTK|PARPBP|SGO2|MEMO1|PLK4|SCN2A|STT3B|TCF7|CKS2|MNS1|GNAI3|TOP2A|KALRN|KIF20B|MTHFD2|CCNA2|KNL1|ARHGAP11A|PALS2|SMC2|GINS1|NDC80|KPNA2|ARL1|NEIL3|NUSAP1|RCBTB2|XCL1|GALNS|CKAP2L|ERO1A|EIF3C|TAF1|RRM2|DBF4|BUB1|RRM1|CLTC|MIS18BP1|C4orf46|STMN1|DSCC1|WAS|NEK2|SNRNP35|STIL|IPO11|BRIP1|ESCO2|SHCBP1|NCAPG2|CENPE|PCLAF|HJURP|CCNB2|XRCC2|ERCC6L|BUB1B|EXO1|ASAP1|PSAT1|HROB|DLGAP5|KIF23|MELK|NCAPH|NCAPD2|HMGB2
GSE36891_POLYIC_TLR3_VS_PAM_TLR2_STIM_PERITONEAL_MACROPHAGE_DN	0.0156687185226637	0.208754100419067	0.369536616448695	1.34937862209026	55	138	ZC2HC1A|DPYSL2|AGA|BLZF1|CLN5|DNAJC24|KLF10|EIF4E3|PRIM1|NOL11|MRTFB|MYCBP|CHPT1|SH3BGRL2|RAB11A|MFSD1|UTP11|BRIX1|IGSF10|PAK3|MRPL15|RIOK2|UBE2E3|SKAP2|RBM43|MORF4L2|ZDHHC20|ZDHHC2|YARS2|RAB28|BMPR1A|TRAFD1|HYCC2|BIVM|PSMC2|TMEM126B|CLOCK|AGPAT5|PSIP1|FAM118B|ECHDC1|EIF4B|E2F5|ACOT13|STAMBP|ZC3H14|RRN3|MPDZ|RAB9A|ALG5|CCZ1|YWHAB|MRPL35|MTA3|TMEM126A|CRTAP|NUCB2|WDR41|PFDN1|IDS|THYN1
GSE37301_MULTIPOTENT_PROGENITOR_VS_PRO_BCELL_DN	0.0156804733727811	0.208754100419067	0.351675970838284	1.31986861974005	52	173	STAP1|SERINC5|EGR3|CD69|COPS2|ABCC3|DNASE1L1|TMEM64|CNNM2|RBM11|MLF1|BCAP29|AFF4|GLUD1|PTGS1|KDSR|PIK3CA|PLCL1|CD80|DUSP22|SYPL1|FBXO30|MXI1|SORBS1|DDHD2|ERCC6|ARHGAP27|FNIP2|ETV5|PDE8A|RAB11A|AGPS|ABLIM3|RASSF6|KIT|ATP8A1|TDRD3|RAB5A|CTNND1|IL10RA|PHTF2|RDH11|ERC1|MOB1B|VRK1|ARRDC4|TPP1|GALNT1|CEP170|GGH|PTAFR|FUCA2|PIGX|BMP2K|HMGCS1|ADARB1|RAB1A
GSE6674_UNSTIM_VS_ANTI_IGM_STIM_BCELL_DN	0.015637594712236	0.208754100419067	-0.447310265770472	-1.44995703102002	96	90	ANKEF1|CD14|IRF7|MELTF|IFITM1|LMOD1|PBLD|EPPK1|PANX2|SGIP1|ATP2B3|KRT73|SPMAP2L|LRRC75B|HRC|KDF1|DCN|IL1B|TMEM184A|CHRM4|BAHCC1
GSE9946_IMMATURE_VS_MATURE_STIMULATORY_DC_DN	0.0154340836012862	0.208754100419067	-0.443680286920326	-1.442483009248	95	92	ANPEP|GNG8|EPM2A|ACE|FAM178B|KREMEN2|RTKN|KHDRBS3|MYO16|PBLD|KCNC3|PTH2|ARL9|CTHRC1|TPD52
REACTOME_DISEASES_OF_METABOLISM	0.0156781541192131	0.208754100419067	-0.369969943961772	-1.32788583392764	105	207	GAA|IDUA|TCN2|EPM2A|SPON2|CUBN|CYP19A1|EXT1|DPM3|ADAMTS14|SRD5A3|MOGS|ADAMTS4|SGSH|MAN1B1|ADAMTSL4|MUC5B|UBA52|GPC1|UBB|HSPG2|B3GAT3|DCN|FDXR|NCAN|NOTCH3|MUC1|FDX2|ALG9|TBXAS1|POMT1|CTSA|DCXR|B4GALT7|AGRN|HEXA|ALG3|SDC4|GALE|GPC2|SLC37A4|GNS|ALG12
REN_BOUND_BY_E2F	0.0155709342560554	0.208754100419067	0.465212937082408	1.49304859208923	62	60	TTK|TOP2A|RFC4|H2BC21|CCNA2|MSH2|SMC2|POLA1|NDC80|MAD2L1|RBL1|CDK1|DBF4|RRM1|CDK2|RB1|SUPT4H1|HMGB1|PCNA|SMC4|HLTF|BUB3|CENPE|RFC3|H2AC6
FIGUEROA_AML_METHYLATION_CLUSTER_1_DN	0.0158977017452912	0.208904270958987	-0.539254831569037	-1.52858373943449	91	40	DNM1P35|H2AC11|RUFY1|CD48|CCDC9B|TSC1|PRF1|RPS18|PPARD|ENTPD6|SLC35E3|VPS52|KDM4B|SLC25A42|MED25
GSE13887_HEALTHY_VS_LUPUS_RESTING_CD4_TCELL_DN	0.0157565878837272	0.208904270958987	0.389636592795871	1.37864370425073	57	111	SLAMF6|AGA|RNF11|CCNG1|FXYD7|PDIK1L|KPNA3|DARS1|FGGY|BCAP29|NOL11|RFX5|ABCE1|GDI2|UBE2N|CIBAR1|SNAI3|NRBP2|ERP44|CBFB|NUSAP1|SPAM1|CALD1|TCAF1|NAA25|FGD6|NEK1|BIVM|PPP2CA|CLPX|ARHGAP5|CEP170|GGH|GNL2|MFSD6|DSTN|CCDC150|CEP192|PPM1E|NCKIPSD|PPP1R15B|CCZ1|VSIG10L|HAUS6|MTFR1
GSE15324_ELF4_KO_VS_WT_ACTIVATED_CD8_TCELL_UP	0.0159831121833534	0.208904270958987	0.344450288115625	1.30539889061024	52	187	MEX3C|ARMCX1|FAM135A|TRAPPC8|HLA-B|GPRASP2|EIF2A|TRIM23|EGLN3|CMTM6|ERI2|GNB4|XPR1|YES1|DUSP22|HYCC1|RNF103|CRYZ|PIKFYVE|ARMCX6|CBX3|HARBI1|PPIP5K1|EPS15|AP3S1|DCAF6|MYOM2|GPRASP3|ARL3|ELL2|ALDH9A1|CEP97|CDC14B|SKAP2|PCCA|CRBN|CCNH|NUBPL|SCAPER|RBPJ|FAM91A1|ZCCHC10|PEX13|KRR1|ARMC1|BAG4|SEC23A|SMIM30|MLLT11|RLF|ACAT1|RPRD1A|CYRIB|UBQLN1|MAPK9
GSE16385_UNTREATED_VS_12H_ROSIGLITAZONE_IL4_TREATED_MACROPHAGE_DN	0.0158590308370044	0.208904270958987	0.352690578809618	1.32224156938756	53	171	PIGA|EFCAB12|GPR85|PREX2|ANKRD13C|NMD3|INSIG2|SWT1|EIF3E|FAM76B|LONRF2|GNAQ|ZNF8|XPR1|PPP1CC|AP1S2|FANCB|TNFAIP8|BCLAF3|AAK1|CIBAR1|NAB1|HPRT1|MED13|NEIL3|RPF2|PEAR1|RTRAF|GATA6|TXNDC9|GNG10|RAP2C|TLR5|SCAPER|PIGH|RAPH1|EBAG9|WDR11|SELENOF|SNW1|PSMA2|OSTC|CR1L|TMX1|MFAP3L|MRPS33|QDPR|TAF4B|TMOD2|ALDH1A2|CHRAC1|CWF19L2|PSMD14|CFAP97|ZNF638|STARD7|MYCBP2|LRR1
GSE17301_CTRL_VS_48H_ACD3_ACD28_IFNA5_STIM_CD8_TCELL_DN	0.0158920539730135	0.208904270958987	0.346301455699671	1.31580699188268	52	189	PITPNC1|FEM1C|LNX2|AKTIP|ARRDC3|CCNG2|TGFBR2|ABTB1|EIF2AK3|SFT2D2|SOCS6|PDE3B|CNNM2|LRBA|PARS2|DHX40|PBK|FBXL8|CUL4B|PEAK1|CCNA2|CRYBG3|BCLAF3|TSPAN13|FNIP2|CLK1|MPHOSPH9|PMS1|RCBTB2|S1PR1|PLXNC1|SLC40A1|CDK17|CKAP2L|TCEAL9|KLHL8|RBL1|TYMS|CEP44|TDP2|PELI1|PCYOX1|CASP3|STMN1|PHF3|CENPI|NEK2|ING2|CD93|STIL|PTPRA|PCNA|ZFYVE1|PSIP1|MBD4|RAB6B|GYG1|IQGAP3|NCAPG2|PMS2|CLASP2|VSIG10|HJURP|SH3GLB1|INPP4A|FUT11|SP4|GOT1|SSX2IP|WDHD1|KIF23|ARHGAP25|BCL2L11|CDK19|NCAPD2|TXNIP|STOM
GSE17721_0.5H_VS_4H_POLYIC_BMDC_DN	0.0159494432741499	0.208904270958987	0.347263009696378	1.31362527384195	52	184	DOP1B|DHX58|MS4A6A|CCL2|USP25|DCLRE1A|ST3GAL5|ZNF436|SOCS6|CLDND1|GCC1|HIPK3|MOSPD2|CUL4B|PSMA4|LZTFL1|UBE2N|WASHC4|DRAM2|OSTF1|PLPP3|MYT1|RSAD2|ABR|RPS6KA2|PHETA2|UBE2E3|USP8|RBM43|SERTAD1|ZDHHC20|WASHC3|CPSF2|RPE|VRK2|CNOT2|NAMPT|ENDOD1|IREB2|PEX13|PDE7A|BFAR|ATE1|NEU3|NET1|CYBB|LMBRD1|CCNT2|MAN1A2|ZDHHC5|MTF2|BNIP2|C6orf62|KBTBD2|FBXW11|ETF1|EFR3A|PCNA|RTCA|USO1|NIPA2|PARP4|CKAP5|RAB31|STAU1|HELZ2
GSE22886_NAIVE_CD4_TCELL_VS_NKCELL_UP	0.0159163256025466	0.208904270958987	-0.384634783154416	-1.34999299602075	104	171	TNS2|FAM171A1|SEC31B|LYPD3|ZNF467|LZTS3|PBXIP1|FLT3LG|PEMT|KCNC3|TSPYL2|IZUMO4|SEMA3B|DAGLA|ZNF580|ZNF771|LRCH4|TOM1|HSPB1|GAS2L1|RGS14|MACROH2A2|RSPH14|EPHB6|MORC4|THAP7|ID3|BCAT2|SNU13|CAD|TRMT1|DGKA|GPSM3|PLK3|MAP4K2|JUNB|IL23A|RAB40C|GNB5|MALT1|PIDD1|PAFAH1B3|NOSIP|SF3A2|INF2|HBZ|NOL6|PLEKHM2|STMN3|TAF6|CHMP7
GSE25088_CTRL_VS_IL4_STIM_STAT6_KO_MACROPHAGE_DN	0.0159404888416578	0.208904270958987	-0.386017585834102	-1.34858783726555	104	162	TGFB1I1|MXD3|FES|PLEKHN1|PAK1|YJEFN3|BSCL2|FZD7|MCF2L2|SPSB2|CPEB3|EVI5L|METRN|KCNC3|SLC12A4|TSPAN4|DBP|MYPOP|SERPINH1|TRIM46|NAPSA|COMTD1|TTLL1|KCNJ15|ACP6|TMEM161A|GNA11|MACROD1|PRORP|TXNDC15|DHRS3|B4GALT7|C19orf81|HEXA|TAB1|OXLD1|MRPL2|MANEAL|ARMC6|REXO5
GSE7460_TREG_VS_TCONV_ACT_UP	0.0159590484793737	0.208904270958987	0.348797643417781	1.31775118628707	52	183	MYL9|SNX16|MYO3B|CD69|FAM135A|YOD1|ANKRD13C|RUNX2|UBLCP1|CLDND1|NABP1|FAM174A|CEP162|ZBTB18|CPD|MARCHF5|EGR1|ERBIN|TAB2|CALN1|ZFYVE16|ARMCX5|SLC44A1|ATL3|PROS1|SKIL|LMO7|ATG10|SAR1B|QNG1|NIPAL1|TOX|CDKL2|CD274|SLC35D1|PHTF2|TGFBR1|PPIG|DDX5|SCIN|TRAPPC2|ATP11A|GPBP1|CNKSR3|MYB|RABGAP1L|IFTAP|BECN1|SEC24A|HMGN3|CHUK|RB1|TUBGCP4|GOLM2|GGH|PIGX|SLC9A5|PHIP|TEAD1|PLSCR1|PRDM2|CHORDC1|CDC73|TRMO|REEP3
GSE8621_LPS_PRIMED_UNSTIM_VS_LPS_PRIMED_AND_LPS_STIM_MACROPHAGE_DN	0.0159638554216867	0.208904270958987	0.345782219070349	1.31005279251362	52	186	MTMR6|KBTBD8|DCK|RPGRIP1|TM6SF1|RAD54B|ZNF367|LONRF1|ATG4A|CEP128|STT3B|ANGPTL4|S1PR2|FASTKD1|SCFD2|CIP2A|SH3BGRL|SACS|RIF1|ZDHHC21|ATP1B1|NKRF|HSPA4|MPHOSPH9|RP2|IBTK|CCNC|SCP2|PXYLP1|OTULINL|MCC|TIGAR|CASP8AP2|TXNDC9|GNG10|VAPA|FASTKD3|IRAK4|ZBTB34|DONSON|SCIN|ZNF654|NDUFA5|ENDOD1|MTMR4|RNPC3|ACLY|KRR1|DRAM1|AKIRIN1|MIS18BP1|TRNT1|POPDC3|MASTL|ZDHHC5|MTMR2|C6orf62|FUCA2|ANAPC10|AGPAT5|FAM111A|SFXN2|PLCB1|SRSF1|RAB1A|ESCO2|BLM|SRPK1|LTA4H|TCAIM|ERCC6L|ZBTB11|TBC1D15|ACTR6|MRPL33|OSBPL2|DEPDC1|BLTP3A|MRPS9|OFD1|TAOK1
KANG_DOXORUBICIN_RESISTANCE_DN	0.0157374100719424	0.208904270958987	0.654187595293672	1.64073626897884	69	19	NCOA3|TMEM106B|WASHC4|NFAT5|PCYOX1|CLIC4|PTP4A2|ASXL2|RB1CC1|PSAT1
LIN_APC_TARGETS	0.015838612870957	0.208904270958987	-0.477164287069323	-1.47309467962494	94	65	SCN5A|L1CAM|IFITM1|ACAP1|CCND1|PRKCSH|SH2B2|PKP3|POLR2E|SCAP|SORBS3|MAP3K11|SLC1A5|AGRN|SEC61A1|ALG3|TELO2|NSMF|HMG20B|POLR2A|GIPC1|ATP6V0A1|LMNA|NOP53|TPRA1|LY6E|GNA12|BCAP31|CYB5R3|ACTN4|UBA1|GET4|DOK1|SF3A1|HSPE1
REACTOME_GLYCOSAMINOGLYCAN_METABOLISM	0.0159784844170226	0.208904270958987	-0.421949658942061	-1.40711784724567	100	111	IDUA|NDST2|GLB1L3|EXT1|GLB1L2|SLC9A1|CHST12|B3GAT1|SGSH|HAS1|GPC1|HS6ST1|B3GNT4|HSPG2|B3GAT3|DCN|NCAN|CSGALNACT2|B4GALT7|AGRN|HYAL3|HEXA|SDC4|SLC35D2|NDST1|GPC2|GNS|B4GALT2|XYLT2|HS3ST3A1|CHPF2
REACTOME_METALLOPROTEASE_DUBS	0.015748031496063	0.208904270958987	-0.577268675046186	-1.56551159940402	89	32	H2AC13|H2AC20|H2AC7|H2AC8|H2AC11|H2AC15|H2AC16|UBA52|UBB|BABAM1|H2AC12|H2AC25
CERVERA_SDHB_TARGETS_1_DN	0.0160805796077045	0.209006889335974	-0.608734017664662	-1.58039851976773	90	26	A1BG|NINJ2-AS1|PPFIBP2|CPS1|HSPA1A|TMC8|ITPR2
GSE23308_CTRL_VS_CORTICOSTERONE_TREATED_MACROPHAGE_MINERALCORTICOID_REC_KO_DN	0.0160523186682521	0.209006889335974	0.341408575119169	1.30436223602591	53	194	TRAPPC2B|MTMR6|RYR1|HLA-B|STT3B|RAB29|PPT1|NBN|ERBIN|DOCK7|AP1S2|MEF2C|RAB23|PALS2|MXI1|CBX7|RNF115|SIAH2|CMPK2|MSANTD2|IDH1|RBM7|RTRAF|HOMER1|CNOT7|PLPP3|SGCB|CHAC2|SCFD1|DLAT|ATP5F1C|TSTD2|LIN9|TMED5|MTCP1|IL10RA|WDR36|PHTF2|CELF2|PYGL|CASP3|HBS1L|ENDOD1|SNRPB2|MOB1B|SEC23A|SMIM30|HMGN3|ARRDC4|CHUK|RIDA|CWC15|CAV2|CLIP1|GTF2B|COX15|IVNS1ABP|NGLY1|FBXW11|ABCB7|ZC3H15|METTL5|MFSD6|STK4|ITCH|RIPK2|B3GALNT1|TRAM1|NCAPG2
GSE25890_CTRL_VS_IL33_IL7_TREATED_NUOCYTES_DN	0.0161290322580645	0.209006889335974	0.345364351477831	1.31614366055096	53	192	PRNP|GPR137B|UBTD2|MRPL1|TRAPPC8|STRADB|PDIK1L|KIF18A|NBN|DDX19B|RIMOC1|ORC4|LEO1|RINT1|ROCK2|LIPT2|ERCC6|CCP110|GCLM|BTBD9|RBM7|RBM4B|NUP133|HNRNPH2|NUAK2|RPS27L|LRRC8C|SLC25A3|UFM1|LIN9|UBE2E1|CSRP1|CNOT2|SEPSECS|TMEM70|MYB|CACUL1|DNAJB11|KIDINS220|CA2|TUBGCP4|SUCLG1|TTLL4|C6orf62|TAF4B|ARFGEF1|PSIP1|WEE1|CDC5L|ACTR8|PPP2R1B|VPS37A|PSMC5|CENPJ|E2F5|ZZZ3|ZC3H7A|STK38|PAIP1|RASA2|CPEB4|RPS6KA3|ARHGAP25|FEN1|GPATCH8|GTF3C6|MTFR1|YTHDC2|ZEB2|RNGTT|NDUFS4|DCAF10|PHF20|RBM18|ZNF655|ARPC1A|CASP6|CDR2|SIRT1|SSR3
GSE27896_HDAC6_KO_VS_WT_TREG_UP	0.01609599063506	0.209006889335974	0.356062247031521	1.32986884313949	54	167	MIER3|DLX4|PTPN6|HECW2|MEX3C|PRKCH|ATXN7|ATG16L2|KAT2B|CCL4|TCF7|RHBDL1|P3H4|KDM7A|XPR1|PEAK1|ETV3|SPRY2|SCAF8|THOC2|UTRN|WDR26|ATP1B1|XPO7|VAV1|HOMER1|GFI1|TOX|MED17|LDHB|GOLGA4|PDE11A|NSUN4|SNX25|MYB|FAR1|ZSWIM4|ABI1|GABPA|PAPOLA|KMT2E|CREB1|TUBGCP4|PUM1|EFL1|IVNS1ABP|PTPRA|SPRED1
GSE33162_HDAC3_KO_VS_HDAC3_KO_MACROPHAGE_UP	0.0161387631975867	0.209006889335974	-0.382267415353839	-1.3452852428371	106	174	IL21R|CCR7|ZDHHC12|TAP1|TPBG|VILL|HOOK2|TRAIP|MOGS|IFI35|NAA38|LONP1|RPS9|IFI27L2|LGALS3BP|STARD3|NME3|PSMG4|RBM38|BCL9L|GBP2|PSMB5|POLR2E|ANKS3|FBXW9|SMG6|ENDOG|AGRN|CDCP1|RAB40C|MAPK8IP1|TAPBP|GRINA|PTCD2|OAS3|CMTR1|ZNF764|LMNA|PRPF6|GNB1L|TXNDC11|PARP12|IRF9|STUB1|RNASET2|ZMIZ2|SUPT6H|GPANK1|SRRT|ELAC2|SPHK2|TNFAIP2|CAVIN1|PSMC3|SLC22A5|TUBA3C
GSE7852_THYMUS_VS_FAT_TREG_UP	0.0161290322580645	0.209006889335974	0.344618613448801	1.31330173904071	53	192	DCK|EFCAB7|ZNF43|CETN3|ITGB3BP|TCF7|BRMS1L|DTX3L|SMARCAD1|RMDN1|ST8SIA6|ABCD3|HPRT1|AP3M1|MRPL39|BCAS2|ZNF512|COIL|MTCH2|MRPL50|TXK|DNAI4|HYPK|DPH6|GUF1|UFM1|KLHDC2|PSMG2|SFXN4|PAPSS1|ZNF799|CCNH|SLC25A14|PPHLN1|EXOC6|CNOT2|BCL2|NUBPL|RFX7|FAM91A1|IREB2|PIGC|ARMC1|NNT|MLLT11|RFESD|RPRD1A|SEPHS1|ZBTB9|PSMA2|PSMA6|CD47|OSTC|MTF2|TTLL4|SEC23IP|GOLM2|PIGX|AGO1|SMC4|ZDHHC16|ATP5PB|ATF1|ADH5|RDH14|POLR3G|ANKMY2|ICE2|TCEANC|DIMT1|DRG1|TRMT6|SCAI|PHF10|ACTR6
MARSON_FOXP3_TARGETS_STIMULATED_UP	0.0160851835070231	0.209006889335974	0.621965086753968	1.5985970917071	70	21	LPXN|JAK2|ADAM10|ANXA1
TAKEDA_TARGETS_OF_NUP98_HOXA9_FUSION_6HR_UP	0.0161575359757637	0.209006889335974	0.432759424457989	1.43380748978743	63	72	CD69|SCN2A|SERPINI1|TEX15|NRG4|PLCL1|MACIR|DMXL2|GAS2L3|TSPAN12|TOX|PLA2G4A|HOXA5|SLCO4C1|XCL1|INPP4B|SLC25A36|NME7|CA8|S100A10|SPRED1|STK4|CEP70
GSE21033_CTRL_VS_POLYIC_STIM_DC_12H_DN	0.016191904047976	0.209181895538717	0.344250496172218	1.30801416617584	53	189	PELI2|CAMSAP2|TMCC1|SFT2D2|TMEM209|STRAP|PLD1|HDAC2|ME1|HIC1|ZNF518A|CCDC68|LDHA|MT1X|H2BC21|SERGEF|MXI1|ZFYVE16|CEP135|SP3|GCLM|IFRD1|FAM13B|SAGE1|UTP11|GMPS|LINC01278|BRIX1|KIF25-AS1|RCBTB2|TAPBPL|DOCK10|SPP1|RUNDC3B|KIT|GNG10|SOS2|SUPV3L1|UBE2W|RBPJ|MTRR|TSG101|TTC33|HEATR1|PPP3R1|CITED2|PHF3|CHD1|MKLN1|MFAP3L|GPD1L|OPN3|EFR3A|ADORA2B|SRPRB|AMFR|RAB4A|NUP54|CEP70|TRIM16|NCAPG2|KPNA1|ATP6V1C1|TMX4|LAPTM4A|AKAP10|ZSCAN31|TSPAN3|SLC35B1|SOS1|PRMT5|WDR43|PGK1|PAIP1|DNAJC3|MAP2K1|TERF1|ASF1A|INTS9|MTPAP|ABI2|PNRC2|PRCC|G3BP1|ING3|TUBGCP3
GSE18804_BRAIN_VS_COLON_TUMORAL_MACROPHAGE_UP	0.0162393162393162	0.209255784865541	0.359315466344472	1.32803506824795	56	153	MYL9|SAMD5|MPP3|PIGA|EGR3|TMOD4|CD70|CCDC7|ASB9|DHX40|OTUD1|AP1S2|ZNF468|ETV3|KIF3C|CALB1|ARMCX5|SAAL1|C3orf38|CBFB|AGK|PRTFDC1|PRRG1|KCNS3|MYT1|S1PR3|SYTL5|TAC1|GPNMB|ITGB2-AS1|SH2D4B|TMEM178B|NATD1|WDR36|DDX60L|NDUFA5|ERC1|BECN1|KDM6A|PSMC2|PUDP|LPCAT2|PTAFR|FAM111A|POLR3F|CHMP1B|TBC1D23|B3GALNT1|TMCO3|RFC3|PNPLA8|TRMT10C|IFT20|PEX11B|MAPRE1|NPRL2|SLC35A5
GSE37605_C57BL6_VS_NOD_FOXP3_IRES_GFP_TCONV_UP	0.0162355531095212	0.209255784865541	0.377368313650665	1.35675907564926	58	124	MYO3B|IGSF9|UAP1L1|DCLRE1A|CNNM2|KIF18A|MTREX|ME1|EXPH5|MRTFB|TNFSF13B|ABCD3|WDR35|POLA1|SLIT1|AGBL1|ASNSD1|TCEAL9|TMEM38B|INPP5F|TGFBR1|SCIN|B3GNT2|WDR11|PPFIBP1|SCAMP1|PDE7A|FGD6|NF1|INPP5B|OPN3|IL13RA1|ADARB1|GLT8D1|PEX2|PAPPA|GABARAPL1|REEP3|IMMP2L|SYNJ1|GHITM
GSE17721_LPS_VS_PAM3CSK4_2H_BMDC_UP	0.0163107947805457	0.209907382060407	0.349815160689006	1.31558449906548	54	175	TSLP|DCK|IFIH1|GPR85|KCTD12|RGS2|CCL2|MANSC1|CCL4|EGLN3|RNF2|CLDND1|NABP1|ARID5B|TOP2A|HEMGN|SCG2|CCRL2|HDAC2|KDM7A|CD80|PEAK1|CRLF3|CHPT1|SH3BGRL2|C3orf38|IFIT3|HK2|DRAM2|TTC39C|PAX7|CD274|CATSPERG|BICD1|USP47|INTS12|HBEGF|PELI1|AHCTF1|AFTPH|ATAD1|SECISBP2L|ARL4A|MTMR2|KBTBD2|MRPL3
SABATES_COLORECTAL_ADENOMA_DN	0.0163495838287753	0.210137160657165	0.340452260965324	1.30070860762007	54	194	MEIS1|STAP1|ZNF483|CLDN23|CD36|KCTD12|CCL5|CPNE8|SLC22A4|CNNM2|SCG2|USP2|GCNT2|AKAP12|FCRLA|MFSD4A|TMEM140|ZBTB16|IL6R|DOCK10|TEX11|DSEL|BRINP3|WNT2B|GPNMB|RUNDC3B|PPY|ZNF536|FBLN1|CR2|SLC4A4|NRXN1
REACTOME_AMYLOID_FIBER_FORMATION	0.0165461847389558	0.212392074692632	-0.449677799375689	-1.45047804373234	102	86	H4C4|H2AC20|H2AC7|APOA1|H2AC8|TSPAN5|H2BC13|H2BC17|H4C11|APOE|GGA1|H4C3|UBA52|H3C12|H4C14|APH1B|UBB|HSPG2|H3C13|H4C2|NCSTN|H2BC5|CST3
GSE9960_HEALTHY_VS_GRAM_NEG_SEPSIS_PBMC_DN	0.0165812481157673	0.212570330250411	0.34827077810308	1.31332114546497	54	181	CXCL8|BATF|CD44|PLEKHM3|IFIH1|BMAL2|LONRF1|CLN5|RFFL|ACOX3|EGLN3|CMTM6|CLDND1|NABP1|EAF1|ARL8B|TXNL1|ETV3|FMNL3|PSMA1|TNFAIP8|CYP27B1|YIPF6|SLC44A1|WBP4|IFRD1|PLGRKT|WTAP|RANBP9|SLAMF7|ELL2|RAP1B|APOO|SLC20A1|ERO1A|UGP2|SOCS2|ACSL1|VRK2|CLIC4|TARS1|ACLY|PTPN12|DRAM1|PSMA2|PPP1R16B|IKBKE|LYRM1|CHMP5|MFSD14B|MKLN1|P4HA1|DCUN1D1|NDE1|PSMD14|ITCH|LMNB1|SLC39A8|BTG1|FBRS|PNRC1|BTG3|CDS2|SP4|TSPAN3
GSE11961_FOLLICULAR_BCELL_VS_GERMINAL_CENTER_BCELL_DAY7_UP	0.0167714884696017	0.213142352737763	0.343667073590575	1.30709819392461	55	190	AJUBA|TCEAL1|SENP8|AKTIP|CD44|AGO4|FOXO1|PDK1|SESN3|EIF2AK3|TRIM23|NEDD4|HS2ST1|DHX40|RWDD2A|EIF4E3|XPR1|GDI2|TNFAIP8|PRPH|SC5D|NCAPG|HARBI1|WDR44|PPP2R5E|LMO7|PLA2G4A|DKK3|RPS6KA2|BEST1|PRKCI|TMED7|KLHDC2|ZDHHC20|SQOR|PPA2|SLC25A32|EIF1B|VRK2|PHTF2|MRPS35|CNOT2|TRMT11|WDR11|FAM3C|ADAM10|SNAPC5|MKRN3|GNL2|LRRC40|CFAP298|ZNF638|CEP70|RDH14|GIN1|POLR3G|CHM|PABPC1|ACOT13|EHBP1|CAST|PALS1|BTG3|PEX11B|FUT11|ERCC4|ORMDL1
GSE19401_PAM2CSK4_VS_RETINOIC_ACID_STIM_FOLLICULAR_DC_UP	0.0167714884696017	0.213142352737763	0.343773336101822	1.30750235116634	55	190	MTMR6|C10orf95|ZNF573|ZNF410|PANK3|RAB29|ADPRH|RNF138|RMDN1|RCHY1|NPM1|MTHFD2|MMADHC|PPM1A|SORBS1|SLC44A1|ECT2|ETV5|PICALM|WBP4|RNF6|MPHOSPH9|IDH1|ZDHHC6|TCP1|FBXO24|TMEM140|SLC4A3|TSPAN12|RAD23B|GNG10|SRP9|RRP15|CCDC121|CTNND1|UBE2E1|GRK5|TDP2|WIPF1|COPS5|UBE2W|FRG1|ETFDH|TRAPPC2|PVR|ACTL6A|ARMT1|KIF15|TRAFD1|CYRIB|MINPP1|HOXB7|PAPOLA|PUM2|RACGAP1|CENPI|NR5A2|CTNNB1|ZKSCAN5|CYB5B|RAD21|HMGCS1|PCNA|NDE1|MRGBP|ZNF264|PCLAF|ATM|PEX11B|XRCC2|TRAPPC13|IL18|RMND1|ABHD18|SUMO2|PSAT1|KIF23|SLC13A3|HMGB2|CCDC69|YTHDC2|SETD6|ZNF248|SECISBP2|LRIF1|GMCL1|IMPA2|RPS6KA5
GSE22432_MULTIPOTENT_VS_COMMON_DC_PROGENITOR_UP	0.0167714884696017	0.213142352737763	0.344533255175356	1.31039261597456	55	190	KDM4D|MPP3|TM6SF1|MEMO1|SOCS6|STRAP|GNAI3|BCAP29|MOB3B|DDX19B|PRIM1|KIF20B|CCNA2|KNL1|GLE1|TFB2M|PSMA1|ZWILCH|LIPT1|GNPAT|RIF1|IPMK|NUP133|SH3PXD2B|SGK2|MRPL15|HYPK|PRKCI|MRPS31|PHTF2|DDX18|CMPK1|TARS1|ZCCHC10|NIP7|C1D|HEATR1|SLC36A4|SEPTIN7|ZMPSTE24|CLNS1A|POPDC3|GOLGA7|RAB14|MPHOSPH10|JAGN1|TYSND1|NFU1|GARS1|HACD1|LTV1|DDX20|BUB3|CORO1C|MTX2|VAPB|RPAP2|NDUFAF2|WASHC2A|GFM1|RAD51AP1|PHF10|KNTC1|RRN3|RAP1GDS1|SLC25A17|SLC36A1|FYTTD1|ALG5|ATXN3|MRPS9|RPS6KA3|IMMT|RAD17|CCDC47|HCCS
GSE22886_NAIVE_CD4_TCELL_VS_NKCELL_DN	0.0167714884696017	0.213142352737763	0.343109836224992	1.30497880568491	55	190	PIGB|TM6SF1|PPP1R3D|SLC27A3|C5orf15|VPS26A|KPNA3|CPD|YES1|DUSP22|ZWILCH|THOC2|PRKAR1A|ZFYVE16|NUP107|TCF12|ZNF12|RRAS2|RNF115|FAM13B|IDH1|UTP11|AP5M1|MRPS22|NUP133|TAPBPL|TOX|XCL1|LAT2|TXNDC9|RAD23B|LARP7|USP8|RAB5A|STAU2|WIPF1|GTF2E1|ZDHHC17|UBE2W|ARHGEF12|RFX7|CLTC|C17orf75|TOR1B|ATG12|SECISBP2L|ZMPSTE24|BIRC2|TIPRL|STX7|TNPO1|NRF1|PSME4|PTPRC|DCUN1D1|SUCLA2|INTS6|ATP6V1A|ACTR8|RSF1|VPS4B|ZNF264|HLTF|ITCH|ZFAND6|BLM|TMEM87A|PHF21A|MED8|COPB1|SMAD5|COPB2|STAMBP|INPP1|GALNT7
GSE7460_CTRL_VS_TGFB_TREATED_ACT_TCONV_UP	0.0167696381288614	0.213142352737763	0.350077076381535	1.31359059578822	56	172	RGS5|ENKUR|GPR137B|CD44|DYNC2LI1|C2CD5|IL12RB2|KCTD12|ARHGAP28|WDSUB1|GNG12|EIF2AK3|TMEM51|PDIK1L|ANKRD27|ANGPTL4|HEMGN|NAAA|MOB3B|MRTFB|C3orf38|XPO7|EPS15|PLXND1|GCC2|SYT3|FPR3|RUNDC3B|SYTL2|GNAL|KIF3A|MYO6|PRR16|NFE2L2|SLC30A7|SEMA4A|SHISA4|FBXO33|ANXA1|HNRNPA1|GGH|NGLY1|PRR11|PRXL2A|NUFIP2|MFSD6|RAB31|CENPE|GHITM|FZD5
GSE9006_HEALTHY_VS_TYPE_2_DIABETES_PBMC_AT_DX_UP	0.0166790766939687	0.213142352737763	-0.371667747613986	-1.32724414736817	111	199	GZMM|IDUA|XAB2|PDLIM2|RPLP2|LPCAT4|NDUFB8|SLC52A2|TMED9|REX1BD|PRPF31|ATP5ME|SAC3D1|ZNF580|AURKAIP1|STARD3|NDUFS8|FBXL15|NAA60|LTBP4|FBXO41|POLR2E|RNPS1|PSMB10|CAPN15|WDR18|MFSD10|THOC6|DEAF1|UCP2|NSMF|PFDN2|NDUFC1|HMG20B|ARHGEF1|ID2|CCDC85B|SF3A2|ERP29|SMARCD2|ATP5F1D|MINK1|CD81|SAFB|HNRNPM|SERPINF1|STK25|ZNF512B|RBCK1|ILVBL|SH3GLB2|PDIA4|FCHO1|DRAP1|EDF1|ILKAP|WDR45|AP5Z1|TSR3|UBE2S|CDC37|SAFB2|RNF19B|CORO1B|ATP5MC3|SF3B4|BICRAL|U2AF2|CFL1|SLC25A1|GSN|CDCA4|RNF126|HSF1|MYH9|ELF4|PABPN1|RASGRP2|SNRPF
ZHAN_MULTIPLE_MYELOMA_MS_UP	0.0167745027558112	0.213142352737763	0.496291367231591	1.50096861524843	69	43	FZD8|KLHL13|BACE2|SPRY2|DSEL|TMEM176A|RUNDC3B|SERPINE2|TMEM176B|BEX3|FZD2|VWA5A|DSG2|LRP12|ZNF521|CLGN|TEAD1|MAGI1
GSE7831_UNSTIM_VS_INFLUENZA_STIM_PDC_1H_DN	0.0168067226890756	0.213281772886146	0.348013525897252	1.31075584009851	55	179	BICDL1|TLE6|C3orf18|ZBTB12|PRNP|CD44|PRKCH|PPP2R3A|VPS26A|GCC1|BATF3|ZNF608|FAM174A|FNDC3B|PEX1|MTHFD2|SMAD2|PROCR|PDE8A|PPIP5K1|WBP4|SKIL|MMP11|TTC39C|IL24|KIT|PLXNC1|DNAI4|CDC14B|EIF3C|TENT5A|SOCS2|ZNF250|FAM133B|LRP12|ZNF623|SCAMP1|CHD9|CYP4V2|RCOR3|LYRM1|MAPK14|PTPRA|MIER1|XPOT|CHP1|BAIAP2L1|TMCO3|ESCO1|SRPK1|YAF2|SAV1|ATF3|CORO2A|RAP1GDS1|MSL1|MBD2|PIP4K2A|TANC2|DNAJC21|HROB|PLA2G12A
KIM_BIPOLAR_DISORDER_OLIGODENDROCYTE_DENSITY_CORR_DN	0.0168293503870751	0.213299266648307	-0.480048272105397	-1.46707886186611	99	62	MSH5|SULT2B1|WNT11|REN|P2RY11|SLC22A13|SERPINE1|ESR1|MAFK
REACTOME_NONSENSE_MEDIATED_DECAY_NMD	0.0169811320754717	0.214951581051179	-0.419724690916029	-1.40511807505184	107	113	RPS21|RPL28|RPS28|RPS20|RPLP2|RPS29|RPL23|UBA52|RPS9|RPL18|RPL13A|FAU|RPL38|RPS18|RPS15|RPS10|RPS16|RNPS1|SMG6|RPS2|RPLP1|RPL27|RPS23|RPL10|RPL36|RPS27|RPL37A|RPSA|RPS11|CASC3|RPS26|RPS12|RPL3|RPL35|RPL8|RPS5|EIF4G1|RPL35A|SMG9|RPS14|RPS17|PPP2R1A|MAGOH|RPL26L1|RPL23A|EIF4A3|RPL41|RPS13|RPL13|RPL27A
GSE44649_NAIVE_VS_ACTIVATED_CD8_TCELL_MIR155_KO_UP	0.0170250896057348	0.215236586224642	0.343077928172044	1.30743036537046	56	192	PTPN6|MFSD14A|ENOPH1|CCL4|USP38|HMGN5|CNOT8|MGAT2|RARS1|WDR75|NBN|FAM76B|RNF138|CGGBP1|PTPN2|PAIP2|UTP18|UBE2N|CRNKL1|DCAF13|IFRD1|MFSD1|PER2|COP1|SLC38A2|RBM4B|GFI1|CFI|EPB41L4B|SBDS|CAB39|SLC20A1|TCEAL9|TIMM23|PPA1|MORF4L2|FXR1|WAC|ARPC3|NAMPT|KCTD9|CMTR2|PRDX6|FAM3C|NIP7|DNAJB9|CLGN|OSTC|LRRC58|TPP1|CHD1|TCERG1|FBXW11|ZC3H15|CLOCK|RSL1D1|PCNA|ARCN1|CHMP1B|S100PBP|CHORDC1|DDX21|CCDC115|NUP50|ZZZ3|KPNA1|FUBP1|BTG3|MAPRE1|USF1|TBC1D15
MIKKELSEN_ES_HCP_WITH_H3K27ME3	0.0170940170940171	0.215836155458797	-0.624813092741237	-1.57698762551358	95	23	ELOVL3|HBZ|DEUP1
GSE2405_0H_VS_3H_A_PHAGOCYTOPHILUM_STIM_NEUTROPHIL_UP	0.0171497951130672	0.21589457567804	-0.383549681983608	-1.34190836073051	112	165	AQP1|IL11RA|TRIM29|IL15|MAPK13|EXOC3L4|BSPRY|CIITA|RAB34|CLDN7|MT2A|CPT1C|GDPD5|SYNGR2|APLP2|ROGDI|IFITM2|GPX8|SLC7A7|NAPSA|PALD1|GPC1|HFE|CCND1|SERPINE1|THEMIS2|COL6A3|TIMP1|PTPN3|LZTS2|DUSP4|TXNDC17|CST3|ASNS|RAB11FIP5|CDCP1|TSC22D1|CTTN|NRARP|MFGE8|COL1A2|SPINT1
GSE2585_THYMIC_MACROPHAGE_VS_MTEC_UP	0.0172026925953628	0.21589457567804	-0.378169809876683	-1.33867838545733	114	181	H2AC13|FAM171A1|RCAN3|POLR2L|NUP210|ABCA7|PBXIP1|FLT3LG|LMOD1|TNK2|COMMD4|APLP2|DNPH1|PPCDC|PTGIR|HS6ST1|AURKAIP1|THEMIS2|SPINT2|HIGD2A|TTLL1|NPFF|EGFL6|MAD1L1|SPATA1|BIN1|ID3|MYO9B|MACROD1|IL16|CST3|RNF32|GUK1|DHRS3|SELENBP1|B4GALT7|GRHPR|CLSTN1|MYL6|RPL10|EVL|SMIM14|NUDT1|CCDC85B|MYBL2|CLTA|CD3D|ATP6V0A1|COL1A2|HOXB8|CAPG|IRF9|TEDC2|MIER2|CPT1A|NOC4L|SPTBN1|TXN2
GSE26488_CTRL_VS_PEPTIDE_INJECTION_OT2_THYMOCYTE_UP	0.0171700137973325	0.21589457567804	-0.393475211120125	-1.36259364494347	111	151	BCDIN3D-AS1|ATP2B1-AS1|IL17B|FZD9|NHLH1|ADGRD1|COPS9|REN|ZCWPW1|DHX37|MYO16|C2orf42|ATP5ME|TNFRSF8|LENG9|PCED1B-AS1|SPOCD1|MTLN|U2AF1L4|HMGCL|C15orf62|CHMP4A|PIP5KL1|MRPL20-AS1|GFI1B|B9D2|NDEL1|MRPS21|OXLD1|PAQR4|XPO6|MRPS5|LAMP1|REPIN1|NIBAN1|COMMD6|SURF6
GSE29617_DAY3_VS_DAY7_TIV_FLU_VACCINE_PBMC_2008_UP	0.0172061825605133	0.21589457567804	0.354425909647829	1.31995001057341	58	163	LIPG|SAMD5|AIF1|EGF|LST1|DHX58|SNX18|C1orf162|CMTM6|MAP3K1|NAAA|GLUD1|MT1X|TNFSF13B|GDI2|PSMA4|SH3BGRL|FNIP2|RAB11A|AGPS|IPMK|SRGAP2C|COL4A5|MTSS1|EGR2|RAB36|RAP1B|LITAF|CALM2|VDAC1|TENT5A|CDK2AP1|SAMD4A|CACUL1|TUBB1|MOB1A|PRKCZ-AS1|EEIG2|RO60
GSE39820_CTRL_VS_TGFBETA1_IL6_CD4_TCELL_UP	0.0171531748420102	0.21589457567804	0.344786437835154	1.30425690664317	56	184	AIM2|ST8SIA4|EGR3|ANKRD13C|DDIAS|GPR174|NCOA2|USP25|PTER|TEX15|WDR75|CTSS|PHLDA1|SMARCAD1|KIF20B|ST8SIA6|PPIP5K2|PUS3|SHQ1|CWC22|MRPL39|PLXND1|SMARCA5|CD96|GPR183|TOX|PLXNC1|RAB19|C5orf22|SHTN1|MRPS31|INSIG1|TENT5A|SAMSN1|TIPIN|VRK2|DOCK11|MTRR|RFC5|CASP3|PIGC|HSPD1|BAG4|FH|CNOT6L|HMGN3|SEPHS1|ATAD1|CREB1|RPA2|NMRK1|FAM111A|HMGCS1|SLC35A1|MORF4L1|BUB3|TFRC|SUCLG2|ZNF281|SKP2|DHX33|RFWD3|INPP1|SARNP|POLR1F|CORO2A|ASAP1|PPP3CA|TOP1|WDHD1|ZNF280B|KCNQ5|ASF1A|SETD6|GSTO1|CBX4|PTPN11|CTH|PKP4
GSE17721_CTRL_VS_POLYIC_0.5H_BMDC_DN	0.0172439646123857	0.216098522820384	-0.3775257226011	-1.33247575081008	114	177	TNS2|VASN|RGS20|RHOBTB2|RHBDD3|SPON2|STX1A|POLR2F|KIF1A|TIMP3|PSMB9|NDUFB2|SOD3|SEMA3B|MAN1B1|TNFRSF8|SPSB3|MMP1|MMEL1|RGS17|TNFRSF1A|PRKCSH|TOM1|NOP2|PSMG4|TBCB|TBCC|TSHZ2|SH3D19|KRTCAP2|THAP7|SEMA4F|WDR4|MXD4|ORAI1|TRMT1|NDUFB7|RNPS1|RIN1|MAP4K2|TOMM7|STRADA|PFDN2|MMP17|SPIRE2|NRARP|TAX1BP3|MAN2C1|MTERF4|EIPR1|MINK1|LCMT2|SNRNP70|STMN3
SU_TESTIS	0.0173323285606631	0.216935054977477	0.44208523668942	1.44251502275286	68	66	CCT6B|NXT2|TTK|ZNF165|TLE4|MLF1|RFC4|CCNB1|PALS2|GRK4|COIL|PMS1|CLTCL1|PSMG1|TMF1|CDK1|DBF4|BUB1|BRAF|NEK2|CLUAP1|CDKN3|IDE|NUP155|ITCH|CCNB2|BUB1B|TTLL5|RAD17|NCAPH|RPL39L
GSE13411_NAIVE_BCELL_VS_PLASMA_CELL_DN	0.017416325912464	0.217444128742928	-0.3836776166539	-1.34360990764346	114	166	H4C4|SEL1L|ARSA|SYNM|FICD|AXL|DHRS1|SMTN|DNAAF1|UCHL1|RRBP1|SLC19A1|RND1|IER3|LAGE3|AURKB|PKMYT1|TIMM44|MMP15|PMPCA|TXNDC15|RFX1|PPP1R26|SLC37A4|CDCA3|KIFC1|RAD54L|NENF|PYCR1|G0S2|IL15RA|BTD|KAZN|RCN1|GTF3C5|WNT5B|FKBP2|GSTP1|TK1|BMS1P20|NEU1|CHPF2|CDC34|TMEM184B|POLA2|CDKN1C|CCNF|TIMM17B|PINK1|ANKRD11|MGAT1|DNAJC1|CD320|LANCL2
GSE2405_S_AUREUS_VS_A_PHAGOCYTOPHILUM_NEUTROPHIL_DN	0.0174095752663965	0.217444128742928	-0.374172754801173	-1.32920812475546	115	190	VWCE|RINL|KLC4|ZNF341|RCAN3|WASHC1|VANGL2|RNF215|FGD3|ABCA7|PBXIP1|APBA3|UBA7|GON4L|STK11IP|ZNF692|NRDE2|JMJD8|RECQL5|RPAP1|NLRX1|EME2|MAPK7|DUS3L|LRRC45|FHIP2B|SUGP2|MYO9B|STON1|CAPN15|FBXL20|LENG1|CLCN6|B4GALNT1|ANKRD13D|GRK6|TSPOAP1|SZT2|APBB3|SIDT2|TRIM39|PCSK7|RBSN|MCOLN1|GDPGP1|RGS12|E4F1|DCUN1D3|FBXO31|ZER1|NMNAT1|SLC20A2|SUPT7L|TCHP|TRIM56|POLRMT|KCNH2|INPP5E|MICAL1|NUP188|KIAA0319L|AFMID|TAF1C|CRCP|PTDSS2|AP1G2|VPS33B|RNF31|H6PD|PIGO|INTS1|RALGPS1
GSE14026_TH1_VS_TH17_DN	0.0174556213017751	0.21766400823257	0.350145906478047	1.31412616332357	58	173	SENP8|GJC2|DCK|PLEKHM3|SERINC5|NTS|MANSC1|SGPP1|CCNG1|WDR5B|FAM76B|NAP1L5|PAIP2|TAF9B|PAQR3|PPP1CC|NIPSNAP2|THAP6|KHK|AP5M1|PJA2|CNOT7|EIF2B2|NFYB|TMF1|TCEAL9|SFXN4|MFF|NUP205|SOAT1|HPS5|STMN1|HEYL|SECISBP2L|SACM1L|IDH3A|NUP88|NT5DC1|SUCLA2|HMGCS1|ARCN1|TMT1A|SMC4|ECHDC1|CEP70|ERCC6L2|LRR1|ZNF473|FUBP3|SDHAF3|TCEANC|GOLGB1|PNPLA8|CAT|TOP2B|CDIN1|MMAB|OARD1|SCML2|KTN1|ACOT9|NELFCD|HEATR5A|ANP32A|CDC14A|ELF1
GAUSSMANN_MLL_AF4_FUSION_TARGETS_D_UP	0.0174947515745276	0.217881285738348	0.545451572815764	1.5469706365285	74	32	VSIR|XPO7|MED13|PERP|F5|ADRA2C|SERPINE2|FBXO45|EIF4G3|GPR153|POPDC3
GSE10273_HIGH_IL7_VS_HIGH_IL7_AND_IRF4_IN_IRF4_8_NULL_PRE_BCELL_DN	0.0176461791535816	0.219223200920361	-0.376949699505134	-1.33189796780847	117	178	MEIS3|PYGM|PDE2A|RAPGEF5|ITGA4|FAM234B|RASGRP3|SNN|INKA1|HLA-DOB|KCNK5|N4BP3|EPS8|REX1BD|FXYD1|RCN3|HDAC8|DOHH|NSUN5|LONP1|NRM|FAU|RHOT2|EGFL6|CYB5D2|KLHL32|TACC3|TRMT112|FKBP8|IL17RA|SGK1|PHC1|CARHSP1|GPAA1|CCDC9|INPP5D|CEL|THOP1|SMARCA4|CHERP|HAUS4|MTCH1|PCK2|GNL1|OXA1L|DNLZ|ELAC2|HSPA1B|CDKN1A|KIF2C|JUN|PRAF2|TXNRD3|RAB24|INTS1|FCHO1|MYO1C|TCF25|BUD23|AP2S1|PSRC1|SSBP4|ZNHIT2|EZR|CSNK1G2|TERT|TMEM98|KMT5A|SLC25A1|GSN|CTCF
GSE37301_LYMPHOID_PRIMED_MPP_VS_RAG2_KO_NK_CELL_UP	0.0176277263220795	0.219223200920361	0.342530485347957	1.30383228035544	58	191	MEX3C|SERINC5|PELI2|RGS2|SLC22A4|ZNF614|BLTP3B|PALMD|SCG2|CPD|LDHA|SRP19|UAP1|ABCE1|UTP18|CYP27B1|RIF1|WBP4|NUDT11|CLTCL1|LDHB|TENT5A|SAMSN1|TAF1A|AHCTF1|EIF5B|RBPJ|MTRR|CLIC4|CHSY1|MAPRE2|PRPF39|RIOX2|PSMA2|MON1B|IDH3A|SHB|IPO5|PPP2CA|AIMP1|ZC3H15|RPF1|SFXN1|SRPRB|OSBPL3|DDX21|NUP54|POLR1B|GRSF1|OTUD4|PAICS|HSPA9|NDC1|PPAT|TASOR2|CUL4A|POLR3C|PRMT5|DYRK3|MRPS2|TOP1|NR3C1|RAB20|BCL2L11|TOMM20|AMIGO2|PTCD3|CCNJ|PMAIP1|MTERF3|PPIF|XPO4|GABPB1|NYNRIN|AHCYL1|FASTKD2|RCL1|UTP6|OGFOD1
GSE22611_NOD2_TRANSD_VS_CTRL_TRANSD_HEK293_MDP_STIM_2H_UP	0.0176890156918688	0.219483732404176	0.354889538581176	1.31546182569591	61	156	ELK3|EOGT|ARMCX1|CCZ1B|MATCAP2|PREX2|SCRN3|IMPG2|GNG12|GLI1|PODNL1|H2AC17|FSCN3|WDCP|USP2|ACSF2|CCDC68|CTSK|PJA1|KIF3C|CKAP2|PLAC1|OPA1|ATP1B1|SPAST|BMERB1|CD96|OTULINL|CHRNA3|JAK3|LEFTY2|BICD1|NCAM2|SBNO1|MTRR|TASOR|PRKAA1|ENSG00000291006|PAPOLA|RAB14|FBXW11|SSBP1|OSBPL3|VPS37A|TTC27|SAV1|PUS7L|NEB|SUPT3H
GSE10422_WT_VS_BAFF_TRANSGENIC_LN_BCELL_DN	0.0177806000952532	0.219952373029408	-0.427848688377253	-1.41321214957195	111	103	SHF|DNASE1L2|C3|HAPLN2|TRAPPC6A|TIMP3|CELSR3|EREG|CCS|JSRP1|RCN3|GIPC3|CTHRC1|TRAPPC3L|RPL18|ZMYND10|SLC29A2|EGFL6|GUCA1B|BAHCC1|ZFYVE19|STOML2|HPCAL1|PARP3|RBSN|CAPG|KDM8|DPY19L1|CKB|ACYP1|CTSZ|RPL8|SPRY4
GSE13306_LAMINA_PROPRIA_VS_SPLEEN_TREG_UP	0.0177925211097708	0.219952373029408	0.341521552575808	1.29429955855427	58	187	C14orf28|CD83|SERINC5|ATXN7|RGS2|CD70|CREBL2|TNFSF4|SESN3|CENPQ|ATP6AP2|GPR174|ITGB3BP|SHLD2|REV3L|UBLCP1|ERI2|IFT56|TP53INP1|FAM107B|HIPK3|PPM1B|ERBIN|PLCL1|ZNF493|INVS|TOB1|SLC44A1|NLK|MAPK8|QNG1|TIGAR|DAZAP2|SLC35D1|BACH2|RBL1|PDE11A|DSG2|KIF5B|ADK|SCIN|ZDHHC2|TRAPPC2|CARD6|BCAS3|RABGAP1L|ANKRD12|LMBRD1|HAPSTR1|SNAPC5|CREB1|PTPRA|ALDH1A2|PTPRJ|RBM48|SGMS1|PAPOLG|RB1CC1|REEP3|CDC42SE2|EXT2|FAM120AOS|ATP11C
GSE40274_FOXP3_VS_FOXP3_AND_EOS_TRANSDUCED_ACTIVATED_CD4_TCELL_DN	0.0177925211097708	0.219952373029408	0.3417378089756	1.29511912780451	58	187	PITPNC1|LPXN|PARPBP|FAM135A|DDIAS|CCNE2|ARL5A|PLK4|GNG12|NEDD4|ERI2|BRMS1L|GNB4|ANLN|HEMGN|S1PR2|RFC4|KIF11|PRIM1|PPP6C|MTHFD2|CCNA2|ARHGAP11A|CIP2A|ZWILCH|USP6NL|NEXN|GAS2L3|GINS1|POLA1|PPIL1|ECT2|NCAPG|LMO7|NUP133|S1PR3|C5orf22|ALDH9A1|CDC14B|CENPU|STAU2|TUBE1|CASP3|BMPR1A|DBF4|RBBP4|HOXB7|DSCC1|NEK2|PRR11|STIL|WEE1|ACAT2|ESCO2|HPF1|CDCA2|NCAPG2|PCLAF|ZNF473|RFC3|FABP5|ANKMY2|CDC25C|KNSTRN|NDC1|ERCC6L|BUB1B|RNASEH2B|EXO1|OPTN|PHF10|CPSF6|VDAC3|NT5M|PGK1|TOP1|HROB
GSE33292_DN3_THYMOCYTE_VS_TCELL_LYMPHOMA_FROM_TCF1_KO_UP	0.0179095713446858	0.221127032174608	0.352268551915714	1.31779804414682	60	169	NXT2|PDK1|SESN3|CSPG5|SHLD2|LTN1|HAT1|MSH2|TOB1|LRPPRC|HPRT1|POLA1|GCLM|FBXO3|TAPT1|MTCH2|TCP1|GCC2|RAP2A|SMARCA5|HNRNPH2|VAPA|ABHD14A|SDHD|GUF1|UFM1|PCF11|PPHLN1|ITGA2B|NAMPT|TARS1|ZBTB37|NIP7|NIFK|FBXO28|PSMA2|SUGT1|CITED2|ZMPSTE24|RBM47|PSME4|ATR|NGLY1|DCUN1D1|ABCB7|NACA|BTF3L4|CHMP1B|AP4E1|MYCBP2|LATS1|HERC4|TMEM87A|CCT6A|ZNF318|SRPK1|SSBP2|PNPLA8|TRMT10C|TASOR2|EEF1E1|WDR43|PRKX|FBXW7|MMAB|SLC25A33|SMN1|PDCD2|MAP2K1|MACROH2A1
GSE40274_CTRL_VS_SATB1_TRANSDUCED_ACTIVATED_CD4_TCELL_UP	0.0179695899247427	0.221323611858365	-0.386797740226467	-1.34413468155587	116	157	ADAM19|IRF7|CIITA|PSMB9|TMEM134|FAM193B|TRPV2|PYROXD2|LYPLA2|CBX8|PDE6D|ARHGAP45|SGIP1|CIB1|HSD17B10|TCP11L2|RASGRP1|ZBTB3|HIGD2A|FBLIM1|NAA60|ACP6|DMPK|SP100|TSPO|MXD4|POLD1|KMT5C|CST3|PPP6R2|SLC2A3|FERMT3|DUSP7|PARP3|H2AC25|TAPBP|RGL2|LIFR|OAS3|ANKS6|SLC25A43|SLC25A35|S100A6|ASB1|MAN2A1|ZDHHC14
JOSEPH_RESPONSE_TO_SODIUM_BUTYRATE_UP	0.0179545854603063	0.221323611858365	-0.588898698262096	-1.55531373564345	101	28	S100P|POLR2L|IFI30|MT2A|COX6A1|TIMP1|SEC61B|PSAP|UQCRQ|NR4A1|GSTP1
FONTAINE_FOLLICULAR_THYROID_ADENOMA_UP	0.01804337030293	0.221688312240895	-0.46057394282966	-1.44519020602405	108	72	IL11RA|PLXNB2|CTBP2|ZNF76|TSPAN5|PBXIP1|WSCD2|UBA7|ECI1|GLG1|LGALS3BP|SLC29A2|TAOK2|CABIN1|EPHB6|AMPD2|SGCG|PPARD|LMLN|ID1|NDUFA7|SEMA4B|ZNF512B|EIF4G1|SETD5|ARIH2|BAG6|MESD|NR6A1|MAPK15
REACTOME_COMPLEX_IV_ASSEMBLY	0.0180425531914894	0.221688312240895	-0.514925126896177	-1.50005316049323	105	46	COX6B2|PNKD|COX8A|COX6A1|COX14|COX5B|COX17|COX6B1|HIGD2A|PET117|PET100|TACO1|COX16|SURF1|TMEM177|COX7A2|COA5|COX4I1|COX6C|COX19|COX7C|SCO2
GSE39820_TGFBETA3_IL6_VS_TGFBETA3_IL6_IL23A_TREATED_CD4_TCELL_DN	0.0182443547181098	0.223883658509029	-0.376177322419768	-1.32916888360511	121	178	FES|SYTL1|ZNF76|ATP2A1|SYCE2|BSN|RPLP2|UQCR10|RPP21|COPE|PDE6D|MMEL1|GPC1|IFT27|COMTD1|LTB4R2|LGALS3BP|SDF2L1|IER5L|TMEM107|TMCO6|KLK8|MRPS14|MAFK|COMMD1|LTBP3|ROM1|SPINDOC|MDGA1|QTRT1|TSFM|STOML2|PSMB10|SELENBP1|GPSM3|GNPTG|POLR1H|SPATA24|MCRIP2|NFKBIB|DYNC2I2|SASH1|BID|MRPL24|SPINT1|NR2F6|KDELR3|DDX59|BCL7A|UPP1|TMEM39A|NECTIN2|UQCC6|C1orf174|CD320|MRPS16|CENPW|MPLKIP
BANDRES_RESPONSE_TO_CARMUSTIN_MGMT_24HR_DN	0.0183066361556064	0.22423323834278	-0.588669895578474	-1.55470945521689	103	28	SLC30A3|TSPAN4|ICAM5|SORBS2|NRTN|IKBKG|STXBP2|MDK|GOLGA2|DHX16|TLE3
GSE16266_LPS_VS_HEATSHOCK_AND_LPS_STIM_MEF_DN	0.0183956574185766	0.22423323834278	0.341311901047166	1.29350502046751	60	187	SETDB2|BCAR3|ZNF485|FGD4|MBLAC2|RMI1|NT5C3A|ST3GAL5|ARID5B|STRAP|SLC25A46|PTPN2|AP1S2|ORC4|ITSN1|TXNL1|FAM13A|AAK1|SNAPC1|PRKRA|TCP1|GPR183|PTX3|BDKRB1|LRRC25|RNF125|NDUFV2|INTS12|IL10RA|THOC1|MOB3C|YARS2|NAMPT|GPBP1|CASP3|NUDT16L2P|PRMT6|MTMR4|RAB2B|SMC3|PPM1K|MEGF9|ATF2|MYC|TRIM32|UBE2D1|NOD1|RBM47|PIGX|BTF3L4|MCM3AP-AS1|RDH14|GRSF1|SERTAD2|SRPK1|KNOP1|INTS7|COMMD3|ZNF232|MZT1|KIF2A|PKNOX1|RIOX1|BNIP3|ATG3|ATOSA|TRPS1|MINDY2|KYNU|RAB9A|RASA2|HEATR5B|DAPP1|MNAT1|ZEB2|NSL1|NXT1|CCNJ|GMCL1
GSE39820_CTRL_VS_IL1B_IL6_CD4_TCELL_UP	0.0183569064098706	0.22423323834278	0.343009100611744	1.29753360173703	60	184	CD83|ARL5A|PTER|FOXN3|PHLDA1|PPM1B|CUL4B|ST8SIA6|CIP2A|PUS3|TSPAN13|METAP2|ZNF770|UBASH3A|RBMX|STYX|USP31|CNOT6|PLXND1|NUP133|HECA|CD96|S1PR3|DOCK10|CMTM7|ELL2|DLAT|INSIG1|TENT5A|DTWD2|PHTF2|RRM2|SCIN|MTRR|MYB|SMC3|ABCB1|C10orf88|DDX3X|PIK3CG|KDM6A|PPP1R16B|STARD4|TMEM243|GPD1L|FANCF|MID1|FAM111A|HMGCS1|ASAH1|BUB3|POLR1B|BLM|NCAPG2|L2HGDH|ANKRD33B|ATP11C|PUS7L|SKP2|IDI1|UBR1|DENND1B|ERCC6L|PGM2L1|EXO1|RBM12|ASAP1|MRPS2|MINDY2|TBC1D4|HSPA8|STAG2|FAM83D|ATIC|GSTO1|CBX4|ACTB|TNIK|NUCKS1|SLC23A2|CHML|CYP51A1|PKIB|KRIT1
ONDER_CDH1_TARGETS_2_DN	0.0183737830796654	0.22423323834278	-0.331937671503316	-1.25327639221301	133	369	KRT15|S100A2|SPAG1|C3|TRIM29|PLXNB1|MAPK13|S100P|DIPK1A|IFI30|RAPGEF5|LYPD3|SFN|TIMP3|PAK6|SEMA3F|CLDN7|RAB38|ELMO3|CXCL1|PRKCZ|L1CAM|DHRS1|LPCAT4|HLA-DOB|EREG|HOOK2|TNFRSF21|NBEAL2|SLC3A2|SEMA3B|APOC1|SLC35G2|RIMS2|MMP1|HERC6|GALNT14|CSF2|CRYBG1|DSC3|SLC2A9|RIGI|MST1R|IER3|ICAM1|SLC6A8|LAMB3|FEZ1|LSR|FOS|P2RX5|SPINT2|EFNA1|JAG2|TINAGL1|CA12|KCNJ15|PTPN3|IL1B|CXADR|KLK8|NRG1|FZD3|PKP3|MEAK7|COBLL1|ZC3H12A|KCNN4|THBD|KANK1|FGFR3|IGSF3|SLC2A3|AGRN|SDC4|CDCP1
REACTOME_CARGO_TRAFFICKING_TO_THE_PERICILIARY_MEMBRANE	0.0184153137872547	0.22423323834278	0.486834320369675	1.48961374337196	75	46	BBS12|EXOC5|PKD2|TTC8|BBS2|CCT8|LZTFL1|ARF4|BBS1|RAB11A|RP2|TCP1|ARL3|EXOC8|EXOC6|CCT4|ARL13B
RICKMAN_HEAD_AND_NECK_CANCER_F	0.0184292111608681	0.22423323834278	-0.531524590179133	-1.51436697334745	106	41	TPM2|KLHDC7B|HSPB3|MYL11|CASQ2|APOD|ACTN2|FHL1|ENO3
ZWANG_DOWN_BY_2ND_EGF_PULSE	0.0184028918830102	0.22423323834278	0.318091450189819	1.24685469428308	55	254	DISP1|ZNF564|ZNF225|ZNF429|SENP8|LBHD1|XNDC1N|ARRDC3|PGAP1|ZNF483|CATSPER2|ZNF107|ANKRD36B|ZNF658|RAD52|DET1|CCDC7|DCLRE1A|ZNF283|PDIK1L|H2AC17|LINC01409|ZNF687|KIF18A|ZNF30|TP53INP1|CTSK|STARD7-AS1|FBXL8|ZNF33A|DCLRE1C|ZNF493|ARMCX6|INVS|PLEKHF2|GAS2L3|CYP2R1|IFRD1|ZNF441|ZNF181|RBM4B|PM20D1-AS1|H2BC7|HSP90B2P|RECK|ZNF630|SAXO4|LRRC37A|WDR89|TCEANC2|ZNF792|ARL17A|FAM227A|EPCAM|KRBOX4|TMEM230|FZD4|BORA|CDKN1B|TIGD1|ZNF117|RCOR3
GSE15930_STIM_VS_STIM_AND_TRICHOSTATINA_72H_CD8_T_CELL_DN	0.018552036199095	0.225181788834965	-0.378216109864557	-1.33155590147528	122	175	GZMM|SCX|MC1R|SHF|PBX3|POLR2F|SEMA3F|LAMA4|RENBP|HLA-DOB|PEMT|SYNGR2|LAMA5|PNMT|SH3BGR|TULP3|GPRASP1|IFIT2|GRIA3|SYT7|SRMS|WDR46|GBA2|TNFRSF1A|SNX21|MIF|HSPG2|TBRG4|MRPS14|EMC4|MORC4|TSFM|HPGD|NACC2
GSE2706_R848_VS_R848_AND_LPS_8H_STIM_DC_DN	0.0185348631950574	0.225181788834965	0.353474862080354	1.31834003009658	62	166	C10orf95|CCDC159|ENTHD1|PIGA|EGR3|CD40|CPNE8|ZFPM2|MNS1|MGAT2|TFPI2|ADPRH|PSMD5|POLRMTP1|TAB2|UAP1|C17orf58|ARF4|CEP135|CAPN2|PLEKHF2|TMED2|UBASH3A|SIAH2|TVP23B|RBM7|HOMER1|LINC01588|NUDT11|POPDC2|MAMLD1|GPR157|MAGT1|RAP1B|ANKRD28|HAUS5|MORF4L2|UGP2|UBE2E1|NFE2L2|SOCS2|RAP2C|ARL5B|PELI1|DNAJA2|GPBP1|CNKSR3|SSR1|SCG3|OSTC|GOLT1B|BIRC2|LYRM1
GSE11961_FOLLICULAR_BCELL_VS_MEMORY_BCELL_DAY7_UP	0.0186957822315286	0.226262373663753	-0.376033940238453	-1.33384247465709	124	187	SLC30A3|TYROBP|HSF4|EXOC3L4|IRF7|MELTF|SELENOM|SNN|ALKBH6|PTRHD1|KCNC3|CECR2|PDCD1|CIAO2B|DENND1C|HERC6|CDH15|RIGI|NDUFA11|NLRX1|MED15|STARD3|DOCK6|ATXN7L2|CACNA1A|TPPP3|MYO1G|NDUFAF3|MAP3K12|SEMA4F|ATOX1|ORAI1|SHISA5|SLC4A2|TREML2|DYNC1H1|ARID3B|UBR4|PPP1R12C|PISD|RPL27|BORCS8|TAPBP|PACSIN1|BLVRB|CNP|OAS3|TUBB2B|SAMD9L|NUDT14|CAMKK2|POLR2J|IRF9|CDC34|TMEM184B|MICAL1|S100A6|PMP22|EAF2|TYK2|RELB|PTRH2|UQCC2|AKR1A1|CHCHD7|ZCCHC2|FRMD4A|S100A13|PDE1A|PSENEN|RPS14|HLA-E|EDF1|SLC25A22|TRIM14|RNF213|KLHL36|RPL41
GSE22935_24H_VS_48H_MBOVIS_BCG_STIM_MACROPHAGE_UP	0.0186643336249635	0.226262373663753	0.353538625026366	1.31664559260169	63	163	ST8SIA4|SUGCT|ITGB1BP2|CATSPER2|PPP1R3D|MS4A6A|LEMD3|USP25|CAMSAP2|MEIG1|REV3L|TRPM7|NABP1|DNAH8|VPS54|DTX3L|HIPK3|RND2|CPEB2|MOSPD2|ERBIN|ZNF184|PPP6C|RANBP2|PARP11|YWHAG|GRPEL2|FAM13B|TMEM140|INCA1|KCNK15|GRIA2|KIT|RAB36|SOS2|ZFP14|SCIN|SEMA4A|ACLY|C10orf88|CLTC|PRKD3|BIRC2|LRRC58|PLCD3|KBTBD2|CLOCK|SFXN2|KIAA1191|RBM48|PPP2R1B
REACTOME_HS_GAG_BIOSYNTHESIS	0.0187312245979855	0.226262373663753	-0.604196970887304	-1.5686194146036	105	26	NDST2|EXT1|GPC1|HS6ST1|HSPG2|AGRN|SDC4|SLC35D2|NDST1|GPC2|HS3ST3A1
WORSCHECH_TUMOR_REJECTION_UP	0.0187234042553192	0.226262373663753	-0.513700880893861	-1.49648675056474	109	46	NFKBIZ|ACKR1|TLX1|IFITM1|TLR6|IL4I1|IFI16|IL2RG|IL1B
BAELDE_DIABETIC_NEPHROPATHY_DN	0.0188897455666924	0.227645781089275	0.296989433717834	1.21053805004266	48	397	MYL9|PLCE1|AIF1|ZNF185|SERINC5|BCAR3|ENSG00000260917|RNF11|CCN1|CDS1|ATP6AP2|PMS2P3|CAMSAP2|TRIM23|ACTR3|CD164|VPS26A|ARID5B|TLE4|MME|TBCA|NBN|LANCL1|EXPH5|MTHFD2|UAP1|GULP1|AKAP11|MSH2|RDX|PRKAR1A|NAB1|CAPN2|TOB1|ADD3|TMEM123|SLK|ATXN10|ARL1|EPS15|PREPL|MED21|UGCG|MTSS1|IFIT1|PTPN14|GPNMB|C1S|CALD1|RAD23B|LITAF|PRKCI|CALM2|DYRK1A|YWHAZ|UGP2|TMED5|PAPSS1|GRK5|KIF5B|PHLPP2|NAMPT|WT1-AS|AASDHPPT|DDN|RABGAP1L|SNX19|HMGN1|PRDX6|DNAJB9|DNM1L|ABI1|MEGF9|SEPTIN2|HMGN3|NDN|MAGI2|SKP1|PSMA2|ATP2A2|PSMA6|GDE1|RBBP4|CITED2|CD47|SACM1L|BIRC2|ANXA1|STX7|SUB1|GLUL|AP3B1|SERINC1|EIF3M|ATP13A3|PDIA3|ARHGAP5|HNRNPA1|WT1|EFR3A|NMI|PLSCR1|SEPTIN11|RAB1A|SGMS1|MYL12A|GLUD2|HSP90AA1|TAX1BP1|DSTN|GYG1|EIF4A2|SEC61G|MTX2|OTUD4|TGFBR3|DLG5|SSBP2|CAST|TMX4|AKAP10|VIM|HSPA5|TSPAN3|MCL1|OPTN|GNE|STAT1|MAFF|DST|SARAF|TOP2B|ZC3HAV1|FAM98A|MORC3|PSMA3|FOSL2|CANX|NR3C1|AQP3|ATP7A|TOMM20|CTBP1|ACADM
GSE21670_TGFB_VS_IL6_TREATED_CD4_TCELL_UP	0.0188911073567808	0.227645781089275	-0.385454047442453	-1.33946530558875	122	157	SLC26A11|MESP2|ANKEF1|NDST2|FARP1|N4BP2L1|FAM178B|TCAP|TMEM116|DGKD|SNHG11|TSPAN4|ARHGAP45|JAKMIP3|PIWIL1|SLITRK6|SRMS|KRT4|APOD|TRIM10|TTYH2|LTB4R2|MCAM|ANKRD63|FBLIM1|NDUFA4L2|SLC6A16|NFATC4|MERTK|RNF32|DYNC1H1|C19orf81|PALM
GSE34156_UNTREATED_VS_24H_NOD2_AND_TLR1_TLR2_LIGAND_TREATED_MONOCYTE_UP	0.018971012293216	0.228053106153165	-0.382031085288882	-1.33659531343325	124	165	SSC4D|WNT11|ARK2C|LATS2|IFI30|MELTF|P2RX4|RENBP|GRN|JOSD2|SLC45A4|RGS3|DCAF4L1|ZNF462|RRBP1|CYTH3|PNMA3|PILRA|PTK2B|LINC02481|WWC2-AS2|CNGB1|G6PD|MYDGF|SLC16A3|RPL13P5|CTSD|SLC7A1|CD151|DEF8
GSE39820_TGFBETA3_IL6_VS_TGFBETA3_IL6_IL23A_TREATED_CD4_TCELL_UP	0.0189930660235152	0.228053106153165	0.345309621686067	1.30215469228542	62	181	AIM2|PITPNC1|CD83|SLC10A7|GPR160|SLC9B2|ZNF583|TGFBR2|BMPR2|ATG4A|KAT2B|TRAPPC8|MBNL2|GPRASP2|RNF139|VPS26A|SLC25A46|HNRNPLL|TP53INP1|STXBP3|CUL4B|SLC25A40|SCAF8|RDX|WASHC4|SLK|ATXN10|SKIL|CBFB|UGCG|IL24|RAP1A|RTN3|SNX13|HBEGF|PYGL|PARD6G|CPNE3|SEC24A|ATE1|LSM14A|AKIRIN1|DHX15|EEIG2|QKI|UBQLN1|SERINC1|CTNNB1|GALNT1|KBTBD2|SPRED1|ATAD2|BUB3|ZNF318|ATL2|BTBD7|FCHSD2|FBXO11
KAMMINGA_EZH2_TARGETS	0.0189798339264531	0.228053106153165	0.505161411088846	1.50738724393092	79	40	HAT1|TOP2A|PRIM1|PPP1CC|CDCA7|SMC2|ECT2|KPNA2|NUSAP1|MAD2L1|RBL1|CUL2|DBF4|RRM1|RFC1|IPO5|NEK2|PCNA|SMC4|AHCY|CCNB2|EED|NAP1L1|RPA3
GSE7568_IL4_VS_IL4_AND_TGFB_TREATED_MACROPHAGE_24H_UP	0.0190336749633968	0.228081839021648	0.353200118526978	1.3136558861086	64	162	RFX3|DOP1B|PRKCH|INSIG2|LEMD3|MBNL2|GPR174|USP25|MDP1|PDE3B|HACE1|RNF138|XPR1|RIMOC1|MARCHF7|PARP11|RNF103|TSPAN13|PPP2R5E|MFSD1|AP3S1|PJA2|P2RX7|SAMD3|RNF125|GNPDA2|CEP97|USP8|CIR1|ZDHHC20|PAPSS1|MBNL1|UBXN7|SCAPER|ZCCHC7|RAPGEF6|CHD9|ZFC3H1|MOB1A|HMG20A|CWC15|SERTAD3|BRWD3|SERINC1|PHIP|CHMP1B|HMBOX1|TRIM59|HELZ|HTATIP2|ANKRA2|TAX1BP1|PHF21A|TMEM167B|FCHSD2|USP28
REACTOME_BASIGIN_INTERACTIONS	0.0190409026798308	0.228081839021648	-0.607626623688972	-1.56508396971028	107	25	MAG|L1CAM|BSG|SLC3A2|MMP1|SLC7A7|SLC16A3|SLC7A11|SPN|ITGB1
GSE411_UNSTIM_VS_400MIN_IL6_STIM_MACROPHAGE_DN	0.0191674153938305	0.229323618263731	0.339784706700832	1.2923320579177	63	190	TTC39B|BATF|LPXN|DDIAS|CENPQ|REV3L|PDE3B|BBS2|ANGPTL4|RAMAC|PTPN2|CHDH|AP1S2|ERI1|PLEKHA5|CIBAR1|NAA15|EPB41L5|OLA1|SCCPDH|GRPEL2|ZNF664|RBKS|MTSS1|SLAMF7|RPS27L|FAM83G|PDS5B|CENPU|SKAP2|IFT57|OSGIN2|HAUS1|FAM133B|CMPK1|DNAJA2|SCIN|EIF5B|NAA50|TRA2B|PPFIBP1|CS|SMC3|PRDX6|LSM14A|SCLT1|NPAT|DCP2|CWC15|NMNAT3|RBBP8|UBQLN1|ARL4A|CFDP1|ZWINT|CEP76|GARS1|BTF3L4|MPHOSPH6|ECHDC1|ERCC6L2|FDFT1|ANKMY2|MTX2|YAF2|TRIM33|ACSM3|ZMAT5|EXOC4|SFPQ|TBC1D7|PRMT5|CDIN1|RAB9A|CSE1L
REACTOME_SIGNALING_BY_BRAF_AND_RAF1_FUSIONS	0.0192259675405743	0.229750312109863	0.445364801108338	1.4468547278601	76	64	CAMK2B|SRC|KDM7A|AGK|MAPK1|VWF|TRIM24|RAP1B|RAP1A|JAK2|FXR1|PAPSS1|ITGA2B|NRAS|AGGF1|BRAF|QKI|AP3B1|CNKSR1|ZC3HAV1|BCL2L11|MAP2K1|TRAK1|YWHAB
GSE11961_FOLLICULAR_BCELL_VS_MARGINAL_ZONE_BCELL_UP	0.0192588269623578	0.229869328237987	0.351878250116715	1.31135175146017	65	164	CNRIP1|SETDB2|SLAMF6|DCK|STAP1|PAQR9|ZKSCAN8P1|TRAPPC6B|SESN3|RNF11|BMPR2|CAPZA1|SCN2A|EMSY|SWT1|CKS2|CTSS|LGALS8|DDR2|MTHFD2|MEF2C|TMEM168|USP6NL|OPA1|TSPAN13|CPLX1|CCP110|WDR44|CMPK2|NCALD|RSAD2|SLC5A11|LDB3|RNF144A|SOS2|ZFAND4|CRBN|OSGIN2|MAP4K3|CLIC4|CHSY1|ADCK1|CEP57L1|NEU3|ADAM10|C4orf46|TMEM68|DCP2|ORC3|NCK1|ECPAS|ABCB7|RAB1A|NIPA2|ARL6IP6
GSE28726_NAIVE_CD4_TCELL_VS_NAIVE_NKTCELL_UP	0.0193509973206311	0.230695143829567	0.339132500065402	1.29389854207939	64	193	EGR3|PGAP1|CCL4|TM9SF1|AMD1|COPS8|IL18R1|PEX3|EIF4G2|NFYA|AP1S2|RANBP2|RAB22A|MTHFD2|UAP1|UTP18|IPO7|ZFYVE16|SNAPC1|SP3|WSB2|RRAS2|RP2|PER2|HOMER1|GFI1|SERPINE2|EGR2|KIF3A|C5orf22|EIF4E|CALM2|NFE2L2|INPP5F|UTP3|PHLPP2|HMGN4|RHEB|EIF2S1|CCT4|PRKD3|MAPRE2|C6orf120|HPS5|TOR1B|CAND1|GABPA|RNF14|TMEM243|SNAPC5|CA2|UBE2D1|SUB1|MKLN1|PPP2CA|CEP170|SEC62|NSMAF|ATP6V1A|ZNF195
ACEVEDO_NORMAL_TISSUE_ADJACENT_TO_LIVER_TUMOR_DN	0.0195612686879978	0.232033223706671	-0.339057273278734	-1.26698562258541	139	324	BCO2|PBX3|TRAPPC6A|DYSF|DGAT2|RDH16|POLR2F|RETSAT|CBS|KHDRBS3|DHRS1|NDUFB8|CENPX|PYROXD2|TECR|COX5B|H4C3|TEF|NAA38|ROMO1|CHCHD10|LONP1|RND1|PCOLCE|TNFRSF1A|TMEM160|PPM1F|CFHR3|TSHZ2|GNMT|TAF15|INHBE|ALG9|MYDGF|CPSF1|CAMK1|NSDHL|MXD4|MACROD1|DGAT1|LPIN2|CDK2AP2|STK11|DECR2|DIAPH1|ENDOG|NDEL1|GNPTG|SDC4|AGPAT2|MGRN1|UBALD1|OAZ1|CENPV|AAMDC|FASN|ARMC6|MRPS11|EVL|BOK|ICAM3|THOP1|NUDT14|NOCT|SLC20A2|NNMT|PSMB4|MRPL24|STARD10|TNIP2|ENTR1|EIPR1|NUDT2|AARS1|NINJ1|SREBF2|QARS1|ACADSB|DESI1|PDXK|SRF|MRPS18A|CEMIP2|UCK1|STK35|EIF4A1|TBL1X|MRPS26|UBAC1|POLE3|SLC8B1|CLPTM1|ABHD6|MAOA|H3-3B|CLPP|SLC25A22|RXRA|MAGOH|DMAC2|GPT2|TM7SF2|UROD|SPTAN1|SDHB|LTBR|HPS6|MEA1|TUBB4B|PSMB7|LRP5|DYNLL2|SLC25A1|SLC25A15
GSE18281_MEDULLARY_THYMOCYTE_VS_WHOLE_MEDULLA_THYMUS_UP	0.0195632393084622	0.232033223706671	-0.380918203782499	-1.33504311226038	128	168	SLC26A11|ENG|HLX|BSCL2|PYCARD|CXCL1|SPSB2|CELF3|PBXIP1|DDB2|C17orf99|CLN3|ETFB|GGA1|ACTMAP|RAB7B|DENND11|LAGE3|FEZ1|RHOF|ERMARD|FAU|HGS|LINC00926|SDR39U1|TBCD|ACP6|MZT2B|HERC2|CSNK1D|BRD9|STK11|JUNB|PAQR7|ZBTB10|AGPAT2|HEMK1|CNPY3|TNFRSF1B|G0S2|DGUOK|ZNF628|TRPT1|NUDT1|DHX30|ENTR1|ZNF674-AS1|CLCN5|ASL|ATP5MC1|TXN2|RELB|SURF1|MAN2B2|PIH1D1|TLN1|NEFH|ARHGEF6|IRAK2|SMG9|MFHAS1|H2AX|FBXO25|PRC1|MEN1|PAGR1|CHST2|RPTOR
GSE22886_NAIVE_VS_MEMORY_TCELL_UP	0.0195899772209567	0.232033223706671	-0.380826000326355	-1.33346087210838	128	167	SULT2B1|SEMA4G|NOTCH2NLA|HAPLN2|SEC31B|MAPK8IP3|ARHGAP33|RPGR|TBKBP1|KIAA0753|SYNGR1|SH3BP2|BTN3A1|CBX8|SREBF1|FOXH1|CEP250|COL6A1|TMEM80|CACNA2D2|ZNF771|FEZ1|NLRX1|PGF|TRIOBP|ACTN2|CABIN1|GREB1|GRIK5|NPFF|ADAP1|ZDHHC24|YJU2B|TMED1|NOP16|VPS52|VPS11|SLC5A3|JRK|CLUH|PTCD2|ZNF428|IRAG2|POLM|NUMA1|CCHCR1|NOL6|MIER2|GOLGA2|CCDC28B|PINK1
GSE26559_TCF1_KO_VS_WT_LIN_NEG_CELL_UP	0.0196019300361882	0.232033223706671	0.340162454346008	1.28914884339268	64	187	SEMA3A|ST8SIA4|MTMR6|EGR3|CCNG2|SMARCA1|CCN1|IL10RB|UCHL3|PEX3|LGALS8|DDR2|CRYBG3|ABCD3|GNPAT|ZFYVE16|PDS5A|PLAA|HSPA4|PER2|FEM1B|MAPK1|GPR183|GPNMB|EGR2|C5orf22|USP33|SNX3|ABHD14A|SKAP2|SLC30A1|SRSF8|UBE2E1|IL10RA|EIF1B|SSB|CELF2|CLIC4|SEC23A|SEC24A|PRKAA1|MEGF9|SLF2|DCP2|SEC23IP|EFR3A|MPHOSPH10|SMC4|HTATIP2|GTF2H1|TRAM1|FDFT1|FUBP3|IL1R1|SERTAD2|GOLGA8A|NUP50|SSBP2|SMAD5|CAST|BICD2|KIF2A|TSPAN3|SERPINB1|ZFP36
GSE369_PRE_VS_POST_IL6_INJECTION_SOCS3_KO_LIVER_UP	0.0195960205004522	0.232033223706671	0.34420415776885	1.2979860131159	64	181	FEM1C|ITGB7|PRNP|CD44|CDS1|RNF139|CLDND1|ARID5B|CKS2|CCRL2|BNIP3L|KLF10|LDHA|MTHFD2|YWHAQ|SNAPC1|TMED2|CLK1|IFRD1|RP2|HK2|IL1RL1|SPP1|GATA6|ANKRD28|DUSP10|SLC20A1|MORF4L2|TMED5|PAPSS1|POU4F1|RBPJ|RHEB|TARS1|S100A10|UBE2D3|BACH1|NET1|RPL7|PAPOLA|PLAAT4|CHD1|CHMP2B|MKLN1|P4HA1|BNIP2|ADO|CDC5L|ADORA2B|GARS1|RAB1A|SYF2|BHLHE40|BTG1|SERTAD2|E2F5|NUP50|RIOK3|GPSM2|MCL1|DYNC1LI2|MAFF|NUP58|MAP1LC3B|RRN3|PGK1|NR3C1|EIF1|SNRK
ICHIBA_GRAFT_VERSUS_HOST_DISEASE_D7_UP	0.0195983935742972	0.232033223706671	-0.441947036671665	-1.42683461115811	121	87	NFKBIZ|TYROBP|CD14|IRF7|PSMB9|TAP1|UBA7|IFI35|IFI16|CRYBG1|LBP|CYBA|ICAM1|LGALS3BP|FAS|GBP2|IL18BP|ISG15|TAP2|SHISA5|PSMB10
QI_PBMC_ZOSTAVAX_AGE_50_75YO_CORRELATED_WITH_CONTRACTION_OF_VZV_SPECIFIC_T_CELLS_PEAK_TO_28DYAT_1DY_NEGATIVE	0.0196313502172936	0.232107766173372	-0.376264253111604	-1.33067401200944	130	180	TMEM238|ATP2B1-AS1|AGAP6|S100P|TYMP|PYCARD|RPS29|NDUFA13|UQCR10|DYRK2|MRPL14|MRPL41|EEIG1|DYNLRB1|DTYMK|RPL23|NSUN5|ANXA2R|PLEKHA1|TMEM160|IFI27L2|MIF|ZNF598|FAU|MICOS13|ELMOD3|C12orf57|SNHG5|RPL13P5|SF3B5|TXNDC17|CDK2AP2|ATP5PF|TRAPPC1|TOMM7|RETREG2|RPL27|RPL36|SNRPD2|METTL26|GNL3L|RPS27|SIVA1|ARHGEF1|CAMKK2|SPINT1|RPS26|COMMD6|EEF1D|SH2D2A|STMN3|RPL35|UPP1|TUFM|TMA7|RPS5|DUSP23
GSE45365_HEALTHY_VS_MCMV_INFECTION_CD11B_DC_IFNAR_KO_DN	0.0196861626248217	0.232424328376352	0.353253932684913	1.30939915862768	68	156	TTK|NKIRAS1|COL21A1|ADAMTS3|DDIAS|PLK4|DEPDC1B|DTL|NEDD4|TEX15|PLD1|ANLN|ATP8B3|RBM11|PEAK1|CIBAR1|GINS1|MFAP3|NCAPG|OCRL|TNKS2|CDC27|SLC2A10|KIF27|ERO1A|SQOR|STAU2|HBS1L|BUB1|LMBRD2|KIF15|CHMP4C|KIF14|CDKN3|INTS6|SHCBP1|CENPE|MAP2K4|SYNJ1|HJURP|IFT20|VIM
SAKAI_TUMOR_INFILTRATING_MONOCYTES_DN	0.0197044334975369	0.232424328376352	0.419871208443136	1.39764343835001	75	76	CCNG2|TOP2A|NCOA4|ARIH1|CCT8|PPP6C|AK6|PTGES3|PRKAR1A|NUP107|TBPL1|CCNC|CDC27|UBE2E3|ERO1A|COPS5|IFI6|MED7|SNRPB2|PRDX3|CCT4|PRDX6|NEK1|SUB1|CDKN3|PCNA|SRSF1|WRN|NCOR1|DDX20|SEC63|CDC73|HNRNPA2B1|HSPA5|CPSF6
GSE16385_UNTREATED_VS_12H_IFNG_TNF_TREATED_MACROPHAGE_UP	0.0197378565921357	0.232545310412979	-0.390425366110576	-1.34761179468632	127	147	MC1R|FZD7|MCF2L2|GHDC|FCSK|ZFPL1|ADAMTS14|SLC52A2|DDX41|MIIP|GIGYF1|FOXH1|ZNF252P-AS1|GPX8|CCK|ZNF804B|RECQL5|ST6GALNAC6|AGER|IRF3|ZNF771|VWA1|SPATA9|BIN1|CRLS1|KHDC1|QTRT1|SORBS3|TREML2|ABCD1|TAB1|PLD2|ZNF784|DPH2|TLCD1|ITGA5|MAN2C1|CRAT
BROWNE_HCMV_INFECTION_48HR_UP	0.0198308544765238	0.23254920237774	0.351415044600561	1.30873697212787	67	163	ZNF101|ZNF20|CDC7|HAT1|CKS2|AMD1|RAB29|PPT1|PRPS2|IL18R1|RFC4|MSH2|FAM13A|NUP153|SNAPC1|SKIL|NUP160|PPP3CB|TMEM106C|SNX4|MAD2L1|RRAD|MTSS1|IL24|ERVW-1|RUNDC3B|C5orf22|SRSF8|NUP205|ATP11A|CD24|KLRG1|MLLT11|FBXO28|TOR1B|HMGN3|GABPA|ATG12|SLC25A5|GGH|PTGER3|ABCB7|POLR3F|MRS2|MBD4|GGCT|PPP2R1B|PSMD11|NEMP1|VIL1|ATP6V1B2|FUCA1|RFC3|E2F5|ATF3|NFIA|EEF1E1|AKAP10|MTMR9|PTPRR|SORD
CAIRO_HEPATOBLASTOMA_UP	0.0197748707027685	0.23254920237774	0.335742897494795	1.28380917183915	64	199	COL15A1|TBX3|PIEZO2|CAMSAP2|NCOA3|RNF43|ANKRD27|HDAC2|CPD|PPP1CC|ROCK2|GNPAT|UTRN|ZFTA|DDHD2|RHOBTB1|SP3|RELN|NUP37|RAP2A|PMS1|NUP133|MMP11|VWF|SERPINE2|PLXNC1|SLC25A36|MFF|FXR1|PAPSS1|TSN|EPCAM|HMGN4|CD24|UXS1|ACLY|CS|DRAM1|HEATR1|RCOR3|SEPTIN2|SEPHS1|NDN|PSMD10|SLF2|MEG3|MINPP1|DCP2|TMEM243|TIA1|RACGAP1|GLUL|ARL4A|TNKS|CETN2|HMGCS1|ACACA|AVL9|SEPTIN8|RAB4A|FDFT1|DLG5|ZBTB38|ETV1|CD46|RBM12
GSE20727_ROS_INH_VS_ROS_INH_AND_DNFB_ALLERGEN_TREATED_DC_DN	0.019811320754717	0.23254920237774	-0.414025843058926	-1.38740167281713	125	114	PDE2A|COL14A1|TSSK3|UNC5B|ARHGAP4|ANKS1B|ABCA4|B3GNT6|LBP|CD163L1|PCYT1B|THEMIS2|OR2T8|CNGB1|CRYM|LIN7B|HIC2|MGRN1|HEPH
GSE25123_IL4_VS_IL4_AND_ROSIGLITAZONE_STIM_MACROPHAGE_DAY10_DN	0.0197901049475262	0.23254920237774	-0.373721361954997	-1.32033755702149	131	179	RINL|TBC1D1|LYRM9|STX1A|TMEM258|IGIP|UVSSA|WSCD2|SLC38A10|DOCK4|TNK2|NDUFA2|UBL5|SERF2|NAA38|ROMO1|RPL23|CASQ2|MAP1LC3A|CLDN12|METTL25B|TOM1|ROBO3|CCNL2|FBXL19|NDUFAF8|AMPD2|SUCO|GUCA1B|ANKRD23|CSNK1D|SUGP2|ZNF329|MXD4|SNHG3|SEMA4C|DVL1|SLC7A1|NSMF|ITGAV|NISCH|TSC22D1|NCKAP5L|PRPF19|RPS27|TTC28|REXO5|RPL37A|H2BC18|CAMKK2|MAN2C1|SMARCD2|CSTB|ANKRD39|CCDC186|PXN|DTX2
GSE7568_CTRL_VS_3H_TGFB_TREATED_MACROPHAGES_WITH_IL4_AND_DEXAMETHASONE_DN	0.0199121522693997	0.233230086908091	0.352146285959713	1.30973637056389	67	162	SLAMF6|TNFRSF14|ANKRD13C|WDSUB1|TCF7|CLDND1|ANKRD49|EXD2|HIPK3|ATG4C|TMEM86B|VPS50|RAB23|ATG2B|RNF103|ROCK2|RTN4|ERCC6|NRBP2|UHMK1|EPS15|GCC2|DRAM2|IL6R|SPP1|PDE4D|DNAI4|ANKRD28|DYRK1A|LIN9|HUS1|RFX7|ZMYM5|ACBD4|FBXO45|RPRD1A|FBXO28|RICTOR|RNF25|RO60|TIA1|AP3B1|SERINC1|ATP13A3|PSME4|ECPAS|CETN2|ACTR8|RB1CC1|STAU1|CORO1C|ZNF318|TGFBR3|AKAP10|HEXB|ANAPC4|PRKX|FBXW7|CCNB1IP1|SKIC3|USP4|ATG5|CEP95|HAUS6|YTHDC2|ZDHHC9|NAA16|RNGTT|SGF29|PMAIP1
GSE42021_TCONV_PLN_VS_CD24HI_TCONV_THYMUS_DN	0.0199430199430199	0.233319387165541	-0.374837933997543	-1.32298921009739	132	177	TGFB1I1|PBX3|BCAS4|IRF7|MARCKS|HOMER3|SYNM|EPB41L1|EXT1|BRME1|RABAC1|FAM131A|RTN2|GTF3C1|CUL9|HERC6|ECM2|NKX6-1|RIGI|GPC1|UNC13A|RAB40B|TPCN1|SPINT2|JAG2|EMP3|CA12|MX1|LSS|ISG15|GAL3ST1|PRORP|ATP5PF|IGSF3|NACC2|CLSTN1|PAAF1|UCP2|GNB5|DHCR7|CD2BP2|RAP1GAP|GTSE1|OAS3|GYG2|KDM8|H1-5|ESPL1|DPY19L1|LY6E|DEXI|CAVIN1|MAN2B2|APOBEC3B|EBP|MAEA|SYNGR3|ATP6V1H|FUZ|SMAGP|CRELD2|APMAP|SLC25A10|DDX24
BARRIER_COLON_CANCER_RECURRENCE_UP	0.0201660735468565	0.234436854090033	0.502090267044771	1.49822303768973	84	40	FOXO1|YIPF1|COPS8|THOC2|YIPF6|ARL1|TRIM2|TENT5A|SRP72|NME7|ITM2A|PSMC2|SEC62|TIMM17A|XPNPEP1|EXT2|METTL9|POLD3|WDHD1
DAZARD_UV_RESPONSE_CLUSTER_G6	0.0201737181283273	0.234436854090033	0.364326236821131	1.32743552938571	71	137	MEIS1|FOXO1|INSIG2|REV3L|TLE4|TOP2A|RNF13|KIF11|TP63|EXPH5|CCNB1|ZNF146|PIKFYVE|SP3|PPP1R12A|ORC2|PMS1|PALM2AKAP2|LARP7|APPBP2|SLC25A36|PIK3C3|CNOT2|ZNF451|RBPJ|PTK2|BAZ1A|RABGAP1L|CHD9|LSM14A|TOGARAM1|MEGF9|ATF2|BIRC2|QKI|PHF3|KIF14|TUT4|PUDP|ATP13A3|FRYL|PHIP|SMC4|ZNF638|OTUD4|E2F5|ZZZ3|SPOP|SSBP2|CCNB2|BUB1B|KIF2A|GNE|MBD2|MAP3K5|POLD3|STRN|WAPL|KIF23|DOP1A|AGO2|SMC5|MICAL2|XPO1|TUBGCP3|IGF2BP3|XPA|CENPA|NAA20
GSE360_L_DONOVANI_VS_L_MAJOR_MAC_UP	0.0201080432172869	0.234436854090033	0.344644133819569	1.29806538408242	66	179	MTMR6|AIF1|ARHGEF16|CPVL|CADM4|GLMN|CDC7|CAPZA1|RARS1|LRBA|YES1|EIF4G2|RCHY1|CUL4B|MOB4|ITSN1|EXPH5|CCNB1|MSH2|UTP18|GDI2|ZNF146|ELMO1|OAT|EPS15|GMPS|COPS3|MAGEA4|NREP|FABP6|XCL1|RHOA|LDHB|MBNL1|ZNF292|ZNF623|AHCTF1|PYGL|NARS1|ZFC3H1|PRDX3|ABCB1|DDX3X|ZBTB25|SACM1L|CREB1|NRF1|TOR1AIP1|SUPT4H1|CTNNB1|CEP170|FBXW11|ABCB7|RSL1D1|SRSF1|PSIP1
GSE43863_TFH_VS_LY6C_INT_CXCR5POS_MEMORY_CD4_TCELL_UP	0.0201660735468565	0.234436854090033	0.346682938176104	1.30380483983778	67	175	BATF|TLE6|PGM5|BCAR3|NEDD1|MX2|CCL5|ALDH1L1|SLC22A1|PDCD10|NABP1|DTX3L|C3orf62|UAP1|ARF4|RIF1|PPIP5K1|TAPT1|HK2|REEP2|DOCK10|GJC1|CHAC2|UBE2V2|ERO1A|MORF4L2|LIN9|RPE|NUP205|DDX18|B4GALT5|NAMPT|ASCC3|PCGF5|MOB1B|CMTR2|SEC24A|DNAJB9|DHX15|ATP2A2|CITED2|TMEM68|SEMA7A|MKRN3|ZNG1B|PRXL2A|PLSCR1|SFT2D3|TFG|AEBP2|HELZ2|TFRC|RIPK1|ZZZ3|ATF3|EEF1E1|C1GALT1C1|HSPA5|U2SURP
KEGG_MEDICUS_VARIANT_MUTATION_CAUSED_ABERRANT_ABETA_TO_ELECTRON_TRANSFER_IN_COMPLEX_IV	0.0202020202020202	0.234436854090033	-0.66554373354527	-1.59092475471734	111	18	COX6B2|COX8A|COX6A1|COX5B|COX6B1
TANG_SENESCENCE_TP53_TARGETS_DN	0.0201897348576989	0.234436854090033	0.470527708896451	1.4668806749533	82	51	TTK|IL12RB2|PLK4|TOP2A|PBK|KIF11|KIF20B|CCNA2|NUSAP1|IGFBP5|EXOSC9|CDK1|DBF4|BUB1|RACGAP1|NEK2|ADARB1|SMC4|LMNB1|CENPE|CCNB2|FOSL2|KIF23
VERRECCHIA_EARLY_RESPONSE_TO_TGFB1	0.0202003055508403	0.234436854090033	-0.499242596154232	-1.47978028806596	118	51	PAK1|PLAT|TIMP3|LAMA4|BSG|IGFBP2|COL6A1|ICAM1|SERPINE1|COL6A3|HSPG2|TIMP1|ITGB5|IGF2R|DVL1|RHOB|RPSA|COL1A2
GSE21927_SPLEEN_VS_C26GM_TUMOR_MONOCYTE_BALBC_DN	0.0202583675866119	0.234819276945046	0.348677429727075	1.30436404962546	68	169	LNX2|MTMR6|KBTBD8|PELI2|ATXN7|SGO2|H2BC6|SLC22A4|LEMD3|VPS26A|LAMP2|KPNA3|GNB4|CAPZA2|JKAMP|CPD|PTPN2|DOCK7|CUL4B|NSUN3|LYPLA1|CKAP2|SLF1|PALS2|AAK1|TWF1|RHOBTB1|AP3M1|SDCBP|TAPT1|ABCB10|MAD2L1|PRRG1|MAP3K21|TLN2|TIGAR|NBEAP1|CENPU|MRPL47|CEP44|FAM91A1|TRA2B|C1D|CHMP4C|CHUK|MON1B|LSM3|TOR1AIP1|FRYL|SYF2|HPF1|RYK|DDX21|BLM|ESCO1|HNRNPA2B1|CDK6|H2AC6|USH1G|CCDC14|RALGAPA1|SORD|SSX2IP|KDM1A|SOS1
GSE13485_DAY3_VS_DAY7_YF17D_VACCINE_PBMC_UP	0.0203672272797408	0.234995663717285	-0.386841348423054	-1.34182015080581	131	155	SLC26A11|TREX2|CIITA|SYCE2|ZNF554|RPS28|SH3GL1P1|HBB|SIMC1P1|MMEL1|DNAI7|DCHS1|SPATA6|FUT8-AS1|UBL7-DT|NDUFS8|SLC27A1|ENSG00000272447|TEX22|HSD17B7|RPS16|NOM1|ZSCAN25|RPS23|TRIM39|JRK|UBE2J2|ZNF81|WNK4|KDM4B|AFDN-DT|SPATA2|RPUSD3|RPS11|NR2F6|NOP53|DDX42|STMN3|ITGAE|NEURL4|ALDH6A1
GSE9878_CTRL_VS_EBF_TRANSDUCED_PAX5_KO_PRO_BCELL_UP	0.0203338391502276	0.234995663717285	-0.379645201402477	-1.33114112991148	133	170	SMAD7|NHLRC3|GKAP1|ENG|CTBP2|AKNAD1|VILL|FGFBP3|APOE|NBEAL2|ETFB|TRIO|SGSH|DENND1C|MAP1LC3A|QRICH1|PDLIM7|CLDN12|APOBR|HAGHL|RHOF|DOCK6|EMP3|ECE1|TBXAS1|MIB2|ADAM15|TAP2|CTSD|SORBS3|GAK|FLYWCH2|WDR13|F2R|HEXA|CRYZL1|CCDC157|DEF8|PLEC|MBOAT7|TEX264|NHSL3|PGGHG|DTNBP1|USB1|SLC35C2
NABA_ECM_REGULATORS	0.0203546646106399	0.234995663717285	-0.389930448023784	-1.34590351057095	131	147	ADAM19|PLAT|TIMP3|ADAMTS14|ITIH5|PLOD1|ADAMTS4|SERPINH1|ADAMTSL4|A2ML1|ADAM22|MMP1|TGM1|LOXL3|SERPINE1|TIMP1|PLOD3|P3H1|ADAM11|MMP15|CTSA|ADAM15|CTSD|CST3|HYAL3|BMP1|CTSL|P4HA2|MMP17|CPAMD8|PRSS2|CSTB|CTSZ|CTSH|P3H3|F12|SERPINF1|ADAM8
WIEDERSCHAIN_TARGETS_OF_BMI1_AND_PCGF2	0.0203037024398567	0.234995663717285	-0.500210966656801	-1.47518854021257	118	50	ADAM19|PLAT|S100A2|ITGA4|TIMP3|AXL|CRISPLD2|CCND1|GAL|MICB|BMP1|P4HA2|BCL7A|JUN|LRRC8A|SDC3|CCDC80|SAFB2|MICA|RREB1
GSE14000_TRANSLATED_RNA_VS_MRNA_DC_DN	0.0204875130850905	0.235203520699591	-0.373954628622046	-1.32131531227681	136	178	A1BG|DHRS12|MED14OS|TMEM134|RPLP2|MAPK11|FAM200B|OST4|NAA38|NICOL1|RPL23|C17orf49|DNAJC22|CTDNEP1|RPL18|STX10|SDF2L1|RPL13A|ADAP1|NDUFAF3|RPL13P5|ENSG00000289161|RPUSD1|RPS18|RPS10|GUK1|B4GALT7|TMEM42|RPLP1|DEAF1|SLC35D2|RPL10|RPL36|METTL26|TMEM147|TMEM250|RPSA|UQCC3|SYS1|BID|RPS11|RPS12|EEF1D|NOP53|ANKRD39|JTB|RPL35|RPL8|AP5S1|RPS5|SURF1|DUSP23|POP7
GSE29164_DAY3_VS_DAY7_CD8_TCELL_TREATED_MELANOMA_UP	0.0204638472032742	0.235203520699591	-0.37971383782811	-1.33272143864928	134	171	RINL|BCAS1|SVEP1|COL14A1|CIITA|N4BP2L1|FAM234B|CYLD|FNDC11|MAPK8IP3|ZDHHC12|HDAC10|IL4I1|ACAP1|UBA7|IZUMO4|MIIP|MARVELD3|CARNS1|UCP3|DISP2|CYBA|DNAJC22|PCYT1B|TSPAN9|DUS3L|TRAF2|MYO9B|SUPT5H|SIX5|ARHGAP39|HDAC7|TSEN34|DUSP7|HEMK1|SLX4|RGL2|RGS12|SYMPK|SLC20A2|SPINT1|PSD4|ELL|PPP1R37|PIP4P1|CTSZ|APOBEC3B|SETD5|FNTB|CYB5R3|LENG8|SNPH|CYRIA|CLASRP|AKR7A2|CMIP
GSE29949_MICROGLIA_BRAIN_VS_MONOCYTE_BONE_MARROW_DN	0.0205066344993969	0.235203520699591	0.339055292633617	1.28495291811421	67	187	PGAP1|CCNG1|SPAG6|HACD2|NEDD4|RAB29|PRPS2|PGGT1B|PEX3|GGPS1|PRIM1|RCHY1|NPM1|PPP1CC|AP1S2|ORC4|RAB22A|NR4A2|MFAP3|PDE8A|SIAH2|PPP3CB|FBP2|CSRP3|SPP1|SERPINE2|SRP9|GTF2H2|PDS5B|SDHD|JAK2|SLC25A14|REL|EMC2|DDX52|ITM2A|EBAG9|PRDX3|PRR3|PIK3CG|HMGN3|GDE1|RB1|RBBP8|CLPX|PLSCR1|ASTN1|ZNF195|UGT8|HLTF|ATP6V1B2|ZNF473|MAP2K4|FABP5|NUMB|ZNF318|UTP25|ATM|KPNA1|ATF3|TAF12|SUMO3|CCDC28A|CARD8|SLC25A17|ARG2|GTF2H5|UBE2K
GSE9988_LPS_VS_LPS_AND_ANTI_TREM1_MONOCYTE_UP	0.020414201183432	0.235203520699591	0.347310882782299	1.30348608801983	68	173	MYO1F|CD40|IFIH1|TGFBR2|SNX18|CREBL2|YIPF1|ZNF436|TP53INP1|TBC1D2B|NCOA4|SGPL1|PFKFB3|TAB2|TNFSF13B|PSMA4|NBR1|PLEKHF2|RAB11A|VAV1|HNRNPH2|RAP1A|NDUFV2|TMED7|TMPO-AS1|UGP2|SAMSN1|CTNND1|NFE2L2|ACSL1|IL10RA|RAP2C|SLC30A7|UBE2W|CCSER2|CLIC4|PPM1K|TOR1B|CYBB|SKP1|PSMA6|DCP2|BIRC2|QKI|ZNF217|IKBKE|SMPDL3A|PTEN|PTAFR|PLSCR1|ARCN1|PTPRJ|RBM22|MYL12A|ASCC1|ATXN7L1|ANKRD33B|OSR2|DNAJB6|PNRC1
REACTOME_POSTMITOTIC_NUCLEAR_PORE_COMPLEX_NPC_REFORMATION	0.0205258302583026	0.235203520699591	0.568995898679296	1.55438750732316	88	27	SEH1L|NUP35|NUP107|SUMO1|NUP37|NUP160|NUP133|NUP205|AHCTF1|TNPO1|NUP155|NUP54|NDC1|KPNB1|NUP58|NUP98|NUP43
WP_MITOCHONDRIAL_COMPLEX_IV_ASSEMBLY	0.0204724409448819	0.235203520699591	-0.552917750220804	-1.51840304779684	116	34	PNKD|COX8A|COX6A1|COX14|COX5B|COX17|COX6B1|PET117|PET100|TACO1|COX16|SURF1|TMEM177|COX7A2|COX4I1|COX6C|COX19|COX7C
GSE34156_UNTREATED_VS_24H_TLR1_TLR2_LIGAND_TREATED_MONOCYTE_UP	0.0205647636586863	0.235380955080836	-0.38756759761238	-1.34272483461296	133	152	LATS2|PLXNB2|IFI30|CLBA1|LINC01134|FAAP20|PACSIN3|SLC38A10|N4BP3|GRN|SLC45A4|RRBP1|CYTH3|HFE|PRKCSH|LINC02481|TSPAN9|CLDN11|G6PD|AKAP8L|MYDGF|SLC16A3|SIX5|PALM|DDAH2|MAF1|MBOAT7|ERN1|MVD|CACNB3|IFNGR1|RPS6KB2|ELL|ITPR3|CDC42EP3|ATXN7L3|P4HB|TLN1|LINGO1|KMT2D|SLC15A4|RC3H1|CLPTM1|FURIN|PPAN|DUXAP10|ARF1
KEGG_RETINOL_METABOLISM	0.0206113537117904	0.235645522276711	-0.569013662923502	-1.53540831488439	117	31	DGAT2|RDH16|RETSAT|RDH12|DHRS4|DGAT1|DHRS3
MEBARKI_HCC_PROGENITOR_WNT_DN_CTNNB1_DEPENDENT	0.0206552706552707	0.235878961134934	-0.616266036113825	-1.5554154102502	115	23	A1BG|BCO2|DHDH|SOD2-OT1
REACTOME_TRANSCRIPTION_OF_E2F_TARGETS_UNDER_NEGATIVE_CONTROL_BY_DREAM_COMPLEX	0.0206834532374101	0.235932390451275	0.634534139941547	1.59144438811933	91	19	TOP2A|RBL2|RBL1|LIN9|MYC|RBBP4|LIN54|PCNA|TFDP2|E2F5
GALE_APL_WITH_FLT3_MUTATED_UP	0.0207766510017314	0.235996701739083	0.460052906807904	1.46044572486452	83	57	PIGB|TTK|TRMT61B|VPS54|LANCL1|LYPLA1|TCF12|RRAS2|RNF144A|SOCS2|INPP5F|WIPF1|TRMT11|CHD9|DHX15|HEATR1|ATR|C6orf62|AVL9|HTATIP2|RFC3
GSE37301_LYMPHOID_PRIMED_MPP_VS_GRAN_MONO_PROGENITOR_UP	0.0207831325301205	0.235996701739083	0.339887347054436	1.28771910061148	68	186	CXCL8|GPR137B|CD44|MEX3C|RGS2|COPS2|REV3L|ZNF614|NABP1|BLTP3B|TRMT61B|UCHL3|SRP19|MTHFD2|UAP1|ABCE1|OPA1|CAMTA2|SIAH2|BCL9|HK2|NXPH4|RRAD|RRP15|LDHB|REL|NKX3-2|AHCTF1|EIF5B|NARS1|CLIC4|CHSY1|EIF2S1|DDX3X|MAPRE2|PRPF39|RIOX2|PSMA2|MYC|CHUK|ZMPSTE24|IDH3A|AIMP1|ZC3H15|RSL1D1|TAF4B|RPF1|MPHOSPH10|ADORA2B|SRPRB|OSBPL3|BZW2|NUP54|USP16|SEC61G|GRSF1|OTUD4|PAICS|HSPA9|DIMT1|PPAT|TASOR2|RBM12|CUL4A|WDR3|POLR3C|MPP1|TOP1|NR3C1|RLIG1|FKBP4|TOMM20
GSE37534_GW1929_VS_PIOGLITAZONE_TREATED_CD4_TCELL_PPARG1_FOXP3_TRANSDUCED_UP	0.0207481447826745	0.235996701739083	-0.37950091515509	-1.32898341584023	136	166	ACKR1|STX11|TYMP|PSMB9|MAGEA8|LAGE3P1|IFITM1|MAPK11|BTN3A1|APLP2|MAN1B1|SNHG32|IFITM2|IFI35|DTYMK|FOXH1|SFI1|CYP4F2|IFIT2|TCL1A|SLC7A7|SLC39A2|GPR173|RPL18|HSPB1|CHD4|HRC|SHFL|PRDM16|ADAP1|IFITM3|MMP15|ISG15|DUSP13B|QTRT1|PSMB10|DPF1|LINC00623|ID1|CNP|OAS3|ZNF428|NUDT1|ZNF205|GTF3C5|MTCH1|TENT4A|MRPL17|HBZ
GSE9509_LPS_VS_LPS_AND_IL10_STIM_IL10_KO_MACROPHAGE_20MIN_DN	0.0207643695455913	0.235996701739083	0.341192828441316	1.29066301385226	68	184	NXT2|ITGB7|TTK|CCNG2|DDIAS|CCNE2|USP38|SFT2D2|DTL|CKS2|ANLN|MAP3K1|MOB3B|KIF11|AP1S2|CCNA2|ARHGAP11A|FANCB|ECT2|KPNA2|SCP2|RBKS|FCER1G|TGFBI|ERCC8|MCTS1|TMED7|CKAP2L|HERPUD1|MFF|IL10RA|SPCS1|KCTD6|ACTR2|TMEM14A|SVBP|COX7B|STMN1|COMMD10|CEP152|PAK1IP1|TPP1|KIF14|MRPL30|NEK2|GGH|MRPS33|CDKN3|DAD1|SHCBP1|IQGAP3|BUB3|CDCA2|CENPE|PCLAF|CENPS|SYNJ1|NUP50|DSN1|KNSTRN|CCNB2|TRAPPC13|POLR2K|POLR1F|MAP1LC3B|PXK|KIF23|NCAPH|FDX1|RASSF5
GSE1740_UNSTIM_VS_IFNA_STIMULATED_MCSF_IFNG_DERIVED_MACROPHAGE_DN	0.0208146151542378	0.236087126461287	-0.373164878724108	-1.32136795521377	138	182	S100P|KISS1R|FZD7|UQCR10|GGA1|DYRK2|SERF2|EEIG1|ATP13A3-DT|SNX30|LIAT1|LAGE3|PPM1F|SPINT2|NOTCH3|PET117|AKR1B1|COMMD1|KCNK6|CCL26|BRAT1|MIB2|SNRNP200|SLC26A6|IL17RA|STK11|GNPTG|ANKRD13D|STRADA|ABL1|EPOP|MCRIP2|TMEM147|NCAPD3|GTF3C5|TUBG1|GSTP1|SDF4|ZER1|BLTP2|LMNA|APEX2|LMNB2|CHPF2|ECH1|JTB|PITPNM1|CENPB|ASB1|CYC1|CLEC16A|SURF1|CCT7|COG2|MPHOSPH8|ZCCHC17|NOP56|IDH3G|TTLL12|CDK5|EMC8|MAOA|AIFM1|RABEPK|PAGR1|SPTAN1|ANAPC15|METTL1|PLAGL1|USP21
BASAKI_YBX1_TARGETS_DN	0.0209713024282561	0.237187014217377	0.298443206148941	1.21271593241981	56	368	MEIS1|C14orf28|PITPNC1|RFX3|ZNF350|HECW2|DYNC2LI1|PDK1|ANKRD36B|CUEDC1|PKD2|AMN1|PTER|ZNF614|LAMP2|TMEM106B|CNIH1|TP53INP1|KLHL24|FAM107B|ALG13|NBN|ZBTB18|RBMXL1|EGR1|PTGS1|LGALS8|PFKFB3|CUL4B|TMEM37|FAM13A|SPRY2|DMXL2|YIPF6|MXI1|GAS2L3|SLC44A1|ZNF770|ETV5|PROS1|TRIM13|SKIL|ASS1|HK2|NCALD|SLC2A10|SNHG14|SPP1|NREP|SYTL2|MYEF2|SGK2|JAK3|SLC40A1|BICD1|TARS3|SLC25A36|PDS5B|SLC20A1|SLC30A1|SLC25A3|ACER3|MBOAT2|SPATA20|RABL3|KCTD6|RESF1|EEF1A1|SCIN|SCAMP1|LMBRD2|CRIPT|FAM3C|WSB1|ANKRD50|TENT4B|NET1|MEGF9|RICTOR|GBE1|VMP1|SECISBP2L|ZC3H11A|TTC3|SMPDL3A|RBM47|WIPF2|C2orf88|MKLN1|ABRAXAS1|P4HA1|ZMYM2|PTEN|GPD1L|PCSK6|RSL1D1|NT5DC1|PIAS1|SEC62|ALDH1A2|BRWD1|RSF1|HELZ|MRNIP-DT|GABARAPL1|BHLHE40|BTG1|TFDP2|GOLGA8A|ATM|PABPC1|PNP|CAT|ACSM3|ZNF320|FUT11|RAB3IP|MCL1|LMAN1|N4BP2L2|MAFF|CARD8|ZNF253
BOYAULT_LIVER_CANCER_SUBCLASS_G6_UP	0.0209824734633424	0.237187014217377	0.445515308250932	1.44615695047881	84	63	TCEAL1|SLC22A4|HSDL2|TMCC1|RNF43|C1QTNF3|MME|BPNT2|TBCA|ZBTB18|LGALS8|NPR2|CRYZ|RHOBTB1|SIAH2|AP3S1
REACTOME_AMINE_LIGAND_BINDING_RECEPTORS	0.0209758321933425	0.237187014217377	0.598016479747536	1.56946094150464	91	23	ADRA1D|HTR2C|ADRA2C
GSE22432_CDC_VS_COMMON_DC_PROGENITOR_DN	0.0210589651022864	0.237783905170698	0.341574829040781	1.28942594697583	69	182	MPP3|SGO2|UBTD2|DARS1|PBK|BCAP29|CCNA2|GLE1|UTP18|SYPL1|UBE2N|SHQ1|YWHAQ|ELMO1|HPRT1|OAT|ECT2|NUP37|TRIB1|MRPL50|TCP1|FAM124B|USP14|CD96|SLC22A15|SLC4A3|LARP7|UBE2E3|CHTF8|RRP15|MORF4L2|PSMG2|PPA2|TIPIN|NFATC2|CCNH|PHTF2|RRM2|ACTL6A|CMTR2|NNT|OSTC|CFDP1|ETF1|PCSK6|ADORA2B|ESCO2|ATAD2|LTV1|ATAD5|BUB3|SUCLG2|NDUFAF2|TMX4|EEF1E1|RBBP7|WASHC2A|GFM1|RAD51AP1|KNTC1|GLO1|KYAT3|TOP2B|CNOT10|TPGS2|SLC25A17|SNRNP40|NCKIPSD|FYTTD1|KIF23|SRSF10|NAP1L1|ATIC|GPSM1|ADAM17|FAM217B|YEATS4|PPIL3|G3BP1|FANCL
KAYO_CALORIE_RESTRICTION_MUSCLE_UP	0.0211554109031733	0.238604510838263	-0.452289354276005	-1.43350546708117	129	76	SLC2A4|HSPA6|ENG|COL1A1|KRT12|SCRIB|COL6A3|HSPG2|STX4|EMP3|FAS|DHX38|PHKG1|BCL6|TANK|PAFAH1B3|COL1A2|MYCL|GNL1|IER2|UPP1|SAFB|RNF113A|FLNA|CYB5R3|CUX1|ZKSCAN3|AP2S1|FN1|ACTR1B|SPTAN1
GSE22140_GERMFREE_VS_SPF_MOUSE_CD4_TCELL_DN	0.0212415856394914	0.239307560773529	-0.371081764211627	-1.31733652932808	141	188	ADAM19|ANPEP|FARP1|ENG|HOMER3|P2RX4|EREG|TECR|SLC3A2|APLP2|SGSH|IFITM2|IFIT2|VSIG4|IER3|SERPINE1|STAB1|TIMP1|PHLDB1|EMP3|IL1B|NOTCH3|MX1|SLC16A3|BIN1|ID3|EWSR1|SLC7A11|KANK1|DGKA|HPCAL1|SFXN3|CPQ|CTSL|APBB3|PLEC|TNFRSF1B|MAPKAPK2|NISCH|BLVRB|RNASE1|AP1B1|BID|HSPA1A|LMNA
GSE16266_CTRL_VS_LPS_STIM_MEF_DN	0.0212927756653992	0.239559977472492	-0.379278442377777	-1.32589111448401	139	164	SPIB|COL25A1|TLX1|CIITA|PLA2G2C|CBS|TPBG|CPEB3|ADGRE5|IL4I1|SH3BP2|C2orf42|IFT140|CD19|IGFBP2|RARRES2|SRMS|HSPB1|P2RX5|ACTN2|RGS14|IL1B|TSPAN9|DPP3|CAMK1|LYL1|FKBP8|FBXW4|ARID3B|MAPK8IP1|HEMK1|HIP1R|RGL2|LIFR|FNDC10|HSD17B1|FANCG|LMNA|QTRT2|DNAJC27|CCDC137|PPP1R37|CTSH|ZDHHC14|HSPA1B|MGAT1|HIPK2
GSE9988_LPS_VS_VEHICLE_TREATED_MONOCYTE_DN	0.0213117214467957	0.239559977472492	-0.370357021656865	-1.31565314665449	141	190	TYROBP|TSC22D3|PLXNB2|ENG|IFI30|ENC1|ZNF467|GRN|ARHGAP45|CXCL16|VMO1|ATG9A|MPG|APOBR|TNFRSF1A|SH2D3C|BRD3|TNFAIP8L2|TMEM101|PSAP|TACC3|LYL1|MAP7D1|USP19|STK11|NACC2|ANKRD13D|PGP|MAP3K3|DUSP7|RAB11FIP4|RPL27|ARHGAP1|ELOVL1|UNC45A|RGS19|PPP1R18|NCKAP5L|EXTL3|PRELID1|KLF13|DNAL4|SDHA|TGIF2|ARHGAP22|RGS12|GIT2|GSTP1|MTCH1|TCHP|CDC34|ZBTB11-AS1|CENPB|MR1|ATXN7L3|CTSH|ARAP1|MAST3|PLEKHO1|PPP1R9B|RHOG|ATOSB
ZHENG_FOXP3_TARGETS_UP	0.0213547646383467	0.239775310335262	0.587724966271446	1.55704802874746	92	24	CD44|PRKCH|FAM107B|EEF1AKMT1|LRRC8C|ABCB1|P4HA1|CDC42SE2
GSE40274_CTRL_VS_FOXP3_AND_XBP1_TRANSDUCED_ACTIVATED_CD4_TCELL_DN	0.0214019851116625	0.240037012905998	-0.394568672518712	-1.35517515265083	137	141	CCR7|ANPEP|PNKD|ENG|IRF7|ABCA7|SHISA7|MAG|FAM193B|SLC9A1|RABAC1|PDE6D|ARHGAP45|TMCC3|HSPB6|NUDT16|TMEM86A|LGALS3BP|STARD3|BCL3|TMEM18|BCL6|SLC25A45|BIN1|ZC3H12A|MXD4|SCAP|ITGB5|HPCAL1|ARHGAP39|SYVN1|HDAC7|FERMT3|LMBR1L|SLC16A9|ITGA5|NIBAN2|MXRA8|ZMIZ2
LI_ESTROGENE_MID_E2_RESPONSE_DN	0.0215689685162637	0.241639850408767	-0.541513555075028	-1.50489627448728	123	36	RAB26|TSC22D3|CYFIP2|BCAS1|TMTC2|SELENBP1|RAP1GAP|ARL15|NANOS1|PRSS8|SLC12A2|H2BC4
GSE24634_NAIVE_CD4_TCELL_VS_DAY10_IL4_CONV_TREG_DN	0.0216810216810217	0.24262440984849	0.333679415037657	1.27636883733186	72	195	ZNF225|BATF|STAP1|LPXN|GPR137B|CETN3|LGALS3|POGLUT1|WDR5B|TM9SF1|LAMP2|B3GALT4|PPP1CB|ETNK1|RDX|NAB1|WSB2|GCLM|NDC80|RAB11A|MTCH2|TRIB1|IDH1|RAP2A|NUSAP1|GFI1|SPP1|TGFBI|TMEM176B|TXNDC9|ATP6V1D|ALDH9A1|TMED5|PAPSS1|PHTF2|RRM2|ETFDH|RBPJ|CASP3|TARS1|EIF4G3|PRDX3|ACAT1|ANXA5|ABHD5|WIPF2|PUDP|DCUN1D1|AGPAT5|TMT1A|PSMD14|SMC4|PLAAT3|STARD7|GTF2H1|BLM|PCLAF|MAP2K4|RFC3|TBL2|PAICS|ATP6V1C1|CCNB2|C1GALT1C1|KPNB1|VDAC3|GORASP2|SERPINB1|RAP1GDS1|UBE2K|POLD3|IMMT|MELK|PPP2R5A|CCDC47|TRAK1|ASPM|TMEM43|SMARCAL1
GSE13485_DAY7_VS_DAY21_YF17D_VACCINE_PBMC_DN	0.0217494089834515	0.243118671910787	-0.408546184929355	-1.37553142348426	137	119	RAB26|ABRACL|LPAL2|IL6-AS1|GLB1L2|CFAP70|TSSK3|PTH2|PANX2|ATP13A3-DT|RIMS2|GALNT14|AQP4-AS1|MYPN|LINC01592|CASC11|SORBS2|PLEKHG6|VWA1|LINC00656|MACROH2A2|PRDM16|CCL24|RPL38|PAEP|KCNJ11
GSE21063_CTRL_VS_ANTI_IGM_STIM_BCELL_NFATC1_KO_8H_UP	0.0218530160155665	0.244005088725536	-0.37254662957314	-1.31996270841479	145	183	UBL3|SMAD7|PHLDB3|SPON2|STX1A|ENC1|LYPD3|SFN|LINC00528|CTRL|ARID5A|TSPYL2|NBEAL2|EEIG1|SNX30|OSBPL5|CARNS1|CRYBG1|CACNA2D2|CYTH3|ERO1B|PIK3IP1|IER5L|CCNL2|RBM38|USF3|BCL9L|BCL6|IL18BP|LTBP4|BRD1|ZC3H12A|MXD4|EID3|FBXL20|PLK3|ANKRD13D|PDP1|ZBTB10|NOL4L|REXO1|MAPKAPK2|PER1|TRIM39|RAB30|FAM177A1|ENTPD4|NRIP3|CLCF1|ITGA5|LONRF3|SMURF2|IFNGR1
GSE17721_0.5H_VS_24H_PAM3CSK4_BMDC_DN	0.0218890554722639	0.244135932033983	0.336418497766473	1.27825570546746	72	189	ZNF841|GPR85|SNX18|RNF11|CAPZA1|ABCC3|DNAJC28|CNOT8|HIF1A|HDAC2|LRBA|CPD|RAMAC|RHOT1|CLK4|HSPH1|CABLES2|C18orf32|ODR4|TRMT1L|PLRG1|CDC27|TTC39C|KCTD14|C1S|CHAC2|USP47|ZDHHC20|TMED5|PAPSS1|BCDIN3D|UBE2W|ZNF451|CDK2AP1|CPNE3|ABCB1|NET1|LMBRD1|ATP2A2|ZC3H11A|CLIP1|HECTD1|CHMP5|MTF2|PMPCB|ITM2B|GGH|HSD17B12|LRRC40|KLHL7|TAX1BP1|TMA16|RDH14|CISD1|DNAJB6|PAICS|HSPA9|ZC3H8|RAB10|RPL7L1|COPB1|EIF1AX|LAPTM4A|EEF1E1|TRAPPC13|HLCS|ACOT7|MAP1LC3B|GORASP1|FBXO4|SLC25A17|LACTB2|EPM2AIP1|CSMD1|PPP1R11|UBE2B|ASF1A|ANAPC1|ERGIC2|HPS3|GK|GLYR1|DENND5A
GSE18281_CORTEX_VS_MEDULLA_THYMUS_DN	0.0219829519964109	0.24428444416575	-0.372185898884756	-1.31506575816974	146	178	FES|TRIM45|RAB4B|TRAPPC6A|SYTL1|PLXNB2|APLP1|LRRC56|HLX|ENC1|FMC1|PYCARD|C5|ZBTB46|DDB2|C17orf99|ANKH|REDIC1|MICAL3|ACTMAP|RAB7B|LAGE3|NDUFA11|FEZ1|CAMKK1|THEMIS2|ERMARD|BCL3|ARHGAP26|LINC00926|CXADR|IRS2|BCL6|SLC25A25-AS1|LRRC20|CTSD|STK11|SAP30L-AS1|PRPF40B|BAP1|TRIM39|NISCH|TNFRSF10A-DT|SMYD4|AKAP7|IGSF1|CHPF2|ZNF23|BCL7A|CLCN5|BCKDK|ASL|RELB|SURF1|ARL6IP4|DHX16|PIH1D1|MAST3|TSHZ1|ZSWIM7|ARHGEF6|SMG9|ARIH2|MBTPS1|FKBP9
GSE24574_NAIVE_VS_TCONV_CD4_TCELL_DN	0.0219945766797228	0.24428444416575	0.335002369864084	1.28028787134819	72	196	ZNF75D|PGAP1|IL12RB2|CCL4|TM9SF1|COPS8|PPT1|MTREX|IL18R1|PEX3|RFC4|PPP1CC|UAP1|UTP18|ELMO1|HPRT1|PDS5A|OAT|RRAS2|NKRF|ATP1B3|NUP160|PER2|PMS1|HOMER1|NUP133|LAMA2|MAMLD1|TXNDC9|NCKAP1|UBE2V2|UBA2|CDK2AP1|HMGN4|CHSY1|CCT4|PRR3|MAPRE2|HPS5|EIF3J|CAND1|PSMA6|IDH3A|IPO5|PPP2CA|PDIA3|NUP88|ADO|QDPR|SUCLA2|ADARB1|NSMAF|XPOT|GGCT|TIMM17A|ZNF195|STK4|RFC3|MMACHC|IL1R1|UTP25|SRPK1|IDI1|DIMT1|AHCY|PNP|PPAT|SORD|SNRPD1|VDAC3|FAM98A|WDR43|CANX|IMMT|DNAJC3|PDCD2|EXOSC8|HCCS|AGO2|MRPS27|RPA3|HNRNPA3|R3HDM1|CALU
GSE45739_NRAS_KO_VS_WT_UNSTIM_CD4_TCELL_DN	0.0220144752714113	0.24428444416575	0.337827967351754	1.28030159652546	72	187	ST8SIA4|ZBTB26|ARRDC3|BCAR3|AGA|BMPR2|DET1|PTER|SLC25A46|TBC1D2B|AMZ2|SIAH1|NIPSNAP2|DCTN4|CKAP2|RNF103|ADD3|DENND4C|INTS8|METTL21A|MTSS1|PLA2G4C|TPTE|DAZAP2|CAPRIN1|SRP9|PCCA|DYRK1A|ETV7|FTO|ADNP|DECR1|FBXO33|NDUFB5|ZSCAN9|GOLPH3L|RCOR3|AFTPH|CFAP20DC|CD47|TIA1|ZNF217|RACGAP1|MRPL30|CLCN3|CCDC90B|PLCB1|ERCC5|PSIP1|ZFAND5|LIX1L|GTDC1|VPS4B|VPS37A|FUCA1|TFDP2|MBTD1|SENP7|PALS1|LTA4H|ATRAID|TCAIM|CD46|GPSM2|STAT1|TP53INP2
MEISSNER_NPC_HCP_WITH_H3K4ME2	0.0220240508039454	0.24428444416575	-0.326824698700276	-1.24041109821718	162	392	TMEM238|SLC2A4|ESPN|ERFE|TCEA2|COL18A1|PTPRB|COL25A1|TSC22D3|SYPL2|DYSF|SEMA4D|PITPNM3|CRLF1|TENT5B|TMEM117|ACE|ABCB4|SEMA3F|CBS|MT2A|SHISA7|BSN|MLXIPL|KCNH4|PPP1R14A|N4BP3|SLC35F3|AATK|DNAJC15|ADAMTSL4|GIPC3|AEBP1|YBX2|ATP1A3|MFSD2A|FGF12|SVOP|MPG|HPS1|ATP9A|RASGRP1|SAMD10|LSR|C19orf67|SPINT2|RHOF|PEX7|PGF|NRTN|PM20D2|DIPK1C|VWA1|ZDHHC23|ADAM11|PCED1B|LRRC75A|YDJC|LTBP4|KCNE5|DLK1|SLC12A7|EMP2|KCNK6|CREB3L1|RAI1|IL17RA|MAP4K2|ANKRD13D|CEBPB|MAPK8IP1|PLD2|UCP2|NENF|PACSIN1|EPOP|RAP1GAP|GRTP1|FHDC1|FGF2|DLL3|WNK4|SLC16A9|NRIP3|CEP170B|GRIN2D|HS3ST3A1|STARD10|PARP12
MOREAUX_MULTIPLE_MYELOMA_BY_TACI_UP	0.0219378427787934	0.24428444416575	-0.340851801284312	-1.26715114113097	155	302	SEMA4G|HSPA6|POU2F2|MAPK8IP2|MIR9-1HG|RHPN1|PLLP|SEMA3F|EPB41L1|ITPKC|SNN|CXCL1|NOXA1|SYNGR1|PLXNA1|TMEM63A|TNFRSF8|NTRK3|LINC02574|SLC6A8|ODAD3|ACSL6|STYK1|RPL18|GLG1|B3GNT4|DUSP8|LINC03100|TRIOBP|ACTN2|RBM38|CASZ1|SLC6A13|NRG1|ADAM11|EPHB6|CRYM|MMRN2|IL18BP|KIF5A|GNA11|KMT5C|KLK13|RIN1|RAB11FIP5|AFDN|CDC42EP4|MOSPD3|ZNF263|ULBP1|NR4A1|SZRD1|DDAH2|SPATA2L|ARFRP1|TUBB2B|RGS12|GCHFR|RPL37A|RNASE1|AKAP7|SASH1|MEF2D|CEP170B|DUSP9|NOCT|LMNA
GSE18791_UNSTIM_VS_NEWCATSLE_VIRUS_DC_2H_UP	0.0220855024451806	0.244689825738727	-0.409861508135987	-1.37531795538584	139	116	MAEL|FBXL2|AQP1|PURG|SYPL2|ENSG00000257176|CNTNAP3B|KIF24|NALF1|RBM20|CLN3|FGFBP3|LINC01512|PNPLA1|ENSG00000284691|ODAD3|CRB2|DIPK1C|GALR3|LINC02901|PAEP
GSE33292_WT_VS_TCF1_KO_DN3_THYMOCYTE_DN	0.0221093516582014	0.244689825738727	0.336077789168952	1.27927028096153	73	191	TTK|CDC7|CCNE2|PLK4|DCLRE1A|NEDD4|CKS2|TOP2A|GNAQ|RFC4|KIF11|LDHA|PRIM1|KIF20B|MACIR|MTHFD2|CCNB1|ARHGAP11A|SPRY2|SACS|TOB1|HPRT1|GINS1|POLA1|OAT|GCLM|NDC80|GMPS|TMEM106C|USP14|COPS3|PSCA|PSMG1|LINC00342|CDK1|ADK|LCP1|RFC5|DBF4|BUB1|ACAT1|BAG2|NET1|GART|GGH|CDKN3|STIL|ZWINT|ACAT2|MPHOSPH6|NUP155|HLTF|NEMP1|BLM|CENPE|SLC39A8|FABP5|PAICS|SKP2|AHCY|CDC25C|BCAT1|BUB1B|EXO1|GPSM2|KNTC1|ACOT7|WDR43|DLGAP5|CSE1L|WAPL|KIF23|SLC27A2|FKBP4|MELK|NCAPH
GSE2706_R848_VS_LPS_8H_STIM_DC_DN	0.02215279750071	0.244900640211594	0.353353346440436	1.30953960830379	77	155	AIM2|TTC39B|FEM1C|ENTHD1|PGAP1|CPNE8|TNFSF4|PLD1|CPEB2|NBN|PLCL1|TAB2|CD80|PEAK1|C17orf58|TSC22D2|CAPN2|PLEKHF2|SIAH2|ERP44|AGK|SLC2A13|PXYLP1|POPDC2|MAMLD1|MAGT1|MICALL1|JAK2|ERO1A|SQOR|UBE2E1|RAP2C|PELI1|TMEM50A|DDX60L|MTMR4|SSR1|SCG3|GBE1|KDM6A|TIA1|PDIA3|TMOD2|SGMS1|STK4|NEMP1|BHLHE40
GSE22025_UNTREATED_VS_TGFB1_TREATED_CD4_TCELL_DN	0.0222053231939163	0.245128205128205	-0.378312338477645	-1.32251378418065	145	164	MTCL1|NHLH1|ANPEP|SCN5A|PTPRU|NDUFB8|TLR6|ADGRE5|EPS8|SLC12A4|EPN2|DBP|SOD3|ATF6B|ITGAX|HAS1|RND1|PCOLCE|CPS1|PTK2B|PRSS53|MDFIC|EPHB6|GUCA1B|GBP2|NLRP1|SEMA4F|DLK1|ID3|DHRS3|ACACB|AFDN|DNAH3|SPATA2L|CCDC9|CEL|RGS12|ZNF133|IRF9|LPAR2|GATA2|EML2|MAGEC1|TIMELESS|ESYT1|THRA|PCBD1|APOBEC3B|STK35|TCTA
IKEDA_MIR1_TARGETS_UP	0.0222222222222222	0.245128205128205	0.462526973941907	1.44770279417737	90	52	ARRDC3|PDCD10|FNDC3B|ARF4|YWHAQ|NFAT5|PICALM|EFNB2|GNPDA2|YWHAZ|HNRNPK|DDX3X|CLTC|CITED2|ARCN1|SEC62|SPRED1|ATP6V1A|SEC63|CORO1C|E2F5|TBC1D15
BENPORATH_OCT4_TARGETS	0.0223243598161523	0.245334268310198	0.315986311170212	1.24133006419587	67	259	DPYSL2|RAD54B|FOXO1|PPP2R3A|WDFY3|CDC7|NAA30|CAPZA2|TOP2A|B3GALT4|SMARCAD1|PTPN2|LHPP|AASDH|H2BC21|RIF1|ANKHD1|ARMCX5|TMEM30A|SORBS1|SLC44A1|MKRN1|ADD3|PLAA|TCF12|SKIL|ZDHHC6|SNRPN|HESX1|SFRP2|MCC|FGFR1|MYEF2|GATA6|LEFTY2|TRIM24|AUH|ATP6V1D|GNG10|CDC14B|EXOSC9|CDK17|DPH6|UFM1|TSTD2|RAB5A|WDR36|RESF1|EIF2S1|RPS3A|KDM3A|KIF15|SMIM3|UBE2D3|HMG20A|ZMPSTE24|CA2|EFL1|ZKSCAN5|PRR11|FBXW11|NCBP1|SFXN1|SPRED1|WEE1|RBM22|SGMS1|SLC4A1AP|PPP2R1B|ATAD2|BUB3|REST|PCLAF|POLR3G|SSBP2|ARID1B|TAF12|COMMD3|PHF8|BUB1B|USP44|BAG5|DUSP12|OGA|PSMA3|TRPS1
GSE23321_CD8_STEM_CELL_MEMORY_VS_EFFECTOR_MEMORY_CD8_TCELL_DN	0.0222958722506779	0.245334268310198	0.334518840021178	1.27843995190344	73	196	DPYSL2|FEM1C|GNA13|RNF11|HERC3|GNAI3|TBCA|PEX3|KIF11|DDR2|CCNA2|MEF2C|TMEM59|ABCD3|LYPLA1|SDCBP|FNTA|ETFA|RBL2|PJA2|GPR183|GPNMB|BDKRB1|PSMG1|RAP1B|VAPA|PDS5B|TMF1|PCF11|TDP2|SLC25A14|IL10RA|RRM2|ACLY|AP4S1|COX7B|GBE1|VDR|RNF14|PHF3|CA2|TUT4|BCLAF1|SLC25A5|RAB14|ARCN1|GARS1|SSBP1|TAX1BP1|DSTN|DLD|IL1R1|DLG5|NUP50|COPB1|R3HCC1L|LAPTM4A|BICD2|KPNB1|ERCC4|ALDOA|GNE|GOT1|MRPL33|ZFP36|ATP5MJ|VDAC2|MSL1|FOSL2|OARD1|TCEA1|KIF23|EXOSC8|PTPN18|RYBP|ATP6V1G1|UBE2D2|NSL1|PLD3|TNFAIP3|EIF2S2|ELP4|MDH1
MANNE_COVID19_ICU_VS_HEALTHY_DONOR_PLATELETS_DN	0.0223386651958081	0.245334268310198	0.371214920757663	1.3313922294332	80	122	NXT2|SETD7|DCK|ENKUR|ENTHD1|ZNF367|TBX3|TC2N|ITGB3BP|CEP128|TTPAL|HEMGN|TFPI2|PLCL1|ST8SIA6|LYSMD3|UTRN|PRIMPOL|MEX3B|H2BC7|TGFBI|IGFBP5|BACH2|ERV3-1|SCIN|TMEM70|IFT70A|FTO|ZNF117|CA2|MFAP3L|LEPR|PLCB1|ALDH1A2|SLFN14|PAPPA
REACTOME_CLASS_I_MHC_MEDIATED_ANTIGEN_PROCESSING_PRESENTATION	0.0222709017889741	0.245334268310198	0.299840419165668	1.21440509041572	60	358	KBTBD8|TRIM69|HECW2|MEX3C|UBE4A|FBXO2|CD36|RNF217|LONRF1|GLMN|KLHL13|HERC3|FBXW8|DET1|HLA-B|SEC24B|ASB9|PRKN|PSMC6|LTN1|BTBD1|NEDD4|PSMC1|UBA6|DTX3L|CTSS|HACE1|UBA5|PSMD5|RNF138|FBXL8|PJA1|SIAH1|RCHY1|PSMA1|PSMA4|FBXO30|UBE2N|FBXO44|MKRN1|RNF115|SIAH2|RNF6|LMO7|UFL1|PSMD6|RNF182|SAR1B|PJA2|CDC27|ERAP2|ZBTB16|FBXO15|UBE2E3|HLA-C|ASB3|FBXO27|UBE2V2|PIK3C3|FBXL4|UBE2E1|KCTD6|UBE2W|CUL2|BECN1|SEC23A|SEC24A|UBE2D3|WSB1|KBTBD6|CYBB|PSMD10|SKP1|PSMA2|TRIM32|CHUK|PSMA6|RNF25|CUL3|RNF14|HECTD1|UBE2D1|PSMC2|PDIA3|PSME4|ASB12|HMGB1|FBXW11|VAMP3|ANAPC10|KLHL11|CUL5|PSMD14|PSMD11|ASB8|ITCH|UBE2V1|HERC4|PSMC5|LNPEP|UBE2A|LRR1|BTK|SEC61G
GSE21379_WT_VS_SAP_KO_TFH_CD4_TCELL_DN	0.0224555263925343	0.246348168227605	0.348559901491891	1.2981038720246	76	163	CNRIP1|PITPNC1|ITGB7|NLGN2|MX2|RGS2|CCL5|RNF217|MS4A6A|NECAB1|CCL4|RRM2B|DNAH8|B3GNT5|PIK3C2A|CHDH|PEAK1|CFAP210|WDR35|DMXL2|TRIM2|IFFO2|SYNE2|MMP11|RSAD2|ZBTB16|ACOT11|IFIT1|HNF4A|RUNDC3B|TMEM74|NPAS3|LGALS4|NRXN1|RNF144A|CDC14B|LDHB|OSGIN2
CREIGHTON_ENDOCRINE_THERAPY_RESISTANCE_5	0.0225352112676056	0.246952457100683	0.290209759342318	1.19420506229018	55	442	TMTC3|ZC2HC1A|TTC39B|NXT2|NIPSNAP3B|STK38L|AKTIP|DOP1B|GPR160|PRKCH|PCOTH|CFL2|TC2N|RNF11|CDS1|GOLPH3|PKD2|FGF13|YIPF1|EGLN3|TMEM135|SOCS6|HACD2|ARID5B|CPEB2|MEF2A|CCDC68|PPP1CB|PI4K2B|RAB22A|TMEM59|MAPK6|RNF103|SH3BGRL|PPM1A|THOC2|ARF4|UBE2N|TSPAN13|UTRN|PLEKHF2|TJP2|SC5D|SCCPDH|WSB2|FNTA|PDE8A|NFAT5|GABBR2|RAB11A|EPS15|PSMD6|SAR1B|LINC01138|DRAIC|EFNB2|SLC4A11|LFNG|COPZ2|EPB41L4A|GATA6|EPB41L4B|GPR157|ATP8A1|SGMS2|TMEM178B|ICA1|ELL2|LITAF|FOXP1|CAB39|RHOA|SLC20A1|NATD1|TMF1|MTMR12|NCAM2|SQOR|CTNND1|ACSL1|MBNL1|BCDIN3D|POGLUT3|CAP1|DOCK11|B3GNT2|AP1G1|WIPI1|CASP3|SAMD4A|CPNE3|FZD4|RFK|CLTC|DRAM1|FILIP1|ZBTB21|HACD3|NET1|TRAFD1|LRP11|ZNF823|RICTOR|SFMBT2|VMP1|NF1|QKI|TMEM245|GLTP|MFAP3L|CTNNB1|GOLGA7|PLBD1|IL13RA1|EFR3A|GALNT10|SPRED1|BRWD1|PTPRJ|RAB1A|MFSD6|ASAH1|MIOS|KLHL7
BILD_CTNNB1_ONCOGENIC_SIGNATURE	0.0226405494785042	0.247081121440117	0.41765563685908	1.38869560354436	88	74	ARL5A|GNG12|PTHLH|TMCC1|NCOA3|RUNX2|LRBA|PIK3C2A|DDR2|NEMF|THOC2|WASHC4|CBX3|COL8A2|DDX52|CHD9|ZMAT3|SMC3|MED31|FGD6|NEK1|QKI|FRYL|RBM25|SREK1|FBXO11|ASH1L|TOP1|NR3C1|SRSF10|DHX36|SMG1|ELF1|SECISBP2|TNFAIP3|ABI2
GSE13484_UNSTIM_VS_YF17D_VACCINE_STIM_PBMC_UP	0.0226586102719033	0.247081121440117	0.333533362962058	1.27534980685713	74	197	UBE4A|KCTD12|MAN2B1|ZNF354A|ABITRAM|DOK2|SEC24B|SHLD2|LTN1|REV3L|HACD2|SLC25A46|AMZ2|PPP6C|AP1S2|MYCBP|NIPSNAP2|PPIP5K2|GDI2|ARMCX5|RMND5A|ZNF34|RPL21|NKRF|XPO7|SPAST|AP3S1|COPS3|PJA2|HECA|MTSS1|ZBED5|EDC4|TMF1|KLHDC2|SRSF8|NR2C1|LCP1|TSN|NARS1|ACTR2|CACYBP|SSR1|TRBC1|PTP4A2|CHD9|KDM3A|SEPTIN7|SEPTIN2|KIDINS220|DCP2|PUM2|ANP32B|TTC3|TUT4|PARK7|API5|ERCC5|SRSF1|XPOT|AGO1|ASAH1|SLC35A1|ATP5PB|HLTF|SHCBP1|DSTN|ZDHHC7|NUP50|MBTD1|PFDN5|DKC1|PEPD|SUN1|RNF130|RPL22|CPSF6|TOP2B|ZC3H14
GSE30971_CTRL_VS_LPS_STIM_MACROPHAGE_WBP7_KO_4H_DN	0.022593896713615	0.247081121440117	0.348022584734339	1.30055332996472	76	168	DISP1|ITGB7|STK38L|LPXN|TM6SF1|FAM135A|GNA13|CD36|LST1|SLC49A4|SLC22A4|ITFG1|CAMSAP2|HAT1|HNRNPLL|ME1|DLC1|H2BC21|NSUN3|TNFSF13B|ABCD3|SLC25A40|YWHAQ|AP3M1|IRGQ|C5AR2|S1PR3|DOCK10|FPR3|GJC1|SPP1|ABCA6|SERPINB5|ITGB2-AS1|TRIM24|SKAP2|C1orf54|PAPSS1|MAP4K3|MBNL1|CELF2|RBPJ|RAPH1|DBF4
MATTIOLI_MULTIPLE_MYELOMA_WITH_14Q32_TRANSLOCATIONS	0.0226014760147601	0.247081121440117	0.56451542922452	1.54214772534299	97	27	DPYSL2|ITGB7|SRC|GNAQ|FAM174B|IL6R|BEX3|PKP2|CYBB|GALNT10
REACTOME_PURINERGIC_SIGNALING_IN_LEISHMANIASIS_INFECTION	0.0226700251889169	0.247081121440117	-0.620561722679715	-1.54742665037615	125	22	C3|PYCARD|P2RX4|GSDMD|ENTPD1|IL1B
GSE16385_ROSIGLITAZONE_VS_UNTREATED_IFNG_TNF_STIM_MACROPHAGE_DN	0.0227510851668912	0.247695653910254	-0.371846636176167	-1.31748257544137	151	183	LAG3|PLEKHN1|COX6B2|NEIL1|NDST2|SYTL1|C1QTNF12|BCL2L12|KIF1A|ITPKC|QSOX1|ACADS|ZFPL1|DDB2|CCS|GSDMD|COMMD4|ATF6B|PRKCSH|TCP11L2|PFN4|TMEM38A|PIK3IP1|KATNB1|ELMOD3|STX4|KCNJ15|VPS18|PNKP|BIN1|CRLS1|SUPT5H|RNF181|MED24|NECAP2|DECR2|TTC4|TBC1D25|TSEN34|ACAA1|PARP3|MYL6|GPS1|METTL6|ITGA5|FLOT1|ERP29|METTL17|TPRA1|ECH1|EML2|TMEM183A|NELFB|OXA1L|PPME1|TRIM11|RFXANK|CHCHD5|NRBP1
GOUYER_TATI_TARGETS_DN	0.0228770131771596	0.247880843763403	-0.694353051601145	-1.58568182698231	124	15	TAGLN|MAPK12|IGFBP2|MCAM
GSE14769_UNSTIM_VS_60MIN_LPS_BMDM_DN	0.0228846732911774	0.247880843763403	0.338526055785949	1.27894531405046	75	183	FEM1C|CD83|MEX3C|CD69|FOXO1|KCTD12|CCL5|HLA-B|CCL4|TMCC1|CLDND1|TLE4|HNRNPLL|HIF1A|CCRL2|OTUD1|INTS13|PHLDA1|UAP1|ETV3|RNF103|SPRY2|TOB1|IRGQ|PICALM|TRIM13|IFRD1|SIAH2|MAPK8|SKIL|SLC38A2|NUAK2|SLAMF7|EGR2|CDK17|MTMR12|HERPUD1|IL10RA|FAM133B|REL|DDX5|DNAJA2|B4GALT5|ZNF654|ZNF800|WSB1|DHX15|SDE2|MYC|CITED2|GTF2B|ZMYM2|ETF1|STIL|PLSCR1|ZFAND5|SGMS1|TIPARP|RIPK2|ANKRD33B|USP16|ATL2|FZD5|PNRC1|ATF3|TNFSF9|VIM|MCL1
GSE28726_NAIVE_VS_ACTIVATED_CD4_TCELL_UP	0.0227988600569972	0.247880843763403	-0.369454209911365	-1.31160241043744	151	189	TPM2|CCR7|CYFIP2|IL11RA|COL14A1|SEC31B|CD37|CYLD|RPS28|RPS20|PBXIP1|IFITM1|MAPK11|GDPD5|ASIC3|ACAP1|TNK2|UBA7|ETHE1|ARHGAP4|ARHGAP45|GCA|CASQ2|LGALS3BP|PIK3IP1|DGCR2|PTK2B|H4C2|MX1|MUC1|TRADD|BIN1|CCDC57|PPP6R2|RPS16|HPGD|DGKA|GPSM3|SLC2A3|MAP4K2|PPARD|SGK1|ENTPD6|MAP3K3|VPS11|ID1|GIPC1|MFGE8|ICAM3|ITGA5|DPY19L1|TRAF3IP2|LPAR2|MXRA8
GSE4984_GALECTIN1_VS_VEHICLE_CTRL_TREATED_DC_DN	0.0228915662650602	0.247880843763403	0.337357809096172	1.27813553013495	75	186	SEMA3A|PRNP|AACSP1|PANK3|TMEM209|H2AC17|UBA6|CCT8|RIMOC1|TXNL1|MSH2|PTGES3|TMED2|ZRANB3|PLAA|PPIL1|DCAF13|MAPK8|KPNA2|RBM4B|CARD9|KCNK15|PLXNC1|CHAC2|SCFD1|ALDH9A1|MCTS1|DUSP10|CAB39|NDUFV2|PPA1|CPOX|C10orf71|DONSON|BTBD10|NAA25|CREG1|EMC2|RHEB|CLIC4|SSR1|TSG101|PEX13|TFE3|HPS5|NDUFB5|TRAFD1|SPTSSA|MRPL38|THPO|TIAM2|RPA2|ARL4A|SEC23IP|ZC3H15|STIL|PANX1|GNL3|ATAD2|HLTF|PPID|TFRC|UBE2A|NUP50|HNRNPA2B1|DIMT1|PARP9
KYNG_DNA_DAMAGE_UP	0.0228351126927639	0.247880843763403	0.343193911362317	1.29068331135971	76	175	DLX4|MPP3|ADAMTS3|PDCD10|CKS2|MGAT2|LRBA|IL18R1|PHLDA1|SGPL1|PLCL1|SIAH1|MEF2C|SMAD4|UBE2N|SP3|RAB6A|SEC22A|LDHD|LIPC|FRZB|FBLN1|APPBP2|SIRT5|NFYB|KCNK1|DBT|CTNND1|HBEGF|PCDH1|DDX18|THOC1|CRABP2|AP1G1|ZNF507|MYB|SEC23A|CYBB|PFN1|PHF3|KIF14|LINS1|ERCC5|RNF168|NCOR1|HELZ|CNKSR1|IL1R1|TFDP2|AHCY|DOCK2|SLC30A5|HIBADH|ATP5MJ|PPP3CA|RAB9A|RPS6KA3|ATP7A|PDCD2|RPS6KB1|RAB1B|GDF11|VASP|RAB7A
MOREAUX_B_LYMPHOCYTE_MATURATION_BY_TACI_UP	0.0229941291585127	0.248627929306166	-0.450146171638564	-1.42439074568569	140	75	POU2F2|MAPK8IP2|MIR9-1HG|RHPN1|SNN|CXCL1|NOXA1|PLXNA1|NTRK3|LINC02574|SLC6A8|ODAD3|STYK1|TRIOBP|EPHB6|GNA11|SPATA2L|TUBB2B|RPL37A|AKAP7|SASH1|CEP170B|LMNA|KCNH2|CDKN1C
ZHENG_FOXP3_TARGETS_IN_T_LYMPHOCYTE_DN	0.0230100962667293	0.248627929306166	0.518579567230493	1.50206897798067	97	35	TGFBR2|TESPA1|PTBP3|UTRN|RCBTB2|SYNE2|GFI1|BACH2|FOXP1|CDK17|PELI1|WIPF1|BCL2|RAPGEF6|PTPRC|PTGER3|PRAG1
HOWARD_PBMC_INACT_MONOV_INFLUENZA_A_INDONESIA_05_2005_H5N1_AGE_19_39YO_AS03_ADJUVANT_VS_BUFFER_1DY_DN	0.0230851825340014	0.249171034705706	-0.625775852243779	-1.5478546513712	128	21	SHANK1|TPBG|STYK1|HSPG2|NDRG4|MMP15|MFGE8
CHYLA_CBFA2T3_TARGETS_DN	0.0232286340394449	0.249378640094061	-0.359475473244888	-1.29936280125163	158	223	MXD3|ERFE|ACKR1|FN3K|SAMD11|C1QTNF12|IRF7|FZD7|FAM234B|PHYHIP|KRTCAP3|ZBTB46|LCAT|C17orf99|GTF2H4|SLC29A1|MYL11|SLC12A4|CLCN2|SLC7A7|BCAM|TRIM10|AHCYL2|DKKL1|AQP11|DUSP8|ZNF316|PM20D2|RECQL4|TINAGL1|KEL|CCDC74B|SEMA6A|C3orf80|TKTL1|GAL|IGF2R|ASNS|SLC22A23|IGSF3|SPHK1|SMIM1|PAQR4|CARHSP1|CETN4P|CENPV|BLVRB|FHDC1|TEX264|DYNC2I1|P4HA2|TFR2|GSTP1|LMNA|MFSD9|DNASE2|SLC38A5|ENPP3
DEURIG_T_CELL_PROLYMPHOCYTIC_LEUKEMIA_DN	0.0232088799192735	0.249378640094061	0.308215752162444	1.22604631235391	68	292	EOGT|ZNF731P|GPR137B|MSL2|ZNF14|TGFBR2|CCL5|GLMN|KLRF1|CCL4|CHN1|TRIM23|HAT1|ANKRD49|GNAI3|TESPA1|IL18R1|LGALS8|TAB2|MT1X|DCLRE1C|RDX|RTN4|CAPN2|WSB2|PPP1R12A|HSPA14|PGRMC2|ZNF37BP|BCAS2|EPS15|PJA2|CNOT7|RCBTB2|GFI1|SNHG14|SYNE1|SYT11|SGCB|SYTL2|XCL1|DLAT|ZBED5|MED17|NDUFV2|USP47|CIR1|SRSF8|TCAF1|RAP2C|NR2C1|THOC1|TRMT11|BCL2|ZNF292|B3GNT2|HBS1L|CCSER2|CUL2|TRBC1|RABGAP1L|ABCB1|SEC23A|TASOR|ANKRD12|ACAT1|NPAT|TRAFD1|ATG12|PPP1R16B|PLAAT4|PPWD1|TOR1AIP1|SERINC1|GTF2B|PSME4|PTPRC|CEP57|GALNT10|INTS6|RBM48|CUL5|WBP11|TIPARP|BRAP|USP16|DNAJB6|USP48|TGFBR3|FCHSD2|THUMPD1|IDI1|ATM|ZBTB38|EIF1AX|FUBP1|DEGS1|MTMR9|OPTN|N4BP2L2|NUP58|YME1L1|FAM98A|DUSP12|OGA|MCM9|EED|MAP3K5|TBC1D4|NFX1|TFIP11|SNRK|ARHGAP25
GSE22886_TH1_VS_TH2_48H_ACT_DN	0.0231660231660232	0.249378640094061	0.331877724891373	1.26947712914247	77	195	PRNP|FOXO1|RNF11|HERC3|TRAPPC8|IL10RB|PKD2|DNASE1L1|NCOA3|EGLN3|CD164|CLDND1|CNIH1|IMPACT|FOXN3|GNAQ|RALGAPB|PLCL1|PARP11|RGS9|ZNF468|AKAP11|SMAD2|CRLF3|SH3BGRL|ZNF274|TMED2|MKRN1|LRIG2|SDCBP|DENND4C|SCP2|RSAD2|PTPN14|PLA2G4A|INPP4B|PLXNC1|RNF125|CAB39|JAK2|UGP2|FAM200C|RTN3|TRIM52|ZNF623|KRBOX4|ACTR2|SSR1|CASD1|BFAR|DNAJB9|CLGN|GDE1|TIPRL|ZNF217|RBM47|PTPRA|PHIP|H2BC8|PARP4|VPS4B|ATP6V0E1|HERC4|LNPEP|GIN1|PRKCQ|LAPTM4A|PEX11B|DOCK2|NT5C2|ARG2|HEXB|KRCC1|EFCAB14|PRKX|AMPD3|CDK19|DROSHA
GSE29949_CD8_POS_DC_SPLEEN_VS_DC_BRAIN_DN	0.0231915220396253	0.249378640094061	-0.382283570769078	-1.32844779640875	150	157	MC1R|FSTL3|SLC30A4|STX11|GNRH1|TYMP|IRF7|PPFIBP2|PBXIP1|PLXNA2|MYO1A|ABCA4|ATG9A|APOD|EXTL1|UCP3|CYTH3|CLCN7|SERPINE1|CYP2F1|ST8SIA5|H4C2|MX1|STK19|DCT|ISG15|PPP6R2|STON1|RIN1|WDR13|NOL3|ARFIP1|ITGAV|SPATA2L|LIFR|ACVR2B|RNF24|IQCK|LMNA|MINK1|HBZ
GSE39820_IL1B_IL6_VS_IL1B_IL6_IL23A_TREATED_CD4_TCELL_UP	0.02322206095791	0.249378640094061	0.347639096875445	1.29293127651836	79	161	AJUBA|PITPNC1|ALX4|SLC18A2|TTK|PLCE1|C3orf18|HYKK|MX2|HLA-B|PRMT9|FGF13|RNF43|SFT2D2|ABHD17B|TEX15|DTX3L|PARP11|ST8SIA6|PROS1|CMPK2|DDHD1|P2RX7|MYOM2|RSAD2|EGR2|SHTN1|LITAF|MYO6|FASTKD3|HUS1|NAMPT|CASP3|RFX7|NNT|BACH1|CFAP20DC|PPP1R16B|MGST1|PHF3|SNTB2|MFSD14B
GSE3982_BASOPHIL_VS_EFF_MEMORY_CD4_TCELL_DN	0.0232558139534884	0.249403697078116	-0.375345831593734	-1.31998829880517	153	173	GAA|AQP1|PURG|GLB1L2|FLT3LG|OR2B6|DIAPH2|TRPV2|CLDN6|ITIH5|DOHH|ANKS1B|KLF12|DCAF11|PLEKHG6|SLC19A1|LRCH4|SCAND1|PPM1F|ZNF446|CHMP6|PRDM12|SV2A|SEMA3G|LIG1|AMPD2|TSC1|POLD1|CAD|GAK|WDR18|RAB11FIP5|PHC1|ITGB1|SZRD1|WIZ|MOCS3|CLUH|ARHGAP22|DCTPP1|RPSA|OGFOD3|SIRT4|NUBP2|GRIN2D
DORMOY_ELAVL1_TARGETS	0.0235346358792185	0.249990132228143	0.657174360136217	1.57403522926304	105	16	CDC7|PDCD10|CNNM2|CCNA2|MYT1|CDK2|BAG2|CDKN3
GSE13306_RA_VS_UNTREATED_TCONV_DN	0.0235123367198839	0.249990132228143	0.347012184164164	1.29059967728413	80	161	ZC2HC1A|MYO1F|NOS1AP|DCK|MATCAP2|PAOX|RYR1|SLC25A44|MME|IL18R1|RAMAC|EIF4E3|TTLL7|ADD3|RBM4B|IPMK|MAD2L1|ABLIM3|KCNS3|LRRTM1|CDKL2|HSPB8|BEX3|RNF125|LITAF|IL10RA|BTBD10|UTP3|ZDHHC2|FZD4|UXS1|CS|SHISA4|DNAAF10|TRIT1|PSMA6|CD47|PAK1IP1
GSE17721_CPG_VS_GARDIQUIMOD_4H_BMDC_UP	0.0234879624192601	0.249990132228143	0.347253273774391	1.29903643829371	79	169	GABRG1|IFIH1|NUS1|ARID2|TNFSF4|EPS8L3|NMD3|HLA-B|NT5C3A|TMEM209|RUNX2|SOCS6|EVC|KPNA3|HNRNPLL|RARS1|STXBP3|CCRL2|RAB22A|TMEM168|PLGRKT|WTAP|MRPS6|TMEM140|TANC1|SLC30A1|UFM1|LIN9|CPSF2|CAP1|CDK2AP1|RFK|PPP3R1|AFTPH|AZI2|CR1L|ARL4A|SFXN2|PLSCR1|NDE1|MMS22L|IQGAP3|PRPF40A|TMCO3|SAV1|NUP50|ATM|ATF3|BLMH|TNFSF9|WASHC2A
GSE21379_TFH_VS_NON_TFH_CD4_TCELL_DN	0.0235030777839955	0.249990132228143	0.361495377278294	1.3147024278299	83	135	CD83|BCAR3|CD70|IGSF9|ARHGAP28|SMARCA1|CCN1|TEX15|PLD1|BACE2|LONRF2|HIC1|GCNT2|DDR2|CYP2R1|SLC2A13|LRP2BP|RASSF6|TENM2|RSPH4A|LRRN4CL|BDKRB1|HS3ST2|CDH7|GPLD1|BMF
GSE23502_WT_VS_HDC_KO_MYELOID_DERIVED_SUPPRESSOR_CELL_BM_DN	0.0234304595974767	0.249990132228143	0.34203593844633	1.28934210637295	77	180	LPXN|FCGR2B|ABHD17B|NABP1|LAMP2|DTX3L|HIPK3|BCAP29|PFKFB3|CD80|YWHAQ|RAB6A|PDE8A|ERP44|ZDHHC6|SLC38A2|EMILIN2|MTSS1|OOSP2|TMEM176B|AUH|NOP58|LITAF|RAP1A|PPA1|TMED5|VWA5A|UBXN7|ADK|RESF1|TRIP11|SCAMP1|EIF2S1|PTPN12|CLTC|S100A10|AKIRIN1|ACBD5|TTC33|ALDH2|HMGN3|VMP1|APEX1|STX7|CHD1|RBM47|SUB1|FUCA2|TAF4B|GNL3|NIPA2|PSMD14|RAB31|TIPARP|ANKRD33B|RIPK1|ZNF281|YAF2|PEPD|VIM|RIOX1|ARG2|STK38|SOS1|FOSL2|AZIN1|MRPL45|SH3GL3|CD68
GSE25088_CTRL_VS_IL4_AND_ROSIGLITAZONE_STIM_MACROPHAGE_UP	0.0234466588511137	0.249990132228143	0.345737118962696	1.29463230615868	79	170	GNRHR2|MPZL3|CD44|ARMCX1|TBCEL|KLHL13|TCF7|RUNX2|CLDND1|TOP2A|EXD2|MAP3K1|GNAQ|ZBTB18|PIK3CA|DCTN4|CDCA7|MAPK6|ARF4|RDX|METAP2|ATP1B1|PRKRA|IFRD1|ESD|POGLUT2|SLC38A2|SEMA6B|HSD17B11|SPINK4|GPR183|TGFBI|KIT|BEX3|SLC18B1|DUSP10|IFT57|RAB5A|TYMS|IL10RA|REL|HBS1L|PTK2|TARS1|CCT4|HSPD1|TFE3|RIOX2|ALDH2|KLHL6|BIVM|MAML2|HECTD1
GSE26488_HDAC7_KO_VS_VP16_TRANSGENIC_HDAC7_KO_DOUBLE_POSITIVE_THYMOCYTE_UP	0.0234260614934114	0.249990132228143	0.347788511291105	1.29352851546002	79	162	AJUBA|ZNF17|NOXRED1|ADTRP|NKIRAS1|PELI2|ZNF268|C2CD5|SELENOT|FGF13|ZFPM2|BRMS1L|HIF1A|NBN|KIF20B|TNFSF13B|BCLAF3|POLA1|WDR26|EARS2|CALD1|SGMS2|GNPDA2|UBE2E3|LRRC8C|SMG8|BTBD8|SAMD4A|HMGN3|KIDINS220|ANXA5|BRAF|TMEM217|CEP120|TAF4B|NUFIP2|PRDM2|CSAD|RAB31|HLTF|ALG10|ATXN7L1|ETV6|LMTK3|ZRANB2|LRRCC1
GSE30083_SP2_VS_SP4_THYMOCYTE_DN	0.0234466588511137	0.249990132228143	0.34585306260546	1.29506646372344	79	170	AIM2|TTC39B|NXT2|SLC35A3|SLAMF6|MX2|CREBL2|MS4A6A|GABRR2|HLA-B|HVCN1|RRM2B|DAND5|DNAH8|PDE3B|CTSS|IL18R1|TP63|ST8SIA6|PNPLA7|KHK|CRLF3|TJP2|TVP23B|IFIT3|SYNE2|ZBTB16|IFIT1|IFITM10|TTC39C|S1PR1|ZNF536|CYTH4|RNF144A|SCFD1|SKAP2|KLHDC2|TENT5A|ENDOD1|CYP4V2|CYBB|ZBTB25|VDR|NOD1|SMPDL3A|SNTB2
REACTOME_COLLAGEN_FORMATION	0.0233830845771144	0.249990132228143	-0.455323372262753	-1.42281677097457	140	70	COL18A1|COL25A1|COL14A1|ADAMTS14|COL1A1|PLOD1|SERPINH1|COL6A1|LOXL3|PCOLCE|LAMB3|COL6A3|PLOD3|P3H1|COLGALT2|CD151|BMP1|CTSL|PLEC|P4HA2|COL1A2
GSE3982_NKCELL_VS_TH1_DN	0.023688155922039	0.251354872246752	0.334451895703866	1.27078340437938	78	189	FBN1|PLA2G3|C3orf52|MED18|BMAL2|STEAP1|SLC22A1|CCL4|BLTP3B|CKS2|KIF11|PRIM1|KIF20B|DCTN4|MSH2|TSPAN13|SMC2|NCAPG|GCLM|IRGQ|NUP37|KPNA2|RAB11A|TMEM106C|RTRAF|GTF2A1|CNOT7|ARL3|RAD23B|EIF4E|PPA1|SQOR|FAM200C|HBEGF|KIF5B|RRM2|NME7|UBE2W|HBS1L|SNRPB2|TMEM70|FAM3C|RRM1|NIP7|MIS18BP1|BAG2|ANXA5|CLNS1A|IDH3A|RBM47|NEK2|SFXN1|GGCT|YWHAH|CKAP5|NUP155|BLM|NCAPG2|PSMC5|FABP5|PAICS
GSE29164_UNTREATED_VS_CD8_TCELL_AND_IL12_TREATED_MELANOMA_DAY7_DN	0.0238380809595202	0.252678623729318	-0.370846756358635	-1.31018172939996	158	179	GAA|SPIB|IL21R|PAK1|ARK2C|ACKR1|TIMP3|COX8A|SNN|PDLIM2|RABAC1|NDUFA2|TNFRSF8|PLEKHG6|SLC52A3|ICAM1|FYN|HSPB1|PIK3IP1|ZNRD2|MTLN|ECE1|TSPAN9|GDF9|PIGU|TAP2|NDUFA6|MCRIP1|JUNB|ZBTB10|PAQR4|MTMR10|RAB11FIP4|FAM98C|ATP5IF1|POLR1H|HSPBP1|SIGIRR|MREG|DYNC2I2|AP1B1
GSE15930_STIM_VS_STIM_AND_IL12_72H_CD8_T_CELL_DN	0.0239539114614918	0.253638568829594	-0.376254677555659	-1.31897919583696	157	169	GAA|GZMM|SCX|MC1R|SHF|MATR3|PBX3|LAMA4|TSPAN5|GTF2H4|PEMT|LAMA5|SH3BGR|GRIA3|SYT7|MSI1|IER3|PPIE|SNX21|NLRX1|HSPG2|FGD1|FOLR2|IRS2|TIRAP|P2RX6|EMC4|LTBP3|MORC4|THAP7|NAA80|TSFM|RNF181|NACC2|SIX5
GSE17580_UNINFECTED_VS_S_MANSONI_INF_TEFF_DN	0.0240213523131673	0.254084651759297	0.343039241293772	1.28846405637451	80	174	AIM2|TTC39B|LPXN|CD44|EFCAB7|CNR1|KAT2B|LGALS3|ST3GAL5|DTL|HIF1A|VPS54|HEMGN|BCAP29|ZWILCH|LZTFL1|CIBAR1|ARMCX5|NAA15|OLA1|ATG10|TMEM140|GFI1|IL1RL1|OTUB2|GNPDA2|ICA1|GNG10|RPS27L|ATP5F1C|CIR1|SOCS2|MBNL1|SSB|CMPK1|CDK2AP1|ABCB1|KLRG1|SMIM30|FAM241B|WSB1|RB1|SMPDL3A|TAF9|ING2|HNRNPA1|HMGB1|PTAFR|RYK|BHLHE40|TFRC|SLC39A8|SEC61G|S100A4|CDK6|PFDN5|TASOR2|NOTCH4|MRPS17|GATD3|MAIP1|RNF208
GSE17301_ACD3_ACD28_VS_ACD3_ACD28_AND_IFNA5_STIM_CD8_TCELL_UP	0.0241618846270009	0.254798594826572	-0.37439877006115	-1.3166577432587	159	173	MXD3|DND1|NEIL1|APOLD1|IRX5|ATP2A1|SPPL2B|LMF2|SLC29A1|TRAIP|H4C3|TSPAN4|ITGA7|MICAL3|DOHH|SERHL2|AEBP1|DBF4B|FASTK|RHOT2|RECQL4|PKMYT1|FANCA|LRRC20|ACSBG1|SLC1A5|HMGN2|CDCA3|KIFC1|RAD54L|GTSE1|HSPBP1|NCAPH2|CACNB3|PTGES2|MYBL2|TUBA1B|AP1B1|TROAP|TK1|RUSC1|SNAPC4|ESPL1|NRGN|CCHCR1|SREBF2|PPME1|CCNF|CC2D1A|NMU|ADISSP|MAST2|RAC3|KIF2C|RAG1|PTPA|ARID3A|KPTN|CDC42BPB|CIAO3|SLC25A10|AAAS|MAP1A|CEP85|LIMK2|GBF1|GSS|WDR62|TERT|DDX11|CENPM|SLC11A2|CFL1|SPACA9|TPX2
GSE43863_TFH_VS_LY6C_INT_CXCR5POS_MEMORY_CD4_TCELL_DN	0.024164999230414	0.254798594826572	-0.382996282874254	-1.32973821462807	156	156	CADM2|RAB4B|ENTPD3|SPON2|IFI30|MS4A13|KIF24|SPPL2B|ARHGAP33|DPH1|FOXD3|EPPK1|GON4L|SEMA3B|MAN1B1|CYP4F2|SIGLEC10|SELENOV|MYH8|LBP|GPC1|PPIE|THEMIS2|ZNRD2|PIGQ|SCARB1|RAMP1|ADGRB3|POLD1|ANKRD9|SLC37A4|SNRPD2|SPATA2L|VPS8
GSE9601_UNTREATED_VS_NFKB_INHIBITOR_TREATED_HCMV_INF_MONOCYTE_UP	0.0241545893719807	0.254798594826572	-0.39467500601041	-1.34742877305156	154	134	SP5|AMH|ESPN|SEC31B|ITGA4|TASP1|PSMB9|ZDHHC12|HBQ1|LMOD1|DEGS2|NBEAL2|APLP2|TPD52|ABCA4|PLXNA4|RIGI|KIFC2|HDAC4|CDH23|FHL1|ODAD1|IFITM3|IL18BP|PLK3|TUBB2B|RCN1|SAMD9L|DTNBP1|IFNGR1|TCHP|SOCS3|GATA2|ARMCX3|PRR5|CDKN1A
GSE20715_WT_VS_TLR4_KO_6H_OZONE_LUNG_DN	0.0242261103633917	0.254907437974555	-0.369836269540885	-1.3114363131638	161	185	NFKBIZ|ADAM19|WNT11|ADSS1|CDPF1|KLC3|RAB34|HEPACAM2|XAB2|CARD19|TNK2|NAT9|NRDE2|SREBF1|AEBP1|RSPH9|SCRIB|FOS|ABCB6|OS9|RECQL4|EFNA1|KEL|CDH23|CYP2F1|PIGR|ATN1|CEP41|BCL9L|ADPRM|HERC2|CSNK1D|USP36|KMT5C|CAPN15|MAP3K3|ACAA1|SMCO4|SOX18|RBX1|RDH13|SNX11|RPS27|POLR2A|NOSIP|SF3A2|LMNA|IFT46|CHPF2|INTS5|STUB1|HES1|JTB|EXOSC7|EMC6|MED16|CDC42EP3|DEXI|TBX1
KEGG_MEDICUS_REFERENCE_ELECTRON_TRANSFER_IN_COMPLEX_IV	0.0242227042660882	0.254907437974555	-0.66554719391074	-1.56961652963292	133	17	COX6B2|COX8A|COX6A1|COX5B|COX6B1
GSE45739_NRAS_KO_VS_WT_ACD3_ACD28_STIM_CD4_TCELL_UP	0.024287856071964	0.255289528010864	0.334094510379787	1.26942548312182	80	189	ZNF367|NMD3|DDIAS|ACTR3|DNTTIP2|ABHD3|SUV39H2|PJA1|CCT8|CCNB1|CRLF3|SEH1L|NUP153|FBXO30|TWF1|ETV5|RRAS2|CMPK2|CBFB|RPF2|MRPS6|PXYLP1|TOX|RAP1B|RRP15|CDK17|SAMSN1|TGFBR1|RRM2|BCL2|PRELID3B|SNRPB2|TMEM70|EIF2S1|KCTD9|SEC24A|NIP7|DHX15|SDE2|TRNT1|IDH3A|DCAF4|PTGER3|ADO|SPRED1|TIMM17A|SRPRB|LTV1|ATF1|REEP3|CCT6A|BCCIP|OTUD4|BZW1|DIMT1|PNMA8A|DKC1|TRMT10C|DRG1|BTG3|HSPA5|IMPA1|NUP58|ZNF584|PDSS1|KPNA4|PPP1R15B|SRSF10|ZHX1|SLAIN2|ZDHHC9|RYBP|SPRED2|NETO2|RBM18|CCND2|CDC6
GSE20152_SPHK1_KO_VS_WT_HTNFA_OVERXPRESS_ANKLE_UP	0.0243755642491724	0.255643887376267	0.336983455558396	1.27473981313225	80	184	LRRC8E|KRT8P12|AIM2|STK38L|OSGIN1|CSTA|CTF1|EIF2AK3|SFT2D2|HS2ST1|DNTTIP2|ENTPD7|PPP1CB|AMMECR1|PFKFB3|TAB2|RANBP2|RAB22A|GULP1|ARF4|ZNF274|PRKRA|MAPK8|KPNA2|NKAIN1|PLA2G4C|MAMLD1|MAP3K19|TNS4|EIF4E|MED17|RRP15|INSIG1|PIK3C3|FCGR2C|DONSON|HUS1|TOPORS|RAPGEF6|RHEB|ACTR10|CHSY1|PPFIBP1|TRBC1|SELENOF|UBE2D3|FBXO28|ANXA5|GABPA|AZI2|NUP88|NCS1|PRDM2|RBM48|CHMP1B|RAB1A|SGMS1|ASCC1|DDX21|ATF1|ITCH|CORO1C|TMEM87A|FBXO11|COPB1|ASH1L|TASOR2|BTG3
GSE24726_WT_VS_E2_2_KO_PDC_UP	0.0243757431629013	0.255643887376267	0.332272389491033	1.26945715049752	81	194	ZNF708|FCHSD1|C2CD5|MED18|CD36|GABRR2|DNASE1L1|RASSF3|NCOA3|TMEM135|ST3GAL5|BLTP3B|FAM107B|MEF2A|SMARCAD1|PEX3|AASDH|TMEM37|YIPF6|TSPAN13|RTN4|HPRT1|SNX24|RBM41|GCC2|DRAM2|NUSAP1|RCBTB2|CASP8AP2|GNPDA2|ZFAND4|RBM43|DYRK1A|PANK1|RBL1|TENT5A|CEP44|NFATC2|CREG1|WIPF1|CDK2AP1|CLIC4|PTP4A2|CACUL1|PDE7A|SMIM30|MAPRE2|TTC3|PRR11|FBXW11|ATP6V1A|RSF1|YWHAH|HPF1|CCNDBP1|SHCBP1|B3GALNT1|EIF4B|EIF4A2|DALRD3|TFDP2|PHKA2|CCDC66|EIF2D|ATP6V1C1|ANXA7|TMX4|DRG1|AKAP10|ERCC6L|RAD51AP1|GPSM2
SCHLOSSER_SERUM_RESPONSE_UP	0.0243979721166033	0.255643887376267	-0.41287557406281	-1.37531775829623	153	110	POU2F2|ACAP1|KLF12|CYBA|PCOLCE|IL2RG|OCEL1|KMT2B|PTK2B|NME3|PIGQ|PPP4C|IGHA1|CACNA1A|MXD4|SCAP|MYO9B|MAP3K11|STXBP2|GPSM3|CDK10|KIFC1|TAPBP|YJU2|KDM4B|ICAM3|CAPG|NR2F6|AP1S1|PLEKHM2|ERCC2|PITPNM1|TYK2|IRF1|BRD2|FLNA|RHOG|STX16|RELA|ACTN4|SIPA1|PDPK1|UBA1|CSNK1G2|SPTAN1|PCYT1A|JUND|ADA|RPRD2|CSK|RAD51D
YANG_BREAST_CANCER_ESR1_UP	0.0246288209606987	0.257793644216364	-0.558932689601843	-1.50820613808485	140	31	TNS2|WFS1|APBB2|CA12|GREB1|ESR1|MAGED2
GSE3400_UNTREATED_VS_IFNB_TREATED_MEF_UP	0.0246690734055355	0.257945998796631	0.338449260724157	1.27762710073819	81	182	MTMR6|GPR160|PLEKHM3|SERINC5|PELI2|LINC00921|CETN3|WDSUB1|MIR4453HG|ETFRF1|BNIP3L|PAIP2|AMMECR1|PJA1|ATG2B|MSH2|SH3BGRL|NBR1|GAS2L3|MFAP3|PROS1|DENND4C|ZDHHC6|MAPK1|HECA|GLIS3|DOCK10|UBE2E3|ZBED5|RAP1A|NDUFV2|CERT1|METTL14|RDH11|TSG101|PIGC|HMGN1|FH|ZNF304|TASOR|CITED2|TPST1|PPWD1|RACGAP1|TMEM245|MAPK9|ATP13A3|TNKS|GALNT1|GOLM2|GGH|ZCCHC9|HMGB1|MPHOSPH6|NUP155|ANKRA2|RAB4A|PHF21A|TMCO3|TRAPPC11|ZZEF1|DCAF12
CROMER_TUMORIGENESIS_DN	0.0248048568950564	0.25818270612475	-0.530455410686237	-1.48931692569274	142	38	KRT15|S100P|ECM1|NBEAL2|KRT4|APOD|FHL1|MUC1|SELENBP1
GSE29618_PRE_VS_DAY7_POST_LAIV_FLU_VACCINE_PDC_DN	0.0248577418388739	0.25818270612475	0.333453506630157	1.26825206651412	82	190	ELK3|NMD3|SLC33A1|CDC7|CUEDC1|EXOC5|CAPZA1|LTN1|ZBTB33|CCDC15|ACSF2|HSPH1|TSPAN13|WASHC4|RBM41|IFRD1|SAGE1|NUP160|PPP3CB|GPR183|MYEF2|ABCA6|CENPU|MICALL1|SLC25A3|JAK2|HUS1|SSB|PRELID3B|ZMYM6|DECR1|ACAT1|ADAM10|RIOX2|AZI2|GDE1|RAB3GAP2|TUBGCP4|ORC3|EIF3M|PTEN|API5|OPN3|MRPL3|RCN2|CAPZB|ARCN1|ATP6V1A|MRGBP|TMT1A|MCM3AP-AS1|TIMM17A|CIZ1|FKRP|NCAPG2|EIF4A2|GIN1|ANKMY2|OTUD4|TBL2|TM2D1|KPNA1|SCN9A|TAF12|RNF130|SP4|ABHD18|PAFAH2|KYAT3|ZC3H14|RRN3|GTF2H5|UBE2K|ALG5|BTAF1|UBE2B|CEP350|PRKCD|SNAP23|SETD6|ELF1|CEP290|EIF2S2|CEP55|PHKB|HSD17B4|EIF5|OXCT1|FASTKD2|UBR7|LSM12|DNAJC13|CDC16|APAF1
GSE31082_CD4_VS_CD8_SP_THYMOCYTE_UP	0.0247983268598745	0.25818270612475	0.33360206369758	1.26984650431988	82	191	LNX2|MPZL3|SERINC5|ZNF362|DOK2|LGALS3|DNAJC6|TTYH3|TRPM7|FOXN3|GNAQ|PPM1B|PAQR3|MRTFB|AKAP12|LYSMD3|AAK1|ARMCX6|WASHC4|TOB1|RAB6A|WDR26|CAMTA2|DENND6A|BCL9|PLXND1|HECA|IL6R|SERINC4|CD274|SYTL2|INPP4B|TRIM24|RAP1A|ROCK1|NFATC2|RAP2C|INPP5F|ZDHHC17|ERC1|ASCC3|CASD1|ZMAT3|NNT|LSM14A|ALDH2|RCOR3|HACD3|HMG20A|PWWP2A|SFMBT2|CITED2|SECISBP2L|IKBKE|ARHGAP5|GALNT10|NUFIP2|MRGBP|RSF1|MFSD6|UBE4B|AVL9|SLC35A1
GSE34156_UNTREATED_VS_24H_NOD2_AND_TLR1_TLR2_LIGAND_TREATED_MONOCYTE_DN	0.0248717550132131	0.25818270612475	-0.392050621604608	-1.34219385732428	159	137	VWCE|MC1R|BCO2|FGF14-AS2|TSSK3|WSCD2|ZNF710|MICAL3|OSBPL5|RELL2|YBX2|CCDC13|DNAI7|SMG1P2|DCHS1|TPH1|FSIP1|ZNF839|NDUFS8|NME3|B3GNT9|PM20D2|RBM38|DEFB119|EPHX3|IQCH|YY2|RAI1|GAK|DPF1|TSEN34|SLX4|B4GALT2|NISCH|MAP1S|MVD|CCDC8|CHERP|ZNF707|INF2|GAS6|MED16|CLEC16A|KIF2C|RADIL|ILVBL|PTPA|SLC9A3-AS1|ARVCF|CYRIA|ACAD10|AKR7A2|C15orf61
GSE37532_VISCERAL_ADIPOSE_TISSUE_VS_LN_DERIVED_PPARG_KO_TREG_CD4_TCELL_DN	0.0248505819440076	0.25818270612475	-0.405715748887228	-1.36466458960412	157	118	FMC1|SELENOM|FAM193B|AMDHD2|SYNGR1|GGA1|SNHG11|ATF6B|TEF|DENND1C|ATG9A|TMEM44|RGP1|TSHZ2|TMED1|YIPF3|MYO9B|MAP3K11|MED24|DHRS3|SFXN3|MFSD10|ZBTB5|REXO1|DOT1L|SETD1A|ERN1|ARHGEF1|PRICKLE3|SLC25A42|ADGRL1|INO80D|PRR14|PITPNM1|NCLN|SPHK2|PHF2|GNA12|GRAMD1A|VPS33B
REACTOME_DISEASES_OF_CARBOHYDRATE_METABOLISM	0.024780316344464	0.25818270612475	-0.570313234086165	-1.51672498074657	140	29	GAA|IDUA|EPM2A|SGSH|UBA52|UBB|DCXR|SLC37A4|GNS|GYG2
REACTOME_HDR_THROUGH_SINGLE_STRAND_ANNEALING_SSA	0.0247992442135097	0.25818270612475	0.504561082195433	1.48061982521325	104	37	RAD52|RMI1|NBN|RFC4|DNA2|RAD9B|HUS1|RFC5|RBBP8|RPA2|ATR|BRIP1|WRN|BLM|RFC3|ATM|RMI2|EXO1|ERCC4|RAD17|RPA3|BRCA1
GSE20198_IL12_VS_IL12_IL18_TREATED_ACT_CD4_TCELL_UP	0.0250074426912772	0.259055428003137	0.333333802454076	1.2717746631123	83	193	AIM2|TCEAL1|ZBTB12|TM6SF1|CD69|BCAR3|EIF2A|GNB4|ZNF277|B3GNT5|DDX19B|MACIR|PI4K2B|NDFIP2|PUS3|CEP135|CRNKL1|USP31|ESD|SMARCA5|CPSF3|RRAD|RAP1A|CPOX|CSRP1|MTCP1|FAM133B|DDX5|MRPS35|ZNF292|CUL2|MTA2|ACTR10|TMEM70|TMEM14A|PRDX3|BECN1|MOB1B|DHX15|TMEM237|EIF3J|GOLPH3L|CNOT6L|KMT2E|PPP4R3B|TIA1|PAK1IP1|LYRM1|NCK1|ARL4A|EFL1|CYB5B|FAM111A|MPHOSPH10|ERCC5|CDC5L|RBM22|ZFAND5|MMS22L|PARP4|ATL2|PAICS|ALDH18A1|TAF12|TRMT6|GFM1|PPM1E|STAT1|SLC35F5|KYAT3|POLR3C|STK38
PICCALUGA_ANGIOIMMUNOBLASTIC_LYMPHOMA_DN	0.0249861188228762	0.259055428003137	0.363387253117869	1.31403783746246	89	129	FOSB|MPZL3|PRNP|MEX3C|PIGA|CD69|RGS2|RNF11|RNF139|AMD1|KLF10|RSRC2|NR4A2|RNF103|ETNK1|TSC22D2|TOB1|CLK1|IFRD1|HECA|PDE4D|SBDS|FOXP1|DUSP10|SLC30A1|PELI1|WIPF1|REL|B3GNT2|NAMPT|RAPGEF6|TRA2B|PTP4A2|EIF4G3|ZFC3H1|KDM3A|DDX3X|FBXO33|CNOT6L|HAPSTR1|CHD1|ZFAND5|TIPARP|GABARAPL1|BTG1|MAP3K4-AS1|DNAJB6|PNPLA8|TMX4|MCL1|SARAF|TP53INP2|ZFP36|FOSL2|FBXW7|EIF1|PPP1R15B
GSE14000_UNSTIM_VS_16H_LPS_DC_TRANSLATED_RNA_DN	0.0250746268656716	0.259483612863517	0.341496863856523	1.28352208705124	83	176	AIM2|VAV2|FSD1L|ADTRP|TRIM69|ZNF442|DEPP1|SLC9B2|IFIH1|C3orf52|MX2|CCL5|C5orf15|DNAJC6|CCL4|USP25|SFT2D2|NT5C3A|RAB29|ENTPD7|CPEB2|NBN|MACIR|PI4K2B|H2BC21|RAB23|CYP27B1|NEXN|TSPAN13|MAPK8|CMPK2|IFIT3|HESX1|RSAD2|SLAMF7|IFIT1|CD274|GPR157|IFIT5
GSE29949_DC_BRAIN_VS_MONOCYTE_BONE_MARROW_DN	0.0251379521765788	0.259603666613681	-0.380048693225582	-1.32218897654186	163	158	MC1R|PLCB4|STX11|MAML3|RHBDD3|PLLP|DHH|LYST|PBXIP1|CCS|NAT9|PLA2G15|CLCN2|ARHGAP45|CD48|CASQ2|KLF12|PDLIM7|IFT27|HDAC4|DUSP8|SERPINE1|PPM1F|BCL3|SLC15A2|RFNG|MUC1|IFITM3|MOK|COLGALT2|RAMP1|ISG15|GMFG|TRAP1|NOL3|CPNE1
REACTOME_DEGRADATION_OF_THE_EXTRACELLULAR_MATRIX	0.0251312231588993	0.259603666613681	-0.419057297001464	-1.38155530374092	157	102	COL18A1|COL25A1|COL14A1|LAMB1|COL1A1|BSG|LAMA5|ADAMTS4|MMP1|CAPN11|KLK2|COL6A1|LAMB3|COL6A3|CAPN12|HSPG2|TIMP1|DCN|CAPN10|MMP15|NCSTN|ADAM15|CTSD|CAPN15|BMP1|CTSL
SATO_SILENCED_EPIGENETICALLY_IN_PANCREATIC_CANCER	0.0252217777004697	0.260201649082543	-0.535558186549843	-1.48834597427271	144	36	TP53I11|S100A2|S100P|CRLF1|CLDN7|AURKC|UCHL1|TKTL1
GSE10094_LCMV_VS_LISTERIA_IND_EFF_CD4_TCELL_DN	0.0252912323727774	0.260407198943784	-0.379804969782429	-1.32134106295709	164	158	TRPM2|AMH|DND1|FAM171A1|GNG8|RHBDD3|RDH16|MUTYH|SLC12A9|LCAT|RABAC1|TMEM116|HYOU1|AEBP1|SYNGR4|TMEM160|PCDH10|C12orf57|PKMYT1|NDUFAF8|TMEM207|GALR3|CXADR|GDF9|KRTCAP2|KCNE5|UCP2|OAZ1|PRPF19|DYNC2I1|TGIF2|NHSL3|NUDT14|NEK6|HS3ST3A1|ADPRS|TMEM92
GSE17721_12H_VS_24H_POLYIC_BMDC_UP	0.025293586269196	0.260407198943784	0.336813249268677	1.27247436201679	83	183	MYL9|SLC35A3|TTK|ZBTB12|CD44|IGSF9|CETN3|SRC|HVCN1|SFT2D2|NT5C3A|PHLDA1|PPM1B|C3orf62|PNPT1|RAB22A|SMAD2|SEH1L|PSMA4|CIBAR1|SLC30A6|TOB1|RNF115|BCL9|MRPS6|NUSAP1|PLA2G4A|TDRP|APPBP2|CHTF8|LRRC8C|LDHB|UFM1|SPDL1|CSRP1|PAPSS1|LAMTOR3|NKX3-2|TRA2B|SVBP|MINPP1|TMEM243|TPST1|SUB1|MFSD14B|TMED8|PMPCB|NCK1|PDIA3|FRYL
GSE17721_CTRL_VS_GARDIQUIMOD_0.5H_BMDC_UP	0.0253393665158371	0.260611230620874	0.336269356772998	1.27279670159834	83	185	ADTRP|PRKCH|GNA13|CAPZA1|CMTM6|HMGN5|NAA30|SLC25A46|HNRNPLL|RARS1|HIPK3|USP2|AFF4|PIK3C2A|XPR1|LGALS8|TMEM168|VPS50|MRPL42|ROCK2|BMI1|IPO7|LRP6|OPA1|RTN4|WASHC4|LRPPRC|CBFB|RBL2|QNG1|ERCC8|DPH6|IRAK4|TMEM38B|RPE|GRK5|CNOT2|B3GNT2|NSA2|MOB1B|DDX3X|RRM1|MGA|ADAM10|TRAFD1|CHUK|ATAD1|LRRC58|TIA1
GSE1740_UNSTIM_VS_IFNA_STIMULATED_MCSF_IFNG_DERIVED_MACROPHAGE_UP	0.0253963367708173	0.260929814232819	-0.381442060246428	-1.32434205462685	164	156	DHRS12|EXOC3L4|RNF215|LILRA2|BTN2A3P|C6orf132|HLA-DOB|TLR6|EREG|BTN3A1|TMED9|D2HGDH|PPCDC|ZNF804B|VSIG2|ARHGEF17|SVOP|CLCN7|MGAM|CRYM|MYDGF|ID3|SLC12A7|FANCA|MDGA1|KLK13|DIAPH1|SLC2A3|DYNC1H1|SIL1|LINC00623|PDLIM4|OGFOD3|CEP170B|MTHFD2L|TXNDC11|FAT1|FAM219A|DESI1|SCPEP1|C15orf39|RBCK1|CREB5|KARS1|PLEKHO1|RNFT2|TCF7L2|TKFC
GSE24634_NAIVE_CD4_TCELL_VS_DAY10_IL4_CONV_TREG_UP	0.0254970405220823	0.261696618364685	-0.3756307655493	-1.31420279696582	167	165	GZMM|AMH|LYRM9|ZNF331|SMAD7|PLXNB1|BCAS4|NBPF10|RPS28|NOL12|INCENP|TSPYL2|DGKD|GPRASP1|ZNF516|ADAM22|TRIM10|ACVR1B|IRF3|PIK3IP1|FAU|FASTK|DCN|CXADR|SNHG17|LIG1|RPL38|BIN1|DCXR|ZNF329|SNHG3|KANK1|PDP1|UXT|RPL27|GRB7|KLF13|PRICKLE3|IL6ST|RPS12|APBA2|WDR74|RPL35|C19orf53|ABCF3
GARGALOVIC_RESPONSE_TO_OXIDIZED_PHOSPHOLIPIDS_TURQUOISE_UP	0.0255474452554745	0.261946124080135	0.407752021974497	1.3666176221836	97	79	ARRDC3|PRNP|CCNG2|NCOA3|CLIC2|PANK3|CLDND1|HIPK3|AFF4|KLF10|EGR1|SPRY2|FBXO30|GCLM|IPMK|FGFR1OP2|PALM2AKAP2|RIT1|ZBTB34|ZNF627|CNKSR3|ANKRD12|RICTOR|HYCC2|MYC|TNPO1|ARHGAP5|ZNF264|TIPARP|GABARAPL1|DNAJB6|ZFP36|NIPA1|CCDC117|CLIP2|FOSL2
WANG_TUMOR_INVASIVENESS_DN	0.0256172839506173	0.26239417989418	0.328156332205776	1.25752622180372	82	205	AJUBA|CD44|INSIG2|CCNG1|TMEM254|VBP1|DARS1|MAP3K1|BNIP3L|PPP1CB|MRTFB|NIPSNAP2|GDI2|TFB2M|PTGES3|YWHAQ|PLAA|PPP1R12A|CLK1|WDR26|ATP1B1|ESD|PCNP|HNRNPH2|SPP1|PTX3|MYEF2|IGFBP5|CNBP|VAPA|LITAF|DPH6|YWHAZ|CPOX|TMED5|CTNND1|PHTF2|LCP1|EEF1A1|CELF2|NRAS|RBPJ|DLG1|ACTR2|CACYBP|DHX15|SKP1|MYC|COMMD10|MRPL38|TTC3|RACGAP1|ITM2B|PPP2R5C|KBTBD2|IVNS1ABP|VAMP3|RAD21|NUFIP2|CSAD|ATP6V1A|EMD|RYK|AEBP2|ATP6V1B2|POLR1B|CORO1C|STX8|BTG1|TGFBR3|RPL7L1|ZC3H7A|RLIM|BIRC6|DEGS1|EXO1|DYNC1LI2|YME1L1|SFPQ|PEX19|NAA35|SMG7|RHAG|CANX|GNAI2|TCEA1|DLGAP5
GSE13485_DAY1_VS_DAY7_YF17D_VACCINE_PBMC_UP	0.0257861635220126	0.263579943129793	-0.407873556186048	-1.36678534356575	163	114	MAPK8IP2|KLC3|MADCAM1|KIF1A|GFAP|LINC01366|KCNH4|RBM20|PANX2|ADAMTS4|ATP6AP1-DT|SGSH|APLNR|LINC00265|AQP4-AS1|OR2A4|LINC01512|TEX22|BCL9L|SMOC2|SPATA24|JRK|LINC00520|IL17RC|RPL3|EEF1D|S100A16|ITGAE|GPR3
GSE3720_VD1_VS_VD2_GAMMADELTA_TCELL_UP	0.0257913247362251	0.263579943129793	0.343582381271889	1.28656376832222	87	170	FITM2|NTS|GABRR2|CCL4|STT3B|ZFPM2|STRAP|COPS8|ENTPD7|TRMT10A|MRPL42|LRPPRC|DCAF13|CBX3|RNF115|PMS1|TAPBPL|TEX11|EPB41L4A|ADRA2C|TIGAR|KCNE2|PPA1|SPDL1|TIPIN|PPHLN1|RFC5|CADPS2|PRDX3|HSPD1|NDN|SNAPC5|TPST1|LSM3|MAK16|OTUD6B|FAM111A|PANX1|BUB3|TMA16|LRR1|OTUD4|GPR161|NDC1|NDUFAF2|ERCC6L|EXO1|HSPA5|RIOX1|HLCS|SFPQ|SLC25A17|PARP14|SRFBP1|FEN1
GSE5589_WT_VS_IL6_KO_LPS_AND_IL10_STIM_MACROPHAGE_180MIN_DN	0.025811823480433	0.263579943129793	0.362249473635794	1.3118103168265	92	130	SESN3|ABITRAM|KCNG1|RUNX2|ZBTB41|EIF3E|UBA6|KLHL24|TRUB1|BCAP29|MOSPD2|XPR1|NFYA|PLEKHA5|BMI1|SLC25A40|SHQ1|ATL3|WDR26|NKRF|CBFB|AGPS|ABR|FBP2|S1PR1|RIOK2|DLAT|PCF11|MBNL1|CELF2|PYGL|QSER1|PVR|DEPDC5|PPM1K|GALNT1|DDX6|ZFAND5|AVL9|NUP54|CEP70|TAX1BP1|EIF4B|GHITM|SAV1|RLIM|CCDC32
GSE44649_NAIVE_VS_ACTIVATED_CD8_TCELL_DN	0.0258390258390258	0.263589574565184	0.330368844165855	1.26370545654144	86	195	KBTBD8|MSL2|EFCAB7|NUS1|MYOM1|SELENOT|CCNE2|TMEM135|MNS1|TP53INP1|CEP20|HDAC2|MBTPS2|VSIR|KDM7A|AMZ2|KLF10|IPO7|USP6NL|SHQ1|POLA1|FNTA|TVP23B|NUP37|MRPL50|SLC19A2|METTL21A|SCP2|HECA|BEX3|LDB3|NFYB|PRKCI|PANK1|CERT1|TUBE1|NAA50|EPCAM|CTNS|ACTL6A|COX7A2L|BORA|RRM1|COQ3|C18orf54|CYP4V2|NPAT|TENT4B|RIDA|CLIP1|DSCC1|ABRAXAS1|PTEN|ARHGAP5|DCUN1D1|QDPR|LIN54|IPO11|SRSF1|MPHOSPH6|CFAP97|RNF168|ECHDC1|ATAD2|ALG10|BLM|LRR1|DCAF12|SKP2|CDC25C|UBR1|MZT1|INPP1|TRAPPC13|GLO1|PCBD2|SSX2IP|PPP3CA|KIFBP|TERF1|EPM2AIP1|NUDCD1|DEPDC7|HAUS6|CDC14A|PIGF|R3HDM1|NSL1
GSE22886_NAIVE_CD8_TCELL_VS_DC_DN	0.025993426949507	0.264895451491524	0.331282462682861	1.26101701085899	86	191	CD83|GPR137B|TM6SF1|LST1|MAN2B1|WDFY3|SELENOT|ATP6AP2|TM9SF1|LAMP2|CAPZA2|PPT1|CTSS|PTGS1|PNPLA6|ARL8B|MTHFD2|WSB2|ATP1B1|HSPA4|ETFA|ITPRID2|MFSD1|IDH1|RCBTB2|FCER1G|TGFBI|EGR2|RIT1|CAPRIN1|GNG10|SNX3|NDUFV2|VDAC1|SNX13|LAMTOR3|CREG1|SOAT1|SNX2|TMEM70|SPTSSA|ANXA5|GDE1|GLUL|AP3B1|VAMP3|PLBD1|ATP6V1A|RAB31|TFG|DLD|ATP6V1B2|CORO1C|ATP6V0E1|FABP5|CLASP2|CAT|LAPTM4A|RNF130|VIM|HSBP1|TBC1D12|DAB2|TOP1|MACROH2A1|CCDC47|HCCS|FTH1|DCAF7
GSE38681_WT_VS_LYL1_KO_LYMPHOID_PRIMED_MULTIPOTENT_PROGENITOR_UP	0.0260284218399402	0.264983061287342	-0.368391203532914	-1.30406322419797	173	181	BHLHA15|IL21R|SMAD7|CCR7|CDPF1|STX1A|TMEM115|TIMM8B|C1orf35|SLC3A2|MOGS|SPSB3|SAC3D1|NAA38|TMEM208|RPP25L|TMEM38A|IER5L|MED22|AXIN2|VPS18|TIMM29|ALDH8A1|PSMB5|MXD4|IL16|CYB561D2|RAB40C|MAPK8IP1|RANBP3|BAP1|UBALD1|ABL1|CD2BP2|FZR1|HDAC5|FNDC10|TNIP1|CDK5RAP1|NMNAT1|NOPCHAP1|ZNF707|MTG2|SPHK2|C19orf53|C15orf39|TAF5L|MAEA|SEC24C|TBC1D10B|PIGO|RMND5B|SLC35B4|RAB11B
GSE25088_CTRL_VS_IL4_STIM_MACROPHAGE_DN	0.0261575466025256	0.266027814383132	-0.370808386681509	-1.30731051907197	173	176	LAG3|SRGAP3|PLCB4|TBC1D2|ZNF76|EXT1|ZBTB49|ZDHHC12|CARD19|PABPC1L|MINDY1|TMEM25|CARF|C2orf42|SMAD6|MIGA2|GIGYF1|CARNS1|AGER|SLC29A2|C19orf67|TPCN1|OCEL1|SHFL|PRDM16|KLHL4|H1-7|MAPK7|AXIN2|MUC1|MAFK|NFATC4|GNA11|ROM1|TONSL|DGAT1|TBC1D25|PAQR7|NR4A1|GRK6|TNFRSF1B|VPS39|ZNF579|MFGE8|IRAG2|C1orf122|ZNF219|NUMA1|RPS6KB2|ADD1|SPHK2|TYK2|HIP1|VAMP2|LTB4R|KIAA0319L|C1orf174|ADAM8|H6PD|NEK8|ZNF697|EIF4EBP1|DYNLT1
GSE339_CD4POS_VS_CD4CD8DN_DC_IN_CULTURE_DN	0.026384817157846	0.268067605901274	-0.380358799865727	-1.31933441002795	170	155	MSH5|WNT11|ACKR1|APBB2|POLR2L|ENG|HOMER3|SMPD1|BSCL2|BMP8B|RPL28|FMC1|CLDN7|SLC52A2|TNFRSF21|TRAIP|MAN1B1|TCL1A|SOX11|CIB1|LSR|RPAP1|RPL13A|KCNAB2|DHRS4|DDT|PMPCA|CST3|GPSM3|PPARD|TSKU|PHC1|DCTN3|MPV17|SFR1|ISCA2|NUDT1|SURF6|AP1M1|ANKIB1|KCNH2|GFER|ATXN7L3|TUFM|ESYT1
GSE11864_UNTREATED_VS_CSF1_PAM3CYS_IN_MAC_DN	0.0266903914590747	0.268455059585363	0.341687675131868	1.28338753972628	89	174	AJUBA|CNRIP1|NXT2|TNFRSF14|ZNF235|SRC|ZNF227|RMI1|SFT2D2|WDR5B|ZNF624|KPNA3|LITATS1|WDCP|ZNF613|FNDC3B|LEO1|UTP18|PSMA1|NUP35|EPB41L5|MFAP3|CBFB|IBTK|TXNDC9|SLC30A1|CKAP2L|VDAC1|UGP2|SPDL1|CPSF2|MOSMO|ZW10|EIF5B|YARS2|NAA50|ZNF234|TSG101|PDE7A|NIP7|BACH1|CSNK1A1P1|NIFK|PAK1IP1|SERINC1|TAF9|ZKSCAN5|MTMR2|SCN1B|MRPL3|MRGBP|EMD
GSE12845_IGD_POS_BLOOD_VS_PRE_GC_TONSIL_BCELL_UP	0.0265248014386333	0.268455059585363	-0.367923632068613	-1.30117706252741	176	180	RAB4B|TP53I11|PCBP4|ABCC10|CLDN7|FBXW4P1|GLB1L2|PTPRU|FAAP100|NSUN5P2|PEMT|SH3BP2|NUDT18|COL1A1|H4C11|REX1BD|FXYD1|ZNF692|LDOC1|SNHG32|TULP3|DCHS1|METTL25B|HSPB1|TXNL4B|DGCR2|TSHZ2|SLC12A6|C11orf21|CAPN10|RPL38|RPS18|SLC4A2|GPSM3|RHOB|PDP1|APBB3|CNPY3|TNFRSF1B|MUL1|NENF|FGF2|RNF220|HDAC5|BTD|PAIP2B|ZNF428|ZNF324|ZBTB39|TSR2|HSPA1A
GSE17301_CTRL_VS_48H_ACD3_ACD28_STIM_CD8_TCELL_DN	0.0265407107512371	0.268455059585363	-0.369127714366212	-1.30283500937664	176	177	NFKBIZ|PAK1|COL18A1|POU2F2|STX11|C3|PDE2A|EXOC3L4|RAPGEF5|FGD3|DIAPH2|ZC3H12C|CIB1|TMEM208|ICAM1|PILRA|IL2RG|MIF|CCDC103|ZC3H12A|BCAT2|LARS2|KCNN4|JUNB|RILPL2|TMEM205|RNF121|TANK|MVD|TNIP1|XYLT2|CAMKK2|BORCS7|NUDT7|ZMIZ2|S100A6|ACP2|CTSZ|CTSH|CHCHD2|ABCF3|TNFAIP2|RELB|HSPA1B|AK4|PILRB|NFKBIE|MTMR14|SLC25A10|BOLA3|NEK11|RNF19B|SPI1|FUS|PDE4DIP|DYNLT2B|SWAP70|SLC11A2|LIMD1|FYB1|RALGDS|ANKRD13B|ALAS1|GLB1
GSE17721_CTRL_VS_CPG_0.5H_BMDC_UP	0.0266866566716642	0.268455059585363	0.331392600797498	1.25915930762271	88	189	PITPNC1|AKTIP|ANKRD13C|MANSC1|CDC7|UQCRB|ABCC3|STT3B|ZNF436|VPS54|HACE1|ZNF518B|PTGS1|AMMECR1|NEK9|PNPLA7|ZWILCH|RPAP3|NUP35|C18orf32|OAT|INTS8|SLC38A2|NUSAP1|MS4A2|RECK|WNT2B|SOX21|MYL12B|SOS2|JAK2|PSMG2|ARPC3|ANKRD46|SSR1|ACLY|CRIPT|RRM1|BACH1|FBXO28|RCOR3|SKP1|CYRIB|QKI|TRNT1|SNAPC5|TBX18|SERINC1|GOLGA7|FAM20B|MAPK14|IVNS1ABP|FBXW11|ABCB7|AGPAT5|EFR3A|POLR3F|GALNT10|TMOD2|ASAH1|HMBOX1|SLC35A1|EXTL2|ATF1|PCLAF|RAB10|C11orf54|ZNF346|HLCS|CUL4A|FAM149B1|POLR2B|BLTP3A|KRCC1|KYNU|KIF23|MED20|ATP7A|NCAPD2
GSE27092_WT_VS_HDAC7_PHOSPHO_DEFICIENT_CD8_TCELL_DN	0.0266903914590747	0.268455059585363	0.341668793032346	1.28331661808347	89	174	VAV2|TTK|GNAT2|PTHLH|DCLRE1A|MME|RAMAC|GGPS1|BMX|NIPSNAP2|SCAF8|TWF1|SP3|TMEM123|UHMK1|COIL|HOMER1|TTC14|QNG1|TAC1|CMTM7|ATP6V1D|SRP9|HYPK|HLA-C|SKAP2|PSMG2|PIK3C3|EIF1B|WIPF1|CDK1|TSNAX|ATP11A|CACYBP|ACLY|VRK1|AP4S1|VMP1|STMN1|APEX1|CWC15|PAPOLA|MGST1|CA2|TUBGCP4|RPA2|LSM3|GLTP|MIX23|NCK1|BMP2K|NDE1|SRSF1|S100PBP
GSE9988_ANTI_TREM1_VS_VEHICLE_TREATED_MONOCYTES_UP	0.0264820944929281	0.268455059585363	0.335738268657937	1.27002952456875	87	184	CXCL8|KBTBD8|HECW2|BCAR3|COL15A1|GNA13|KDM7A-DT|EIF2AK3|EGLN3|DTL|CKS2|P2RY1|CCRL2|HIC1|KLF10|B3GNT5|MT1X|UAP1|MAPK6|ZFYVE16|SNAPC1|FNIP2|TRIB1|SLC38A2|HOMER1|PLPP3|RRAD|S1PR3|SPP1|LINC01010|EGR2|SGMS2|RIT1|EIF4E|ANKRD28|INSIG1|TCEAL9|USP53|TMEM38B|MAP4K3|NAA50|RHEB|CHSY1|TARS1|TMEM70|ZBTB21|KLHL6|TMEM217|TAF9|ADO|ETF1|NSMAF|GARS1|RAB1A|CORO1C|AKIRIN2|FABP5|IL1R1|HSPA9
PID_E2F_PATHWAY	0.0265084574602373	0.268455059585363	0.418171780253631	1.38547607899317	104	72	KAT2B|CCNE2|HIC1|CCNA2|POLA1|RBL2|RBL1|TYMS|CDK1|RRM2|SP1|TFE3|RRM1|CDKN1B|CDK2|MYC|RBBP4|RB1|RBBP8|TFDP2|E2F5|ATM|EP300|MCL1|PLAU|PRMT5|BRCA1|RYBP|TRRAP|CDC6|SIRT1|APAF1|CCND3|E2F2
REACTOME_G1_S_SPECIFIC_TRANSCRIPTION	0.026669758812616	0.268455059585363	0.544687708869244	1.51517512468679	114	29	POLA1|RBL2|RBL1|LIN9|TYMS|CDK1|RRM2|RBBP4|LIN54|PCNA|TFDP2|E2F5
WP_DISRUPTION_OF_POSTSYNAPTIC_SIGNALING_BY_CNV	0.0266541968669628	0.268455059585363	0.53178313615411	1.49728442575114	113	31	NLGN2|DLG2|CAMK2B|NLGN3|SYNGAP1|YWHAG|MAPK1|HOMER1|NRXN1|DLG1
WP_PANCREATIC_CANCER_SUBTYPES	0.0265627766955906	0.268455059585363	-0.597213375002335	-1.52313388342529	149	24	KRT15|S100A2|MYO1A|VSIG2
REACTOME_STING_MEDIATED_INDUCTION_OF_HOST_IMMUNE_RESPONSES	0.0267203513909224	0.268487374636716	-0.684322557383001	-1.56277536410915	145	15	DDX41|IFI16|IRF3|STING1
GSE24574_BCL6_HIGH_TFH_VS_TCONV_CD4_TCELL_UP	0.0267806267806268	0.268555376247684	0.350718994488871	1.2962623861433	93	153	ZC2HC1A|PRR4|ADTRP|MS4A3|ZNF20|KCTD12|GNAT2|SLC22A4|ESR2|DNTTIP2|CCRL2|MBTPS2|TBC1D2B|KDSR|KIF11|H2BC21|BCLAF3|POLA1|MED13|SLC19A2|KCNS3|GPR183|RSAD2|FPR3|F5|S1PR1|CALD1|RNF144A|SOS2|HBEGF|IL10RA|PHTF2|BUB1|KLRG1|ABHD5|CD47
REACTOME_SIGNALING_BY_GPCR	0.0267751673447959	0.268555376247684	-0.316393356638777	-1.21527145902368	203	466	TAS2R20|NPFFR2|MC1R|PAK1|WNT11|PLCB4|FZD9|ACKR1|CCR7|C3|PLXNB1|PDE2A|GNRH1|GNG8|NPW|RGS20|AKAP13|KISS1R|S1PR5|FZD7|FGD3|DHH|NPB|C5|CXCL1|PLPPR3|GNB3|GPR68|GPR176|ADGRE5|WNT3|TRIO|P2RY11|RGS3|DGKD|PTH2|ADM2|APLNR|CXCL16|GRM3|CCK|RGS17|TAS2R5|DAGLA|GNRHR|ARHGEF17|PTGIR|RASGRP1|LTB4R2|CAMKK1|KEL|RGS14|ECE1|CMKLR1|AKT3|ARHGEF26|C5AR1|NPFF|FGD1|TRPC3|GALR3|FZD3|GAL|MAPK7|CHRM4|ARHGEF10|PLEKHG2|GNA11|PSAP|RAMP1
SESTO_RESPONSE_TO_UV_C2	0.0268620268620269	0.268870998943468	0.455381520143438	1.42533762627905	109	52	ZNF185|CCNG1|HIF1A|STXBP3|ZNF146|FNTA|UGCG|ELL2|KIF5B|HNRNPK|PTPN12|CUL3|WIPF2|ATP13A3|PSME4|RAD21|PLSCR1|PSMD14|MORC3|TOP1|NR3C1
WOTTON_RUNX_TARGETS_DN	0.026865671641791	0.268870998943468	0.572892274049442	1.51775207313781	116	24	RGS2|SGPP1|EGLN3|ADD3|PXYLP1|RNF144A
REACTOME_E2F_MEDIATED_REGULATION_OF_DNA_REPLICATION	0.0269596737652923	0.26954303312351	0.603841299312745	1.55201467974975	118	21	PRIM1|ORC4|CCNB1|POLA1|ORC2|CDK1|RB1|ORC3|PPP2CA|PPP2R1B|TFDP2
GSE2770_UNTREATED_VS_ACT_CD4_TCELL_48H_UP	0.0270839602768583	0.270516212198113	0.334248573629477	1.26439431153119	89	184	MYL9|ZNF41|ENOPH1|SHLD2|POGLUT1|BPNT2|NBN|PNPT1|THNSL1|MRPL42|OPA1|CEP135|ANKHD1|NAA15|SAAL1|PLAA|WSB2|CCP110|ATXN10|TAPT1|GTF2A1|METTL21A|EIF2B2|H2BC7|TRIM61|PIN1P1|EIF5A2|VDAC1|SFXN4|CPSF2|SNX13|SLC25A32|RABL3|MRPS35|SMG8|TRIP11|CASP3|RAB28|RNPC3|GDAP1|PSMD10|PSMA2|ABHD5|OSTC|TUBGCP4|TMEM126B|PPP2CA|BCLAF1|TYSND1|TOMM40L|PPP2R1B|TRAM1|MARS2|GHITM|YAF2|NUP50|DIMT1|DKC1|PNP|CPSF6|ZFP36|MSL1|PRMT5|CANX|TGFBRAP1|SLC25A33|DCAF7|MRPS27|ASF1A|SGF29|APIP|THOC5|TRUB2|CHMP3|SNHG29|PAFAH1B2|TGDS|SSR3|POLR3B|LSM12
FUJII_YBX1_TARGETS_DN	0.0271329514621646	0.270736149877941	0.332725997581226	1.26229951230562	89	188	PARPBP|RAD54B|ZNF367|PLK4|DEPDC1B|DTL|PDE3B|TOP2A|ANKRD36|RFC4|TAF9B|KIF11|PRIM1|CDCA7|NCBP2|NEIL3|RAP2A|NUSAP1|MAD2L1|RECK|DMKN|ERCC8|RAD23B|CENPU|FUT8|TIPIN|SLC25A32|MBNL1|PLPBP|RRM2|RFC5|IREB2|PTK2|SSR1|CRIPT|RRM1|MLLT11|PRR3|VRK1|CDK2|BAG2|KBTBD6|MASTL|CLCN3|IPO5|CDKN3|POLR3F|ZWINT|BRIP1|UBE4B|YWHAH|ATAD2|SHCBP1|PRPF40A|LMNB1|NCAPG2|RFC3|FABP5|VAPB|SKP2|CDC25C|MDM1|BUB1B|EXO1|CDK8|DEPDC1|KIF23|DNAJC3|MELK|FEN1|NCAPH|TCF19|ASPM|BRCA1|CALU|BPGM|ODF2|SPC25|CDC6|FOXM1|PHKB|OXCT1|SSU72|CHEK1
REACTOME_MITOTIC_PROMETAPHASE	0.0271921784295753	0.271057683293026	0.329109990689392	1.25974308948414	88	201	NEDD1|SGO2|CENPQ|ITGB3BP|PLK4|KIF18A|PPP1CC|NEK9|RANBP2|KNL1|CCNB1|SEH1L|ZWILCH|CEP135|NUP107|SMC2|PDS5A|CCP110|NCAPG|YWHAG|NDC80|NUP37|PPP2R5E|NUP160|NUP133|MAD2L1|PDS5B|HAUS5|CENPU|SPDL1|HAUS1|ZW10|CDK1|NME7|AHCTF1|BUB1|SMC3|TUBB1|CEP152|CEP78|CLIP1|CENPI|TUBGCP4|NEK2|PPP2CA|PPP2R5C|CEP57|CETN2|RAD21|NDE1|ZWINT|CEP76|SMC4|PPP2R1B|CKAP5|HSP90AA1|CEP70|BUB3|CENPE|CENPJ|CENPS|CLASP2|DSN1|CCNB2|CEP192|MAPRE1|MZT1|ERCC6L|BUB1B|KIF2A|DYNC1LI2|KNTC1|WAPL|OFD1|TAOK1|PPP2R5A|NCAPH|NCAPD2|TUBAL3|STAG2|HAUS6|NUP98|NSL1|TUBB6|CEP63|CEP290|ODF2|CSNK2A1|SPC25|XPO1|NUP43
BLANCO_MELO_COVID19_SARS_COV_2_POS_PATIENT_LUNG_TISSUE_DN	0.0272892662219527	0.271486277835442	-0.372928815563795	-1.30732022377051	179	169	NOTCH2NLA|SFN|SEMA3F|XAB2|SLC9A1|ITPA|SMTN|SPSB3|MICAL3|OSBPL5|PLXNA2|DCHS1|FOS|PIK3IP1|DOCK6|PHLDB1|TBCD|GMPPA|FHIP2B|YJU2B|ADAM15|PPP6R2|GAK|XPC|SPHK1|ENTPD6|CC2D1B|INTS11|THOC6|FBXW5|BAP1|NDST1|MADD|FAM118A|RASSF1|PER1|MAF1|SLC66A2|SNX11|LMBR1L|DPH7|PRELID1|NCAPH2|C19orf48P|STARD10|TXNDC11|ENTR1|MAFG|GATA2|WDR74|PLEKHM2|MOAP1|EXOSC7|GAS6|ATP6V0A2|ASB1|MCM7|KAT5|RSAD1|ILVBL|RNF31|ARAP3|S100A13|ULK3|TCF25|SGSM2|ACTR1B|MBIP|NES|TTC7A|CHFR|METTL3|EDC3|CTCF|LETM1|MTURN|F2RL3|PLEKHM1|RALGDS|HMCES|CRY2|CFAP36
GSE18804_SPLEEN_MACROPHAGE_VS_BRAIN_TUMORAL_MACROPHAGE_UP	0.0272887323943662	0.271486277835442	0.343624147119362	1.28411645794055	92	168	SAMD9|SAMD5|FITM2|ZNF107|CCL2|LRATD1|LGALS3|LSM11|TMEM106B|TOP2A|HIF1A|TRIM6|TFPI2|FOXN3|NEK9|MT1X|MARCHF7|RIF1|ARMCX5|SAAL1|PRKRA|ZNF92|AGPS|GCC2|EIF2B2|IL32|ACVR1C|SYTL5|TAC1|GPNMB|MAMLD1|HSPB8|C1GALT1|MRPS31|DDX60L|SCIN|BUB1|EIF4G3|TIGD1|APEX1|TPST1|FAM111A|SRSF1|KLHL7|PLAAT3|FARSB|CCDC150|ZC3H8|HJURP|ATF3|BLMH|VIM|VAMP1|OPTN
GSE21360_PRIMARY_VS_SECONDARY_MEMORY_CD8_TCELL_DN	0.0273764258555133	0.271814602114384	-0.374837597186932	-1.31036669621645	179	164	EFNB1|GPR135|RDH16|BSN|TAP1|FOXD3|WSCD2|GON4L|NAT9|NXF1|SGSH|SPSB3|LUC7L|TOM1|NOP2|FASTK|SHFL|BRD4|MAGED2|TIMM44|TMEM161A|ATOX1|BCAT2|RBM23|SNU13|BRD9|CERS4|RETREG2|POLG|RPS23|CEL|NDUFC1|ZNF324|NRIP3|TSR2|NUDT7|KYAT1|PRRG2|UBXN1|ULK1|GNL1|PMP22|ALDH6A1|NUP188|SAP30L|ZNF512B|MGAT1|HAND2|ARID3A|CHRNB1|PDE1A|E2F6|DNAJA3|BAG6|CTPS2|ALAD|SETDB1|MEN1|PHF1|TMEM127|POMGNT1|KLHL20|ZPR1|ATP8B2|ELF4|ATG14|PABPN1|PSMD7
ROZANOV_MMP14_TARGETS_UP	0.0273754345307068	0.271814602114384	-0.353102218590825	-1.28174810157338	188	233	TAGLN|TMCO4|PLCB4|COL18A1|S100A2|VANGL2|PNKD|PAQR6|LAMB1|N4BP2L1|TIMP3|PYCARD|LAMA4|IFITM1|IL4I1|PYROXD2|SOD3|IFITM2|SHLD1|SERPINH1|IGFBP2|PPARG|COLEC12|COL6A1|LOXL3|WDR46|DNAJC22|H4C14|PCOLCE|FEZ1|TTYH2|LGALS3BP|TMEM44|PIK3IP1|P3H1|CA12|MX1|FRMD6|NDRG4|SLC12A7|CRLS1|PAEP|H2BC5|ICAM2|PPP6R2|GMFG|CDCP1|MYO18B|RBFOX2
GSE3720_VD1_VS_VD2_GAMMADELTA_TCELL_WITH_PMA_STIM_UP	0.0274344287006331	0.271852710066096	0.337551790709664	1.27290008895709	90	181	STK38L|CD83|PRNP|DCK|SLC9B2|EGR3|SPMIP4|PDK1|KIF7|ITGB3BP|LAMP2|HIPK3|ZNF518B|S1PR2|GNAQ|PEX1|SYPL1|SNAPC1|TJP2|SCCPDH|TCF12|MAPK8|RAB11A|CFAP418|ISOC1|GPRASP3|TDRP|KIF3A|SLC25A36|FAM83G|CDK17|SLC25A3|SQOR|FXR1|IFT74|PPIG|SSB|ANKRD46|CACYBP|DRAM1|WSB1|ACAT1|HACD3|ATP6V0E2|IKBKE|METAP1D|TTC3|AP3B1
GSE3982_DC_VS_TH2_DN	0.0274096385542169	0.271852710066096	0.334526828529966	1.26740989477324	90	186	STAP1|CCL4|ARID5B|IL18R1|RFC4|CCNA2|RAB23|MRPL42|ARHGAP11A|TSPAN13|NAB1|CCP110|MRPL39|NUP37|MPHOSPH9|AGK|POGLUT2|SYNE2|PERP|IL24|PDE4D|SERPINE2|BACH2|EXOSC9|TYMS|DCTN6|SOCS2|DSG2|DDX18|BCL2|TRAPPC2|MYB|KIF15|RRM1|MIS18BP1|SEPHS1|RPL6|PSMA2|ARHGAP5|NCBP1|SFXN1|SEPTIN8|ATAD2|HLA-F-AS1|CNKSR1|RFC3|ZNF281|PNP|CCNB2|GPSM2|RMND1|DLGAP5|CCNB1IP1|GINS3|POLQ|AMIGO2|RPA3|MICAL2|UBE2D2|ECI2|PMAIP1|HDDC2|SPC25|ING3|XRCC5|GABPB1|TPR|UBR7
GSE29617_CTRL_VS_DAY3_TIV_FLU_VACCINE_PBMC_2008_DN	0.0278526504941599	0.275724759033903	0.329898914167363	1.25473258284723	92	190	SAMD9|CREBL2|EXOC5|C1orf162|SCOC|VBP1|MGAT2|HDAC2|TBCA|MYCBP|ABCD3|LYPLA1|GDI2|ZNF146|PSMA4|THOC2|SHQ1|FNIP2|WSB2|ATL3|ETFA|MTCH2|AGPS|PPP3CB|ZNF816|RAP2A|PLRG1|MRPL15|RPS27L|ARV1|PPA2|HAUS1|CTNND1|CSRP1|PLPBP|TSNAX|ZNF25|EIF4G3|EIF2S1|ARMC1|SMIM30|FH|CLTC|NDUFB5|AFTPH|SUPT4H1|MTF2|SUCLG1|CCDC90B|MAPK14|PCNA|JAGN1|MTIF2|ATP1B2|GLT8D1|GGCT|SIK2|PSMD14|ASXL2|ECHDC1|ATF1|ATP6V0E1
KEGG_TYROSINE_METABOLISM	0.0279437609841828	0.276082158227585	-0.565579132995613	-1.50413483035855	158	29	AOC2|IL4I1|PNMT|MIF|COMT|DCT|NAA80|HEMK1|METTL6|LCMT2
OKAWA_NEUROBLASTOMA_1P36_31_DELETION	0.0279169649248389	0.276082158227585	-0.618765448149639	-1.53051443834413	155	21	ESPN|RNF207|CAMTA1|KCNAB2|THAP3|NPHP4|KLHL21|ZBTB48
GSE17721_POLYIC_VS_CPG_2H_BMDC_DN	0.0281359906213365	0.276645000445196	0.342306293082208	1.28178538351695	95	170	CD83|BATF|GPR137B|COL15A1|IGSF9|SELENOT|ST3GAL5|HNRNPLL|MEF2A|GNAQ|AKR1E2|PHLDA1|PI4K2B|MAPK6|HSPH1|SIAH2|MAPK8|MRPS6|RBM4B|CNOT7|HSD17B11|GFI1|S1PR3|FBXO15|HNF4A|PAX5|TPTE|ABHD14A|UFM1|HERPUD1|TYMS|USP53|NFE2L2|WDR36|FAM133B|CRY1|ZBTB37|CDKN1B|HCN2|TMEM243|ATP6V0E2|IKBKE|NCK1|AGBL5|HSD17B12|USP12|SPRED1|XPNPEP1|HSP90AA1|SEC63|CDC73|PALS1|TASOR2|SPTBN4|NUDT9|FKBP11|SLC25A17|CD82|NR3C1|SRFBP1|BCL2L11|SIMC1|NCAPH|CD68|DAPP1
GSE2770_TGFB_AND_IL4_VS_TGFB_AND_IL12_TREATED_ACT_CD4_TCELL_6H_UP	0.0280941533788914	0.276645000445196	-0.37345140054832	-1.30763873747723	184	167	TREX2|GLYCTK|PYGM|TRAPPC6A|ELAPOR1|GHDC|UQCR11|CTU1|NDUFB2|REX1BD|RNASEH2C|SERPINH1|FSIP1|UQCC5|TMEM107|NPAS1|IL1B|IQCH|NFRKB|KRTCAP2|CHRM4|OAZ3|THAP7|KCNK6|CREB3L1|HSD17B7|WDR18|GRHPR|NACC2|C19orf81|PGP|AGPAT2|VKORC1|GPAA1|NT5C|MVD|PAFAH1B3|CAPG|SPINT1|FRRS1|SMARCD2|RRP1|TMEM259|GAS6
KEGG_MEDICUS_ENV_FACTOR_ARSENIC_TO_ELECTRON_TRANSFER_IN_COMPLEX_IV	0.0281385281385281	0.276645000445196	-0.647527434564624	-1.54785834962325	155	18	COX6B2|COX8A|COX6A1|COX5B|COX6B1
PID_S1P_S1P3_PATHWAY	0.0281365313653137	0.276645000445196	0.552260042682284	1.50866836321949	121	27	GNA13|SRC|GNAI3|PDGFB|S1PR2|GNAQ|MAPK1|S1PR3|S1PR1|RHOA|JAK2
ZHAN_MULTIPLE_MYELOMA_SUBGROUPS	0.0280636108512629	0.276645000445196	0.536089082819257	1.49967154100694	119	30	PRIM1|MSH2|SUMO1|FNTA|UBE2V2|UGP2|TYMS|EIF2S1|CCT4|C1D|MTIF2|PSMD14
MARTENS_BOUND_BY_PML_RARA_FUSION	0.0281972470934117	0.276680318986967	-0.320257533162859	-1.22276450542401	210	426	UBL3|TYROBP|IQCD|RAP1GAP2|LATS2|ADGRG3|ITGA4|NUP210|TMEM115|FAAP20|MLXIPL|TSSK3|SLC9A1|SH3BP2|LINC00173|IZUMO4|ZNF710|GGA1|APLP2|SH3PXD2A|PPCDC|SREBF1|ARHGAP45|DCAF11|MPG|ICAM1|RPS9|EXOSC4|ZBTB3|HDAC4|MCAM|SPG7|BCL3|KSR1|ECE1|CDH23|C5AR1|ODAD1|KCNAB2|SLC25A19|TPPP3|FBXL9P|CRAMP1|IFITM3|LTBP3|TBXAS1|C11orf21|TMCC2|SCARB1|AKNA|PSAP|ZC3H12A|LYL1|STING1|LRRC20|PMF1|MYO9B|PIGL|CTSD|STXBP2|SMG6|HPCAL1|RAB11FIP3|ARID3B|SPN|CRTC1|STRADA|FERMT3|GRK6|TSPOAP1|DOT1L|KLHDC4|OAZ1|GNB5|SUSD3|ID1|TUBGCP2|FLNB|KLF13|ID2|RNF149|GLMP|TK2|YJU2|WNT5B|MEF2D|NOSIP|NFE2|NEK6|CAPG|MRPL24|ICAM4|TMC8|IQSEC1|DUSP5|SKI|TPRA1|ELL|NINJ1|EDRF1|PXN|SPHK2|TYK2|UPP1|ABHD2|SH3BGRL3|ITPR2|HIP1|C15orf39|TNFAIP2|UBE2O|SPTBN1|IRF1|HNRNPM|PSMD9|LTB4R|ANKRD11|ADAM8|ARAP1|BRF1|TM9SF4|H6PD|PLEKHO1|FHOD1|KPTN|ATOSB
TCGA_GLIOBLASTOMA_COPY_NUMBER_DN	0.028175519630485	0.276680318986967	0.566454904818352	1.51392122094972	121	25	SETDB2|KCNRG|PRKN|KPNA3|TRIM13|RCBTB2|RB1|ATAD1|NF1|QKI|PTEN|FAF1
WP_PRION_DISEASE_PATHWAY	0.0282248658735713	0.276680862928621	0.522039249885017	1.48057028512825	120	32	BATF|PRNP|RFX5|MEF2C|MAPK1|FGFR1|PAX5|BCL2|CASP3|ELK1|PTK2|SMC3|CREB1|PDIA3|RAD21|EP300|HSPA5
GSE25088_CTRL_VS_ROSIGLITAZONE_STIM_STAT6_KO_MACROPHAGE_DN	0.0283996994740796	0.277852030527107	-0.364446878976736	-1.29490240633744	188	191	STX1A|SNN|PSMB9|TMEM9|TIMM8B|APBA3|OTUB1|REX1BD|HOOK2|MIIP|ATF6B|ARHGAP45|DENND1C|GBA2|PALD1|APOBR|CCND1|ACVR1B|NDUFA11|HS6ST1|UBOX5|MIF|ZNRD2|MED22|SIRT7|AKNA|PSAP|DNAJC17|RAMP1|TACC3|SMDT1|MAP7D1|HMGXB3|FAM98B|CAPN15|ATPAF2|TRPC4AP|CC2D1B|PPP1R12C|PHRF1|DDX31|NEDD8|SPATA2|HES6|STUB1|MED11|PAFAH1B1|PPP1R37|SAPCD2|ATP6V0B|ITPR3|TRAF3|TAF6|MINDY4|GSTK1|TAF5L|RNF31|PTPA|MRPS16|AP4M1|MPLKIP|MAVS|H2AZ1|MFHAS1|MINDY3|SLC25A22|PATZ1|FAM219B|UBE2S|CSNK1G2|MYADM|PAGR1|LIMD1|STX6|ZNF565|LETM1|UNC93B1|POC1A|TAF8|HMCES|ELF2|LDB1|BSDC1
GSE36476_CTRL_VS_TSST_ACT_72H_MEMORY_CD4_TCELL_YOUNG_DN	0.0283987915407855	0.277852030527107	0.32879613846864	1.25723582183007	93	197	TTK|LBHD1|BATF|EGR3|BMAL2|SFT2D2|DTL|CKS2|TOP2A|BATF3|PBK|RFC4|KIF11|MYCBP|CCNB1|STT3A|TJP2|POLA1|NCAPG|NEIL3|TMEM106C|RBM4B|NUSAP1|TYMS|RRM2|BUB1|TARS1|MYB|KIF15|FH|RB1|STMN1|ELOVL6|VDR|RBBP8|SLC25A5|GGH|CDKN3|STIL|PCNA|ZWINT|SRSF1|MED14|CKAP5|EXTL2|SHCBP1|CORO1C|CENPE|PCLAF|CENPS|CISD1|FABP5|IL1R1|DNAJB6|TBL2|PAICS|DSN1|CCNB2|ERCC6L|BUB1B|RAD51AP1|ACOT7|TPGS2|DLGAP5|IMMT|FEN1|NCAPH|POLQ|MRPL35|ASPM|RPA3|WARS1|ZNF248|GSTO1|TUBB6|GK|MRPL19|ACO1|CPPED1|FANCL|CDC6|FOXM1|AGO3|CEP55|PAFAH1B2|CENPA
GSE40666_WT_VS_STAT4_KO_CD8_TCELL_UP	0.028535591094387	0.278638388526709	-0.391957833816283	-1.33441668371819	181	132	TMEM238|MATN1|MAGIX|MARCKS|ANO8|SLC8A2|SEMA3F|LYST|HBQ1|CACFD1|PANX2|JSRP1|TCL1A|CCK|KLF12|DICER1-AS1|GALR3|MX1|SEMA4C|ACACB|CERS4
MIKKELSEN_NPC_HCP_WITH_H3K27ME3	0.0285212812637122	0.278638388526709	-0.355554951805328	-1.28362785918454	194	219	SLC30A3|RAP1GAP2|TLX1|PITPNM3|COL14A1|S1PR5|SCN5A|CLDN7|C6orf132|PRKCZ|FOXD3|PPM1N|DEGS2|SYNE3|MESP1|RTN4R|SNHG11|MAST1|SRCIN1|COLEC12|NKX6-1|CRYBA2|TMEM163|CACNA2D2|CYP2S1|LSR|NPAS1|JAG2|ANKRD63|GALR3|HOXC13|PRDM16|KCNK6|HOXC8|PITX1|DMBX1|RAB11FIP4|SOX18|TNFRSF1B|SIGIRR|HOXC10|HOXC6|HOXB8|SPINT1
GSE4590_PRE_BCELL_VS_LARGE_PRE_BCELL_UP	0.0285794340151303	0.278795295086373	0.357067637582135	1.30098856633554	101	137	AIM2|ZC2HC1A|TTC39B|HECW2|ASAH2|CD69|IFIH1|GPR85|MX2|CCL5|PIGZ|NT5C3A|GNB4|ACSF2|TAF9B|CYP2R1|SYNE2|NIPAL1|RSAD2|TTC39C|FOXP1|EIF5A2|OSGIN2|STAU2|PELI1|REL|ZDHHC2|GPBP1|ARHGEF12|RABGAP1L|ABI1|SVBP|SFMBT2|HCN2|TTC3|TUT4|ARHGAP5|IL13RA1|BRWD1|SGMS1|PRPF40A|IMMP2L
GSE32986_UNSTIM_VS_CURDLAN_HIGHDOSE_STIM_DC_DN	0.0286485675716214	0.279198370178578	-0.364405569399049	-1.29367919048828	190	189	DPEP2|ANO9|DHRS12|VMAC|AKAP13|ZNF76|PLA2G6|SMPD1|ABCC10|ARSA|CDNF|C5|CD84|PBXIP1|SLC12A9|RPS29|UBA7|FAM120C|TMEM63A|EEIG1|MAN1B1|ARHGAP45|MAP3K7CL|KLF12|HPS1|TCP11L2|RPL18|TTYH2|PIGQ|RGS14|CYB5D2|USP20|SLC25A45|CTSA|MXD4|ICAM2|RPS18|SLC35D2|PARP3|TSC22D1|RPS27|EVL|SMIM14|GLMP|VAC14|MFGE8|LAMP1|ZER1|NUDT7|TMC6|COMMD6|JMY|ABCD4
GSE11961_GERMINAL_CENTER_BCELL_DAY7_VS_MEMORY_BCELL_DAY40_DN	0.0287539936102236	0.279954013442701	-0.374491575581382	-1.3085523370837	188	163	SLC26A11|TRPM2|CADM2|UBL3|SLC2A4|SPIB|RAB26|TEP1|TEX14|PAK6|LYST|P2RX4|PPP1R14A|TMCC3|ITGAX|SLC7A7|RIGI|RECQL5|CAMKK1|ZNF839|KDF1|MET|TSPAN9|FBLIM1|NDRG4|TRIB3|TMCC2|KCNK6|CST3
GSE21670_UNTREATED_VS_TGFB_IL6_TREATED_STAT3_KO_CD4_TCELL_UP	0.0289418148929756	0.281509629743885	0.330174279067957	1.25261877482717	95	188	TTC39B|PRNP|SLC9B2|BMPR2|TMCC1|EGLN3|CKS2|TOP2A|PBK|TDRKH|CPD|AKR1E2|CCNA2|COG6|DNA2|GINS1|POLA1|SLC19A2|MRPS6|NUSAP1|SPP1|LITAF|ZBED5|IFT57|SOCS2|CDK1|RRM2|RBPJ|CASP3|NARS1|CHSY1|PPFIBP1|SCAMP1|UXS1|MYB|METTL4|SEPHS1|STMN1|SEMA7A|RACGAP1|FBXW11|STIL|KIAA1191|PLSCR1|IDE|UBE4B|PPP2R1B|ATAD2|GABARAPL1|SLC39A8|FABP5|TFDP2|DSN1|CDK6|KNSTRN|ALDH18A1|CCNB2|BCAT1|SLC35B1|SLC35F5|DYRK3|PSAT1|NCAPH|HSPA4L|ACOT9|TCF19
GSE35825_UNTREATED_VS_IFNG_STIM_MACROPHAGE_DN	0.0290628706998814	0.282022979455771	0.340092571196655	1.27739628904909	97	174	MYO1F|DOP1B|RGS2|SUMF1|EIF2AK3|NCOA3|TMEM64|SLC38A9|SNX33|TM9SF1|PRPS2|MAP3K1|FAM76B|FOXN3|XPR1|AP1S2|ITSN1|GLE1|MEF2C|SP3|ADIPOR1|WDR26|PPIP5K1|INTS6L|MSH3|RANBP9|TNKS2|PJA2|TANC1|OTULINL|USP8|ZFAND4|UPRT|PANK1|RTN3|FBXL4|NFATC2|MBNL1|SOAT1|CELF2|PTP4A2|LMBRD2|DEPDC5|CLTC|RFC1|KLHL6|TTLL4|PSME4|PREX1|ATP6V1A|S100PBP|UBE4B|SNX29|REEP3|TFDP2|INPP4A|DOCK2|CUL4A|KIF16B|EXOC4|SFXN5|MPP1|PPP3CA|PIP4K2A|TTLL5|GNAI2|TGFBRAP1|SNRK|PYGB
GSE9946_MATURE_STIMULATORY_VS_PROSTAGLANDINE2_TREATED_MATURE_DC_DN	0.0290343278793712	0.282022979455771	-0.418996172107971	-1.36891317846595	180	95	VWCE|SSC4D|MESP2|REM2|DYSF|ENG|UNC5B|CTHRC1|TPD52|ARHGEF17|NKPD1|DISC1|RAB15|SMOC2|DMPK
LEE_AGING_MUSCLE_DN	0.0290788786348598	0.282022979455771	-0.53311736988573	-1.47401547415861	166	35	APBB2|BMP8B|ABCB4|COL1A1|DBP|LONP1|PRKCSH|CDK11B|COL1A2|IL6ST|POLA2|PMP22|GFER|PSMC3
CHOI_ATL_CHRONIC_VS_ACUTE_DN	0.029226618705036	0.283163803362014	0.619612869271427	1.55402107079591	129	19	NCOA3|CMTM6|CGGBP1|PPP1CC|SUMO1|UBE2E1|HSPD1|GTF3A|ATP6V1A|MDH1|CTDSP2|IARS1|SERBP1|MAT2B|LBH|ANAPC16
REACTOME_EPHA_MEDIATED_GROWTH_CONE_COLLAPSE	0.0292529252925293	0.283163803362014	0.58634896829755	1.52845650772633	129	22	MYL9|EFNA2|SRC|YES1|ROCK2|MYL12B|RHOA|ROCK1
GSE23568_CTRL_VS_ID3_TRANSDUCED_CD8_TCELL_UP	0.0293193717277487	0.283260686624775	-0.364926827151115	-1.2954865646909	195	188	IDUA|CCR7|RCAN3|EXT1|ZNF467|TAP1|HBB|ADGRE5|RABAC1|RUFY1|NXF1|ARHGAP45|CD19|CRYBG1|LBP|CYP2S1|IRF3|STARD3|PPP4C|RGS14|FAS|AKAP8L|MAP3K12|MMP15|ANKS3|PRF1|IL16|DVL1|FKBP8|TRMT1|KCNN4|DGKA|ARID3B|ZBTB20|SGK1|BABAM1|TSC22D4|MLEC|GRK6|ITGB1|SIDT2|VKORC1|RGS19|NISCH|RGL2|PDLIM4|TK2|POLR2A|SF3A2|SMARCA4|CHERP|TMC6|SMARCD2|STUB1|SKI|SOCS3|ABHD8|NEURL4|TTC17|SEMA4B|PKD1|IER2|ATXN7L3|CTSH|SAFB|ABCF3
GSE37532_VISCERAL_ADIPOSE_TISSUE_VS_LN_DERIVED_PPARG_KO_TREG_CD4_TCELL_UP	0.0292997363023733	0.283260686624775	0.342189110467228	1.27522864949827	99	165	AGA|DHX58|SCRN3|EIF2AK3|SFT2D2|BTBD1|TEX15|ANLN|BPNT2|PSMD5|PBK|NAAA|GNAQ|PHLDA1|SLC30A6|LRIG2|SLC35D1|TPRKB|VDAC1|SQOR|CUL2|MTA2|CTNS|PVR|TMEM14A|TSG101|ZMAT3|TMPRSS5|SELENOF|RRM1|DARS2|ANKRD50|TRIT1|CYRIB|THOC7|NMRK1|CFDP1|CDKN3|STIL|RCN2|DENND4A|PTPRJ|AMFR|ASB8|GABARAPL1|STAU1|GYG1|CDC42SE2|RFC3|MTX2|TAF12|COMMD3|C1GALT1C1|STAMBP|MTMR9|OMA1|VDAC3|ZC3HAV1|CCDC117|FOXO4|C9orf78|GZF1|SLC25A20|PIP4K2C|HDDC2|CPPED1|LCA5|METTL15|USP3|NAA20|ANKRD10|TGDS|CHEK1
ABE_INNER_EAR	0.0294882914137034	0.283528102232488	-0.523404286487009	-1.46952005228262	169	38	FOXD1|RPL28|SELENOM|CCS|APOD|UBA52|CRYM|RPS15|NENF|RPS11|UBXN1|RPL35|C19orf53|RPS5|S100A13|USP11
GSE3203_HEALTHY_VS_INFLUENZA_INFECTED_LN_BCELL_DN	0.0295197308045274	0.283528102232488	-0.37637061777163	-1.31125117506935	192	159	LYRM9|ARK2C|CEP83-DT|ADGRD1|SEMA3F|CASTOR1|TMEM175|RNF207|GORAB|UNC5B|EPN2|ADAMTS4|FOXP3|SLC39A2|PPFIA4|TOP3B|PCYT1B|TMEM86A|ZNF575|FEZ1|TXNL4B|SPATC1L|CA12|C5AR1|NOTCH3|TPPP3|MOK|SAT2|MZT2B|CSGALNACT2|KCNK6|CREB3L1|CCDC157|SLC35D2|IL18RAP|MALT1|ARMC6|GCHFR|BOK|RPUSD3|HOXC6|TLCD1|SLC20A2|TNIP2|MGAT3
GSE34515_CD16_POS_MONOCYTE_VS_DC_UP	0.0295447693699126	0.283528102232488	0.334664785471001	1.26201325817659	97	181	FOXA1|LONRF1|BMPR2|KPNA3|HIF1A|IMPACT|UBA5|KDM7A|PPP1CB|XPR1|MOB4|FMNL3|RNF103|TNFAIP8|LYSMD3|RPAP3|RIF1|NAB1|TMEM30A|ERCC6|TWF1|STYX|INTS6L|CCNC|DYM|SNX4|TNKS2|TTC14|EFHC2|RRAD|SLC22A2|CMTM7|CASP8AP2|CXCL11|PHTF2|PPIG|CMPK1|CRY1|TRA2B|DLG1|ACTR2|ZNF800|SELENOF|LMBRD1|SACM1L|RAB3GAP2|PAK1IP1|ITM2B|FANCF|ZC3H15|PLSCR1|MIER1|ITPRIPL2|CEP76|MMS22L|PEX2|NUP155|HSP90AA1|STAU1|VIL1|PCLAF|ATL2|PABPC1|ZBTB38|BUB1B|EXO1|HSPA5|YME1L1|MCM9|EED|MAP4K5|FYTTD1|SH3GL3|FDX1
GSE36476_YOUNG_VS_OLD_DONOR_MEMORY_CD4_TCELL_40H_TSST_ACT_UP	0.0295076875291194	0.283528102232488	-0.387604375328882	-1.32985137918124	189	140	SPIB|TRIM45|ACKR1|ITGBL1|APLP1|EPM2A|CUBN|MLXIPL|N4BP3|NRDE2|ICAM5|RPL23|GRM3|HSF2BP|ITGAX|UCHL1|GNRHR|SLC2A9|NPHS1|B3GNT4|GUCA1B|RPL38|ADGRB3
GSE39820_TGFBETA1_IL6_VS_TGFBETA1_IL6_IL23A_TREATED_CD4_TCELL_DN	0.0294689603590127	0.283528102232488	-0.365440666998036	-1.29361865834003	196	181	LAG3|IFI30|AARSD1|FMC1|PYCARD|TPBG|TIMM8B|PPM1N|UQCR10|TECR|FXYD1|DYNLRB1|DTYMK|CIAO2B|RIMS4|NSG2|PHB1|ACSL6|LGALS3BP|MICOS13|PSMG4|HIGD2A|KEL|RIMBP3C|GALR3|MRPS14|ADPRM|MZT2B|POLR2E|TRMT112|QTRT1|UQCRQ|SELENBP1|GRHPR|NOP10|TPGS1|FAM98C|CNPY3|MRPL57|POLR1H|MRPL2|MCRIP2|TSSC4|EVL|NFKBIB|SIGIRR|ISCA2|DCTPP1|BID|HS3ST3A1|POMP|ZNF219|NDUFA7|MRPL21|LY6E|MR1|GSTO2|C19orf53|PTRH2|UQCC6
SCHAEFFER_PROSTATE_DEVELOPMENT_12HR_UP	0.0294736842105263	0.283528102232488	0.399008904938652	1.35085559649721	111	84	ITGB4|UBE4A|RGS2|EGLN3|LAMP2|TP53INP1|FNDC3B|TP63|PNPT1|ZNF146|PROS1|TRIM2|TANC1|PLA2G4A|SFRP2|TAC1
ZAK_PBMC_MRKAD5_HIV_1_GAG_POL_NEF_AGE_20_50YO_AD5_NAB_TITERS_GT_200_VS_LTE_200_1DY_DN	0.0295066107707191	0.283528102232488	-0.431438259959505	-1.38693093399099	182	84	ASCL2|NOTCH2NLA|TCN2|AXL|NSUN5P2|SNORA80A|CFD|PILRA|FAM225A|CMKLR1|C5AR1|TMEM255A|MS4A4A|CAMK1|MERTK|DHRS7B|NR4A1|SMCO4|DDAH2|PER1|ID1
NIKOLSKY_BREAST_CANCER_22Q13_AMPLICON	0.0296471444161513	0.284238811508431	-0.661467948355166	-1.53494753116178	162	16	PLXNB2|HDAC10|MAPK11|MAPK12|PANX2|TUBGCP6|BRD1|TRABD|ALG12
FOSTER_KDM1A_TARGETS_DN	0.0297520661157025	0.284960301970749	-0.36355585863511	-1.29173655569905	197	191	DND1|NDST2|IL11RA|TBC1D2|APLP1|CRIP2|CTBP2|SNN|CELSR3|ZCWPW1|ELMO3|METRN|MZT2A|KATNIP|PLOD1|RARRES2|TGM1|BCAM|RPP25L|HAGHL|LRCH4|ABCB6|NME3|FASTK|TRIOBP|ATP2A3|ADAP1|LTBP3|NAPRT|GNA11|DCXR|DIRAS1|NAA80|TRABD|ENO3|F2R|GNPTG|NOS3|SLC6A9|INTS11|GRK6|RASSF1|SFSWAP|ZNF579|SPATA24|NISCH|TUBGCP2|YKT6|KDM4B|AP1B1|TK1|NDUFB11|POLA2|QARS1|BAIAP2|CCDC28B|GCAT|AP2M1|RAC3|POLDIP2|RDM1|PLCD1|PTPA|ELAC1|CDC20|ACAD10|ANKZF1
GSE26928_NAIVE_VS_CXCR5_POS_CD4_TCELL_UP	0.0298620585114446	0.284960301970749	-0.369819315678634	-1.29799359762768	196	171	TMCO4|LEF1-AS1|ZNF541|COL18A1|CCR7|DHDH|ACTG1P17|SYTL1|ZNF224|SEC31B|FMC1|SNN|LINC00205|SPPL2B|KATNIP|CITED4|DSC3|NPHS1|ENSG00000284691|LCDR|CDKN2D|FAU|NME3|TTLL1|CMKLR1|HSBP1L1|MTMR8|NAA80|HPGD|FBXW4|DGKA|CDIPT|UNKL|MAP3K3|PAAF1
KEGG_VASCULAR_SMOOTH_MUSCLE_CONTRACTION	0.0298625792811839	0.284960301970749	0.389280415718919	1.33418559131675	112	91	PLA2G3|MYL9|PRKCH|GNA13|MYLK3|JMJD7-PLA2G4B|GNAQ|PPP1CB|PPP1CC|NPR2|ROCK2|PPP1R12A|ADRA1D|MAPK1|PLA2G4A|CALD1|MYLK2|RHOA|CALM2|ROCK1|ARHGEF12
MCBRYAN_PUBERTAL_BREAST_3_4WK_UP	0.02989449003517	0.284960301970749	0.341227155377047	1.27774449100276	101	170	LIPG|FOXA1|PDK1|MMP14|COPS2|LRATD1|CCN1|LGALS3|ABCC3|ITFG1|FGF13|RASSF3|TMEM51|SOCS6|ACSF2|PHLDA1|MKRN1|TJP2|SC5D|SIAH2|MTCH2|PEAR1|PERP|SPP1|PTPN14|HSPB8|KIT|ATP8A1|BEX3|EGR2|DLAT|CDK1|EPCAM|TLCD4|MYB|ACLY|FAM241B|MYC|ELOVL6
REACTOME_LAMININ_INTERACTIONS	0.0298639335571656	0.284960301970749	-0.58149063268025	-1.50966909763356	168	26	COL18A1|LAMB1|LAMA4|LAMA5|ITGA7|LAMB3|HSPG2|ITGB1|ITGAV
REACTOME_SARS_COV_1_MODULATES_HOST_TRANSLATION_MACHINERY	0.029949503743688	0.284960301970749	-0.531988577205772	-1.47089447684852	171	35	RPS21|RPS28|RPS20|RPS29|RPS9|FAU|RPS18|RPS15|RPS10|RPS16|RPS2|RPS23|RPS27|RPSA|RPS11|RPS26|RPS12
ROYLANCE_BREAST_CANCER_16Q_COPY_NUMBER_DN	0.0299279927992799	0.284960301970749	0.584925147486463	1.52474498386902	132	22	MYLK3|ITFG1|DNAJA2|LPCAT2|SHCBP1|NETO2|PHKB|C16orf87
WP_MONOAMINE_GPCRS	0.0299048482102401	0.284960301970749	0.598029171013562	1.53707613803161	131	21	ADRA1D|HTR2C|ADRA2C
GSE16385_MONOCYTE_VS_12H_ROSIGLITAZONE_TREATED_MACROPHAGE_DN	0.0300237812128419	0.28539651118798	0.329006568955681	1.25697998007359	100	194	ZBTB26|TRIM23|CD164|NAA30|GNAI3|TP53INP1|HDAC2|BPNT2|GGPS1|KLF10|SGPL1|CCT8|MACIR|TAB2|NHLRC2|GLE1|SMAD4|ABCE1|ZNF146|FAM199X|RDX|OLA1|RMND5A|PRKRA|COIL|MRPS6|FGFR1OP2|RUNDC3B|PPIL4|NATD1|ASNSD1|TMED7|TRIAP1|UFM1|NIPSNAP3A|ZDHHC20|CPSF2|PAPSS1|FAM133B|RABL3|RBPJ|ANKRD46|TARS1|CS|NEU3|LSM14A|AKIRIN1|C4orf46|DNAAF10|SLC36A4|ALDH2|SPTSSA|ATG12|PPWD1|CLCN3|EFL1|COX15|PRXL2A|PARP16|MED14|RBM48|TRIM59|KLHL7|GYG1|YAF2|PFDN5|KNSTRN|DDX27|FIP1L1|TMX4|MZT1|TRMT6|CCDC32|RPL22|NUP58|MAIP1|IER3IP1|CANX|RAB9A|KPNA4|MRPL45
BLANCO_MELO_RESPIRATORY_SYNCYTIAL_VIRUS_INFECTION_A594_CELLS_DN	0.0301467032081251	0.285483591323736	-0.423581098179542	-1.37303889159512	186	90	SEMA4G|NEIL1|BCAS1|ADSS1|C5|DEGS2|MYO1A|VMO1|SLC7A7|MUC5B|LINC02870|KRT4|SYNGR4|LIAT1|BCAM|RAB40B|CCDC74B|TPPP3|AKR1C2|TONSL|KCNJ11|FGFR3
GSE13411_IGM_VS_SWITCHED_MEMORY_BCELL_DN	0.0300932891965092	0.285483591323736	0.332327600288237	1.25712766043111	99	184	IFIH1|LGALS3|GOLPH3|PKD2|ARID5B|ANKRD27|RHOT1|ERBIN|SGPL1|RFX5|TSC22D2|CHPT1|WSB2|CLK1|FNTA|RAB6A|HSPA4|IDH1|TMEM106C|TGFBI|SCFD1|UBE2E3|TDRD3|KDM4C|SQOR|RTN3|PLPBP|REL|WAC|DDX5|SSB|CMPK1|TSNAX|CLIC4|CPNE3|WDR11|S100A10|ZSCAN9|ALDH2|SNW1|WWP2|AZI2|KDM6A|SACM1L|ANXA1|PGAP3|NEK2|BCLAF1|MAPK14|CLOCK|HMGCS1|WEE1|NFU1|SIK2|WBP11|RAB4A|FAF1|SERTAD2|NUP50|CAT|COMMD3|NPRL2|SERPINB1|ASAP1|MBD2|MRPS2|KIFBP|PPP2R5A|RAD17|HMGB2|DAPP1|KANSL1L|SLC7A6|USPL1|ZMYM4|SECISBP2|LRIF1|CEP290|TNFAIP3|NDUFS4|DCAF10|SLC23A2|HSF2|VPS35L|VPS37C|DNAJC13|CUL1|VCPIP1|MTERF1|USP9X
GSE19941_UNSTIM_VS_LPS_STIM_IL10_KO_MACROPHAGE_DN	0.0301114122252334	0.285483591323736	0.333041404624393	1.25822440119196	99	183	DPYSL2|CD83|ARRDC3|ZKSCAN8P1|ARID2|DOK2|IL10RB|GPR174|NCOA2|EMSY|STT3B|FGF13|TMCC1|ST8SIA6|SH3BGRL|SLC25A40|PDE8A|MRPL39|BCAS2|INTS6L|BCL9|NEO1|FBLN1|OTUB2|CHAC2|CNIH3|SNX3|DUSP10|USP47|ZFAND4|NSUN4|PIP5K1B|VRK2|NME7|EMC2|CELF2|FGD6|RPRD1A|CFAP20|GABPA|SFMBT2|CFAP20DC|DCP2|ANXA1|FAM20B|CETN2|TEAD1|PIAS1|LRRC40|PRDM2|S100PBP|SMC4|TRIM59|CKAP5|CEP70|BTK|HJURP|LRRCC1|CEP192|CCDC14|N4BP2L2|CPSF6|PEX19|MORC3|GEMIN2|TANC2|TRMT44|KYNU
REACTOME_COMPLEMENT_CASCADE	0.0301403083318898	0.285483591323736	-0.518248855344645	-1.4618751383406	173	39	GZMM|C3|C5|CD19|CFD|C8G|C5AR1|CFHR3
GSE27241_WT_VS_RORGT_KO_TH17_POLARIZED_CD4_TCELL_UP	0.030259777333714	0.285713722086325	0.349247736974591	1.2863005084791	105	150	TTK|MEX3C|RAD54B|FGF13|MNS1|TOP2A|ANLN|EGR1|KIF11|CCNA2|KNL1|AKAP12|H2BC26|ARHGAP11A|FMNL3|STAG3|DNA2|SMC2|ZRANB3|ECT2|RPL39|NEIL3|SLC22A15|TOX|PSCA|IL24|HOXA5|FBLN1|CKAP2L|RBL1|NUP205|PPIG|PDE7A|KIF15|MIS18BP1|STMN1|RACGAP1|KIF14|TCERG1|PRR11|LIN54|BRIP1|ESCO2|CKAP5|ATAD2|CDCA2|NCAPG2|CENPE|CENPJ|CENPS|FAF1|SEC61G|RFWD3|FUBP1|ALYREF|XRCC2|BUB1B
GSE28737_FOLLICULAR_VS_MARGINAL_ZONE_BCELL_UP	0.030244048510256	0.285713722086325	-0.364750571547168	-1.29253657694466	201	184	DNASE1L2|HDAC10|HELB|JOSD2|ZNF692|TEF|SGSH|ECI1|SGIP1|MICU3|DENND2C|APOBR|TCP11L2|RPL18|SPECC1L|TXNL4B|KATNB1|LMF1|SLC6A13|SH2B2|MAPK7|PCNX3|ALG9|YDJC|PIP5KL1|LSS|MXD4|LYL1|MIB2|SCAP|QTRT1|RPS16|SLC1A5|RAB11FIP5|ARHGAP39|TSC22D4|FAM98C|BORCS8|PPP1R18|METTL26|MLH3|ISCA2|METTL6|SUMF2|TMC6|FRRS1|TXNDC11|LMNB2|EMC10|SLC25A35|TPRA1|TTC13|POLR1A|PTRH2|FAM8A1|EBP|STIMATE|DHX16|BLOC1S5|EIF2B4|DHX34|CLEC11A|OPA3|SLC15A4|TTC38|TACC1|RHBDD2|DHDDS|MBTPS1|PPP2R1A|PIGV|MEN1|TNNI3|SLC25A37|METTL1|CTCF|RER1|VPS16|RAD51D|XRCC6|SREK1IP1|ANKRD52|C5orf24|MGST3|PDPR
GSE43260_BTLA_POS_VS_NEG_INTRATUMORAL_CD8_TCELL_DN	0.0302848575712144	0.285713722086325	0.328390989038933	1.24775438375123	100	189	ST8SIA4|CD83|GPR137B|H2BC6|HERC3|CDS1|PKD2|ZNF10|AMD1|NCOA4|ZNF518A|DLC1|PTPN2|SGPL1|H2BC21|NIPSNAP2|AKAP11|CRYBG3|ERCC6|LRPPRC|ETV5|CAMTA2|ITPRID2|ERP44|TBPL1|ESD|PPP3CB|H2BC7|SLC5A5|DGCR5|ACSL4|ALDH9A1|UBE2E3|NDUFV2|ATP5F1C|SSB|DDX52|MTRR|NSA2|AASDHPPT|ANKRD46|CS|PEX13|SNX19|FH|PRKAA1|TOR1B|CLNS1A|STX7|UBE2D1|SUPT4H1|CEP57|PANX1|PTPRJ|SLC35A1|RAB31|RYK|EXT2|SRPK1|AHCY|PABPC1|MDM1|N4BP2L2|GLO1|ZC3H14|SERPINB1|KDM1A|MAP3K5
KEGG_MEDICUS_VARIANT_MUTATION_INACTIVATED_PINK1_TO_ELECTRON_TRANSFER_IN_COMPLEX_I	0.0302357362487188	0.285713722086325	-0.498686147591007	-1.44463365112777	176	45	NDUFB2|NDUFB8|NDUFA3|NDUFA13|NDUFA2|NDUFA11|NDUFS7|NDUFS8|NDUFA6|NDUFB7|NDUFA1|NDUFB1|NDUFC2|NDUFC1|NDUFB11|NDUFA7|NDUFB6|PINK1|NDUFA8|NDUFAB1|NDUFB4|NDUFB9|NDUFS2|MT-ND1|NDUFS3
GSE19401_UNSTIM_VS_RETINOIC_ACID_STIM_FOLLICULAR_DC_UP	0.0303668069753458	0.285818630193968	-0.367565005841282	-1.29587575642344	201	176	PAK1|MAPK8IP2|IRF7|CLDN7|NUP210|AURKC|COX8A|MT2A|NDUFB8|NBEAL2|COX5B|TCIRG1|PDE6D|COX6B1|SLC7A7|LAGE3|LGALS3BP|HS6ST1|HSPB1|FOS|IL2RG|MIF|OS9|PLOD3|SH2B2|SLC16A3|CAMK1|TSPO|RRP12|PSMB6|LYL1|TRIP6|SRM|STOML2|UQCRQ|IL17RA|PSMB10|SLC2A3|SFXN3|GRHPR|SPN|TSC22D4|TAPBP|EXTL3|KLHL21|SLC20A2|FLOT1|CAPG|PCK2|NRGN|CENPB|IER2|CTSH|ATP5MC1|NUDC|ELK4|APOBEC3B|EBP|MRPS12|CD52|PTPA|HYAL2|ATOSB|POLR2I|EDEM1|DYNLT1|PSMB3|FURIN|YARS1|CLPP|RXRA|RRAS
GSE22886_UNSTIM_VS_STIM_MEMORY_TCELL_DN	0.0303951367781155	0.285818630193968	0.326733978060309	1.25067678408561	99	200	NXT2|IL12RB2|GLMN|AMD1|BCAP29|PRIM1|MACIR|THNSL1|ZWILCH|GNPAT|RDX|NUP107|POLA1|PLAA|TCF12|HSPA14|MRPL39|ATP1B3|GMPS|SMARCA5|TIGAR|EGR2|ELL2|NCKAP1|RRP15|SLC25A3|CPOX|DCTN6|NUP205|DDX18|SOAT1|NME7|TAF1A|NAA50|DBF4|TMEM70|MYB|COQ3|MOB1A|DHX15|BAG2|DERL1|VDR|IDH3A|ATP13A3|GPI|TCERG1|STIL|NCBP1|WEE1|XPOT|RAB1A|SMC4|PSMD11|BZW2|ECHDC1|ATAD5|BUB3|SLC39A8|CCT6A|DNAJB6|GLRX3|DSN1|NDC1|RBM12|IMPA1|SLC35B1|SNRPD1|VDAC2|PRMT5|EED|PSAT1|TOP1|FKBP1A|ZNF282|NEK4|FKBP4|NCAPD2|HMGB2|HSPA8|ATIC|WARS1|RYBP|PIGF|SNIP1|PTPN11
LEE_METASTASIS_AND_ALTERNATIVE_SPLICING_UP	0.0303485075871269	0.285818630193968	-0.457241470172922	-1.40871351959451	181	64	L1CAM|PLXNA2|ANKS1B|TNFRSF1A|LGALS3BP|FASTK|MET|TSPAN9|RPS6KL1|CAMK1|ITGB5|BMP1|F2R|PTK7|BID|FAT1|P3H3|MCM7|STK32C|HIPK2|SMAD3|PPP2R1A|DDR1|LTBR|PLAGL1
WP_RUBINSTEINTAYBI_SYNDROME_1	0.0304098721903922	0.285818630193968	0.656378867304342	1.54954697527656	137	15	FOXO1|NCOA3|SMAD4|CREB1|CLOCK|PCNA|DDX21
GSE17721_0.5H_VS_24H_GARDIQUIMOD_BMDC_DN	0.0304750522856289	0.28616330668208	0.328114378465301	1.24895779088754	101	191	IFIH1|GPR85|SLC22A4|SNX18|IGSF9|COPS2|RNF11|INSIG2|MEMO1|CAPZA1|HVCN1|ZNF227|LTN1|NT5C3A|DUSP19|ETFRF1|EIF3E|FAM174A|ARIH1|SMARCAD1|RIMOC1|SYPL1|LIPT2|SLK|PIAS2|NFAT5|CMPK2|MRPL50|RBM7|VAV1|TNKS2|ABR|CD274|KCTD14|HLA-C|NAMPT|ARHGEF12|CACYBP|PTK2|CAND1|SKP1|CYRIB|ATP2A2|CD47|ATAD1|SACM1L|MGST1|HECTD1|CHD1|NRF1|PPP2CA|FBXW11|ARFGEF1|ATP6V1A|MED14|CFAP97|AMFR|SLC35A1|HSP90AA1|TAX1BP1|CDC73|CDC42SE2|LATS1|TMCO3|DALRD3|GHITM|SPOP|COPB1|DRG1|GALNT6|HSBP1|EED|LACTB2|CWC27|WDR48|RNF146
GSE21774_CD62L_POS_CD56_BRIGHT_VS_CD62L_NEG_CD56_DIM_NK_CELL_DN	0.0306122448979592	0.286914765906363	0.335031653485137	1.2618610017852	101	179	ZNF841|TTC39B|PITPNC1|MYOM1|ZNF354A|SESN3|WDFY3|PGAP4|USP25|ST3GAL5|HACE1|PTGS1|TAF9B|ITSN1|HYCC1|CRLF3|UTRN|EPB41L5|PPP1R12A|ZNF12|NLK|PEAR1|PLPP3|PTPN14|ATP8A1|SLC18B1|CDK17|DSG2|ESAM|EXOC6|UBQLN2|PARD6G|ZMYM5|CADPS2|CASD1|IFT70A|LSM14A|CYP4V2|NDN|MEG3|PFKFB2|BIRC2|CA2|NUFIP2|CSAD|S100PBP|AGO1|GTDC1|ZFAND6|IMMP2L|STX17|CISD1|TFDP2|TGFBR3|CCDC66|LRRCC1|EHBP1|NFIA|TNFSF9
GSE5589_WT_VS_IL10_KO_LPS_AND_IL10_STIM_MACROPHAGE_180MIN_DN	0.0306056701030928	0.286914765906363	-0.425832608102407	-1.3763746231229	189	88	TGFB1I1|MEIS3|TEX14|B4GALNT4|GDF15|IFITM1|ICAM5|LENG9|PALD1|ODAD1|MGAM|PCDHB5|P2RX6|SPINDOC|OTX1|ADGRB3|CAPN15|NTHL1|RPS23|GRTP1
HALMOS_CEBPA_TARGETS_UP	0.030761836097092	0.288047864498703	0.479930950678964	1.44217972429807	127	42	CXCL8|RGS2|SERPINI1|FOXA2|UAP1|TNFAIP8|UGCG|PTX3|SLC30A1|JAK2|ZNF250|POU4F1|MEGF9|WAS|ARL4A|BMP2K|BTG1|IL1R1
DOANE_RESPONSE_TO_ANDROGEN_DN	0.030834429343855	0.288458529127322	-0.353632531581756	-1.27789496469142	210	222	MXD3|UBL3|STS|PCBP4|CYFIP2|IFI30|MARCKS|IFT122|SEMA3F|PYCARD|ATXN1|KREMEN2|NACA4P|GASK1B|IFITM1|LPCAT4|SLC9A1|EPS8|TRAIP|SMAD6|PDE6D|SERPINH1|HERC6|IGFBP2|IRS1|GPC1|DUS2|MCAM|TBRG4|RECQL4|TINAGL1|ACTN2|RAB15|IFITM3|YPEL1|DUSP4|TRAF2|PIN1|SP110|LPIN2|DHRS3|PPARD|RPS2|PHC1|PAQR4|RANBP3|SZRD1|GNB5|RAD54L|PIDD1|EVL|HELLS|CDC42|ATP5F1D|HCFC1R1|CKB|SUPT6H|BCL7A|NMU|LTBP1|NOC4L|EPB41L2|CDKN1A|KIAA0319L|PAX9|APOBEC3B|OBSL1|ARHGEF3|PRAF2|TRAF5|SMYD5|SGTA|ARVCF|SNPH
ANDERSEN_LIVER_CANCER_KRT19_DN	0.0308932169241101	0.2887393961678	-0.466713309698952	-1.42028976152651	183	60	SEL1L|PDE2A|RETSAT|LEAP2|PEMT|CYP4F2|SLC41A2|C8G|GNMT|ARMC5|SELENBP1|DECR2|CPQ|GRHPR|CEBPB|EPHX1|TFR2|TNIP1
BIOCARTA_FCER1_PATHWAY	0.0309765902104516	0.289075396239582	0.485806288893081	1.44302905564209	130	39	MAP3K1|PIK3CA|MAPK8|PPP3CB|VAV1|MAPK1|MS4A2|FCER1G|PLA2G4A|CALM2|NFATC2|ELK1|PIK3CG|MAP2K4|BTK|PPP3CA|SOS1|MAP2K1|PRKCB|PAK2|SHC1
GSE39556_CD8A_DC_VS_NK_CELL_UP	0.0309867629362214	0.289075396239582	0.3332331195357	1.25793645839673	102	182	TTK|AIF1|PRNP|SERINC5|LST1|TNFSF4|SERPINI1|NEDD4|CKS2|HS2ST1|PPT1|GNAQ|KDSR|RFC4|KIF11|LDHA|MACIR|MTHFD2|CCNA2|MEF2C|STT3A|BMI1|DMXL2|NAB1|HPRT1|GINS1|TJP2|PDS5A|NAE1|AP3S1|PLXND1|GMPS|AGPS|TMEM106C|CD96|KCNS3
PID_INTEGRIN2_PATHWAY	0.0310296191819464	0.289206422793294	-0.587448312599454	-1.5131100271758	175	25	PLAT|C3|SPON2|ITGAX|ICAM1|ICAM2|ICAM3|ICAM4
GSE21033_1H_VS_12H_POLYIC_STIM_DC_DN	0.0311220311220311	0.289546033903683	0.369821483322595	1.31615232499514	113	116	SLC35A3|TMOD4|CUEDC1|USP25|IMPACT|PIK3CA|CABLES2|ADD3|ZFYVE26|YTHDF3|LEKR1|EPS15|PPP3CB|RBM4B|AGBL4|PDE4D|GNPDA2|CEP97|KDM4C|IRAK4|RAB5A|ZBTB34|VWA5A|NFE2L2|EXOC6|NRAS|RFX7|SNX2|PTK2|DNAJB9|CHUK|PPP4R3B|PHF3|ZMYM2|SPG11|BMP2K|YIPF4|KLHL7|MORF4L1|BTBD7|PUS7L|ZRANB2
LIU_OVARIAN_CANCER_TUMORS_AND_XENOGRAFTS_XDGS_UP	0.0311237468202903	0.289546033903683	-0.363362454185301	-1.29527985473376	207	196	SERBP1P1|RPS27P4|FAM3C2P|RAP1GAP2|CSNK2A3|BZW1P2|KRT8P3|HSPB1P1|SERBP1P5|RPL31P4|UBE2SP2|RPSAP15|ADGRL1-AS1|CELSR3|FABP5P7|LINC01089|HNRNPA1P10|LINC00265|RALGAPA1P1|CHCHD2P9|YWHAZP3|PLXNA4|LINC01873|RPL35P2|RPS27P3|FAM215B|XRCC6P2|ARPC3P3|RPL4P5|RECQL4|SKIDA1|RTN3P1|RAB6D|CNGB1|EIF4HP1|DNAJB6P1|RPL10P6|PALM3|RPL7AP30|RPL36AP37|PAX8-AS1|GCSHP5|AHCTF1P1|KIFC1|PACSIN1|JRK|ID1|AFG3L1P|RPS7P11|MYBL2|TROAP|TUBBP1|ADGRL1|ESPL1|TLK2P1
GSE369_PRE_VS_POST_IL6_INJECTION_IFNG_WT_LIVER_UP	0.0312737209655382	0.290671862085252	-0.373154335692314	-1.30364889322382	205	162	CATSPERZ|SRGAP3|DYSF|GKAP1|FNDC11|LEAP2|GASK1B|DDB2|SLC45A4|OSBPL5|AEBP1|ITGAX|B3GNT6|ARHGEF17|NKX6-1|METTL25B|SCRIB|UNC13A|FOS|COL6A3|SPINT2|BCL3|ANKRD63|PRSS53|TEX22|AMPD2|KRTCAP2|GBP2|TRMT1|CAPN15|TMEM79|JUNB|CRYZL1|TSKU|MGRN1|MAF1|PCSK7|RDH13|GDPGP1|ID2|WNT5B|SASH1|OGFOD3|FANCG|IFNGR1|SOCS3|AARS1|LY6E|PTRH2|JUN|UQCC6
GSE24574_BCL6_LOW_TFH_VS_NAIVE_CD4_TCELL_UP	0.0316341829085457	0.293750164695636	-0.365626316275254	-1.29173819416769	210	179	POU2F2|GNRH1|IRF7|TAP1|BRME1|ADGRE5|VILL|RTN2|MICAL3|ECI1|CYP4F2|MATN4|SLC19A1|SCRIB|CCND1|UNC13A|SPG7|NDUFS8|OS9|PLOD3|KSR1|RGS14|EPHB6|LIG1|AMPD2|MAD1L1|PHKG1|PELP1|SLC16A3|ID3|ISG15|ATOX1|BCAT2|IL16|NDUFA6|PPP6R2|CDK2AP2|SULT1A1|DCTN3|TNFRSF1B|SIVA1|ACADVL|TGIF2|VAC14|PAFAH1B3|EHMT2|DUSP5|CD81|NINJ1|TIMELESS|PITPNM1|CYC1|GALNT2|POP7|APOBEC3B|ARAP1|LDAF1|COG2|CD52|SPTA1|CYB5R3|JADE3|RBM5|CNOT9|RAB13|H3-3B|GSS|ACTR1B|COX6C|HBD|MEN1|MAPKBP1
GSE18281_SUBCAPSULAR_CORTICAL_REGION_VS_WHOLE_MEDULLA_THYMUS_UP	0.0316810671517356	0.293913634074974	-0.369252735496781	-1.29600501180371	208	171	IDUA|SHANK1|PLXNB2|KRT12|APLP2|PLOD1|MOGS|SRRM2|SLC2A9|BCAM|DKKL1|CLCN7|LUC7L|TPCN1|SPG7|HSPG2|BRD4|CA12|INHBE|ALG9|GUCA1B|NLRP1|CPSF1|AREL1|FHIP2B|PNKP|POMT1|EHBP1L1|POLR2E|SORBS3|BRD9|ATP13A2|STX5|TRPC4AP|HDAC7|MAP3K3|SZT2|MADD|NISCH|ERAL1|MED12|POLR2A|CBX2|ANAPC2|RUSC1|MINK1|EHMT2|CCDC51|ACD|POLA2|PSEN1|SUPT6H|ADD1|TEAD3|RNF216|DESI1|ABCF3|ESYT1|MGAT1|STIMATE|COG2|BRF1|PKN2|GATA1|PIMREG|TLN1|AMBRA1
DEBOSSCHER_NFKB_TARGETS_REPRESSED_BY_GLUCOCORTICOIDS	0.0319524019391803	0.295948564324353	0.653921006926078	1.54374457927556	144	15	CXCL8|CCL5
KAECH_DAY8_EFF_VS_MEMORY_CD8_TCELL_UP	0.0319593787335723	0.295948564324353	0.327184341018169	1.24686174013026	106	192	BATF|IL12RB2|LGALS3|MEMO1|PLK4|DCLRE1A|MNS1|LAMP2|TOP2A|P3H4|EEF1AKMT1|ADPRH|KIF11|TAB2|CCNA2|LYPLA1|PSMA4|SH3BGRL|TMED2|KPNA2|AP3S1|IDH1|HK2|UGCG|NUSAP1|MAD2L1|PERP|LAT2|GNG10|LITAF|PRRC1|NDUFV2|TYMS|CDK1|RRM2|FRG1|CRY1|CDK2AP1|BUB1|KCTD9|KLRG1|RRM1|S100A10|CDK2|COQ3|PSMA2|VMP1|STMN1|ANXA1|RNF14|IDH3A|RACGAP1|MFSD14B|PPP2R5C|CDKN3|NCBP1|PTPRA|ATP6V1A|ZFAND5|AK3|IDE|GABARAPL1|LMNB1|CORO1C|ATP6V0E1|PCLAF|S100A4|CDC25C|SUN1|CCNB2|BAK1|RNASEH2B|GDAP2|BTF3|MRPS17
NEWMAN_ERCC6_TARGETS_UP	0.0321477428180575	0.296598384565865	0.573636723896311	1.50547763022855	140	23	CXCL8|CLDN23|STEAP1|CSTA|SLC25A40|LITAF|DBF4|ABCB1
REACTOME_CELL_CYCLE_CHECKPOINTS	0.0320729237002026	0.296598384565865	0.306168390407002	1.20987597168487	94	279	H4C5|SGO2|H2BC6|CDC7|CENPQ|CCNE2|H4C12|ITGB3BP|RMI1|PSMC6|PSMC1|KIF18A|NBN|PSMD5|RFC4|PPP1CC|RANBP2|ORC4|H2BC21|CCNA2|KNL1|H2BC26|CCNB1|SEH1L|PSMA1|PSMA4|ZWILCH|UBE2N|DNA2|NUP107|YWHAQ|YWHAG|NDC80|NUP37|PPP2R5E|NUP160|COP1|ORC2|PSMD6|NUP133|MAD2L1|CDC27|H2BC7|RAD9B|CENPU|UBE2V2|YWHAZ|SPDL1|UBE2E1|HUS1|ZW10|CDK1|AHCTF1|RFC5|DBF4|BUB1|CDKN1B|CDK2|PSMD10|PSMA2|PSMA6|CLIP1|UBE2D1|RBBP8|CENPI|PSMC2|RPA2|ORC3|ABRAXAS1|PPP2CA|PPP2R5C|PSME4|ATR|ANAPC10|NDE1|ZWINT|H2BC8|WEE1|BRIP1|PSMD14|YWHAH|WRN|RNF168|PPP2R1B|PSMD11|CKAP5|BUB3|H4C8|BLM|PSMC5|CENPE|CENPS|RFC3|CLASP2|DSN1|ATM|CDC25C|RMI2|CCNB2|MAPRE1|ERCC6L|BUB1B|KIF2A|EXO1|DYNC1LI2|KNTC1
REACTOME_CLASS_B_2_SECRETIN_FAMILY_RECEPTORS	0.0320954461435053	0.296598384565865	-0.458141273382255	-1.40410831691883	190	63	WNT11|FZD9|GNG8|FZD7|DHH|GNB3|ADGRE5|WNT3|PTH2|ADM2
REACTOME_COLLAGEN_BIOSYNTHESIS_AND_MODIFYING_ENZYMES	0.0321217244294167	0.296598384565865	-0.474947923896206	-1.42160622125474	189	54	COL18A1|COL25A1|COL14A1|ADAMTS14|COL1A1|PLOD1|SERPINH1|COL6A1|PCOLCE|COL6A3|PLOD3|P3H1|COLGALT2|BMP1|P4HA2|COL1A2
GSE15930_STIM_VS_STIM_AND_IFNAB_72H_CD8_T_CELL_UP	0.0321943811693242	0.296755921191622	-0.370855221904238	-1.29854822728118	211	167	GAA|AMH|MC1R|FZD9|ABRACL|CD14|DHH|ATXN1|LAMA4|LCAT|HLA-DOB|PEMT|KRT12|LAMA5|PNMT|GPRASP1|KLF12|GBA2|CDKN2D|NLRX1|HSPG2|B3GAT3|EMP3|ECE1|FGD1|FOLR2|EPHB6|IRS2|PHKG1|LTBP3|MORC4|NAA80|ATP5PF|GPSM3|GNPTG|B4GALNT1|G0S2|NEDD8|MEF2D|H2BC18|KLHL21|APBA2|METTL17|FUT1|COASY|NT5DC3|MAST2|ATXN7L3|P3H3
YAO_TEMPORAL_RESPONSE_TO_PROGESTERONE_CLUSTER_13	0.0322775263951735	0.297249366930964	-0.366858302765489	-1.29156935760226	213	175	FMC1|DPM3|UQCR11|COX6A1|TIMM8B|NDUFB8|NDUFA3|NDUFA13|NDUFA2|UQCR10|COX5B|ETFB|UBL5|SMTN|DNAJC15|DYNLRB1|NAA38|ROMO1|C17orf49|UBA52|CYBA|LAGE3|CCND1|PEX7|MICOS13|PSMG4|ACYP2|COMMD1|SF3B5|CSRP2|TXNDC17|GUK1|ATP5PF|NACC2|POLR3K|TSEN34|MGRN1|TMEM205|COX16|LAMTOR5|SNRPD2|NEDD8|NDUFC1|PAFAH1B3|OGFR|NDUFB11|UBE2M|ECH1|EMC6|S100A6|RELB|MRPS18A|EBP|CD320|SEM1|ILVBL|MIEN1|NFKBIE|EIF4EBP1|POLE3|CUEDC2|TOMM5|H2AZ1
CAMPS_COLON_CANCER_COPY_NUMBER_UP	0.0324527071102414	0.298588702083046	-0.436854729911184	-1.38233283697487	198	75	KRT15|FSTL3|ANAPC11|NPB|CASKIN1|DOK6|CCDC103|SIRT7|MAFK|DACH1|DIRAS1|RPS15|BOP1|PYCR1|OSBPL11|PCYT2|KAZN|MAFG|FLII|EFTUD2|PAX9|PANK4|P4HB|HJV|CERS1|RXRA|MAGEA1|TRAF7|YY1AP1|NOTUM
GSE17974_2H_VS_72H_UNTREATED_IN_VITRO_CD4_TCELL_UP	0.032579185520362	0.299477897667943	0.330637573457003	1.25148011391547	107	185	TMTC3|ELK3|ZNF416|CXCL8|CD83|PRNP|HSPBAP1|EGR3|ZNF268|ZNF583|SLC49A4|TRMT61B|PHLDA1|KLF10|SGPL1|PIK3CA|FAM199X|PUS3|LRP6|PLAA|ZNF37BP|SNRPN|BRIX1|LINC01138|CHIC1|PTX3|ATP8A1|EGR2|FAM83G|MICALL1|TIMM23|TENT5A|FAM133B|UTP3|RAPGEF6|ZNF234|CMTR2|FAM3C|C6orf120|BACH1|HPS5|NIFK|UTP15|ANXA1|SNAPC5|CHD1|APC|GCNA|RBM25|ALKBH8|C12orf43|AP4E1|FKRP|RYK|LTV1|DDX21|MARS2|FUBP3|ZZEF1|RIPK1
FLETCHER_PBMC_BCG_10W_INFANT_PPD_STIMULATED_VS_UNSTIMULATED_10W_UP	0.0326702248099628	0.299888995173346	-0.432149865098961	-1.38134031997367	201	80	NFKBIZ|GNG8|MARCKS|CHAC1|MT2A|CXCL1|MMP1|CSF2|SLC7A7|IER3|FEZ1|C2CD4B|IL1B|TRIB3|GBP2|AKR1C2|THBD|PYCR1|G0S2
GSE3982_EOSINOPHIL_VS_BASOPHIL_DN	0.0326836581709145	0.299888995173346	0.327388265421624	1.24394443515048	108	189	VAV2|CD3G|SGPP1|ENOPH1|PKD2|RNF139|ERI2|EIF3E|TESPA1|KDM7A|PEX3|PJA1|PEX1|ALG6|PIKFYVE|ZFYVE16|ADD3|XPO7|INTS8|CBFB|FCER1G|TAC1|CHN2|LAT2|CASP8AP2|CAPRIN1|RPS27L|CENPU|FUT8|INTS12|PCF11|SQOR|MEAF6|EMC2|NSA2|WDR11|FTO|VRK1|TASOR|KIDINS220|CMAS|NF1|PLAAT4|TPST1|MRPL3|AGPAT5|UBE4B|SMC4|NCOR1|PLAAT3|TRAM1|MAP2K4|SUCLG2|PRKCQ|LTA4H|RALGAPA1|RPS6|MSMO1|OPTN|GATD3|SSX2IP|STK38|CANX|PIBF1|PPP2R5A|SRP54|MRPL35|KANSL1L|CEP63|COX11|APIP|RPS4X|GSE1|CRTC3
HELLER_SILENCED_BY_METHYLATION_UP	0.0328059224851212	0.300735935986892	-0.348998992611421	-1.26863185863021	225	238	SPIB|ADAM19|CCR7|H2AC8|IL15|H2AC11|S100P|CIITA|SNN|BTN2A2|L1CAM|IFITM1|HLA-DOB|APOE|TFPT|IZUMO4|APOC1|HERC6|RIGI|IER3|ICAM1|VCX|MCAM|TBRG4|C5AR1|NCAN|TKTL1|IGHA1|MX1|MUC1|IRS2|BCL6|MZF1|ISG15|PAEP|TRIP6|MYO9B|PRF1|AGRN|ATP13A2|TCTN1|RPS2|CDC42EP4|TNFRSF1B|DDAH2|ID1|CEL|TANK|ZBTB43|HSD17B1|ZER1|HSPA1A|DHX8|LRFN4|CAPG|IRF9|SOCS3|PRSS2|MAGEC1|MICAL1|ST8SIA1|MAGEA3|S100A6|CCNF|MAGEA12|CTSH|TNFAIP2|CDKN1A|SERPINF1
LIEN_BREAST_CARCINOMA_METAPLASTIC_VS_DUCTAL_DN	0.0329317269076305	0.301338810117407	-0.424720942429041	-1.37121983056008	204	87	ELAPOR1|CLDN7|TMEM25|EPPK1|ELL3|MMEL1|TPD52|FSIP1|SPINT2|INPP5J|KDF1|CA12|ESR1|DACH1|NPDC1|MANEAL
WP_CLOCKCONTROLLED_AUTOPHAGY_IN_BONE_METABOLISM	0.0329063049485054	0.301338810117407	0.422296868338726	1.3779459843579	130	66	SEMA3A|BMPR2|CTF1|RUNX2|LAMP2|ATG4C|CTSK|SMAD4|DRAM2|ATG10|EFNB2|JAK2|PIK3C3|BCL2|CRY1|BECN1|ATG12|HMGB1|CLOCK|FYCO1|RB1CC1|BHLHE40|SMAD5|MAP1LC3B|ATG3|WNT10B
GSE3720_UNSTIM_VS_LPS_STIM_VD2_GAMMADELTA_TCELL_DN	0.0330292544825417	0.301955971307608	-0.398124754538889	-1.33913153791589	209	118	ANO9|PLCB4|AQP1|PIEZO1|L1CAM|CASTOR1|CPEB3|EPS8|FCRLB|PLOD1|SOD3|SRCIN1|TMEM163|EXTL1|RRBP1|SLC6A8|GNMT|CHRM4|PRF1|HEMK1|IL18RAP|ERN1|DYNC2I1|RPUSD3|CAPG|STARD10
REACTOME_TNFS_BIND_THEIR_PHYSIOLOGICAL_RECEPTORS	0.0330783078307831	0.302129257511738	0.579811505702184	1.51141507372003	146	22	TNFRSF14|CD70|TNFSF4|EDARADD|TNFSF13B|EDA
GARCIA_PINERES_PBMC_HPV_16_L1_VLP_AGE_18_25YO_STIMULATED_VS_UNSTIMULATED_0DY_VACCINATION_INDEPENDENT_UP	0.0331613854089904	0.302458593442998	-0.355553642679829	-1.27892428012169	224	211	LAG3|SPAG1|IL15|TYMP|KCNJ14|IRF7|HLX|PAK6|CLDN7|MT2A|AXL|APOL1|PSMB9|CXCL1|L1CAM|IFITM1|CHST12|ADGRE5|KCNK5|IFITM2|CD19|MAP3K7CL|MNDA|RIGI|PTGIR|CCND1|LAMB3|AURKB|LGALS3BP|HSPB1|APOL6|SERPINE1|NRG1|MX1|FAS|CACNA1A|MUC1|IFITM3|ISG15|TRAF2|TAP2|SP110|SLC4A2|PHF11|SPHK1|PARP3|G0S2|HSPBP1|OAS3|IL15RA
GSE16450_CTRL_VS_IFNA_12H_STIM_IMMATURE_NEURON_CELL_LINE_DN	0.0331746275533712	0.302458593442998	-0.374689757158208	-1.30205904803172	215	157	PBX4|ZNF341|ADGRG3|ZNF71|DHH|DDB2|GPR68|KCNK5|PHPT1|HAS1|TRAPPC3L|TGM1|FUT8-AS1|LRRC75B|ATP9A|B3GNT4|MIR663AHG|FDXR|H4C2|SH2B2|TBCD|SCARB1|SLC16A3|CSRP2|SPINDOC|LYL1|DHRS3|RASSF7|TMEM120A|SDC4|PLEKHF1|ZNF354B|MCOLN1|NRARP|AFDN-DT|NUBP2|STARD10|NEU1|MAFG|SH2D2A|LGALS12|DDX59|RHBDD1|VEGFA|WRAP53|AK4|NARF|CCDC107|GTF2IRD1|GPR137|PFKP
GSE40685_NAIVE_CD4_TCELL_VS_FOXP3_KO_TREG_PRECURSOR_DN	0.0332618025751073	0.302769426067768	-0.374190071068106	-1.30180683664133	216	158	WFS1|FARP1|MELTF|RAB38|RPS28|MINDY1|AMZ1|HDAC10|BCAR1|PLA2G15|ATP6AP1-DT|PLSCR3|SNHG32|CD101|IGFBP2|ITGAX|COL6A1|HS6ST1|TMEM44|ZNF774|TBC1D8|WDR27|SRM|FBXW9|TRAP1|SLC39A4|DEF8|ITGB1|NCKAP5L|FLNB|ACADVL|HSD11B1L|SMARCA4|DHX30|ADGRL1|DPCD|INTS5|CSTB|CTSH|DEXI|SPTBN1|BCAP31
WP_EXERCISEINDUCED_CIRCADIAN_REGULATION	0.0332690453230473	0.302769426067768	0.464949762903812	1.4167524051009	137	45	NCOA4|EIF4G2|TAB2|PSMA4|SUMO1|TOB1|CBX3|PER2|DAZAP2|NCKAP1|VAPA|HERPUD1|UGP2|CRY1|QKI|CLOCK|BTG1|ETV6|IDI1|SUMO3|AZIN1|HSPA8|PIGF|SF3A3
GSE11057_NAIVE_CD4_VS_PBMC_CD4_TCELL_UP	0.033353275501047	0.303261032137237	-0.362615794981429	-1.28624652610099	222	187	ZNF331|RCAN3|IL11RA|ZFTRAF1|ZNF76|LYPD3|IGIP|LINC01089|NSUN5P2|SPEN-AS1|GON4L|TMEM63A|SPIN3|SNHG32|GPRASP1|ZNF470|ANXA2R|QRICH1|ZNF575|PIK3IP1|TBRG4|C12orf57|EFNA1|TNK1|AXIN2|USP20|PCED1B|CHD3|MAFK|MAD1L1|LTBP3|SLC25A45|MORC4|BIN1|PSMB5|PMPCA|APBB3|VPS52|ZNF407-AS1|SUSD3|XPO6|EVL|SIGIRR|ZNF251|CAND2|IL6ST|MTERF4|UBXN1|STMN3|NEURL4|ZNF275|PRKRIP1|SLC39A13|RNFT2|SNPH|DNAJA3|ARFIP2|CLPP|PPP2R2D|EXOSC2|ZNF420|TSPYL4|EGLN2|RABEPK|PHF1|COX7C|LAS1L
GSE33162_HDAC3_KO_VS_HDAC3_KO_MACROPHAGE_DN	0.033452807646356	0.303890753985631	0.32628504978516	1.24343464509208	111	192	MYL9|SELENOT|PUS10|LGALS3|ARL5A|PDCD10|RUNX2|CNIH1|GNAI3|HIF1A|IL18R1|TAB2|AP1S2|MMADHC|PTGES3|SMNDC1|PLEKHF2|TMEM30A|SMC2|SDCBP|C3orf38|WTAP|RTRAF|MAD2L1|IL1RL1|GNG10|VAPA|CAB39|TMED7|KLHDC2|RRM2|CDKN1B|DNM1L|PRPF39|VMP1|CCNT2|STMN1|ATG12|ZMPSTE24|ANXA1|ANP32B|IDH3A|STX7|CHMP5|PTPRC|GGH|ZCCHC9|HMGB1|YIPF4|AK3|PSMD14|CFAP97|GABARAPL1|DSTN|TRAM1|BHLHE40|NCAPG2|CENPE|PCLAF|S100A4|RIOK3|SH3GLB1|DOCK2|VIM|MRPL33|PGK1|CANX|WDHD1|RNF146|UGGT2|CRKL|NUDT4|VPS13C|HMGB2|TCF19|SLC66A3|ZEB2|HNRNPA3
GSE2706_2H_VS_8H_LPS_STIM_DC_DN	0.0335392762577229	0.30440077312389	0.33766481950558	1.26701621258869	113	172	SAMD9|AIM2|FSD1L|ADTRP|TRIM69|ZNF367|ZNF107|CCL5|DHX58|TNFSF4|C5orf15|SFT2D2|RAB29|DTX3L|MT1X|PI4K2B|LDLRAD3|CYP27B1|RDX|CEP135|NFAT5|APOL2|CFAP161|TMEM140|FLACC1|JAK3|PLXNC1|JAK2|PPA1|SOCS2|SSB|DDX60L|ETV7|PCGF5|PEX13|PPM1K|C4orf46|TRAFD1|PSMA2|KDM6A|TIA1
REACTOME_DISEASES_ASSOCIATED_WITH_O_GLYCOSYLATION_OF_PROTEINS	0.0336262250760392	0.30491422521525	-0.472733332212906	-1.4102468930229	198	53	SPON2|ADAMTS14|ADAMTS4|ADAMTSL4|MUC5B|NOTCH3|MUC1|POMT1
CHARAFE_BREAST_CANCER_LUMINAL_VS_BASAL_UP	0.0337996952486494	0.305658865681029	-0.326600213194674	-1.22722285752453	243	349	SLC26A11|WFS1|HPX|RHPN1|BCAS1|MGAT4A|ELAPOR1|FAM234B|ZNF467|AMZ1|SLC38A10|TMEM276|CACFD1|DEGS2|RHBDF1|SYNGR2|GGA1|KATNIP|GTF3C1|SERF2|SFI1|SRRM2|RALGAPA1P1|ELL3|TMEM80|TGFB3|CFD|RND1|KIFC2|CACNA2D2|CCND1|ACVR1B|PPP1R16A|DUSP8|PRRT3|INPP5J|NDUFS8|NME3|CA12|ARHGEF26|ESR1|MAGED2|TMEM184A|SMARCC2|POMT1|VPS72|CSNK1D|EMP2|DACH1|POLE|CREB3L1|ABHD12|RAB11FIP3|RHOB|NPDC1|RAB40C|ANKRD13D|STRADA|MGRN1|SCYL3|SIDT2|HIP1R|DDAH2|PYCR1|RDH13|RGL2|SPATA2L|PLXNA3|CACNB3|CYBC1|EVL|TGIF2|HMG20B|SMIM14|TNIP1|KDM4B|TMBIM6|STARD10|ENTR1|RUSC1|PCK2|IQSEC1|MXRA8|PLEKHH1|GRAMD4|PRR14|DDX42|ULK1
QIU_PBMC_HEPTATITIS_B_SURFACE_ANTIGEN_AGE_UNDER50_NON_RESPONDERS_VS_RESPONDERS_7DY_UP	0.0337533753375338	0.305658865681029	0.577866810479835	1.50634576818893	149	22	DLX4|CXCL8|MS4A3|TCN1|CCL4
WP_2Q112_COPY_NUMBER_VARIATION_SYNDROME	0.0337707786526684	0.305658865681029	-0.539218039560088	-1.46232098159782	192	32	PLXNB2|FAM178B|CNNM4|ARID5A|CIAO2B|ANKRD23|SNRNP200|SEMA4C
GSE28449_WT_VS_LRF_KO_GERMINAL_CENTER_BCELL_UP	0.0338496844520941	0.30583540281739	0.347109714952695	1.28037421160884	117	152	TRAPPC2B|ELK3|SERPINI1|MGAT2|CTSS|KIF11|PFKFB3|USP6NL|LIPT1|SPRY2|BCLAF3|DMXL2|INVS|PIAS2|SLC19A2|MAGEA4|RCBTB2|PLCH1|KCNS3|EFNB2|MLC1|FPR3|SERPINB5|ELL2|C5orf22|DLAT|INSIG1|CXCL11|FXR1|BMPR1A|CD24|BUB1|BAG2|NET1|ABHD5|GTPBP10|CLUAP1|LEPR|BHLHE40|PNP|RNASEH2B|SP4|MCL1|BBS4|SSX2IP|DYRK3|MINDY2|NR3C1
GSE22025_UNTREATED_VS_TGFB1_AND_PROGESTERONE_TREATED_CD4_TCELL_DN	0.0339177924691003	0.306175180579882	0.34535491049587	1.27239564546896	117	151	AIM2|CCT6B|RPGRIP1|DNAAF9|RAD52|PRKN|GLI1|RUNX2|GGPS1|PPP1CB|PDE8A|CTSF|GTF2A1|HOXC4|SIGLEC6|SLC5A5|SPINK4|LIPC|FRZB|SLC22A2|C1S|SERPINB5|NCKAP1|CDC14B|NDUFV2|UBE2V2|ZNF250|ANGPT1|NAMPT|ARHGEF12|EIF2S1|CYBB|ANXA1|RBBP8|PCSK6|PCNA|ATP1B2|DDX6|TRIM16|ITCH|REST|KPNA1|LTA4H|KIF2A|CARD8|ZNF253|SPTLC1|CORO2A
GSE10500_ARTHRITIC_SYNOVIAL_FLUID_VS_HEALTHY_MACROPHAGE_DN	0.0340565778632244	0.306600832817082	0.356485695380682	1.2873267033249	123	127	TCEAL1|SLC18A2|SNX16|SLAMF6|PAOX|CREBL2|INSIG2|SERPINI1|ARID5B|MTREX|IL18R1|RALGAPB|AKAP11|TFB2M|UTRN|DDHD2|ZFYVE26|CRNKL1|PGRMC2|RANBP9|TNKS2|ATP8A1|SLC20A1|TBC1D19|CIR1|PDE12|STAU2|MBNL1|PLEKHA8|BMPR1A|ZMYM5|RICTOR|RO60|RNF14|ATP6V0E2|GOLM2|IPO11|FYCO1|CEP76|SLC4A1AP
GSE2405_0H_VS_1.5H_A_PHAGOCYTOPHILUM_STIM_NEUTROPHIL_DN	0.0340207737468011	0.306600832817082	-0.360594665536878	-1.28234604678424	225	193	PBX4|LAT|LYRM9|CYFIP2|KLC3|NDOR1|ITGA4|PYCARD|RNF5|ABCB8|NSUN5|NSG2|NRM|RASGRP1|HCFC1|RGS14|MAPK7|EPHB6|PCNX3|PXMP4|MAP4K1|DDX23|TJAP1|GGCX|ICAM2|IL16|RAI1|RNPS1|STK11|WDR24|GATD1|ABL1|SLX4|SPATA2L|MED12|TP53I13|WRAP73|TTI1|MEF2D|CD3D|TAF1D|CBX2|CAND2|GNB1L|KYAT1|TXNDC11|EIPR1|ACD|TRIM56|RPS6KB2|ZNF408|PSD4|INPP5E|OXA1L|ABHD8|NUP188|CTNNBL1|GABPB2|TAF1C|TAF5L|SNX15|SH3GLB2|KARS1|MAST3
HUPER_BREAST_BASAL_VS_LUMINAL_UP	0.0340551868669228	0.306600832817082	-0.547726689873912	-1.46826539948081	194	30	S100A2|TRIM29|S100P|SFN|DSC3|FEZ1|CA12|IL1B
GSE19888_CTRL_VS_T_CELL_MEMBRANES_ACT_MAST_CELL_DN	0.0341406477969069	0.306998923700423	0.339275832065807	1.26438606665808	116	164	AJUBA|SLC35A3|MPZL3|PRKCH|S100A14|IGSF9|ANKRD13C|ZBTB22|TTPAL|CKMT1B|P2RY1|AMZ2|UCHL3|GCNT2|PAIP2|NEMF|NDFIP2|ABCD3|RAB3D|STYX|SKIL|TRIB1|PPP3CB|MFSD4A|SAR1B|LRP2BP|HOXA5|SERPINB5|MYLK2|DMKN|FAM83G|LDHB|MICALL1|SERTAD1|GPBP1|PSTK|ZMAT3|NPAT|ELOVL6|TRNT1|CLPX|STARD7|DSTN|CTDP1|BTBD3|MAP2K4|BTBD7|LTA4H|SH3YL1|RALGAPA1|GPSM2|IL18|NAA35
GSE23321_CENTRAL_MEMORY_VS_NAIVE_CD8_TCELL_DN	0.034161964312948	0.306998923700423	-0.37127942311184	-1.29541227608208	223	161	SULT2B1|TRPM2|PLCB4|DNASE1L2|KRT15|TYMP|RHOBTB2|PLLP|MAPK11|WSCD2|TNFRSF21|AATK|MATN4|GRM3|ATP2B3|GNRHR|KLF12|DSC3|NOP2|P2RX5|PPM1F|ACP3|FOLR2|CDKL5|COLGALT2|TXNRD2|CCDC57|MYO9B|KLK13|ERICH1|DPF1|CPNE1|KCNN1|GYPB|PLD2|MRAS|HEPH|MALT1|FZR1|ARHGAP22
GSE13946_CTRL_VS_DSS_COLITIS_GD_TCELL_FROM_COLON_DN	0.0342465753424658	0.307022552098202	0.343703132091052	1.2718690253513	119	154	AIM2|TSPAN32|HSPBAP1|PDK1|DHX58|SLC49A4|SESN3|TDRKH|CRLF3|LZTFL1|RRAS2|DENND6A|AGK|DCAF6|ISOC1|NIPAL1|TOX|IFIT1|INPP4B|EGR2|CEP97|TENT5A|USP53|PELI1|TAF1A|SCAPER|QSER1|PRMT3|CASD1|FAM3C|ELOVL5|MYC|TTC3|HMGCS1|BTF3L4|PPP2R1B|HLTF|TFDP2|ICE2|UTP25|USP28|SSBP2|METTL9|DKC1|GGT1|SCMH1|TASOR2|EIF2AK2|RAB3IP|STAT1|AFP|SLC6A19|TOP2B
GSE34156_UNTREATED_VS_6H_NOD2_AND_TLR1_TLR2_LIGAND_TREATED_MONOCYTE_UP	0.0342563516985441	0.307022552098202	0.345089409300614	1.27098513650906	119	150	TENM1|SLC9B2|PRKCH|CATSPERB|KIN|PIEZO2|UQCRB|C17orf100|GNAI3|HEMGN|CPD|ZNF277|SUV39H2|RCHY1|FAM199X|TOB1|RNF6|SAR1B|ZXDB|TMEM225B|SLC2A10|UPK1B|OOSP2|LRRC25|KCNE2|AGA-DT|POF1B|PLXNC1|C5orf22|TCEANC2|ZNF582|TAF1A|FBXO45|ZBTB37|DNAJB11|ANXA5|SUGT1|THPO|MKLN1|UCA1|PDIA3|MRPS33|DAD1|USP12|ADORA2B|CUL5|FAM118B|MRTFA|CIZ1|VPS37A|MAP2K4|TRAK2|DDX27|TRMT10C
REACTOME_O_LINKED_GLYCOSYLATION	0.0342168674698795	0.307022552098202	-0.42339498981151	-1.36693896672242	212	87	SPON2|ADAMTS14|B3GNT8|ADAMTS4|ADAMTSL4|GALNT14|MUC5B|B3GNT6|B3GNT4|B3GNT9|MUC1|POMT1|LARGE2
GSE15930_NAIVE_VS_24H_IN_VITRO_STIM_CD8_TCELL_UP	0.0346907993966818	0.307348847611555	-0.365587722074626	-1.28658564061543	229	174	KLC4|WNT11|TCN2|ADGRG3|FGD3|PPFIBP2|SPPL2B|MAPK8IP3|RAB33B|GRIA3|COL6A1|MAP1LC3A|SPATA6|CYTH3|ATP9A|NRTN|ELMOD3|MX1|PKP3|BCL6|CALR|FRMD8|PSAP|SEMA4F|SUGP2|TRAF2|PMPCA|FBXW4|DIAPH1|AGRN|ARID3B|ZBTB20|SLC39A4|ABCD1|RETREG2|REXO1|PHRF1|HIP1R|MYL6|PCSK7|GRINA|CEL|RPL37A|YJU2|AKAP7|MFGE8
GSE18804_SPLEEN_MACROPHAGE_VS_TUMORAL_MACROPHAGE_DN	0.0346385542168675	0.307348847611555	0.328597335675351	1.24494503613111	114	186	MLYCD|AGA|LONRF1|ANKRD13C|UQCRB|ITFG1|GNG12|NBN|SIAH1|DUSP22|MRTFB|ZNF468|DDHD2|NRBP2|NAE1|TRIB1|RBL2|UFL1|TMEM106C|ZNF32|LAMA2|SCRG1|CFAP99|HOXA5|MYEF2|MRPL15|USP33|DPH6|TIMM23|PKP2|ZNF700|TRMT11|RFC5|ANKRD46|EBAG9|PTK2|CHD9|FTO|FAM241B|ZNF91|TENT4B|RIDA|MON1B|CA2|DSCC1|WAS|CLUAP1|GGH|CFDP1|NT5DC1|CYB5B|JAGN1|USO1|MPHOSPH6|RNF168|H3C10|TRAM1|CENPS|FABP5
GSE21063_WT_VS_NFATC1_KO_16H_ANTI_IGM_STIM_BCELL_UP	0.0344982750862457	0.307348847611555	-0.360777270888828	-1.28079833829029	229	189	PRG2|ZNF331|TSC22D3|RAP1GAP2|PHLDB3|SPON2|STX1A|TEX14|ZBTB49|OTUB1|APOE|DGKD|SNX30|OSBPL5|ATG9A|CACNA2D2|ACVR1B|RELT|RHOF|RBM38|SNHG17|ALG9|BCL9L|BCL6|SMOC2|IL18BP|BRD1|MXD4|TRIP6|PLK3|ANKRD13D|CCDC157|REXO1|ABL1|PLEKHF1|MAPKAPK2|MUL1|NSMF|PER1|TRIM39|H2AC25|VPS11|MALT1|RAB30|BLVRB|ID1|LMBR1L|CDK5RAP1|NRIP3|HES6|ITGA5|LONRF3|TRAF3IP2|IQSEC1|ELL|PIP4P1|ULK1|GNL1|OXA1L|ITPR3|PXN
GSE21670_STAT3_KO_VS_WT_CD4_TCELL_IL6_TREATED_DN	0.0345838218053927	0.307348847611555	0.3387692672606	1.26854078915547	117	170	AJUBA|TTC39B|PITPNC1|TLE6|SLC9B2|ZNF43|CPNE8|MYOM1|MBLAC2|PLD1|ALOX12|RND2|PTGS1|RMDN1|TTLL7|ITSN1|GULP1|CBX7|MKRN1|SKIL|OCRL|SCARF1|FAM174B|TMEM140|RASSF6|NREP|LRRC36|TMEM74|NRXN1|ICA1|CDK17|INSIG1|CTNND1|DSG2|ESAM|ITGA2B|BACH1|NDN|MEG3|HAPSTR1|SEMA7A
GSE22886_NAIVE_CD4_TCELL_VS_48H_ACT_TH1_DN	0.0346489906598373	0.307348847611555	0.323243887733245	1.23535015325477	114	196	KDM4D|BATF|FAR2|BMAL2|HAT1|CLDND1|ERI2|MACIR|MTHFD2|PSMA1|PSMA4|GNPAT|NUP107|ETFA|MTCH2|IDH1|CNOT6|EIF2B2|SGCB|RIT1|ELL2|CAPRIN1|CENPU|FASTKD3|PSMG2|CPOX|DONSON|MED7|BUB1|EIF2S1|PRDX3|COPS4|RRM1|CDK2|SEPHS1|ATP2A2|CMAS|PSMA6|GOLT1B|VDR|RACGAP1|PSMC2|LSM3|PARK7|GGH|ZWINT|GARS1|GGCT|PSMD14|SMC4|KLHL7|HTATIP2|ATP5PB|STARD7|RFC3|HSPA9|HNRNPA2B1|PNP|ALDH18A1|CCNB2|STAMBP|EXO1|MSMO1|KNTC1|ACOT7|SNRPD1|KIFBP|HIGD1A|IMMT|HMGB2|MRPL35|MNAT1|MFAP1|ASF1A|MICAL2
GSE33425_CD161_HIGH_VS_NEG_CD8_TCELL_DN	0.0346385542168675	0.307348847611555	0.328640700367984	1.24510933039943	114	186	GPR137B|MFSD14A|UQCRB|STT3B|NEDD4|STRAP|VBP1|PRPS2|ARIH1|NPM1|CD80|BMX|SH3BGRL|CAPN2|TMEM123|OAT|SH3BGRL2|PDE8A|ASS1|SAR1B|HSD17B11|SPINK4|LIPC|OTULINL|TMEM176B|LGALS4|DLAT|LITAF|RAP1A|FUT8|UBE2E1|SOCS2|ADK|ATP11A|EPCAM|TMEM230|ACTR2|SNRPB2|SCAMP1|UXS1|DNAJB9|S100A10|BACH1|ALDH2|SEPTIN2|CFAP20|MYC|VMP1|ABHD5|RIDA|LRRC58|MGST1|RACGAP1|CHD1|SMPDL3A|NEK2|ITM2B|GGH|ECPAS|GNL2|SFXN1|YIPF4|XPOT|PSMD14|KLHL7|SUCLG2|S100A4|THUMPD1|KNOP1|PEPD|ANXA7|RBBP7|RNASEH2B|ACOT7|KIF16B|GLO1|SLC25A4|RNF208
GSE37416_CTRL_VS_6H_F_TULARENSIS_LVS_NEUTROPHIL_UP	0.0346579025993427	0.307348847611555	0.325516818362422	1.23907025428227	115	191	LNX2|ZNF75D|RPGRIP1|SERINC5|KCTD12|TGFBR2|SGPP1|ATP6AP2|HVCN1|SLC25A44|AMN1|LAMP2|PDE3B|GNB4|VPS54|ZNF518B|FAM174A|ABHD3|CUL4B|ATG2B|SLF1|NDC80|XPO7|FAM13B|IDH1|CNOT6|SLC38A2|C5AR2|SLC22A15|TAPT1-AS1|XYLT1|SLC40A1|SLC25A3|MTMR12|KLHDC2|CEP44|RESF1|CARD6|CASP3|FAM91A1|RFK|PRDX3|TIGD1|SDE2|CHUK|ZMPSTE24|TMEM243|INPP5B|NCK1|GALNT1|CHMP1B|UBE4B|LIX1L|STK4|KLHL7|FKRP|FDFT1|SLMAP|RFC3
GSE37532_WT_VS_PPARG_KO_VISCERAL_ADIPOSE_TISSUE_TCONV_UP	0.0346907993966818	0.307348847611555	-0.365285174478208	-1.28603096777678	229	175	DYSF|EPM2A|CIITA|FAM234B|PYCARD|XAB2|PPP1R14A|SH3PXD2A|DBP|DYNLRB1|DOHH|CIAO2B|ADAM22|ITGAX|KRT4|NAPSA|CCND1|PLEKHA1|SNX21|IL2RG|THEMIS2|NRTN|MICOS13|SLC15A2|KLK8|NDUFAF3|PCNX3|SLC12A6|MAD1L1|MORC4|AKNA|RFX1|B9D2|LPIN2|FBXL20|BRPF1|STX5|BOP1|ARHGAP39|B4GALNT1|PPP1R12C|WDR83OS|ABL1|PLEKHF1|NDST1|ARHGAP6|MAP1S|RNF149|SASH1|CLCF1|BORCS5|IRAG2
GSE40274_EOS_VS_FOXP3_AND_EOS_TRANSDUCED_ACTIVATED_CD4_TCELL_DN	0.0345381526104418	0.307348847611555	-0.423262461624131	-1.36651109688957	214	87	TBC1D2|TCTN2|PHYHD1|PPFIBP2|LHFPL5|HSPB3|GDF15|CASKIN1|PLXNA4|SPOCD1|PILRA|CRACR2B|IL17D|MAPK7|BATF2|KLHL32
GSE5589_WT_VS_IL10_KO_LPS_AND_IL10_STIM_MACROPHAGE_180MIN_UP	0.0345214706707831	0.307348847611555	0.351182741807941	1.28445548364591	122	140	TTC39B|NIPSNAP3B|GNAT2|MRPL1|KCNG1|SHLD2|PSMC6|PICK1|ANKRD49|ZBTB41|KIF18A|ADPRH|NFYA|PLEKHA5|SNAI3|TMEM30A|GINS1|SLK|RBM7|MAP3K21|RSAD2|ABR|SYT11|STRA6|SLIT1|RHOA|DPH6|PCF11|NAA25|UBQLN2|CCT4|METTL4|ZSWIM4|TMEM68|MRPL38|MTRF1|POPDC3|PHF3|RACGAP1|CHMP5|NDE1|LRRC40|KLHL7|ADH5|ECD|SDHAF3|RPL7L1|C1orf116
KEGG_AXON_GUIDANCE	0.0345264491605955	0.307348847611555	-0.403634565965702	-1.33705399904318	217	105	EFNB1|SEMA4G|FES|PAK1|SRGAP3|PLXNB1|SEMA4D|PLXNB2|PAK6|SEMA3F|L1CAM|PLXNA1|RGS3|UNC5B|SEMA3B|PLXNA2|RND1|FYN|ROBO3|EFNA1|MET|SEMA6A|SEMA3G|EPHB6|NFATC4|SEMA4F|SEMA4C
KEGG_MEDICUS_VARIANT_MUTATION_CAUSED_ABERRANT_TDP43_TO_ELECTRON_TRANSFER_IN_COMPLEX_I	0.0346771438332764	0.307348847611555	-0.492923779214524	-1.42794076461573	202	45	NDUFB2|NDUFB8|NDUFA3|NDUFA13|NDUFA2|NDUFA11|NDUFS7|NDUFS8|NDUFA6|NDUFB7|NDUFA1|NDUFB1|NDUFC2|NDUFC1|NDUFB11|NDUFA7|NDUFB6|NDUFA8|NDUFAB1|NDUFB4|NDUFB9|NDUFS2|MT-ND1|NDUFS3
MARTIN_VIRAL_GPCR_SIGNALING_UP	0.0344941956882255	0.307348847611555	-0.44172791646123	-1.38033302491224	207	70	NFKBIZ|C3|OSMR|LATS2|ITPKC|ACTA2|SLC29A1|GTF3C1|SOD3|FLT1|DOK6|PUS1|HAGHL
GSE29615_DAY3_VS_DAY7_LAIV_FLU_VACCINE_PBMC_DN	0.0347578347578348	0.3076712039675	0.34402053947985	1.27150480126792	121	153	MTMR6|LRATD1|SPAG6|MEIG1|KPNA3|BACE2|NUDT13|PHLDA1|DCTN4|LYSMD3|SPRY2|FAM199X|FBXO30|ENTPD1-AS1|ZNF644|WBP4|SNX4|RCBTB2|NUDT11|SPATA6L|ERVW-1|MYEF2|DMKN|ZNF540|RRP15|DUSP10|CCNH|RABL3|ZNF292|CRY1|CASD1|SNW1|CNOT6L|CFAP20|UBQLN1|SUB1|CTNNB1|PPP2CA|BCLAF1|PSME4|ETF1|TEAD1|KIAA1586|CHORDC1|WRN|GABARAPL1|AEBP2|BHLHE40|ESCO1|HSPA9|PNPLA8|LAPTM4A|IFT20|TBC1D15|KIF16B
GSE22601_DOUBLE_POSITIVE_VS_CD8_SINGLE_POSITIVE_THYMOCYTE_DN	0.0348317951771361	0.307996018146197	0.325431070686161	1.24162322345088	116	193	AJUBA|CD83|TRMT2B|TNFSF4|DDIAS|SESTD1|CCNE2|ZBTB22|PLK4|TTC8|DNASE1L1|PSMC6|PTER|BATF3|MLF1|PHLDA1|KIF11|LHPP|NPM1|ERI1|BMI1|AAK1|KPNA2|MPHOSPH9|NEIL3|POGLUT2|ISOC1|P2RX7|LDHB|AGL|UGP2|SPDL1|RTN3|GRK5|TDP2|MRPS35|PRELID3B|CDK2AP1|SP1|CCT4|BORA|FH|DECR1|GSTCD|SLF2|APEX1|DCAF4|CCDC90B|TCERG1|NGLY1|CEP57|BRIP1|TRIM59|FUCA1|SRBD1|MED9|SDHAF3|SRPK1|DSN1|LRRCC1|C11orf54|RFWD3|NDFIP1|MZT1|ALDOA|ZFP1|TBC1D7|KDM1A|CDIN1
GSE29949_MICROGLIA_BRAIN_VS_CD8_POS_DC_SPLEEN_UP	0.0348977135980746	0.307996018146197	0.329999015018613	1.24572789405002	115	182	TCEAL1|STK38L|CD83|LPXN|PGAP1|FOXO1|DNAJC6|SPAG6|MBNL2|TM9SF1|PDE3B|RAB29|HS2ST1|ZBTB18|CPD|PAQR3|NR4A2|RNF103|POLA1|PDE8A|ATP1B1|SNX4|IL1RL1|SERPINE2|ATP8A1|ACSL4|UBE2E3|LITAF|CDK17|JAK2|HBEGF|ACSL1|FXR1|ZW10|INPP5F|REL|PTK2|EIF4G3|PRDX3|FAM3C|GDE1|MINPP1|ZNF266|CA2|ARHGAP5|CEP170|ABCB7|BMP2K|PLCB1|ADARB1|HLTF|BHLHE40|MAP2K4|NUMB|ZNF318|ATF3|NFIA|CCDC28A|SMURF1|CPSF6|UBE2K|EED|POLD3|NR3C1
GSE37533_PPARG1_FOXP3_VS_PPARG2_FOXP3_TRANSDUCED_CD4_TCELL_DN	0.0348977135980746	0.307996018146197	0.329999244985201	1.24572876216107	115	182	SLAMF6|RPGRIP1|MSL2|TSPAN32|AKAP5|CD36|KCTD12|TTPAL|RNF139|ABHD17B|NABP1|ARID5B|STARD9|CORO1A|KLHL24|PAIP2|LDHA|AP1S2|PDS5A|RRAS2|TCEA3|HECA|GNG10|FOXP1|CDK17|TMF1|CERT1|INPP5F|WIPF1|ZDHHC17|ZNF292|B4GALT5|RFX7|BAZ1A|TASOR|MOB1A|FBXO33|PPM1K|DHX15|SVBP|HMG20A|CYRIB|APEX1|CUL3|TMEM243|TNPO1|TMEM245|TMED8|MAPK14|CLUAP1|DCUN1D1|BMP2K|SFXN2|PRXL2A|PHIP|CAPZB|RBM22
KEGG_NEUROACTIVE_LIGAND_RECEPTOR_INTERACTION	0.0349172612722028	0.307996018146197	-0.370217345822799	-1.29338824976728	229	162	NPFFR2|MC1R|KISS1R|S1PR5|P2RX4|CHRNA10|P2RY11|APLNR|GABRG2|GRIA3|GRM3|GNRHR|PTGIR|LTB4R2|P2RX5|C5AR1|GRIK5|GALR3|P2RX6|CHRM4|TSPO
SOTIRIOU_BREAST_CANCER_GRADE_1_VS_3_UP	0.035042735042735	0.30883140856802	0.34378295356638	1.27062668035646	122	153	TTK|PARPBP|RAD54B|CCNE2|CKS2|TOP2A|RFC4|KIF11|CCNA2|CCNB1|UBE2N|GINS1|ECT2|NCAPG|NDC80|KPNA2|GMPS|NUSAP1|MAD2L1|MRPL15|CENPU|DONSON|CDK1|RRM2|BUB1|KIF15|VRK1|CDK2|COX7B|STMN1|DSCC1|RACGAP1|CENPI|KIF14|NEK2|CDKN3|STIL|ZWINT|XPOT|ITCH|LMNB1|BLM|NCAPG2|CENPE|DSN1|HJURP|CCNB2|BUB1B|EXO1|MRPS17|POLR2K|DLGAP5|PDSS1|MELK|FEN1|NCAPH|HCCS|POLQ|ASPM
GSE13484_UNSTIM_VS_3H_YF17D_VACCINE_STIM_PBMC_DN	0.0351456893962151	0.309336377652412	0.331884521445953	1.25107522296476	116	180	NXT2|ST8SIA4|CXCL8|ZNF350|STAP1|ZNF165|FCGR2B|IL12RB2|SLC22A4|CD164|LAMP2|MGAT2|NBN|MARCHF5|PPP1CB|SGPL1|RSRC2|MMADHC|PROCR|ZFYVE16|OAT|IRGQ|SLC38A2|MED21|CDC27|FPR3|SPATA6L|DKK3|MAGT1|MYL12B|EIF4E|MYO6|OTUD7B|TMED5|GRK5|LAMTOR3|EIF1B|VRK2|ARHGDIG|NAA50|NAMPT|CASP3|HBS1L|RHEB|PTPN12|DNAJB9|PSMA2|PSMA6|GOLT1B|TPST1
GSE37605_C57BL6_VS_NOD_FOXP3_IRES_GFP_TREG_UP	0.0352408664726802	0.309336377652412	-0.425847197863611	-1.36687185541658	217	83	MESP2|MAPK13|MLXIPL|CTU1|MAPK12|CHRNA10|PANX2|RIMS2|MAP3K7CL|SYNGR4|MAFA|TMEM207|TNFAIP8L2|CACNA1A|EPHB6|SLC6A16
HALLMARK_KRAS_SIGNALING_DN	0.035164151236969	0.309336377652412	-0.384431991018099	-1.31498654710912	225	136	MSH5|SLC30A3|IDUA|KRT15|TLX1|MAGIX|LYPD3|SNN|C5|CPEB3|PNMT|PDCD1|TCL1A|YBX2|IGFBP2|KRT4|TGM1|NPHS1|MACROH2A2|KLK8|MX1|P2RX6|YPEL1|FGFR3|SGK1|KCNN1
REACTOME_RRNA_PROCESSING	0.0352206865804726	0.309336377652412	-0.357909487728593	-1.27970444954249	236	201	RPS21|MRM2|RPL28|RPS28|DHX37|RPS20|RPLP2|NOL12|RPS29|RPP21|RPL23|UBA52|PDCD11|MT-RNR1|WDR46|HSD17B10|RPS9|EXOSC4|RPL18|NOP2|RPL13A|FAU|EXOSC5|PELP1|RPL38|CSNK1D|SNU13|TRMT112|PRORP|RPP14|RPS18|RPS15|RPS10|RPS16|WDR18|BOP1|RPS2|RPLP1|NOP10|RPL27|RPP25|RPS23|RPL10|RPL36|RPS27|RPL37A|RPSA|RPP38|RPS11|RPS26|RPS12|MTERF4|RPL3|RRP7A|RRP1|NOL6|EXOSC7|SENP3|RPL35|ELAC2|MT-RNR2|RPL8|NOC4L|RPS5|PES1|FTSJ3|RPL35A|NOP56|BUD23|RPS14|BYSL|RPS17|TSR3|RPL26L1|RPL23A|EXOSC2|RPL41|RPS13|LAS1L|NAT10|RPL13|RPL27A|EMG1|DIS3|NOB1|TEX10|RPS8
VALK_AML_CLUSTER_5	0.0352541159627774	0.309336377652412	-0.607658713984998	-1.50304196545046	196	21	STS|TYMP|GASK1B|PILRA|PSAP|CAMK1|GNS
VILLANUEVA_LIVER_CANCER_KRT19_DN	0.035308097097267	0.309539457347045	-0.476398584258995	-1.41206948221061	207	51	MAGIX|N4BP2L1|RETSAT|UQCR11|ABCB8|POR|IGFBP2|HSD17B10|ACSL6|NDUFS7|SLC22A18AS|ACYP2|DDT|PNPO|MTG2|CRAT
GSE16385_IFNG_TNF_VS_IL4_STIM_MACROPHAGE_ROSIGLITAZONE_TREATED_UP	0.0354319180087848	0.310072404271938	0.339303865037311	1.26197160223098	120	162	ZNF17|CXCL8|STAP1|PLEKHH2|POC1B|SNX18|ZNF527|FGD4|FOXN3|AMZ2|ARIH1|HIC1|PTBP3|EAF1|PEAK1|ZNF311|LZTFL1|SACS|FBXO30|DRAM2|ABLIM3|SLC26A4|ZNF90|ZNF630|AUH|FBXO27|PCCA|NIPSNAP3A|SAMSN1|HBEGF|PELI1|TGFBR1|ENDOD1|TRBC1|SMIM3|ZNF566|AKIRIN1|RPRD1A|CNOT6L|VDR|KIF14|TMED8|CEP170|AK3|AGO1|SKP2|CIB2|TAF12|CCNB2|BTG3|RAD51AP1|BTF3|VDAC3|SUMO2|ARG2|PPP1R15B|TOMM20|MACROH2A1
GSE18203_CTRL_VS_INTRATUMORAL_CPG_INJ_MC38_TUMOR_DN	0.0354993983152828	0.310072404271938	0.329377623638972	1.24338217621599	117	182	TTC39B|CD83|PRNP|LPXN|CD44|ZNF362|MRPL1|CETN3|LGALS3|MFSD14A|EGLN3|CLDND1|CKS2|TMEM106B|CNIH1|TOP2A|HIF1A|EEF1AKMT1|PRIM1|SOSTDC1|CCNA2|SYPL1|CIBAR1|HPRT1|TJP2|NCAPG|KPNA2|PEAR1|NUSAP1|SYT11|PLXNC1|LITAF|TCEAL9|TIMM23|TIPIN|CDK1|RRM2|CASP3|BUB1|PTP4A2|RRM1|FH|DECR1|S100A10|RB1|STMN1
GSE29164_CD8_TCELL_VS_CD8_TCELL_AND_IL12_TREATED_MELANOMA_DAY7_UP	0.0355542276665671	0.310072404271938	0.324574186400413	1.23548215327189	118	191	GPR160|PLEKHM3|PELI2|ZKSCAN8|PKD2|SLC25A44|DCLRE1A|SOCS6|KLHL24|HIPK3|ATG4C|ENTPD7|ARL8B|NEK9|HYCC1|CRYBG3|ABCD3|RAB3D|PDE8A|RBM41|RNF115|INTS6L|RBL2|TTC14|C5orf22|MRPS31|CDK17|DCAF17|ZSWIM3|TCEANC2|CMPK1|CELF2|TSN|PCYOX1|KRR1|ADNP|HMG20A|MON2|BRAF|IKBKE|TPP1|TMEM245|BRWD3|C6orf62|KBTBD2|MRPL3|PREX1|SEPTIN11|GTDC1|SREK1|SMAD5|ASH1L|TRIM33|PGM2L1|DEGS1|PKNOX1|SORD
GSE29618_PRE_VS_DAY7_POST_LAIV_FLU_VACCINE_MONOCYTE_DN	0.0354141656662665	0.310072404271938	0.333297463668379	1.25532936073965	117	179	MEIS1|FOSB|ZNF225|RPGRIP1|DPF3|ZNF43|ESF1|TRAPPC8|CCL4|YIPF1|EGR1|NEK9|ZNF468|SMG7-AS1|ZNF146|SATB2|ZFAND1|NCBP2|LRIG2|KPNA2|PPP2R5E|MFSD1|PER2|PREPL|SYNE2|MYOM2|LAT2|USP33|CAB39|SKAP2|SLC25A32|TRA2B|PPFIBP1|ADNP|C17orf75|VRK1|WWP2|CMAS|APEX1|RAB3GAP2|GTF3A|IPO5|ZNF254|DCAF4|PTEN|SLC25A5|RBM25|KLHL11|ZFAND5|PSMD14|SEPTIN8|ATP6V1B2|CENPE|TRAPPC11|BTK|MMACHC|OSR2
GSE34006_A2AR_KO_VS_A2AR_AGONIST_TREATED_TREG_UP	0.0355314664257754	0.310072404271938	0.32875190058385	1.24201873253371	117	183	DOP1B|PIGA|IFIH1|MX2|PDK1|DHX58|SESN3|HLA-B|CMTM6|CD164|RAB29|VPS54|CCRL2|LGALS8|PNPT1|PNPLA7|CRLF3|ETNK1|CMPK2|WTAP|IFIT3|CFAP418|DDHD1|ISOC1|TMEM140|RSAD2|TXK|CD274|TDRP|RBM43|PCCA|CRBN|PPA1|RBL1|NSUN4|PIK3C3|PELI1|B3GNT2|NAMPT|RAPGEF6|TRAFD1|RNF14|TRNT1|UBE2D1|TOR1AIP1|SERTAD3|KBTBD2|FAM111A|NMI|ATP11B|AVL9|HELZ2|RIPK1|SSBP2|PARP9|TASOR2|LAPTM4A|EIF2AK2|RAD51AP1|RAB3IP|GPSM2|INPP1|STAT1|MORC3|ZUP1|WDR43|PARP14
REACTOME_RESOLUTION_OF_SISTER_CHROMATID_COHESION	0.0354980737479362	0.310072404271938	0.359536665283468	1.2926486300161	128	124	SGO2|CENPQ|ITGB3BP|KIF18A|PPP1CC|RANBP2|KNL1|CCNB1|SEH1L|ZWILCH|NUP107|PDS5A|NDC80|NUP37|PPP2R5E|NUP160|NUP133|MAD2L1|PDS5B|CENPU|SPDL1|ZW10|CDK1|AHCTF1|BUB1|SMC3|TUBB1|CLIP1|CENPI|PPP2CA|PPP2R5C|RAD21|NDE1|ZWINT|PPP2R1B|CKAP5|BUB3|CENPE|CENPS|CLASP2|DSN1|CCNB2|MAPRE1|ERCC6L|BUB1B|KIF2A|DYNC1LI2|KNTC1|WAPL|TAOK1|PPP2R5A|TUBAL3|STAG2|NUP98|NSL1|TUBB6|SPC25|XPO1|NUP43
DACOSTA_UV_RESPONSE_VIA_ERCC3_COMMON_UP	0.0356553317926709	0.31021541397904	-0.436980193244297	-1.37479243131327	215	73	SLC30A3|TPM2|TPBG|NSUN5P2|TSPYL2|NXF1|SLC6A8|ABCB6|EFNA1|TBCC|TMEM109|SRM|DGAT1|FGFR3|MICB|RHOB|ZNF263|ACAA1|GNS|CNP|DNAL4|TK1|NEU1|CDC34|RPS6KB2|CDKN1C|ACYP1|NAT1|CLK3|FAM8A1|BRD2
GENTILE_UV_RESPONSE_CLUSTER_D4	0.0356532356532357	0.31021541397904	0.444689649662677	1.39187222503324	145	52	SEC24B|PDCD10|ARID5B|ZBTB18|KLF10|SIAH1|UAP1|MAPK6|CCNB1|KPNA2|UFL1|BMPR1A|SAMD4A|CHSY1|DDX3X|ATP2A2|TPST1|PUM1|ATP13A3|PPP2R5C|RAD21|RAB1A|BHLHE40|THUMPD1|EEF1E1|GNE|ZFP36|SNRNP40
GSE37301_COMMON_LYMPHOID_PROGENITOR_VS_PRO_BCELL_UP	0.0356633380884451	0.31021541397904	0.345366091176266	1.27061010571956	124	149	LIPG|MS4A3|IFIH1|YOD1|NTS|CADM4|ATP6AP2|SCN2A|ZFPM2|SOCS6|ZNF8|GNPAT|TMEM30A|SUMO1|WSB2|RAB3D|ZNF12|ZNF34|RRAS2|ZNF32|PCNP|SCARF1|SLC2A10|MYEF2|CDH7|DGCR5|CASP8AP2|IFT57|OSGIN2|SNX13|TOPORS|RDH11|PYGL|PRELID3B|AASDHPPT|QSER1|CPNE3|DDX3X|C17orf75|C1D|GOLT1B|ANXA1|EIF3M|DOC2A|OPN3|ZNF721|DENND4A
BENPORATH_PRC2_TARGETS	0.0358145128958974	0.310720496190255	-0.317076465789396	-1.21061897918075	267	426	ASCL2|FOXD2|SLC30A3|ESPN|HSPA6|WNT11|SLC30A4|COL25A1|HSF4|TLX1|CRLF1|RGS20|IRX5|HLX|TFAP2E|ITGA4|ELAPOR1|DHH|PTPRU|FOXD3|KCNC4|SLC35F3|MESP1|PTH2|CBX8|ICAM5|CXCL16|PLXNA2|ARL9|OTX2|DOK6|RIMBP3|COLEC12|NKX6-1|DSC3|ZIC1|CRYBA2|ANXA2R|ZNF436-AS1|DNAJC22|FEZ1|ROBO3|NPAS1|EFNA1|PRDM12|CASZ1|CDH23|OXCT2|FRMD3|RIMBP3C|SLFN11|EGFL6|NRG1|TPPP3|COLGALT2|NDUFA4L2|TRADD|DUSP4|DACH1|OTX1|POLE|THBD|HOXC8|PITX1|F2R|B4GALNT1
GSE18281_PERIMEDULLARY_CORTICAL_REGION_VS_WHOLE_MEDULLA_THYMUS_UP	0.0358927760109041	0.310720496190255	-0.368295102643041	-1.28974151049873	236	166	IDUA|ANPEP|SPON2|FBXW4P1|APLP2|MICALL2|CILP|DENND1C|PPP2R2B|NSG2|PKD2L2|SEC14L1P1|CLCN7|PLEKHA1|SPG7|TBCB|JAG2|TMEM109|GAL|G6PD|EPHB6|CTSD|CHD1L|BRD9|RIN1|RPLP1|CLSTN1|EPHX1|ERAL1|RUSC1|INF2|PSEN1|ESYT1|ANKRD11|GSTK1|STARD5|CD52|FHOD1|INTS1|SAE1|STEAP3|AKR1C1|PPM1G|MCM6|SLC41A3|RXRA|LIMK2|SUPT16H|MEN1|ZNF609|NAT10|DCTN1|CDCA4|VPS16
GSE24972_WT_VS_IRF8_KO_MARGINAL_ZONE_SPLEEN_BCELL_UP	0.0358002406738869	0.310720496190255	0.329045402502333	1.24212805993664	118	182	TMTC3|LIPG|NAPEPLD|LPXN|DEPP1|PIGA|PELI2|NTS|BMPR2|CDH18|USP25|MDP1|CD164|NRG4|STXBP3|HEMGN|CPEB2|NAAA|FASTKD1|RIMOC1|SRP19|MXI1|NAB1|CAPN2|SORBS1|WDR26|CYP2R1|RAB11A|MFSD1|DDHD1|SLC2A10|MTSS1|DOCK10|SH3PXD2B|GATA6|ATP8A1|UFM1|TENT5A|KCTD6|WIPI1|ARHGEF12|ACTR10|IFT70A|NET1|SFMBT2|RAB3GAP2|RBM47|GGH|ZC3H15|CNDP2|CHP1|VPS4B|HTATIP2|BZW2|SEPTIN8|TFRC|EIF4A2|SLMAP|SUCLG2|ELOF1
GSE26928_EFF_MEMORY_VS_CXCR5_POS_CD4_TCELL_UP	0.0359116022099448	0.310720496190255	-0.375031124415414	-1.29929232373298	233	152	FES|IRX5|ENC1|TFAP2E|RETSAT|THAP8|ZNF554|HBQ1|LAGE3P1|PWWP2B|SNX30|CYP4F2|CYTH3|SCRIB|DSCR10|NDUFA11|DDRGK1|STX4|ADAMTSL4-AS2|G6PD|PCNX3|LIN7B|PSMB6|KCNJ11|WDR18|CDIPT|MFSD10|CCDC157|IL18RAP|ERN1|TP53I13|MRPL2|SIVA1|CLSTN3|TMEM102|CBX2|HSPA1A|DBN1|UBE2M|SLC25A35|RNASEH1-DT|CSTB|S100A6|UPP1|PRR5|AP2M1|PIGT|FAM185A
GSE3982_EFF_MEMORY_CD4_TCELL_VS_TH2_UP	0.0359690393079375	0.310720496190255	-0.368875267502664	-1.29056763381617	236	165	SLC30A3|RAB27B|AQP1|TSC22D3|IL11RA|APLP1|STOML1|CCPG1|PPFIBP2|PTPRU|L1CAM|PBXIP1|GDPD5|DOCK4|ARHGAP45|ANO3|ZIC1|AHCYL2|RASGRP1|ULK4|UBOX5|DOCK6|ACTN2|ECE1|SLC16A5|SLC10A3|SP100|BIN1|LPIN2|SAP30L-AS1|HEXA|LINC00623|MALT1|PCSK7|PLEKHH3|ENTPD4|R3HDM2|ENTR1|IRF9|EEF1D|MGAT3
GSE3982_MAC_VS_TH2_UP	0.0358837485172005	0.310720496190255	0.335567614191121	1.26040043622397	120	174	ANKMY1|GPR137B|MX2|MAN2B1|CRYL1|CPVL|STEAP1|ATP6AP2|ABCC3|YIPF1|CLIC2|CAPZA2|HS2ST1|KLHL24|STXBP3|CCRL2|KDM7A|GCNT2|PPM1B|LGALS8|FNDC3B|MARCHF7|TMEM59|SPRY2|SMNDC1|PLEKHF2|ETV5|DCAF6|IFIT3|AP5M1|HK2|MAPK1|HSD17B11|TMEM140|CHN2|HS3ST2|EGR2|RAB36|SOS2|MYO6|SKAP2|TMED7|SNX13|PAPSS1|LAMTOR3|UBQLN2|CCSER2|PTK2|DNAJB9|S100A10|TRDMT1|AZI2|UBE2D1|TNPO1|SERTAD3|CLOCK|USP12|MORF4L1|CEP70|FUCA1|ZZEF1|FZD5|ATM|GOLGB1|CAST|LAPTM4A
KEGG_MEDICUS_REFERENCE_ELECTRON_TRANSFER_IN_COMPLEX_I	0.0358798283261803	0.310720496190255	-0.494259564377608	-1.42420787528059	208	44	NDUFB2|NDUFB8|NDUFA3|NDUFA13|NDUFA2|NDUFA11|NDUFS7|NDUFS8|NDUFA6|NDUFB7|NDUFA1|NDUFB1|NDUFC2|NDUFC1|NDUFB11|NDUFA7|NDUFB6|NDUFA8|NDUFAB1|NDUFB4|NDUFB9|NDUFS2|MT-ND1|NDUFS3
REACTOME_PLATELET_SENSITIZATION_BY_LDL	0.035968028419183	0.310720496190255	0.633702141364659	1.51781559944099	161	16	PTPN6|PPP2R5E|PLA2G4A|PPP2CA|PPP2R5C|MAPK14|PPP2R1B|PPP2R5A|PTPN11|PECAM1|LRP8
GSE41867_NAIVE_VS_DAY6_LCMV_ARMSTRONG_EFFECTOR_CD8_TCELL_UP	0.0360144057623049	0.310844888256248	0.332739604934252	1.25322824529645	119	179	FOXO1|TRAPPC8|STT3B|HSDL2|FGF13|STRADB|LAMP2|KLHL24|RNF138|UCHL3|USP2|ZNF277|GGPS1|KDSR|PTBP3|USP6NL|TSPAN13|TCF12|ZNF383|LRIG2|IRGQ|RNF115|ERP44|LMO7|UGCG|ATG10|C19orf73|HECA|SYNE2|S1PR3|SLAMF7|PAX7|KCTD14|INPP4B|CDK17|TMF1|CMPK1|CNOT2|RFX7|CCSER2|EBAG9|ZNF521|MAPRE2|MGA|TTC33|HMGN3|GABPA|CPED1|STARD4|PPP4R3B
CHIBA_RESPONSE_TO_TSA_UP	0.0360515021459227	0.310897747887262	-0.494044325570695	-1.42358766511985	209	44	TP53I11|PLA2G6|TIMP3|QSOX1|BSG|SOD3|ITGA7|IGFBP2|FOS|FASTK|TRIP6|JUNB
GAVIN_FOXP3_TARGETS_CLUSTER_P6	0.0363157894736842	0.312397725159611	0.392690998091983	1.32946614950408	137	84	MYO1F|TGFBR2|LGALS3|FBXW8|NEDD4|PBK|CHDH|CCNA2|ST8SIA6|CCNB1|NCAPG|CMPK2|NUSAP1|TYMS|TMEM38B|CDK1|RRM2|BUB1|ABCB1|NEK2|MMS22L|NCAPG2|CENPE|PCLAF|CCNB2|BUB1B|ACOT7
GSE339_CD4POS_VS_CD8POS_DC_IN_CULTURE_DN	0.0363499245852187	0.312397725159611	-0.364275194167879	-1.28196655891284	240	174	RNASEK|POLR2L|IRF7|HOMER3|BSCL2|BMP8B|RPL28|SPPL2B|TAP1|DHRS1|RENBP|PLXNA1|SLC52A2|UQCR10|MOGS|SERF2|MAN1B1|PRKCSH|RPL18|LSR|RPL13A|HIGD2A|ECE1|SCARB1|PSAP|RAMP1|TAP2|SRM|CST3|RPS18|KCTD10|NFE2L1|PPP1R12C|DCTN3|ACAA1|TAPBP|CD2BP2|AP3D1|RNF145|PAFAH1B3|NEK6|LMNA|NDUFB11|ERP29|RPS26|INTS5|PDIA5|NDUFA7|LPCAT1|AP1M1|CD81|SRRT|LY6E|CYC1|ESYT1|TOR3A
WP_15Q25_COPY_NUMBER_VARIATION	0.0362989323843416	0.312397725159611	0.477209191461266	1.42397861773489	152	40	TM6SF1|EGF|RYR1|BTBD1|RAMAC|PDE8A|AP3S1|AP3B2|SPCS1|SPCS2|TENT4B
YANG_BCL3_TARGETS_UP	0.0363269424823411	0.312397725159611	0.301568636220014	1.19960486044295	107	292	DNAJB2|GPD1|MYL9|PTPN6|MLYCD|PARPBP|PEX12|TGFBR2|TBC1D10C|DHX58|ANKRD13C|CCL2|TNFSF4|CNR1|CCNE2|PLK4|CEP128|SERPINI1|FXYD7|SCOC|LRRC27|NEDD4|CKMT1B|MME|GNB4|TOP2A|BACE2|ANGPTL4|VPS54|DTX3L|IMPACT|PBK|ABHD3|TAF9B|KIF20B|CCNA2|AKAP12|CCNB1|ARHGAP11A|TMEM37|CKAP2|KHK|ETNK1|THOC2|ECT2|ADRA1D|CMPK2|IFIT3|NUSAP1|NCALD|TMEM140|TLN2|RSAD2|IL6R|IGSF10|TGFBI|CLMP|IGFBP5|TCEAL5|NDUFV2|TBC1D19|PGM2|MBOAT2|CDK1|RRM2|ENDOD1|ASCC3|BUB1|DECR1|NDUFB5|SCLT1|ELOVL6|SECISBP2L|RACGAP1|CENPI|RBM47
GSE12505_WT_VS_E2_2_HET_PDC_UP	0.0364243677429617	0.312502396071666	-0.405665640066537	-1.33740545884688	228	102	PCNX1|IL17B|IRF7|PTPRU|PNMT|DYRK2|ADAMTS4|ARHGAP45|COL6A1|RPS9|AXIN2|SLC16A5|MDGA1|SPHK1|SAP30BP|UBALD1|GRIPAP1|GNS|VPS11|GRB7|PTK7|ZBTB43|CLTA
GSE21927_HEALTHY_VS_TUMOROUS_BALBC_MOUSE_MONOCYTE_UP	0.0364063417498532	0.312502396071666	0.336990119201068	1.2606431018748	123	169	PTPN6|SLC9B2|RAD54B|IFIH1|FOXO1|MRPL1|WDFY3|ARL5A|C1QTNF3|DUSP19|C19orf84|ANKRD27|TAB2|KNL1|NR4A2|ZNF555|TFB2M|LYSMD3|TMX3|SLK|UBASH3A|NFAT5|SAGE1|INTS8|RBM4B|DRC7|IL24|LAT2|CDK17|STAU2|TUBE1|BTBD10|DNAJA2|ZCCHC7|ZNF215|FAM3C|PRR3|DNAJB9|TTC33|MEGF9|SFMBT2|BIVM|UTP15|STXBP4|PPP4R3B|MKRN3|FBXW11|JAGN1|HELQ|SYF2|NSMCE3|NCOR1|CDC73|HERC4|FDFT1|SRBD1|RMDN2
BIOCARTA_CTCF_PATHWAY	0.0364797081623347	0.31270991505851	0.563757308222062	1.47954965407617	159	23	TGFBR2|PIK3CA|SMAD4|TGFBR1|CDKN1B|PIK3CG|MYC|PPP2CA|PTEN|TGFBR3|SMAD5
GSE9650_GP33_VS_GP276_LCMV_SPECIFIC_EXHAUSTED_CD8_TCELL_DN	0.036563614744352	0.313161744713144	0.323564382466807	1.23618793483858	122	194	PITPNC1|PRKCH|PDK1|DUSP19|RNF2|JKAMP|RNF13|ARIH1|GGPS1|RBMXL1|PPM1B|PIK3CA|PNPT1|TMEM168|ABCE1|MSH2|SEH1L|GRIK1|AP3M1|WSB2|NAE1|WTAP|ZDHHC6|PLRG1|IGSF10|SMIM20|PPA1|KLHDC2|IL10RA|COPS5|SEMA4A|EIF2S1|CCT4|FAHD1|PDE7A|ARMC1|C6orf120|AKIRIN1|ANXA5|ZBTB25|SACM1L|CLNS1A|TIA1|TIPRL|TNPO1|GTF3A|CTNNB1|IVNS1ABP|MRPS33|SLC30A9|GINM1|CHP1|SLC35A1|PPP2R1B|CCNDBP1|FUCA1|SRPK1|GHITM|METTL9|INTS7|BLMH|LMAN1|SPTLC1|GLO1|VDAC3|STK38|PSAT1|EIF1|C9orf78|UBP1|ARMC10|BCL2L11|RAD17|SRP68|TMEM223|POLR2M|SLC7A6|R3HDM1|CALU|SNIP1|TAF11|LDAH|SLC25A20|PAK2|RBM18|PIAS3|SLC23A2|HADHB|PAFAH1B2|ZIC2
GSE17721_LPS_VS_PAM3CSK4_1H_BMDC_DN	0.0366515837104072	0.313647568017961	-0.363806944955541	-1.28082668061581	242	175	NFKBIZ|ZSWIM9|WNT11|ANPEP|FN3K|KLC3|VANGL2|DERL3|GTF2I|XAB2|MEF2B|ZC3H12C|OTX2|GPC1|ICAM1|ZNF598|MCAM|MET|PIGR|FAS|FRMD6|ZC3H12A|JUNB|CEBPB|NR4A1|ARHGAP1|ITGB1|POLG|HIP1R|TSC22D1|ERN1|UGDH|UBE2J2|TNIP1|TMBIM6|PNPO|IFNGR1|PARP12|EPOR|GATA2|DNMT1|TMEM39A|ASL|EPB41L2|CDKN1A|GPN2|BRD2|TAF1C|RNF19A|DHCR24|MYO1C|USP11|CLASRP
GSE8685_IL2_STARVED_VS_IL2_ACT_IL2_STARVED_CD4_TCELL_DN	0.0367913148371532	0.314575143386153	0.326653000916523	1.23795067016404	121	187	MIER3|MEIS1|TM6SF1|RAD54B|RBM44|TBC1D32|ENOPH1|SCOC|NEDD4|CNNM2|ABCC4|EEPD1|TBC1D2B|MOSPD2|THG1L|NPM1|CCNA2|LEO1|CKAP2|FANCB|ZWILCH|GCLM|MAPK8|KPNA2|NEO1|GFI1|ICA1|VAPA|ZBED5|AGL|FUT8|CKAP2L|TYMS|TMEM38B|CDK2AP1|IREB2|IFTAP|KRR1|RRM1|MIS18BP1|ALDH2|SEPHS1|LRRC58|IDH3A|RACGAP1|ZDHHC5|NEK2|PSME4|API5|C6orf62|FUCA2|FAM111A|ESCO2|MORF4L1|RUSF1|CDCA2|IL1R1|DKC1|MDM1|RFWD3|C1GALT1C1|RNASEH2B|KPNB1|IMPA1|POLR1F|GORASP2|SSX2IP|DEPDC1|HROB|SCML2
GSE14386_UNTREATED_VS_IFNA_TREATED_ACT_PBMC_MS_PATIENT_UP	0.0368312430544531	0.314577596651614	-0.404586679111231	-1.33637621431904	231	103	TRPM2|ERFE|MEIS3|SHF|BCO2|SYPL2|S1PR5|LAMA4|TIGD3|FOXH1|GPX8|DISP2|P3H1|MGAM|TPPP3|CLDN11|RFNG|DDX23|DUSP13B|SLC22A23|SPN|PTGES2|EVL|PHETA1
GSE19512_NAUTRAL_VS_INDUCED_TREG_UP	0.0368542791056284	0.314577596651614	-0.377137935683762	-1.30174823273943	238	147	MAPK8IP2|ACKR1|RAB27B|IRX5|FAM234B|EPB41L1|PHYHIP|NALF1|CXCL1|GNB3|PLA2G15|AATK|GRIA3|KRT4|CFD|ATP9A|TMEM8B|HS6ST1|P2RX5|TMCO6|PLOD3|CMKLR1|SEMA6A|PTPN3|ADGRB3|PRORP|RAB11FIP3|HYAL3|RAB40C|ZBTB5|ITFG2|PARP3|RAB30
GSE28783_ANTI_MIR33_VS_UNTREATED_ATHEROSCLEROSIS_MACROPHAGE_DN	0.036896046852123	0.314666540613093	0.338105729741984	1.25751538208693	125	162	NXT2|PRNP|RGS5|KCTD12|PPP2R3A|WDFY3|DARS1|CTSS|KDSR|H2BC21|SMG7-AS1|YWHAQ|MED13|BCL9|PLCH1|KCNS3|GPR183|RSAD2|PLA2G4C|S1PR1|H2AP|ELL2|SOS2|SND1-IT1|FXR1|IL10RA|BMPR1A|CD24|BAZ1A|C17orf75|RFC1|TRAFD1|ABHD5|CD47|HOXB7|ANXA1|ZNF460|GALNT10|PANX1|ZWINT|DENND4A|IDE|RIPK2|CENPE|SLC39A8|SUCLG2|TRIM33|RPS6|AFP|IL18|DYRK3|PRKX|RASA2|BCL2L11
WP_HAIR_FOLLICLE_DEVELOPMENT_CYTODIFFERENTIATION_STAGE_3_OF_3	0.0369464154636653	0.314828623450146	0.441321188234849	1.38996877917669	150	54	FOSB|PHLDA1|TP63|SOSTDC1|SMAD4|ZBTB16|PERP|DKK3|IGFBP5|EGR2|RBPJ|BMPR1A
DELASERNA_MYOD_TARGETS_UP	0.0371033360455655	0.314992593061201	-0.43105726670745	-1.36621156922724	227	76	DYSF|ATP2A1|PBXIP1|CPEB3|MYL11|ANKS1B|PDLIM3|TMCC3|PPFIA4|GPC1|SCRIB|HRC|FZD3|BCL6|DMPK|BIN1|ENO3|RHOB|VKORC1|CLUH|AKT2|HES6|LMNB2|DBN1|HIP1|CDKN1A|PSMC3|PLEKHO1|CHRNB1|ATOSB
GARGALOVIC_RESPONSE_TO_OXIDIZED_PHOSPHOLIPIDS_PINK_DN	0.0371309963099631	0.314992593061201	0.53715288731149	1.46739851639975	160	27	DEPP1|ARHGAP28|ZNF436|PALMD|ZNF608|MEF2C|TMEM140|EHD3|CERT1|GIMAP2|FILIP1
GSE17301_IFNA2_VS_IFNA2_AND_ACD3_ACD28_STIM_CD8_TCELL_UP	0.0374363581910752	0.314992593061201	0.323575048090677	1.23068048544641	124	190	PCYOX1L|PITPNC1|SLC18A2|MLYCD|SERINC5|CCL5|ZNF354A|SERPINI1|ST3GAL5|PDE3B|ABCC4|LRBA|TBC1D2B|KDM7A|CPD|KDSR|PIK3C2A|RAB22A|HEATR3|LIPT1|ZNF493|PUS3|ZFYVE16|ZNF274|MSANTD2|IFIT1|S1PR1|TXK|MAGT1|RNF144A|APPBP2|LITAF|SLC30A1|FUT8|PCCA|GOLGA4|FBXL4|WIPF1|SOAT1|ZNF623|CUL2|C10orf88|BAG4|S100A10|ZNF304|RIOX2|NPAT|TRIM32|ZNF217|CLIP1|FYCO1|INTS6|SEPTIN11|DENND4A|SGMS1|GTDC1|AVL9|PAPOLG|EXT2|GIN1|TRAK2|SYNJ1|OTUD4
GSE18893_TCONV_VS_TREG_24H_CULTURE_DN	0.0372037203720372	0.314992593061201	0.332593428144417	1.25094563808852	123	177	SLAMF6|ASAH2|SERINC5|EGR3|CCNG2|IFIH1|FOXO1|MX2|CD36|DHX58|BMPR2|FGF13|TMEM64|TOP2A|ZNF608|EIF4E3|EDARADD|AKAP12|FANCB|LDLRAD3|ZFTA|ZRANB3|LRIG2|ETV5|CCP110|CMPK2|BCL9|IFIT3|PLXND1|TCEAL8|SMARCA5|GPRASP3|PLA2G4A|ATP8A1|BACH2|SPDL1|INPP5F|RABL3|DBF4|BUB1|MYB|SMIM3|ANKRD50|MEGF9|ELOVL6|CA2|RBBP8|MTMR2|CD93|LPCAT2|MMS22L|PAPOLG|SHCBP1|BHLHE40|NCAPG2|CENPE|PNRC1|SSBP2|CDK6|INPP1|TSPAN3|STAT1|SARAF|DMWD|EMID1|MPP1|TRPS1|TANC2|PSAT1
GSE22886_NAIVE_CD4_TCELL_VS_DC_DN	0.0373357228195938	0.314992593061201	0.324479001838073	1.23655200492948	124	192	MTMR6|TM6SF1|MAN2B1|WDFY3|CSTA|SRC|ATP6AP2|TM9SF1|LAMP2|MGAT2|PPT1|DERA|ARL8B|MTHFD2|SH3BGRL|PRKAR1A|SMC2|WSB2|SDCBP|ETFA|ITPRID2|MFSD1|IDH1|ISOC1|RCBTB2|TGFBI|TIGAR|FCGRT|ATP6V1D|CAPRIN1|GNG10|CALM2|SLC30A1|ATP5F1B|VDAC1|NFE2L2|LAMTOR3|CREG1|PYGL|AASDHPPT|RHEB|CLIC4|ARMT1|TSG101|PRDX3|HACD3|ANXA5|GDE1|ZMPSTE24|STX7|MKLN1|OPN3|VAMP3|TIMM17A|RAB31|ATP6V1B2|ATP6V0E1|UBE2A|GHITM|CLASP2
GSE22886_TH1_VS_TH2_12H_ACT_DN	0.0372386135777714	0.314992593061201	0.341402994084708	1.26687113923585	129	157	NIPSNAP3B|NOS1AP|ST8SIA4|TENM1|C2CD5|TBX3|ZBTB22|MBNL2|HSDL2|CD164|ME1|RNF138|ZNF550|ZNF337|ARMCX5|TMED2|TRIM13|AP3S1|NEO1|MYT1|PMFBP1|PLA2G4A|INPP4B|RNF125|RPS27L|RAP1A|JAK2|HERPUD1|TRIP11|WIPF2|TNKS|CD93|RTCA|SLC35A1|UGT8|ASCC1|FKRP|CEP70|SLC39A8|SRBD1|C1orf116|ATRAID|RNF130
GSE2770_TGFB_AND_IL4_VS_IL4_TREATED_ACT_CD4_TCELL_2H_DN	0.0372940156114484	0.314992593061201	0.338862296929534	1.25928685563259	128	160	MIER3|C9orf43|SESTD1|SRC|CEND1|TMEM209|SOCS6|CAPZA2|BCAP29|GFM2|PPP6C|ERI1|MAPK6|PSMA4|NAA15|C18orf32|PER2|SLC2A13|MPP2|TMPRSS13|KCNK15|CDKL2|MAMLD1|ACSL4|ERCC8|SOS2|FAM83G|DPH6|YWHAZ|ACER3|HUS1|WAC|ZDHHC2|RFK|UXS1|CLTC|CHUK|CUL3|ZNG1B|CD93|AGPAT5|MIER1|ARCN1|XPOT|VIL1|LATS1|ATP11C|ALDH18A1|CAST|VMA21|MSMO1|KNTC1|AFP|NUP58
GSE2770_TGFB_AND_IL4_VS_IL4_TREATED_ACT_CD4_TCELL_6H_DN	0.0371581450653983	0.314992593061201	0.322897410773322	1.23363974843414	124	194	ZNF17|STK38L|INSIG2|LEMD3|UAP1L1|EMSY|CMTM6|AMD1|TOP2A|PHLDA1|RANBP2|PI4K2B|RBAK|RPAP3|MXI1|SUMO1|RMND5A|HSPA14|FAM13B|ZNF441|NUP133|RIOK2|CHAC2|CAPRIN1|LITAF|MED17|USP47|EIF5A2|USP8|TRIAP1|TENT5A|CREG1|SNAI3-AS1|DNAJA2|TOPORS|B4GALT5|AHCTF1|NAMPT|QSER1|CRIPT|CDK2|TENT4B|TOR1B|NET1|CAND1|SPTSSA|AFTPH|CHUK|PSMA6|IDH3A|MASTL|MFSD14B|MAK16|ING2|FBXW11|NCBP1|H2BC8|LCORL|NUP54|GTF2H1|DLD|ELOF1|GLRX3|SNHG16|TASOR2|LYSMD2|BAK1|KIF2A|MSMO1|ZNF253|TP53INP2|NAA35|SSX2IP|ZUP1|NIPA1|PGK1|FBXW7
GSE36891_UNSTIM_VS_PAM_TLR2_STIM_PERITONEAL_MACROPHAGE_UP	0.0374220374220374	0.314992593061201	0.322025405673671	1.23179067724222	125	195	GPD1|CD83|AGO4|PPP1R3D|LONRF1|GLMN|EIF2AK3|ABHD17B|ZNF608|RNF138|PAIP2|PPP1CC|TAB2|TXNL1|FMNL3|RNF103|TFB2M|TNFAIP8|ZNF274|TWF1|SC5D|TVP23B|WTAP|SLC19A2|SLC38A2|IBTK|LFNG|POPDC2|BMF|C1GALT1|UBE2E3|SRP9|SKAP2|DYRK1A|PDE12|KLHDC2|HERPUD1|LAMTOR3|UBQLN2|RAPGEF6|TENT4B|DNAAF10|RBBP4|UTP15|MGST1|PAK1IP1|MAK16|TAF4B|HMGCS1|BTF3L4|MORF4L1|NUP54|CDC42SE2|MEX3D|CCDC115|RIPK1|TFDP2|IDI1|PPAT|PKNOX1|VIM|RBM12|PHF10|MAFF|POLR1F|B4GALT3|ATOSA|EED|MRPS2|WDHD1|MED20|ATP7A|TERF1|UBE2B|MIR22HG
GSE5455_HEALTHY_VS_TUMOR_BEARING_MOUSE_SPLEEN_MONOCYTE_24H_INCUBATION_DN	0.0373665480427046	0.314992593061201	0.334814305064655	1.25757098811439	125	174	ZC2HC1A|TTC39B|CD83|BATF|SLAMF6|MX2|TAMALIN|DNAJC24|ARID5B|CKS2|MNS1|ZNF518B|NBN|DERA|L3MBTL3|PLCL1|CD80|LEO1|SYPL1|NDC80|MRPS6|MPP2|SLC22A15|EPGN|PLXNC1|PHETA2|EHD3|RAB19|ELL2|ZBED5|IRAK4|SAMSN1|TMEM38B|POGLUT3|SYP|B3GNT2|RAPH1|ENDOD1|MYB|ABCB1
GSE7509_UNSTIM_VS_FCGRIIB_STIM_DC_UP	0.0372479605971987	0.314992593061201	-0.372100805816111	-1.29190982605445	241	156	SLC26A11|TNS2|CROCC|FARP1|CRIP2|PTPRU|METRN|SNHG11|RCN3|ROGDI|BEND6|PHPT1|SMTN|GPR173|ST6GALNAC6|PTGIR|CTDNEP1|FBXL19|FRMD3|NINJ2|PLEKHG2|BAHCC1|TACC3|DUSP4|PMF1|TRABD|BRPF1|MAPK8IP1|REXO1|SLX4|CDCA3|NCKAP5L|ZMYND11|PCYT2|NCAPH2|TSSC4|MYBL2|MGAT4B|NEU1|LMNB2
HASLINGER_B_CLL_WITH_11Q23_DELETION	0.0371545083824196	0.314992593061201	0.585803442219099	1.50565312907008	163	21	UBE4A|CNR1|CSPG5|CTSK|DMXL2|DDX10|PICALM|FUT8|BIRC2|H2BC8|PPP2R1B|ATM
LINDGREN_BLADDER_CANCER_HIGH_RECURRENCE	0.0374103177314657	0.314992593061201	-0.489717423117232	-1.41865233753986	218	45	ADAM19|PLCB4|COL18A1|LAMA4|ADGRE5|SERPINH1|AEBP1|FYN|MCAM|UBR4|NR4A1|ICAM3|COL1A2
MIKKELSEN_MEF_LCP_WITH_H3K27ME3	0.0372765957446809	0.314992593061201	-0.485830389643529	-1.41529588163868	218	46	TRPM2|NHLH1|HAPLN2|MMEL1|GUCY2F|RGS14
WP_BARDETBIEDL_SYNDROME	0.0373684210526316	0.314992593061201	0.391731609224469	1.32621811216743	141	84	CFAP410|DYNC2LI1|KIF7|BBS12|PKD2|TTC8|EVC|BBS2|RAB23|WDR35|LZTFL1|INVS|BBS1|RP2|CFAP418|OCRL|EFHC2|ARL3|FLCN|IFT57|IFT74|SCAPER|SCLT1|NEK1|TRIM32|ARL13B|CLUAP1|EFHC1
VAN_DEN_BIGGELAAR_PBMC_PREVNAR_9MO_INFANT_STIMULATED_VS_UNSTIMULATED_9MO_UP	0.0375371320550905	0.315575989588776	0.374361091515937	1.30936262106221	138	103	IL12RB2|TNFSF4|DEPDC1B|DTL|TOP2A|KIF18A|ANLN|IL18R1|PBK|KIF11|CCNA2|KNL1|CCNB1|NCAPG|NEIL3|MLC1|CD274|RAB19|CKAP2L|TYMS|RRM2|BUB1|ELOVL6|KIF14|WIPF2|PRR11|ESCO2|H3C10|CDCA2|CENPE|HJURP|CCNB2|H2AC21|BUB1B|EXO1|DLGAP5|KIF23|SLC27A2|MELK|NCAPH|ASPM
GSE19825_IL2RALOW_VS_IL2RAHIGH_DAY3_EFF_CD8_TCELL_DN	0.0376344086021505	0.316129032258065	0.32428730460898	1.23582146892675	125	192	GPR137B|MEMO1|DNAJC6|CNOT11|HACD2|DTL|STRAP|LRBA|PBK|MRPS24|PRIM1|ARL8B|UAP1|VPS50|MAPK6|UTP18|SYPL1|HSPH1|NUP107|HPRT1|NAE1|XPO7|SLC19A2|MTSS1|SERPINE2|CMTM7|ALDH9A1|GTF2H2|LZIC|RRP15|PPA1|PSMG2|ACER3|TDP2|NR2C1|COPS5|NUBPL|PCYOX1|NAA50|NAMPT|PRELID3B|MED7|NARS1|FBXO45|PRDX3|BAG2|OSTC|ANXA1|PSMC2|CLPX|ARL4A|SEC23IP|CEP170|AGPAT5|GNL3|PPP2R1B|NUP155|RYK|PAICS|CDK6|AHCY|ATP6V1C1|NDFIP1|BTG3|RBBP7|SLC30A5|NT5C2|RAD51AP1|GPSM2|SUZ12|DYNC1LI2
GSE5542_IFNG_VS_IFNA_TREATED_EPITHELIAL_CELLS_24H_DN	0.0377101317582917	0.316235841762516	-0.363900632035499	-1.27833895770479	248	172	NFKBIZ|MTCL1|SHF|BCO2|TSC22D3|TCN2|DIPK1A|CCPG1|RDH16|PPFIBP2|CFAP70|B3GNT8|RABAC1|ROMO1|OSBPL5|PLXNA4|GNRHR|RIGI|SLC19A1|STYK1|LAMB3|RPL13A|ELMOD3|C12orf57|EMP3|RPL38|C2orf76|OTX1|FILIP1L|SLC26A6|ABHD12|SULT1A1|PRPF40B|FAM83H|BMP1|HEXA|NOP10|SLC35D2|VKORC1|ZMYND11|RPS27|FNDC10|TBC1D17|C12orf75|RPUSD3|SMURF2|CAPG|RHEBL1|HES1|RNASET2|CHRD|WDR53|ACADSB|ADAT1|ESYT1|AK4|GSTK1
HOFFMANN_LARGE_TO_SMALL_PRE_BII_LYMPHOCYTE_UP	0.0376819868683985	0.316235841762516	0.342983434073364	1.26322870255441	131	150	ITGB7|TTK|MMP14|KIN|PLK4|NEDD4|CKS2|TOP2A|ANLN|LDHA|MTHFD2|CCNA2|CCNB1|CIP2A|DNA2|SMC2|POLA1|ECT2|NDC80|KPNA2|COIL|ARL1|NUSAP1|ABR|MYEF2|RBL1|SPDL1|CDK1|RRM2|RFC5|CASP3|DBF4|SNX2|BUB1|RRM1|MIS18BP1|STMN1|ANP32B|RACGAP1|IPO5|NEK2|PPP2CA|CDKN3|FAM111A|IDE|SMC4|CKAP5|CENPE|PCLAF|RFC3|CDC25C|HJURP|CCNB2|EIF2AK2|SSX2IP|AZIN1|DLGAP5|WDHD1|KIF23|MELK|FEN1|NCAPH|HMGB2|HAUS6
KIM_MYCN_AMPLIFICATION_TARGETS_DN	0.0377562028047465	0.316357899627751	0.376108021755012	1.30475972131482	139	98	TTC39B|LIPG|AKTIP|PPP2R3A|KIN|CD164|LINC01963|FAM107B|CEP162|ZNF681|YES1|AKAP12|PLEKHA5|BMI1|EPB41L5|ATL3|MFSD1|LMO7|LINC01278
AMIT_EGF_RESPONSE_60_HELA	0.0378261910462054	0.316679988091585	0.464034378156449	1.4095073235628	157	44	FOSB|ATG4A|CCN1|EXOC5|MBNL2|DNAJC24|KLF10|NR4A2|HSPH1|NAA15|UGCG|NCKAP1|SLC20A1|FXR1|CITED2|PLSCR1|TIPARP|BHLHE40
WP_SELENIUM_MICRONUTRIENT_NETWORK	0.0380443851159686	0.318241281495078	-0.442163547347947	-1.37320101983666	227	68	PLAT|APOA1|SELENOM|CBS|HBB|SOD3|SELENOV|ICAM1|FLAD1|SERPINE1|IL1B|SELENOH|SCARB1|TXNRD2|SELENOS|SELENOI
GSE21380_TFH_VS_GERMINAL_CENTER_TFH_CD4_TCELL_DN	0.0381336922386721	0.318722733298743	-0.359994644920414	-1.27653799471646	254	185	AMH|IL17B|IFI30|CUBN|CFAP70|SPSB2|RPLP2|CARF|TMED9|REX1BD|C1orf159|UBL5|ETHE1|ICAM5|LMAN2|SLC29A2|P3H1|SMIM11|PPP1R35|TMEM101|MYDGF|FHIP2B|SLC10A3|C2orf76|NDUFA6|SLC7A1|TOMM7|TELO2|TAB1|FBXW5|CDK10|WIZ|NT5C|RAB30|SLC35F6|YKT6|NDUFC1|AKT2|CCDC85B|FKBP2|AGAP3|LAMP1|THOP1|ATP6V0A1|FBXO31|C1orf122|RPS26|KDM8|TXNDC11|NEU1|UBE2M|UBXN1|RPS6KB2|ATP5MG|MRPL4|NCLN|C19orf53|CHCHD2|TXN2|BCAP31|EIF4G1|NLE1|SNX15|UHRF1
MCLACHLAN_DENTAL_CARIES_UP	0.0381725278028254	0.318781891917439	-0.358909480318661	-1.27589099562002	253	192	TRBC2|ACKR1|ANPEP|TYROBP|C3|CD14|CRLF1|TYMP|IFI30|CD37|MT2A|CD84|CXCL1|HBB|APOE|TNFRSF21|APOC1|CD48|MMP1|CRYBG1|MNDA|LBP|CFD|CYBA|IER3|ICAM1|LRCH4|STAB1|NFIL3|TIMP1|BCL3|CA12|C5AR1|IL1B|IGHA1
GSE3982_MAST_CELL_VS_NKCELL_UP	0.0382876092854989	0.319345910348996	0.325788980351409	1.2359817808097	126	188	PPP1R3D|ADAMTS3|NMD3|SGPP1|CAMSAP2|ERI2|CKS2|ABCC4|RSL24D1|GNAQ|FER|PPP6C|AKAP12|NPR2|MRPL42|IPO7|USP6NL|UBE2N|SORBS1|METAP2|ETV5|HSPA4|ITPRID2|AP3S1|IDH1|ESD|SIGLEC6|RBKS|PLA2G4A|TRIM24|CAPRIN1|DUSP10|PRKCI|CENPU|FAM200C|RTN3|LRP12|UTP3|ARPC3|CLIC4|PTK2|TMEM14A|TSG101|PRDX3|PRDX6|CLTC|DRAM1|MOB1A|SETMAR|PSMA2|GLUL|PPP2CA|ADO|RPF1|ADORA2B|SRPRB|ZNF124|BZW2|TAX1BP1|LMNB1|IL1R1|TIGD6|PAICS
PLASARI_NFIC_TARGETS_BASAL_UP	0.0383036935704514	0.319345910348996	0.56100169908323	1.47231771137908	167	23	RGS5|FOXA1|TEX15|PERP
GSE21063_WT_VS_NFATC1_KO_3H_ANTI_IGM_STIM_BCELL_UP	0.0383909452431936	0.319807724772762	-0.370648649450433	-1.291316203181	250	159	LAG3|VMAC|CRIP2|TFAP2E|ITGA4|LYPD3|GDF15|B3GNT8|SCRN2|DGLUCY|TWIST1|TSPAN4|SGSH|SLC22A13|CD48|KRT73|ARHGEF17|RSPH9|SLC6A8|RASGRP1|APOL6|NLRX1|ZNRD2|TIMP1|SKIDA1|RSPH14|TBCD|GBP2|PLEKHG2|CTSA|ATOX1|FILIP1L|DGKA|PLK3|CPQ|MAPK8IP1|FAM98C|EPHX1|UCP2|SAMD9L|RNASE1|SLC20A2|USB1|MYCL
BIOCARTA_HCMV_PATHWAY	0.0384787472035794	0.320006477464152	0.621023528139649	1.51266641453089	171	17	MAP3K1|PIK3CA|MAPK1|SP1|PIK3CG|RB1|CREB1|MAPK14
DOANE_BREAST_CANCER_CLASSES_DN	0.0385874649204864	0.320006477464152	0.517711606217599	1.4482618415031	164	30	WWTR1|SPP1|SGCB|PAPSS1|ATP11A|PYGL|CHST3|NNT|POPDC3|EHBP1|PARVB|MARCHF3|CALU|PMAIP1
GSE12001_MIR223_KO_VS_WT_NEUTROPHIL_DN	0.0385304659498208	0.320006477464152	0.323110476966382	1.23133671468173	128	192	CCNG2|REV3L|BTBD1|RNF2|SOCS6|SLC25A46|STXBP3|FAM76B|DHX40|NAAA|CGGBP1|CUL4B|DCTN4|LZTFL1|ETNK1|RPAP3|BLTP1|RIF1|TCF12|XPO7|SPAST|EPS15|PER2|RAP2A|SPINK4|RECK|C5orf22|ALDH9A1|KLHDC2|PCNX4|FAM133B|CNOT2|ETFDH|ATP11A|PIGH|TMEM230|TLCD4|HNRNPK|PSTK|KDM3A|MLLT11|PRPF39|HEATR1|CFAP20|ATF2|BIRC2|BCLAF1|ING2|RAB14|SYF2|RAB6B|VPS4B|DDX20|HERC4|TMEM87A|PNRC1|TRIM33|DRG1|KPNB1|ACTR6|UBP1|ATP7A|PDCD2|ACADM|SMC5|SLAIN2|PTCD3|PLEKHA2|CBX4|ADAM17|SLC25A20|ICE1|ATAD2B|CPPED1|AATF|WDR82|CHEK1|GTF3C4|MRPL44|MKRN2|YTHDC1|MIA3
HERNANDEZ_ABERRANT_MITOSIS_BY_DOCETACEL_2NM_UP	0.0385970800469878	0.320006477464152	-0.460841629836179	-1.39614566435805	229	58	IGF1R|CRLF1|MARCKS|N4BP2L1|PLA2G15|IFI16|SLC35G2|SLC6A8|MCAM|PTPN3|DCT|FILIP1L|ASNS|THBD|SGK1
KEGG_MEDICUS_VARIANT_MUTATION_CAUSED_ABERRANT_SNCA_TO_ELECTRON_TRANSFER_IN_COMPLEX_I	0.0386060813119235	0.320006477464152	-0.488671959096427	-1.41562375430611	225	45	NDUFB2|NDUFB8|NDUFA3|NDUFA13|NDUFA2|NDUFA11|NDUFS7|NDUFS8|NDUFA6|NDUFB7|NDUFA1|NDUFB1|NDUFC2|NDUFC1|NDUFB11|NDUFA7|NDUFB6|NDUFA8|NDUFAB1|NDUFB4|NDUFB9|NDUFS2|MT-ND1|NDUFS3
REACTOME_NUCLEAR_PORE_COMPLEX_NPC_DISASSEMBLY	0.0385610157535857	0.320006477464152	0.492448526883669	1.43634721832287	163	36	NEK9|RANBP2|CCNB1|SEH1L|NUP153|NUP35|NUP107|NUP37|NUP160|NUP133|NUP205|CDK1|NUP88|RAE1|NUP155|NUP54|NUP50|NDC1|CCNB2|NUP58
GSE20198_UNTREATED_VS_IL12_TREATED_ACT_CD4_TCELL_UP	0.0387019946412623	0.320020658835119	0.322139917309425	1.229066424692	129	193	EGR3|CFAP69|BMPR2|CENPQ|ELAPOR2|TRAPPC8|DNAJC6|EXOC5|NCOA3|BRMS1L|TLE4|PECR|FAM174A|DDX19B|C5orf34|VPS50|ROCK2|MAPK1IP1L|AAK1|CEP135|SMC2|ZNF644|MED13|NUP133|QNG1|CDC27|HECA|ASNSD1|IFT57|NIPSNAP3A|STAU2|DTWD2|PHTF2|EMC2|RBPJ|SNX25|CUL2|CNKSR3|ACTR10|TMEM70|EIF4G3|DNAJB11|MOB1B|COPS4|C10orf88|SMIM30|MGA|RCOR3|TOR1B|TRIT1|TMEM68|RAB3GAP2|MRPL38|PFN1|CTDSPL2|ORC3|CLPX|RCN2|GNL2|YIPF4|SEC63|RDH14|FUCA1|DALRD3|GLRX3|CDK6
LU_AGING_BRAIN_UP	0.0386740331491713	0.320020658835119	0.309696408121231	1.20829514509344	118	243	NXT2|GPR137B|SERINC5|TGFBR2|CETN3|RYR1|GNG12|DNASE1L1|CLIC2|LAMP2|TLE4|HIF1A|KDSR|PIK3C2A|YES1|PEX1|ABCD3|SYPL1|RDX|TOB1|TWF1|ADD3|TMEM123|CLK1|PICALM|ITPRID2|RBL2|SCP2|COL4A5|MTSS1|MLC1|WWTR1|VWF|S1PR1|SLC4A4|CALD1|PLXNC1|RAP1B|ALDH9A1|LITAF|PCF11|NFE2L2|CSRP1|TCAF1|BCL2|TOPORS|ITM2A|MTRR|WIPI1|CLIC4|CPNE3|ACTL6A|CHSY1|PTP4A2|SMC3|PRDX6|TASOR|SPTSSA|ANXA5|QKI|PHF3|ANP32B|CAV2|TOR1AIP1|MFAP3L|FRYL|CEP170|VAMP3
SCHLOSSER_MYC_TARGETS_AND_SERUM_RESPONSE_DN	0.03870343492985	0.320020658835119	0.451268672762554	1.3935072838009	159	48	PRNP|AMD1|UCHL3|LDHA|UTP18|MXI1|BAG2|MYC|RSL1D1|TIMM17A|DDX21|FABP5|SRPK1|PAICS|HSPA9|DKC1|PPAT|EIF1AX
AFFAR_YY1_TARGETS_DN	0.0388888888888889	0.320498084291188	0.317018853937837	1.2198362645683	125	209	TTK|PIGA|COL15A1|FCGR2B|STEAP1|HLA-B|PLK4|GNB4|TOP2A|ABHD3|PTGS1|RFC4|SUV39H2|PTPN2|KIF11|MTHFD2|TFAP4|CCNA2|CCNB1|MSH2|SMC2|POLA1|NCAPG|MTCH2|IDH1|TCP1|MSH3|VAV1|MAD2L1|IL1RL1|SPP1|TGFBI|TAC1|FABP9|DKK3|IGFBP5|SLC4A4|POF1B|CCN5|TGFBR1|EEF1A1|BUB1|RBBP4|STMN1|ELOVL6|STARD4|CREB1|RACGAP1|API5|SLC25A5|HMGB1|PLCB1|HMGCS1|SFXN1|PLSCR1|SHCBP1|LMNB1|REST|CENPE|FDFT1|IL1R1|IDI1|PFDN5|CDC25C|ALDH18A1|CCNB2|BCAT1|BUB1B|RAD51AP1|EXO1|SPTBN4|MSMO1
GSE35685_CD34POS_CD38NEG_VS_CD34POS_CD10NEG_CD62LPOS_BONE_MARROW_DN	0.0388055176595422	0.320498084291188	-0.363599784086883	-1.27616425598953	255	171	MATN1|RAB4B|VWA7|DHH|TCAP|PSMB9|APBA3|TLR6|KRT12|MYL11|GON4L|KCNAB3|AATK|MRPL41|CHCHD10|CASQ2|TRIM46|WDR46|NRTN|BRD3|TIMP1|FBXL15|MUC1|IFITM3|IL18BP|TSPO|CSNK1D|RAI1|SEC61A1|RAB11FIP5|RHOB|SDC4|CDCP1|MTMR10|KLHDC4|PACSIN1|OSBPL11|GRINA|PTCD2|LIFR|MAP1S|AP1B1|TMEM214|PNPO|RWDD4|LY6E|NMU|SPHK2|CTSH|C9orf72|NECTIN2|ASL|ABCF3|CLEC16A|AP2M1|WDR20|LTB4R|URM1|MGAT1|HBE1|SEC24C|GATA1
REACTOME_CLASS_C_3_METABOTROPIC_GLUTAMATE_PHEROMONE_RECEPTORS	0.0388647866955893	0.320498084291188	-0.639387406521719	-1.50792167903003	214	17	TAS2R20|GRM3|TAS2R5
REACTOME_RNA_POLYMERASE_I_PROMOTER_ESCAPE	0.0388733322352166	0.320498084291188	-0.431417262102366	-1.35973579832017	235	74	H4C4|H2AC20|H2AC7|H2AC8|POLR2L|POLR2F|H2BC13|GTF2H4|H2BC17|H4C11|H4C3|H3C12|H4C14|H3C13|H4C2|H2BC5|POLR2E|POLR1C|H3C2|POLR1H|H2BC12|H2AZ2|TAF1D|POLR1G
GSE15330_WT_VS_IKAROS_KO_MEGAKARYOCYTE_ERYTHROID_PROGENITOR_UP	0.0389417360285375	0.320670341472075	0.32154466410646	1.22847153710099	130	194	PIGB|LNX2|NLGN2|RPGRIP1|CD40|CD70|C5orf15|NXN|ANKRD27|ANGPTL4|EEF1AKMT1|TFPI2|NBN|PHLDA1|ZNF277|PFKFB3|C3orf62|RIF1|HSPA4|COIL|MTCH2|TRIB1|NUP160|FEM1B|HESX1|FAM174B|LHX5|CHAC2|FOXP1|TPRKB|INTS12|HAUS1|ITM2A|CDK2AP1|AGGF1|SSR1|IFTAP|SNX19|ARMC1|ZNF566|NDUFB5|ADAM10|BAG2|TRIT1|SLF2|MINPP1|GTF3A|NAA11|DCAF4|NUP88|FBXW11|TOMM40L|ECHDC1|MAGI1|AEBP2|DSTN|PRPF40A|FDFT1|STMP1|LYRM2|BLMH|FUBP1|TMEM33|RPL22|CUL4A|GLO1|GEMIN2|DYRK3|SMN1|SRFBP1|SRSF10
GENTILE_UV_LOW_DOSE_UP	0.0389957264957265	0.32069775243207	-0.589122512501278	-1.48690692131629	218	23	EFNB1|TAP1|GDF15|GTF2H4|FDXR|ISG15|ZNF263|HSPA1A|HSPA1B|CDKN1A
GRAHAM_NORMAL_QUIESCENT_VS_NORMAL_DIVIDING_DN	0.0390089615181866	0.32069775243207	0.385657835316293	1.31398227134806	147	88	CD36|CCNE2|HAT1|DTL|TOP2A|RFC4|AMMECR1|KIF11|CCNA2|MSH2|SMC2|GINS1|NCAPG|NDC80|NUSAP1|MAD2L1|CENPU|TYMS|CDK1|RRM2|BUB1|KIF15|RRM1|VRK1|MINPP1|DSCC1|RACGAP1|GGH|LEPR|CDKN3|PCNA|ZWINT|PCLAF|RFC3|FABP5|CCNB2|BUB1B|RAD51AP1|VDAC3|DLGAP5|CSE1L|AQP3|MELK|FEN1
GSE37534_PIOGLITAZONE_VS_ROSIGLITAZONE_TREATED_CD4_TCELL_PPARG1_FOXP3_TRANSDUCED_DN	0.0390824129141886	0.321038674985782	0.348159868400455	1.2739336510826	137	142	NLGN2|GNA13|PUS10|IL10RB|SERPINI1|PDCD10|PTPN2|RAB22A|TMEM168|SMNDC1|ARF4|GYPA|SDCBP|RBM41|TRIB1|PJA2|HNRNPH2|SPINK4|GLIS3|FCER1G|HPCAL4|SLC4A4|SOX21|SGMS2|ATP6V1D|PPA1|DDX5|SCAPER|SCIN|CPNE3|SEMA4A|RABGAP1L|CHD9|NDN|CR1L|UBE2D1|SNRNP35|CTNNB1|NMRK1|RBM25|DCUN1D1|NMI|ARFGEF1|ALDH1A2|GGCT|ZFAND5|BAIAP2L1|ALDH1B1
MIKKELSEN_ES_LCP_WITH_H3K4ME3	0.0391504200348708	0.321334355118588	-0.39921390995804	-1.32502278298822	246	107	TNS2|RINL|EMILIN1|SPON2|PHYHD1|IFITM1|MYL11|GPR173|APOBR|DOC2GP|NYAP1|EMP3|MUC1|P2RX6|MMRN2|TNKS1BP1|SLC16A5|UNC13D|ENO3|GPSM3|TREML2|SLC39A4|NOS3|MRPS21|PRTN3|DAPK3|PINLYP|GLMP|CLSTN3
MCBRYAN_PUBERTAL_BREAST_4_5WK_UP	0.0392647058823529	0.322009083044983	-0.352299969399537	-1.26762074463549	266	212	PLAT|VASN|CD14|IRX5|BSPRY|SPON2|ELAPOR1|CLDN7|FAAP20|PDLIM2|TPBG|ACTA2|RAB7B|CCK|ATP1A3|IGFBP2|APOD|TGFB3|STC2|FOS|TXNDC16|CRACR2B|NFIL3|TIMP1|MBOAT1|BCL6|TRMT1|RPS10|SFXN3|F2R|SDC4|CDCP1|ATP5IF1|FHDC1|PDLIM4|ID2|RPL37A|MFGE8|MDK|CAPG|SPINT1|STARD10|GAS6|CPT1A|TNFAIP2|HSPA1B|JUN|CEMIP2|ARHGEF3|TMEM158|KIF22|ATP1A1|ISYNA1|CITED1|TLE3|IKBIP|FN1|EZR
GSE24726_WT_VS_E2_22_KO_PDC_DAY4_POST_DELETION_DN	0.0393771522683036	0.322600549944273	-0.358699735553782	-1.27109472749294	262	184	C3|TRAPPC6A|CD14|IRF7|MGAT4A|PSMB9|MICOS10|COPE|PDE6D|NAA38|SREBF1|ZC3H12C|DOHH|ATG9A|TMEM208|PILRA|PUS1|RASGRP1|SPG7|TMCO6|BCL3|MET|CMKLR1|IL1B|ALG9|GBP2|SLC16A3|NSDHL|DUSP4|ATOX1|TRAF2|FILIP1L|FAM98B|THOC6|ACAA1|PARP3|TNFRSF1B|BLVRB|MCRIP2|VARS1|MRPS11|LSM6|HSPA1A|ENPP3|NUDT2|STUB1|AARS1|LY6E|CTSZ|TTC13|IRF1|TXN2|EIF4G1|FLNA|SMYD5|NFKBIE|PFKP|PSMB3|OPA3|EIF3B|RRAS|AIFM2|PGLS|SDHB|ATP5MC3|GMPPB|MRPL54|VAMP8|KRI1|NSUN2|MKKS|MTURN|COQ7|ALAS1|EIF6|TRAPPC10
WP_METAPATHWAY_BIOTRANSFORMATION_PHASE_I_AND_II	0.0394011032308905	0.322600549944273	-0.393264571999657	-1.32407986289765	249	119	SULT2B1|NDST2|CYP19A1|CHST12|KCNAB3|NAT9|CYP4F2|CYP2S1|HS6ST1|COMT|SULT1A2|CYP2F1|KCNAB2|FMO4|AKR1B1|AKR1C2|GAL3ST1|GAL3ST4|NAA80|SULT1A1|EPHX1|NDST1|NAT14|GSTP1|NNMT|HS3ST3A1
GSE17974_0H_VS_1H_IN_VITRO_ACT_CD4_TCELL_UP	0.0394597055698892	0.32281705339083	-0.36715782659286	-1.28455889903113	259	165	GAA|NFKBIZ|TPM2|IL11RA|STOML1|IFI30|ARSA|NUP210|PDLIM2|HLA-DOB|LMF2|SH3BP2|VILL|ACAP1|LINC00173|RNF207|PLOD1|DYNLRB1|ING4|VMO1|TGFB3|STX10|RPAP1|NME3|ARSL|PET117|TRIB3|TRADD|BIN1|GAL3ST4|PCIF1|TBC1D10A|RASSF7|TMEM42|PGP|TSC22D4|HEMK1|TSC22D1|G0S2|JRK
ANDERSON_BLOOD_CN54GP140_ADJUVANTED_WITH_GLA_AF_AGE_18_45YO_6HR_DN	0.0395836887903088	0.323304367841432	-0.475783747008282	-1.40314942692485	231	50	TSC22D3|ATP1A3|ZNF580|IRF3|UBB|LYL1|FRA10AC1|GUK1|DPF1|PDRG1|TPRA1|SPRYD3|PRR5|PTPN7|SLC39A13|IGHMBP2|PSENEN|UBL4A|SLC25A39|GMPPB|HOXB6|RELL1|HMCES|CMTM3|ATP6AP1L|UBXN6|DDX19A|SAP30
ZHANG_RESPONSE_TO_IKK_INHIBITOR_AND_TNF_DN	0.0395586652314316	0.323304367841432	0.376661933527462	1.30411045737673	146	97	ARRDC3|EFCAB7|ZNF362|LGR4|ZNF367|CCNE2|ITFG1|PTHLH|DCLRE1A|TMEM53|DTL|RFC4|C17orf58|MPHOSPH9|IFFO2|SYTL5|LFNG|C1GALT1|RBL1|CEP44|ZNF451|RFX7|SMC3|SEPTIN7|KBTBD6|ATF2|HOXB7|CEP170|ANAPC10
GSE17721_LPS_VS_GARDIQUIMOD_8H_BMDC_UP	0.0397014925373134	0.323702553535236	0.330871983591052	1.24358828403179	132	176	SNX16|IFIH1|GNA13|NTS|HLA-B|SEC24B|RUNX2|HMGN5|BBS2|DDR2|PI4K2B|RAB22A|RFX5|BMI1|ARF4|PLEKHF2|ARPP19|FCRLA|PIAS2|RRAS2|ATP1B3|MRPS6|CDC27|TAPBPL|TMEM140|MPP2|TANC1|CHRNA3|EDA|HSPB8|CHAC2|FOXP1|UFM1|TCEANC2|VRK2|NME7|LCP1|DNAJA2|ENDOD1|RFK|TMEM70|CDKN1B|SVBP|CAND1|RNF14|GTF2B|PSME4|VAMP3|PTPRA|CFAP298|ANKRA2|TIPARP|AEBP2|REEP3
GSE4590_SMALL_VS_VPREB_POS_LARGE_PRE_BCELL_UP	0.0397614314115308	0.323702553535236	0.339252919396894	1.25728294257944	139	155	AIM2|PITPNC1|ASAH2|EFCAB7|PDK1|GPR174|NCOA2|CAMSAP2|PRMT9|NEDD4|PECR|RNF13|BCAP29|RIMOC1|PNPT1|PNPLA7|CIBAR1|INPP5K|TCEAL8|DOCK10|KIT|TMEM176B|DNAI4|GTF2H2|FBXO27|TBC1D19|IFT57|TDRD3|EIF3C|PHTF2|EXOC6|QSER1|RICTOR|GBE1|NF1|CD93|BRWD1|ASCC1|PHF21A|ETV6|ICE2|CHM|THUMPD1|MBTD1|KBTBD3|NT5C2|CCDC28A
KEGG_MEDICUS_REFERENCE_NUCLEAR_EXPORT_OF_MRNA	0.0397567820392891	0.323702553535236	0.516042663965619	1.44359309282104	169	30	NXT2|DDX19B|RANBP2|GLE1|SEH1L|NUP35|NUP107|NUP37|NUP160|NUP133|NUP205|NUP88|NCBP1|NUP155|NUP54|NDC1|ALYREF|NUP58
KIM_RESPONSE_TO_TSA_AND_DECITABINE_UP	0.0396649810366625	0.323702553535236	-0.397546510586001	-1.32379717433562	250	109	TSGA10|S100A2|PDE2A|S100P|IRF7|IFI30|SFN|DBNDD2|CLDN7|GDF15|NDUFA2|IZUMO4|SMPD3|SLC6A8|LAMB3|RHOF|CXADR|MUC1|NINJ2|H2BC5|ICAM2|CDCP1|RPP25|HSD17B1|GCHFR
FINETTI_BREAST_CANCERS_KINOME_BLUE	0.0398975109809663	0.324284384799142	-0.659208417733538	-1.50542264599174	217	15	IGF1R|STK36|STK39|ACVR1B|ULK4|MAP3K12|GAK|FGFR3|WNK4
OSADA_ASCL1_TARGETS_UP	0.0398867122964362	0.324284384799142	0.482447862713573	1.42391785359961	168	38	TAMALIN|SCG2|MTSS1|LFNG|SYTL2|BDKRB1|IGFBP5|BMF|MYB|SCG3|VDR|PPP1R16B
GSE27859_MACROPHAGE_VS_CD11C_INT_F480_HI_MACROPHAGE_UP	0.0399654974123059	0.3243117728575	0.338744452203332	1.25741033539584	138	158	CD44|CD69|SNX18|RFFL|KPNA3|NRG4|PHLDA1|PPP6C|MMADHC|CRLF3|LZTFL1|TMX3|ARF4|SLC30A6|TRIM13|MAPK8|COP1|RBM7|GFI1|TTC39C|ICOSLG|SBDS|APPBP2|MYO6|PELI1|XKR8|NAA25|RDH11|CRY1|PTPN12|EEIG2|IKBKE|PAK1IP1|NOD1|NRF1|MFSD14B|NCK1|ETF1|ANAPC10|SFXN1|ADORA2B|GGCT|PSMD11|VPS37A|DLD|PRPF40A|MAP2K4|FBRS|ATF3|TASOR2|RLIM|CRK|PARP14|TCEA1|CPEB4|PPP1R15B|TOMM20
HATADA_METHYLATED_IN_LUNG_CANCER_UP	0.039937464468448	0.3243117728575	-0.334644880304408	-1.23618830504904	280	283	VWCE|TGFB1I1|RINL|TAGLN|DYSF|TYMP|HLX|SEC31B|ZBTB47|KCNC4|COL1A1|TWIST1|PNMT|P2RY11|LDOC1|ADAMTSL4|PCDHGB2|ANKS1B|HSPB6|RARRES2|CACNA2D2|ZNF671|RASGRP1|SLC29A2|SLC27A6|ZNF534|ESR1|TPPP3|FBLIM1|HSPB9|TMEM101|PHKG1|MMRN2|GAL3ST1|LYL1|TRIP6|IL16|BRD9|RALBP1|UNKL|LRRC61|NOS3|HDAC7|PRTN3|SYT10|DPH7|MLH3|ARHGEF1|ARHGAP22|ZNF428
AMIT_SERUM_RESPONSE_60_MCF10A	0.0401567091087169	0.325600198734492	0.440169973755619	1.38123417523142	163	53	TCEAL1|STK38L|CXCL8|EGR3|CCN1|MBNL2|EGR1|ITSN1|NR4A2|TRIB1|NUAK2|CALD1|SLC35D1|ELL2|HBEGF
GSE7568_IL4_TGFB_DEXAMETHASONE_VS_IL4_TGFB_TREATED_MACROPHAGE_DN	0.0401995305164319	0.325684331980584	0.335064632107947	1.25212972420751	136	168	ST8SIA4|DCP1B|GPR160|TBC1D10C|TBCEL|INSIG2|DNASE1L1|STRADB|HACE1|H2BC21|DCTN4|RNF103|MFAP3|MFSD1|GTF2A1|TAPBPL|FCER1G|GNAL|CYTH4|GNPDA2|CEP97|GNG10|LRRC8C|TMF1|ZDHHC20|PIK3C3|SLC25A14|ZMYM5|BCAS3|RABGAP1L|MOB1A|AKIRIN1|LMBRD1|COMMD10|SECISBP2L|PPP4R3B|ZC3H11A|SNAPC5|SUB1|AP3B1|SNTB2|SERINC1|CAPN1|BRWD1|CHMP1B|OSBPL3|TAX1BP1|PHF21A|FUCA1|ZZEF1|RIPK1|SYNJ1|PFDN5
GOLDRATH_EFF_VS_MEMORY_CD8_TCELL_UP	0.040422322775264	0.325783577803753	0.325446703695906	1.2318324065723	133	185	TTK|DCK|TSPAN32|LGALS3|PLK4|STT3B|DTL|CKS2|TOP2A|BATF3|ANLN|EGR1|KIF11|PRIM1|CCNA2|MAPK6|CIP2A|SYPL1|UBE2N|DNA2|SMC2|POLA1|ECT2|KPNA2|NUSAP1|MAD2L1|PERP|LITAF|SNX3|NFYB|RBL1|TYMS|SPDL1|TIPIN|CDK1|RRM2|RFC5|CASP3|BUB1|KLRG1|RRM1|S100A10|MIS18BP1|STMN1|ANXA1|CA2|NEK2|GTF2B|GGH|CDKN3|WEE1|ATP6V1A|AK3|CKAP5|GABARAPL1|IQGAP3|LMNB1|BHLHE40|FDFT1|PCLAF|CISD1|S100A4|IDI1|CDC25C|SUN1|CCNB2|RNASEH2B|DEGS1|RAD51AP1|SUZ12
GSE13522_CTRL_VS_T_CRUZI_BRAZIL_STRAIN_INF_SKIN_UP	0.0403402854006586	0.325783577803753	0.36121051195789	1.28857141167417	146	118	BCAR3|PGAP1|CCNG2|TBCEL|CNR1|C1QTNF3|SCOC|MNS1|TTLL7|CBLL1|H2BC21|DCTN4|KCNK9|MAP3K21|BMF|KCTD6|SOAT1|ARMT1|PTPN12|DARS2|EEIG2|ATG12|MGST1|NRF1|NGLY1|CTCFL|ACTR8|NSMCE3|KLHL7|STX8|EIF4A2|TMEM167B
GSE15930_NAIVE_VS_24H_IN_VITRO_STIM_INFAB_CD8_TCELL_UP	0.0404389657245941	0.325783577803753	-0.361074780334382	-1.27299401916757	268	176	WNT11|TCN2|ADGRG3|FGD3|PPFIBP2|SPPL2B|MAPK8IP3|QSOX1|RGS3|RAB33B|OSBPL5|GRIA3|MAP1LC3A|SPATA6|CYTH3|ATP9A|NRTN|ELMOD3|MX1|PKP3|BCL6|FRMD8|PSAP|SEMA4F|SUGP2|TRAF2|PMPCA|FBXW4|DIAPH1|ARID3B|ZBTB20|SLC39A4|ABCD1|RETREG2|REXO1|PHRF1|HIP1R|MYL6|PCSK7|GRINA|CEL|RPL37A|YJU2|AKAP7|MFGE8
GSE24142_ADULT_VS_FETAL_EARLY_THYMIC_PROGENITOR_DN	0.0403614457831325	0.325783577803753	0.325151441365693	1.23188969894456	133	186	TRAPPC2B|DNAJC24|ANLN|DERA|AMZ2|MRPL42|CKAP2|DNA2|HPRT1|SDCBP|RRAS2|TRIM13|NUP37|ERP44|MAD2L1|SYTL3|PERP|S1PR1|PTPN14|TXK|FBLN1|NCKAP1|GTF2H2|ASNSD1|NSUN4|DSG2|ESAM|ZW10|WDR36|RAP2C|CAP1|CMPK1|COPS5|ITGA2B|CASP3|CACYBP|CA8|BUB1|SSR1|VRK1|UBE2D3|SPCS2|NIFK|IDH3A|IPO5|PPP2CA|OTUD6B|MRPS33|FAM111A|ATP6V1A|USO1|HELQ|GARS1|AK3|PSMD14|SEPTIN8|SHCBP1|DSTN|PCLAF|POLR3G|PRKCQ|GGT1|EEF1E1|BCAT1|MSMO1|GOT1|SLC35B1|VDAC3|CCDC88A
PLASARI_TGFB1_SIGNALING_VIA_NFIC_10HR_UP	0.0403749098774333	0.325783577803753	0.465839926959448	1.39983657332158	167	42	RGS5|TBX3|PLEKHH2|PERP|CPXM1|NREP|C1S|RICTOR|PLSCR1|SLMAP
WP_HEART_DEVELOPMENT	0.0403587443946188	0.325783577803753	0.482178106455028	1.42312168310669	170	38	BMPR2|FOXA2|MEF2C|SMAD4|MAPK1|GATA6|GATA4|FOXC2|NFATC2|BMPR1A|CTNNB1|BMP10|BHLHE40
WP_THYROID_STIMULATING_HORMONE_TSH_SIGNALING	0.0403940886699507	0.325783577803753	0.423956229281848	1.37115294414384	163	62	GNA13|SRC|PLD1|GNAI3|GNAQ|EGR1|PIK3CA|RBL2|MAPK1|PDE4D|MYL12B|RAP1B|RAP1A|JAK2|CDKN1B|CDK2|MYC|RB1|BRAF|APEX1|CREB1|MAPK14|PLCB1|PAX8|RPS6|STAT1|GNAI2|MAP2K1|RPS6KB1
GSE3982_MAST_CELL_VS_BCELL_DN	0.0405876116916553	0.326718882246059	-0.365984892384361	-1.28165132942595	267	166	STS|CCR7|APOLD1|IL15|TRPA1|CNTNAP3B|ABCA7|SNN|ZCWPW1|KCNC4|HLA-DOB|SYNE3|RGS3|TCIRG1|SGSH|NSUN5|SFI1|CD48|TOP3B|SMPD3|DUS2|SIRT7|ENTPD1|LIG1|SEZ6L2|AMPD2|FBXO41|LSS|PRORP|MAP4K2|SLC25A16|PDP1|PLD2|UCP2|KLHDC4|POLG|EVL|CMTR1|MREG|REPIN1|POLR1G|TMUB2|KYAT1|GUSBP11|NOP53|COG7|CLEC2D|BCL7A|ZDHHC14|GNA12
GSE360_HIGH_DOSE_B_MALAYI_VS_M_TUBERCULOSIS_MAC_UP	0.0406881077038145	0.327265404752316	-0.359079207304539	-1.27109981000991	271	181	SPRR2D|TRAPPC6A|SMPD1|CD37|LILRA2|IFITM1|DDB2|LMOD1|FAM131A|COMMD4|CLN3|UBA7|SUN2|ITGAX|TRIM10|VENTX|FMO4|SEC61B|AKR1B1|DHX38|PMPCA|ITGB5|MED24|DIAPH1|CD151|STX5|HEXA|GFUS|ENTPD6|ZNF263|PISD|VPS52|RASSF1|GNB5|NISCH|BLVRB|CTTN|ATP6V0A1|CAMKK2|BLTP2|NEU1|EEF1D|PCK2|LPAR2|LMTK2|TMEM184B|RPS6KB2|PLEKHM2|SREBF2|NUP188|TRAF3|VAMP2|ADCY3|MAN2B2|VGLL4|AKR1A1|EIF4A1|MLF2|TCF25|FIG4|MBTPS1|YARS1|PATZ1|SF3B2
GSE7219_WT_VS_NIK_NFKB2_KO_LPS_AND_ANTI_CD40_STIM_DC_UP	0.0409252669039146	0.328383556499996	0.332430592568124	1.24861770375856	137	174	SAMD5|C3orf52|ARHGAP28|LRATD1|SMARCA1|HSDL2|CMTM6|ST3GAL5|HMGN5|NPL|BACE2|ANLN|SPRY2|LRP6|TOB1|RHOBTB1|SVIP|ABCB10|IFRD1|HSPA4|SPINK4|TOX|TMEM176A|SLC4A4|TMEM176B|PHETA2|CCN5|FUT8|HBEGF|MCU|CDK1|RRM2|BMPR1A|SAMD4A|BUB1|BORA|C4orf46|STMN1|CA2|CENPI|SERTAD3|TAMM41|GOLM2|SFXN1|ATP1B2|EMD|ESCO2|SHCBP1|NCAPG2|TMCO3|SLC39A8|FABP5|TFDP2|SSBP2|IDI1|NEB|CCNB2
HAHTOLA_MYCOSIS_FUNGOIDES_CD4_DN	0.0409115870400879	0.328383556499996	0.364259284858704	1.29221946429882	148	114	PCYOX1L|CD69|CCNG1|ABCE1|IPO7|ZFAND1|DDHD2|ADD3|TMEM123|OLA1|PGRMC2|MPHOSPH9|UGCG|ZBED5|WASHC3|SRP72|DDX18|CNOT2|UBQLN2|EIF5B|EBAG9|CACYBP|ATG12|SNAPC5|TTC3|NMRK1|HNRNPA1|MRPL3|RCN2|RAD21|NACA|AVL9|TRAK2|PAICS|DIMT1|TRIM33|EIF1AX|FUBP1|INPP4A|KIF2A|VAMP1|CPSF6|GORASP2|ZC3HAV1|UBP1|KTN1|SKIC3|NAP1L1|YTHDC2|ATIC|HNRNPA3|COX11|NUCKS1|NUCB2|TUG1|MT-ND4
JECHLINGER_EPITHELIAL_TO_MESENCHYMAL_TRANSITION_UP	0.0408921933085502	0.328383556499996	-0.466134694738169	-1.39900067565939	241	55	ADSS1|IRF7|LAMB1|SLC3A2|SERPINH1|CCK|CDH15|COL6A1|PCOLCE|BCL3|DCN|IFITM3|ISG15|SRM|ASNS
ONO_FOXP3_TARGETS_DN	0.0411503390226795	0.329925801205796	0.509034417955973	1.43323331328036	175	31	SLAMF6|CCL5|RUNX2|FOXN3|CCNA2|RBL2|RBL1|BCL2|SEMA4A
GSE28737_WT_VS_BCL6_KO_MARGINAL_ZONE_BCELL_UP	0.0411973460885666	0.330039074251422	-0.370042401755876	-1.28355035818354	266	155	EFNB1|SLC22A18|CCDC12|CRLF1|MAGIX|ASPHD2|QSOX1|PBXIP1|NDUFB8|SH3BP2|TMEM116|PDCD1|IFI35|MYO1A|FGF17|RIGI|TMEM86A|STARD3|C12orf57|ODAD1|PIP5KL1|TSPO|TONSL|FGFR3|ARHGAP39|PPP1R3F|NSMF|NUDT17|RGL2|BLVRB|OAS3|GCHFR|NUDT1|YJU2|CKLF|CHPF2|RRP7A|STUB1|OR51B4|CYC1|FLII|RADIL|C1orf174|ZCCHC2|TMEM158|ACRBP|CLEC11A
GSE29164_DAY3_VS_DAY7_CD8_TCELL_TREATED_MELANOMA_DN	0.0412308625132636	0.330044176960239	-0.362504071705182	-1.2723185194474	271	171	SLC26A11|RPH3AL|CCDC12|RNASEK|NUP210|PPFIBP2|PSMB9|TMEM134|ZDHHC12|THEM6|NXF1|GIGYF1|DENND1C|ITGAX|HAS1|TMEM80|QRICH1|C19orf67|ECE1|SDR39U1|CEP41|CALR|PSAP|POU6F2|SMDT1|RPUSD1|SUPT5H|DECR2|TSEN34|MRPS21|SNX8|FAM98C|NEDD8|EVL|SYMPK|REPIN1|BID|SLC20A2|DHX8|TTC5|ENTR1|DBN1|PIP4P1|ERCC2|PPME1|ATXN2L|AP5S1|APOBEC3B|SETD5|AMBRA1|LENG8|USP11|AKR7A2|MBTPS1|ARFIP2|DNAJB12
GSE37534_UNTREATED_VS_PIOGLITAZONE_TREATED_CD4_TCELL_PPARG1_AND_FOXP3_TRASDUCED_DN	0.041311180960934	0.33042361313614	-0.358138792234465	-1.26891458051266	275	183	NAGK|STOML1|IRF7|IFI30|PSMB9|TAP1|P2RX4|IFITM1|TRPV2|GSDMD|DGLUCY|COX17|IFITM2|IFI35|IFIT2|HERC6|RIGI|APOL6|THEMIS2|SHFL|MX1|COBLL1|IFITM3|STK19|MOK|CALR|TRIM26|ID3|ISG15|LARS2|TAP2|SP110|PSMB10|STRADA|CARHSP1|SNRPD2|OAS3|IL15RA|SIGIRR|CMTR1|OGFR|PARP12|IRF9|APBA2|SRGAP2|HES1|MRPL17|COASY|CPT1A|LY6E|ABCF3|IRF1|CTNNBL1|ERAP1|RBCK1|STARD5|RNF19A|CYB5R3|CHRNB1|SPTLC2|S100A13|SLC25A28|HLA-E|COX4I1|H2BC4|CEP85|H3-3B|TRIM14|HAX1|EZR|RNF19B|HBD|RPL13|GMPR|BST2|SCO2|CRADD|NAPA|GTPBP2|CBR1|PRKD2
REACTOME_SNRNP_ASSEMBLY	0.0413506239295327	0.330475766723447	0.435009390664305	1.37008937660681	168	54	SMN2|RANBP2|SEH1L|NUP153|NUP35|NUP107|NCBP2|NUP37|NUP160|NUP133|NUP205|CLNS1A|NUP88|NCBP1|RAE1|NUP155|DDX20|NUP54|NUP50|NDC1|NUP58|SNRPD1|GEMIN2|PRMT5|SMN1|NUP98|PHAX|NUP43|GEMIN8|TPR
GSE22886_IGM_MEMORY_BCELL_VS_BM_PLASMA_CELL_DN	0.0414298534250673	0.330845559809726	-0.357137035960952	-1.26681263807139	276	187	HOMER3|BSCL2|ARSA|EXT1|TMEM115|FICD|GNB3|SLC38A10|MAPK12|TMED9|TECR|SLC3A2|COPE|SERF2|ABCB8|MAST1|MUC5B|CFD|RRBP1|LSR|HSPB1|NPAS1|TKTL1|ADAP1|PHKG1|GMPPA|NDUFA4L2|RRP12|YIF1A|YIPF3|TRIP6|MACROD1|SRM|NDUFB7|SIL1|VKORC1|NENF|PYCR1|MVD|ACADVL|FKBP2|TMBIM6|LMNA|SSR4|NEU1|CHPF2|DUSP5|YIPF2|KDELR3|COG7|ABHD8|GAS6|TIMM17B|PDXK|SURF1|PIGT|GADD45GIP1|MGAT1|DNAJC1|CNPY2|TM9SF4|PDIA4|AKR1A1|ERGIC3|FUZ|OBSCN|TKFC|NFKBIL1|BUD23|SLC39A7|CUX1|CDK5
GSE23398_WT_VS_IL2_KO_CD4_TCELL_SCURFY_MOUSE_DN	0.0415173237753883	0.331280521508226	0.321562349497059	1.22543697967505	138	192	ST8SIA4|MTMR6|CCNG2|AGO4|TBCEL|CPVL|SLC49A4|DNAJC24|TRIM23|SLC38A9|FAM107B|DHX40|RWDD2A|PAIP2|TMEM37|WDR35|ZNF644|SH3BGRL2|ZNF12|PIAS2|ATP1B3|RP2|RTRAF|HECA|RAP1A|CIR1|HERPUD1|ZDHHC20|CERT1|FXR1|ARL5B|WAC|CNOT2|ZNF292|NSA2|STK24|SNRPB2|RPS3A|FAR1|COX7A2L|KLHL6|RPL7|COMMD10|QKI|RPL4|CHMP5|EIF3M|PDIA3|ZMYM2|IVNS1ABP|RSF1|RAB1A|FAM118B|STARD7|ZFAND6|CDC73|TRAM1|HERC4|BTG1|SSBP2|DEDD2|LAPTM4A|EIF3H|SLC30A5|FUT11|USF1|CCNY|DYNC1LI2|SORD|TOP2B|UFSP2|STK38|CCDC117|POLD4|RNF146
REACTOME_NOTCH2_ACTIVATION_AND_TRANSMISSION_OF_SIGNAL_TO_THE_NUCLEUS	0.0415621640988893	0.331374903276132	-0.605770994753177	-1.48675365905969	231	20	UBA52|APH1B|UBB|JAG2|NCSTN|MIB2|MDK|PSEN1|PSENEN|UBC
GSE22935_UNSTIM_VS_24H_MBOVIS_BCG_STIM_MYD88_KO_MACROPHAGE_UP	0.0416790711521286	0.331517049306709	0.320537312810824	1.22295197790831	139	193	MEIS1|C14orf28|CD83|MPZL3|LPXN|MEX3C|SLC49A4|RNF11|TTPAL|PDCD10|SOCS6|NABP1|PDGFB|FOXN3|GNAQ|ZBTB18|MARCHF5|INTS13|B3GNT5|PIK3C2A|PAIP2|ROCK2|PUS3|ARF4|C3orf38|IFRD1|TBPL1|USP31|VWF|GNPDA2|ELL2|CDK17|MICALL1|NFE2L2|QSER1|CCSER2|PCGF5|TSG101|PIGC|ZBTB21|GABPA|AZI2|BIRC2|SLC9A5|ITPRIPL2|XPOT|RAB1A|TAX1BP1|PNPLA8|CAST|BTG3|MAP1LC3B|FAM98A|TANC2|GUCD1|DNAJC21|RAB20|BTAF1|KPNA4|DAPP1|UBE2B|AGO2|FTH1|TMEM43|SLAIN2|ASF1A|RYBP|CDC42SE1
KEGG_LONG_TERM_POTENTIATION	0.0416256157635468	0.331517049306709	0.422787433280293	1.36737284146355	168	62	CAMK2B|GNAQ|PPP1CB|PPP1CC|PPP1R12A|PPP3CB|MAPK1|GRIA2|RPS6KA2|RAP1B|RAP1A|CALM2|NRAS|PPP3R1|BRAF|PLCB1|CHP1|EP300|PPP3CA|PRKX|RPS6KA3|MAP2K1
REACTOME_B_WICH_COMPLEX_POSITIVELY_REGULATES_RRNA_EXPRESSION	0.041673529896228	0.331517049306709	-0.42877105217793	-1.35139550533655	252	74	H4C4|H2AC20|H2AC7|H2AC8|POLR2L|POLR2F|H2BC13|H2BC17|H4C11|H4C3|H3C12|H4C14|H3C13|H4C2|H2BC5|POLR2E|POLR1C|H3C2|MYBBP1A|POLR1H|H2BC12|GSK3B|H2AZ2|TAF1D|POLR1G
GSE17186_BLOOD_VS_CORD_BLOOD_CD21HIGH_TRANSITIONAL_BCELL_DN	0.0417227456258412	0.33160167901203	-0.358094936896753	-1.26980164598103	278	185	MEIS3|TP53I11|PCBP4|RCAN3|SYTL1|STX1A|NCEH1|PRKCZ|CCS|RNASEH2C|ARHGAP45|RIGI|LRRC75B|ACVR1B|FYN|CDKN2D|TIGD2|RHOF|CDH23|KLK8|FAS|FRMD6|SLC12A6|BCL9L|GUCA1B|GBP2|ADPRM|PNKP|STING1|ITGB5|MACROD1|FBXL20|TREML2|GGT7|ZSCAN25|CERS4|NOP10|GRK6|HEMK1|MADD|PYROXD1|TP53I13|LMBR1L|TEX264|SIGIRR|TNIP1|DPH2|NOCT|IL6ST|GNB1L|MRPL24|MTG2|ADGRL1|SKI|KCNH2|ULK1|ADD1|RPL35|ALDH6A1
CROMER_METASTASIS_DN	0.0418535127055306	0.33200081818088	-0.44024165322684	-1.36400430123452	251	66	TRIM29|TPBG|DDB2|SMTN|FLAD1|NOP2|PPP4C|IGSF3|BMP1|SDC4|DUSP7|NOP16|PLEC|FLNB|GSTP1|LMNA|SLC20A2|ATP5F1D|MINK1|UBE2M|CKB|TMEM183A|BAIAP2|DTX2|MRPS12|PFKP|EIF3K|TTLL12|TNFRSF10B|TOP6BL
GSE13887_RESTING_VS_ACT_CD4_TCELL_UP	0.0421784098254687	0.33200081818088	-0.421284952761721	-1.35059547415589	260	82	AQP1|CYFIP2|RAPGEF5|CFAP70|EPPK1|GTF3C1|SOD3|CEP250|CD48|SEC14L4|PANX3|FZD3|PCNX3|COLGALT2|OAZ3|STOX1|DYNC1H1|MRAS|DNTTIP1|MOCS3|UGDH|KDM4B|NEIL2|HOXB3|POLR1A|CAVIN1|PIGT
GSE16385_UNTREATED_VS_12H_IL4_TREATED_MACROPHAGE_DN	0.041994750656168	0.33200081818088	0.334274756702944	1.24490325519061	143	163	TMEM182|SLC10A7|S100A14|PLEKHH2|CLN5|MFSD14A|ITGB3BP|PDCD10|HACD2|EIF3E|RARS1|WDR75|HDAC2|BNIP3L|AKR1E2|TAF9B|CCT8|ABCD3|SDCBP|RBM7|ZNF790|OTULINL|RNF148|SCFD1|FBXL4|ETFDH|MTRR|BTBD8|PSTK|CMTR2|SELENOF|NIFK|CPED1|ZBTB25|RPL7|RIDA|ATAD1|IPP|NUP88|DCUN1D1|NT5DC1|NSMAF|ATP6V1A|RAB1A|TRIM59|KLHL7|ZNF264|DLD|TRAM1|TMEM167B|ANKRD33B|NUP50|RPAP2|PABPC1|COMMD3|INPP1|TBC1D15|ORMDL1|SLC35B1
GSE19923_E2A_KO_VS_HEB_AND_E2A_KO_DP_THYMOCYTE_UP	0.0421559771153267	0.33200081818088	0.326283335214265	1.23269253722939	139	183	TTC39B|PITPNC1|PTPN6|CD44|NMD3|ESF1|GNG12|STT3B|CLDND1|LRBA|CPD|PHLDA1|LGALS8|PNPT1|SRP19|MAPK6|SYPL1|TWF1|MAPK8|ASS1|IBTK|CCNC|FKBP10|MMP11|RSAD2|SPP1|ACSL4|ELL2|NCKAP1|SLC20A1|TMED7|UBE2V2|ERO1A|UGP2|HBEGF|NRAS|NAMPT|CASP3|CMTR2|KLRG1|TOR1B|CITED2|SUB1|HSD17B12|HMGCS1|SEPTIN11|FDFT1|BTG1|NUMB|IDI1|NCOA5|SUN1|SCMH1
GSE30971_2H_VS_4H_LPS_STIM_MACROPHAGE_WBP7_HET_DN	0.0421987784564131	0.33200081818088	0.351445467768682	1.27085537120628	151	129	FSD1L|FBN1|RPGRIP1|ZNF214|STEAP1|FGF13|PRH1|NEDD4|TEX15|MGAT2|HS2ST1|LONRF2|NFAT5|TVP23B|DCAF4L2|RBM7|SIGLEC6|LAMA2|EFNB2|ERVMER34-1|OSTCP1|GJC1|NKX3-1|LINC02026|MCC|LINC00410|SH2D4B|ELL2|PRRC1
GSE37416_CTRL_VS_24H_F_TULARENSIS_LVS_NEUTROPHIL_DN	0.0421146953405018	0.33200081818088	0.321047876356185	1.22347638194692	140	192	GPR160|TTC21A|CD69|EIF2AK3|PSMC6|CLDND1|DHX40|INTS13|ZNF277|TAF9B|MAPK6|MAPK1IP1L|PTGES3|FNTA|SCYL2|INTS6L|MTCH2|TRIB1|AP3S1|IPMK|GTF2A1|FGFR1OP2|TMEM140|ELL2|SNX3|PPIL4|PCF11|ERO1A|MORF4L2|VDAC1|NFE2L2|LAMTOR3|ARL5B|ZNF292|RBPJ|ZNF654|NDUFA5|CRY1|DBF4|CAPN7|KDM3A|DNAJB9|CDK2|HPS5|SLC36A4|ATF2|PSMA6|BRAF|RBBP8|GLUL|ZDHHC5|SERTAD3|GPI|ZMYM2|NGLY1|ETF1|HMGCS1|EMD|WBP11|TFG|TMCO3|AKIRIN2|SEC61G|BZW1|USP28|PNRC1|DEDD2|TBC1D15|MAP1LC3B|FKBP15|TANC2|RAB9A|PIK3CB|PPP1R15B|MAP2K1|CCDC93|CEP95|NUP98|ZEB2|RYBP
GSE3982_MAC_VS_NKCELL_UP	0.0419306184012066	0.33200081818088	0.324853119722198	1.22958566089464	138	185	CD83|GPR137B|FCGR2B|KCTD12|PPP2R3A|ITFG1|GNG12|CLIC2|CMTM6|FGGY|FER|USP6NL|SDCBP|RAB11A|TRIB1|ITPRID2|ERP44|IDH1|UTP11|NUSAP1|TMEM140|PMFBP1|WWTR1|COL8A2|PLXNC1|DLAT|GALNS|APOO|LDHB|CENPU|SNX13|HBEGF|ACSL1|RBPJ|CTNS|PTK2|PRDX3|BAG4|NDUFB5|ANXA5|CMAS|VDR|MKLN1|PUDP|PTEN|CEP170|CNDP2|PSMD14|HTATIP2|RAB4A|SHCBP1|PCLAF|FABP5|NUMB
GSE41867_DAY6_VS_DAY15_LCMV_CLONE13_EFFECTOR_CD8_TCELL_DN	0.0419679346117573	0.33200081818088	-0.389825589742062	-1.31451423137177	266	120	MXD3|METTL27|CFAP45|BSPRY|PAQR6|PLLP|CPT1C|L1CAM|HSPB3|GPR176|LINC02693|TWIST1|LRFN1|MYPOP|RARRES2|STYK1|CA12|WWC2-AS2|MROH6|DVL1|SLC22A23|GTPBP3|SCYL3|PYCR1|NRARP|WNK4|MEF2D
GSE5589_LPS_VS_LPS_AND_IL10_STIM_MACROPHAGE_45MIN_DN	0.0422029332535169	0.33200081818088	-0.357340518235858	-1.26696198183767	281	186	GZMM|EXOC3L4|PLXNB2|REN|RNF5|GNB3|LPCAT3|TECPR2|SYNE3|SLC3A2|GGA1|DYRK2|APOC1|ECI1|SREBF1|KLF7|ANO3|EXTL1|SLC27A1|BRD4|EXOSC5|TXNRD2|MERTK|SLC26A6|LPIN2|ABHD12|GPSM3|HPCAL1|TMEM42|TOMM7|ARHGAP39|RANBP3|UBALD1|ACAA1|MADD|MAPKAPK2|ITGAV|SUSD3|SNX11|TEX264|HDAC5|KLF13|BOK|FSD1|EPOR|TPRA1|ECH1|CPT1A|GNA12|PARL|STARD5|TAF1C|MYLIP|GPCPD1|MMD|DYNLT1|ALKBH3
LEE_INTRATHYMIC_T_PROGENITOR	0.0419626998223801	0.33200081818088	0.626689300381545	1.50101875002898	188	16	TNFSF4|RIMS3|RRAS2|NDN|CEP70|CDK6
PID_ERBB1_INTERNALIZATION_PATHWAY	0.0420903286829038	0.33200081818088	0.475474393558866	1.41233940524441	177	39	EGF|SRC|PIK3CA|ITSN1|SPRY2|EPS15|USP8|RAB5A|NRAS|PTK2|TSG101|UBE2D3|UBE2D1|SYNJ1|STAMBP|SOS1|PIK3CB|UBE2D2|CHMP3|SHC1
REACTOME_CELLULAR_HEXOSE_TRANSPORT	0.042118582791034	0.33200081818088	-0.63297062938222	-1.49278844797252	232	17	SLC2A4|SLC2A9|SLC2A12|SLC2A8|SLC2A3|SLC2A11
WP_5Q35_COPY_NUMBER_VARIATION	0.0418671799807507	0.33200081818088	-0.408173277145389	-1.33355341976244	260	95	MXD3|TPM2|IGF1R|COX8A|COX6A1|FAM193B|TMED9|DDX41|COX5B|COX6B1|PDLIM7|LMAN2|HIGD2A|RGS14|HIC2|B4GALT7|BABAM1|GRK6|NOP16|ABL1|HIP1R|INPP5D|PRELID1|DBN1|NELFB|PRR7|HIP1|F12|JUN|KDM6B|PNPLA2|RAB24
GSE11367_CTRL_VS_IL17_TREATED_SMOOTH_MUSCLE_CELL_UP	0.042262472195742	0.332208845654548	-0.405903709038979	-1.33202086195172	265	98	FARP1|COL14A1|GTF2I|PTPRU|FOXD3|ADAMTS14|TMEM116|PNMT|MATN4|MARVELD3|AFAP1L1|PKD2L2|COL6A1|TGM1|PNMA3|HCFC1|RALBP1|HYAL3|UBALD1|UCP2|SPATA2L|CACNB3|WRAP73|KDM4B|SPATA2|MGAT3|PDIA5
FLORIO_HUMAN_NEOCORTEX	0.0425631431244153	0.333047904252875	0.512858604748662	1.43468591088882	181	30	LINC02860|CCDC168|PARP15|ERAP2|ERVW-1|LINC01553|LINC02864
GAUSSMANN_MLL_AF4_FUSION_TARGETS_A_DN	0.0425636007827789	0.333047904252875	-0.426947029265101	-1.35098204916314	260	75	SLC22A18|APLP1|AHRR|B4GALNT4|RASGRP3|WSCD2|IQCG|EPPK1|LAMA5|SH3BGR|ITIH5|SOD3|LMF1|ESR1|CXADR|ANKS3|ITGB5|SLC2A3
GSE11864_UNTREATED_VS_CSF1_IFNG_PAM3CYS_IN_MAC_DN	0.0425082906240579	0.333047904252875	0.326291808468808	1.23043895324246	140	181	NXT2|GPR137B|GPR85|BLZF1|EXOC5|ZNF227|RMI1|PSMC6|ZNF75A|CLDND1|LITATS1|ENTPD7|MLF1|PPM1B|FNDC3B|ABCE1|PSMA1|IPO7|RDX|ZFYVE16|SLC30A6|HARBI1|ISOC1|CPEB1-AS1|LRRTM1|PLA2G4A|RAB40AL|SDS|LHX5|TXNDC9|EDC4|TDP2|RAP2C|SMG8|GDAP1|FAR1|ATF2|SUGT1|RNF14|PSMC2|DAD1|YIPF4|SRPRB|SEC61G|GHITM|HSPA9|PNP|LYSMD2|MTMR9|SLC35F5|GORASP2|POLR3C|ZNF407|DAB2|MMAB|IMMT|SRP54|STAG2|SRP68|NR2F2|TRRAP|PGBD2|CALU|PIP5K1A|ZNF746
GSE22601_IMMATURE_CD4_SINGLE_POSITIVE_VS_DOUBLE_POSITIVE_THYMOCYTE_UP	0.0424898087174663	0.333047904252875	-0.383110911479564	-1.30429742152426	270	132	EMILIN1|FARP1|ELOVL3|STKLD1|ARHGAP33|ASIC3|C22orf46P|ADM2|APOC1|SHLD1|ACTMAP|ADAMTSL4|APLNR|ABHD17A|CILP|RPP38-DT|APOD|DENND2C|DNAJC22|NYAP1|MFSD12|DIPK1C|FDXR|EPHX3|BATF2|BAHCC1|ADGRB3|CREB3L1|DHRS7B|AHSP|DDX31
GSE9960_HEALTHY_VS_SEPSIS_PBMC_DN	0.0425106990014265	0.333047904252875	0.341631169557267	1.25686923979666	148	149	FILNC1|ZNF501|SLC10A7|ZNF731P|MGARP|TBCEL|CDH18|SEC24B|TRPM7|P2RY1|ZSCAN30|RNF138|INTS13|FER|LGALS8|RBP5|WASHC4|RMND5A|ZNF92|MYOM2|KCNS3|RECK|RSAD2|ECI2-DT|KCNE2|OTUB2|LARP7|HLA-C|RBM43|TENT5A|IFT74|UBQLN2|B3GNT2|ZNF577|AHI1-DT|WSB1|ACBD5
OISHI_CHOLANGIOMA_STEM_CELL_LIKE_UP	0.0425682866264633	0.333047904252875	0.294204486932063	1.18497378076203	119	330	ZNF225|ZNF350|GPR137B|ZNF20|PPP2R3A|IMPG2|CAMSAP2|SLC25A44|SFT2D2|TMEM209|ZBTB33|EVC|LAMP2|GCC1|ABCC4|IMPACT|ZBTB18|GGPS1|PPM1B|ZNF550|LANCL1|CBLL1|SMAD2|SEH1L|ZNF146|TFB2M|NUP153|CRYZ|PUS3|AAK1|ARMCX5|DDX10|NRSN2|WDR26|PIAS2|ODR4|PREPL|TRMT1L|RBM7|SNRPN|NUP133|HKDC1|SPP1|DGCR5|DLAT|SRP9|MED17|RRP15|SDHD|TBC1D19|PCCA|TIMM23|TRIM52|SUPV3L1|ARL17A|ZNF623|TOPORS|AHCTF1|ZNF451|AASDHPPT|ZNF507|RAB28|MED7|BMPR1A|ZNF669|PIGC|DEPDC5|NNT|MED31|FH|PRR3|ZNF304|ZSCAN9|MRPS30|FBXO28|HEATR1|RCOR3|SPTSSA|TRIM32|RO60|RAB3GAP2|RNF14|KLHL12|CAV2|TUT4|TOR1AIP1|ATP13A3|ZKSCAN5|C6orf62|FBXW11|SLC30A9|MRS2|CUL5|TIMM17A|ZNF124|RAB4A|ZNF264|ALDH1B1|ECD|ZNF473|PMS2|UTP25|SCNM1|EIF2D|INTS7
GSE19888_CTRL_VS_TCELL_MEMBRANES_ACT_MAST_CELL_PRETREAT_A3R_INH_UP	0.0426811801775995	0.33367109550058	0.33736783720915	1.25189756291547	148	157	TSLP|ZBTB26|TLE6|RGS5|SERINC5|PGAP1|RBM44|PLAAT1|ABITRAM|KLHL13|INSIG2|CCNG1|EMSY|STRADB|SLC39A10|CEP20|MLF1|BNIP3L|BMX|AKAP12|CRYBG3|MRPL42|LYPLA1|IPO7|WDR26|FBXO3|STYX|DCAF6|SAR1B|COL4A5|FBP2|BRINP3|TARS3|ATP5F1C|AGL|HERPUD1|HBS1L|BMPR1A|TLCD4|COX7A2L|NDUFB5|TIA1|ZNF266|TTC3
GSE22025_PROGESTERONE_VS_TGFB1_AND_PROGESTERONE_TREATED_CD4_TCELL_DN	0.042777615001465	0.333868272037119	0.332782429002249	1.24017297608872	145	165	CCT6B|PTGDR2|PEX12|KCTD12|CREBL2|CCNE2|TRAPPC8|RWDD2A|USP2|GGPS1|DLC1|GCNT2|RANBP2|KCNJ6|ABCD3|SMAD2|YWHAQ|RHOBTB1|MKRN1|CBFB|NCALD|NXPH4|GFI1|GPR183|RSAD2|CFI|F5|PLA2G4C|IL24|PPY|RAB5A|STAU2|IL10RA|NAMPT|ARHGEF12|CASP3|EIF2S1|TCP11L1|CLTC|CDK2|CD47|PPP1R16B|ANXA1|GTPBP10|GPD1L|MPHOSPH6|YWHAH|HSP90AA1|REST|SLC39A8|PCLAF|LTA4H|DYNC1LI2|LMAN1|IMPA1|SERPINB1|MPDZ|PLAU|KIAA0040|EIF1|CSE1L|MELK
GSE26727_WT_VS_KLF2_KO_LPS_STIM_MACROPHAGE_DN	0.0428061831153389	0.333868272037119	0.320013617020207	1.22262212338843	143	194	PRNP|BLZF1|CCL4|GNAI3|PGGT1B|PEX3|PAQR3|NFYA|RANBP2|IPO7|SPRY2|SACS|TSC22D2|NAB1|SNAPC1|NCBP2|SP3|RRAS2|IFRD1|ATP1B3|NUP160|RP2|FEM1B|RANBP9|GFI1|SERPINE2|TXNDC9|VAPA|VDAC1|ACSL1|MBNL1|REL|UBA2|TRA2B|CHSY1|EIF2S1|FH|HPS5|TOR1B|CAND1|MINPP1|RNF14|TMEM243|UBE2D1|SUB1|MKLN1|PPP2CA|NUP88|IVNS1ABP|ADO|GNL2|SUCLA2|SEC62|NSMAF|PSMD14
PID_TCPTP_PATHWAY	0.0427491733585262	0.333868272037119	0.480745388337038	1.41073336404483	180	37	EGF|SRC|PDGFB|PTPN2|PIK3CA|KPNA2|JAK3|ATR|PIAS1|RAB4A|EIF2AK2|KPNB1|LMAN1|STAT1|SOS1|GAB1|PIK3CB
HELLER_HDAC_TARGETS_SILENCED_BY_METHYLATION_UP	0.0429603854389722	0.334810829997207	-0.315388583542166	-1.20310798464264	320	418	MSH5|OGDHL|H2AC13|SPIB|C3|H2AC8|IL15|H2AC11|ITGBL1|AKAP13|POLR2L|APLP1|CRIP2|COL14A1|TIMP3|MT2A|RPS20|L1CAM|SLC9A1|LPCAT3|GRN|RTN2|APOE|IZUMO4|APLP2|SH3BGR|RCN3|ITGA7|MICALL2|POR|TULP3|CCK|CRISPLD2|RRBP1|IER3|H3C12|SMPD3|H4C14|SLC6A8|ERO1B|VCX|FOS|MFSD12|KATNB1|PGF|TIMP1|JAG2|CAMTA1|MET|TTLL1|FHL1|FDXR|NCAN|TKTL1|DZANK1|LGSN|H4C2|GAL|G6PD|BCL6|SLC16A3|PSAP|BIN1|CSRP2|PAEP|TRIP6|MYO9B|ACSBG1|HPGD|FGFR3|SFXN3|AGRN|ATP13A2|RHOB|PPARD|SDC4|H3C2|RBFOX2|MAPK8IP1|NR4A1|PLEC|DDAH2|GNS|DNAH3|H2AC25|AAMDC|ID1|CEL|LIFR|FLNB|ZBTB43|HSD17B1|RHCE|TUBB2B|ID2|TUBG1|ZER1|TROAP|HSPA1A|NEU1|DBN1|TUBB3|HES1|NRGN|PRSS2|MAGEC1|CDKN1C|MAGEA3|CCNF|NAT1|ACADSB|BAIAP2
GSE19772_CTRL_VS_HCMV_INF_MONOCYTES_UP	0.0430204572803851	0.335018890752913	0.326133376470691	1.23113532392616	142	182	TTC39B|AKTIP|TSPAN32|PRKCH|IFIH1|NUS1|KCTD12|CCL5|BLZF1|MEMO1|HLA-B|HSDL2|PTER|VPS26A|BATF3|AMZ2|CPD|AKAP12|NDFIP2|INVS|POLA1|HSPA4|RBL2|MFSD4A|HSD17B11|GFI1|FCER1G|XCL1|LAT2|KIT|EGR2|SLC35D1|LITAF|HLA-C|UGP2|TMEM38B|PHTF2|ARPC3|RBPJ|NAMPT|ANKRD46|TARS1|NNT|DECR1|CYP4V2|SEPHS1|PSMD10|ANXA1|CA2|APC|AP3B1|MTF2|CD93|PLSCR1|NSMAF|ASAH1|RYK|GABARAPL1|GYG1
GSE17721_0.5H_VS_4H_PAM3CSK4_BMDC_DN	0.0431372549019608	0.335467618225627	0.324536278880038	1.22838640211382	142	185	RGS5|NEDD1|STEAP1|CD70|RFFL|CAPZA1|NCOA2|ACOX3|USP38|LTN1|VPS26A|EIF3E|MGAT2|RNF13|TMEM143|RHOT1|PPP6C|CD80|ITSN1|FMNL3|ZFYVE16|WASHC4|NAA15|STYX|MFSD1|BCL9|TANC1|LHX9|RAD23B|VAPA|MAP4K3|BCDIN3D|EIF1B|UBE2W|EMC2|ENDOD1|FAR1|MOB1B|WSB1|FBXO33|RIOX2|ATF2|GBE1|SUGT1|BRAF|PHF3|SERINC1|NCK1|RBM25|PLSCR1|NDE1|ZWINT|SRSF1|BRWD1|BTF3L4|CHORDC1|PSMD14|SGMS1|PLAAT3|RB1CC1
GSE28737_BCL6_HET_VS_BCL6_KO_FOLLICULAR_BCELL_DN	0.0431449188214071	0.335467618225627	-0.35987503382947	-1.26876423019185	286	176	FES|SMAD7|ELOVL3|ADSS1|TCN2|ZFTRAF1|APLP1|BSCL2|TIMP3|ANKH|COL1A1|DDX41|MRPL41|SERPINH1|CHCHD10|SLC7A7|COL6A3|NME3|LMF1|TBXAS1|CSRP2|TSPO|ZFYVE19|ITGB5|STXBP2|IL17RA|NECAP2|DHRS3|PITX1|SPHK1|TPGS1|VKORC1|ZBTB7B|INO80C|CD2BP2|TMED4|CACNB3|CYBC1|CD276|BTD|COL1A2|NOCT|SOCS3|KDELR3|ZBTB48|DCPS|DICER1|MR1|CTSH|ESYT1|POLDIP2|MSRB1
FINETTI_BREAST_CANCER_KINOME_RED	0.0432948490230906	0.33637282855556	0.62477190326424	1.49642628447615	194	16	TTK|CDC7|PLK4|PBK|CDK1|BUB1|VRK1|MASTL|NEK2|SRPK1|BUB1B|MELK
JAZAG_TGFB1_SIGNALING_DN	0.0433945756780402	0.336886891458753	-0.528461213614733	-1.43314923450991	247	32	H2AC13|C5|MYL11|CLCN7|LSR|P2RX6|OAZ3|RNH1|NAA80|STOML2|ARID3B
REACTOME_BASE_EXCISION_REPAIR_AP_SITE_FORMATION	0.0434561195043286	0.337103962584583	-0.469814538294266	-1.39255403719575	255	51	H4C4|H2AC20|NEIL1|H2AC7|H2AC8|MUTYH|H2BC13|H2BC17|H4C11|H4C3|MPG|H4C14|H4C2|H2BC5|NTHL1|H2BC12|H2AZ2|ACD|NEIL2
GSE21546_WT_VS_ELK1_KO_DP_THYMOCYTES_UP	0.0437060320311331	0.338321615546091	-0.357182940617948	-1.26552792126406	291	183	GAA|AMH|TCEA2|DIPK1A|IRF7|CTBP2|SYCE2|RAB38|ANKH|TRPV2|FAM120C|SYNGR2|MESP1|LMAN2|FOS|ZNF839|MED22|P3H1|ST8SIA5|LMF1|G6PD|TMUB1|STK19|BAHCC1|SLC10A3|UNC13D|MACROD1|RPS10|SIX5|VKORC1|CDK10|RPS23|ARHGAP6|RPL10|SLC39A11|AAMDC|CTTN|MMP17|RNF149|ZNF205|ATP6V0A1|NFE2|COL1A2|C19orf48P|NIBAN2|FLOT1|SSR4|FRRS1|CLN6|IRF9|TMC8|MAFG|TPRA1|MANBA
GSE5679_CTRL_VS_PPARG_LIGAND_ROSIGLITAZONE_TREATED_DC_UP	0.0436878577884905	0.338321615546091	0.319291698950187	1.22024596349552	144	196	RAD54B|SGO2|DDIAS|CDC7|CCL4|DEPDC1B|MNS1|CNIH1|UCHL3|RFC4|PRIM1|MTHFD2|CCNA2|KNL1|ARHGAP11A|DNA2|GAS2L3|HPRT1|OLA1|ECT2|KPNA2|TCP1|HK2|NUSAP1|TAPBPL|GALNS|APOO|EXOSC9|TIMM23|PPA1|TYMS|TUBE1|NUBPL|RFC5|SNRPB2|BUB1|NIFK|SEPHS1|LRP11|STMN1|STARD4|DSCC1|GTF3A|IPO5|LSM3|MRPL3|STIL|CNDP2|LRRC40|SEPTIN11|GNL3|GARS1|SHCBP1|IQGAP3|FARSB|PCLAF|PAICS|PUS7L|DKC1|CCNB2|TBC1D7|PSAT1|HROB|DLGAP5|KIF23|NCAPH|NCAPD2|ASPM|RPA3|POLR2M|BRCA1|TM2D2|NSL1|FANCM
KIM_MYC_AMPLIFICATION_TARGETS_UP	0.0437141995779319	0.338321615546091	0.325853089711993	1.22878455483621	144	181	IGSF11|ABCC3|CHN1|TMEM64|SLC39A10|NAA30|RSL24D1|FASTKD1|LEO1|LYPLA1|SACS|MXI1|LRPPRC|HPRT1|LRRC28|ETFA|MRPL50|SLC19A2|AP5M1|PRRG1|NUDT11|MCC|EPB41L4B|PSMG1|RPS27L|MRPS23|MCTS1|LDHB|AGL|PGM2|ATP5F1B|TMEM38B|TIPIN|DDX18|SSB|PRMT6|ACLY|HSPD1|PRDX6|NIP7|VRK1|NIFK|RIOX2|EIF3J|COX7B|MYC|CEP152|IDH3A|LYRM1|MAK16|SUCLG1|GPI|PARK7|SLC25A5|MRPS33|HSD17B12|ADARB1|SSBP1|DDX21|MAGI1|FARSB|MYCBP2|RPL5|PCLAF|PAICS|DKC1|DHX33|PNP|PPAT|TRMT10C|NDUFAF2|BLMH|EEF1E1|DRG1
KEGG_MEDICUS_REFERENCE_MITOCHONDRIAL_COMPLEX_UCP1_IN_THERMOGENESIS	0.043821356615178	0.338735269372152	-0.452856822507157	-1.37812206139831	260	60	COX8A|NDUFB8|COX14|NDUFA13|NDUFA2|COX6B1|NDUFA11|NDUFS7|NDUFS8|NDUFAF8|NDUFAF3|NDUFA6|NDUFB7|UQCRQ|NDUFA1|COX16|NDUFC2|SDHA|NDUFB11|ATP5F1D
REACTOME_NUCLEOTIDE_CATABOLISM	0.0438351379671673	0.338735269372152	-0.534957157064501	-1.43403470826525	250	30	ENTPD3|TYMP|NUDT18|ITPA|DNPH1|NUDT16|ENTPD1|ADPRM|ENTPD6|NT5C|NUDT1|ENTPD4
LIN_MELANOMA_COPY_NUMBER_DN	0.0439300897496457	0.339207877620726	0.479015012343071	1.40565562600251	185	37	MTMR6|CRYL1|CLN5|PRKN|KPNA3|RPL21|RNF6|ESD|EIF3J|ATAD1|PDIA3|PTEN|SUCLA2|MYCBP2|BAG5|ATP5MJ|ALG5
WONG_ENDMETRIUM_CANCER_UP	0.044011544011544	0.33957561782312	-0.623654788295091	-1.49079285265207	243	18	ESPN|S100A2|KIF1A|EPPK1|ZIC1
GSE19401_UNSTIM_VS_PAM2CSK4_STIM_FOLLICULAR_DC_DN	0.0440779610194903	0.339826860763167	0.321491634265187	1.2215395957353	146	189	TCEAL1|ST8SIA4|MX2|KIN|ATG4A|BLZF1|ST3GAL5|CD164|LAMP2|XRCC4|RARS1|MEF2A|PGGT1B|KLF10|CGGBP1|MAPK6|NUP153|PROCR|BLTP1|CAPN2|TOB1|BCAS2|AGPS|CDC27|DOCK10|FPR3|IFIT1|SPP1|ELL2|DLAT|USP8|SLC30A1|TMED5|DCTN6|FXR1|TDP2|SUPV3L1|VRK2|CREG1|SSB|PIGH|MED7|DECR1|NDUFB5|TOR1B|RB1|CD47|ANXA1|CHMP2B|PDIA3|SPG11|PLSCR1|NSMAF|SGMS1|TIMM17A|PSMD11|HTATIP2|GRSF1|MTX2|OTUD4|R3HCC1L|NT5C2|VIM|FKBP15|MPP1|PSMA3|NFX1|ARHGAP25|HCCS|RPS6KB1|TDRD7|GATAD1|ELF1|MAP3K4|MRPL19|SETX|NUCB2|FANCL|STX3|ARPC1A|TARBP1|PFDN1
REACTOME_NS1_MEDIATED_EFFECTS_ON_HOST_PATHWAYS	0.0441281138790036	0.339952422960428	0.47052293979574	1.40402703345097	185	40	KPNA3|RANBP2|SEH1L|NUP153|NUP35|NUP107|NUP37|KPNA2|NUP160|NUP133|NUP205|NUP88|RAE1|NUP155|NUP54|NUP50|KPNA1|NDC1|EIF2AK2|KPNB1|NUP58|KPNA4|NUP98|KPNA5|NUP43|TPR
GSE7460_WT_VS_FOXP3_HET_ACT_TCONV_UP	0.0441749026654687	0.340051896438631	-0.357055199085182	-1.26432396298059	294	182	FOXD2|NEIL1|CCR7|SLC30A4|SYTL1|CYP19A1|REN|SNN|SLC39A3|P2RX4|ACAP1|CLN3|DGLUCY|STK11IP|PLOD1|ETHE1|AEBP1|SLC2A9|CACNA2D2|FOS|C12orf57|CAMTA1|EMP3|ECE1|ESR1|PXMP4|GPR146|PLEKHG2|RAMP1|TSPO|SLC12A7|SPOPL|ICAM2|HPCAL1|CD151|ZBTB20|DUSP7|EPHX1|PLEC|SFSWAP|VPS39|PDLIM4|BTD|E4F1|NUDT14|ZER1|ADGRL1|TMC8|GRAMD4|TPRA1|ABHD8|S100A6|ALDH6A1|FHIP2A|NECTIN2|AP5S1
GEORGES_CELL_CYCLE_MIR192_TARGETS	0.0442412259021256	0.340289826179726	0.422985016692158	1.3575228316043	178	60	CDC7|DTL|NBN|KIF20B|NFYA|MAD2L1|MTSS1|BCL2|TENT4B|NEK1|RB1|RACGAP1|KIF14|RAD21|CUL5|EXTL2|CDC73|SERTAD2|DLG5|CRK|PLAU|TOP1|KIF23|NCAPH|POLQ|BRCA1|CDC14A|PIM1|TUBGCP3
GSE17721_CTRL_VS_LPS_2H_BMDC_DN	0.0443075117370892	0.340289826179726	0.332696635926854	1.24328057057854	150	168	CCDC120|SNX16|PRKCH|CD40|CCNG2|IFIH1|GNA13|MMP14|BMPR2|RNF2|ARID5B|MEF2A|FER|MARCHF7|CRYBG3|CALB1|CRLF3|MXI1|PIAS2|RRAS2|DMTF1|PLPP3|TTC39C|ELL2|APPBP2|GALNS|WASHC3|SAMSN1|ACSL1|DHX15|NEK1|CHD1|ZNG1B|KBTBD2|PLSCR1|ADORA2B|UGT8|HELZ2|TMCO3|MAP2K4|FZD5|SGTB|ATF3|BTG3|INPP1|NUDT9|RNF208|EMID1|ARG2|NR3C1
QI_PBMC_ZOSTAVAX_AGE_50_75YO_CORRELATED_WITH_EXPANSION_OF_VZV_SPECIFIC_T_CELLS_TO_PEAK_AT_1DY_NEGATIVE	0.0442839195979899	0.340289826179726	-0.385195419173365	-1.30346508319627	281	124	RINL|TMEM238|TYMP|NDUFB2|NDUFA13|H4C3|DYRK2|MRPL14|MRPL41|SERF2|DTYMK|NSUN5|ELMOD3|C12orf57|FBXL15|SNHG5|SF3B5|TXNDC17|UQCRQ|NDUFA1|ATP5PF|TOMM7|HDAC7|RPL27|GNL3L|RPS27|MCOLN1|SIVA1|NUDT1|TMC6|UQCRHL|COMMD6|EEF1D|SH2D2A|TMA7|RAD23A|RPS5|PSMC3|DPM2|CD52|UBE2Z|DRAP1|AP2S1|RAB27A|CDK11A|PASK|RPS17|C7orf50|RRAS|COX6C|MRPL54|SF1
GSE7768_OVA_WITH_LPS_VS_OVA_WITH_MPL_IMMUNIZED_MOUSE_WHOLE_SPLEEN_6H_DN	0.0445658424381829	0.341493170522271	0.33555263112609	1.24556238103038	154	158	AIM2|MIER3|ZC2HC1A|CD44|CLDN23|ATXN7|KRT27|SLC49A4|IGSF9|KAT2B|CLN5|USP25|PDCD10|RNF2|TRMT61B|MARCHF5|PTPN2|PI4K2B|PNPT1|ISOC1|SCARF1|ZCWPW2|C2|ABR|SLAMF7|ICOSLG|TXNDC9|FOXP1|PPA1|RAP2C|XKR8|PPFIBP1|PCGF5|SVBP|ANXA1|RNF14|TPST1|KBTBD2|PTAFR|PLSCR1
IKEDA_MIR133_TARGETS_UP	0.0445662535748332	0.341493170522271	0.467554415630426	1.40208888446771	186	41	SGPP1|ACTR3|GNAI3|HIF1A|HS2ST1|YWHAQ|PPP1R12A|NFAT5|RBMX|APPBP2|RAP2C|RBPJ|RAPH1|EIF4G3|DDX3X|ANKRD12|SACM1L|PPP2CA|RABGAP1
RIGGI_EWING_SARCOMA_PROGENITOR_UP	0.0445418035779482	0.341493170522271	0.289967975438948	1.17442000118081	121	358	MEIS1|SAMD5|DLG2|KBTBD8|RGS5|GPR137B|TM6SF1|COL21A1|TBX3|CD36|H2BC6|RGS2|POC1B|STEAP1|ADAMTS3|FZD8|LRATD1|CSPG5|KLHL13|CDS1|HVCN1|KALRN|FAM107B|L3MBTL3|KDSR|LGALS8|ALG6|TMEM37|TSPAN13|TCF12|ZDHHC21|CYP2R1|RELN|UHMK1|H2BC7|P2RX7|PALM2AKAP2|MYOM2|S1PR3|ZBTB16|FRZB|NUDT11|PLA2G4C|SPP1|GRIA2|CD274|JAK3|ITGB2-AS1|IGFBP5|HSPB8|KIT|TMEM178B|FCGRT|HBEGF|GRK5|ITM2A|SCIN|RAPH1|PVR|CADPS2|FZD4|PCGF5|MAPRE2|ZNF91|GIMAP2
POMEROY_MEDULLOBLASTOMA_PROGNOSIS_DN	0.0446045633899468	0.34152601625346	-0.489169965870412	-1.40542759402656	259	43	COX8A|SLC29A1|GABRG2|UCHL1|CAD|RPS18|RPS10|FGFR3|TRAP1|SNRPD2|MYBL2|RPSA|ERP29|RPL35A|HMGA1|RPS14|BYSL|DAG1|RPL27A|RPS8|CBX5
REACTOME_SUMOYLATION_OF_SUMOYLATION_PROTEINS	0.044846208030054	0.343114509303111	0.487176478420846	1.41110973374038	190	35	RANBP2|SEH1L|NUP153|NUP35|NUP107|SUMO1|NUP37|NUP160|NUP133|NUP205|TOPORS|NUP88|RAE1|NUP155|NUP54|NUP50|NDC1|NUP58|SUMO2
NIKOLSKY_BREAST_CANCER_1Q21_AMPLICON	0.044924255615532	0.343449868902292	-0.515523311149398	-1.42536968564084	257	35	DPM3|CELF3|PBXIP1|TRIM46|FLAD1|EFNA1|MUC1|KRTCAP2|OAZ3|RUSC1-AS1|ADAM15|ZBTB7B|HCN3|RUSC1
BERENJENO_TRANSFORMED_BY_RHOA_REVERSIBLY_DN	0.0449796352045334	0.343611551128696	-0.571119700187399	-1.45658453621157	253	24	TAGLN|PBX3|LATS2|SERPINE1|FHL1
GSE36527_CD62L_HIGH_VS_CD62L_LOW_TREG_CD69_NEG_KLRG1_NEG_DN	0.045027289266222	0.343714014946263	-0.361329692929812	-1.26665893141509	296	169	TMCO4|PLAT|SPAG1|PURG|RGS20|DGAT2|MAGEH1|RTKN|CNNM4|PRKCZ|SNHG11|ECI1|GIPC3|ING4|RPP25L|UNC13A|TTYH2|IER5L|SRR|NPAS1|PLOD3|BRD4|ACTN2|RBM38|CYP2F1|CRAMP1|GUCA1B|MMP15|ID3|ATOX1|QTRT1|RFC2|GRHPR|HYAL3|SDC4|NOP16|MRPL57|G0S2|AAMDC|LBX2|CTTN|NRARP|GTF3C5|KLHL21|CBX2
GRAESSMANN_APOPTOSIS_BY_SERUM_DEPRIVATION_DN	0.0452951490356517	0.344542512503678	-0.346376717192933	-1.25042741205843	309	218	CROCC|RAB27B|REM2|DGAT2|KCNJ14|KIF1A|MT2A|MAPK8IP3|CARD19|ZBTB46|FLT3LG|METRN|CBX8|FOXH1|TPD52|MAP1LC3A|PDLIM7|PPFIA4|APOBR|DOC2GP|PCOLCE|HPS1|SERPINE1|MCAM|JAG2|PIGQ|CA12|NDRG4|PIGU|EMC4|TMCC2|GPR146|ARMC5|TACC3|BIN3|NAA80|MED24|ENO3|TRAP1|ATP13A2|POLR3K|NOS3|FAM118A|TNFRSF1B|NISCH|ERAL1|SLC66A2|P4HA2|IL15RA|ID2|DUSP9|HES6|SH3KBP1|BORCS7|CAPG|TXNDC11|PDIA5|RAB2A|KCNH2|S100A16|GATA2|JMY|ABCD4|MICAL1|KDELR3|PDXK|VEGFA|ABCA2|JUN|MAN2B2
GSE1460_CORD_VS_ADULT_BLOOD_NAIVE_CD4_TCELL_DN	0.0452515629651682	0.344542512503678	0.318691644299229	1.21591016447003	151	193	C3orf18|ZNF227|YIPF1|ST3GAL5|DNTTIP2|GGPS1|ZNF337|SYPL1|CBX7|METAP2|CRNKL1|ZNF12|PPIP5K1|APOL2|RBM7|PSMD6|MRPS22|APOL3|SGCB|ERCC8|SCFD1|PSMG1|GALNS|CNBP|SRP9|LITAF|CDC14B|AGL|ASNSD1|SLC25A3|UGP2|PIK3C3|DDX5|UBQLN2|LCP1|EEF1A1|TSN|TMEM230|BFAR|ACAT1|NDUFB5|RFC1|TOR1B|GABPA|RO60|PSMC2|SERINC1|ITM2B|MAPK14|HNRNPA1|GPD1L|VAMP3|DAD1|PSIP1|MTIF2|UBE4B|SRPRB|NPEPL1|ADH5|ATP6V1B2|PSMC5|DRG1|SUMO3|EIF3H|INPP1|GOT1|NUDT9|MAP1LC3B|GORASP1|PPP4R3A|GORASP2|SLC36A1|KIFBP|ARHGAP25|FASTKD5|EEF1B2|HSPA8|TM7SF3|ACTR3B
GSE46242_TH1_VS_ANERGIC_TH1_CD4_TCELL_UP	0.0452488687782805	0.344542512503678	-0.359167509593758	-1.2644929830964	299	175	WFS1|PLAT|ENG|NUP210|PTPRU|NSUN5P2|HCST|NDUFA2|HDAC8|SERF2|ST7-OT4|CXCL16|FLT1|NYAP2|SLC2A9|PPFIA4|ENTPD1|CCDC9B|TMUB1|MAFK|AMPD2|TBXAS1|DACH1|TRMT112|HPCAL1|SIL1|PHC1|GYPB|UXT|POLR1H|NEDD8|ZMYND11|GNL3L|TGIF2|NRIP3|STX18|DPH2|C1orf122|NEK6|DHX8|SLIRP|POMP|ADGRL1|INO80D|PCK2|TEDC2|YIPF2
GSE7460_TCONV_VS_TREG_THYMUS_DN	0.0453074433656958	0.344542512503678	0.329977812160983	1.23817233437197	153	172	ELK3|VAV2|PCYOX1L|CD83|PRNP|MYO3B|CD40|FCGR2B|CCL5|LGALS3|IL10RB|HLA-B|ARL5A|PTER|PECR|IL18R1|MRPS24|PEAK1|TSPAN13|SH3BGRL2|PRKRA|TMEM140|BCL2L15|SLC22A2|TMEM176B|NCKAP1|SNX3|KCNK1|TENT5A|SOCS2|MED7|KLRG1|MAPRE2|S100A10|CYP4V2|STARD4|SUB1|PLSCR1|CNDP2|AK3|OSBPL3|HSP90AA1|PLAAT3|GABARAPL1|REEP3|BHLHE40|PTPN9|S100A4|PNP
WP_DOPAMINERGIC_NEUROGENESIS	0.0452295229522952	0.344542512503678	0.559486444405001	1.45843302055838	200	22	SLC18A2|GLI1|FOXA2|NR4A2|PITX3
DEN_INTERACT_WITH_LCA5	0.0453603499884872	0.344683719291775	0.532064011261359	1.43783465674592	196	26	NPM1|YWHAQ|YWHAG|RANBP9|YWHAZ|YWHAH|HSPA9|HSPA5|NAP1L1|HSPA8|YWHAB|CSNK2A1|LCA5|USP9X|SET|CSNK2B|CSNK2A2|C1QBP
POS_HISTAMINE_RESPONSE_NETWORK	0.0454145396937159	0.344834454951226	-0.547528702174189	-1.44605330876711	257	28	EMILIN1|IL15|CAMK2N2|ACP3|IGF2R|ASNS|SLC7A1|CEBPB|NDST1|NNMT|TAX1BP3|UPP1|JUN
GSE13411_IGM_MEMORY_BCELL_VS_PLASMA_CELL_DN	0.0454615266472124	0.344930313291548	-0.366391719030776	-1.27322309663907	295	157	H4C4|SEL1L|ITGBL1|H2BC17|EPPK1|SLC3A2|LYPLA2|UCHL1|CDH15|RRBP1|RND1|IER3|H3C12|APOL6|CCNL2|TIMP1|OAZ3|TIMM44|MMP15|DUSP7|VKORC1|SMCO4|RAD54L|RAB30|PYCR1|CTTN|BTD|ASRGL1|FKBP2|TROAP|TK1|BMS1P20|NEU1|GUSBP11|INTS5|YIPF2|NRGN|ELL|PINK1|BCKDK|DOLK|DNAJC1|CD320|LANCL2|EHHADH|P4HB|KIF22|EFCAB2|CLPTM1|DHDDS|CEP85|NT5DC2|BIRC5|HAX1|NOC2L|RABEPK|GMPPB|PXMP2|SPICE1|COG4|TPX2|NFE2L3
GSE22501_PERIPHERAL_BLOOD_VS_CORD_BLOOD_TREG_DN	0.0456120092378753	0.345810686351807	0.33501595665862	1.24401011894653	157	159	AKAP5|C2CD5|KCTD12|EFNA2|PPP2R3A|WDFY3|CSPG5|CCL4|DARS1|KDM7A|CGGBP1|H2BC21|USP6NL|LRP6|HPRT1|OAT|SDCBP|BCAS2|MED13|IDH1|GFI1|GPR183|S1PR1|PLA2G4A|SLC22A2|DLAT|SOS2|HBEGF|FXR1|TRIM52|IL10RA|ZDHHC17|RFK|KLRG1|NDUFB5|ABHD5|CD47|SACM1L|TUT4|IDE|WRN|RIPK2|REST|SLC39A8|CENPS|GOLGA8A|CDK6|TRIM33|CCNB2|GPSM2|SUZ12|IL18|SLC36A1|PRKX|DLGAP5|IMMT|BCL2L11
GSE32034_LY6C_HIGH_VS_LOW_ROSIGLIZATONE_TREATED_MONOCYTE_UP	0.0457604306864065	0.346674115645395	-0.356016826639765	-1.26243268442095	305	185	TCN2|IRF7|RETSAT|GTF2I|GNB3|LPCAT3|NDUFA2|IFIT2|CD48|STK39|ZNF622|LGALS3BP|RPL13A|STAB1|ELMOD3|NME3|MET|SLC15A2|GBP2|PSAP|ISG15|LYL1|RPS18|RPS10|HPGD|PSMB10|FBXW4|NECAP2|CDK2AP2|XPC|AGRN|CPNE1|MRPS21|RPLP1|FERMT3|ACAA1|MAPKAPK2|RPS23|MAF1|NISCH|AP3D1|GLMP|CLTA|H2BC18|PDCD7|MRPL24|SMARCD2|UQCRHL|DBN1|RNASET2|GAS6|PARP1|ZNFX1|LY6E|IRF1|HSPA1B|GNA12|RPS5|PSMC3|PES1|ILVBL|LRRC8A|EIF3K|PTGFRN|SERINC3|TFAM|ATP1A1|ISYNA1|PKIG|WDR45|USE1|RPL23A
GSE2706_UNSTIM_VS_2H_LPS_DC_UP	0.0459667852906287	0.347974804485167	0.329018061987684	1.23580015268892	154	174	ZNF564|ZBTB26|NAPEPLD|ZNF284|ZFP69|ZNF268|LUZP4|ZNF367|PTPRN|ZNF354A|BBS12|ABHD17B|ZBTB41|RUFY2|WDCP|ZFP82|PARS2|ZNF184|NHLRC2|DCLRE1C|ZNF555|RBAK|ZNF493|PUS3|ZNF641|ZNF813|CEP295|ZNF34|GRPEL2|LYRM7
GSE17974_0H_VS_0.5H_IN_VITRO_ACT_CD4_TCELL_UP	0.046021240572572	0.348074375341628	-0.369790009477533	-1.27861059211502	298	149	GLYCTK|SPMIP8|TRPA1|CD14|NDOR1|IFI30|ARSA|FAAP20|TCAP|NSUN5P2|LMF2|NUDT18|LINC00173|TFPT|JOSD2|C1orf159|UBL7|H2AC16|ING4|MMP1|SLC7A7|TGFB3|PCYT1B|FLAD1|SAMD10|RPL23AP7|RPS6KL1|SMARCC2|GAL3ST4|SLC7A11|PCIF1|LRRC61|ALG12|SUSD3|G0S2|MCOLN1|DDA1|ASB16-AS1|UQCC3|CEP170B|IL17RC
GSE26928_CENTR_MEMORY_VS_CXCR5_POS_CD4_TCELL_UP	0.0460758716019045	0.348074375341628	-0.366083942083884	-1.27215356177504	299	157	ZNF321P|PCBP4|MT2A|PPP1R14A|HCST|PNCK|MICOS10|ABCB8|NPHS1|STYK1|NME3|STX4|CHMP6|EMP3|ADAMTSL4-AS2|KLHL4|CPSF1|SLC16A3|MZT2B|CAMK1|EHBP1L1|SMDT1|KCNJ11|DGAT1|HPGD|TBC1D10A|SELENBP1|PLK3|MADD|FHDC1|BTD|C12orf75|GCHFR|IL17RC|SSR4|MRPL24|DBN1|C9orf85|PSMA7|STMN3|ASL|PSMD9|RPS5|ARL6IP4|ILVBL|P4HB|MRPS28|MRPL58|GPR55|FURIN|PPM1G|CYTH2|TSR3|GMPPB|PXMP2|EVA1B|GET4
GSE9006_TYPE_1_DIABETES_AT_DX_VS_4MONTH_POST_DX_PBMC_DN	0.0461025174400971	0.348074375341628	-0.361735408812341	-1.26781120251044	303	168	TEP1|HPX|UQCR11|ATAT1|TIMM8B|NDUFA3|RPS29|PBLD|H4C3|SOD3|SERF2|DYNLRB1|ING4|CD48|COL6A1|LBP|TGFB3|UBA52|LRRC75B|TAOK2|HMGCL|SEMA6A|FMO4|DZANK1|YY2|LRRC20|RPS10|RPS16|PHF11|HOXC8|DPF1|RPL27|ITFG2|MPV17|LAMTOR5|H2AC25|SNRPD2|SLC5A3|ARFRP1|ZNF133|SLC66A1|IFT46|POLR2J|CCDC51|MRPL17|EPOR|OXA1L
WP_MITOCHONDRIAL_IMMUNE_RESPONSE_TO_SARSCOV2	0.0461186410843161	0.348074375341628	-0.546354357377705	-1.44295179980174	261	28	IRF7|ACE|REN|RIGI|PHB1|IRF3|NLRX1|STING1|CTSL
GSE22611_NOD2_VS_CTRL_TRANSDUCED_HEK293T_CELL_UP	0.0462601381796335	0.348879990268341	0.325059665585599	1.22534817781666	153	180	ZC2HC1A|ZNF185|CD40|PREX2|DOK2|ZNF675|ANKRD27|PLD1|TDRKH|MARCHF5|KIF3C|ARHGAP11A|CRYZ|ZNF813|NUP37|KPNA2|WTAP|RP2|BMERB1|EIF2B2|PLPP3|SYNE2|SLAMF7|TPTE|XCL1|DUSP10|INSIG1|SLC25A3|CIR1|GTF2E1|B3GNT2|VIPAS39|ABCB1|TTC3|RACGAP1|TPP1|RPS24|TMX1|ATP13A3|AIMP1|TCERG1|HMGB1|CYB5B|TEAD1|ARFGEF1|MBD4|RBM22|OSBPL3|RIPK2|CENPE|EXT2|SPOP|PNMA8A|RFWD3|SUPT3H|C1GALT1C1|BTG3|SETD3|DEGS1|GDAP2|GALNT7|MAFF|CUL4A|IMPA1
GSE26669_CTRL_VS_COSTIM_BLOCK_MLR_CD4_TCELL_DN	0.0464274947241483	0.349354716672414	0.32428725010948	1.22287980947805	153	181	AIM2|GPR137B|PEX12|SLC49A4|GABRR2|BMPR2|CCN1|RFFL|STT3B|TLE4|PRPS2|RWDD2A|RHOT1|SGPL1|ST8SIA6|RNF103|MXI1|HIBCH|CABLES2|ADD3|FCRLA|SH3BGRL2|WDR26|MEX3B|ZNF664|STYX|UFL1|PXYLP1|PLPP3|GPR183|FPR3|S1PR1|ATL1|CATSPERG|CYTH4|RIT1|RAP1B|USP33|PRKCI|ASNSD1|SLC30A1|SQOR|MOSMO|ZNF799|PCYOX1|ZMYM5|FAM3C|SLF2|TRIM32|RB1
GSE7460_CTRL_VS_TGFB_TREATED_ACT_CD8_TCELL_DN	0.0463615023474178	0.349354716672414	0.331911620309076	1.24034698316049	157	168	ELK3|TTC39B|PRNP|PLEKHM3|SUGCT|CD40|FOXO1|RGS2|SELENOT|POU6F1|SERPINI1|KLHL24|BPNT2|VSIR|TRMT10A|NAAA|TDRKH|ZBTB18|CPD|TP63|FBXO30|ZNF644|PROS1|ATP1B3|SKIL|TBPL1|NEO1|MMP11|TOX|SFRP2|LITAF|CDK17|MOSMO|ZNF445|PHLPP2|HID1|CACUL1|ZBTB37|MOB1B|ANKRD50|QKI|CA2|TNKS|ARHGAP5
REACTOME_SRP_DEPENDENT_COTRANSLATIONAL_PROTEIN_TARGETING_TO_MEMBRANE	0.0464195183776933	0.349354716672414	-0.39293735987114	-1.30890215570515	292	110	RPS21|RPL28|RPS28|RPS20|RPLP2|RPS29|RPL23|UBA52|RPS9|RPL18|RPL13A|FAU|SEC61B|RPL38|RPS18|RPS15|RPS10|RPS16|SEC61A1|RPS2|RPLP1|RPL27|RPS23|RPL10|RPL36|RPS27|RPL37A|RPSA|SSR4|RPS11|RPS26|RPS12|RPL3|RPL35|RPL8|RPS5|SEC61A2|RPL35A|SEC11C|RPS14|RPS17|RPL26L1|RPL23A|RPL41|RPS13|RPL13|RPL27A
GSE29614_CTRL_VS_DAY7_TIV_FLU_VACCINE_PBMC_DN	0.0464842600764931	0.349519852170665	0.329688396070965	1.2370863613684	157	172	TTK|PARPBP|BMAL2|ATG4A|EMC9|CEP128|DTL|UBA5|PBK|KIF11|ARHGAP42|GEN1|GULP1|KNL1|CCNB1|STT3A|HIBCH|SMC2|SLC44A1|GINS1|NCAPG|NUSAP1|SLAMF7|GPLD1|CHAC2|ASB3|TYMS|SPCS1|CDK1|RRM2|BUB1|DNAJB11|PGM3|KIF15|SEC24A|ZNG1A|SCG3|OSTC|CENPI|KIF14|SUB1|GGH|CDKN3|EFHC1|ZWINT|USO1|GARS1|S100PBP|SRPRB|SHCBP1|PCLAF|CENPS|DSN1|CCNB2|BUB1B|SLC30A5|LMAN1|B4GALT3|FAM98A|DLGAP5|ALG5|CSE1L|MELK|PHTF1|SRP54|MRPL35
REACTOME_SENSORY_PROCESSING_OF_SOUND	0.0466173005721979	0.350257831694403	-0.445324129872447	-1.36095816937207	276	62	ESPN|CTBP2|STX1A|EPB41L1|BSN|LHFPL5|WHRN|EPS8|CHRNA10|CACNA2D2|TRIOBP|CDH23
GSE22886_NAIVE_CD4_TCELL_VS_48H_ACT_TH1_UP	0.0466716529543755	0.35040392846374	-0.353821236629142	-1.25606183007632	311	188	NDST2|TSC22D3|SMPD1|LYPD3|ABCA7|PPFIBP2|PRKCZ|RPS20|PBXIP1|IFITM1|ANKH|GABPB1-IT1|VILL|BTN3A1|TSPYL2|DGKD|DBP|DENND1C|SPATA6|RPS9|PLEKHA1|TMEM8B|TPCN1|SPG7|CCNL2|FAU|RBM38|ECE1|LTBP3|C11orf21|NLRP1|TSC1|ZNF83|ICAM2|SEMA4C|ZC3H3|PCIF1|CTSL|RPLP1|NISCH|TSC22D1|LMBR1L|RPS27|PAIP2B|NOSIP|REPIN1|CARS2|TENT4A|LPAR2|IQSEC1|NUMA1|MANBA|PXN|BCL7A|PI4KA|ABCF3|SMARCE1|ZNF512B|TAF1C|MYLIP|LDAF1|HYAL2|SNPH|SMAGP|SRSF5|HLA-E|ATP1A1|RXRA|PNISR|ZBTB14|PRKCA|TMEM127|SLC2A4RG|ZNF609|CAMK2G|FAM117A|FYB1|PRMT2|KRT18|ATG14|RASGRP2|MARCHF8|SREK1IP1|BSDC1|RASA3|SH2B1
GSE7509_FCGRIIB_VS_TNFA_IL1B_IL6_PGE_STIM_DC_DN	0.0467597677702809	0.350803100805739	-0.385372255149616	-1.3025851544535	297	123	CROCC|TCEA2|FAM193B|WHRN|TRIO|CLCN2|MICAL3|CEP250|NSG2|LUC7L|CCNL2|DOCK6|NPFF|DISC1|AKAP8L|LRRC45|ANKS3|EWSR1|KMT5C|BRPF1|CC2D1B|CCDC157|PLD2|REXO1|NSMF|ZMYND11|LMBR1L|CDH24|ARHGEF1|CARS2|SNAPC4|MINK1|CCHCR1|ABCD4|VAMP2|ANKRD11|GRAMD1A|ALAS2|PANK4|ENTREP3|LENG8|SNPH
GSE16385_IFNG_TNF_VS_ROSIGLITAZONE_STIM_MACROPHAGE_UP	0.0468036529680365	0.350824947659891	0.33661224136666	1.24562927530993	163	154	LRRC8E|LINC02860|ZNF17|MSL2|ZNF165|CKS2|FAM227B|ANLN|FAM76B|MLF1|NFYA|PSMA1|DNA2|LINC00630|FCRLA|SLC39A1|MED21|EML6|VWF|ZNF586|NSUN4|PPA2|PAPSS1|EEF1A1|PIGH|HMGN4|DBF4|RAB2B|PSTK|ABCB1|PRR3|PAPOLA|CHD1|TUBGCP4|ZNF254|PTPRA|ITPRIPL2|PAPOLG|TFG|BUB3|DVL3|BRAP
SEIDEN_MET_SIGNALING	0.0468325791855204	0.350824947659891	0.581817133812119	1.47541003080238	206	20	HAT1|CNOT8|ABCC4|PRPS2|CCT8|RAB11A|CAPRIN1|CCNH|CAP1|SEPTIN2|CLCN3|API5|KIF2A|SFPQ|CSE1L|CCZ1
FERREIRA_EWINGS_SARCOMA_UNSTABLE_VS_STABLE_DN	0.0472428248951951	0.351025402325887	-0.412903901085835	-1.32734911649989	292	84	SEMA4G|FES|TMCO4|WFS1|CYLD|RAB34|DHRS1|PDCD1|IFI35|MAP1LC3A|IFI27L2|ZNF446|SLC27A1|FBXL15|LRPAP1|SLC16A5|STX5|GNB5|NENF|FGF2|IRF9|MXRA8|OR51B4|CKB|CDKN1C|ALDH6A1|ELAC2|SPHK2|DOLK|DNAJC4
FRASOR_RESPONSE_TO_SERM_OR_FULVESTRANT_UP	0.0473493429995469	0.351025402325887	0.572257260961637	1.47083624557758	208	21	STXBP3|RALGAPB|UFL1|DGCR5|PLXNC1|DUSP10|NCAM2|NR2C1|ASCC3|RCN2|ATP6V1A|RB1CC1
GSE22601_DOUBLE_NEGATIVE_VS_DOUBLE_POSITIVE_THYMOCYTE_UP	0.0474655728098447	0.351025402325887	0.330128085629207	1.23028109288329	161	165	DNAJB2|EOGT|GPR137B|GNA13|DNAJC24|ACOX3|HSDL2|ABHD17B|CKS2|AMD1|CORO1A|HIPK3|AMZ2|GNAQ|CYP27B1|GNPAT|HPRT1|GINS1|EPB41L5|ETV5|CTSF|GTF2A1|DRC7|EPGN|GRIA2|C1S|HPCAL4|CASP8AP2|HAUS5|CXCL11|ASAP3|CNKSR3|CAPN7|IFTAP|HSP90AA2P|ADAM10|BAG2|ARL13B|ANKRD42|MIX23|BNIP2|CTCFL|ALKBH8|BRIP1|CHORDC1|BUB3|DVL3|TMA16|GIN1|SDHAF3
GSE22886_NAIVE_BCELL_VS_MONOCYTE_DN	0.0471204188481675	0.351025402325887	-0.353701936914877	-1.255638317291	314	188	TYROBP|SEL1L|SEMA4D|CD14|TBC1D2|PLXNB2|NAGK|CTBP2|IFI30|EXT1|ATXN1|LILRA2|TIMM8B|GRN|MOGS|GCA|SLC7A7|MNDA|TNFRSF1A|THEMIS2|BCL3|LRPAP1|C5AR1|ADAP1|G6PD|GET3|MYDGF|SLC16A3|PSAP|RNH1|TMED1|MAP7D1|IGF2R|CTSD|STXBP2|HPCAL1|SULT1A1|SGK1|UBR4|CEBPB|PISD|TNFRSF1B|GNS|KLF13|ID2|CLTA|BID|HSPA1A|IFNGR1|CKLF|CAPG|NEU1
GSE24726_WT_VS_E2_2_KO_PDC_DAY6_POST_DELETION_UP	0.0470021090689967	0.351025402325887	0.318181737841583	1.2160039942653	155	196	SETD7|ATG16L2|ZNF583|C2CD5|GNA13|COPS2|PUS10|ST3GAL5|EIF3E|CORO1A|NUDT13|PRPS2|RSL24D1|FOXN3|AMZ2|LANCL1|FMNL3|CRLF3|CAPN2|HPRT1|ZNF12|SKIL|POGLUT2|GCC2|RTRAF|ICOSLG|RIT1|GNPDA2|ASNSD1|DYRK1A|CIR1|TCEANC2|PANK1|RBL1|LIN9|FXR1|ETFDH|CDK2AP1|RFC5|SP1|RFX7|MED7|MIR99AHG|MAPRE2|DARS2|NPAT|HMG20A|CNOT6L|WDR81|CCDC90B|PRR11|ZFYVE1|WEE1|TMT1A|RBM48|AK3|ZNF124|WBP1|SHCBP1|B3GALNT1|EIF4B|FUCA1|BTK|ATP6V1C1|TMX4|DRG1|ERCC6L|DOCK8|GPSM2
GSE28726_NAIVE_VS_ACTIVATED_VA24NEG_NKTCELL_DN	0.0475178381660847	0.351025402325887	-0.363279462920489	-1.26915011958414	312	162	TPM2|STS|STX11|PYGM|ABCC10|MT2A|ZNF467|NALF1|MAPK11|UBA7|PLXNA2|HSF2BP|P2RX5|PIK3IP1|DGCR2|NME3|RGP1|RBM38|ESR1|H4C2|ARSL|CTSA|ACSBG1|SORBS3|USP19|THBD|DGKA|GRHPR|ERICH1|JUNB|RHOB|PPARD|ACAA1|ZBTB7B|PER1|DHCR7|EXTL3|PLXNA3|MVD|ACVR2B|SLC25A42|TRAF3IP2|LPAR2|FAM50A
GSE29164_DAY3_VS_DAY7_CD8_TCELL_AND_IL12_TREATED_MELANOMA_DN	0.0473991997537704	0.351025402325887	-0.366636330551017	-1.27136794899315	307	154	PAK1|TP53I11|SLC30A4|SYPL2|ELOVL3|PACSIN3|TMEM52|EVI5L|COMMD4|LRFN1|HYOU1|FXYD1|LYPLA2|GABRG2|NCCRP1|CFD|PPFIA4|FYN|MIF|RHOF|MTLN|HGS|KCNE5|TAP2|NDUFA6|HDAC7|RAB11FIP4|NOP16|WDR83OS|CNPY3|ZNF784|PPP1R3F
GSE32986_UNSTIM_VS_CURDLAN_LOWDOSE_STIM_DC_UP	0.0470200658879904	0.351025402325887	0.319750194576265	1.21613309494873	156	190	GPR85|UBTD2|NMD3|SRC|GNB4|COPS8|BATF3|RSL24D1|CCRL2|UCHL3|YES1|RANBP2|PSMA4|IPO7|NUP153|MAPK1IP1L|PROCR|HSPH1|NAA15|NKRF|HOMER1|BRIX1|EMILIN2|GFI1|SH3PXD2B|LFNG|LZIC|PPA1|HERPUD1|SUPV3L1|TAF1A|ZNF507|CUL2|PRMT3|COPS4|PRDX6|RIOX2|HEATR1|SDE2|BAG2|PSMA2|ATP2A2|PSMA6|SEMA7A|SUB1|INPP5B|AGPAT5|TAF4B|BMP2K|NEPRO|SEPTIN11|AEBP2|FDFT1|BCCIP|FBRS|DIMT1|FUBP1|RBM12|SLC35B1|PLAU|PRMT5|FOSL2|DNAJC21|TOP1|SRFBP1|SRSF10|FKBP4
GSE36888_UNTREATED_VS_IL2_TREATED_STAT5_AB_KNOCKIN_TCELL_17H_UP	0.0473003802281369	0.351025402325887	-0.363424041785224	-1.27046690228953	310	164	ST20-AS1|HLX|FGD3|MIR3945HG|SGSH|PLSCR3|ATP13A3-DT|ANO3|HAS1|MYH8|APH1B|ENSG00000274253|TOM1|CDKN2D|C5AR1|IL1B|MYO1G|IRS2|USF3|PET100|TBC1D8|RUSC1-AS1|LSS|RAMP1|DUSP4|EMP2|DACH1|H2BC5|FANCA|SEMA4C|GMFG|STXBP2|STX5|ANKRD13D|RILPL2|CERS5|TNFRSF1B|MYL6|KLHL2|HSPA1A|TRAF3IP2|HES1|ELL|SIK3|METRNL|SESN2|LTB4R
GSE37416_CTRL_VS_3H_F_TULARENSIS_LVS_NEUTROPHIL_DN	0.0470414201183432	0.351025402325887	0.328376355622121	1.23242326229203	158	173	FEM1C|PIGA|EGR3|PDK1|ACTR3|ONECUT2|NABP1|PDGFB|LGALS8|TAF9B|LDHA|ETV3|MYNN|DNA2|CLK1|ZNF12|SCYL2|IRGQ|HK2|SAR1B|LINC00471|SYT3|C1S|SCN8A|MAGT1|KIF3A|UBE2V2|VDAC1|LIN9|DCTN6|NFE2L2|ARL5B|ZNF292|ZNF654|ARHGEF12|ZFC3H1|KDM3A|SEC24A|RLF|ZBTB21|PSMA6|SERTAD3|KCTD11|P4HA1|IVNS1ABP|NGLY1|MRGBP|RAB1A|ASCC1|ECD|BHLHE40|BZW1|FUT11|RALGAPA1|BNIP3|ALDOA|NUP58
GSE5589_UNSTIM_VS_45MIN_LPS_AND_IL10_STIM_MACROPHAGE_UP	0.047405413488859	0.351025402325887	-0.354851603209163	-1.25830081189872	316	185	CD27-AS1|UBL3|AHRR|ENG|IRF7|MGAT4A|ZNF169|PSMB9|MINDY1|FLT3LG|ADGRE5|VILL|RABAC1|GRN|GGA1|AATK|ING4|MPG|RPS9|COMT|FAU|B3GAT3|BRD4|CACNA1A|SDR42E1|MEAK7|INHBE|SNRPB|SPATA1|CSNK1D|TAP2|CTSD|NDUFB7|GUK1|LPIN2|DECR2|WDR24|TOMM7|PISD|ARHGAP1|PPOX|TRMT2A|ZMYND11|TEX264|DGUOK|TNIP1|HES6|TMBIM6|PEF1|RHEBL1|EHMT2|QTRT2|SKI|PIP4P1|RILP|FHIP2A|SAP30L
HUANG_DASATINIB_RESISTANCE_DN	0.0475237618809405	0.351025402325887	-0.441272514010017	-1.35951482282716	284	64	ASCL2|UBL3|PLCB4|IRX5|ELAPOR1|DEGS2|CLN3|DNPH1|IGFBP2|TPD52|SORBS2|CA12|GREB1|SCARB1|EMP2
KIM_TIAL1_TARGETS	0.0473362445414847	0.351025402325887	-0.527375163032845	-1.42305231516559	270	31	TGFB1I1|LAMA5|PLSCR3|OS9|MACROH2A2|MAD1L1|NOP10|MVD|CSTB|SMARCE1|COX4I1|H3-3B|NSMCE1|SNRPF|UBE2C
MARTIN_NFKB_TARGETS_UP	0.0474865193946773	0.351025402325887	-0.510030611224478	-1.41740342326213	272	36	NFKBIZ|C3|OSMR|LATS2|ZCWPW1|SLC29A1|GTF3C1|FLT1
MMS_MOUSE_LYMPH_HIGH_4HRS_UP	0.0472862799906825	0.351025402325887	0.490585838715743	1.40303896144603	202	33	DCK|PLK4|VBP1|LYPLA1|PRKAR1A|SP3|PELI1|RRM2|RCN2|ATP6V1A|VPS4B|EIF4A2|RBBP7|PSMA3|FEN1
ONDER_CDH1_TARGETS_1_DN	0.0471724921852799	0.351025402325887	0.341648403933045	1.25380522490115	165	145	CXCL8|DEPP1|CCNE2|PTHLH|POGLUT1|ALG13|KLF10|LGALS8|TP63|HSPH1|METAP2|SCYL2|WTAP|CBFB|UGCG|CDC27|HS3ST2|IFIT5|HBEGF|TIPIN|PHTF2|DDX18|KIF5B|DDX52|B3GNT2|DDX3X|SETMAR|ZMPSTE24|SUB1|TOR1AIP1|TMX1|ATP13A3|BCLAF1|NCBP1|HMGCS1|SEPTIN11|BRIP1|PPP2R1B|B3GALNT1|NUP50|SKP2|C1orf116|RFWD3|RBM12|RIOX1|SFPQ|SERPINB1|CANX|ARHGAP25|FEN1|NAP1L1|HCCS|HSPA8|MIR22HG|NUP98
REACTOME_SELENOAMINO_ACID_METABOLISM	0.0474842767295598	0.351025402325887	-0.390852848391285	-1.3084634138666	301	113	RPS21|RPL28|CBS|RPS28|RPS20|RPLP2|RPS29|RPL23|UBA52|RPS9|RPL18|RPL13A|FAU|GNMT|RPL38|RPS18|RPS15|RPS10|RPS16|RPS2|RPLP1|RPL27|RPS23|RPL10|RPL36|RPS27|RPL37A|RPSA|NNMT|RPS11|RPS26|RPS12|RPL3|RPL35|QARS1|RPL8|RPS5|KARS1|RPL35A|RPS14|RPS17|RPL26L1|RPL23A|RPL41|RPS13|RPL13|RPL27A
RODRIGUES_NTN1_AND_DCC_TARGETS	0.0473362445414847	0.351025402325887	-0.527385890741383	-1.42308126247207	270	31	NFKBIZ|RAB26|MAML3|MT2A|ERO1B|FOS|BCL3
VART_KSHV_INFECTION_ANGIOGENIC_MARKERS_UP	0.0472813238770686	0.351025402325887	-0.386384156399475	-1.3009142375319	299	119	EFNB1|FZD9|COL18A1|PLAT|OSMR|ENG|FZD7|TIMP3|IL6-AS1|ANGPTL6|FLT1|MMP1|TGFB3|STAB1|PGF|TIMP1|EFNA1|JAG2|IL1B|CALR|DLK1|FGFR3|SPHK1|F2R|NOS3|PDGFA|ITGAV|GRB7|DLL3|WNT5B|EGFL7|IL6ST
GSE17721_PAM3CSK4_VS_CPG_8H_BMDC_DN	0.0475903614457831	0.351258858965273	0.322208440391488	1.2207396558481	157	186	FOSB|PITPNC1|ETV2|LNX2|SLC35A3|MS4A3|SELENOT|HLA-B|FGF13|NABP1|CCRL2|RNF138|GCNT2|CD80|TMEM168|SLF1|ARF4|STARD3NL|RNF115|DDHD1|MTSS1|SLC40A1|RAP1B|CAPRIN1|CSRP1|SCIN|CPNE3|ATG9B|CACUL1|PEX13|DNAJB11|GOLPH3L|TRDMT1|SUGT1|CHUK|STX7|MRPL30|MAPK9|COX15|C6orf62|UPF2|ASTN1|ATP11B|NIPA2|ARL6IP6|AVL9|STK4|TAX1BP1|TFG|RIPK2|ATP11C|DNAJB6|GHITM|SPOP|TASOR2|USF1|SARNP|MBD2|ANKRD17|PARP14|FKBP1A|FYTTD1|XRN1|CPEB4|ABCB9|STAG2|SMC5|WARS1|BRCA1
GSE17974_IL4_AND_ANTI_IL12_VS_UNTREATED_48H_ACT_CD4_TCELL_UP	0.0477461447212337	0.351631428469469	0.3276860777319	1.23236146648004	160	175	ALX4|ST8SIA4|HECW2|DYNC2LI1|IGSF11|RGS2|CCNT2-AS1|ELAPOR2|IL10RB|NXN|C1orf162|DCBLD1|TESPA1|LONRF2|ACTR3C|DLC1|PLCL1|AP1S2|NSUN3|ETV3|DENND4C|UBASH3A|LEKR1|OSTF1|IFFO2|CD96|GPR183|PTPN14|PLA2G4A|CLECL1P|CCDC178|SAMD3|CALD1|LETR1|RNF125|SLC40A1|TMED5|IL10RA|CREG1|NNT|FBXO33|ACBD5|HACD3|GDE1|GLTP|PTEN|CD93|MID1|RCN2
GSE2770_TGFB_AND_IL4_ACT_VS_ACT_CD4_TCELL_48H_DN	0.0477687930518119	0.351631428469469	-0.355323911600864	-1.25819351519873	318	182	IDUA|STX11|TCN2|ITGA4|CD37|PSMB9|IFITM1|TIGD3|TLR6|REX1BD|MZT2A|NAA38|DENND1C|KLF7|CRISPLD2|VSIG4|MPG|NDUFS7|CDKN2D|COMT|NRTN|TBCD|SAT2|COMMD1|BCL6|C11orf21|MAP4K1|NAPRT|CAMK1|TACC3|PCIF1|TRAPPC1|ERICH1|BRPF1|NDUFB1|BABAM1|DCTN3|CLSTN1|NR4A1|HMGN2|ARHGAP1|NDST1|NAT14|FAM118A|CCDC85B|TXNDC11|ZBED10P|TMC8|POLM|NRGN|PIGS|OXA1L|DCPS|VEGFA|ESYT1|DNMT3A|SURF1
NABA_MATRISOME_METASTATIC_COLORECTAL_LIVER_METASTASIS	0.047780959198282	0.351631428469469	-0.592312316149207	-1.46508269746856	266	21	HPX|PLOD1|HCFC1|TIMP1|AGRN|BMP1
REACTOME_MITOTIC_G1_PHASE_AND_G1_S_TRANSITION	0.0477408354646206	0.351631428469469	0.341406479486097	1.25291739363332	167	145	CDC7|CCNE2|SRC|PSMC6|PSMC1|TOP2A|PSMD5|PRIM1|ORC4|CCNA2|CCNB1|PSMA1|PSMA4|POLA1|RBL2|ORC2|PSMD6|DYRK1A|JAK2|RBL1|LIN9|TYMS|CCNH|CDK1|RRM2|DBF4|CDKN1B|CDK2|PSMD10|SKP1|PSMA2|MYC|PSMA6|RBBP4|RB1|PSMC2|RPA2|ORC3|PPP2CA|LIN54|PCNA|WEE1|PSMD14|PPP2R1B|PSMD11|PSMC5|TFDP2|E2F5|SKP2|CDK6
REACTOME_INTERACTIONS_OF_VPR_WITH_HOST_CELLULAR_PROTEINS	0.0479661415471432	0.352735625531299	0.480865681083228	1.40256300040469	203	36	RANBP2|SEH1L|NUP153|NUP35|NUP107|NUP37|NUP160|NUP133|NUP205|NUP88|SLC25A5|PSIP1|RAE1|NUP155|NUP54|NUP50|KPNA1|NDC1|NUP58|SLC25A4|NUP98|BANF1|NUP43|TPR
GSE34156_NOD2_LIGAND_VS_TLR1_TLR2_LIGAND_6H_TREATED_MONOCYTE_DN	0.0480402623150831	0.352763828177618	-0.363742161013116	-1.26911439571774	314	161	ANPEP|TYROBP|CD14|PITPNM3|PLXNB2|IFI30|MARCKS|SEMA3F|QSOX1|LAMA4|CARD19|CXCL1|GASK1B|P2RX4|GRN|SYNGR2|AATK|TMEM144|CXCL16|TMCC3|PPARG|RRBP1|CYTH3|PILRA|OS9|TIMP1|EWSR1|CTSD|CD151|ABCD1|CTSL|FERMT3|GNS|BLVRB|MBOAT7
REACTOME_TRANSPORT_OF_INORGANIC_CATIONS_ANIONS_AND_AMINO_ACIDS_OLIGOPEPTIDES	0.048011639185257	0.352763828177618	-0.412934791582718	-1.32542599215952	296	83	SLC26A11|SLC8A2|SLC9A1|SLC3A2|SLC12A4|SLC7A7|AHCYL2|SLC15A2|SLC12A6|SLC43A1|SLC12A7|SLC7A11|SLC26A6|SLC1A5|SLC7A1|SLC4A2|SLC9A8|SLC20A2|SLC38A5|SLC25A26|SLC4A7|SLC8B1|SLC15A4|SLC12A2|SLC25A10|SLC25A22
GSE10147_IL3_VS_IL3_AND_CPG_STIM_PDC_UP	0.0481132075471698	0.353041211519364	-0.390220225733628	-1.30634557436323	305	113	ADAM19|RAPGEF5|SEC31B|TASP1|PSMB9|ARHGAP33|TIGD3|TULP3|SLC22A13|NPHS1|ULK4|LTB4R2|DUSP8|TMCO6|CMKLR1|ENTPD1|CHRM4|ISG15|LYL1|WDR27|DGKA|ITGB1|SMCO4|TUBB2B|FKBP2|RPSA|NFE2|IFNGR1|APTX|ADGRL1
GSE39820_TGFBETA1_VS_TGFBETA3_IN_IL6_TREATED_CD4_TCELL_DN	0.0483113736180524	0.353977787137234	-0.358319166236959	-1.25873194264834	318	172	SLC22A18|PITPNM3|HLX|AARSD1|FMC1|PYCARD|RPLP2|TIMM8B|METRN|UQCR10|CIAO2B|MARVELD3|GCA|RARRES2|UCP3|LGALS3BP|PCDH10|NME3|PSMG4|HIGD2A|SIRT7|TMUB1|MRPS14|POLR2E|SMDT1|TRMT112|RPP14|STOML2|PSMB10|CDK2AP2|PISD|MRPL57|RPL36|POLR1H|ANKRD55|IL15RA|NFKBIB|ISCA2|DCTPP1|BID|HS3ST3A1|POMP|MRPL24|NDUFA7|POLM|MRPL21|LY6E|C19orf53|TMEM39A|CSTPP1|UQCC6|SETD5|MRPS16|DHX34|ACRBP|MPLKIP
LIAN_LIPA_TARGETS_3M	0.0483056957462149	0.353977787137234	0.457917709913096	1.37603052209781	200	42	FCGR2B|MS4A6A|CSTA|UTRN|FCER1G|GPNMB|SLC40A1
NAM_FXYD5_TARGETS_DN	0.0484522207267833	0.354492267970445	0.5989117526999	1.48338225960961	215	18	CCL2|RNF11|MLF1|ARL1|AGK|APPBP2|SRP72|UBE2W|EIF2S1|CRIPT
WIERENGA_STAT5A_TARGETS_GROUP1	0.0484429065743945	0.354492267970445	-0.385651090334107	-1.29717514877013	307	118	HSPA6|VASN|KISS1R|ENC1|CBS|P2RX4|IL4I1|FAM131A|SYNE3|TMEM116|MIIP|TULP3|TRIM46|PIK3IP1|MUC1|TRIB3|DHRS3|SLC6A9|MOSPD3|GYPB|IL18RAP|RAP1GAP|P4HA2|PLXNA3|NIBAN2|ENPP3|RHEBL1|PCSK9|DUSP5|HBZ|GATA2|CDKN1C|DCPS|CTSZ|CTSH
MCDOWELL_ACUTE_LUNG_INJURY_DN	0.0485301791615933	0.354804033812144	-0.508988667218383	-1.4145078029433	278	36	C5|ADGRE5|APLNR|CYP2F1|FHL1|LTBP4|ICAM2|FASN
GSE8621_UNSTIM_VS_LPS_PRIMED_AND_LPS_STIM_MACROPHAGE_UP	0.0487329434697856	0.356027137226861	-0.356413671813887	-1.2579608395346	324	177	IL11RA|GKAP1|ENG|INAFM1|AARSD1|COX8A|PPFIBP2|GLB1L2|RNF5|ZFPL1|KHDRBS3|VILL|APOE|JOSD2|PDLIM7|FLAD1|SMIM11|MAGED2|SDR39U1|PPP1R35|DHRS4|AKAP8L|GBP2|TBXAS1|NAPRT|TRADD|DUSP4|SPINDOC|GFI1B|TRAF2|TRIP6|JUNB|TRPC4AP|CC2D1B|PAQR7|DEF8|FAM98C|PLEKHF1|RBX1|CDCA3|ARHGAP6|TSSC4|TFR2|C12orf75|CCDC85B|USB1|SLC35C2|KYAT1|INF2|S100A6|PPME1|NCLN|RILP|IER2
GSE19888_ADENOSINE_A3R_ACT_VS_TCELL_MEMBRANES_ACT_AND_A3R_INH_PRETREAT_IN_MAST_CELL_DN	0.0489667565139263	0.356179928903473	-0.354809657869172	-1.2563725549727	326	182	ANO9|SMAD7|RCAN3|CRIP2|PNKD|TFAP2E|RPL28|PTPRU|CASTOR1|FAM193B|TNK2|TMEM63A|ZNF692|SUN2|ELL3|ITGAX|SRCIN1|SLC6A8|RPS9|LUC7L|CAMKK1|RPAP1|MIF|SPINT2|TMCO6|EFNA1|TNK1|TSPAN9|NOTCH3|SH3D19|SLC12A6|PLEKHG2|FHIP2B|EMP2|HMGXB3|RALBP1|FGFR3|RIN1|FAM83H|STX5|CDCP1|RAB40C|GRB7|PLXNA3|RGS12|MFGE8|MEF2D|SMARCD2|FAT1|SNAPC4|METTL17|MAFG|S100A16|SRRT|CYC1|MTM1|ITPR2
GSE4984_UNTREATED_VS_GALECTIN1_TREATED_DC_UP	0.0489449003516999	0.356179928903473	0.330127127280811	1.23617980446933	166	170	KRT8P12|ARL11|PGM5|PAQR9|ATG16L2|SLC22A4|SNX18|FGD4|SESTD1|TRIM23|NPL|HEXA-AS1|RUFY2|RASGRP4|KLF10|EGR1|RNF115|WTAP|ERP44|IPMK|OSTF1|AP5B1|P2RX7|FCER1G|SFRP2|LITAF|NATD1|JAK2|CERT1|TLR5|RBPJ|RNPC3|TFE3|GDE1|UBE2D1|CHD1|GLUL|ARL4A|C6orf62|DCUN1D1|VAMP3|PLBD1|BMP2K|ITPRIPL2|CHP1|ZNF148|RAB31|ITCH|LMNB1|ETV6|S100A4|NFIA|GDAP2|SERPINB1|ZFP36|ASAP1|CPEB4|USP4|ATP2B4|DAPP1|RAB1B|VASP|PRPF38B|ZEB2
ISHIDA_E2F_TARGETS	0.04889321333009	0.356179928903473	0.435664362278962	1.35819341073812	200	51	TOP2A|ANLN|PRIM1|CCNA2|CDCA7|CCNB1|DNA2|SMC2|KPNA2|NUSAP1|CDK1|RRM2|DBF4|BUB1|RRM1|CDK2|RB1|STMN1|PCNA|RFC3|CCNB2|FEN1|NCAPH|HMGB2
MAYBURD_RESPONSE_TO_L663536_DN	0.0489356496207487	0.356179928903473	0.4299267332275	1.35408122802762	199	54	CCNG2|SELENOT|HSDL2|AMD1|MRPL42|MSH2|YWHAQ|MED21|CCNC|GNPDA2|PPA2|CDK1|HMGB1|PLSCR1|BUB3|STMP1|KPNA1|NDC1|SLC30A5|USP15
MIKKELSEN_MCV6_LCP_WITH_H3K4ME3	0.04890625	0.356179928903473	-0.380794070728403	-1.2947005289422	312	129	TNS2|PTPRVP|SYTL1|IFITM1|SLC29A1|SYNE3|IFI35|GPR173|COL6A1|LBP|PCOLCE|NYAP1|LGALS3BP|EMP3|MYO1G|MUC1|GBP2|SLC25A45|TNKS1BP1|AKNA|UNC13D|KCNN4|GPSM3|ZBTB20|MRPS21|IQSEC2|ELOVL1|DAPK3|PINLYP|CCDC9|GLMP|RNASE1|PRICKLE3|IL17RC|SH3KBP1|PRRG2|ZSCAN2|GPANK1|MR1
WU_CELL_MIGRATION	0.0488963825873697	0.356179928903473	-0.364843125597003	-1.2692888238537	318	158	TPM2|COL18A1|S100A2|TRIM29|MAPK13|S100P|RGS20|SFN|TIMP3|CLDN7|MT2A|AXL|CXCL1|EPS8|TNFRSF21|TSPAN4|GALNT14|CRYBG1|FYN|SERPINE1|EMP3|CXADR|PKP3
IWANAGA_CARCINOGENESIS_BY_KRAS_PTEN_UP	0.0491337688156774	0.356688148243217	0.33344406739233	1.23575513803088	172	155	ZNF416|BICDL1|RGS5|MORC1|PGAP1|EFCAB12|EGLN3|LAMP2|BACE2|TBCA|ARIH1|BCAP29|FER|TP63|NOL11|CUL4B|MYNN|CALB1|MAPK8|BMERB1|MFSD4A|CDHR1|LDHD|OPRL1|TDRP|CHAC2|LITAF|NFATC2|UBA2|MYB|PGM3|WWP2|CR1L|BNIP2|SMPDL3B|RSL1D1|LMNB1|BHLHE40|AKIRIN2|DCAF12|BZW1|ATP6V1C1|TMEM33|AKAP10|ERCC6L|NT5C2|KIF2A|PHF10|ZC3H14|OGA|PGK1|TOP1|HIGD1A
REN_ALVEOLAR_RHABDOMYOSARCOMA_UP	0.0491432266408018	0.356688148243217	-0.411890298999917	-1.32207341047815	303	83	NHLH1|CYFIP2|PDE2A|ATP2A1|RTN2|MYL11|SOX11|CASQ2|CDH15|CACNA2D2|SPINT2|JAG2|RBM38|ATP2A3|SEMA6A|TPPP3|DMPK|BIN1|ENO3|IGSF3
WALLACE_PROSTATE_CANCER_RACE_UP	0.0490895848506919	0.356688148243217	-0.341526960826781	-1.23691979028798	336	229	TRBC2|CCR7|APOLD1|ANPEP|IL15|TYMP|ITGA4|CD37|RASGRP3|APOL1|PSMB9|TAP1|IFITM1|ADGRE5|BTN3A1|APOE|ITIH5|DNAJC15|IFITM2|IFI16|CD48|HERC6|PDLIM3|VSIG4|CCND1|RASGRP1|FYN|IL2RG|APOL6|THEMIS2|NFIL3|C5AR1|IGHA1|MX1|IRS2|IFITM3|MAP4K1|NLRP1|MS4A4A|ISG15|TAP2|ICAM2|PRF1|IL16|GMFG|THBD
GSE40274_FOXP3_VS_FOXP3_AND_SATB1_TRANSDUCED_ACTIVATED_CD4_TCELL_UP	0.0491961414790997	0.35681421110347	-0.404863715899498	-1.31628347813187	305	92	SEMA4G|ACKR1|MAPK13|H2AC15|S1PR5|PLLP|PLPPR3|KCNC4|COLEC12|FGF12|MST1R|DISP2|ENTPD1|SLC16A3|KLK13|HMGN2|CDCA3|CDH24|ID2|CBX2|NIBAN2
GSE13485_CTRL_VS_DAY1_YF17D_VACCINE_PBMC_DN	0.049359278595159	0.357738944792929	-0.390792083382757	-1.30321355506938	311	111	SPART-AS1|SYPL2|REN|LINC01366|FAM193B|MAPK12|RBM20|APLNR|LINC00265|OR2A4|LINC01512|MIR3150BHG|LIAT1|SRRM3|C5orf58|TEX48|DNAAF6|LZTS2
GSE20715_0H_VS_48H_OZONE_TLR4_KO_LUNG_UP	0.0494238932686477	0.357780180351436	-0.359208548984251	-1.25922315745011	325	169	METTL27|IL15|DGAT2|HLX|HOMER3|CYP19A1|TCAP|LAMA4|TAP1|GASK1B|CHST12|B3GNT8|MAPK12|DBP|TEF|SUN2|GIGYF1|OSBPL5|CD19|SLC2A9|PALD1|HFE|LAMB3|CAMKK1|SH2D3C|DOCK6|NR1D1|ATP2A3|MAGED2|TRIB3|CTC1|ICAM2|IL16|DGKA|ENO3|SLC2A3|AGRN|PDGFA|HDAC7|RANBP3|FAM98C|EPHX1|UCP2|LMBR1L|CNP|ACVR2B|CD3D|PPP1R37|DDX42|ZBTB11-AS1|ADD1|GAS6|CPT1A|IER2|P3H3|RDM1|ABHD16A|MYLIP|ZNF808
GSE40274_CTRL_VS_EOS_TRANSDUCED_ACTIVATED_CD4_TCELL_UP	0.0494362532523851	0.357780180351436	0.331388712332166	1.23151337084777	170	160	TTK|FCGR2B|SGO2|IL12RB2|SUMF1|LGALS3|CCL4|DCLRE1A|DTL|CNNM2|TOP2A|KIF18A|ANLN|KIF11|GEN1|CCNA2|KNL1|SPRY2|DAPK2|ECT2|PDE8A|ATP1B1|NDC80|ERP44|NEIL3|MAD2L1|PLCH1|LAT2|RAP1B|CKAP2L|CDK1|ARHGDIG|CDK2AP1|RAPH1|CHSY1|BUB1|KIF15|KLRG1|RB1|STMN1|ANXA1|RACGAP1|CENPI|KIF14|MASTL|FAM78B|SMPDL3B|STIL|SEPTIN11|AK3|ESCO2|SHCBP1|CDCA2|BHLHE40
EGUCHI_CELL_CYCLE_RB1_TARGETS	0.0497299729972997	0.358613124243459	0.553899393125979	1.44386905720527	220	22	CCNE2|KIF18A|KIF11|CCNA2|SMC2|ECT2|NDC80|BUB1|NEK2|SMC4|CENPE|CDC25C|FEN1|HMGB2
GSE17974_IL4_AND_ANTI_IL12_VS_UNTREATED_0.5H_ACT_CD4_TCELL_DN	0.0497117032881409	0.358613124243459	-0.376062548791376	-1.28388545256712	318	134	SPIB|LAG3|KCNJ14|FAM167A-AS1|THAP8|LINC01366|FOXD3|GASK1B|FXYD1|ADAMTSL4|NTRK3|USP30-AS1|PPP2R2B|LINC01116|FAM131C|CRYBA2|LRRC63|FEZ1|LTB4R2|STXBP5-AS1|PHLDB1|TEX48|TCF24|TNKS1BP1|CCL24|ROM1|DUSP13B|SORBS3|MAP3K11|SAP30L-AS1|ABCD1|WDR83OS|WIZ|RAB30-DT|LINC00520|KAZN|SPIRE2
GSE27859_CD11C_INT_F480_HI_MACROPHAGE_VS_CD11C_ING_F480_INT_DC_DN	0.0496931597066307	0.358613124243459	-0.354337473004951	-1.25544620037596	331	183	UBL3|TEP1|COL18A1|FN3K|CRLF1|WASHC1|BSCL2|ARSA|SNN|MAPK8IP3|C5|PDLIM2|HCST|CUL9|ING4|SELENOV|DCAF11|RPS9|P2RX5|CCNL2|PGS1|SIRT7|SLC15A2|AKAP8L|CTSA|TSPO|RNH1|CTSD|IL16|GMFG|RPS16|SLC2A3|MAP4K2|WDR13|STX5|MAP3K3|FERMT3|RPL27|ARHGAP1|PLEKHF1|PPOX|HIP1R|NISCH
GSE46468_LUNG_INNATE_LYMPHOID_CELL_VS_SPLEEN_CD4_TCELL_DN	0.0497137692075927	0.358613124243459	0.317103322765515	1.21188258538474	164	196	CD83|KBTBD8|EGR3|TET3|ACTR3|CKS2|STRAP|DNTTIP2|RSL24D1|KLF10|TAB2|ABCE1|TFB2M|UBE2N|HSPH1|NAA15|YTHDF3|TCP1|RBM7|MED21|USP14|TIGAR|BACH2|NOP58|EXOSC9|INTS12|VDAC1|TIPIN|SLC25A32|HUS1|CAP1|EIF1B|UBA2|UBE2NL|TRA2B|SNRPB2|BAZ1A|EIF2S1|MOB1B|FAM3C|HEATR1|SETMAR|DERL1|ATP2A2|UTP15|TRNT1|MAK16|GTF2B|FAM20B|NCBP1|SUCLA2|USP12|HSP90AA1|LTV1|VTA1|TTC27|ZNF473|CDK6|KPNA1|PPAT|EEF1E1|DRG1|TRMT6|FUNDC2|SMURF1|NUP58|HSBP1|POLR3C|ZFP36|TOP1|FBXW7|PPP1R15B|FASTKD5|SLC27A2|USP4|PURB|ILF2|NUP98
REACTOME_INTEGRIN_CELL_SURFACE_INTERACTIONS	0.0496863651370089	0.358613124243459	-0.425149907456468	-1.33757292431312	300	73	COL18A1|ITGA4|MADCAM1|COL1A1|BSG|ITGA7|ICAM5|ITGAX|COL6A1|ICAM1|COL6A3|HSPG2|ITGB5|ICAM2|AGRN|ITGB1|ITGAV|ICAM3|COL1A2|ITGA5|ICAM4|ITGAE
GSE32423_CTRL_VS_IL7_IL4_MEMORY_CD8_TCELL_UP	0.0499849442938874	0.359269863994274	0.322376510553308	1.21793262434367	165	183	ITGB7|GPR160|ARMCX1|PGAP1|CCL5|ESF1|GOLPH3|GPR174|HVCN1|NAA30|SWT1|ABCC4|FAM107B|HEMGN|TRUB1|RANBP2|SCFD2|SYPL1|RIF1|TOB1|SNX24|RMND5A|MEX3B|RBM7|RANBP9|UGCG|PXYLP1|CD96|SPP1|UPK1B|RNF144A|CDK17|TCEAL9|TAF1A|ZDHHC2|PRELID3B|CHSY1|CAPN7|MYB|PTP4A2|FBXO45|MOB1B|PDE7A|ARRDC4|METAP1D|KLHL12|IDH3A|SDAD1|UBQLN1|RBM47|CTDSPL2|ARL4A|NEPRO|LRRC40|AVL9|DLD|BTG1|THUMPD1|KCMF1|DYRK3|MAP4K5|UBP1|SRSF10|RAD17|TRAK1|ACOT9|COQ2|NIPBL|HEATR5A|FAM204A|PRPF38B|POU2F1|CDC14A|HNRNPA3|RNGTT|UBE2D2|CALU|MAP3K4
GSE36891_UNSTIM_VS_PAM_TLR2_STIM_PERITONEAL_MACROPHAGE_DN	0.0499614494988435	0.359269863994274	-0.368872044202917	-1.27321726672113	323	147	RINL|GNRH1|IFI30|AARSD1|RNF5|RHBDF1|OTUB1|GSDMD|NDUFA2|NBEAL2|HYOU1|SERF2|OSBPL5|GPX8|NSUN5|TMEM80|PDCD11|BRD3|B3GAT3|ATP2A3|FDXR|GUCA1B|TRMT1|STXBP2|LENG1|WDR13|ATPAF2|ALG3|BOP1|SIL1|HDAC7|VPS52|ZBTB7B|NT5C|FBXL6|EXTL3|FASN|SDHA|TNIP1|TAF1D|IL17RC|NNMT|COMMD6|UBE2M|MICAL1|PIGS|MR1|AUP1|DOLK
GSE39110_DAY3_VS_DAY6_POST_IMMUNIZATION_CD8_TCELL_DN	0.0499849442938874	0.359269863994274	0.322548559989956	1.21858262400256	165	183	TTK|PARPBP|RBM44|MX2|DDIAS|LGALS3|DEPDC1B|DTL|TOP2A|ANLN|PBK|INTS13|KIF11|GEN1|CCNA2|ALG6|CKAP2|DNA2|FBXO44|SCCPDH|KPNA2|ESD|GMPS|NUSAP1|IL1RL1|PERP|EGR2|RPS27L|TARS3|NATD1|CDK1|PRELID3B|BUB1|STMN1|RACGAP1|CENPI|AP3B1|NEK2|PRR11|STIL|MMS22L|ESCO2|SHCBP1|CENPE|PCLAF|LRR1|FABP5|PAICS|AHCY|CDC25C|NDUFAF2|BLMH|CCNB2|RAD51AP1|EXO1|NUDT4|CERCAM|MELK|FEN1|IFT43|ASPM|SLC66A3|WARS1|ZEB2|ATMIN|SPC25|CDC6|ARPC1A|FOXM1|CEP55
MISSIAGLIA_REGULATED_BY_METHYLATION_DN	0.05	0.359269863994274	0.35305888218396	1.26359512032448	181	120	SEMA3A|ITGB4|DCLRE1A|HAT1|RFC4|YES1|LANCL1|PRIM1|CCNA2|SMC2|RBMX|GMPS|NUSAP1|FUT8|TYMS|CDK1|RFC5|RRM1|STMN1|ANP32B|KIF14|NEK2|HNRNPA1|CDKN3|HMGB1|ZWINT|PSIP1|ACAT2|SMC4|LMNB1|CENPE|PCLAF|PAICS|CDC25C|IFT20|PIR|ALYREF|BUB1B|KNTC1|SNRNP40|POLD3|DLGAP5|CSE1L|KIF23|NCAPH|EXOSC8|HMGB2
REACTOME_NUCLEAR_IMPORT_OF_REV_PROTEIN	0.0499183578259855	0.359269863994274	0.487137214037411	1.40045979551181	213	34	NPM1|RANBP2|SEH1L|NUP153|NUP35|NUP107|NUP37|NUP160|NUP133|NUP205|NUP88|RAE1|NUP155|NUP54|NUP50|NDC1|KPNB1|NUP58
GSE24142_ADULT_VS_FETAL_DN2_THYMOCYTE_DN	0.0500754147812971	0.359554373086309	0.324812837668866	1.221814895318	165	178	MEIS1|RHOV|ZNF14|GNAT2|GOLPH3|EGLN3|DARS1|TRIM6|ZNF518B|MARCHF5|UCHL3|SUV39H2|FASTKD1|ABCE1|MRPL42|PLEKHA5|GDI2|HSPH1|CAPN2|TJP2|TRIM13|TCEAL8|HK2|COPS3|PMFBP1|FBXO15|HNF4A|NKAIN1|PTPN14|TXK|FBLN1|VAPA|TIMM23|DSG2|MED7|BMPR1A|CA8|PTK2|ARMT1|CS|IFTAP|PTPN12
GSE14000_UNSTIM_VS_4H_LPS_DC_TRANSLATED_RNA_DN	0.0501492537313433	0.359827168659917	0.326471125769598	1.22704758098691	167	176	AIM2|FSD1L|TTC39B|TRIM69|FAM135A|IFIH1|ZNF107|MX2|CCL5|BLZF1|NXN|CCL4|USP25|SFT2D2|NT5C3A|RAB29|DTX3L|USP2|CD80|PI4K2B|PNPT1|MTHFD2|CYP27B1|CMPK2|IFIT3|HOMER1|SRGAP2C|RECK|RSAD2|LINC01588|SLAMF7|IFIT1|CD274|IFIT5|C1GALT1|CDK17|CXCL11|ACSL1|DDX60L|ETV7|NAMPT|DDN|DRAM1|PPM1K|TOR1B
DOUGLAS_BMI1_TARGETS_DN	0.0502251472116384	0.360114305507447	0.2956694850251	1.17704643823478	144	299	SEMA3A|STK38L|SLC10A7|GPR137B|EGF|ARMCX1|CCNG2|DHX58|TBCEL|CREBL2|SESN3|SLC33A1|INSIG2|CLIC2|ZBTB41|GNAI3|JKAMP|KLHL24|EXD2|PSMD5|FGGY|TDRKH|CGGBP1|LANCL1|NHLRC2|MAPK6|BMI1|ETNK1|FAM199X|ZFYVE26|ARL1|MFSD1|IFIT3|APOBEC3D|IL32|MLC1|IFIT1|STRA6|MYEF2|LRRC37A|DSG3|ACSL4|DCAKD|LIPH|PCMTD1|INSIG1|DCAF17|PANK1|RAP2C|ARL5B|SOAT1|DDX60L|LCP1|IFI6|FAM91A1|IREB2|TIGD1|FGD6|SDE2|GOLPH3L|TOR1B|CHUK|GOLT1B|DCP2|RO60|BIRC2|KLHL12|TPP1|RBM47|CLCN3|MFSD14B|TMED8|PUDP|SERINC1|COX15|API5|NGLY1|CEP57|YIPF4|ZFYVE1|WEE1|ATP6V1A|S100PBP|UBE4B|RNF168|CCNDBP1|RUSF1|SLC39A8|DCAF12|OTUD4|FCHSD2|SKP2
CUI_TCF21_TARGETS_2_UP	0.0505434782608696	0.361287116690485	-0.316260405527837	-1.19833224646825	371	383	TMEM238|MXD3|PCBP4|TRAPPC6A|C1QTNF12|LRRC56|TCTN2|ELAPOR1|SYCE2|LAMA4|ECM1|CENPX|KCNK5|INCENP|COL1A1|CLDN6|ZNF692|TRPM4|RNASEH2C|RCN3|CLCN2|DTYMK|CTHRC1|GRIA3|IGFBP2|RGS17|SOX11|MSI1|COL6A1|LBP|TGFB3|CYBA|ALDH16A1|RPS9|RELT|LSR|MIF|ZNRD2|TBRG4|FLYWCH1|ZNF593|GREB1|DCN|ESR1|TAF6L|EXOSC5|PYCR3|SNRPB|NFATC4|YPEL1|TACC3|VPS72|POLD1|MACROD1|SRM|CAD|PIN1|NDUFB7|GUK1|ARHGAP39|MEX3A|PALM|PDGFA|CDCA3|B4GALT2|PYCR1|CENPV|HSPBP1|NCAPH2|CD276|PDLIM4|DYNC2I2|DCTPP1|RPSA|PAFAH1B3|BOK|HELLS|THOP1|MDK|TK1|LRFN4|SPINT1|STARD10|ESPL1|RHEBL1|TIMELESS|SNRNP70|GAS6|BCL7A|NOC4L|ELP5|MCM3|MCM7|SESN2|SERPINF1|CDCA7L|FAM185A|DIPK1B|ABHD16A|PIH1D1|UHRF1|PIMREG|SGTA|FXN|CLEC11A|CDCA8|KIF22|POLE3|ARSB|AKR7A2|TMEM231|EMC8|NT5DC2|MAOA|PATZ1|FN1|CCDC80
GSE17974_CTRL_VS_ACT_IL4_AND_ANTI_IL12_1H_CD4_TCELL_UP	0.0504316219900046	0.361287116690485	-0.360301148344441	-1.26174728896837	332	166	GAA|RAP1GAP2|TSIX|IFI30|SH3BP2|VILL|ACAP1|LINC00173|TFPT|RNF207|C1orf159|ROGDI|DYNLRB1|IRS1|SCRIB|STX10|SAMD10|RPAP1|COL6A3|U2AF1L4|RAB15|PET117|TMUB1|TRIB3|TRADD|BIN1|WDR27|PCIF1|TBC1D10A|FGFR3|RASSF7|TRAPPC1|JUNB|PGP|MGRN1|PARP3|TPRN|TSC22D1|G0S2|GRINA|MCRIP2|MCOLN1|ASB16-AS1|ANKS6|REPIN1|CEP170B|ADGRL1|ZBED10P|YIPF2|SOCS3
GSE19825_IL2RALOW_VS_IL2RAHIGH_DAY3_EFF_CD8_TCELL_UP	0.0505474726263687	0.361287116690485	-0.352042622955866	-1.24978939326854	336	189	RINL|LAG3|TMCO4|PAK1|METTL27|IAH1|CCDC12|ZFTRAF1|CD84|P2RX4|TRIO|IFI35|IFT140|CARNS1|NAPSA|CCND1|CLCN7|FOS|MED15|KATNB1|ACTN2|C19orf38|TRPM1|BCL9L|GBP2|PLEKHG2|TBC1D8|DCXR|FILIP1L|TXNDC15|FBXW4|CDIPT|F2R|PDRG1|NR4A1|GRK6|SCYL3|ZNF579|TRIM39|TAPBP|AAMDC|NCKAP5L|KLF13|CYBC1|MREG|UQCC3|MEF2D|SDF4|NDUFB11|IFNGR1|FAM50A|PKD1|LY6E|CC2D1A|DTX2
GSE24210_IL35_TREATED_VS_UNTREATED_TCONV_CD4_TCELL_DN	0.0505079825834543	0.361287116690485	0.330480234954259	1.22911443472248	173	161	PRNP|ABITRAM|BMPR2|BLZF1|GOLPH3|FGF13|NAA30|TLE4|P2RY1|MTREX|HIPK3|HACE1|PPP1CB|RANBP2|PPIP5K2|PRPH|UTRN|ZNF644|UHMK1|PROKR1|TRIM2|NIPAL1|WNT2B|EGR2|RIOK2|USP33|LARP7|GRK5|DDX52|NKX3-2|DDN|PARD6G|ENDOD1|HNRNPK|MYB|RABGAP1L|CCT4|KRR1|KCTD9|CFAP20|CAND1|ZNF823|AFTPH|LRRC58|CR1L|MTF2|TCERG1|LEPR|ASTN1|ARCN1|ALKBH8|LTV1|ATP11C|ZZZ3|SSBP2|MBTD1|NDFIP1|PBRM1|FUBP1
SHIN_B_CELL_LYMPHOMA_CLUSTER_8	0.0505686789151356	0.361287116690485	-0.511968905711915	-1.40595078834012	288	34	IL21R|SMAD7|TYROBP|IL15|ICAM1|FAS|MAFK|SPN|NFKBIB|FANCG|PSEN1
NABA_ECM_AFFILIATED	0.0508555133079848	0.36307798192429	-0.390509003691965	-1.30081312940645	320	110	SEMA4G|HPX|PLXNB1|SEMA4D|PLXNB2|SEMA3F|PLXNA1|SEMA3B|PLXNA2|MUC5B|PLXNA4|COLEC12|LGALSL|GPC1|SEMA6A|SEMA3G|MUC1|SEMA4F|SEMA4C|SDC4|GPC2|PLXNA3
BENPORATH_MYC_TARGETS_WITH_EBOX	0.0509563439918236	0.363539289971518	-0.342184404923068	-1.23649677524195	348	221	ASCL2|TPM2|SLC2A4|SMAD7|IL11RA|BCL2L12|MELTF|ACE|CBS|HBB|SYNGR2|BSG|PDCD1|TCIRG1|TNFRSF8|TGFB3|UBA52|UCP3|SLC19A1|PHB1|ICAM1|CCND1|IRF3|NOP2|SERPINE1|RPL13A|NR1D1|BCL3|MET|MUC1|AMPD2|SNHG5|ID3|SRM|RPS15|SLC4A2|CLCN6|JUNB|NTHL1|HMGN2|PRTN3|ITGB1|CDK10|PER1|MNX1|RPL10|FASN|GSK3B|GSTP1|LMNA|MYCL|LMNB2|SURF6|HES1|CSTB|MAGEA3|PARP1|TIMM17B|BBC3|MCM7|VAMP2|JUN|HBE1|EBP|AKR1A1|EIF4A1|AP4M1|FXN|CHRNB1|RHOG
REACTOME_HOMOLOGOUS_DNA_PAIRING_AND_STRAND_EXCHANGE	0.0510424155283968	0.363894720933272	0.45267321309236	1.36905118782418	212	43	RMI1|NBN|RFC4|DNA2|RAD9B|HUS1|RFC5|RBBP8|RPA2|ATR|BRIP1|WRN|PALB2|BLM|RFC3|ATM|RMI2|XRCC2|RAD51AP1|EXO1|RAD17|RPA3|BRCA1
REACTOME_RUNX2_REGULATES_OSTEOBLAST_DIFFERENTIATION	0.051131221719457	0.364269129609588	0.576555124620096	1.46206628292542	225	20	SRC|RUNX2|YES1|SATB2|CBFB|MAPK1|WWTR1|BGLAP|ZNF521|RB1
GSE360_DC_VS_MAC_T_GONDII_DN	0.0511929930534582	0.364450542035896	-0.35706347692864	-1.25569427393199	338	173	GZMM|EMILIN1|TSC22D3|CD14|CTBP2|MADCAM1|ABCB4|LILRA2|NDUFB8|TECPR2|APOE|PLA2G15|APOC1|COX6B1|N4BP2L2-IT2|VSIG4|QRICH1|SLC19A1|GPC1|HFE|SLC6A8|FYN|CTDNEP1|SLC29A2|FOS|STAB1|ARHGAP26|AKT3|NOTCH3|FOLR2|IGHA1|GAL|GUCA1B|KIF5A|LYL1|ITGB5|MERTK|SLC1A5|NOL3|ALG3|MBOAT7|TUBGCP2|HDAC5|DNAL4|SASH1|LMNA|SUPT7L|DNASE2
GSE18281_PERIMEDULLARY_CORTICAL_REGION_VS_WHOLE_CORTEX_THYMUS_UP	0.0514131088394468	0.365084513575809	-0.35593090247617	-1.25485892332186	341	176	IDUA|ANPEP|PLXNB2|MADCAM1|PRKCZ|TAP1|APLP2|CILP|PPP2R2B|KRT4|VSIG4|CLCN7|HSPB1|MCAM|TMEM109|PELP1|CPSF1|PNKP|GNA11|FBXO41|SORBS3|TRPC4AP|BAP1|SLC35D2|TRMT2A|ERAL1|GRINA|POLR2A|KLHL21|MYCL|ANAPC2|RUSC1|IRF9|ESPL1|EHMT2|CCDC51|HES1|PSEN1|CCNO|MCM2|MED16|GPR3|CPT1A|IRF1|COG2|PKN2|PIMREG|SMYD5|TLN1|INTS1|SAE1|OIP5|KIF22|CIAO3|ARRB2|ZNF142|RXRA|LIMK2|UBA1|INTS3|MEN1|ZNF609|CHFR|DCTN1
HALLMARK_ESTROGEN_RESPONSE_EARLY	0.0513402998636983	0.365084513575809	-0.356725717045002	-1.25313434814072	338	172	SULT2B1|IGF1R|WFS1|KRT15|FARP1|SFN|CLDN7|MINDY1|TPBG|SYNGR1|KCNK5|SEMA3B|EEIG1|PDLIM3|CCND1|RASGRP1|STC2|FOS|CA12|GREB1|MUC1|SCARB1|RRP12|MED24|DHRS3|MICB|TSKU|NBL1|MYBBP1A|DHCR7|BLVRB|FLNB|FASN|TGIF2|TUBB2B|KAZN|MREG|KDM4B
MASRI_RESISTANCE_TO_TAMOXIFEN_AND_AROMATASE_INHIBITORS_DN	0.0514275256222548	0.365084513575809	-0.645972675535147	-1.47519641479391	280	15	TAGLN|L1CAM|APOD
REACTOME_CHONDROITIN_SULFATE_DERMATAN_SULFATE_METABOLISM	0.0514178339596857	0.365084513575809	-0.476654030897347	-1.38080926511868	300	45	IDUA|CHST12|B3GAT1|GPC1|HSPG2|B3GAT3|DCN|NCAN|CSGALNACT2|B4GALT7|AGRN|HYAL3|HEXA|SDC4|GPC2|XYLT2|CHPF2
GSE17721_0.5H_VS_4H_LPS_BMDC_DN	0.0514792899408284	0.365193719029	0.326163541816285	1.22411839148528	173	173	BATF|GNA13|MMP14|CD70|KLHL13|IL10RB|RUNX2|RNF2|FAM107B|STXBP3|MOSPD2|PPP1CB|BMX|PLEKHA5|LZTFL1|UNK|PROCR|PIKFYVE|PLEKHF2|SLC44A1|WSB2|ATL3|TRMT1L|HK2|TANC1|PMFBP1|SLC5A11|FABP9|ELL2|CHTF8|RBM43|CRBN|RPE|UBE2E1|AP1G1|NAMPT|BMPR1A|TRA2B|CACYBP|FAM241B|ABI1|SEPTIN2|CWC15|UBE2D1|RBM47|ZDHHC5|PMPCB|UPF2
GSE19888_ADENOSINE_A3R_INH_VS_ACT_WITH_INHIBITOR_PRETREATMENT_IN_MAST_CELL_UP	0.0517490604220873	0.365738575982997	0.330000169032111	1.22635323842206	178	160	SETDB2|ZBTB26|SP8|DCK|TENM1|FOXA1|CD69|CD40|IFIH1|MX2|DHX58|NECAB1|LAMP2|GNB4|DTX3L|MARCHF5|PARP11|ETNK1|ARF4|CMPK2|IFIT3|SYTL3|C2|RSAD2|CFI|IFIT1|SLC5A11|CD274|OOSP2|CDH7|SGK2|RAB19
GSE22025_UNTREATED_VS_TGFB1_AND_PROGESTERONE_TREATED_CD4_TCELL_UP	0.0519204493699712	0.365738575982997	-0.361413503448064	-1.26263121904259	341	162	GPR135|RAB4B|H2AC8|IFI30|HLX|CLBA1|SLC8A2|SCN5A|CPEB3|DIAPH2|RHBDF1|LAMA5|APOC1|ECM2|N4BP2L2-IT2|SLC19A1|AGER|ATP2A3|TKTL1|STK19|LSS|NAA80|PRF1|CPQ|NACC2|DDAH2|DAPK3|PINLYP|ERN1|PTK7|PDLIM4|YJU2|RNF24|CAND2|CHRD|CDKN1C|TIMELESS|GCAT|FAM8A1|ARAP1|BRF1|TCTA|AHDC1|CASP9|RAB11B|RALGPS1|OIP5|MGAT5|CUX1
GSE22886_NAIVE_CD4_TCELL_VS_12H_ACT_TH2_UP	0.0518994914747233	0.365738575982997	-0.352481032975925	-1.25029717529263	346	187	UBL3|IL11RA|SMPD1|LYPD3|PPFIBP2|PRKCZ|FAM193B|ANKH|KCNC3|TSPYL2|HOOK2|ZNF710|DGKD|CUL9|SNHG32|SPSB3|KLF7|LSR|TMEM8B|LRCH4|RAB40B|TPCN1|IP6K2|SPG7|RHOT2|SNHG17|P2RX6|LTBP3|MZF1|C11orf21|NLRP1|BIN1|ZNF83|SORBS3|USP19|MAP4K2|PHC1|CTSL|PPOX|LMBR1L|ARHGEF1|SLC9A8|RGS12|MFGE8|ERP29|R3HDM2|RPL3|IQSEC1|STMN3|TTC17|ITPR3|PXN|PINK1|RSAD1|AP1G2|LDAF1|ERGIC3|SNPH|INTS1|SRSF5|STX16|ATP1A1|ISYNA1|COX4I1
GSE38681_WT_VS_LYL1_KO_LYMPHOID_PRIMED_MULTIPOTENT_PROGENITOR_DN	0.0516671673175128	0.365738575982997	0.322569977710915	1.21596302541678	171	180	BATF|PIGA|IFIH1|MX2|DHX58|PUS10|CUEDC1|USP25|SFT2D2|CMTM6|PDCD10|NABP1|VPS54|CCRL2|IL18R1|NBN|TRMT10A|PIK3C2A|LGALS8|PNPT1|IPO7|NUP153|ETNK1|ARF4|ZFYVE26|SH3BGRL2|CMPK2|IFIT3|SYNE2|TMEM140|RSAD2|CD274|ACSL4|RBM43|PPA1|RBL1|NFE2L2|IL10RA|PELI1|WIPF1|ZNF654|NAMPT|CLIC4|TRAFD1|VMP1|ATAD1|ELOVL6|CHMP5|TOR1AIP1|FAM111A|PHIP|STAU1|HELZ2|RFC3|RIPK1|ZNF281|GHITM|KPNA1|PARP9|TASOR2|LYSMD2|HSPA5|MCL1|STAT1|MORC3|ZUP1|CD82|PARP14|WDHD1
GSE7831_CPG_VS_INFLUENZA_STIM_PDC_4H_DN	0.0519204493699712	0.365738575982997	-0.361405036700283	-1.26260163968274	341	162	MXD3|PRG2|ENKD1|PNKD|IFI30|PYCARD|LHFPL5|NDUFB2|PTPDC1|HYOU1|UBL5|ATP5ME|NAA38|DTYMK|SHLD1|CD48|COL6A1|SCRIB|SLC6A8|TMEM107|NDUFS8|PKMYT1|TEX48|COMMD1|TONSL|SEMA4C|MYO18B|PLEKHF1|CDCA3|KIFC1|LSM6|NUDT14|MYCL|TEDC2|PRR14|CCHCR1|ERCC2|DNMT1|C11orf71|ACCS|RAC3|PIF1|TRAF5|UHRF1|HAND2|FXN|ZNF513|COX7A2|TICRR|WDR90|SLC25A39|MAPK15|NSMCE1|WDR62|RPL41
LEI_MYB_TARGETS	0.051834017844498	0.365738575982997	-0.328574586728182	-1.21665252099175	365	291	HSPA6|SRGAP3|KRT15|TSC22D3|S100P|CRIP2|LAMB1|SFN|TIMP3|SEMA3F|CLDN7|AXL|IFITM1|ACTA2|GRN|OTUB1|COMMD4|LAMA5|TRIO|NXF1|IFITM2|POR|MMP1|CCND1|AURKB|LGALS3BP|HSPB1|SERPINE1|COL6A3|NDUFS8|FASTK|CA12|ATP2A3|IL1B|MAGED2|MUC1|SLC16A3|MMP15|ISG15|VPS72|EMP2|TRIP6|CTSD|ASNS|DHRS3|CDK2AP2|SELENBP1|MICB|SLC2A3|GFUS|CEBPB|PLEC|MBOAT7|TNIP1|TUBG1|GSTP1|MDK|COL1A2|HSPA1A|FLOT1|NNMT|PRPF6|TUBBP1|ATP5F1D|EEF1D|LMTK2|UBE2M|LPCAT1|EPOR|NINJ1|MCM2|ITPR3|LY6E|BAIAP2|PDXK|MCM7|RAC3|CDKN1A|BRD2|DPM2|EBP|PTTG1IP|AP1G2|MRPS12|EFNA3|TMEM158|ACBD3|CLEC11A
SAUL_SEN_MAYO	0.0519108280254777	0.365738575982997	-0.397657770087553	-1.30684865043526	325	100	PLAT|C3|IL15|SEMA3F|AXL|CXCL1|GDF15|EREG|CXCL16|MMP1|IGFBP2|CSF2|ICAM1|ACVR1B|TNFRSF1A|MIF|SERPINE1|PGF|IL1B|NRG1|FAS|CCL24|CCL26|GMFG|TNFRSF1B|TUBGCP2|FGF2|ICAM3|IL6ST
STAMBOLSKY_TARGETS_OF_MUTATED_TP53_UP	0.0516113399563848	0.365738575982997	0.439883724688266	1.3627258788316	212	49	EGR3|MYNN|PLEKHA5|NAA15|JAK3|C5orf22|SKAP2|PPP3R1|ANXA1|SNX22|C6orf62|TAF4B|ZNF638|EIF4B|GALNT7|SLC37A3|ZNF407|TRPS1|DNAJC3|CDK13
WP_1P36_COPY_NUMBER_VARIATION_SYNDROME	0.0516356638871071	0.365738575982997	-0.401299839056003	-1.30939024742631	321	94	PLEKHN1|SAMD11|C1QTNF12|FAAP20|PRKCZ|HES4|TMEM52|C1orf159|ACAP3|ATAD3C|AURKAIP1|CCNL2|VWA1|ESR1|COMMD1|ISG15|MRPL20-AS1|TRAF2|MIB2|DVL1|AGRN|INTS11|CDK11B|RBX1|UBE2J2|FNDC10|SDF4|INTS4|MXRA8|SKI|MCM2|VEGFA|TRAF5|PANK4|ATAD3B|B3GALT6|CPTP|CDK11A|PUSL1|SMAD3
WP_IL3_SIGNALING	0.0518322082931533	0.365738575982997	0.446968091806337	1.36196030107664	214	45	CXCL8|PTPN6|CD69|SRC|YWHAQ|MAPK8|VAV1|MAPK1|JAK2|BCL2
GSE3982_BCELL_VS_CENT_MEMORY_CD4_TCELL_DN	0.0519738710593581	0.36585085297657	0.332120672437267	1.230850590986	182	155	PCYOX1L|ADTRP|LUZP4|CCL5|CREBL2|MANSC1|NXN|SLC22A1|CHN1|CAMSAP2|TCF7|POGLUT1|EVC|P2RY1|PHLDA1|DLC1|NPR2|ETV3|ZNF12|ZNF34|FKBP10|EFHC2|FAM174B|SPATA6L|TXK|C1S|KIT|NRXN1|DAZAP2|LDHB|CXCL11
GSE9037_WT_VS_IRAK4_KO_BMDM_UP	0.0520457280385078	0.36585085297657	0.322511871736955	1.21746434534765	172	182	ZC2HC1A|FEM1C|ZBTB26|ZNF583|ARHGAP23|ATG4C|MAP3K1|KLF10|EIF4E3|NEMF|STT3A|USP6NL|RIF1|FNIP2|RP2|TBPL1|UTP11|SMARCA5|DDHD1|TGFBI|TMEM176B|KIF3A|USP33|USP47|VDAC1|LIN9|SOCS2|USP45|XKR8|CREG1|CMPK1|NUBPL|ACTL6A|PTK2|LUC7L2|PRKD3|LSM14A|RCOR3|AZI2|HAPSTR1|UTP15|QKI|DOC2A|C6orf62|NT5DC1|METTL5|PIAS1|YIPF4|TAX1BP1|CDC73|MMACHC|FABP5|DNAJB6|SAV1|PUS7L|PNRC1|EHBP1|ANXA7|PIR|VIM|RALGAPA1|SORD|ZFP1|NUP58|PEX19|RRN3|POLR3C|TBC1D12|IER3IP1|NFIX|FAM204A|NR2F2|GZF1|CEP83|NHERF1|ERGIC2|STIM1|RC3H2|TNFAIP3|JMJD1C|BANF1
REACTOME_SUMOYLATION_OF_UBIQUITINYLATION_PROTEINS	0.0520217545519035	0.36585085297657	0.466681156418171	1.38622015364706	219	39	RANBP2|SEH1L|NUP153|NUP35|NUP107|SUMO1|PIAS2|NUP37|NUP160|NUP133|NUP205|NUP88|PIAS1|RAE1|NUP155|NUP54|NUP50|NDC1|NUP58|NUP98|NUP43|TPR|PML
GSE2128_CTRL_VS_MIMETOPE_NEGATIVE_SELECTION_DP_THYMOCYTE_NOD_UP	0.0522064323111444	0.36661214767765	-0.353470007064468	-1.25124387512306	348	181	TYROBP|PDE2A|CD14|ENG|MGAT4A|CXCL1|ARID5A|B3GNT8|METRN|IL4I1|APOE|STK11IP|DGKD|RNASEH2C|RCN3|IFITM2|KLF7|RIGI|ST6GALNAC6|TNFRSF1A|RASGRP1|LGALS3BP|IL2RG|COMT|SHFL|BCL3|IFITM3|LRRC75A|ACYP2|IL18BP|ARMC5|ADAM15|SLC7A11|HPGD|PPARD|SDC4|RBFOX2|CLSTN1|C19orf47|VKORC1|NDST1|TNFRSF1B|LIFR|PGGHG|MFGE8|MTHFD2L|TMEM65|PCK2
VERRECCHIA_DELAYED_RESPONSE_TO_TGFB1	0.0522270742358079	0.36661214767765	-0.522341607128678	-1.40946992849848	298	31	LAMB1|ITGA4|SEMA3F|MMP1|TNFRSF1A|FGD1|ARHGAP1|MMP17|ITGA5
JIANG_MELANOMA_TRM6_CD8	0.0523101018010963	0.366938366093225	-0.378588167850312	-1.28579373543471	333	128	ABRACL|CCDC12|BSCL2|RPL28|PYCARD|PDLIM2|RPS20|DHRS1|IFITM1|COX5B|IFITM2|CD48|NCCRP1|ITGAX|LGALS3BP|MYO1G|PKP3|IFITM3|ROM1|RNH1|RPS10|GMFG|RPS2|RILPL2|CARHSP1|ITGB1|MYL6|RPL10|PRELID1|RPSA|CLTA|FLOT1|PSMB4|RPS11|RPS26|RPS12|CDC42|NOP53
LI_AMPLIFIED_IN_LUNG_CANCER	0.0523520485584219	0.366976161612736	-0.357608471975158	-1.2538742586299	344	170	SLC22A18|S100P|RPS21|ENC1|RPL28|SFN|COX6A1|RPS20|COL1A1|SYNGR2|HYOU1|IGFBP2|UCHL1|LGALS3BP|HSPB1|MIF|SPINT2|TIMP1|MUC1|CALR|RPL38|YIF1A|RPS10|RPS16|CDK2AP2|RPS2|GFUS|RPL27|SNRPD2|UGDH|RPS27|SDHA|RPL37A|MDK|COL1A2|SSR4|PSMB4|SPINT1|EEF1D|CSTB|JTB|RPL35|RPL8|TUFM|VEGFA|RPS5|P4HB|AKR1A1|PFKP
GSE22611_MUTANT_NOD2_VS_CTRL_TRANSDUCED_HEK293T_CELL_DN	0.0527281063732233	0.368769077068599	-0.362219812959879	-1.26281442400924	344	160	MATN1|UBL3|SLC30A4|EPB41L1|SPPL2B|LPCAT4|UBA7|SMIM27|APOC1|DTYMK|ANKS1B|KLK2|TRIM46|CPS1|PUS1|ENSG00000274253|LGALS3BP|STAB1|HSPG2|NME3|ESR1|H4C2|TRPC1|OAZ3|CCL24|BAHCC1|DCXR|MTMR8|MACROD1|SPATA7|SAP30L-AS1|WDR13|RPS2|GRTP1|HSD17B1|REXO5|CLSTN3|MYBL2
REACTOME_RHOBTB1_GTPASE_CYCLE	0.0526675786593707	0.368769077068599	0.544020290946833	1.42775095159167	230	23	COPS2|TXNL1|ROCK2|RHOBTB1|RBMX|MYO6|ROCK1|TRA2B|COPS4|CUL3
RHODES_CANCER_META_SIGNATURE	0.0526841448189763	0.368769077068599	0.409903803794618	1.33165273728898	210	64	CKS2|TOP2A|RFC4|LDHA|MTHFD2|NCBP2|CBX3|KPNA2|NUP205|CDK1|TARS1|SSR1|ACLY|CCT4|HSPD1|PPP2R5C|CDKN3|MRPL3|SSBP1|DVL3|PCLAF|PAICS|E2F5|HNRNPA2B1|AHCY|COPB2|CANX|KDELR2|ILF2
SMID_BREAST_CANCER_RELAPSE_IN_PLEURA_DN	0.0527547713359741	0.368769077068599	-0.602300772288308	-1.45860228441506	292	19	S100P|CHAC1
GSE1791_CTRL_VS_NEUROMEDINU_IN_T_CELL_LINE_0.8H_DN	0.0528342575477511	0.368986205725366	-0.364525772103418	-1.26285947315329	342	153	SLC26A11|PAK1|ATP9B|STX1A|PLA2G6|IFT122|EXT1|CD84|PDLIM2|ZFPL1|GPR68|TEX19|SLX4IP|SPATA6|IER5L|C5AR1|OFCC1|NOTCH3|EPHX3|C11orf21|CCL24|IL18BP|CAMK1|KCNK6|GAL3ST4|KCNJ11|SLC2A3|PCSK7|EPOP|CACNB3|SIGIRR|POLR1G|ATP6V0A1|ZBED10P|UBE2M|KDELR3|ATP6V0B|BRF2|CYC1|CDKN1A
GSE9988_LPS_VS_LOW_LPS_MONOCYTE_DN	0.0528593508500773	0.368986205725366	-0.368805401062334	-1.26922175316822	341	143	BCDIN3D-AS1|PBX4|COL18A1|EMILIN1|ELOVL3|APBB2|NPW|BMP8B|SYCE2|HEPACAM2|PHB1P19|LINC00173|GOPC|ATAD3C|DISP2|TMTC2|MPG|PRRT3|OCEL1|MUC1|MMRN2|TNKS1BP1|PNKP|GAL3ST4|PPP6R2|HSD17B7|AGRN|NOL3|NOS3|ZBTB7B|GRTP1|TEX264|GRB7|ANKS6|PNPO|ZNF23|RNASEH1-DT|ABHD8|MED15P9|ISOC2
GSE1432_CTRL_VS_IFNG_1H_MICROGLIA_UP	0.0530667468430547	0.369549629665237	-0.354739424389941	-1.25065828522597	352	176	PLXNB2|HOMER3|LPAL2|GASK1B|LMF2|ITPA|SLC52A2|CCDC102B|TRPM4|SMTN|BCAM|GPC1|RECQL5|LMAN2|AURKAIP1|SCAND1|COMT|BRD4|RFNG|PYCR3|SEZ6L2|MAD1L1|CAPN10|EHBP1L1|SPTB|POLD1|ADAM15|CAD|MBD3|CAPN15|PLK3|MAP4K2|NACC2|ATP13A2|UNKL|TRPC4AP|SGK1|GFUS|APBB3|PLEC|NSMF|B4GALT2|ID1|MVD|SDHA|MEF2D|THOP1|EGFL7|CAPG|TUBB3|TPRA1|RPS6KB2|PITPNM1|TMEM259|CENPB|IER2|DTX2|DESI1|BBC3|BCKDK|RELB|PGAP6|ZNF512B|MGAT1|CD320|SH3GLB2|FRS3|KMT2D|USP11|TTC38|KDM2A|IKZF5|BAG6
GSE43863_DAY6_EFF_VS_DAY150_MEM_TFH_CD4_TCELL_DN	0.0530694205393001	0.369549629665237	0.334300468179808	1.23312508969828	184	152	ETV2|LIPG|NAPEPLD|BATF|AIF1|CD44|C3orf52|PTH2R|PALMD|ABHD3|SUV39H2|RFX5|HYCC1|CALN1|MXI1|PLXND1|SYTL3|PERP|NUDT11|CDH7|XCL1|RPS6KA2|PLXNC1|RNF144A|FUT8|CARD10|MBOAT2|SOCS2|HBEGF|CARD6|PARD6G|SAMD4A|PCGF5
GSE45365_WT_VS_IFNAR_KO_CD11B_DC_UP	0.0530667468430547	0.369549629665237	-0.354787832522618	-1.25082895143345	352	176	ATP2B1-AS1|ANO9|ANKEF1|CFAP45|CTRL|FLT3LG|LCAT|MTG1|FAM120C|NAT9|EEIG1|QRICH1|ENSG00000284691|ST6GALNAC6|STYK1|NOP2|SH2D3C|ATXN7L2|CABIN1|LMF1|BCL9L|YDJC|PELP1|MAP4K1|YY2|TMEM161A|ANKRD23|MACROD1|USP36|DHRS3|ALG3|CRTC1|IL23A|CERS4|KLHDC4|FAM118A|ALG12|CLUH|INO80C|ID1|PCYT2|RNF220|CMTR1|PGGHG|GIPC1|MEF2D|NOSIP
PID_NECTIN_PATHWAY	0.0531076066790353	0.369549629665237	0.505865908525403	1.40718328786224	228	29	VAV2|SRC|PDGFB|PIK3CA|RAP1B|RAP1A|PVR|PTK2|CTNNB1
ZHOU_CELL_CYCLE_GENES_IN_IR_RESPONSE_24HR	0.0531241398293421	0.369549629665237	0.348404631518169	1.25517669574993	192	125	TTK|PARPBP|TOP2A|ANLN|RFC4|KIF11|CCNA2|CCNB1|CKAP2|NUP107|SMC2|KPNA2|NEIL3|NUSAP1|MAD2L1|LRRN4CL|FBLN1|CHAC2|TPRKB|SQOR|CDK1|WIPI1|RFC5|QSER1|CACYBP|BUB1|EIF2S1|BORA|CDK2|RACGAP1|RBBP8|RPA2|NEK2|NUP88|CDKN3|PCNA|LMNB1|FABP5|PAICS|KNSTRN|CCNB2|IFT20|ALYREF|EXO1|KNTC1|DEPDC1|DLGAP5|CSE1L|KIF23|MELK|EXOSC8|HMGB2|GINS3|ASPM
PID_EPHA_FWDPATHWAY	0.0533515731874145	0.370874717212789	0.543527288843668	1.42645709503219	233	23	VAV2|EFNA2|SRC|YES1|RHOA|ROCK1|PIK3CG
BLANCO_MELO_INFLUENZA_A_INFECTION_A594_CELLS_UP	0.0536092170232777	0.372380773526447	0.476337288761831	1.38935483069917	227	36	NXT2|CXCL8|RGS2|CCL5|DHX58|CCL2|KLF10|EGR1|MRPL42|LASP1NB|SRP9|TMED7|HERPUD1|HBEGF
FIGUEROA_AML_METHYLATION_CLUSTER_7_UP	0.0536795157693533	0.372380773526447	-0.395224357600674	-1.30050104127184	336	101	TGFB1I1|DHRS12|IL11RA|CCPG1|DBNDD2|MT2A|TIGD3|FAM131A|KCNAB3|SLX4IP|CUL9|AEBP1|RECQL5|CNTROB|MAD1L1|OAZ3|TRAPPC1|SAP30BP|ITGAV
KONDO_PROSTATE_CANCER_WITH_H3K27ME3	0.0536469344608879	0.372380773526447	0.372744351589129	1.27751133387097	202	91	ASAH2|NTS|EPB42|KLRF1|CLDND1|NRG4|LONRF2|ELMO1|CRNKL1|SIGLEC6|TAC1|CLECL1P|ABCA6|ATL1|ICA1
MOHANKUMAR_HOXA1_TARGETS_UP	0.0538668718737976	0.373176595781711	0.282351733458205	1.14925693450419	139	389	NXPH3|ZNF583|CD36|CAMK2B|SELENOT|DDIAS|MEMO1|ENOPH1|CHN1|RNF139|CMTM6|AMD1|COPS8|HNRNPLL|PPT1|INTS13|PPP1CB|LDHA|EIF4G2|CCT8|PPP1CC|MRTFB|TFAP4|ABCD3|MSH2|ZWILCH|SLC44A1|TMED2|EPB41L5|ADIPOR1|OAT|WSB2|RAB6A|HSPA14|ATXN10|PICALM|SIAH2|KPNA2|ATP1B3|PSMD6|HOMER1|NKAIN1|IFITM10|GATA4|HSPB8|CCN5|PIGK|LITAF|LDHB|SLC20A1|FUT8|PGM2|NCAM2|MORF4L2|UGP2|UBE2E1|PAPSS1|CDK1|METTL14|MRPS35|RRM2|EEF1A1|CRABP2|NAA50|RFC5|ACTL6A|BUB1|ARMT1|HNRNPK|CS|PRDX3|GDAP1|COPS4|RRM1|ADNP|CDK2|UBE2D3|SEPTIN7|ELOVL5|SEPTIN2|EEIG2|RB1|ZMPSTE24|IDH3A|TTC3|RBM47|MTF2|LAMB2|PLBD1|GNL2|CYB5B|PCNA|ZWINT|SRSF1|ARCN1|CAPN1|WEE1|DDX6|TIMM17A|HELZ|HTATIP2|RAE1|BZW2|PLAAT3|SEC63|ZFAND6|SHCBP1|GTF2H1|FARSB|CORO1C|BHLHE40|TTC27|SLC39A8|PCLAF|CCT6A|PAICS|YAF2|COPB1|NDC1|CAT|CCNB2|COPB2|DYNC1LI2|SLC35B1|GALNT6|YME1L1|SMG7|HIBADH|UBE2K|PIP4K2A|KYNU|SMN1|BCL2L11|MAP2K1|CCDC47|NSD3|GINS3|PHTF1|HSPA8|RAB1B|DCAF7
ZHAN_MULTIPLE_MYELOMA_CD2_UP	0.0538685880940127	0.373176595781711	-0.479486458430793	-1.37760604014521	313	43	ATP2B1-AS1|ADSS1|PLXNB2|NAGK|MARCKS|APLP2|FCRLB|DYRK2
REACTOME_ACTIVATION_OF_IRF3_IRF7_MEDIATED_BY_TBK1_IKK_IKBKE	0.0540491684743312	0.373911477012637	-0.6188141460418	-1.45940200978167	298	17	CD14|IRF7|UBA52|IRF3|UBB
YOSHIMURA_MAPK8_TARGETS_DN	0.0540443808160344	0.373911477012637	0.287789858877158	1.16385995671431	150	345	ITGB7|EGF|FCGR2B|PDK1|CD3G|ARL5A|CCL4|EGLN3|CMTM6|ST3GAL5|VPS26A|AMD1|LAMP2|TOP2A|SCG2|KLF10|PTGS1|LGALS8|KIF11|SCFD2|KIF3C|NR4A2|MSH2|SMAD2|ROCK2|LYSMD3|THOC2|HSPH1|TWF1|PLAA|SLK|GCLM|MTCH2|TNKS2|NEO1|POU3F1|COPZ2|C8B|GRIA2|FGFR1|GATA6|IGFBP5|SLC4A4|MAGT1|ATP6V1D|SCFD1|NCKAP1|LITAF|EXOC8|INSIG1|SLC25A3|YWHAZ|TIMM23|JAK2|MOSMO|ACSL1|SOAT1|ZNF292|NRAS|DNAJA2|TRA2B|DNAJB9|S100A10|C18orf54|MYC|VMP1|RB1|PFKFB2|NF1|TUBGCP4|PSMC2|SUB1|TOR1AIP1|P4HA1|BCLAF1|MAPK14|CYB5B|PTPRA|HMGCS1|SEC62|USO1|PTPRJ|CHP1|ACAT2|IDE|ACACA|AMFR|ATP5PB|MAGI1|MYCBP2|ATP6V1B2|BHLHE40|TFRC|PSMC5|FUCA1|HSPA9|COPB1|PPAT|NFIA|RNF130|DYNC1LI2|MSMO1|ALDOA|RPL22|AFP|NUP58|VCF1|SFPQ|STK38|PSAT1|PGK1|KIAA0040|ATXN3|HIGD1A|NUDT4|ATP7A|MAP2K1|FDX1|HSPA8|RPS6KB1|PURB|EVI5|NUP98|DCAF7
GSE2770_TGFB_AND_IL4_VS_IL12_TREATED_ACT_CD4_TCELL_2H_DN	0.0541348885898011	0.37398899632789	-0.353759281467971	-1.24995793523416	361	178	NFKBIZ|FES|LAG3|RNASEK|EXOC3-AS1|STX1A|RETSAT|ITPKC|LYST|ZNF559|FAM193B|GPR68|PLXNA1|RABAC1|TMED9|SMAD6|IFIT2|PPM1F|ELMOD3|TIMP1|MIR663AHG|DUSP4|ALDH8A1|ZNF329|SLC7A11|NFE2L1|CPQ|PDGFA|CTSL|CEBPB|DEF8|SELENOS|TSPOAP1|TMEM205|DDAH2|MAPKAPK2|MBOAT7|TANK|P4HA2|DCUN1D3|CD3D|CLCF1|SDF4|CAPG|SH2D2A|PLEKHM2|DESI1|METRNL|VEGFA|ITPR2|CLEC16A|GNA12|JUN|ADAM8|MAEA|RNF19A
GSE6674_CPG_VS_CPG_AND_ANTI_IGM_STIM_BCELL_DN	0.05410225921522	0.37398899632789	0.31458689310005	1.2018891533852	181	194	C3orf18|PRNP|SNX18|EXOC5|EGLN3|HIF1A|ZNF608|VSIR|RNF138|PPP1R3B|RCHY1|PFKFB3|MOB4|MARCHF7|ETV3|NDFIP2|UTP18|SEH1L|SMNDC1|FBXO30|MXI1|LRIG2|C3orf38|ODR4|SLC38A2|HK2|IL24|RUNDC3B|TRIM24|CDK17|PKP2|ERO1A|HERPUD1|TENT5A|NFE2L2|HBEGF|PAPSS1|MAP4K3|LRP12|RESF1|ZNF292|ZNF451|GPBP1|NARS1|PCGF5|SEC24A|RLF|CYRIB|MYC|P4HA1|ZMYM2|ARHGAP5|CEP170|NEPRO|SLC30A9|CNDP2|SPRED1|XPOT|RBM22|ZFAND5|BHLHE40|FAF1|SERTAD2|HSPA9|NUP50|CDK6|DIMT1|ALDH18A1|ATF3|TRMT10C|EEF1E1|BTG3|KCMF1|GALNT6|SARAF|FOSL2|FKBP1A|WAPL|SMC5|FAM204A|TENT2|PRPF38B|USPL1|ATG16L1|NAA16|PLEKHA2|SGF29
WP_SMITHMAGENIS_AND_POTOCKILUPSKI_SYNDROME_COPY_NUMBER_VARIATION	0.0545299630786708	0.37645926367517	0.336205676854457	1.23706155520289	191	148	FOXA1|GPR85|CFL2|COPS2|PRKN|RMI1|IFT56|COPS8|FOXA2|LDHA|GDI2|FNIP2|PPP1R12A|RMND5A|ETV5|WDR26|RANBP9|COPS3|WWTR1|DRC7|GRIP1|RHOA|FLCN|PRKCI|USP8|IFT57|ROCK1|LIMK1|IFT74|CDK1|COPS5|CRY1|COPS4|TFE3|CLTC|PRKAA1|MYC|BIRC2|CREB1|MKLN1|PTEN|CLUAP1|CLOCK|RB1CC1|BLM|MED9|RAB10|RMI2|IFT20
GSE22140_HEALTHY_VS_ARTHRITIC_GERMFREE_MOUSE_CD4_TCELL_DN	0.0547494390426328	0.376774466232861	-0.35074866942005	-1.24515424739854	365	188	ADAM19|ATRN|HLX|HOMER3|SNN|CXCL1|P2RX4|RENBP|CLN3|TECR|SLC3A2|APLP2|IFIT2|VSIG4|IER3|ICAM1|FYN|SERPINE1|COMT|STAB1|TIMP1|PHLDB1|STX4|EMP3|IL1B|FOLR2|MX1|GET3|BIN1|SLC7A11|KANK1|GPR107|SLC2A3|CPQ|CTSL|APBB3|TNFRSF1B|BLVRB|RNASE1|HSPA1A|LMNA|DUSP5|PMP22|CTSZ|UPP1|C15orf39|TNFAIP2|IRF1|CDKN1A|BCAP31|AK4|SGTA|ERGIC3|CLEC11A|HMGA1|FURIN|EZR|NPC1|EIF4A3|RNF19B|FUS|KRT10|SH3BP5|TUBB4B
GSE22196_HEALTHY_VS_OBESE_MOUSE_SKIN_GAMMADELTA_TCELL_DN	0.0547494390426328	0.376774466232861	-0.350799792276797	-1.24533573302562	365	188	ANPEP|ENG|HOMER3|ENC1|NDUFB8|PEMT|ITPA|HYOU1|AATK|SMAD6|TULP3|PPARG|IER3|ATP9A|FYN|SERPINE1|PPM1F|COMT|STAB1|GAS2L1|PLOD3|PHLDB1|EMP3|IL1B|GET3|SLC16A3|BIN1|ITGB5|UQCRQ|THBD|SDF2|KANK1|SLC4A2|HPCAL1|SFXN3|CDC42EP4|PLEC|POLG|MAPKAPK2|DHCR7|G0S2|CLUH|ZMYND11|ZBTB43|TNIP1|BID|HSPA1A|LMNA|SMURF2|SSR4|EEF1D|UPP1|PDXK|SRF|BCAP31|BRD2|PCBD1|ELK4|EBP|EIF4A1|RHOG|MMD|SLC4A7|EIF3K|HMGA1
GSE9239_CTRL_VS_TNF_INHIBITOR_TREATED_DC_UP	0.0547330641543293	0.376774466232861	-0.353177644620677	-1.24790280444104	365	178	RAP1GAP2|IL15|HSF4|ADGRD1|GKAP1|CTBP2|CATSPER1|INAFM1|MAPK8IP3|CHST12|MAPK12|RHBDF1|NBEAL2|NXF1|ARHGAP45|RASGEF1B|TMEM80|STK39|PKN3|APOBR|HAGHL|SLC29A2|PTK2B|ELMOD3|FGD1|MBOAT1|AKAP8L|NFATC4|MIB2|TRIP6|TAP2|CPQ|STX5|HEXA|HEPH|PLEC|SOX18|GRINA|EXTL3|AP3D1|SIGIRR|PGGHG|MFGE8|ITGA5|CHPF2|NBDY|UPP1|FKBP14|TNFAIP2|VAMP2|ABCA2|SERPINF1
REACTOME_CREB1_PHOSPHORYLATION_THROUGH_NMDA_RECEPTOR_MEDIATED_ACTIVATION_OF_RAS_SIGNALING	0.0548008289201013	0.376774466232861	0.521591157172707	1.4095331136139	237	26	DLG2|CAMK2B|MAPK1|RPS6KA2|NRAS|DLG1|CREB1|LRRC7
VECCHI_GASTRIC_CANCER_EARLY_DN	0.0547720564119383	0.376774466232861	0.302176490169245	1.18561058269544	166	255	SLC18A2|ST8SIA4|PTGDR2|ADTRP|STAP1|ASAH2|ARMCX1|PELI2|ZNF677|CD36|PPP2R3A|CCL5|CFL2|SMARCA1|DNAJC6|SERPINI1|HMGN5|CLDND1|ALDH1L2|RIMS3|LONRF2|GCNT2|ERBIN|TTLL7|MT1X|SOSTDC1|SNX24|MFSD4A|SNRPN|PLPP3|PALM2AKAP2|LAMA2|ZBTB16|SNHG14|IL6R|SLAMF7|TMED6|KCNE2|HSPB8|KIT|LDB3|ELL2|LDHB|ANGPT1|ITM2A|SEMA4A|PRKD3|PIK3CG|SLC36A4|ARRDC4|MAGI2|CITED2|VEPH1|GLUL|CNN1|PTGER3|LEPR|NT5DC1|CEP85L|ALDH1A2|TMT1A
WP_MIRNA_TARGETS_IN_ECM_AND_MEMBRANE_RECEPTORS	0.0547353258912496	0.376774466232861	-0.600406864175208	-1.45401577410768	303	19	LAMA4|COL6A1|COL6A3|ITGB5|COL1A2
SATO_SILENCED_BY_METHYLATION_IN_PANCREATIC_CANCER_1	0.0548932630995287	0.377151659817296	-0.320705040200886	-1.20065540071791	395	332	MATN1|LAT|HPX|TP53I11|PLAT|S100A2|C3|H2AC8|PDE2A|APBB2|RHOBTB2|IRF7|SMPD1|CIITA|LYPD3|SFN|TIMP3|PYCARD|CHAC1|RAB38|MAPK8IP3|NALF1|KHDRBS3|GDF15|TRPV2|B3GAT1|TWIST1|SLC12A4|LDOC1|RCN3|CBX8|ITGA7|CCK|CLIP3|CSF2|SLC7A7|RGS17|UCHL1|LGALSL|IER3|PTGIR|APOBR|ICAM1|LAMB3|C8G|ROBO3|SERPINE1|COL6A3|MCAM|PGF|NPAS1|NR1D1|LMF1|IL1B|HOXC13|MX1|CACNA1A|DLK1|PAEP|TAP2|SLC7A11|ASNS|GMFG|STXBP2|FGFR3|TSKU|PHC1|TYRO3|MRAS|SIDT2|RASSF1|PER1
BURTON_ADIPOGENESIS_11	0.0552073288331726	0.378050922214927	0.444184929718126	1.3534797040383	228	45	AKTIP|ATP6AP2|PKD2|RNF13|ZNF644|LMO7|SLC25A36|KIF5B|ZMYM6|ATF2|ARHGAP5|ARFGEF1|ATF1|IDI1|PBRM1|KIF16B|TOP2B|CCDC88A|NR3C1|RAB9A|NFIX|PNRC2|ICE1|TULP4|SHOX2|LIMS1
FOURNIER_ACINAR_DEVELOPMENT_LATE_2	0.0552542372881356	0.378050922214927	0.298330374874323	1.17798244002477	162	278	ELK3|TTK|BCAR3|CDC7|CAMSAP2|HAT1|DTL|CKS2|P3H4|RNF138|LDHA|FASTKD1|MT1X|EXPH5|UAP1|LYPLA1|NUP153|SPRY2|PTGES3|ARF4|UBE2N|NUP107|GINS1|POLA1|NDC80|NUP37|PMS1|NUSAP1|CNOT7|SERPINE2|GTF2H2|TPRKB|CALM2|TIPIN|MBNL1|NUP205|CAP1|PHTF2|CDK1|SSB|RRM2|EIF5B|SAMD4A|DBF4|PRDX3|FAM3C|DNM1L|VRK1|CDK2|WSB1|DHX15|HACD3|ANXA5|ELOVL6|PFN1|RACGAP1|MAK16|RBM25|CDKN3|MRPL3|ZWINT|ACACA|YWHAH|SMC4|WBP11|CKAP5|PRPF40A|BLM|NCAPG2|RFC3|SRPK1|PAICS|SKP2|IDI1|HJURP|NDC1|RFWD3|EEF1E1|IMPA1|RAP1GDS1|DEPDC1|UBE2K|PRMT5|PGK1|CSE1L|SRSF10|FKBP4|MELK|DROSHA|FEN1|EXOSC8|KDELR2|NAP1L1|ACOT9|POLQ|MRPL35|ASPM|RPA3|AQR|CUTC|ACTB|ARHGDIA|CSNK2A1|CDC6|ME2|FOXM1|CENPA|CYP51A1|STK17A
GSE16385_UNTREATED_VS_12H_ROSIGLITAZONE_IFNG_TNF_TREATED_MACROPHAGE_DN	0.0552036199095023	0.378050922214927	-0.355012635286677	-1.24936952533556	365	174	LYRM9|PCBP4|LATS2|MRM2|RASGRP3|SELENOM|ITPA|COX14|WNT3|PNMT|NAT9|UCHL1|SLC16A13|CDKN2D|PIK3IP1|MICOS13|KCNJ15|MAGED2|IQCH|IFITM3|POMT1|KCNE5|ANKRD45|KHDC1L|ALDH8A1|WDR4|POLR2E|RPS16|RAB11FIP3|STRADA|RPLP1|RPL27|PLEKHF1|H2AC25|NENF|ID1|PSMG3|NR2C2AP|NHSL3|ID2|REXO5|DPH2|SUMF2|COL1A2|MFSD9|NUDT7|MTG2|SOCS3|SAFB|MINDY4|CYC1|P3H3|DMAC1|PRKRIP1|PSMC3|HABP4|ARMC7|RAG1|PTTG1IP|STK32C
GSE17721_CPG_VS_GARDIQUIMOD_1H_BMDC_DN	0.0550759154510271	0.378050922214927	0.315055697440676	1.20203786871999	184	193	SLAMF6|ZBTB12|BCAR3|UBE4A|TGFBR2|GLMN|SELENOT|DOK2|UQCRB|HSDL2|BTBD1|MTX1|EIF3E|CNIH1|P2RY1|IMPACT|NAAA|PPP6C|TXNL1|METAP2|PDS5A|PROS1|ATXN10|NUP160|SNX4|FGFR1OP2|PCNP|SLC35D1|EXOC8|SNX3|SDHD|MBNL1|TSNAX|TOPORS|IREB2|ACLY|FAM3C|HACD3|STX7|API5|OPN3|HSD17B12|LRRC40|SMC4|SLC35A1|PEX2|NPEPL1|ECHDC1|TRAM1|CTDP1|VTA1|MMACHC|BCCIP|ZDHHC7|TMEM33|SLC30A5|NPRL2|VTI1B|RPS6|SPTLC1|OGA|PRMT5|CSE1L|NUDT4|FKBP4|PDCD2|PURB|EVI5|RAB7A|ATG16L1|SEC22B|BAG1|ZNF746|EIF2S2|PHAX|YEATS4|TMEM203|RNASEL|GNPTAB|STX3|PPP5C|TUBGCP3
GSE26488_HDAC7_KO_VS_VP16_TRANSGENIC_HDAC7_KO_DOUBLE_POSITIVE_THYMOCYTE_DN	0.0552041403105233	0.378050922214927	0.331199593117164	1.22940402051055	191	158	PITPNC1|TTK|ZNF362|NEDD1|TBCEL|CD70|CDC7|PGAP4|NCOA2|PLK4|RRM2B|CYP26A1|VPS26A|PLD1|CTSS|MAP3K1|NCOA4|SGPL1|CD80|CYP27B1|ARF4|SP3|FCRLA|HSPA14|SPAST|MFSD4A|GTF2A1|BDKRB1|USP8|ERO1A|PIK3C3|TSNAX|SEPSECS|SCIN|MYB|KCTD9|ABCB1|CWC15|VDR|RNF14|PTGER3|BMP2K|JAGN1|NSMCE3|ATP6V1B2|ATP6V0E1|CDC42SE2|FABP5|TNFSF9|SUMO3|RNASEH2B|GDAP2
GSE3982_MAST_CELL_VS_BCELL_UP	0.0553254437869822	0.378050922214927	0.324631732073439	1.21836938450543	186	173	CD44|TBX3|PPP1R3D|CCL2|MANSC1|CAMSAP2|ABCC4|BACE2|CCDC68|YES1|AKAP12|IPO7|SPRY2|PROCR|SORBS1|RHOBTB1|OLA1|SCCPDH|RMND5A|KPNA2|ITPRID2|IDH1|BMERB1|MED21|HK2|EFHC2|SIGLEC6|RSAD2|FCER1G|SPP1|ADRA2C|OTULINL|RAD23B|CNIH3|DUSP10|ATP5F1C|EIF5A2|ERO1A|FAM200C|DCTN6|SOCS2|PAPSS1|LRP12|PRDX6|CLTC|DRAM1|ELOVL6|PSMC2|GLUL|GPD1L|WT1|LEPR|OSBPL3|EXTL2|GABARAPL1|LMNB1|BHLHE40|IL1R1
STARK_PREFRONTAL_CORTEX_22Q11_DELETION_DN	0.0553180463790647	0.378050922214927	-0.30475906960809	-1.17637527984558	426	500	TRBC2|RAB26|PAK1|PLCB4|RAB4B|ARK2C|FN3K|RGS20|ZFTRAF1|NAGK|BSCL2|FMC1|UQCR11|CARF|TIMM8B|NDUFB2|INCENP|COX14|NDUFA2|UQCR10|MICOS10|MZT2A|COX5B|RTN4R|MRPL41|SERF2|EEIG1|ATP5ME|PDE6D|DNAJC15|SPSB3|DYNLRB1|SAC3D1|NAA38|ROMO1|TPD52|NSG2|TSHZ3|DCAF11|TMEM208|NDUFA11|NDUFS7|HAGHL|RPL18|GLG1|DDRGK1|TMEM44|SCAND1|TXNL4B|UQCC5|COMT|SRR|DGCR2|NDUFS8|MTLN|MICOS13|U2AF1L4|HIGD2A|LRPAP1|SEC61B|NDUFAF3|GET3|AKR1B1|PET100|KRTCAP2|TXNRD2|ATOX1|EMP2|PSMB6|MRPL55|SDHAF4|TXNDC17|TRMT112|HSD17B7|GUK1|ATP5PF|TMEM42|POLR1C|CRYZL1|PDGFA|NOP10|DGCR8|ATP5IF1|MRPL57|TRMT2A|H2AC25|SNRPD2|NENF|PFDN2|METTL26|PRELID1|HSPBP1|MVD|MRPS11|TMEM147|TUBG1|FKBP2|BOK|OGFOD3|NDUFB11|DTNBP1|SSR4|PSMB4|SLIRP|POMP|MTHFD2L|POLR2J|RABL6|C9orf85|RRP7A|HCFC1R1|NDUFA7|MRPL17|ATP5MG|PIP4P1|STMN3|GOLGA2|S100A6|TSPAN31|CHCHD1|SIK3|RPL8|C9orf72|CYC1|MPI|ELP5|TMA7|RAD23A|DMAC1|AP2M1|SMIM29|MRPS18A|BCAP31|PSMC3|DENND5B|NUDC|DPM2|POP7|DIPK1B|CNPY2|SNAPC2|MRPS12|UQCC2|TLN1|AKR1A1|PLEKHO1|MRPS28|EIF2B4|ARVCF|RMND5B|PFDN6|NDUFA8|C22orf39|EIF3K|SEC11C|ZSWIM7|PSMB3|IDH3G|UBAC1|COX7A2|CUEDC2|UBL4A|CCT3|FIG4|H2AZ1|COQ4
WP_ERK_PATHWAY_IN_HUNTINGTONS_DISEASE	0.0553107095636845	0.378050922214927	0.624799722770707	1.47499648267024	250	15	EGF|MAPK1|CASP3|ELK1|CREB1|MAP2K1|RPS6KA5
GSE45365_WT_VS_IFNAR_KO_BCELL_DN	0.0554916618746406	0.378300543161644	0.330863989664778	1.22815826948236	192	158	TTK|SP8|PARPBP|SLC9B2|TBX3|EMC9|CCNE2|LVRN|DEPDC1B|CNNM2|MME|TOP2A|RIMS3|HS2ST1|ANLN|ZNF608|FGGY|KIF11|ARHGAP42|SOSTDC1|KNL1|NDC80|SAGE1|NEIL3|NUSAP1|SCARF1|RCBTB2|DSEL|KIF27|MAMSTR|SLC30A1|CKAP2L|BUB1|VRK1|COQ3|CSNK1A1P1|MIS18BP1|STMN1|THPO|TIAM2|KIF14|PSME4|PTAFR|SFXN2|GLT8D1|CDCA2|CORO1C|CENPS|E2F5|RMI2|CCNB2
GSE7460_CD8_TCELL_VS_CD4_TCELL_ACT_DN	0.055421686746988	0.378300543161644	0.318893582189784	1.20818077050227	183	186	MPZL3|PRNP|EXO5|C2CD5|GABRR2|GNG12|TMEM64|REC8|ERI2|ANKRD27|GNB4|HNRNPLL|TDRKH|CGGBP1|TP63|TMEM168|USP6NL|GAS2L3|SH3BGRL2|BCL9|ASS1|PLXND1|GCC2|IBTK|TNKS2|NUSAP1|P2RX7|TOX|NREP|TMEM176B|KIF3A|HYPK|MYO6|NSUN4|CREG1|METTL14|ZNF623|AHCTF1|STK24|PARD6G|ANKRD50|RPUSD4|SEPTIN7|GOLPH3L|SPTSSA|ANXA5|RB1|PPP2CA|ARHGAP5|HMGB1|ZNF236|PTPRA|ZFAND5|RAB1A|UBE4B|UBE2A|CENPE|ATP11C|NEB|GPSM2|HSBP1|VCF1|OSBPL2|POLL|FKBP1A|KIFBP|AMPD3|NFIX|CTBP1
GSE8621_LPS_STIM_VS_LPS_PRIMED_AND_LPS_STIM_MACROPHAGE_UP	0.0555127216653817	0.378300543161644	-0.366046390532044	-1.26346409865088	359	147	MATN1|FBXL2|APBB2|INAFM1|PAK6|VILL|ETFB|TSPAN4|RCN3|GIGYF1|MICALL2|DNPH1|ABCB8|CYP4F2|KLF7|TMEM208|RIPOR1|RBM38|SIRT7|CALR|TMCC2|CSNK1D|BCAT2|UNC13D|KLC2|STXBP2|PLEKHF1|SLC66A2|MLH3|PIDD1|AKT2|NRARP|BORCS5|METTL6|C8orf82|GNL1|NT5DC3|PHF2|NARF|MAEA|ZNF808|ARVCF|BEND7|SHKBP1
NIKOLSKY_BREAST_CANCER_21Q22_AMPLICON	0.0554747180793016	0.378300543161644	-0.625963230512097	-1.45255823454759	304	16	COL18A1|C21orf58|COL6A1|SLC19A1|SPATC1L|LSS|PCNT
BLUM_RESPONSE_TO_SALIRASIB_DN	0.0560482440581767	0.379365079365079	0.289505154137276	1.16604617633639	157	330	FOSB|ZNF443|TTK|DCK|RGS5|ZNF107|RGS2|CCL2|CDC7|SGPP1|CCNE2|ITGB3BP|PLK4|CHN1|ZBTB33|CKS2|TOP2A|PBK|RFC4|KIF11|LDHA|PRIM1|KIF20B|PFKFB3|DDR2|MYCBP|RFX5|CCNA2|NR4A2|ABCD3|MSH2|UBE2N|NUP107|SMC2|YWHAQ|POLA1|ARPP19|CBX3|NCAPG|HSPA14|NDC80|KPNA2|CBFB|NUSAP1|MAD2L1|WWTR1|UPK1B|ABCC6|CASP8AP2|UBE2E3|SRP9|NFYB|FZD2|TYMS|CDK1|RRM2|B4GALT5|CRABP2|CDK2AP1|RFC5|TRA2B|BUB1|ACLY|PRDX3|KIF15|TFE3|RRM1|MAPRE2|VRK1|CDK2|DHX15|NPAT|SETMAR|STMN1|TIA1|APC|MTF2|NEK2|GALNT1|MID1|OPN3|CDKN3|HMGB1|STIL|PCNA|ZWINT|SRSF1|TLE2|MED14|ACACA|SMC4|HSP90AA1|RAB4A|HLTF|SLC39A8|RFC3|NUP50|HNRNPA2B1|SKP2|CDC25C|CCNB2|RBBP7|BUB1B|RAD51AP1|KPNB1|EXO1|GPSM2|VAMP1|SNRPD1|VDAC3|TOP2B|SFPQ
GSE10325_LUPUS_CD4_TCELL_VS_LUPUS_MYELOID_DN	0.0560789591745177	0.379365079365079	-0.352579677962427	-1.24578997459136	374	178	GAA|HSPA6|ANPEP|TYROBP|CD14|PLXNB2|NAGK|CTBP2|IFI30|MARCKS|HLX|LILRA2|GRN|APLP2|GCA|ITGAX|SLC7A7|CRISPLD2|CFD|APOBR|PILRA|STAB1|C5AR1|TBXAS1|TBC1D8|PSAP|CTSA|CAMK1|CTSD|CST3|CEBPB|PISD|SMCO4
GSE21360_PRIMARY_VS_SECONDARY_MEMORY_CD8_TCELL_UP	0.0558002936857563	0.379365079365079	0.324670410284363	1.21719359297042	189	171	KRT8P12|LIPG|RPGRIP1|DEPP1|ZNF385D|TBX3|AGA|TSKS|HACD2|HDAC2|FGGY|BCAP29|PEX1|LYPLA1|PRKAR1A|RTN4|ARMCX5|PLEKHF2|NCBP2|ZNF16|SNX24|NUP160|PCNP|CDC27|H2BC7|IL32|AKAP4|ACSL4|TSNAX|EMC2|NUBPL|ETFDH|NKX3-2|NAA50|UBE2NL|IREB2|RPS3A|C10orf88|BORA|RPGRIP1L|TTC33|PPP4R3B|TPST1|MAK16|ZKSCAN5|NCBP1|CETN2|ZNF460|MRS2|XPOT|DNASE1|REST|PAX6|GLRX3|DSN1|LLPH|TMEM33
GSE22432_MULTIPOTENT_PROGENITOR_VS_PDC_DN	0.0557247259439708	0.379365079365079	0.31480643031568	1.20260949690361	182	198	MEMO1|SIX4|SCOC|STRAP|JKAMP|HS2ST1|G2E3|SUV39H2|NFYA|MYCBP|CCNA2|GLE1|SLF1|HIBCH|LIPT2|NUP107|RHOBTB1|NKRF|ZNF664|UFL1|SH3PXD2B|HYPK|SLC20A1|SLC25A3|TIMM23|CEP44|SUPV3L1|PHTF2|PPIG|RABL3|MRPS35|ZDHHC17|FAM91A1|SNRPB2|TARS1|BAG4|SMIM30|ATE1|ACAT1|SPTSSA|CEP152|CLNS1A|GOLGA7|ATP13A3|TTLL4|RAB14|NT5DC1|JAGN1|PARP16|BRIP1|GARS1|TRIM3|BUB3|TRAPPC11|PMS2|VAPB|RPAP2|ALDH18A1|PGM2L1|RAD51AP1|RPL22|HLCS|NUP58|PAFAH2
GSE26928_EFF_MEMORY_VS_CXCR5_POS_CD4_TCELL_DN	0.0557511737089202	0.379365079365079	0.326155054043178	1.21883481195473	189	168	SERINC5|ZNF107|TC2N|ABITRAM|STRADB|UBR3|SLC39A10|ZNF10|ZBTB33|BBS2|XRCC4|PARS2|AFF4|PIK3C2A|YES1|NEK9|THAP6|HSPH1|RIF1|CIBAR1|CEP135|TMEM123|SDCBP|MAPK8|TCEA3|ORC2|AP5M1|UFL1|IPMK|DRAM2|FRAS1|TRABD2A|TXK|CR2|INPP4B|BEX3|AUH|TMED7|KCNK1|C1orf54|THAP5|QSER1
GSE3039_ALPHAALPHA_CD8_TCELL_VS_B1_BCELL_UP	0.0561085972850679	0.379365079365079	0.319869428379345	1.2107221344531	185	185	BATF|LPXN|FAM135A|SLC49A4|MS4A6A|ATP6AP2|BRMS1L|RIMS3|CTSS|RSL24D1|GLUD1|GFM2|GCNT2|CD80|NEMF|RNF103|PROCR|UBE2N|SH2D1B|ITPRID2|ERP44|MFSD1|IBTK|RAP2A|ICA1L|EMILIN2|C2|ACOT11|CD274|TNS4|MAGT1|FCGRT|BMF|UBE2E3|JAK2|C1orf54|LRP12|SOAT1|NME7|FAM91A1|ZNF846|SMC6|ACLY|ZMAT3|DNAJB11|PIGC|SPCS2|EIF3J|RPUSD4|ELOVL5|RPL4|BNIP2|API5|CD93|RAB14|DDX21|ALDH1B1|ITCH|GTF2H1|CORO1C|EHBP1|MTMR9|GALNT7|IL18|SLC35F5|CORO2A|SLC36A1|PIP4K2A|GAB1|ATP7A|AFG1L|DIP2A|TDRD7|IFT43
GSE3982_BCELL_VS_NKCELL_DN	0.0558211256746338	0.379365079365079	-0.365905412713802	-1.26297749253574	361	147	CATSPERZ|SLC30A3|HSPA6|TYROBP|PITPNM3|SPON2|MADCAM1|IFITM1|SYNGR1|UNC5B|SGSH|ADM2|SCRIB|C5AR1|ACP3|NRG1|MUC1|MMRN2|TBC1D8|IGF2R|SEMA4C|LPIN2|GPR107|PLEKHF1|LIFR|TFR2|MFGE8|SASH1|CD3D|GRIN2D|USB1|RUSC1
GSE39820_TGFBETA1_IL6_VS_TGFBETA1_IL6_IL23A_TREATED_CD4_TCELL_UP	0.0560047918538485	0.379365079365079	0.316312610096646	1.20305863769035	186	190	ELK3|SERINC5|GNA13|FBXO2|BMPR2|KAT2B|EIF2AK3|UBR3|HEMGN|KLF10|GCNT2|PTBP3|SIAH1|ARL8B|MARCHF7|NUP153|TSPAN13|NAB1|COG6|PLEKHF2|TMEM30A|TMED2|FNIP2|ECT2|WDR26|SLK|ATXN10|CBFB|S1PR3|MTSS1|KCTD14|TGFBR1|SEPSECS|AHCTF1|ZNF451|CPNE3|CASD1|SMC6|MYB|PRKD3|NPAT|EEIG2|WDR81|RAB3GAP2|SEMA7A|PAK1IP1|MAPK9|CTNNB1|P4HA1|ZMYM2|FBXW11|BMP2K|SPRED1|ASAH1|OSBPL3|ATF1|REST|HERC4|CENPE|SLC39A8
JIANG_MELANOMA_TRM4	0.0560498220640569	0.379365079365079	0.32420392564857	1.21926579248125	188	175	ARRDC3|PRNP|CD44|CD69|RGS2|LGALS3|ST3GAL5|LAMP2|TOP2A|CTSS|NAAA|CPD|PHLDA1|EGR1|RFC4|KIF11|PRIM1|CD80|ITSN1|KNL1|CCNB1|ARHGAP11A|NR4A2|GAS2L3|SKIL|TRIB1|NUSAP1|FCER1G|LAT2|TMEM176B|EGR2|ELL2|LITAF|CREG1|RRM2|PYGL|CD24|KIF15|ALDH2|CYBB|ANXA5|STMN1|VDR|ANXA1|STX7|LPCAT2|PRR11|CEP85L|BMP2K|RAB31|SHCBP1|NCAPG2|RFC3|BTK|FABP5|TGFBR3|PNP|ATF3|CCNB2|TNFSF9
PID_SYNDECAN_2_PATHWAY	0.0561224489795918	0.379365079365079	0.502965832421914	1.39911605392222	241	29	CXCL8|SRC|SDCBP|MAPK8|MAPK1|RHOA|CASP3|NF1|CAV2
REACTOME_DISEASES_OF_GLYCOSYLATION	0.0560439560439561	0.379365079365079	-0.380776080453485	-1.28524657140895	356	121	SPON2|EXT1|DPM3|ADAMTS14|SRD5A3|MOGS|ADAMTS4|MAN1B1|ADAMTSL4|MUC5B|GPC1|HSPG2|B3GAT3|DCN|NCAN|NOTCH3|MUC1|ALG9|POMT1|CTSA|B4GALT7|AGRN|HEXA|ALG3|SDC4|GALE|GPC2|ALG12
SOBOLEV_PBMC_PANDEMRIX_AGE_18_64YO_CORRELATED_WITH_AGE_1DY_POSITIVE	0.0559589162387108	0.379365079365079	-0.559838685678501	-1.42781341996212	315	24	IL11RA|SYNM|DOCK4|CACNA2D2|TNFRSF1A|HDAC4|NLRP1|PYCR1
AKL_HTLV1_INFECTION_UP	0.0561823624222887	0.379514504707224	0.519173733227507	1.40300033587497	243	26	LGALS3|NREP|SQOR|ACLY|S100A10|NET1|RAB4A|FABP5|ADD2|ECI2|CTNNA1
GENTILE_UV_RESPONSE_CLUSTER_D6	0.0563479074117372	0.379767248479785	0.490339369663509	1.38059568199064	240	31	BCAR3|TLE4|MACIR|NFYA|ZNF146|UGCG|NFYB|FZD2|PTK2|QKI|PUM2|NCK1|RAB14
GSE21927_UNTREATED_VS_GMCSF_IL6_TREATED_BONE_MARROW_DN	0.0563711098062243	0.379767248479785	0.326666400828346	1.22202320292012	191	169	NUDT12|RGS5|PELI2|C3orf52|ADAMTS3|ZNF354A|SLC38A9|AMN1|GNB4|CPD|SGPL1|SIAH1|GULP1|KNL1|SPRY2|AAK1|FBXO30|MXI1|UTRN|RMND5A|CYP2R1|ZNF512|FAM110D|UTP11|H2BC7|FOXP1-IT1|MORC2-AS1|FBXO15|NREP|TMEM176A|CMTM7|BCAR4|SRSF8|UBE2E1|ALG10B|ZCCHC7|UXS1|CACUL1|PGM3|CLGN|PIK3CG|SFMBT2|CD47|STMN1|BIRC2|STX7|PSME4|MAPK14|WT1|OR51B2|ADARB1|BAIAP2L1|RAE1|H3C10|CORO1C|HNRNPA2B1|SSBP2|H2AC6|DKC1|ZNF232|ACSM3
GSE37416_CTRL_VS_12H_F_TULARENSIS_LVS_NEUTROPHIL_UP	0.0562744507974722	0.379767248479785	0.319784631732657	1.20968016373971	186	184	RPGRIP1|ABHD13|PEX12|AGO4|KCTD12|TGFBR2|SNX18|MANSC1|HVCN1|RMI1|TMCC1|STRAP|PDE3B|TP53INP1|CTSS|IMPACT|NCOA4|FAM174A|PPP6C|MARCHF7|TNFSF13B|ATG2B|CRLF3|ADD3|PRIMPOL|RAB3D|NLK|KIT|SLC40A1|SLC30A1|MICALL1|TOPORS|CASP3|ACTL6A|RABGAP1L|ZMAT3|FAR1|CUL3|ZMPSTE24|ZNF217|WAS|UPF2|HSD17B12|GALNT10|PCNA|TMT1A|CHMP1B|UBE4B|STK4|VPS4B|NUP50|MBTD1|CDK6|TMX4|BICD2|CD46|CCNY
LIU_SMARCA4_TARGETS	0.0563210471925594	0.379767248479785	-0.485680597563813	-1.38375283126302	326	41	TAGLN|GDF15|IFITM1|ECM1|IFITM2|BCAM|LGALS3BP|TMEM44|SLC15A2|ID3|DHRS3|LRRC61
GSE32533_WT_VS_MIR17_KO_ACT_CD4_TCELL_DN	0.056671664167916	0.381535992567097	0.316818946454516	1.20378525138886	188	189	TNFRSF14|AGO4|CDC7|SEC24B|DCLRE1A|PDCD10|PCBP1-AS1|PDE3B|GNAQ|PTBP3|ERBIN|TAB2|GLE1|CEP135|UTRN|DDHD2|ZFYVE26|FNTA|RBM41|UHMK1|DENND6A|MED13|VAV1|PCNP|TAPBPL|CHIC1|ABR|DAZAP2|SNX3|ZNF449|KCTD21|ALG10B|WAC|LCP1|RESF1|AGGF1|ASCC3|CASD1|RAB2B|LMBRD2|SMC3|METTL4|CDK2|TASOR|RB1|MTRF1|MAN1A2|MAPK9|IPP|TNKS|ZCCHC9|NDE1|MYL12A|CIZ1|CCNDBP1|ADH5|STX8|ZNF318|ACOT13|COPB1|C1GALT1C1|CD46|N4BP2L2|SLC35A5|CNOT10|SSX2IP|ZNF407|SLC36A1|OARD1|MTIF3|SKIC3|PAQR8|HMGB2|PHTF1
WP_MAMMALIAN_DISORDER_OF_SEXUAL_DEVELOPMENT	0.0568181818181818	0.382266024859859	-0.607129710490714	-1.45129108285466	314	18	AMH|DHH|MAPK11|AMHR2|RBFOX2|CBX2
GSE35543_IN_VIVO_NTREG_VS_IN_VITRO_ITREG_UP	0.057032457496136	0.383450641892976	-0.366449072559112	-1.26111258940521	368	143	SEMA4G|FZD9|RAB27B|LCA5L|IRX5|SMPD1|FNDC11|EVI5L|PEMT|SYNGR2|SEMA3B|FOXH1|SOX11|EMX2OS|PCDH10|RHOF|C15orf62|KEL|OXCT2|TMEM207|MRPS14|EMC4|TBC1D8|DACH1
GSE8685_IL2_STARVED_VS_IL2_ACT_IL2_STARVED_CD4_TCELL_UP	0.0572838767574035	0.384883236205366	-0.349779066689007	-1.24071294096448	382	187	SLC26A11|IL21R|ARK2C|AKAP13|STX1A|NUP210|PHYHD1|ZBTB49|NOL12|DNAJC15|CD48|JAZF1|LENG9|CYTH3|ATP9A|PCGF1|ACTN2|TNFAIP8L2|FAS|MAP4K1|NAPRT|SPINDOC|TRAF2|MED10|TAP2|ACSBG1|KCNN4|KCNJ11|MTFMT|IL17RA|HPCAL1|F2R|BABAM1|CERS4|ANKRD13D|RCBTB1|GALE|SFSWAP|DAPK3|XPO6|TBC1D17|BTD|NFKBIB|POLR2A|SH3KBP1|PEF1|EEF1D|METTL17|RRP1|NDUFA7|VPS13B|RFXANK|FLII|DEXI|PI4KA|ESYT1|WRAP53|ARHGEF3|SEPTIN9|SH3GLB2
BOYAULT_LIVER_CANCER_SUBCLASS_G123_UP	0.0576181292189007	0.385291290055794	0.442880775815125	1.34950580550965	238	45	HAT1|CPD|RFC4|GINS1|KPNA2|CAPRIN1|PRKCI|MAP4K3|CD24|CACYBP|ACLY|PLCB1|SMC4|ATAD2|VIL1|FABP5|CCNB2|CPSF6|SNRPD1|DUSP12
GOLDRATH_NAIVE_VS_EFF_CD8_TCELL_UP	0.05780520849014	0.385291290055794	-0.348659900496255	-1.2399036586076	383	193	CCR7|ENG|IRF7|EXT1|GTF2I|FAAP20|P2RX4|ACAP1|UBA7|ARHGAP45|DCAF11|WDR46|HSD17B10|PLEKHA1|RPAP1|CCNL2|BRD3|C12orf57|FRMD6|AKAP8L|BCL6|ACP6|ID3|RAMP1|SLC12A7|ICAM2|RPP14|TRMT1|SHISA5|DGKA|XPC|HPCAL1|KCTD10|MAP4K2|CDIPT|POLR1C|HEXA|UBR4|TSEN34|RPLP1|NOP16|EPHX1|VKORC1|UNC45A|RGL2|METTL26|MED12|XPO6|FASN|GPS1|EVL|AGAP3|C19orf48P|IL6ST|RPL3|WDR74|ITGAE|ZBTB48|POLR1A|ITPR2
GSE17721_LPS_VS_CPG_4H_BMDC_UP	0.057599517490953	0.385291290055794	0.318086512104308	1.20548536130026	190	187	ASAH2|GNA13|SEC24B|RFFL|CCL4|RUNX2|KPNA3|STXBP3|CCRL2|GCNT2|PTPN2|PPM1B|MACIR|PNPT1|SMAD4|PLEKHA5|SEH1L|ETNK1|MXI1|WASHC4|ZNF644|PROS1|ATP1B1|RBM7|ISOC1|ARHGAP8|ACOT11|SGCB|SBDS|ATP6V1D|APPBP2|USP47|CRBN|RBL1|CPSF2|HBEGF|ACSL1|REL|WAC|RDH11|CPNE3|SNX2|BFAR|WSB1|CEP152|RACGAP1|UBE2D1|PSME4|RBM25|PTPRA|PLSCR1|PSIP1|SPRED1|PAPOLG|ZNF264|ALDH1B1|TAX1BP1|BHLHE40|ZNF281|SAV1|PARP9|TNFSF9
GSE1791_CTRL_VS_NEUROMEDINU_IN_T_CELL_LINE_6H_UP	0.0576749774707119	0.385291290055794	0.32066258022836	1.20877288072316	191	180	CNRIP1|NXT2|TM6SF1|HSPBAP1|PRKCH|SPMIP4|PDK1|NEDD4|SWT1|LAMP2|BNIP3L|PJA1|EAF1|SH3BGRL|YIPF6|MFAP3|NFAT5|TRIM13|MED13|ZDHHC6|SLC19A2|SLC38A2|SEMA6B|HK2|IL24|MAMLD1|LAT2|DAZAP2|ACSL4|RNF144A|YWHAZ|TMEM38B|CTNND1|DDX60L|CARD6|STK24|RAB2B|TSG101|PTPN12|ADNP|MAPRE2|ZC3H11A|CHMP2B|CHMP5|TOR1AIP1|SEC62|ASAH1|MYL12A|STAU1|ERCC6L2|FAM120AOS|RTN4RL2|DCAF12|METTL9|PNPLA8|SH3GLB1|PNP|BCAT1
GSE22935_UNSTIM_VS_24H_MBOVIS_BCG_STIM_MYD88_KO_MACROPHAGE_DN	0.0575079872204473	0.385291290055794	-0.358183027439085	-1.2515668394716	377	163	LAG3|TMEM30A-DT|PLCB4|YJEFN3|ENG|PHYHD1|CTRL|P2RX4|MAPK11|SH3BP2|SLC52A2|ADAMTSL4|AFAP1L1|LRRC75B|ULK4|SLC27A1|KDF1|ARHGAP26|C19orf38|MX1|IFITM3|FRMD8|AMHR2|MED10|ZC3H3|DGAT1|PLK3|AGRN|PPARD|PDGFA|NFKBIB|DDA1|DPH2|IRAG2|FBXO31|HES6|NFE2|TMUB2|GATA2|PPP1R37|NCLN|HNRNPM|LTB4R|NLE1|ARAP3|HPS4|KATNA1|OTULIN|IRAK2|MINDY3|TRIM14|SIPA1|DMAC2
GSE3203_WT_VS_IFNAR1_KO_INFLUENZA_INFECTED_LN_BCELL_DN	0.057718947206403	0.385291290055794	-0.361066582431572	-1.25359971924858	374	156	ZSWIM9|FOXD2|SEMA3F|NUP210|C6orf132|CASTOR1|RNF207|MFSD13A|GPX8|CTHRC1|FLT1|SLC52A3|NPAS1|CABIN1|CA12|TSPAN9|SEC61B|IQCH|MOK|MAD1L1|BCL6|CHRM4|CAPN10|MZT2B|SEMA4F|CAMK1|KCNK6|GPATCH3|BMP1|RBFOX2|PLEC|CNP|PTK7|GCHFR|ZNF428|RPUSD3|TK1|TNIP2|RABL6|TMC8|LGALS12|POLR1A|BCORL1|RPS5|EFTUD2|CREB5|PTPA|ZNF558|NEFH|EIF3K|MLF2
GSE3337_CTRL_VS_16H_IFNG_IN_CD8POS_DC_UP	0.0575766686710764	0.385291290055794	-0.352810922914506	-1.2438592203843	382	176	MESP2|TPM2|TYROBP|ADGRG3|CD14|C1QTNF12|SYNGR1|EREG|IL4I1|APOE|MYL11|RTTN|TRIO|DBP|ROGDI|KLF7|PPFIA4|IER3|TOP3B|EXOSC4|LUC7L|COMTD1|STAB1|STARD3|C5AR1|IL1B|NDRG4|ID3|RAMP1|ATOX1|YJU2B|CTSD|ENO3|CDCP1|TMEM205
GSE35543_IN_VIVO_NTREG_VS_CONVERTED_EX_ITREG_DN	0.057487250811312	0.385291290055794	-0.367013851838078	-1.26218021388662	371	142	PRG2|PLEKHN1|RAB26|SPAG1|RHPN1|ZBTB49|PHYHIP|DHX37|LZTS3|DDB2|TMEM52|CLDN6|TRAIP|GGN|NPHS1|CFD|PCYT1B|ESR1|MORC4|MMRN2|EMP2|FILIP1L|THBD|PPP1R26|RAB30|CD276|PHETA1|NFE2|DACT3|PRR14|WDR53|STMN3
GSE39152_SPLEEN_CD103_NEG_VS_BRAIN_CD103_POS_MEMORY_CD8_TCELL_UP	0.0574248541947061	0.385291290055794	-0.352349154510547	-1.2449754528727	383	178	RAB4B|APLP1|SMPD1|BMP8B|ATXN1|GTF2I|APBA3|TSPAN4|ICAM5|SERPINH1|CLIP3|UCP3|PTGIR|CPS1|COMT|FAU|TIMP1|IL17D|MUC1|MZT2B|CSNK1D|HSD17B7|TBC1D10A|CD151|SEC61A1|ATP13A2|HOXC8|ARHGAP39|FERMT3|C6orf136|GPAA1|PHRF1|DAPK3|INPP5D|BTD|AP1B1|UBE2M|ZSCAN2|GATA2|TMEM259|AUP1|C9orf72|ZSWIM1|MRPS18A|LTB4R|NUDC|GALNT2|KARS1|EFNA3|RBM6|HMGA1|UBAC1|CBX6|ARFIP2|SSBP4|NSMCE1|SH3BP5|TUBB4B|CHFR|ST3GAL2|DOK1|TWF2
KEGG_MEDICUS_PATHOGEN_SALMONELLA_SIFA_TO_MICROTUBULE_PLUS_END_DIRECTED_TRANSPORT	0.0577297680184169	0.385291290055794	-0.557293365579971	-1.4213218317819	325	24	KLC4|KLC3|TUBA3E|KIF5A|KLC2|TUBB2B|TUBA1B|TUBB3|PLEKHM2|TUBA3C
OKUMURA_INFLAMMATORY_RESPONSE_LPS	0.0577764808870732	0.385291290055794	0.32620897259153	1.21568953866297	197	164	ZC2HC1A|CXCL8|CCDC33|PEX12|CCL5|TNFSF4|PGAP4|DNAJC6|NXN|ZFPM2|NCOA3|RUNX2|ME1|SGPL1|RCHY1|GULP1|RGS9|HEATR3|ABCE1|ZNF813|CEP135|TMEM123|ETV5|NFAT5|SKIL|APOL2|PLPP3|IL1RL1|DOCK10|PTMAP1|IGFBP5|JAK2|ACSL1|REL|THOC1|TSN|UBE2NL|RAPGEF6|SMC3|CLGN|CITED2|VDR|CLIP1|MTF2|WT1|PTGER3|SIK2|RAB31|SEC63|ISCA1|TTC27|CENPS|SDHAF3|TFDP2|SCN9A|EIF1AX|CCNB2|OPTN|NUP58|POLR1F|ARG2|NCKIPSD|FOXO4|FKBP1A|RAB9A|SLC27A2|BCL2L11|NAP1L1|UBE2B|GDF11
ONDER_CDH1_TARGETS_1_UP	0.057508985779028	0.385291290055794	-0.37387180481115	-1.27231209343684	367	130	TCEA2|TSC22D3|IL15|CRIP2|SEMA3F|CHAC1|GDF15|APOE|DBP|ZNF516|IGFBP2|METTL25B|GPC1|STC2|THEMIS2|NR1D1|P3H1|MAGED2|BCL6|CSRP2|LINC00115|ASNS|EPHX1|PER1|CRELD1|INPP5D|PIDD1|CTTN|TMEM214|ZNF226|PCK2|HCFC1R1|YIPF2|EML2|NINJ1|KDELR3|GOLGA2|ALDH6A1
DUTERTRE_ESTRADIOL_RESPONSE_24HR_UP	0.0579861111111111	0.385392523302723	0.291448266487196	1.16508845991104	166	309	NOS1AP|TTK|RAD54B|ZNF367|DDIAS|CCNE2|PLK4|RMI1|DEPDC1B|DTL|TOP2A|ANLN|PBK|RAPGEFL1|RFC4|SUV39H2|KIF11|PRIM1|TFAP4|CCNA2|KNL1|CDCA7|ARHGAP11A|CIP2A|ZWILCH|CHPT1|ARMCX6|DNA2|DDX10|NUP107|SMC2|GAS2L3|HPRT1|GINS1|POLA1|NCAPG|SIAH2|MPHOSPH9|NUSAP1|SYTL5|KCNK15|CCN5|ARL3|CENPU|JAK2|RBL1|TYMS|SPDL1|TMEM38B|NFATC2|CDK1|RRM2|BCL2|RFC5|BUB1|MYB|RERG|RRM1|VRK1|CDK2|DARS2|STMN1|CEP78|DSCC1|RACGAP1|RBBP8|CENPI|MASTL|TMED8|GGH|PRR11|STIL|SFXN2|PCNA|ZWINT|BRIP1|MMS22L|ESCO2|RAB31|ATAD2|ATAD5|NEMP1|SHCBP1|IQGAP3|LMNB1|CDCA2|BLM|NCAPG2|SLC39A8|PCLAF|L2HGDH|LRR1|CENPJ|RFC3|SKP2|DSN1|KNSTRN|CCNB2|XRCC2|BUB1B|EXO1|KNTC1|POLD3|DLGAP5|PDSS1|WDHD1|KIF23|TMEM164|SLC27A2|FKBP4|MELK|FEN1|NCAPH|NCAPD2|GINS3|TCF19|POLQ|FAM83D|ASPM
GSE3039_ALPHAALPHA_CD8_TCELL_VS_B1_BCELL_DN	0.0579428058092529	0.385392523302723	-0.350732921853865	-1.24286338555105	386	184	TRPM2|FES|PCNX1|TP53I11|FARP1|IL15|VASN|STX1A|FGD3|SELENOM|MAG|TIGD3|METRN|UBA7|MIIP|AATK|CENPT|JSRP1|SERF2|ARHGAP4|APLNR|APH1B|HPS1|PPM1F|TAOK2|ERMARD|PKMYT1|ARHGEF26|TMUB1|TNKS1BP1|SEMA4F|CSRP2|RAMP1|POLD1|RFC2|TRABD|HDAC7|HEPH|RGL2|SNX11|PCYT2|PIDD1|TSSC4|FBXO10|HELLS|LMNB2|FAT1|AP1M1|CCHCR1|NCLN|ADISSP|DESI1|MCM7|WRAP53|TUBA3C|RDM1|CCT7|SNAPC2|PIH1D1|MAST3|NANOS1
GSE33162_UNTREATED_VS_4H_LPS_STIM_HDAC3_HET_MACROPHAGE_DN	0.0579514824797844	0.385392523302723	-0.351313391616489	-1.24399235937395	386	182	PCNX1|SMAD7|PDE2A|RPS21|STX1A|ZNF467|RABAC1|TEF|POR|MMP1|CRYBA2|RPS9|ACVR1B|CAMKK1|IL2RG|CCNL2|KLK8|AXIN2|IRS2|SLC12A7|USP36|IL17RA|TMEM42|SIX5|TRPC4AP|RAB40C|MAPK8IP1|MAP3K3|BAP1|UBALD1|EPHX1|ABL1|ERAL1|TTC28|KDM4B|DPH2|TSR2|ZNF764|C19orf48P|PNPO|IL6ST|SLC66A1|IRF9|DNAJC27|JMY|DICER1|SPTBN1|CAVIN1|SERPINF1|PGAP6|ELK4|TAF1C
GSE43863_TH1_VS_TFH_MEMORY_CD4_TCELL_DN	0.0579167913798264	0.385392523302723	-0.350076339795256	-1.24120661001764	386	186	SPIB|TSC22D3|PDE2A|SEMA4D|CREBRF|IFI30|ABCB4|FGD3|MAPK11|ANKH|HLA-DOB|TRPV2|RGS3|DGKD|ROGDI|SMAD6|IFT140|DENND1C|TPD52|ERO1B|LSR|IL2RG|HGS|EGFL6|SLC12A6|PLEKHG2|FRMD8|CTSA|BIN1|ID3|MAP4K2|LRSAM1|ABCD1|CERS4|PLEC|HIP1R|SUSD3|RGL2|KLF13|ARHGEF1|SMIM14|GIT2|LAMP1|TK1|ERP29|IFNGR1|NUMA1|PIP4P1|MICAL1|ADD1|PARP1|SEMA4B|ITPR3|CPT1A|CDC42EP3|MGAT1|CEMIP2|ADAM8|ARHGEF3
WANG_ESOPHAGUS_CANCER_VS_NORMAL_UP	0.0580123632905373	0.385392523302723	-0.386807646731583	-1.28384540660739	365	107	CCR7|IFI30|ENC1|LZTS3|IFITM1|ARID5A|ADGRE5|RGS3|SMTN|IRF3|SERPINE1|COL6A3|ECE1|ZNF593|TAF15|IFITM3|AMPD2|TBXAS1|ICAM2|SFXN3|SDC4|NR4A1|AGPAT2|UCP2|TNFRSF1B|GNB5
GSE12963_UNINF_VS_ENV_AND_NEF_DEFICIENT_HIV1_INF_CD4_TCELL_UP	0.0581560283687943	0.385836227869106	-0.379958091136628	-1.27927836128467	368	119	AMH|TSC22D3|PURG|IRF7|SFN|DHH|ITPKC|PTPRU|SLC39A3|PNMT|MIGA2|GIGYF1|CLCN2|PPFIA4|CLCN7|RPL18|PTK2B|FRMD6|TRIM26|TACO1|TRAPPC5|MOSPD3|UBALD1|RTBDN|UBE2J2|CACNB3|CLTA|PARP12|FAM50A|KCNH2
GSE1460_CD4_THYMOCYTE_VS_NAIVE_CD4_TCELL_ADULT_BLOOD_DN	0.0581447624756481	0.385836227869106	-0.351334278714959	-1.24250813184586	387	180	WFS1|DHRS12|ZNF331|TSC22D3|RAP1GAP2|POLR2F|PBXIP1|REX1BD|EPPK1|SMIM27|LDOC1|SPSB3|ECI1|CD48|CRYBG1|CIB1|RPS9|PLEKHA1|PIK3IP1|FAU|RPL23AP7|FBXL15|C11orf21|ACP6|NLRP1|ARHGEF10|DDO|DDT|ASNS|PPP6R2|CPQ|NACC2|HEMK1|RPL10|TMC6|ZNF23|IQSEC1|KCNH2|PXN|UPP1|PDXK|SCPEP1|HABP4|GSTK1|RNF113A|ADAM8|DENND4B|SNPH|SMAGP|EIF3K|MPHOSPH8|CBX6|PASK|LDLRAP1|DLG4|MICA|RPL41|CBY1|PRKCA|PEX16|PDE4DIP|STK10|RPL27A|DIS3|USP21|BST2|FAM117A|CRADD
GSE14413_UNSTIM_VS_IFNB_STIM_NIH3T3_CELLS_DN	0.0582847626977519	0.386179833636986	0.34298654750807	1.2420536792999	209	130	AIF1|AGA|RNF11|CDH18|MGAT2|RND2|CPEB2|FGGY|NFYA|GDI2|UBE2N|CIBAR1|SUMO1|NAE1|ATL3|UHMK1|ERP44|SLC25A3|NCAM2|PANK1|ACER3|CCNH|CMPK1|RAB28|RHEB|EIF2S1|ZNG1A|FGD6|SUGT1|BIVM|CHMP5|SUB1|HMGCS1|ARCN1|MRS2|ZFAND5|MFSD6|ASAH1|ACACA|RPL5|UBE2A|SRBD1|SDHAF3|TFDP2|DNAJB6
GSE7548_NAIVE_VS_DAY28_PCC_IMMUNIZATION_CD4_TCELL_DN	0.0582583498551167	0.386179833636986	-0.359010608917464	-1.25260577636508	381	161	ZNF711|AMH|HPX|TCN2|SYNM|TCAP|COX6A1|CTRL|MTG1|IZUMO4|ECI1|DOHH|MATN4|NTRK3|CCND1|STX10|TTYH2|JAG2|PKMYT1|BCL3|TMEM109|MAFK|SGCG|MMP15|RFC2|TYRO3|NBL1|PCSK7|SPATA2L|ID1|ARHGEF1|MTERF4|IRF9|ICAM4|ZMIZ2|EPOR|TMEM259|KLHL23|RNF216|MAN2A1|DESI1|GALNT2|SEM1|GATA1|AKR1A1|IGHMBP2|ARVCF|POLR2I|NBAS|DRAP1|TTLL12|CUX1
GSE17186_MEMORY_VS_CD21LOW_TRANSITIONAL_BCELL_UP	0.0584707646176912	0.386195752539243	0.316137537888956	1.20119617144092	194	189	TMTC3|DPYSL2|CFAP410|CD36|SUMF1|SLC33A1|UQCRB|ATP6AP2|TTC8|KPNA3|ANLN|GNAQ|NHLRC2|CD80|ERI1|MRPL42|MSH2|KHK|RTN4|STARD3NL|SLK|COP1|DYM|EIF2B2|RCBTB2|ABR|ACOT11|SYNE1|SLAMF7|DKK3|MAGT1|ZFAND4|CKAP2L|CTNND1|KCTD21|VRK2|SCAMP1|UXS1|FGD6|TRIT1|SEPHS1|EEFSEC|INPP5B|MFSD14B|PDIA3|VAMP3|RCN2|IL13RA1|LRRC40|BRIP1|GARS1|IDE|ACACA|PLAAT3|IQGAP3|PALB2|CTDP1|FUCA1|MAP2K4|C11orf54|NDC1|ANXA7|SUMO3|BICD2
GSE21063_CTRL_VS_ANTI_IGM_STIM_BCELL_8H_DN	0.0584605892333796	0.386195752539243	-0.364929343124315	-1.2577298821692	378	145	GZMM|BFSP1|IL15|PLXNB2|CFAP70|GDF15|BCAR1|ATP13A1|C1orf159|ITIH5|ADAMTS4|LMAN2|SAMD10|ZNF598|MFSD12|MED22|SV2A|C2CD4B|NFRKB|PNKP|RFC2|USP36|GPR107|TMEM79|MSRA|NFE2L1|PGP|MTBP|FAM98C|PCSK7|ACVR2B|RNASE1|ENPP3|C8orf82|CKB
GSE2585_CD80_HIGH_VS_LOW_MTEC_DN	0.0584795321637427	0.386195752539243	-0.361266811830227	-1.25274831576457	379	154	COL18A1|AQP1|HAPLN2|POLR2L|HBQ1|FOXD3|GPR176|DNPH1|TNFRSF8|MATN4|CASQ2|SMPD3|APOBR|PPIE|TMEM8B|AURKAIP1|TPCN1|TTLL1|TRPC3|ADAM11|AKR1B1|ACP6|CAD|GUK1|WDR18|B4GALT7|AFDN|DHRS7B|PDGFA|DEF8|PAAF1|SLC37A4|MYL6|CDCA3|CRELD1|SLC35F6|DCTPP1|CLTA|ZNF668|SSR4|IFT46|MCM2|BAIAP2|FANCE|HIP1|PIGT|PIMREG|AKR1A1|TMEM158|RMND5B|ARSB|MTMR14|CUX1|CTPS2|ZNHIT2|RRAS|RNASEH2A|RPL41
GSE3920_UNTREATED_VS_IFNG_TREATED_FIBROBLAST_DN	0.0583668775158137	0.386195752539243	0.329036402219177	1.22137431382496	202	158	DISP1|FSD1L|ARID2|SESTD1|HERC3|CAMSAP2|TTYH3|CMTM6|PDE3B|TDRKH|ETV3|USP6NL|CLK1|RRAS2|DCAF6|RBL2|SEC22A|SCP2|PRRG1|GPR183|TANC1|IL6R|TXK|TMEM176A|TMEM176B|DDX5|CARD6|ARHGEF12|TCP11L1|RPRD1A|KLHL6|IL17RE|SFMBT2|ZMYM2|ARHGAP5|TAF4B|ADARB1|SGMS1|LCORL|RAB6B|RAB4A|AEBP2|BTG1|IL1R1|ZNF318|LYSMD2|PGM2L1|SCAI|DST|CORO2A
REACTOME_SUMOYLATION_OF_TRANSCRIPTION_COFACTORS	0.0584711238916847	0.386195752539243	0.448181289335923	1.35546594934198	243	43	ZNF350|NCOA2|RNF2|NPM1|BMI1|SUMO1|PIAS2|CASP8AP2|DDX5|TOPORS|PARK7|ING2|PIAS1|MRTFA|SCMH1|EP300|SUMO3|NCOR2|SUMO2|CTBP1|DDX17|CBX4|PIAS3
DURCHDEWALD_SKIN_CARCINOGENESIS_UP	0.0585295066107707	0.386271655068321	-0.406015802946924	-1.30520616518602	362	84	ELOVL3|C1QTNF12|STOML1|MT2A|H2BC17|DBP|SEMA3B|EXTL1|HSD17B10|DOC2GP|NDUFS7|NFIL3|CASZ1|SLC15A2|LTBP3|H2BC5|GUK1|CERS4|NOP10|H2BC12|AAMDC|PDLIM4|E4F1|RPP38
FIGUEROA_AML_METHYLATION_CLUSTER_6_DN	0.058955895589559	0.388011340479441	0.543274787194017	1.41617352270832	261	22	AIM2|CD3G|DNAJC28
GSE22229_RENAL_TRANSPLANT_VS_HEALTHY_PBMC_UP	0.0590183679614574	0.388011340479441	0.318946710390995	1.20497490138336	195	183	VAV2|PARPBP|ZNF483|ATG16L2|ARL5A|HVCN1|EIF2AK3|TTPAL|TMCC1|PSMC1|RBMXL1|PIK3C2A|CCNA2|CKAP2|TSPAN13|GAS2L3|UBASH3A|NDC80|NUP37|ZNF821|DMTF1|SLAMF7|DOK3|LITAF|EXOSC9|PDS5B|PCMTD1|HERPUD1|TYMS|FRG1|SNX25|ENDOD1|DNAJB11|UBE2D3|PIK3CG|MEGF9|TPST1|SHB|NDE1|SMC4|ALDH1B1|CENPE|PCLAF|CENPS|KNSTRN|PNP|KPNA1|BCAT1|BUB1B|GFM1|EXO1|RAB3IP|GPSM2|PPM1E|MBD2|MAP3K5|DNAJC21|MINDY2|DLGAP5
KEGG_ALZHEIMERS_DISEASE	0.0589771156504377	0.388011340479441	-0.360522113837302	-1.25282602838586	383	157	PLCB4|COX6B2|ATP2A1|COX8A|UQCR11|COX6A1|NDUFB2|NDUFB8|NDUFA3|NDUFA2|UQCR10|APOE|COX5B|COX6B1|HSD17B10|TNFRSF1A|NDUFS7|NDUFS8|ATP2A3|IL1B|FAS|NDUFA4L2|NCSTN|NDUFA6|NDUFB7|UQCRQ|NDUFA1|ATP5PF|NDUFB1|ERN1|NDUFC2|NDUFC1|SDHA|GSK3B|BID|GRIN2D|UQCRHL|ATP5F1D|NDUFA7|PSEN1|NDUFB6|ITPR3|CYC1|ITPR2|ATP5MC1|NDUFA8|CASP9|PSENEN|COX7A2|CHP2|NDUFAB1|CDK5|COX4I1|MT-CYB|NDUFB4|UQCRH|LPL|COX6C|SDHB|ATP5MC3|COX7C|PLCB3|NDUFB9
NAKAYAMA_SOFT_TISSUE_TUMORS_PCA1_UP	0.0589420654911839	0.388011340479441	-0.443103813947894	-1.34493963379678	350	59	TRBC2|HSPA6|C3|ITGBL1|CD14|IFI30|APOL1|ECM1|VSIG4|SERPINE1|TIMP1|DCN|IGHA1|MS4A4A
WHITE_NEUROBLASTOMA_WITH_1P36.3_DELETION	0.0589394482264421	0.388011340479441	-0.588096438394253	-1.44337470634243	328	20	ESPN|RNF207|CAMTA1|KCNAB2|KLHL21|ZBTB48
WP_CELL_CYCLE	0.0590636908002178	0.388011340479441	0.351410678977455	1.25375382833622	216	117	TTK|CDC7|CCNE2|HDAC2|ORC4|CCNA2|SMAD4|CCNB1|SMAD2|YWHAQ|YWHAG|RBL2|ORC2|CDC27|CDC14B|YWHAZ|RBL1|CCNH|CDK1|DBF4|BUB1|SMC3|CDKN1B|CDK2|SKP1|MYC|RB1|ORC3|ATR|ANAPC10|RAD21|PCNA|WEE1|YWHAH|BUB3|TFDP2|E2F5|SKP2|CDK6|ATM|CDC25C|CCNB2|EP300
XU_HGF_SIGNALING_NOT_VIA_AKT1_48HR_DN	0.0590604026845638	0.388011340479441	0.593688274354599	1.44608420232841	263	17	PPM1B|H2BC21|WTAP|MAD2L1|SPP1
GSE2706_2H_VS_8H_LPS_STIM_DC_UP	0.0591446769790719	0.388035468964656	-0.355172534476686	-1.24480962345373	389	168	NFKBIZ|FES|STX11|SLC22A18|GKAP1|ANO8|RAB34|PYCARD|PHYHD1|TMEM9|SLC12A9|ANKH|FAM200B|PEMT|TSPYL2|REX1BD|UQCR10|TMEM116|UBL7|NAA38|PPP2R2B|VSIG4|IER3|NME3|ATP2A3|WDR83|KHDC1L|SLC12A7|DCXR|ZC3H12A|BCAT2|MXD4|POLD1|RFC2|CDIPT|ERICH1|ZBTB20|RHOB|FAM98C|RAP1GAP|TEX264|BTD|SIGIRR|ZNF428|CCDC85B
WP_HEPATITIS_C_AND_HEPATOCELLULAR_CARCINOMA	0.0591358918657977	0.388035468964656	0.436588248291674	1.34429690075973	244	47	VAV2|CXCL8|CD44|HIF1A|SMAD4|MAPK8|IL6R|FRZB|TGFBR1|RRM2|CASP3|MYC|MAPK14
GSE10240_IL22_VS_IL22_AND_IL17_STIM_PRIMARY_BRONCHIAL_EPITHELIAL_CELLS_DN	0.0591966173361522	0.388098697757057	-0.354109372744327	-1.24530550009058	391	173	SLC26A11|LCA5L|ADGRG3|AKAP13|ENG|IRF7|ITGA4|DYNC2H1|RASGRP3|SNN|ITIH5|TEF|ARHGAP4|OSBPL5|SRRM2|DKKL1|FYN|ULK4|MATCAP1|KDF1|PRSS53|SDR39U1|COBLL1|LRRC75A|CHD3|MAFK|PHKG1|LZTS2|ARHGEF10|MAP3K11|ATP13A2|MEX3A|PHC1|PARP3|GPAA1|NDST1|PPP1R18|TSC22D1|RPS27|CNP|EVL|ZNF428|HOXC6|SMARCA4|CBX2|TP53BP1|TRAF3IP2|HES1
GSE28726_NAIVE_CD4_TCELL_VS_NAIVE_NKTCELL_DN	0.059347629115071	0.388098697757057	-0.354009188379462	-1.24495317916888	392	173	PCNX1|CYFIP2|IL11RA|SEC31B|TCAP|ZFPL1|IFITM1|MAPK11|GDPD5|ASIC3|IZUMO4|ARHGAP45|GCA|CASQ2|GUCY2F|RECQL5|LGALS3BP|P2RX5|PIK3IP1|DGCR2|PTK2B|RBM38|DISC1|ESR1|H4C2|IFITM3|CTSA|BIN1|MYO9B|SORBS3|USP19|DGKA|FGFR3|GPSM3|SLC2A3|MAP4K2|JUNB|AFDN|PPARD|GYPB|HMGN2|PER1|ID1|ACVR2B|MFGE8|ICAM3|SLC25A42|TRAF3IP2|MXRA8|NUMA1
GSE45365_WT_VS_IFNAR_KO_CD11B_DC_MCMV_INFECTION_UP	0.0592370979805535	0.388098697757057	-0.350115672991073	-1.23936991161677	395	181	AMH|IDUA|ZNF331|RHOBTB2|AARSD1|GABPB1-IT1|NAT9|RCN3|OSBPL5|APOD|METTL25B|CLCN7|IFI27L2|NOP2|RPAP1|CHD4|HCFC1|CABIN1|LMF1|TPPP3|EPHB6|TBCD|BCL9L|YDJC|PELP1|ZNF329|STING1|USP36|ENO3|CAPN15|XPC|RIN1|ADCK5|CCDC61|NTHL1|SNX8|MYBBP1A|UCP2|POLG|FAM118A|WIZ|ALG12|ZNF628|VAC14|YJU2|GIPC1|MEF2D|SLC16A9|ZNF707|RRP7A|QTRT2|ZNF786|NEURL4|CCDC28B|FAAP24|DUSP14|DOLK|TAF1C|SLC9A3-AS1|PRPF8|OPA3|EIF3B|MBTPS1|EZR|KLHL36|CCDC142|PHF1|UQCC1|RPTOR|SPRYD7|ZNF79|CCNQ|HEXIM2|TMEM150A|TCOF1|KRI1|LETM1|PDCD5|TMEM129|UBTF|RNF26|TNPO2|PPIL2|ESRRA|TRMU|POFUT1
HOEK_PBMC_INACTIVATED_INFLUENZA_ADULT_7DY_UP	0.0593434343434343	0.388098697757057	-0.604735820069472	-1.44556869476914	328	18	BHLHA15|GTF2H2C
REACTOME_APOPTOTIC_EXECUTION_PHASE	0.0593406593406593	0.388098697757057	0.426856783523112	1.33605560980231	242	52	BMX|TJP2|FNTA|DSG3|ROCK1|DSG2|STK24|CASP3|PTK2|DNM1L|BIRC2|APC|CTNNB1|HMGB1|LMNB1|PRKCQ|KPNA1|VIM|KPNB1|HMGB2|PRKCD|PAK2|CASP6
GSE17721_CTRL_VS_CPG_12H_BMDC_DN	0.0594059405940594	0.388227103960396	0.321691346936754	1.20994088640446	197	177	PTPN6|SNX16|UBE4A|CCL5|CD70|EVC|CPD|CGGBP1|TAB2|PSMA4|SYPL1|LZTFL1|WASHC4|SPAST|INTS8|ZDHHC6|RBM7|PSMD6|IFITM10|NOP58|APPBP2|ZDHHC20|WASHC3|LRRC46|PPIG|THOC1|CNOT2|EIF2S1|NIP7|PIK3CG|PSMA2|GDE1|CLIP1|SENP1|PMPCB|GTF2B|C6orf62|ASB12|SEPTIN8|RIPK2|HELZ2|SCLY|RAB10|ATF3|ANXA7|TNFSF9|EEF1E1|RAB3IP|KCMF1|IL18|PARP14|FKBP1A|KTN1|MACROH2A1
GSE1925_CTRL_VS_IFNG_PRIMED_MACROPHAGE_3H_IFNG_STIM_DN	0.0596219098400388	0.389384990874632	-0.396529272873832	-1.2899946719673	368	93	OGDHL|SLC2A4|MEIS3|OSMR|CFAP45|ENTPD3|SCN5A|ZBTB46|WNT3|H4C3|SMAD6|MIGA2|PNPLA1|HPS1|EFNA1|ENTPD1|MGAM|SLC43A1|CSRP2
GSE41867_DAY6_EFFECTOR_VS_DAY30_MEMORY_CD8_TCELL_LCMV_ARMSTRONG_UP	0.059663360384731	0.389402348206716	-0.347531905583183	-1.23544473840747	396	192	NFKBIZ|RAB4B|IL11RA|PLXNB2|GKAP1|CCPG1|COX8A|PSMB9|UVSSA|P2RX4|RENBP|TLR6|TRPV2|CCS|ACAP1|DGLUCY|ARHGAP4|SFI1|DENND1C|CIB1|TCP11L2|IFI27L2|GLG1|SCAND1|TIGD2|IP6K2|BRD4|IRS2|AKAP8L|FAM76A|AKNA|CSNK1D|KCNN4|RAI1|SP110|SHISA5|LRSAM1|ZSCAN25|FERMT3|UCP2|SLC35E3|GNS|RAB30|MED12|GRINA|ZMYND11|GSK3B|MEF2D|IRAG2|NUDT14|ERP29|NEU1
REACTOME_GRB2_SOS_PROVIDES_LINKAGE_TO_MAPK_SIGNALING_FOR_INTEGRINS	0.0597179374173645	0.389505299412284	0.619205103653306	1.46178898077916	270	15	SRC|VWF|RAP1B|RAP1A|ITGA2B|PTK2
GSE1432_1H_VS_24H_IFNG_MICROGLIA_UP	0.0597777110243316	0.389513529092092	0.320186400414273	1.20697786851685	198	180	PITPNC1|LPXN|SERINC5|FOXO1|CADM4|PTH2R|GNG12|REV3L|PDE3B|HIF1A|ALOX12|MLF1|BNIP3L|ZNF8|SGPL1|OAT|IRGQ|TRIB1|PLXND1|SLC19A2|SEMA6B|HECA|GPR183|ACOT11|PDE4D|GPNMB|MAMLD1|SDS|XYLT1|HS3ST2|HSPB8|SLC35D1|USP47|TYMS|RTN3|HBEGF|WIPI1|SCAMP1|KIDINS220|ANXA5|ABHD5|VDR|SHB|RBBP8|WIPF2|ZMYM2|IVNS1ABP|OPN3|STIL|NCS1|CHMP1B|TIPARP|GABARAPL1
GSE15659_NAIVE_VS_PTPRC_NEG_CD4_TCELL_DN	0.0597968069666183	0.389513529092092	0.326719149166456	1.21512629158086	205	161	TNFSF12|ZNF385D|TBX3|TRAPPC6B|PTH2R|SLC22A1|UBA6|S1PR2|ZNF44|TP63|ARHGAP42|PROCR|SNAI3|ZNF644|RANBP9|TRIM2|SYCE1L|SCARF2|UTS2B|SDS|SCN8A|RIT1|SNX3|SLC25A3|ROCK1|SAMSN1|TSNAX|EMC2|PYGL|PVR|RAB2B|BAZ1A|RRM1|SPCS2|PPM1K|ZSCAN9|TTC33|DNAAF10|STARD4|SEMA7A|SHB|UBE2D1|PPP2CA|RBM25|VAMP3|SLC9A5|UBE4B|TIMM17A|TRIM16
GSE17974_IL4_AND_ANTI_IL12_VS_UNTREATED_72H_ACT_CD4_TCELL_DN	0.0600461893764434	0.390884337847431	0.328049902499342	1.21814316636999	207	159	PITPNC1|PRKCH|PELI2|PGAP1|IFIH1|C3orf52|SLC22A4|KAT2B|GPR174|ARID5B|TRIM6|DTX3L|RFC4|PI4K2B|PARP11|TNFSF13B|NEXN|RDX|SLC44A1|RRAS2|ATP1B1|INTS8|CD274|IFIT5|ZFAND4|SQOR|SOCS2|PELI1|WIPF1|ITM2A|CASP3|SNX25|CACUL1
GSE37301_HEMATOPOIETIC_STEM_CELL_VS_RAG2_KO_NK_CELL_DN	0.0601546834717846	0.390901490979325	0.328156707567206	1.21771709436268	209	157	FOSB|DPYSL2|MYO1F|DCK|CD69|PGAP1|NEDD1|RGS2|TAMALIN|CHN1|NABP1|FAM107B|IL18R1|GLUD1|PJA1|RGS9|PROS1|SCYL2|OSTF1|GPR183|IL1RL1|SYT11|NCKAP1|EIF5A2|SLC25A3|RAB5A|IL10RA|CDK1|ENDOD1|FZD4|SEC24A|PRKAA1|CITED2|STMN1|STARD4|SERINC1|GGH|DDX6|ZFAND5|RYK|HSP90AA1|FDFT1|CDK6|PNP|ATF3|DOCK2|CUL4A|GOT1
GSE5589_UNSTIM_VS_180MIN_LPS_STIM_MACROPHAGE_DN	0.0601051840721262	0.390901490979325	-0.348443887977081	-1.2380427849511	399	191	STX11|CYFIP2|RAP1GAP2|CDC26|CYLD|TIMP3|PSMB9|XAB2|UVSSA|CLN3|UBA7|DGKD|CENPT|SGSH|NICOL1|SLC7A7|CRISPLD2|APOD|TMEM163|LOXL3|NAPSA|PALD1|NRM|TMEM86A|HAGHL|IRF3|CDKN2D|ERMARD|FAU|PTK2B|FHL1|IL1B|SEC61B|G6PD|SELENOH|AKNA|POLE|FILIP1L|UNC13D|NFKBID|SHISA5|RPS16|SLC39A4|PARP3|CMTR1|NCAPD3|PAFAH1B3|SLIRP|NEU1|INTS5|SRGAP2|POLA2|CENATAC|SREBF2|NELFB|ACP2
MA_RAT_AGING_DN	0.0601656508829505	0.390901490979325	-0.372221909948053	-1.26669738497205	384	130	TPM2|TAGLN|COL18A1|RPS21|RPS28|RPGR|HBB|PPP1R14A|ACTA2|RPS29|COL1A1|UQCR10|SERF2|ATP5ME|APOC1|SERPINH1|MAP1LC3A|PCOLCE|HSPB1|FOS|FHL1|DCN|TPPP3|NDUFA4L2|CCL24|RPL38|DMPK|ID3|ITGB5|CST3|HEXA|CEBPB
ACEVEDO_NORMAL_TISSUE_ADJACENT_TO_LIVER_TUMOR_UP	0.0602101675660324	0.390937685658365	0.32890610629155	1.21893729871429	211	155	LIPG|ZNF14|GNA13|FBXO2|RGS2|HLA-B|ACTR3|HDAC2|PEX3|RMDN1|UAP1|DCTN4|TMEM37|PLEKHA5|PTGES3|WSB2|SCYL2|TBPL1|PERP|ABCB11|SBDS|ACSL4|PCMTD1|UBE2V2|IFT74|FRG1|AHCTF1|HMGN4|USP49|RPS3A|ARMC1|ELOVL5|TRIT1|RPL7|SACM1L|ZNF266|PHF3|CHD1|ZNF721|SEPTIN11|TMT1A|MYCBP2|CISD1|HNRNPA2B1|DDX27|SH3YL1|IMPA1|GORASP1|FAM98A|SUMO2
GSE17974_0H_VS_6H_IN_VITRO_ACT_CD4_TCELL_DN	0.0603525545264416	0.391123015209457	0.314161734243688	1.19584745849195	201	191	ZNF443|MLYCD|LBHD1|POGLUT1|SFT2D2|NAA30|VBP1|PARS2|IL18R1|UCHL3|PHLDA1|RFC4|SCFD2|PEAK1|UTP18|PUS3|NAB1|DDX10|ERCC6|PPIL1|NUP37|KPNA2|ATP1B3|ERP44|UTP11|HOMER1|EIF2B2|TMEM140|XCL1|BACH2|CHAC2|PSMG1|VDAC1|SLC25A32|WDR36|MOB3C|B4GALT5|YARS2|MED7|CTNS|CACYBP|ZNF234|PTK2|MYB|ZMYM6|CCT4|HSPD1|UTP15|PEX5|TMEM126B|ADO|QDPR|GNL2|FYCO1|XPOT|OSBPL3|GTDC1|CCT6A|MMACHC|IL1R1|TBL2|PAICS
GSE36009_UNSTIM_VS_LPS_STIM_DC_DN	0.0602910602910603	0.391123015209457	0.312086503853393	1.19377303519117	202	195	CD44|MEX3C|ATG16L2|GPR85|CLN5|MEMO1|TMCC1|ST3GAL5|RNF2|EEPD1|CPD|PAIP2|PIK3CA|C5orf34|TAB2|SMAD2|ZNF274|TOB1|ZNF383|RBL2|SLC38A2|EGR2|C1GALT1|CNBP|UBE2E3|DYRK1A|IFT57|UBXN7|TGFBR1|METTL14|PRELID3B|MTA2|CTNS|CACUL1|ZSWIM4|NIFK|FBXO28|PIK3CG|WDR81|MON2|KMT2E|ANP32B|CLPX|ZMYM2|ADO|CEP57|ETF1|ZFYVE1|RSF1|PPP2R1B|EXTL2|MEX3D|CCDC115|STMP1|THUMPD1|LYRM2|KPNA1|TRIM33|ATP6V1C1|ZBTB11|PKNOX1
GSE45365_CTRL_VS_MCMV_INFECTION_NK_CELL_DN	0.0604693140794224	0.391123015209457	0.318639568140135	1.20284661503559	200	182	MGARP|FGD4|SESTD1|INSIG2|LGALS3|UQCRB|PSMC6|RNF139|ACTR3|SFT2D2|REC8|RANBP2|HYCC1|MAPK1IP1L|SNAPC1|NRBP2|DCAF13|PRKRA|ZNF92|INTS8|TMED6|LINC02026|GNAL|TMEM74|MRPL15|NR2C1|LRP12|SSB|COPS5|PIGH|EBAG9|CACYBP|ASCC3|BUB1|PTK2|NDUFAF6|ARMC1|ZNG1A|NEK1|CHMP4C|CYRIB|DERL1|RPL7|RIDA|SNAPC5|DSCC1|DUXAP9|RAD21|NSMAF|ASAH1|ATAD2|PRPF40A|BHLHE40|CCT6A|FABP5|NUMB|OSR2|BZW1|CCDC150|PNMA8A|SH3GLB1|EIF3H|MSMO1|STAT1|IMPA1
KEGG_MEDICUS_VARIANT_MUTATION_CAUSED_ABERRANT_HTT_TO_ANTEROGRADE_AXONAL_TRANSPORT	0.0604724964739069	0.391123015209457	-0.547320035420369	-1.40975029786739	342	25	KLC4|KLC3|TUBA3E|KIF5A|KLC2|TUBB2B|TUBA1B|TUBB3|TUBA3C
WANG_METASTASIS_OF_BREAST_CANCER	0.0603790215954165	0.391123015209457	0.618215294429098	1.45945228780217	273	15	ZNF362|ACOT11|RFX7|CEP57|PARP4
WANG_TNF_TARGETS	0.0604256854256854	0.391123015209457	-0.603140597455279	-1.44175545302665	334	18	MADCAM1|GDF15|CSF2|NOTCH3
REACTOME_TRANSCRIPTION_OF_E2F_TARGETS_UNDER_NEGATIVE_CONTROL_BY_P107_RBL1_AND_P130_RBL2_IN_COMPLEX_WITH_HDAC1	0.0606127886323268	0.39177796026484	0.607476222672552	1.45500042823953	272	16	CCNA2|RBL2|RBL1|LIN9|CDK1|RBBP4|LIN54|TFDP2|E2F5
BRACHAT_RESPONSE_TO_CISPLATIN	0.0607159039420027	0.391939706604388	0.552981590487232	1.42129322231577	267	21	CCNG1|NABP1|TP53INP1|TOB1|ISOC1|ASNSD1|VMP1
KEGG_OOCYTE_MEIOSIS	0.060687432867884	0.391939706604388	0.360803448304063	1.25946330533712	225	101	CAMK2B|CCNE2|REC8|PPP1CB|PPP1CC|CCNB1|STAG3|YWHAQ|SLK|YWHAG|PPP2R5E|PPP3CB|MAPK1|MAD2L1|CDC27|RPS6KA2|CALM2|YWHAZ|CDK1|BUB1|SMC3|CDK2|PPP3R1|SKP1|PPP2CA|PPP2R5C|FBXW11|ANAPC10|SPDYC|CHP1|YWHAH|PPP2R1B|CDC25C|CCNB2|PPP3CA|ANAPC4|PRKX|RPS6KA3|PPP2R5A|MAP2K1|YWHAB
GSE2770_TGFB_AND_IL4_VS_TGFB_AND_IL12_TREATED_ACT_CD4_TCELL_2H_DN	0.0607701564380265	0.392037808692101	0.318301675812304	1.20157109032549	201	182	EOGT|PIGA|ABITRAM|CAPZA1|ENOPH1|POGLUT1|UBR3|SFT2D2|HMGN5|TRUB1|EIF4G2|MRPL42|TFB2M|UNK|NHEJ1|OPA1|ANKHD1|WSB2|CCP110|PPIP5K1|GRPEL2|WBP4|TVP23B|ARL1|PER2|PDE4D|GTF2H2|VDAC1|SFXN4|SLC25A32|HUS1|LRP12|RABL3|TAF1A|TRIP11|ARPC3|NAA50|CLIC4|PRMT6|SEC24A|WWP2|COX7B|SEPHS1|ATAD1|ARL13B|METAP1D|MFSD14B|MTMR2|ZCCHC9|SUCLA2|RAD21|ALKBH8|ZFAND5|TOMM40L|YWHAH|PPP2R1B|NUP54|ATP6V0E1|TTC27|AKIRIN2|SEC61G|BZW1
PROVENZANI_METASTASIS_DN	0.0608394906461248	0.392233016766732	-0.374174270167907	-1.26871642257619	386	127	S100A2|FAM171A1|TRIM29|TRAPPC6A|CLDN7|PSMB9|RABAC1|ETHE1|IFITM2|CCND1|HSPB1|SERPINE1|SPINT2|PLOD3|IFITM3|BCAT2|TRIP6|SLC2A3|SDC4|TSEN34|GRK6|MYL6|NSMF|BLVRB|P4HA2|PDLIM4|TUBB2B|TNIP1|RCN1|PRMT1|NOP53|UBE2M|CKB|F12|TNFAIP2|AK4
GRADE_COLON_AND_RECTAL_CANCER_DN	0.060889175257732	0.39230137434988	-0.399697519301519	-1.291900883174	377	88	SLC30A3|AOC2|LYPD3|CBS|GGA1|LRFN1|UNC5B|ADAMTSL4|ACTL8|CFD|CACNA2D2|GPC1|ST6GALNAC6|GREB1|FHL1|PCDHB5|CYB5D1|GNA11|HIC2|MSRA|UGDH|SMIM14|SASH1|MEF2D|SLC16A9
ACEVEDO_LIVER_CANCER_WITH_H3K27ME3_UP	0.0613277761238464	0.39285782816284	0.31280303189995	1.19344323193827	205	193	AIM2|LRCH2|KDM4D|HECW2|PRNP|ENTHD1|SPMIP4|PELI2|C3orf52|FZD8|ZNF624|DLC1|SYCP2L|ZNF311|OAT|HOMER1|NCALD|RPL35P1|IL1RL1|PTENP1|FRAS1|TOX|CALD1|GNPDA2|BICD1|LRRC8C|HAUS5|FUT8|MBOAT2|MCU|SCIN|ENDOD1|MIR99AHG|HSPD1|SMIM3|MGA|PIK3CG|TMEM243|CR1L|PTEN|PLBD1|TMOD2|SPRED1|ADGRV1|SDHAF3|SSBP2|PRKCQ|C1GALT1C1|LYSMD2|DOCK8|PTPRR|HSBP1|MPP1|RHAG|TANC2
GSE18791_UNSTIM_VS_NEWCATSLE_VIRUS_DC_1H_DN	0.0612423447069116	0.39285782816284	0.325087146842915	1.21068683533592	209	163	SPMIP4|DPF3|CENPQ|CDH18|ATP6AP2|TTC8|TRIM23|FGF13|DTX3L|NAP1L5|ZNF620|PI4K2B|OPA1|ARHGAP27|ZFYVE26|DCAF13|STYX|AGK|SLC19A2|SIGLEC6|CLMP|EIF5A2|ASNSD1|SQOR|ZW10|SLC30A7|EMC2|SEPSECS|NDUFA5|MED7|CAPN7|RAB2B|METTL4|NIP7|BACH1|MEGF9|CFAP20|HYCC2|TOR1AIP1|BRWD3|DHX57
GSE339_CD4POS_VS_CD8POS_DC_IN_CULTURE_UP	0.0610893770689136	0.39285782816284	0.318331501141306	1.20418326652437	202	184	ZNF841|EGF|FGF5|NUS1|IL12RB2|RGS2|MS4A6A|TNFSF4|TCF7|RNF2|LAMP2|EIF3E|HNRNPLL|HIF1A|RNF13|FAM107B|WDR75|MAP3K1|PPP6C|SH3BGRL|UBE2N|HSPH1|SP3|CLK1|NAE1|CBX3|WDR26|SIAH2|IFIT3|PLXND1|DDHD1|DRAM2|PLA2G4A|RAD23B|VAPA|RAP1A|ANKRD28|TCEAL9|RTN3|DDX5|FBXO45|ABCB1|UBE2D3|MIS18BP1|CNOT6L|GBE1|PSMA6|RBBP4|RB1|CR1L|SERINC1|GGH|CHORDC1|NSMCE3|KLHL7|ZNF638|HSP90AA1|RAB4A|FABP5|MTX2|HSPA9|S100A4|THUMPD1
HOEK_NK_CELL_2011_2012_TIV_3D_VS_0DY_ADULT_3D_DN	0.0613129953641394	0.39285782816284	-0.348897655931865	-1.23718816473784	409	185	ANPEP|SAMD11|CD14|PLXNB2|TYMP|IFI30|MARCKS|CIITA|SNORC|RAB34|LRRC24|LILRA2|NPB|LHFPL5|GASK1B|CTRL|KCNC3|DNPH1|ADAMTSL4|CXCL16|CD101|GCA|SLC7A7|MNDA|CFD|CYP2S1|SPINT2|STAB1|C5AR1|VENTX|C19orf38|IRS2|LYL1|CST3|JUNB|CEBPB|NR4A1|ANKRD9|PER1
KANG_IMMORTALIZED_BY_TERT_DN	0.061053167133045	0.39285782816284	0.389854552819517	1.29625762408873	239	74	RGS5|CD44|EGR3|ADAMTS3|CCL2|CNR1|IMPG2|SERPINI1|ZFPM2|TFPI2|PTGS1|TWF1|OPRL1|PDE4D|FGFR1|CCN5|RAD23B
LI_DCP2_BOUND_MRNA	0.0612113402061856	0.39285782816284	-0.399570091564251	-1.29148901170028	379	88	POLR2L|NDUFA13|ETFB|SRRM2|HSD17B10|EXOSC4|NDUFS7|NDUFS8|ZNF593|TRIB3|DCXR|TACO1|RFC2|NDUFB7|SAP30BP|DEAF1|MRPS11|RPSA|BID|EEF1D|NOP53|FAM50A|WDR74|TSPAN31|PDXK|CYC1|FLII|RPS5|PSMC3|NARF|MRPS12|ACBD3|NOP56|IDH3G|CUEDC2|AP2S1|EDF1|NT5DC2|WDR45|SCO2|ADA|RUVBL2|HMOX2|APEH|MAP2K2|CHAF1A|UBXN6|DUS1L|PPIB
MIKKELSEN_IPS_LCP_WITH_H3K4ME3	0.0611042183622829	0.39285782816284	-0.365961331626907	-1.25692113437687	393	141	TNS2|RINL|PTPRVP|EMILIN1|SYTL1|SPON2|MADCAM1|PHYHD1|IFITM1|SLC29A1|MYL11|TEF|IFI35|GPR173|DOC2GP|PCOLCE|NYAP1|EMP3|MUC1|P2RX6|MMRN2|TNKS1BP1|UNC13D|KCNN4|GPSM3|SLC39A4|NOS3|MRPS21|ELOVL1|DAPK3|PINLYP|OAS3|GLMP|TNIP1|CLSTN3|EGFL7|PRICKLE3|IL17RC|CAPG|PRRG2|ZSCAN2
ODONNELL_TARGETS_OF_MYC_AND_TFRC_DN	0.0613036103707294	0.39285782816284	0.437478353032889	1.33859454816307	252	46	KBTBD8|PLK4|DEPDC1B|TOP2A|CCNA2|CCNB1|ARHGAP11A|HSPH1|DNA2|CDK1|DBF4|LIN28B|C4orf46|LRRC58|ACACA|TFRC|ERCC6L|BUB1B|DEPDC1|FAM72C|SPC25|G3BP1|CDC6|FOXM1|BRCA2|POLE2
REACTOME_NEGATIVE_EPIGENETIC_REGULATION_OF_RRNA_EXPRESSION	0.0612540192926045	0.39285782816284	-0.396233037115257	-1.28822361639909	380	92	H4C4|H2AC20|H2AC7|H2AC8|POLR2L|POLR2F|H2BC13|GTF2H4|H2BC17|H4C11|H4C3|H3C12|H4C14|H3C13|H4C2|H2BC5|POLR2E|POLR1C|H3C2|SAP30BP|POLR1H|H2BC12|H2AZ2|TAF1D|POLR1G|ERCC2|DNMT1|SAP30L|POLR1A
REACTOME_INHIBITION_OF_DNA_RECOMBINATION_AT_TELOMERE	0.0615099427030671	0.393773472483028	-0.446122987457505	-1.3434515235498	364	56	H4C4|H2AC20|H2AC7|H2AC8|POLR2L|POLR2F|H2BC13|H2BC17|H4C11|H4C3|H4C14|H4C2|H2BC5|POLR2E|H2BC12|POLR2A|H2AZ2|POLR2J|ACD
BIDUS_METASTASIS_DN	0.0621793875330328	0.393789711076709	-0.368552814147231	-1.26174860078879	399	137	RAB4B|AQP1|AKAP13|NAGK|ENG|CTBP2|SPON2|SELENOM|ACADS|SLC39A3|TRPV2|GSDMD|REX1BD|TSPAN4|ABHD17A|RND1|SLC52A3|TNFRSF1A|IRF3|APOL6|STAB1|PTK2B|NME3|BIN1|PWWP3A|GMFG|STK11|RASSF7|ACACB|ZBTB20|SIL1|REXO1|HEMK1|SIDT2|ARHGAP6|KLHL2|PGGHG|CHPF2|INO80D|GATA2|NEIL2|TTC17|MR1|ISOC2
DIRMEIER_LMP1_RESPONSE_LATE_DN	0.0617719731733145	0.393789711076709	-0.536198496738245	-1.40427635843235	349	27	COX8A|PSMB9|IFITM1|FAU|MAP4K1|PSAP|ISG15|HPCAL1
DORSAM_HOXA9_TARGETS_UP	0.0618147888966643	0.393789711076709	0.474887092942239	1.36524219851947	264	34	YES1|ARHGAP11A|CALB1|RNF103|ADD3|NLK|ARL3|RAP1B|GNG10|MYB|SERINC1|RAB31|PKNOX1|VIM|ALDH1A1|ST13|OSBPL9|CTH|PIM1|AHCYL1
GSE17974_1H_VS_72H_UNTREATED_IN_VITRO_CD4_TCELL_UP	0.0617469879518072	0.393789711076709	0.316463377215743	1.19897353936939	204	186	FOSB|CD69|ZNF165|RPL26L1-AS1|ZNF268|TGFBR2|PLEKHH2|PRMT9|ALG13|NAP1L5|DDX19B|ARL8B|MYNN|PUS3|MAPK1IP1L|RMND5A|SCYL2|IFRD1|DGCR11|TRIB1|MORC2-AS1|NOP58|ANKRD28|PPIL4|TIMM23|CRBN|SLC25A32|REL|CRY1|RAPGEF6|FAM91A1|MOB1B|DDX3X|FAM3C|PRKD3|DNAJB9|C6orf120|BACH1|NET1|MYC|UTP15|CUL3|ZMPSTE24|ANXA1|TMEM243|KBTBD2|RPF1|NSMCE3|FKRP|RYK|LTV1|DDX20|DDX21|NUP54|TBC1D23|BCCIP|ZNF326|ZNF281|CAST|LYSMD2|TRMT6|MTMR9|CCNY|ZFP36|TFIP11|FYTTD1|SLC25A33|BCL2L11|ZHX1|USPL1|ATP6V1G1|SECISBP2|FAM222B|NXT1|ADGRE2|BPGM
GSE18281_MEDULLARY_THYMOCYTE_VS_WHOLE_MEDULLA_THYMUS_DN	0.0617828773168579	0.393789711076709	0.322183449431057	1.20892562765234	209	172	C20orf203|DHX58|COPS2|USP25|RNF139|RUNX2|RARS1|ARIH1|CALB1|SMAD2|ZNF813|TSPAN13|NRSN2|SC5D|LRRC28|CNOT6|AGPS|ADGRF3|CD274|TPTE|SLC40A1|DNAI4|NOP58|PRRC1|MRPS31|PPA1|SRP72|DDX60L|NGDN|AHCTF1|ZNF627|CCT4|MOB1B|HSPD1|MRPS30|PIK3CG|TOR1B|NET1|PSMA2|CPED1|STMN1|ATAD1|APC|SNRNP35|ARL4A|RBM25|ABCB7|NMI|CNDP2|PSMD14|CKAP5|FARSB
GSE23505_UNTREATED_VS_4DAY_IL6_IL1_TGFB_TREATED_CD4_TCELL_UP	0.0619495008807986	0.393789711076709	0.323637905787765	1.21069393489582	210	169	LNX2|ATG16L2|CCL2|BMPR2|FGF13|VSIR|PNPT1|EXPH5|PLEKHA5|PSMA1|SNAI3|PDS5A|WSB2|RBMX|EPS15|CBFB|COP1|MSH3|TRIM2|GFI1|SPP1|LARP7|CDK17|TAF1A|EIF5B|HBS1L|MED7|EPCAM|PARD6G|MYB|FBXO45|PCGF5|PIWIL4|ADAM10|SACM1L|PFKFB2|PPWD1|NUFIP2|PLSCR1|LRRC40|MED14|MFSD6|GTDC1|PSMD11|TRAPPC11|NEB|RMI2|NDFIP1|BCAT1|ORMDL1|MRPS17|WNT10B|HSPA4L|CSMD1|HCCS|MIR22HG|MRPL35
GSE339_CD8POS_VS_CD4CD8DN_DC_IN_CULTURE_UP	0.0619296933433059	0.393789711076709	-0.349180500591626	-1.23605950701778	413	181	ADAM19|PTPRB|IL15|RPL28|PSMB9|DHRS1|SH3BP2|DEGS2|GRN|TRIO|MOGS|TCIRG1|MAN1B1|DNAJC15|APOC1|RRBP1|TNFRSF1A|PRKCSH|LSR|RPL13A|PEX7|ACTN2|ECE1|ATN1|ACP6|MAP4K1|SCARB1|PSAP|SEMA4F|RAMP1|SLC12A7|MERTK|CST3|PSMB10|HPCAL1|KCTD10|GFUS|PPP1R12C|TPGS1|ARFRP1|PTCD2|TSSC4|TFR2|RNF145|NEK6|BID|OGFR|RPS11|CD81|ACYP1|MRPL21|ITGAE|TYK2|RFXANK
GSE36009_WT_VS_NLRP10_KO_DC_DN	0.0621266427718041	0.393789711076709	0.312976793138524	1.19271841585908	207	192	MEX3C|PIGA|CLN5|MFSD14A|RFFL|PRMT9|USP38|RNF2|HNRNPLL|HS2ST1|ENTPD7|CPD|RBMXL1|SIAH1|FASTKD1|ETV3|TMEM37|RNF103|SMNDC1|TJP2|TCF12|IRGQ|HSPA4|SKIL|RBL2|AP5B1|HECA|DCAKD|IFT57|HERPUD1|MED23|FAM133B|METTL14|THOC1|SMG8|MTA2|CACUL1|ADNP|PIK3CG|ZBTB21|TRIT1|WDR81|PEX5|KMT2E|ZNF217|ZDHHC5|CLPX|SEC23IP|PLSCR1|SPRED1|ADORA2B|SGMS1
GSE3982_BASOPHIL_VS_CENT_MEMORY_CD4_TCELL_UP	0.0618214716525935	0.393789711076709	0.316608018104216	1.19988215963638	204	187	LBHD1|PRNP|TM6SF1|BCAR3|HLA-B|TLE4|ANKRD27|BACE2|YES1|CLK4|ZFYVE16|CHPT1|WASHC4|SLC44A1|CRNKL1|PLAA|ITPRID2|FAM124B|SLC2A10|PERP|LAT2|KIT|DAZAP2|SOS2|RHOA|NDUFV2|YWHAZ|OSGIN2|PELI1|CREG1|ARPC3|MYB|PTPN12|DRAM1|BACH1|DHX15|ALDH2|LMBRD1|AZI2|KDM6A|ABHD5|ANXA1|CAV2|STX7|LSM3|SUPT4H1|SERINC1|TAF9|MAPK14|KBTBD2|OPN3|CHP1|SMC4|RB1CC1|BTK|ZDHHC7|RIOK3|SH3GLB1
GSE45365_WT_VS_IFNAR_KO_CD8A_DC_MCMV_INFECTION_DN	0.062163409755347	0.393789711076709	-0.362180024738377	-1.25278056429229	403	150	MC1R|ANKEF1|RDH16|PLLP|CNNM4|GNB3|TEF|SMTN|B3GNT4|TRIOBP|GREB1|SEMA3G|H4C2|ADAP1|SEC61B|MORC4|LIN7B|RAMP1|DUSP4|DUSP13B|PRORP|NPDC1|WDR83OS|SLC2A11|ANKRD55|PDLIM4|RPL37A|NOSIP|BID|CAND2|DNASE2|APBA2|CCHCR1
GSE5142_CTRL_VS_HTERT_TRANSDUCED_CD8_TCELL_EARLY_PASSAGE_CLONE_UP	0.0620481927710843	0.393789711076709	0.316389197615523	1.1986924977569	205	186	CNRIP1|VAV2|TTC39B|MYO1F|OSGIN1|RGS2|NCOA3|HIF1A|VPS54|ATG4C|BPNT2|GNAQ|PHLDA1|PAQR3|KIF20B|CD80|PEAK1|FMNL3|SH3BGRL|CIBAR1|CAPN2|TJP2|ZDHHC21|NCAPG|SLK|POGLUT2|EIF2B2|CD274|SYTL2|RAB19|SLC35D1|FLCN|PANK1|ZDHHC20|SOCS2|INPP5F|SOAT1|ARHGEF12|RABGAP1L|FAR1|RFESD|ACBD5|SNW1|VMP1|RB1|TUBGCP4|NOD1|DHX57|PLSCR1|NSMAF|CHRAC1|SMC4|PLAAT3|ZNF281|SAV1|S100A4|VSIG10|SCLY
GSE6269_HEALTHY_VS_E_COLI_INF_PBMC_DN	0.0621152770005596	0.393789711076709	0.33752125510505	1.23419528283794	221	139	RFX3|CXCL8|CD44|DEPP1|EPM2A-DT|SLC22A4|CNR1|TET3|NPL|HIF1A|BNIP3L|DLC1|PFKFB3|LRP6|ETV5|SDCBP|FAM124B|FEM1B|COL4A5|MPP2|C8B|PDE4D|COX5AP1|DAZAP2|SAMD4A|ZMYM5|PRR3|UBE2D3|BACH1|CLGN|WWP2|CYBB
GSE7348_UNSTIM_VS_LPS_STIM_MACROPHAGE_DN	0.0619469026548673	0.393789711076709	0.332336178800879	1.22401421833314	216	150	CD83|STAP1|CD69|CD40|IFIH1|GPR85|MX2|TNFSF4|ESF1|CCL4|NT5C3A|RNF2|ARID5B|HIPK3|CCRL2|PIK3CA|TMEM168|PPM1A|NAB1|COP1|DDHD1|CNOT7|TTC39C|ICOSLG|FOXP1|CXCL11|IFT57|INTS12|JAK2|OSGIN2|ACSL1|PELI1|REL|ABI1|SVBP|PSMD10|BIRC2|RNF14|NCK1|ZC3H15|PLSCR1|PTPRJ|ZFAND5|LTV1|RIPK2
REACTOME_INTERACTIONS_OF_REV_WITH_HOST_CELLULAR_PROTEINS	0.0616438356164384	0.393789711076709	0.465353183025175	1.365565385097	260	37	NPM1|RANBP2|SEH1L|NUP153|NUP35|NUP107|NUP37|NUP160|NUP133|NUP205|NUP88|RAE1|NUP155|NUP54|NUP50|NDC1|KPNB1|NUP58|NUP98|XPO1|NUP43|TPR
REACTOME_RECOGNITION_AND_ASSOCIATION_OF_DNA_GLYCOSYLASE_WITH_SITE_CONTAINING_AN_AFFECTED_PURINE	0.0619742489270386	0.393789711076709	-0.471022870792554	-1.35725139252443	360	44	H4C4|H2AC20|H2AC7|H2AC8|MUTYH|H2BC13|H2BC17|H4C11|H4C3|MPG|H4C14|H4C2|H2BC5
SMID_BREAST_CANCER_LUMINAL_B_UP	0.0621214474297251	0.393789711076709	-0.366267805674804	-1.25664666739904	399	140	RAB26|TRPA1|RDH16|SLC8A2|IFT122|HEXIM2-AS1|FAM234B|CELSR3|GDF15|METRN|GTF2H2C|SEMA3B|SREBF1|YBX2|DNAI7|CACNA2D2|CCND1|CA12|GREB1|ESR1|TPPP3|TMEM101|PYCR3|DACH1|RASSF1|EVL|KDM4B|IL6ST|TTC12|TEDC2|EPOR|CCDC106|NAT1|ACADSB
SMIRNOV_CIRCULATING_ENDOTHELIOCYTES_IN_CANCER_UP	0.0617245657568238	0.393789711076709	-0.365633100283526	-1.25579379966468	397	141	IL21R|HSPA6|SMAD7|ANPEP|H2AC8|CD14|ENG|QSOX1|DPH1|RGS3|SGSH|PDLIM7|IER3|TNFRSF1A|MCAM|C5AR1|KCNJ15|NRG1|MAPK7|DUSP4|THBD|DHRS3|SLC2A3|SPHK1|PPARD|CTSL|CEBPB|NBL1|TNFRSF1B|DHCR7|SMURF2|IFNGR1|MAFG|CKB|ULK1|PMP22|VEGFA|CDKN1A
BIOCARTA_IL12_PATHWAY	0.0623889875666075	0.394370690927963	0.606650122560028	1.45302178945067	280	16	IL12RB2|CD3G|IL18R1|ETV5|MAPK8|JAK2|MAPK14
GSE1740_MCSF_VS_MCSF_AND_IFNG_DAY2_DERIVED_MACROPHAGE_WITH_IFNA_STIM_UP	0.0623688155922039	0.394370690927963	0.314458250987667	1.19481555302386	207	189	PELI2|PKD2|TMEM53|SOCS6|TRMT61B|EEPD1|ZNF518B|PAIP2|MRTFB|UTP18|BMI1|GAS2L3|MKRN1|CRNKL1|DENND4C|TAPT1|ZNF664|IDH1|MAPK1|FCGRT|RIOK2|SLC25A36|APOO|PRKCI|HAUS1|DDX18|ZNF700|TSN|PIGH|NUDT16L2P|PIGC|FH|MIS18BP1|PWWP2A|CNOT6L|ARRDC4|ANP32B|CHD1|OTUD6B|GALNT1|ZCCHC9|HMGB1|SUCLA2|ACACA|WBP11|NUP155|BZW2|RYK|RAB4A|RB1CC1|ETV6|ZZEF1|ANKMY2|STMP1|SYNJ1|ATRAID|COMMD3|BNIP3|PHF10|FBXL17|ZC3H14|RAP1GDS1|MCM9|KYNU|CSE1L|DCAF7|C2orf69|VPS26B|CHST7|DDX17|CUTC|NFXL1|HSD17B4|ACSL3|TTC9C|PPCS|TKT|CDC23|MAPKAPK5|NUP93|EIF3J-DT|ACAD8|PCM1|CMSS1|ZFP36L1|RNF20|GMPR2|MRPL13|PRPS1|SCD
GSE46606_IRF4MID_VS_WT_CD40L_IL2_IL5_DAY3_STIMULATED_BCELL_DN	0.0623685001502855	0.394370690927963	-0.346742328137189	-1.23263786144007	414	192	ARK2C|CDPF1|AHRR|N4BP2L1|RNF215|IFT122|ZNF467|FAM234A|P2RX4|CHST12|DDX41|SLC45A4|MRPL14|SERF2|SGSH|ARHGAP45|ABHD17A|CIB1|GBA2|ZNF229|TMEM86A|MED22|FLYWCH1|KCNAB2|ADAP1|TMEM94|ACP6|TBC1D8|PNKP|POMT1|MXD4|LYL1|ADAM15|RNF181|DHRS3|XPC|GPSM3|ATP13A2|SGK1|CRTC1|ANKRD13D|CC2D1B|TPGS1|FERMT3|SZT2|NISCH|RGL2|SLC35C2|TMUB2|NEU1|ATP5F1D|RHEBL1|MINK1|SKI|NCBP2AS2|ULK1|ZBTB48|ACP2|TAF6|PDXK|PTDSS2|PILRB|PIH1D1|FAM168A|MAST3|PTPA|DHX34|AP4M1|NEK8|ARHGEF6|E2F6|CLPTM1|ARRB2|DAG1|SIPA1|SLC25A39|CLN8
REACTOME_ASSEMBLY_OF_COLLAGEN_FIBRILS_AND_OTHER_MULTIMERIC_STRUCTURES	0.0625213529210796	0.39495867880541	-0.46989303578815	-1.36122347735008	365	45	COL18A1|COL14A1|COL1A1|COL6A1|LOXL3|PCOLCE|LAMB3|COL6A3|CD151|BMP1|CTSL|PLEC
GSE4142_PLASMA_CELL_VS_MEMORY_BCELL_UP	0.0627155848228285	0.395936503428649	-0.371230323633566	-1.26385007421722	399	132	DPM3|PTPRU|CELSR3|MUTYH|PWWP2B|B3GNT8|ADGRE5|COL1A1|BCAR1|SMAD6|ZC3H6|HAS1|SLITRK6|GPR173|AXDND1|PFN4|CRYGS|PANX3
NABA_COLLAGENS	0.0628171478565179	0.396079478758622	-0.501145166341449	-1.37622702048837	358	34	COL18A1|COL25A1|COL14A1|COL1A1|COL6A1|COL6A3
REACTOME_COLLAGEN_CHAIN_TRIMERIZATION	0.0628171478565179	0.396079478758622	-0.501145166341449	-1.37622702048837	358	34	COL18A1|COL25A1|COL14A1|COL1A1|COL6A1|COL6A3
CARRILLOREIXACH_HEPATOBLASTOMA_VS_NORMAL_HYPERMETHYLATED_AND_DN	0.0629575402635432	0.396219942046174	-0.632888128460492	-1.44531546523557	343	15	A1BG|PEMT|AKR7L
GSE17721_CTRL_VS_POLYIC_6H_BMDC_DN	0.0629596940276552	0.396219942046174	0.321412835213107	1.20603405988635	213	172	ARMCX1|GNA13|C3orf52|MMP14|STEAP1|IGSF9|KAT2B|USP25|ARID5B|STXBP3|HACE1|TRMT10A|MAPK6|LZTFL1|PLEKHF2|ELMO1|NAE1|WBP4|DMTF1|RAP2A|DDHD1|ISOC1|HOMER1|ICOSLG|APPBP2|CRBN|CPSF2|IL10RA|VRK2|PPIG|CRABP2|NAMPT|TRA2B|SNX2|SCAMP1|EIF2S1|PEX13|SFMBT2|CD47|ATAD1|VDR|TMEM243|CLIP1|TBX18|FRYL|SYF2|PARP4|HELZ2|CLASP2|FBRS|U2SURP|MBD2|WDR43|FKBP1A|FBXW7|PDSS1|UGGT2|KTN1|PPP2R5A|CEP350|PRKCD|PRPF38B|PIGF|CAB39L|GK
KESHELAVA_MULTIPLE_DRUG_RESISTANCE	0.0630367849619187	0.396219942046174	-0.41052991781728	-1.30634547689554	388	78	CRIP2|ENC1|ACADS|C1orf35|MAPK12|CCS|IZUMO4|C22orf46P|MAN1B1|RPL23|FOXP3|HFE|HSPB1|PPP4C|MEAK7|ADAM15|GUK1|CD151|SIL1|CDK11B|BLVRB|ICAM3|ZNF668|TEDC2|CCHCR1|TSPAN31|TBX1|BCAP31|GSTK1|MSRB1|VPS33B|STYXL1|SLC48A1|CYTH1|FN1|USE1|PHF1|DXO|BCL7B|PCTP|GGA2
SHAFFER_IRF4_TARGETS_IN_ACTIVATED_DENDRITIC_CELL	0.0629213483146067	0.396219942046174	0.403856193144443	1.31200589039024	251	64	ITGB7|TAF9B|UAP1|BMI1|DDHD2|PDS5A|SLC38A2|SLAMF7|ELL2|B3GNT2|CASP3|SSR1|MYB|DNAJB9|SUB1|TCERG1|SEPTIN11|TRAM1|PAICS|E2F5|MSMO1|FKBP11|CANX|MNAT1|SIRT3|TNFAIP3|UBE2J1|GLS
WP_APOPTOSIS	0.0630252100840336	0.396219942046174	-0.405043493911717	-1.29852705663301	389	82	IGF1R|ADAMTSL4-AS1|IRF7|TNFRSF21|TNFRSF1A|IRF3|FAS|TRADD|IKBKG|TRAF2|PRF1|TNFRSF1B|NFKBIB|BOK|HELLS|BID|BCL2L1|TRAF3|BBC3|IRF1|TP73|JUN|NFKBIE|CASP9|CASP10|RELA|TNFRSF10B|BIRC5
GSE21927_SPLENIC_C26GM_TUMOROUS_VS_4T1_TUMOR_MONOCYTES_UP	0.0631075451319241	0.396325933250227	-0.358648811480086	-1.24402989563629	408	155	SHF|ENSG00000291179|LCA5L|COL14A1|SMPD1|S1PR5|N4BP2L1|TIMP3|WSCD2|PTH2|PDE6D|MICALL2|SNX30|MARVELD3|SCGB2B2|PLXNA4|AXDND1|EXTL1|CFD|RRBP1|URB1-AS1|ZMYND10|CDKN2D|PRSS53|CCDC136|SLC43A1|ID3|POLD1|ZNF490|LPIN2|CDK2AP2|NFE2L1
WP_MARKERS_OF_KIDNEY_CELL_LINEAGE	0.0631326127980786	0.396325933250227	-0.473539858140627	-1.36052094350897	367	43	FOXD1|TLX1|REN|ACTA2|NPHS1|DCN|AXIN2
GSE36476_YOUNG_VS_OLD_DONOR_MEMORY_CD4_TCELL_DN	0.0635141400092721	0.398471835883171	-0.364193257683234	-1.25248004013073	410	142	ZNF711|ANPEP|FOXD1|KCNJ14|REN|ZCWPW1|HBQ1|SOD3|PDLIM3|SLC39A2|PKD2L2|SYNGR4|SLC2A9|PDLIM7|DNAJC22|CPS1|KSR1|FDXR|CNGB1|HOXC13|NRG1|ITGB5|THBD|PARP3|B4GALT2|TAS2R14|CTTN|DLL3|ATP6V0A1
GSE29164_UNTREATED_VS_CD8_TCELL_AND_IL12_TREATED_MELANOMA_DAY3_DN	0.0637094373325395	0.39944742782263	0.31191950730983	1.19007230411853	213	193	STAP1|SGPP1|PLK4|TMCC1|PANK3|PDIK1L|HMGN5|GNAI3|RAB29|S1PR2|RAMAC|GEN1|YWHAQ|POLA1|OAT|RAB3D|WDR26|FBXO3|XPO7|MSH3|RAB36|RNF144A|GPLD1|RAP1A|LRRC8C|PPA1|NIPSNAP3A|RBL1|RPE|ADK|RFC5|WDR11|SEMA4A|SMC3|PRDX6|RRM1|C1D|MOB1A|FBXO28|THOC7|PPP4R3B|INPP5B|ATP13A3|GPI|API5|ZC3H15|NCBP1|ATP6V1A|SGMS1|ARL6IP6|OSBPL3|ATP5PB|TRAM1|SPOP|SUN1|TRIM33|ERCC6L|VAMP1|HLCS|WDR3|DEPDC1|STRN|SNRK|KIF23|BCL2L11|HMGB2|TDRD7|MTFR1|PRKCD|MFAP1|CDC42SE1|SIRT3|ATAD2B|NUCKS1|TAF2|FANCL|CDC6|CEP55|SMCHD1|SIRT1|APAF1|PPIH|TUBA4A|SET|ATF7|CDK7|NOA1|RSPRY1|SKIC8
WP_COHESIN_COMPLEX_CORNELIA_DE_LANGE_SYNDROME	0.0638248311204286	0.399921132825757	0.47570597257502	1.36048365248892	273	33	SGO2|REC8|STAG3|PDS5A|PPP2R5E|PDS5B|CDK1|SMC3|APC|PPP2CA|PPP2R5C|RAD21|PPP2R1B|ESCO2|ESCO1|WAPL|PPP2R5A|STAG2|NIPBL
GSE360_L_DONOVANI_VS_B_MALAYI_HIGH_DOSE_MAC_UP	0.0638805970149254	0.400020856416607	0.321018006969938	1.20655193618468	213	176	CXCL8|LTN1|UCN|CAPZA2|RARS1|GGPS1|MT1X|ORC4|TFAP4|GDI2|NUP153|SPRY2|TSC22D2|CAPN2|OAT|CLK1|TCF12|TCP1|GMPS|HK2|GTF2A1|HNRNPH2|SLC20A1|SLC30A1|MORF4L2|PIK3C3|HBEGF|DDX18|ZNF292|ZNF451|RBPJ|ANKRD46|CCSER2|CAPN7|BAZ1A|ZFC3H1|S100A10|ATF2|VDR|ZC3H11A|GLUL|LSM3|P4HA1|PTGER3|ADO|CETN2|USP12|ATP1B2|EMD|ZNF148|ZNF638|ATP5PB|ALDH1B1|TIPARP|DVL3|BTBD3|SEC61G|BTG1|IL1R1|PAX6|OTUD4|GOLGA8A|PTPN9|HNRNPA2B1|TRIM33|ATP6V1C1|TAF12
ZHAN_V2_LATE_DIFFERENTIATION_GENES	0.0641608810150826	0.401525513484663	0.440615719333232	1.33837300103591	267	44	CTSS|NCOA4|DDX10|TWF1|SC5D|OAT|ATP1B3|WTAP|PIP5K1B|DCTN6|NFE2L2|PEX5|CDKN3|H2BC8|EIF4B|EIF4A2|NR3C1|EIF1
TURASHVILI_BREAST_CARCINOMA_DUCTAL_VS_LOBULAR_UP	0.0643564356435644	0.402498380679189	0.539381511700792	1.4060247843533	285	22	MEX3C|ZNF121|DTL|CKS2|LAMP2|TTC14|AHCTF1|TRNT1|TTC3|STK4|B3GALNT1
GSE21927_BALBC_VS_C57BL6_MONOCYTE_SPLEEN_UP	0.0644783118405627	0.402994961559307	0.321970825098392	1.20563806704804	219	170	SETDB2|LNX2|PELI2|CCNG2|CPNE8|KAT2B|AMN1|LAMP2|RMDN1|SIAH1|NFYA|PI4K2B|PNPLA7|ZWILCH|AAK1|FBXO30|MXI1|ZFYVE16|DNA2|UTRN|TWF1|CYP2R1|ZNF512|H2BC7|TRABD2A|LINC01553|SLC40A1|BACH2|SPDL1|ALG10B|ZCCHC7|UXS1|CACUL1|PABIR2|SELENOF|ARRDC4|GABPA|CHUK|CD47|TPST1|PUDP|SNX22|PUM1|EBLN3P|H2BC8|ZFYVE1|ADARB1|FARSB|H3C10|STMP1|WTIP|SSBP2|CDK6|H2AC6
GSE27786_BCELL_VS_ERYTHROBLAST_UP	0.0645161290322581	0.402994961559307	0.31239511170655	1.19050169509483	215	192	TTC39B|TM6SF1|BCAR3|UBTD2|PDK1|LONRF1|TSKS|NCOA2|MDP1|LTN1|NABP1|STRAP|UBA6|RHOT1|PTPN2|PJA1|EDARADD|PEX1|OPA1|WASHC4|ZNF383|STYX|RNF115|MED13|ZNF32|APPBP2|MRPS31|SBNO1|FAM91A1|TRA2B|CACUL1|SNX19|MED31|PRR3|PIK3CG|MAGI2|SLF2|CITED2|CWC15|MAPK9|AP3B1|DHX57|CLUAP1|API5|CFDP1|EFR3A|RTCA|JAGN1|MRTFA|NCOR1|GYG1|CORO1C|IMMP2L|CENPS|KNOP1|DDX27|MSMO1|ZFP36|IER3IP1|PSMA3|KCNQ1OT1|MRPL45|FKBP4|YWHAB|ZDHHC9|HNRNPA3|PIGF|PLPP6|GSKIP|NELFA|C3orf33|SF3A3|CHML|CYP51A1|HSD17B4|PDLIM1
GSE11057_CD4_CENT_MEM_VS_PBMC_UP	0.0646513020053876	0.403337333455613	-0.34750892023819	-1.23210374369202	431	186	PBX4|IL11RA|MAPK13|PIEZO1|ABCC10|FGD3|CD84|PBXIP1|LPCAT4|ANKH|APBA3|SPOUT1|TMEM116|TRIM62|TMEM63A|SPIN3|DYRK2|ENSG00000284691|ZNF575|GLG1|HSPB1|PIK3IP1|RHOF|RFNG|USP20|CHD3|NFRKB|MAD1L1|PELP1|MAP4K1|MORC4|TNKS1BP1|STING1|DGKA|XPC|MAP4K2|PHC1|SUSD3|TP53I13|SIGIRR|ZNF251|NOSIP
REACTOME_SENSORY_PERCEPTION_OF_TASTE	0.0646360899592704	0.403337333455613	-0.552368028402777	-1.40876024449018	364	24	TAS2R20|GNB3|TRPM4|TAS2R5
GSE17721_CTRL_VS_GARDIQUIMOD_24H_BMDC_DN	0.0648371531966224	0.404245555147637	0.31516425325571	1.19441057463103	214	187	CCDC120|MMP14|IGSF9|NMD3|WDFY3|MEMO1|USP25|HAT1|NAA30|NRG4|RARS1|PSMD5|ME1|CPD|MARCHF5|CTSK|MOB4|ABCE1|ZNF146|AP3M1|HSPA4|ERP44|RP2|RAP2A|TMED7|IFT57|THOC1|QSER1|DNAJB11|SEC23A|BFAR|ABI1|PIK3CG|NEK1|SEPTIN7|CYBB|ANXA5|PSMA2|CD47|ZDHHC5|ZNG1B|FBXW11|NCBP1|SFXN1|PLSCR1|ARCN1|USO1|GINM1|RIPK2|FZD5|NUP50|TASOR2|TNFSF9|GORASP1|RRN3|SSX2IP|UFSP2|GUCD1|WDR43|MRPS2|PARP14|FKBP1A|CWC27|PLA2G12A|FASTKD5|FKBP4|CALCOCO2|DNAJC3|NUDCD1|TDRD7|DRG2|PTCD3|BRCC3|HNRNPA3|PTPN11|EIF2S2|ARHGAP21|NUP43|PRPF3|GABPB1|CSDE1|GRK2|PPIC|ALG2|LIMD2|TUBA1A|CHIC2|NQO1
GSE19888_ADENOSINE_A3R_INH_PRETREAT_AND_ACT_BY_A3R_VS_TCELL_MEMBRANES_ACT_MAST_CELL_DN	0.0648803251542978	0.404263627497729	-0.345573675073727	-1.22892842977506	430	193	COL18A1|RCAN3|ENKD1|PNKD|BSCL2|TFAP2E|POLR2F|RPL28|RAB34|COX6A1|MINDY1|GASK1B|FAM193B|DDB2|KATNIP|PRPF31|OST4|SNHG32|LENG9|EXOSC4|TOM1|CHMP6|NDRG4|RFNG|DUS3L|KRTCAP2|ACP6|POMT1|MXD4|TRIP6|PIGL|SUPT5H|CAD|TXNDC15|NDUFA1|XPC|TTC4|TMEM42|STX5|PDRG1|RAB40C|PAQR4|SOX18|MOCS3|RPL36|PCSK7|SLC39A11|TUBGCP2|GRB7|KLHL2|GPAM|E4F1|MEF2D|SH3KBP1|CASC3|TMUB2|ESPL1|HCFC1R1|NELFB|GFER|ELP5|SH3BGRL3|TBX1|CHCHD5|DOLK|FAM185A|STIMATE|AP1G2|TCTA|TBC1D10B|ZNF513|OTULIN|APMAP|HDAC6|H2AX|KRBA1|TLE3|IKBIP
GSE13547_CTRL_VS_ANTI_IGM_STIM_ZFX_KO_BCELL_12H_UP	0.0649779735682819	0.404275665560358	0.346371896978559	1.24058590057285	235	121	MEIS1|ZFP69|ESF1|CCL4|MBLAC2|RMI1|SOCS6|SWT1|DNTTIP2|MLF1|MARCHF5|SMNDC1|THOC2|ARMCX5|PGRMC2|IRF2BP1|MED21|GSTM2|TTC14|FBXO24|SAMD3|FOXC2|FASTKD3|CARD6|DBF4|SCLT1|TTC3|LRRC23|ABRAXAS1|AGPAT5|RSF1|ERCC6L2|VPS37A|CCDC115|STMP1|LRRCC1|TXLNG|SH3YL1|RPL22|ZFP1|POLR1F|MAIP1|BRD10|EIF1|OFD1
REACTOME_CELLULAR_RESPONSE_TO_STARVATION	0.0650030807147258	0.404275665560358	-0.358621846139813	-1.24240597054108	421	153	RPS21|RPL28|RPS28|RPS20|RPLP2|CASTOR1|RPS29|TCIRG1|RPL23|UBA52|RPS9|RPL18|RPL13A|FAU|ATP6V1F|TRIB3|RPL38|RPS18|ASNS|RPS15|RPS10|RPS16|WDR24|KICS2|RPS2|CEBPB|RPLP1|SZT2|RPL27|ITFG2|RPS23|LAMTOR5|RPL10|RPL36|RPS27|RPL37A|RPSA|RPS11|RPS26|RPS12|RPL3|RPL35|ATP6V0B|RPL8|SESN2|RPS5|WDR59|GCN1|KPTN|ATP6V1H|RPL35A|RPS14|EIF2AK4|RPS17|RPL26L1|CEBPG|RPL23A|RPL41|RPTOR|RPS13|RPL13|RPL27A
WP_INTERACTIONS_OF_NATURAL_KILLER_CELLS_IN_PANCREATIC_CANCER	0.0649827784156142	0.404275665560358	0.52895959167597	1.40136209412914	282	24	FOXO1|CCL5|CCL2|CCL4|BMI1|CD96|NCR3|PVR|ADAM10|MYC
GSE40274_CTRL_VS_GATA1_TRANSDUCED_ACTIVATED_CD4_TCELL_UP	0.0651394732741156	0.404873085278993	-0.368272238173282	-1.25728916823704	417	134	ANPEP|MAPK13|CIITA|ITGA4|RETSAT|PYCARD|FAM193B|INKA1|METRN|PLXNA1|CCDC167|PLA2G15|UBL7|SHLD1|ARHGAP45|SGIP1|RDH12|CCND1|HGS|NAA60|ATOX1|STING1|TACO1|MERTK|SLC26A6|CYB561D2|CCDC61|BABAM1|SIRT6|SUSD3|EVL|GDPGP1|IL15RA|NFE2|SPINT1|TRIM56|DNMT1|PYM1|C6orf47|STARD5|PLCD1|H6PD|TLN1
GSE33374_CD8_ALPHAALPHA_VS_ALPHABETA_CD161_HIGH_TCELL_DN	0.0652499251721042	0.40503774517462	-0.34717667271905	-1.23092574972316	435	186	ADGRG3|SMPD1|PSMB9|TAP1|SLC38A10|TNK2|NBEAL2|SLC3A2|RGS3|PRPF31|SUN2|PHPT1|IFIT2|ADAM22|CRYBG1|LONP1|GPC1|FYN|STARD3|ACTN2|PPP4C|KLK8|FAS|FRMD6|AKAP8L|BCL6|RAMP1|ROM1|ISG15|MED10|CTSD|PRF1|CAD|DGAT1|FBXW4|DIAPH1|F2R|BOP1|B4GALNT1|MAPKAPK2|PER1|IL18RAP|PFDN2|EVL|ASRGL1|E4F1|RAD50|SRGAP2|SH2D2A|CKB|PITPNM1|ABHD8|PXN|IER2|AUP1|FLII|PSMD9|BCAP31|EFTUD2|PSMC3|LEMD2|TMEM179B|DNAJC1|MRPS12|SEPTIN9|EIF2B4|CHCHD7|PFKP|RHOG|PRKACB
WP_AGERAGE_PATHWAY	0.0652870165065287	0.40503774517462	0.405765572208932	1.30765743292794	264	61	FOXO1|MMP14|LGALS3|SRC|HIF1A|SMAD2|MAPK8|MAPK1|PLA2G4A|ALPL|RHOA|JAK2|IRAK4|ROCK1|CASP3|SP1|ATF2|CHUK|MAPK9|MAPK14
ZHENG_GLIOBLASTOMA_PLASTICITY_UP	0.0652105096549541	0.40503774517462	0.304572970338288	1.17721677454174	205	222	SEMA3A|GPD1|GPR137B|RPGRIP1|ZNF367|SGO2|CD36|CPNE8|SNX18|ALDH1L1|CCN1|CENPQ|PLK4|RASSF3|CKS2|TOP2A|RAB29|KIF18A|ANLN|RFC4|MTHFD2|CCNB1|MAPK1IP1L|NUP107|SMC2|POLA1|ECT2|ETV5|NDC80|ASS1|NUSAP1|MAD2L1|PLPP3|TRIM2|CA3|SPP1|HSPB8|RBL1|SOCS2|CAP1|RRM2|ANGPT1|CD24|DBF4|BUB1|RRM1|DECR1|MIS18BP1|SCG3
REACTOME_MUSCLE_CONTRACTION	0.0654120503870086	0.405562792949223	-0.354151541539669	-1.23905438299384	430	165	TPM2|PAK1|DYSF|KCNJ14|SLC8A2|ATP2A1|SCN5A|TCAP|LMOD1|ACTA2|KCNK5|MYL11|FXYD1|ATP1A3|MYH8|ATP2B3|CASQ2|FGF12|CACNA2D2|ACTN2|ATP2A3|TRPC1|DMPK|KCNE5|KCNK6|ITGB5|ORAI1|SORBS3|KCNJ11
OLSSON_E2F3_TARGETS_UP	0.0655215158491234	0.405990725983643	-0.551804018136318	-1.40732179186436	369	24	LAMA4|EEIG1|SERPINH1|ECE1|CA12|AKNA|SMG6
GSE2770_IL12_VS_TGFB_AND_IL12_TREATED_ACT_CD4_TCELL_6H_DN	0.0656626506024096	0.406113177293277	0.315208101977483	1.19421772272943	217	186	PIGA|CAPZA1|BTBD1|RAB29|HIPK3|CGGBP1|LDHA|CLK4|NFYA|RSRC2|ABCD3|IPO7|OLA1|RNF115|FAM13B|EPS15|CBFB|TCP1|SLC19A2|VAV1|JAK3|OTUB2|PLXNC1|CNBP|LDHB|KLHDC2|FXR1|SMG8|NGDN|ZNF292|TRA2B|WDR11|SEMA4A|EIF4G3|SEC24A|ADNP|RPL7|ABHD5|TMEM243|TOR1AIP1|MTF2|ITM2B|BCLAF1|MAPK14|CLUAP1|HNRNPA1|PHIP|PIAS1|PTPRJ|RBM22|NCOR1|FKRP|ZFAND6|DLD|FDFT1|SLC39A8|MAP2K4|ZNF281|SCNM1|TAF12|DRG1|DENND1B|BUB1B|VTI1B|DYNC1LI2|EFCAB14|IMMT|PPP2R5A|NAP1L1|DAPP1|ACTR3B|YWHAB|RNF10|CDK13
GSE37336_LY6C_POS_VS_NEG_NAIVE_CD4_TCELL_UP	0.065592972181552	0.406113177293277	0.324520592831145	1.20698823294286	223	162	ZNF416|BICDL1|CXCL8|GPR158|PAQR9|MORC1|ZNF583|C3orf52|GPR85|MORF4L2-AS1|ASB9|SERPINI1|ONECUT2|TMEM209|CLDND1|SOHLH2|TMEM168|ZNF468|ARMCX5|PXYLP1|SYTL5|ERVW-1|TAC1|SYTL2|TMEM178B|HAUS1|PCDH1|ZNF700|STK24|ERC1|RHEB|RERG|ARRDC4|ZNF621|PUDP|TAMM41|QDPR|CETN2|FAM111A|ADARB1
GSE45365_NK_CELL_VS_CD8A_DC_MCMV_INFECTION_DN	0.0656314093173162	0.406113177293277	0.322454040493522	1.20168239726377	223	165	PIGB|KBTBD8|SGO2|ZNF354A|CHN1|CLDND1|TMEM106B|HNRNPLL|PHLDA1|PAQR3|CCT8|PPP1CC|GEN1|CCNA2|VPS50|NDFIP2|SCAF8|PTGES3|TWF1|PLAA|USP27X-DT|HESX1|ATP6V1G2|FRZB|HOXA5|AKAP4|PPIL4|TMED7|FASTKD3|MTMR12|CXCL11|SLC25A32|TUBE1|SOAT1|CRY1|CASD1|FAHD1|SDE2|ANXA5|HOXB7|GOLT1B|VDR|LRRC23|CHMP2B|SMPDL3A|NEK2|GALNT1|YIPF4|MRS2|SLC4A1AP|TIMM17A|LATS1|PRKCQ-AS1|BTK
FARMER_BREAST_CANCER_CLUSTER_1	0.0657293497363796	0.406275377249864	-0.523240322948201	-1.39153647735542	373	29	TRBC2|CD48|HERC6|IGHA1|MX1|ISG15|GMFG|OAS3|CD3D
GSE14769_UNSTIM_VS_40MIN_LPS_BMDM_DN	0.065884476534296	0.406733318235709	0.31678329213205	1.19583927653733	218	182	FEM1C|SETDB2|ADTRP|MEX3C|CD69|CCL2|BLZF1|CCL4|NABP1|CKS2|TLE4|ANLN|CCRL2|PHLDA1|L3MBTL3|EGR1|ETV3|RNF103|SMAD2|PROCR|TOB1|LRIG2|C3orf38|TRIM13|IFRD1|SIAH2|MAPK8|SKIL|BCL9|SLC38A2|MED21|SLAMF7|RPS6KA2|EGR2|CDK17|HERPUD1|OSGIN2|IL10RA|ARL5B|PELI1|REL|PHLPP2|DNAJA2|ADCK1|BAG4|ATPAF1|ATF2|MYC|CITED2
PURWIN_A375_MEWO_COMMON_SOX10_TARGETS	0.0658530969376007	0.406733318235709	0.511137549669431	1.381283581907	285	26	FGD4|S1PR2|USP6NL|RHOJ|ATP11A|NPAT|TTLL4
GSE4748_CYANOBACTERIUM_LPSLIKE_VS_LPS_AND_CYANOBACTERIUM_LPSLIKE_STIM_DC_3H_DN	0.0659278204035237	0.406750744444113	0.333391092898408	1.22350196693279	231	145	AIF1|PGM5|WDFY3-AS2|SLC22A4|KDM7A-DT|GABRR2|TCN1|HERC3|CAVIN4|PICK1|NPL|ZNF687|RUFY2|BBOF1|RASGRP4|WDR26|SPACDR|MAGEA4|NIPAL1|IGFL2|SFRP2|AP3B2|DOK3|NATD1|TLR5|CREG1|RBPJ|PYGL|AZU1|SEMA4A|TLCD4|USP49
BLANCO_MELO_MERS_COV_INFECTION_MCR5_CELLS_UP	0.0660255490167935	0.407103477291507	-0.326788476696903	-1.19946507323019	459	264	AMH|LAG3|HSPA6|SRGAP3|NHLH1|DNHD1|AOC2|DHDH|PYGM|VWA7|KCNJ14|TENT5B|CUBN|SLC8A2|ATP2A1|LEAP2|SOD2-OT1|CFAP70|CTRL|CPEB3|TIGD3|EPPK1|DYRK2|DCAF4L1|GPRASP1|RPP38-DT|ZNF462|AXDND1|SMG1P2|UBE2MP1|UCP3|MST1R|STYK1|FOS|C8G|DUSP8|PGF|NR1D1|C5AR1|SLC6A13|IDI2-AS1|MMRN2|FOXD4|ZC3H12A|ALDH8A1|UNC13D
GSE2770_UNTREATED_VS_IL12_TREATED_ACT_CD4_TCELL_2H_UP	0.0661455201443175	0.407592836837728	-0.349970441015974	-1.23384490571786	439	176	GAA|PCNX1|TBC1D1|AOC2|CCPG1|POLR2F|SFN|ZNF467|PBXIP1|SLC9A1|LCAT|RABAC1|GRN|UBA7|H4C3|KATNIP|DYRK2|PDE6D|ZNF516|MPG|AGER|ACVR1B|IRF3|CDKN2D|DGCR2|ACP3|MGAM|RPL38|SCAP|DGAT1|CDIPT|SULT1A1|DCTN3|CLSTN1|MAP3K3|RPL27|UCP2|XPO6|HDAC5|SIVA1|LSM6|TMBIM6|PSMB4|RPS11|NEU1|PITPNM1|VPS13B|ALDH6A1|ATP6V0A2|ABHD2|SRF|FLII|PINK1|MAN2B2|PKN2|PACSIN2|INTS1|FCHO1|SRSF5|ARHGEF6|CLASRP
JOHNSTONE_PARVB_TARGETS_2_UP	0.0664384627353353	0.408895946620047	-0.36666785001633	-1.25422259669903	426	136	PLAT|DBNDD2|IFITM1|ECM1|EREG|OTUB1|BSG|APLP2|IFIT2|LSR|SERPINE1|HGS|GREB1|G6PD|AKR1B1|CALR|DMPK|RAMP1|ISG15|BRD9|STXBP2|SLC4A2|CD151|TRAPPC1|NDUFB1|AGPAT2|EPHX1|NSMF|GRINA|FASN|MDK|MINK1|BCL2L1|MOAP1|ZNFX1|LY6E|NECTIN2|CAVIN1|FLNA|TLN1|PTPA|GPR137|ERGIC3|PPP1R9B|RAB11B|USP11|AKR1C1|CLPTM1|FURIN|SMAD3|CORO1B|SPTAN1|B2M|KCTD13|GALC|CFL1|SLC25A1
MARKEY_RB1_CHRONIC_LOF_DN	0.0664012738853503	0.408895946620047	-0.390039184592117	-1.28181119631801	416	100	TYROBP|CD14|IFI30|TIMP3|RENBP|SYNGR1|TRPV2|RABAC1|APOE|IFI16|IGFBP2|UCHL1|TPH1|STAB1|DCN|NDRG4|SLC22A23|HPGD|RHOB|FERMT3|RNF149|UBFD1|NINJ1|ATP6V0B|ZDHHC14|MSRB1|ADAM8|MIEN1
BIOCARTA_CCR3_PATHWAY	0.0665491405905685	0.409002389762057	0.612410473929616	1.44574855281762	301	15	GNAQ|ROCK2|MAPK1|RHOA|LIMK1|PLCB1|MAP2K1|PRKCB
FOROUTAN_INTEGRATED_TGFB_EMT_UP	0.0665817139216311	0.409002389762057	-0.389119305600486	-1.28041213143981	417	101	TGFB1I1|ADAM19|TAGLN|SMAD7|FSTL3|FOXD1|CRLF1|GASK1B|DOCK4|COL1A1|HSF2BP|MMP1|PDLIM7|SERPINE1|COL6A3
REACTOME_MEIOTIC_RECOMBINATION	0.0665008291873964	0.409002389762057	-0.418730605224738	-1.30846990057493	400	70	MSH5|H4C4|H2AC20|H2AC7|H2AC8|H2BC13|H2BC17|H4C11|H4C3|H3C12|H4C14|H3C13|H4C2|H2BC5|H3C2|H2BC12|MLH3|RAD50|H2AZ2
TONKS_TARGETS_OF_RUNX1_RUNX1T1_FUSION_MONOCYTE_DN	0.0666187395159358	0.409002389762057	0.441322392340888	1.33472210851678	277	43	ITGB7|ST8SIA4|RGS2|KAT2B|NR4A2|ROCK2|UTRN|UGCG|PLXNC1
CHIANG_LIVER_CANCER_SUBCLASS_UNANNOTATED_UP	0.0669687814702921	0.409325071096418	0.391755336278751	1.29192559775583	265	70	FOSB|MBNL2|NCOA2|HSDL2|EGR1|LRP6|LMO7|LURAP1L|RNF125|BACH2|ELL2|SLC20A1|NAMPT|HSPD1|LEPR|PCSK6|ZFAND5
DELACROIX_RAR_TARGETS_DN	0.0667987036370184	0.409325071096418	-0.587460757907604	-1.4226639627785	370	19	TPM2|CTBP2|TIMP3|CCND1
GSE15930_NAIVE_VS_48H_IN_VITRO_STIM_IL12_CD8_TCELL_DN	0.0669303316093702	0.409325071096418	0.310048405580455	1.18555891954338	219	199	TTK|CDC7|CCNG1|DTL|KPNA3|HNRNPLL|RBMXL1|MTHFD2|NDFIP2|PSMA1|IPO7|SH3BGRL|GNPAT|SMC2|NCBP2|POLA1|ECT2|KPNA2|MTCH2|ARL1|RPF2|CCNC|NUSAP1|PLRG1|MAD2L1|SAR1B|MRPL15|ARL3|PPA1|CPOX|TIPIN|ZW10|PHTF2|PLPBP|RRM2|COPS5|CRABP2|CUL2|CLIC4|BUB1|TARS1|UXS1|RRM1|VRK1|CDK2|CFAP20|CLCN3|PMPCB|NEK2|ECPAS|ETF1|HMGCS1|PLSCR1|IPO11|XPOT|SSBP1|HTATIP2|HPF1|GABARAPL1|LMNB1|CCT6A|MTX2|ZRANB2|AHCY|FUBP1|DRG1|BCAT1|CDS2|MTMR9|EXO1|ALDOA|LMAN1|FAM98A|SLC25A17|SNRNP40|LACTB2
GSE17974_0H_VS_0.5H_IN_VITRO_ACT_CD4_TCELL_DN	0.0669406928948914	0.409325071096418	0.321874574906676	1.20409750733041	227	169	SERINC5|EGR3|CD69|RAD54B|YOD1|CHD1-DT|CFL2|SESN3|SMARCA1|ZNF410|NAA30|CKS2|RUFY2|ALG13|KLF10|EGR1|ZNF184|PFKFB3|DCTN4|ETV3|NR4A2|FBXO30|ANKHD1|CRNKL1|ZNF383|IFRD1|KPNA2|LEKR1|AP5B1|CLDN9|GPR183|SLCO4C1|EGR2|LGALS4|ZNF718|SLC30A1|NFE2L2|ARL5B|ARHGDIG|AHI1-DT|DNAJB9|FBXO33|MAN1A2|SNRNP35|SLC9A5|PANX1|SRSF1|YIPF4|FYCO1
GSE6269_HEALTHY_VS_STAPH_PNEUMO_INF_PBMC_UP	0.0668971737823211	0.409325071096418	-0.349563687500199	-1.23241086816925	444	176	EPM2A|PLA2G6|PSMB9|PBXIP1|CHST12|ACAP1|BTN3A1|TMEM63A|SUN2|ARHGAP45|ING4|NSUN5|SFI1|PPP2R2B|LUC7L|GLG1|TMCO6|AKT3|BIN1|CSNK1D|SUGP2|MXD4|PRORP|PRF1|IL16|PWWP3A|SP110|TTC4|MYBBP1A|RANBP3|ITFG2|PLEKHF1|POLG|MADD|RASSF1|NT5C|SLC5A3|INPP5D|ZMYND11|CMTR1|PGGHG|EIPR1|NUMA1|PSD4|ABCD4|EXOSC7|ACYP1|SAFB|EIF2B5|ESYT1|WDR59|CCT7|C1orf174|ARL6IP4|SEC24C|RBM5|DDX54|USP11|PPM1G|ILKAP|CLN8|NPC1|POLR2G|ZBTB14|AHSA1|RXYLT1|PRDM10|FNBP1|ADA|TNPO2|MIPEP|RASGRP2|RAD51C|PRKD2|TAF1B
MIKKELSEN_MEF_ICP_WITH_H3K27ME3	0.0669975186104218	0.409325071096418	-0.363301815364609	-1.24778682998891	431	141	SULT2B1|ESPN|MC1R|POU2F2|ENTPD3|TYMP|CIITA|REN|HEPACAM2|C5|PHYHIP|NOXA1|MEF2B|TNFRSF8|GRM3|NCCRP1|NSG2|NPHS1|TNK1|ODAD1|TMEM232|NCAN|SEZ6L2|TMEM184A|GFI1B
REACTOME_EPH_EPHRIN_SIGNALING	0.0669115717659407	0.409325071096418	0.376188050557676	1.26585813454246	254	81	VAV2|MYL9|EFNA2|SRC|ACTR3|KALRN|YES1|ITSN1|ROCK2|SDCBP|EFNB2|PAK3|CLTCL1|MYL12B|RHOA|ROCK1|LIMK1|ARPC3|ACTR2|PTK2|CLTC|ADAM10
REACTOME_PENTOSE_PHOSPHATE_PATHWAY	0.0669898633759365	0.409325071096418	0.611518922640454	1.44364382234527	303	15	RPEL1|PRPS2|DERA|RBKS|PGM2|RPE
UZONYI_RESPONSE_TO_LEUKOTRIENE_AND_THROMBIN	0.0671031096563011	0.409720811879532	0.481736714934592	1.35637411483288	286	31	CXCL8|EGR3|RGS2|CCN1|ARID5B|EGR1|NR4A2|ELL2|HBEGF
REACTOME_ONCOGENIC_MAPK_SIGNALING	0.0671739700865915	0.409904140868818	0.375985886619469	1.26517786076633	255	81	SPRED3|CAMK2B|SRC|KDM7A|PPP1CB|PPP1CC|AGK|MAPK1|VWF|TRIM24|RAP1B|RAP1A|DUSP10|JAK2|FXR1|PAPSS1|ITGA2B|NRAS|AGGF1|BRAF|NF1|QKI|AP3B1|SPRED1|BRAP|CNKSR1|ZC3HAV1|BCL2L11|MAP2K1|TRAK1|YWHAB|SPRED2|ACTB
CHEN_ETV5_TARGETS_TESTIS	0.0675067506750675	0.410749561577191	0.536747704186843	1.39915914554015	299	22	DCK|CCNE2|CDCA7|DDX10|MAD2L1|NFYB|RBL1|TGFBR1|CDK2|PACRGL|CCNB1IP1|RNF227|HAUS6
GSE17721_CTRL_VS_CPG_8H_BMDC_DN	0.0674626865671642	0.410749561577191	0.319581360267989	1.20115227379125	225	176	SLAMF6|GPR137B|IGSF9|CCL2|NMD3|SLC33A1|KAT2B|KLHL13|PLK4|RUNX2|ARID5B|VPS54|STXBP3|ALOX12|CHDH|MARCHF7|MTHFD2|NAB1|WSB2|HK2|RAP2A|DDHD1|CNOT7|SLC5A5|ABR|TTC39C|TXK|APPBP2|PRRC1|SAMSN1|PPIG|EMC2|PRMT6|DNAJB11|PSMA2|GBE1|BRAF|CAV2|CHD1|RBM47|SENP1|MTF2|ETF1|PLSCR1|INTS6|GINM1
GSE37301_MULTIPOTENT_PROGENITOR_VS_LYMPHOID_PRIMED_MPP_DN	0.0673665791776028	0.410749561577191	0.322640714688603	1.20157585315305	230	163	FOSB|NXT2|FEM1C|ENKUR|FAM135A|KCTD12|PPP2R3A|RGS2|CCL5|SNX18|DNAJC6|RNF43|NEDD4|FAM107B|CCRL2|IMPACT|AKAP12|TJP2|SC5D|DENND4C|IPMK|SCP2|GFI1|GPR183|IL1RL1|SYTL2|XCL1|RNF125|ICA1|ELL2|MYO6|INSIG1|SAMSN1|IL10RA|ARL5B|CHSY1|PPFIBP1|KLRG1|DDX3X|CNOT6L|PPP1R16B|ANXA1|IDH3A|ARL4A|ITPRIPL2|SEPTIN11|NSMAF|DENND4A|MFSD6|SEPTIN8|RYK
GSE43863_NAIVE_VS_TH1_EFF_CD4_TCELL_D6_LCMV_DN	0.067517112632234	0.410749561577191	-0.364692357862951	-1.25004412536329	433	139	ARK2C|SPART-AS1|LINC02175|CYLD|RASGRP3|KIF24|MT2A|H2BC17|CECR2|CRYBG1|TRIM46|RIGI|RND1|ZNF436-AS1|PGS1|DISC1|MX1|ESRRB|DCT|TAP2|SP110|TTC4|WDR24|CEBPB|UCP2|DPH7|ATP6V0E2-AS1
REACTOME_POSITIVE_EPIGENETIC_REGULATION_OF_RRNA_EXPRESSION	0.0674846625766871	0.410749561577191	-0.396200171561539	-1.28224885167182	417	89	H4C4|H2AC20|H2AC7|H2AC8|POLR2L|POLR2F|H2BC13|H2BC17|H4C11|H4C3|H3C12|H4C14|CHD4|H3C13|H4C2|CHD3|H2BC5|POLR2E|MBD3|POLR1C|H3C2|MYBBP1A|POLR1H|H2BC12|GSK3B|H2AZ2|TAF1D|POLR1G
GSE43955_1H_VS_10H_ACT_CD4_TCELL_DN	0.0676263307842255	0.411164814301669	-0.348707873135411	-1.23076324937055	450	177	SULT2B1|PRG2|FZD9|FSTL3|ZFP42|HLX|AXL|COX14|CLDN6|PNMT|HYOU1|RPP21|GTF3C1|DTYMK|SGIP1|MYH8|CASQ2|SLC23A3|CIB1|ZNF771|COL6A3|MCAM|EFNA1|ECE1|FHL1|NOTCH3|MX1|GDF9|SELENOH|DACH1|RBFOX2|SNHG6|G0S2|INO80C|UGDH|FLNB|SFR1|CTTN|RNASE1|SYS1|C19orf48P|C9orf85|PAFAH1B1|S100A6|PSMD9|EPB41L2|RAC3|TOR3A|WDR20|DNAJC1|TCTA|CYB5R3|LRRC8A|PRSS8|PSENEN
GSE12845_IGD_POS_BLOOD_VS_PRE_GC_TONSIL_BCELL_DN	0.0677915034648991	0.411631354818359	0.31001752949916	1.18480261224462	224	196	LPXN|CD69|BCAR3|PKD2|H2AC17|DTL|MME|PBK|KIF11|FNDC3B|MTHFD2|CCNB1|RNF103|SMC2|METAP2|NCAPG|ODR4|USP14|MAD2L1|NREP|ZNF160|MORF4L2|SPDL1|ROCK1|CASP3|RFX7|MYB|KIF15|WSB1|SEPHS1|DCP2|BIRC2|ANP32B|RACGAP1|RBBP8|SMPDL3A|TUT4|SNTB2|MTF2|CDKN3|HMGB1|SRSF1|SEPTIN11|ATP6V1A|XPNPEP1|DDX21|SHCBP1|NCAPG2|LNPEP|CENPE|FUCA1|FABP5|CLASP2|HNRNPA2B1|ALDH18A1|NDC1|RFWD3|CCNB2|RAD51AP1|HSPA5|SFPQ|DEPDC1|TBC1D4|DLGAP5|RASA2|KIF23|MELK|FEN1|NCAPD2|HSPA8|SRP54|MRPL35|ASPM|MFAP1|GLRX5|BANF1|SPC25|PPIF|FANCL|CDC6|FOXM1
GSE17974_CTRL_VS_ACT_IL4_AND_ANTI_IL12_2H_CD4_TCELL_DN	0.0677661169415292	0.411631354818359	0.312889904720122	1.18885646463262	225	189	ST8SIA4|MED18|KCTD12|ZNF410|NAA30|NABP1|TESPA1|COPS8|ALG13|PHLDA1|DLC1|KLF10|EGR1|B3GNT5|PJA1|MTHFD2|LEO1|MRPL42|UTP18|FBXO30|CRNKL1|PPIL1|INTS6L|PER2|MED21|EIF2B2|GFI1|GPR183|CHAC2|DLAT|SERTAD1|KCTD21|SLC25A32|CCNH|COPS5|ZNF234|CCT4|HSPD1|SEC24A|EIF3J|TRDMT1|EEIG2|RBBP8|MFSD14B|SNRNP35|TTLL4|NUP88|FBXW11|NCBP1|GNL2|NMI|SRSF1|NEMP1|SLC39A8|TBL2|TRMT10C|COPB2|C1GALT1C1|ZNF232|SLC30A5|FAM98A|ARG2|EED|TOP1|MED20|IMMT|SRP54|MRPL35|RAB1B|MFAP1
MULLIGHAN_NPM1_MUTATED_SIGNATURE_1_DN	0.0678260869565218	0.411631354818359	-0.382917927532413	-1.27307571550628	428	108	PLCB4|FAM171A1|PDE2A|RPL28|BTN2A2|WHRN|DGKD|TRPM4|SUN2|FLAD1|ATP9A|HSPB1|PPM1F|FHL1|TPPP3|MAP4K1|OAZ3|LTBP4|HPCAL1|GRHPR|ARID3B|ABCD1|NBL1|UXT|RASSF1|CAMKK2|EEF1D|EMC1|DUSP5|QARS1|TUFM|ESYT1|SERPINF1|SURF1|PES1|PLEKHO1
GSE39556_UNTREATED_VS_3H_POLYIC_INJ_MOUSE_CD8A_DC_UP	0.0679993942147509	0.412184733772747	-0.350440913719077	-1.23105659332039	448	172	SPIB|ADAM19|STS|SPAG1|APBB2|IFI30|ABCB4|NUP210|FBXW4P1|CXCL1|HLA-DOB|IZUMO4|LAMA5|MICAL3|CD19|AEBP1|TCL1A|CD48|SLC7A7|IRS1|RASGRP1|NDUFS7|NFIL3|EMP3|ENTPD1|CRYM|LIG1
SILIGAN_BOUND_BY_EWS_FLT1_FUSION	0.0679726221383054	0.412184733772747	0.454023743484294	1.34002565721642	287	38	CCRL2|ME1|XPR1|COP1|NEO1|HESX1|SYTL5|POPDC2|PIP5K1B|ERC1|NEK1|WWP2|NR5A2|GALNT10|PAPPA|DPP9
PID_IL8_CXCR2_PATHWAY	0.0681128994634943	0.412623587697378	0.477871064827067	1.35530364596414	291	32	CXCL8|ELMO1|RAB11A|RAB5A|PIK3CG|PPP2CA|PLCB1|DOCK2|GNAI2|VASP|RAB7A|PRKCB|RAC2
KEGG_MEDICUS_REFERENCE_ARL8_REGULATED_MICROTUBULE_PLUS_END_DIRECTED_TRANSPORT	0.068241469816273	0.41315312063676	-0.497080323282057	-1.36506429314288	389	34	KLC4|KLC3|TUBA3E|KIF5A|KLC2|BORCS8|TUBB2B|TUBA1B|BORCS5|BORCS7|TUBB3|PLEKHM2|TUBA3C|SNAPIN
GSE29614_CTRL_VS_TIV_FLU_VACCINE_PBMC_2007_DN	0.0683736634777715	0.413205800114311	0.333876706003765	1.2216797669606	242	141	ZNF257|SH2D6|STEAP1|EMC9|SLC22A1|DTL|FSCN3|PBK|CEP162|GULP1|TMEM168|CCNB1|SMC2|GINS1|NCAPG|ODR4|CDC27|SIGLEC6|CHAC2|ASB3|TYMS|CDK1|POU4F1|RRM2|TRIP11|KIF15|RFESD|CFAP20|KIF14|CDKN3|EFHC1|ZWINT|CEP70|SHCBP1|PCLAF|DSN1|CCNB2|PHF8|BUB1B|HSPA5|B4GALT3|FAM98A
WEST_ADRENOCORTICAL_TUMOR_MARKERS_UP	0.0683453237410072	0.413205800114311	0.563937744147791	1.41438498211514	303	19	DTL|TOP2A|IL32|CDK1|RRM2|NEK2|PCSK6|MED8|ASPM|PMAIP1|FGFR4
WP_TRANSLATION_FACTORS	0.0683305064211291	0.413205800114311	0.428409513329652	1.32717965631871	281	49	EIF2AK3|EIF3E|EIF2B2|EIF4E|EIF3C|EEF1A1|EIF5B|EIF4G3|EIF2S1|EIF3J|ETF1|EIF4B|EIF4A2|EIF4EBP3|PABPC1|EIF1AX|EIF2AK2|EIF3H|PAIP1|EIF1|EEF1B2
NOJIMA_SFRP2_TARGETS_DN	0.0685992077781779	0.414319402934627	-0.585493518977445	-1.41789986595256	380	19	LEF1-AS1|PYCARD|TSPAN5|IFITM1|GRN|CCND1|GAS2L1|MET|MX1
GSE23114_WT_VS_SLE2C1_MOUSE_SPLEEN_B1A_BCELL_DN	0.0687228627039976	0.414595285229477	-0.346244452039095	-1.22695796452458	458	184	STX11|TSC22D3|PYGM|PIEZO1|ABCC10|ARSA|CD37|LILRA2|MT2A|TCAP|MAPK11|GDPD5|SUN2|MICAL3|ECI1|MYO1A|CLCN7|PCOLCE|SLC29A2|P2RX5|PIK3IP1|THEMIS2|DGCR2|NRTN|NME3|RGP1|RBM38|H4C2|CTSA|BIN1|USP19|HPGD|DGKA|MAP4K2|CDIPT|ERICH1|JUNB|PPARD|TSC22D4|MAP3K3|ACAA1|ID1|EXTL3|CNP|PLXNA3|MVD|ACVR2B|MDK|SLC25A42|NNMT|TRAF3IP2|LPAR2|FAM50A|CENPB|ALDH6A1
GSE6259_33D1_POS_VS_DEC205_POS_SPLENIC_DC_UP	0.0687274909963986	0.414595285229477	0.318235601261904	1.19860046188106	228	179	MEIS1|ZNF443|ST8SIA4|CCNG2|NCOA2|GPRASP2|DCBLD1|ANKRD36|KLHL24|AASDH|MEF2C|ATG2B|CRLF3|PPM1A|SNX24|NLK|MAPK8|SKIL|SLC38A2|HECA|TANC1|EML6|PCDHGA8|LRRC36|PRSS27|SLC40A1|SLC25A36|USP47|CENPU|METTL14|BCL2|AHCTF1|CASP3|MYB|MAPRE2|PPM1K|MIS18BP1|PIK3CG|HEYL|NMNAT3|SLU7|TMED8|PRR11|PTAFR|TAF4B|BMP2K|STK4|FDFT1|PRKCQ-AS1|ATP1A1-AS1|BTG1|DCAF12|SPOP|ZNF510|PRKCQ|PNPLA8|RFWD3|TRIM33|CCDC28A|TBC1D15|ATOSA|FOSL2|DAB2|WDR48|ATXN3|PIK3CB|RASSF5|CCDC69|NUP98|TERF2IP
LIU_VMYB_TARGETS_UP	0.0688622754491018	0.415158871446297	0.346806308289572	1.23732647503606	252	117	DPYSL2|NXT2|AGA|MEMO1|USP25|MGAT2|BNIP3L|MARCHF5|PTBP3|ABCD3|SATB2|THAP9-AS1|MPHOSPH9|TNKS2|KCNS3|EPB41L4B|RPS6KA2|KLHDC2|WASHC3|SBNO1|ETFDH|CLIC4|CA8|SEC24A|BAG2|CFAP20|RBM47|NMRK1|NGLY1|NMI|PLSCR1|PSIP1|KLHL7|ANKRA2|LNPEP|FABP5|ZNF318
DOANE_BREAST_CANCER_ESR1_DN	0.0690459528808024	0.415722685883177	0.469655003242862	1.35020058178533	295	34	CXCL8|PLAAT1|BMAL2|PALS2|GABBR2|ASS1|SCRG1|CHST3|TTLL4|MID1|UGT8|PAX6
KEGG_RNA_DEGRADATION	0.0690081622557507	0.415722685883177	0.410610945516654	1.30349138346553	278	57	DCP1B|CNOT8|MTREX|PNPT1|CNOT6|CNOT7|EXOSC9|EDC4|CNOT3|CNOT2|ZCCHC7|HSPD1|C1D|CNOT6L|DCP2|PAPOLA|LSM3|DDX6|MPHOSPH6|PAPOLG|HSPA9|PATL1|CNOT10|XRN1|SKIC3|EXOSC8
REACTOME_PROTEIN_PROTEIN_INTERACTIONS_AT_SYNAPSES	0.0690800398538692	0.415722685883177	-0.41601614990437	-1.30202895512249	415	71	SHANK1|STX1A|HOMER3|EPB41L1|PPFIBP2|APBA3|LRFN1|GRIA3|NTRK3|SYT7|SLITRK6|PPFIA4
CHANDRAN_METASTASIS_DN	0.0694504233031999	0.416018362818859	-0.328272639528936	-1.20022240063218	483	251	PAK1|KRT15|SLC30A4|RAB27B|TRIM29|BCAS1|SYTL1|ITGA4|CDNF|RAB34|DBNDD2|PYCARD|SELENOM|GHDC|XAB2|PWWP2B|PPP1R14A|ANKH|AMDHD2|ITIH5|ROGDI|SMTN|IGFBP2|VSIG2|SYNGR4|TSHZ3|SORBS2|CRISPLD2|CLCN7|HPS1|RAB40B|FOS|TIGD2|ZNF747|SPATC1L|SLC15A2|MX1|MAGED2|AXIN2|NINJ2|EPHB6|ACYP2|SMOC2|ARHGEF10|POMT1|KCNN4|TRAPPC1|HEXA|SMIM1|TMEM199|RILPL2|INTS11|NBL1|NR4A1
GSE18791_CTRL_VS_NEWCASTLE_VIRUS_DC_2H_UP	0.0694607268464244	0.416018362818859	0.319609401399264	1.19679558169792	236	170	DCP1B|NAPEPLD|ZNF70|EFCAB7|ZNF583|ZNF485|TCN1|DDIAS|CETN3|RMI1|ZNF30|PARS2|PRIM1|PEX1|FANCB|ZFYVE26|NUP37|INTS8|SEC22A|METTL21A|ZC3H12B|MS4A2|SYNE2|C2CD6|RSPH4A|LEFTY2|RIOK2|MRPS31|ZNF850|ZSCAN29|ERO1A|RPE|FBXL4|SMG8|AGGF1|KRBOX4|ZNF234|CMTR2|BORA|SSR4P1|GIMAP2|DNAAF10|HMG20A|ZBTB9|NEK2|MAPK14|FANCF
GSE2770_IL12_AND_TGFB_VS_IL4_TREATED_ACT_CD4_TCELL_6H_DN	0.0692901234567901	0.416018362818859	-0.360672913121121	-1.24255052711832	448	144	TNS2|SPIB|WFS1|TCEA2|FZD9|SVEP1|ZNF169|FNDC11|HEPACAM2|RAB38|C5|HCST|TEX19|LRFN1|ELL3|SLC22A13|ANKS1B|PLXNA4|SLC16A13|COL6A1|KLK8|CCDC136|TNKS1BP1|BAHCC1|DLK1|STING1|MERTK|ANKRD13D|PLD2|SYT10|ENGASE|MVD|GCHFR|MGAT4B|IL17RC|NIBAN2|IL6ST|NOL6|NT5DC3|ZC2HC1C|GSTO2|CLCN5
GSE43863_NAIVE_VS_LY6C_INT_CXCR5POS_CD4_EFF_TCELL_D6_LCMV_DN	0.0692283758556316	0.416018362818859	-0.365160021449987	-1.24787325276209	444	135	TREX2|ARK2C|MIR9-1HG|STOML1|MT2A|XAB2|CXCL1|CACFD1|EPHA1-AS1|MRPL14|CUL9|ABCA17P|TEF|DNPH1|TUBGCP6|MATN4|CCK|OR2A4|TGM1|LOXL3|SAMD10|FOLR2|UQCC4|AKNA|GAL3ST1|TTC4|SOCS2-AS1|NTHL1|CEBPB|GRIPAP1|VPS11|GCHFR|CD3D|NOCT
JINESH_BLEBBISHIELD_TO_IMMUNE_CELL_FUSION_PBSHMS_UP	0.0692959311206777	0.416018362818859	-0.315403803521349	-1.18201593040405	498	337	PBX4|TAGLN|CYFIP2|BCAS1|PIEZO1|PLXNB2|ENTPD3|FAM234B|TIMP3|FGD3|GTF2I|QSOX1|ACTA2|LMF2|PLXNA1|RHBDF1|MIR503HG|BSG|EPPK1|LAMA5|ETFB|PI4KAP2|TRIO|APLP2|SLC12A4|CUL9|PLSCR3|TUBGCP6|SERPINH1|KIFC2|TOP3B|CYP2S1|FYN|SDF2L1|TIGD2|PPM1F|COMT|MED15|DGCR2|FRMD3|HOXC13|YDJC|SLC10A3|BRD1|DUSP4|H2BC5|HIC2|KCNN4|PPP6R2|XPC|DIAPH1|DYNC1H1|CD151|C12orf76|F2R|PISD|DGCR8|ELOVL1|ITGB1|VKORC1|ITGAV|MBOAT7|INPP5D|FLNB|PLXNA3|CTTN|SASH1|BID|SLC20A2|USB1|SPINT1|TXNDC11|FAT1|DBN1|ZNF219|TUBB3|BCL2L1|CENATAC|CTSZ|MAN2A1|CDC42EP3|PI4KA|C15orf39|SPTBN1|TOR3A|CAVIN1|JUN
LEE_LIVER_CANCER_SURVIVAL_DN	0.0693950177935943	0.416018362818859	0.317998421223535	1.19592813777703	233	175	ZC2HC1A|TTK|NTS|RGS2|ACTR3|CD164|CKS2|HIF1A|ANLN|HDAC2|B3GNT5|PTBP3|ZNF681|NPM1|MTHFD2|CCNA2|MRPL42|CCNB1|ZWILCH|SMC2|YWHAQ|SLC44A1|NCBP2|ECT2|CBX3|ZNF37BP|ATP5F1C|CENPU|TPRKB|CALM2|DUSP18|RPE|DSG2|PELI1|KIF5B|UBA2|ACTL6A|SNRPB2|RPS3A|HMGN1|SEPTIN7|UBE2D1|HNRNPA1|METTL5|PCNA|YWHAH|BZW2|ATAD2|BUB3|PCLAF|CCT6A|FABP5|LRRCC1|PNP|NDC1|RMI2|EEF1E1|BCAT1|MAPRE1|SUZ12|TSPAN3|RPS6|KNTC1
REACTOME_SIRT1_NEGATIVELY_REGULATES_RRNA_EXPRESSION	0.0694279409268375	0.416018362818859	-0.450515642082531	-1.335351133406	408	51	H4C4|H2AC20|H2AC7|H2AC8|H2BC13|H2BC17|H4C11|H4C3|H3C12|H4C14|H3C13|H4C2|H2BC5|H3C2|H2BC12|H2AZ2|TAF1D
VECCHI_GASTRIC_CANCER_ADVANCED_VS_EARLY_DN	0.069330385344283	0.416018362818859	-0.378786998213129	-1.26510037378974	438	112	TSIX|S100P|ENTPD3|ELAPOR1|COX8A|HEPACAM2|HBB|LPCAT4|VILL|ETHE1|CHCHD10|TPD52|VSIG2|LINC01133|CPS1|SULT1A2|MUC1|DPP3|DDT|SMDT1|ABHD12|DOT1L|ZBTB7B|CENPV|BLVRB|BTD|WNK4|STARD10|NDUFA7|PRSS2|NAT1|NMU|CYC1|CHCHD5|PCBD1
GSE11961_MARGINAL_ZONE_BCELL_VS_GERMINAL_CENTER_BCELL_DAY40_UP	0.0695573622402891	0.416348719241516	0.315685243243578	1.19265313750781	230	183	SLC35A3|PIGA|NEDD1|TRAPPC6B|CENPQ|MEMO1|ZNF410|ARL5A|ITGB3BP|TTPAL|PRMT9|USP38|PDE3B|ANGPTL4|B3GNT5|RIMOC1|SACS|AAK1|SLC30A6|COG6|WDR26|C3orf38|PPIP5K1|ZNF512|UGCG|SLC20A1|GOLGA4|KLHDC2|NIPSNAP3A|RBL1|ARL5B|PLEKHA8|ETFDH|ZNF654|PARD6G|IREB2|TMPRSS5|PRKD3|SPCS2|MGA|DHX15|KLHL6|CR1L|CLCN3|INPP5B
GSE7852_TREG_VS_TCONV_DN	0.0696838003896299	0.416856965620444	-0.34651534290131	-1.22546576707234	464	180	RINL|LAT|METTL27|SLC30A4|CDPF1|ENC1|GTF2I|LYST|AMZ1|ARID5A|SPEN-AS1|CLN3|DYRK2|NXF1|EEIG1|SHLD1|ARHGAP45|GABRG2|NTRK3|LRRC75B|TNFRSF1A|AQP11|ATP2A3|C19orf38|KLHL4|MBOAT1|TMEM161A|SEMA4F|SLC12A7|ITGB5|ICAM2|RNF32|IL17RA|GPSM3|HPCAL1|MSRA|SGK1|ANKRD13D|PAQR7|GRK6|GRIPAP1|ARFIP1|PCYT2|AP3D1|KLF13|PDLIM4
REACTOME_DNA_METHYLATION	0.0698704839809134	0.417724787492799	-0.4552074329442	-1.33450748028809	409	48	H4C4|H2AC20|H2AC7|H2AC8|H2BC13|H2BC17|H4C11|H4C3|H3C12|H4C14|H3C13|H4C2|H2BC5|H3C2|H2BC12|H2AZ2
GSE22886_NAIVE_CD8_TCELL_VS_MEMORY_TCELL_DN	0.0699849170437406	0.41815987933635	0.313967725063335	1.18838388577498	231	185	ELK3|ZC2HC1A|PRNP|CD44|CREBL2|GOLPH3|CHN1|ARID5B|MAP3K1|BCAP29|FBXL8|LDHA|EIF4G2|CBLL1|ADD3|TMEM123|PDS5A|CBFB|ORC2|TNKS2|HECA|GPR183|IL6R|ABR|INPP4B|ICA1|RAD23B|RAP1A|CAB39|UFM1|DCAF17|RBL1|SQOR|SAMSN1|PHTF2|CMPK1|ATP11A|STK24|PEX13|PIGC|CDKN1B|ELOVL5|DSCC1|CTNNB1|GOLGA7|ITM2B|CCR10|HNRNPA1|RAB14|CAPZB|CDC5L|ACAT2|DSTN|TRAM1|IL1R1|S100A4|CAST|TMX4|DEGS1|HIF1AN|PPP4R3A|PPP3CA|KIFBP|CRKL|AQP3|CCDC47|SEC31A
GSE27786_LIN_NEG_VS_NKCELL_DN	0.0701728024042074	0.418535110239711	-0.344186277583609	-1.22291523067149	466	191	SMAD7|ABRACL|PBX3|ABCA7|DHRS1|GPR68|RABAC1|COX14|PPCDC|IFI35|TMCC3|MAP1LC3A|TGFB3|LENG9|PTGIR|TMEM86A|ICAM1|ERO1B|DDRGK1|FAU|ATP6V1F|HIGD2A|B3GAT3|RGS14|CMKLR1|TNFAIP8L2|DZANK1|CHD3|PLEKHG2|FHIP2B|RPL38|PSAP|DNAJC17|ATOX1|KCNK6|YIPF3|LYL1|SMDT1|MYO9B|BIN3|NDUFA1|DYNC1H1|MAPKAPK2|MAF1|TRIM39|HDAC5|GIT2|PGGHG|RPL37A|IRAG2|TAX1BP3|COMMD6|HES1|VPS13B|ATP6V0B|ITPR3
GSE39820_CTRL_VS_TGFBETA3_IL6_CD4_TCELL_DN	0.0701728024042074	0.418535110239711	-0.344129768222905	-1.22271444940163	466	191	IL21R|RAB26|SRGAP3|SLC30A4|CYFIP2|AKAP13|NAGK|STOML1|GKAP1|SMPD1|MT2A|DHRS1|ECM1|CACFD1|NUDT18|ACAP1|PPM1J|TRPM4|PLSCR3|TULP3|TGM1|IER3|ACVR1B|CAMKK1|CDKN2D|SERPINE1|TMEM107|FAU|TIMP1|SIRT7|MAGED2|NDUFAF3|ADPRM|PLEKHG2|SEMA4F|SLC12A7|RNH1|RNF181|TREML2|HEMK1|MGRN1|CARHSP1|TMEM205|ZBTB7B|SUSD3|PYCR1|BLVRB|HDAC5|ID2|SMIM14|STX18|FLOT1|TMUB2|TAX1BP3|RAB2A|NCBP2AS2|CCDC186|ARMCX3|UPP1|REXO4|DNPEP|GRAMD1A|PTTG1IP
GSE42088_2H_VS_24H_LEISHMANIA_INF_DC_UP	0.0701465749326952	0.418535110239711	-0.345450322564766	-1.2253583089566	468	187	DPEP2|TSC22D3|CD14|CCPG1|CD37|SFN|PYCARD|RPS28|NACA4P|GDPD5|SLC9A1|RPS29|REX1BD|TECR|ARHGAP4|SNHG32|IFITM2|MNDA|CRISPLD2|RPS9|TMEM8B|FOS|PPM1F|THEMIS2|PTK2B|HIGD2A|C5AR1|KCNAB2|IFITM3|AMPD2|NLRP1|MS4A4A|MZT2B|TSPO|TACC3|PIGL|CTSD|CST3|HEXA|NR4A1|RPL27|CNPY3|SIGIRR|ICAM3|NDUFB11|ERP29|CARS2|IFNGR1|MINK1|PDK3|RNASET2|OXA1L|PXN|LY6E|SCPEP1|TOR3A|PIGT|GSTK1|EBP|CD52
GSE15930_NAIVE_VS_24H_IN_VITRO_STIM_IL12_CD8_TCELL_UP	0.0703253861148598	0.418947315027278	-0.347708329934859	-1.22723536505197	468	177	KLC4|WNT11|TCN2|ADGRG3|FGD3|SPPL2B|MAPK8IP3|QSOX1|RAB33B|SOX11|MAP1LC3A|SPATA6|CYTH3|ATP9A|ELMOD3|MX1|PKP3|BCL6|FRMD8|PSAP|SEMA4F|SUGP2|TRAF2|PMPCA|IL16|DVL1|FBXW4|DIAPH1|AGRN|ARID3B|ZBTB20|SLC39A4|ABCD1|RETREG2|REXO1|PHRF1|HIP1R|MYL6|PCSK7|GRINA|CEL|RPL37A|AKAP7|MFGE8
GSE7831_UNSTIM_VS_INFLUENZA_STIM_PDC_4H_UP	0.0703113135914958	0.418947315027278	-0.351813209491179	-1.23187268922113	462	167	SCX|BFSP1|ELOVL3|CTBP2|GFAP|PSMB9|PRKCZ|TAP1|HLA-DOB|DIAPH2|PLXNA1|APOE|TNFRSF21|EEIG1|ECI1|ITGAX|SLC7A7|CIB1|CCND1|SNX21|BCL3|KSR1|ECE1|ENTPD1|GALR3|SH3D19|MAFK|SLC12A7|LYL1|ITGB5|ENO3|BMP1|B4GALNT1|RBFOX2|PLD2|TNFRSF1B|ITGAV|RGL2|SLC66A2|FLNB|CACNB3|RNF149|THOP1|BID|SMARCD2|CD81|KDELR3|POLR1A|EPB41L2|JUN|SLC22A5|MSRB1|CD52|CYB5R3
MCBRYAN_PUBERTAL_BREAST_6_7WK_DN	0.0705043132050431	0.419764113850666	-0.416341241349473	-1.29842659146179	424	69	TAGLN|FAAP20|MT2A|ACTA2|EPS8|IGFBP2|APOD|CCNL2|TIMP1|NR1D1|FBLIM1|BCL6|RPS10|F2R|CDCA3|PDLIM4|RNF149
GSE6674_UNSTIM_VS_ANTI_IGM_AND_CPG_STIM_BCELL_DN	0.070556713307532	0.419827082502079	0.309757104958779	1.18182205016506	236	193	C3orf18|TAMALIN|NMD3|DET1|PANK3|UBA5|RBMXL1|MACIR|FMNL3|UTP18|SYPL1|BCLAF3|PIKFYVE|WSB2|PPP1R12A|ZDHHC21|PICALM|SIAH2|MAPK8|USP31|BRIX1|IL24|C5orf22|CNBP|SLC20A1|PPA1|NAA25|LRP12|GTF2E1|AHCTF1|ZNF507|AGGF1|TARS1|EIF4G3|NIP7|MYC|HAPSTR1|ATAD1|UTP15|TMEM68|MAK16|ARL4A|KIAA1191|ARCN1|SPRED1|GNL3|USO1|PPP2R1B|LATS1|ETV6|OTUD4|UTP25|HSPA9|ZZZ3|CDK6|DIMT1|TRMT10C|TASOR2|EEF1E1|BTG3|RIOX1|BAG5|WDR3|SLC37A3|RRN3|PRMT5|WDR43|CD82|RASA2|SRFBP1
REACTOME_STRIATED_MUSCLE_CONTRACTION	0.0706502636203867	0.419885936187946	-0.518651948620171	-1.37933388139867	401	29	TPM2|TCAP|MYH8|ACTN2
WANG_TARGETS_OF_MLL_CBP_FUSION_DN	0.0706248503710797	0.419885936187946	0.436583587182857	1.32612537443095	294	44	NMD3|STRAP|CWC22|DLAT|TRIAP1|VDAC1|CPOX|UXS1|RIOX2|GGCT|GABARAPL1|PSMC5|TTC27|FABP5|GLRX3|CAT|DEGS1|DOCK8|KPNB1|CUL4A
GSE13411_NAIVE_VS_MEMORY_BCELL_UP	0.0706984667802385	0.419923792627239	0.331202352857725	1.21363432114848	248	144	MORC1|CD40|C3orf52|CADM4|PLK4|ZFPM2|RUNX2|CORO1A|HIPK3|CEP162|AFF4|MACIR|CT55|RDX|FAM124B|SNRPN|NXPH4|APOA2|FRZB|SYT11|CHN2|ART4|MYEF2|ABCA6|NCKAP1|EIF5A2
GSE24081_CONTROLLER_VS_PROGRESSOR_HIV_SPECIFIC_CD8_TCELL_DN	0.070926143024619	0.420778146383644	0.318953441022459	1.19433930075846	241	170	AIM2|BATF|STAP1|DERA|BMX|RPAP3|HIBCH|NFAT5|XPO7|RAB11A|GMPS|HOMER1|MYOM2|RBKS|RSAD2|SLAMF7|PLA2G4A|POF1B|CASP8AP2|C1GALT1|RHOA|CCDC121|JAK2|RBL1|USP53|RTN3|VRK2|RRM2|UBE2W|ATP11A|MTHFSD|IFI6|RDH11|PPFIBP1|SMC6|CDK2|MIS18BP1|RIDA|MTRF1|TMEM243|STX7|GART|SNTB2|TMX1|IPP|PTPRC|STIL|PLSCR1|PTPRJ|TMT1A
WP_VITAMIN_A_AND_CAROTENOID_METABOLISM	0.0709170305676856	0.420778146383644	-0.505939929115991	-1.36521216380906	405	31	SULT2B1|BCO2|RETSAT|RDH12|SCARB1|DGAT1|DHRS3|SULT1A1
BRUINS_UVC_RESPONSE_VIA_TP53_GROUP_B	0.0712703583061889	0.422439013036059	-0.301416655067762	-1.16048923120908	546	479	NFKBIZ|SP5|TGFB1I1|RINL|GZMM|IGF1R|WFS1|SMAD7|ACKR1|MATR3|SYPL2|VASN|CRLF1|CRIP2|CCPG1|SMPD1|ABCB4|FMC1|ITPKC|PHYHD1|CBS|CELSR3|QSOX1|ZBTB49|ZFPL1|GASK1B|CASTOR1|P2RX4|RENBP|EREG|PNCK|FGFBP3|STK11IP|GAS5|PNMT|SLC12A4|NRDE2|TEF|PLSCR3|OSBPL5|HYLS1|AEBP1|TCL1A|ADAM22|GRIA3|GALNT14|TPD52|KRT4|LOXL3|DNAJC22|HPS1|LAMB3|CDKN2D|PIK3IP1|SERPINE1|TINAGL1|KEL|C5AR1|SMIM11|NCAN|FAS|FRMD6|NDRG4|MAFK|LTBP3|THAP7|LTBP4|GNA11|DNAJC17|CTSA|DCXR|ALDH8A1|SNHG20|TAP2|SHISA5|THBD|ENO3|FLYWCH2|PLK3|RIN1|SULT1A1|AGRN|DYNC1H1|BMP1|PDRG1|NPDC1|SAP30BP|MAPK8IP1|NR4A1|PRTN3|REXO1|EPHX1|ELOVL1|SIDT2|SLC35E3|SFMBT1|RASSF1|DDAH2|FBXL3|RAD54L|PACSIN1|PTK7|IL15RA|HCN3|RNASE1|MFGE8|C19orf25|KLHL21|METTL6|NOCT|HSPA1A|RPS12|INF2|CHPF2|TRAF3IP2
MEISSNER_ES_ICP_WITH_H3K4ME3	0.071290265798275	0.422439013036059	-0.52264489375095	-1.380333807009	404	28	STOML1|PAK6|EPPK1|RTTN|PRPF31|PALM3|PPP2R3C|WDR83OS|NOSIP
GSE411_UNSTIM_VS_400MIN_IL6_STIM_SOCS3_KO_MACROPHAGE_DN	0.0714072303555423	0.422882465079017	0.310775069460779	1.18295621798757	238	191	DPYSL2|GNA13|FBXO2|RRM2B|RASSF3|HIPK3|NBN|FAM76B|INTS13|SUV39H2|PAIP2|MTHFD2|KNL1|ERI1|PSMA1|RIF1|ZFTA|ELMO1|SCCPDH|MEX3B|GMPS|LRRC36|RAD23B|TARS3|HYPK|CDC14B|RHOA|ZFAND4|IFT57|TIMM23|HERPUD1|TYMS|CSRP1|ZW10|DTWD2|REL|NME7|SMC3|LSM14A|C4orf46|PIK3CG|SDE2|CITED2|ATAD1|ANP32B|LRRC23|LSM3|BRWD3|PPP2CA|GPD1L|MIER1|CEP76|IQGAP3|BUB3|ATXN7L1|LMNB1|ELOF1|FCHSD2|E2F5|PHKA2|DSN1|MDM1|SUMO3|RNASEH2B|PRDX5|HSBP1|TP53INP2|DMWD|TOP2B
DUTERTRE_ESTRADIOL_RESPONSE_6HR_UP	0.071564281190627	0.42320614066292	0.302733806367264	1.16630112885505	225	218	NOS1AP|ZNF185|CD44|EGR3|ZNF367|CCNE2|TMEM64|DTL|AMD1|HIF1A|LONRF2|RAPGEFL1|PHLDA1|PRIM1|TFAP4|CDCA7|ABCE1|SEH1L|LDLRAD3|PLAC1|DDX10|SNX24|USP31|SLC19A2|ISOC1|UGCG|OSTF1|SYTL5|H2AP|MAMLD1|HSPB8|ARL3|MRPS23|CENPU|JAK2|RBL1|BCL2|ATP11A|ENDOD1|CNKSR3|MYB|RERG|HSPD1|NIP7|MYC|TMEM104|DSCC1|RBBP8|GART|TMED8|NMRK1|OPN3|SFXN2|PCNA|BRIP1|MMS22L|RAB31|PLAAT3|DDX21|TIPARP|NEMP1|B3GALNT1|POLR1B|TMA16|RFC3|PAICS|DKC1|XRCC2|EXO1|WDR3|MOCOS|CD82|PXK|WDHD1|TMEM164|SLC27A2|FKBP4|FEN1
KERLEY_RESPONSE_TO_CISPLATIN_UP	0.0715399272475316	0.42320614066292	-0.480068615906143	-1.35417640975601	412	39	PLAT|GDF15|DDB2|ACTA2|IER3|SERPINE1|FDXR|FAS|DGKA|PLK3|INPP5D|PIDD1|LMNA
LI_WILMS_TUMOR_ANAPLASTIC_UP	0.0715883668903803	0.42320614066292	0.582045107789634	1.41772420270912	319	17	TTK|HAT1|RFC4|KPNA2|NUSAP1
GSE18281_CORTICAL_THYMOCYTE_VS_WHOLE_CORTEX_THYMUS_DN	0.0719229611796569	0.424683931953763	0.314084028167409	1.18811594091618	238	184	GPR137B|ZNF362|FCGR2B|ZNF268|GOLPH3|YIPF1|TRMT61B|P2RY1|KLHL24|ALG13|MARCHF5|LZTFL1|NBR1|DMXL2|PPM1A|PTGES3|WASHC4|SNX24|LRIG2|FAM13B|LRP2BP|RCBTB2|SYNE1|PLXNC1|ARL3|CNBP|UBE2V2|INTS12|FCGR2C|IFT74|PCDH1|LAMTOR3|NME7|TSNAX|AHCTF1|RFX7|AGGF1|ACTR10|ARMC1|BAG4|COX7A2L|MOB1A|PRKAA1|SPTSSA|CITED2|STX7|RACGAP1|ECPAS|ARFGEF1|FYCO1|USO1|SSBP1|ANKRA2|ADH5|SHCBP1|DSTN|FUCA1|SSBP2|IFT20|TXLNG|RAD51AP1|TBC1D15|VTI1B|CUL4A|ACTR6|SLC36A1|UFSP2|AZIN1|MAP4K5|PIBF1|HMGB2|PHTF1|RPS6KB1|SRP54
WP_THYMIC_STROMAL_LYMPHOPOIETIN_TSLP_SIGNALING	0.0718907260963336	0.424683931953763	0.438017420333624	1.32472665104016	299	43	TSLP|CXCL8|TNFSF4|SRC|YES1|PIK3CA|MAPK8|MAPK1|JAK2|MYC|MAPK9|MAPK14|BTK|RPS6|STAT1
GSE9946_IMMATURE_VS_PROSTAGLANDINE2_TREATED_MATURE_DC_UP	0.0720565149136578	0.425222396650968	-0.370941825639248	-1.25205267365332	458	121	IL21R|SMAD7|ITPKC|GTF2I|PTPRU|ZBTB49|KHDRBS3|JOSD2|ZC3H12C|ANO3|TCP11L2|CTDNEP1|TXNL4B|PTK2B|HGS|ATXN7L2|GGCX|PRF1|CPQ|SAP30BP|MAP3K3|GPC2|VPS39
REACTOME_CASPASE_ACTIVATION_VIA_DEATH_RECEPTORS_IN_THE_PRESENCE_OF_LIGAND	0.072108345534407	0.425278244697049	-0.623572126718185	-1.4240406762376	393	15	CD14|FAS|TRADD|TRAF2|TNFRSF10A
GSE557_WT_VS_I_AB_KO_DC_DN	0.0721772985923929	0.425434952008479	0.31081232447577	1.18213893384441	240	190	BBS2|RARS1|FAM76B|INTS13|AFF4|YES1|PPP6C|ERI1|PSMA1|TNFAIP8|RPAP3|HSPH1|RIF1|YWHAQ|ELMO1|PGRMC2|ZNF664|WBP4|AP3S1|MRPS22|NUP133|EMILIN2|SLAMF7|EGR2|EHD3|RAD23B|IFT57|TIMM23|DUSP18|NFE2L2|ZW10|FAM133B|CNOT2|NAA50|BTBD8|TRA2B|CS|SMC3|KCTD9|LSM14A|SCLT1|SDE2|NEK1|SUGT1|PSMA6|NMNAT3|PUM2|PPP2CA|OTUD6B|AGPAT5|LIN54|NDE1|PSIP1|CEP76|MPHOSPH6|TFG|BUB3|UBE2A|FDFT1|FABP5|FCHSD2|CASKIN2|RNASEH2B|SARNP|SFPQ|MCM9|PRMT5|RAB9A|FYTTD1|PPP2R5A|SLC66A3|RYBP|POLR2C|SNAP23|IMPA2|EIF2S2|PRSS16|FAM117B|IGF2BP3|LAP3|LBR|ZNF496|GABPB1|SIRT1|GTF3C4|TEX9|FUNDC1|NRBF2|PPIH
GSE12845_IGD_POS_BLOOD_VS_NAIVE_TONSIL_BCELL_UP	0.0722747038536512	0.42575908291253	-0.347001075248202	-1.22473911204668	481	177	SPIB|RAB4B|ANKEF1|CCR7|PIEZO1|ABCC10|NBPF10|ABCA7|FNDC11|TMEM134|CARF|H4C11|GON4L|SMIM27|ZNF692|EPN2|DBP|SNHG32|SLC7A7|CRYBG1|MX1|ZNF302|PYCR3|CAPN10|ID3|RAMP1|MXD4|H2BC5|ICAM2|MACROD1|RHOB|CLSTN1|RANBP3|ARHGAP1|ITFG2|UCP2|NDST1|MRPL57|TSC22D1|HDAC5|WRAP73|TMEM147|TFR2|ZNF428|PCNT|HSPA1A|PARP12|MGAT3|CD81|NRGN|CSTB
BOWIE_RESPONSE_TO_EXTRACELLULAR_MATRIX	0.0723899599854493	0.425938111567374	-0.606310627677995	-1.4069540381899	397	16	IRF7|PSMB9|IFITM1|IFI35|IFI16|IFIT2|MX1|ISG15|PSMB10
REACTOME_REGULATION_OF_TLR_BY_ENDOGENOUS_LIGAND	0.0723899599854493	0.425938111567374	-0.606376846999884	-1.40710770124327	397	16	CD14|TLR6|GSDMD|LBP
GSE13547_WT_VS_ZFX_KO_BCELL_ANTI_IGM_STIM_12H_UP	0.072484501669051	0.426244538813084	-0.381634859643383	-1.2647493440339	455	106	EFNB1|RGS20|RHBDD3|KISS1R|BSN|WFIKKN1|CASKIN1|PTH2|SOD3|RIMS4|SYT7|PIWIL1|GGN|BCAM|TTYH2|PGF|FOLR2|DACH1|ADAM15|SIX5|SPHK1|PISD
BIOCARTA_ALK_PATHWAY	0.0726764500349406	0.426760868989971	0.469794660217774	1.34357773940303	311	33	TGFBR2|BMPR2|MEF2C|SMAD4|GATA4|TGFBR1|BMPR1A|RFC1|ATF2|APC|CTNNB1|BMP10|TGFBR3|SMAD5
GSE17721_POLYIC_VS_GARDIQUIMOD_1H_BMDC_DN	0.0726998491704374	0.426760868989971	0.31740856447522	1.19396300577469	240	178	ELK3|CCDC159|SNX18|CCL2|KAT2B|ACTR3|SOCS6|FAM174A|FOXJ3|XPR1|DUSP22|ERI1|RNF103|BMI1|LRP6|PLEKHF2|SDCBP|PIAS2|ABCB10|XPO7|ARL1|RPF2|RBM7|MAPK1|RCBTB2|DLAT|TMED7|PANK1|PIK3C3|PAPSS1|VRK2|REL|NAMPT|ACTL6A|ACLY|PRKD3|SACM1L|ANP32B|IDH3A|STX7|APC|NCK1|QDPR|PLBD1|CLOCK|HSD17B12|SPRED1|SGMS1|YWHAH|AVL9|PCLAF|NUMB|ZYG11B|POT1|PNRC1|RPL7L1|TMEM33|DOCK8|RAD51AP1|RBM12|MAFF|PCBD2|KRCC1|MRPS2|DCUN1D5|HCCS|NELFCD|FTH1|PTPN18|VPS26B
LI_ESTROGENE_LATE_E2_RESPONSE_DN	0.0726905603230692	0.426760868989971	-0.429423157474601	-1.30964626227378	431	61	WNT11|HPX|ENTPD3|SERHL2|KRT4|RND1|TMEM86A|TCP11L2|PIK3IP1|CRYM
GSE3994_WT_VS_PAC1_KO_ACTIVATED_MAST_CELL_UP	0.0727585219134918	0.426855665089206	0.323622949249953	1.20089331816881	253	157	AIM2|CD40|KRT27|MMP14|TAMALIN|BMPR2|HERC3|SCN2A|GPR162|TMEM51|FAM227B|FOXN3|ZBTB18|KLF10|GCNT2|AP1S2|LYSMD3|SH3BGRL2|IFRD1|SKIL|VPS37D|C2|SLC4A11|ACVR1C|BRINP3|SLC22A2|CREB3L3|FBLN1|SLC4A4|RAP1A|EIF5A2|PDE11A|DUSP18|UBE2E1|ZDHHC2|CPNE3|IL17RE|CPED1|MOV10L1|ARL4A|TEAD1|PSPN|DENND4A
GSE14415_INDUCED_VS_NATURAL_TREG_DN	0.0729626360694322	0.427054776014554	0.317885593690331	1.19279882797318	247	172	TTK|PTPN6|MS4A3|LGALS3|PLK4|DEPDC1B|CORO1A|TOP2A|PBK|KIF11|GEN1|CCNA2|KNL1|CDCA7|ARHGAP11A|SEH1L|PALS2|SMC2|GINS1|POLA1|ECT2|NCAPG|KPNA2|NEIL3|HK2|ISOC1|IL1RL1|CD274|SKAP2|CKAP2L|TIPIN|CDK1|BUB1|SSR1|MYB|PRDX3|SMC3|HSPD1|KIF15|KLRG1|RRM1|MIS18BP1|STMN1|KIF14|SDAD1|PDIA3|API5|CKAP5|ATAD5|SHCBP1|LMNB1|NCAPG2|CENPS|CDC25C|CCNB2|BUB1B|EXO1|ALDOA|LMAN1|CANX|DLGAP5|WDHD1|KIF23|MELK|NUDCD1|NAP1L1|ASPM|WARS1|BRCA1
GSE5589_UNSTIM_VS_45MIN_LPS_STIM_MACROPHAGE_DN	0.0728635682158921	0.427054776014554	-0.346206573838749	-1.22312928416995	485	179	BHLHA15|SHANK1|CLDN7|LEAP2|XAB2|ARHGAP33|RNF5|GDPD5|COMMD4|MFSD13A|TEF|UCHL1|DCAF11|AHCYL2|HAGHL|STAB1|ATP6V1F|PHLDB1|IL17D|CPSF1|SCARB1|DCXR|ZFYVE19|TRMT1|FOXRED1|GMFG|MAP4K2|DYNC1H1|MRPS21|NOP10|CDK10|RPL36|NEDD8|TMED4|GRINA|SLC35F6|PCYT2|HDAC5|SLC16A9|MGAT4B|BLTP2|ANAPC2|UQCRHL|DPCD|TMEM92|RRP1|NDUFA7
KEGG_MEDICUS_PATHOGEN_HBV_HBX_TO_RAS_ERK_SIGNALING_PATHWAY	0.0729396209784046	0.427054776014554	0.603773262969172	1.42535824961736	330	15	SRC|MAPK1|SOS2|NRAS|ELK1|BRAF|SOS1|MAP2K1
WP_AMPLIFICATION_AND_EXPANSION_OF_ONCOGENIC_PATHWAYS_AS_METASTATIC_TRAITS	0.0729396209784046	0.427054776014554	0.603700587883054	1.42518668184533	330	15	SRC|TCF7|PIK3CG
GSE2706_R848_VS_R848_AND_LPS_8H_STIM_DC_UP	0.0730593607305936	0.427371715042948	0.32543468226692	1.20426686143985	255	154	MYO1F|NOS1AP|ANKMY1|MPZL3|GPR160|PARPBP|FCHSD1|ZNF362|ZNF570|ZNF527|BMPR2|SGPP1|TMCC1|TLE4|ME1|ZNF620|MSH2|GAS2L3|ATL3|RAB6A|ZNF34|RBM41|HES7|FPR3|EGR2|TMPO-AS1|CCDC121|ERO1A|PAPSS1|ALG10B|CTNS|ZNF234|GIMAP2|WSB1|KBTBD6|SFMBT2|SMPDL3A|RBM47|GLUL|SNTB2
GSE40274_CTRL_VS_FOXP3_AND_LEF1_TRANSDUCED_ACTIVATED_CD4_TCELL_UP	0.0733033079670756	0.42854898391002	-0.361514717706863	-1.24033905842488	471	140	NFKBIZ|TGFB1I1|LAT|LAG3|APOLD1|STX11|S1PR5|PAK6|ADAMTS14|GPR176|IFT140|MFSD2A|CYP2S1|TTYH2|KLK8|MBOAT1|DUSP4|SLC12A7|MIB2|NFKBID|SFXN3|B4GALT7|B4GALNT1|GNB5|IL18RAP|SLC5A3|MREG|KLHL21
GSE16386_IL4_VS_IL4_AND_ROSIGLITAZONE_STIM_MACROPHAGE_6H_DN	0.073365686554382	0.428664005607035	0.327404840602719	1.20585180191572	256	150	NIPSNAP3B|C3orf18|DEPP1|TSPAN32|STEAP1|CCN1|TBC1D32|SLC38A9|HACD2|CKS2|MME|KALRN|FAM227B|CRYBG3|CKAP2|RPF2|UTP11|MLC1|FPR3|WWTR1|PAX7|GRIA2|TAC1|CLMP|FBLN1|CDK1|ZNF292|PIWIL4|SEPTIN2|SUGT1|FBXO36|ORC3|VAMP3|PIGX|PLCB1|CHRAC1|TMEM181|VIL1|MYCBP2|CDCA2|SENP7|EIF2D|KNSTRN|NEB
ICHIBA_GRAFT_VERSUS_HOST_DISEASE_35D_UP	0.0734276729559748	0.428776603334541	-0.375573743402725	-1.25854858724114	466	114	NFKBIZ|TRBC2|HPX|TYROBP|CD14|MT2A|PSMB9|QSOX1|TAP1|TLR6|GRN|TSPAN4|IFI16|LBP|CYBA|NOP2|SMOC2|GBP2|IL18BP
GSE17721_CTRL_VS_PAM3CSK4_6H_BMDC_DN	0.0735294117647059	0.429111054228983	0.316365685363038	1.19155762301837	244	179	MMP14|STEAP1|KIN|WDFY3|CLN5|PRKN|ZNF436|CPD|CTSK|MOB4|RANBP2|ABCE1|MAPK6|TNFAIP8|SCAF8|UBE2N|WASHC4|SLC44A1|WSB2|ATL3|ZDHHC6|ESD|SYNE2|TANC1|EML6|HSPB8|RPS6KA2|EHD3|ELL2|JAK2|SQOR|SAMSN1|COPS5|TRA2B|SCAMP1|CS|NIP7|ABI1|PIK3CG|ANXA5|PSMA6|TMEM243|ZC3H11A|KCTD11|GTF2B|OPN3|EMD|LTV1|RIPK2|PRPF40A|CCT6A|SEC61G|RIOK3|RAB10|ANXA7|EEF1E1|WASHC2A|ETV1|BAG5|NUP58
GSE2770_IL4_ACT_VS_ACT_CD4_TCELL_6H_UP	0.0736131934032983	0.429111054228983	-0.345845535213237	-1.22185375404156	490	179	A1BG|ABCA7|PSMB9|IFITM1|SLC38A10|MZT2A|ATP5ME|SPSB3|NAA38|ABHD17A|DENND1C|KLF7|SIMC1P1|CRISPLD2|VSIG4|NDUFS7|NME3|MBOAT1|BCL6|SLC25A45|C11orf21|MAP4K1|ID3|MIB2|WDR18|SLC2A3|ERICH1|NR4A1|SIDT2|NDST1|SLC39A11|NEDD8|ERN1|DPH7|TEX264|SIVA1|NUDT1|OGFOD3|SUMF2|ERP29|TXNDC11|ZBED10P|TMC8|POLM|AP1M1|STN1|PIGS|VEGFA|ESYT1|VAMP2|DMAC1|DUSP23|APOBEC3B|SRSF5|ZSWIM7|IDH3G|STX16|PHF19|TLE3|CTPS2|ALAD|EZR|TMEM39B|ANAPC15|TTC7A|SLC2A4RG|SF1
GSE6674_PL2_3_VS_ANTI_IGM_AND_CPG_STIM_BCELL_DN	0.0735826296743064	0.429111054228983	0.311919028619217	1.18211181110427	243	187	PITPNC1|BICDL1|C3orf18|PRNP|CD44|FOXO1|RNF11|BMPR2|RAD52|IL10RB|POU6F1|CAMSAP2|STRADB|REV3L|SLC39A10|ABHD17B|NABP1|ADPRH|PEX1|DUSP22|MXI1|UTRN|CAPN2|RAB11A|EPS15|CCNC|DRAM2|DOCK10|IL24|ACSL4|CDK17|TENT5A|HBEGF|GPBP1|MYB|RABGAP1L|KDM3A|TMEM237|FBXO28|MYC|HECTD1|LYRM1|AP3B1|GTF2B|CLPX|BMP2K|MIER1|PRDM2|TAX1BP1|TMCO3|FAF1|BTG1|YAF2|CDK6|RIOK3|SH3GLB1|CAST
KEGG_GLYCOLYSIS_GLUCONEOGENESIS	0.0736612551490187	0.429142007652843	0.428507343969841	1.31114508982972	303	46	LDHA|HK2|FBP2|ALDH9A1|DLAT|LDHB|PGM2|ALDH2|GPI|ALDH1B1|ADH5|DLD|ALDOA|PGK1|PKLR|BPGM|GAPDH|PDHB
HOWARD_DENDRITIC_CELL_INACT_MONOV_INFLUENZA_A_INDONESIA_05_2005_H5N1_AGE_18_49YO_1DY_UP	0.0737204570355298	0.429237788702232	-0.365930703741238	-1.24555440459026	470	131	KLHDC7B|ADAM19|DYSF|TYMP|IRF7|HLX|RASGRP3|MT2A|APOL1|PSMB9|TAP1|IFITM1|IFI35|IFIT2|CCND1|LGALS3BP|APOL6|STAB1|C5orf58|FAM225A|FRMD3|CACNA1A|MUC1|BATF2|GBP2|ISG15|EID3|TAP2|SLC2A3|CDCP1
VERNELL_RETINOBLASTOMA_PATHWAY_UP	0.073833873783986	0.429648942054291	0.389673076563707	1.28038567406643	295	68	DCK|ZNF367|RMI1|EGR1|RFC4|PTX3|KCNK1|HAUS1|DONSON|RRM2|RRM1|VRK1|NPAT|HACD3|CNOT6L|SNTB2|FAM111A|PCNA|ESCO2|ATAD2|BLM|RFC3|SKP2|BTG3|RAD51AP1|SUZ12|EED|POLD3|MELK|FEN1|HMGB2|TCF19
APPEL_IMATINIB_RESPONSE	0.0740157480314961	0.429710861041155	-0.49886936554808	-1.3528982467139	422	32	ENG|APOE|APOC1|PPARG|APOD|C5AR1|CTSA|CTSD|HEXA|CTSL|GNS|LAMP1|NEU1|CTSZ|CTSH
GAUCHER_PBMC_YF_VAX_STAMARIL_UNKNOWN_AGE_3DY_UP	0.0740015071590053	0.429710861041155	-0.342009294752694	-1.21692187333449	490	195	ASCL2|TAGLN|TCN2|NAGK|TYMP|IRF7|IFI30|MT2A|TAP1|IFITM1|HES4|BTN3A1|GRN|UBA7|SLC3A2|IFI35|OSBPL5|IFI16|IFIT2|HERC6|RIGI|LGALS3BP|SHFL|MX1|IFITM3|TRIM26|CAMK1|ISG15|RNH1|TAP2|CST3|SP110|SHISA5|MICB|PHF11|SIL1|TIMM10|CTSL|SIDT2|SMCO4|OAS3|RGS12|GLMP|SAMD9L|OGFR|PARP12|IRF9|PCK2|DUSP5|CDKN1C|ZNFX1|LY6E
REACTOME_ISG15_ANTIVIRAL_MECHANISM	0.0739712193890432	0.429710861041155	0.386060832196398	1.27908690471627	292	72	MX2|NEDD4|KPNA3|ARIH1|EIF4E3|PPM1B|EIF4G2|RANBP2|SEH1L|NUP153|UBE2N|NUP35|NUP107|NUP37|KPNA2|NUP160|NUP133|IFIT1|EIF4E|UBE2E1|NUP205|EIF4G3|BECN1|NUP88|RAE1|NUP155|NUP54|EIF4A2|NUP50|KPNA1|NDC1|EIF2AK2|KPNB1|STAT1|NUP58
SAGIV_CD24_TARGETS_DN	0.0739914163090129	0.429710861041155	-0.463459061958528	-1.33545629358264	430	44	FOXD1|NAGK|HOMER3|CHAC1|GDF15|ECM1|N4BP3|ICAM1|MCAM|EMP3|EPHB6|SPHK1|CTTN|DUSP5|RELB|CDKN1A|APOBEC3B
GAZDA_DIAMOND_BLACKFAN_ANEMIA_PROGENITOR_DN	0.0741573033707865	0.430283821523673	0.396044665824714	1.28662861493822	296	64	HSDL2|LAMP2|CNOT8|IMPACT|LYPLA1|SPAST|ARL1|NUP160|IBTK|MAGT1|NFYB|IFT74|ADK|UBA2|CLGN|RB1|THOC7|R3HDM4|AGBL5|RAB4A|NUP54|TAX1BP1|CCT6A|FABP5|CPSF6|FAM149B1|SKIC3|NAP1L1|SMC5|NUCB2|CASP6|BRCA2|EXOSC10|PNPLA4|LSM5|PDZD8
GSE6674_ANTI_IGM_VS_CPG_STIM_BCELL_DN	0.0742737346510932	0.430710426590221	0.309991344317272	1.17901643022133	247	190	C3orf18|NEDD1|TAMALIN|BBS12|EXOC5|CMTM6|PANK3|ABHD17B|MGAT2|WDR75|ZNF608|GNAQ|UTP18|SYPL1|FBXO30|DCAF13|HSPA4|PER2|RPF2|HK2|P2RX7|IL24|SOCS2|HBEGF|SLC25A32|LAMTOR3|ZNF507|PRMT6|BAZ1A|KRR1|SEC24A|NIP7|NIFK|MYC|UTP15|MAK16|CLPX|ARL4A|GNL2|TAF4B|MPHOSPH10|CNDP2|JAGN1|SPRED1|GNL3|FAM118B|PPP2R1B|POLR1B|UTP25|THUMPD1|CDK6|DIMT1|DHX33|ATF3|EEF1E1|BTG3|ZBTB11|DEGS1|RIOX1|BAG5|WDR3|SLC37A3|CORO2A|WDR43|FKBP1A|RASA2|DPH5|SLC25A33
GREGORY_SYNTHETIC_LETHAL_WITH_IMATINIB	0.074430101620434	0.430891031455415	0.337857695623506	1.22005802514881	270	127	EGR3|CAMK2B|EPB42|CADM4|FZD8|CNR1|SMARCA1|SESTD1|NCOA3|MGAT2|UBA6|S1PR2|SORBS1|RPL21|NKRF|INTS6L|SYT11|TRIM24|DLAT|CAPRIN1|RAP1A|ACSL1|ALG10B|CELF2|TRIP11|DBF4|CLTC|SETMAR|SKP1|RO60|CA2|CLPX|API5|CD93|GLT8D1|MBD4|ITCH|RPL5|ATP6V0E1|ZNF473
GSE25087_FETAL_VS_ADULT_TREG_DN	0.0744336569579288	0.430891031455415	0.317421450138343	1.19105722691981	252	172	C14orf28|SETD7|EOGT|SLC13A4|ZNF782|POU6F1|DCBLD1|KALRN|PIK3C2A|TOB1|RPL21|HECA|IL6R|TTC39C|TRABD2A|RUNDC3B|LASP1NB|RNF125|IQCH-AS1|LITAF|TARS3|FOXP1|LRRC8C|NFYB|ABHD14A|DUSP18|NFATC2|CELF2|ARHGEF12|FZD4|RNPC3|CDKN1B|S100A10|KLHL6|LRP11|C2orf88|CEP85L|POLR3F|HACD1|ASAH1|LCORL|GLUD2|VPS37A|LINC00294|CCDC66|NFIA|ACSM3|TXNDC2|TRAPPC13|BBS4|SARAF|DUSP12|OGA|SLC25A4|FKBP11|FOSL2|UBP1|PLA2G12A|TXNIP|GATAD1|ZNF548|ATG16L1|CDC42SE1|ATMIN
GSE6875_TCONV_VS_TREG_DN	0.0743889479277365	0.430891031455415	-0.351468525828305	-1.22788752768742	489	162	IFI30|ELAPOR1|LEAP2|UQCR11|TIGD3|PLXNA1|UQCR10|LAMA5|RNF207|ETFB|CILP|NKX6-1|WDR46|IFI27L2|NYAP1|ZNRD2|CXADR|IQCH|EXOSC5|RPS6KL1|LIN7B|TIMM44|MZT2B|PSAP|MRPL20-AS1|PALM|NPDC1|DGCR8|PLEC|NAT14|ZBTB7B|WIZ|WNT5B|CBX2|CAPG|NCBP2AS2|MED16|CCNF|MRPL4|DICER1|BCORL1|TP73|CDCA7L|CREB5|MTFP1|AP4M1|RBM6|POLR2I|EIF4EBP1|CUEDC2|MRPL58|ADAMTSL5|ALAD|RBFA
KEGG_MEDICUS_REFERENCE_REGULATION_OF_GF_RTK_RAS_ERK_SIGNALING_UBIQUITINATION_OF_RTK_BY_CBL	0.0745252597635256	0.431085792724777	-0.570752311478498	-1.4008067320113	415	20	IGF1R|FLT1|MET|FGFR3
REACTOME_SARS_COV_2_MODULATES_HOST_TRANSLATION_MACHINERY	0.0745531914893617	0.431085792724777	-0.451622529868324	-1.32861121627442	437	49	RPS21|RPS28|RPS20|RPS29|RPS9|FAU|SNRPB|RPS18|RPS15|RPS10|RPS16|RPS2|RPS23|SNRPD2|RPS27|RPSA|RPS11|RPS26|RPS12
GSE41176_UNSTIM_VS_ANTI_IGM_STIM_TAK1_KO_BCELL_3H_UP	0.0746498383869478	0.431396129952897	-0.356695154758181	-1.23333294935224	484	149	TMEM238|ZFP42|C1QTNF12|KCNC4|NUDT18|SLC35F3|RPP21|IFT140|AEBP1|ADAM22|FGF17|CFD|CYTH3|DUS2|SH2D3C|MIF|NPAS1|ELMOD3|DOCK6|TSHZ2|PYCR3|DLK1|POLR2E|LRRC20|PRF1|RAI1|STOX1|HOXC8|DPF1|PGP|SMCO4|DAPK3|MED12|FHDC1|BORCS7|MYCL|EHMT2|MGAT3|ECH1|RPL35|KLHL23|SLX9|TRIM11|MRPL46|SAP30L|CLK3|MRPS18A|POLDIP2
GSE10325_CD4_TCELL_VS_LUPUS_CD4_TCELL_DN	0.0747278611356281	0.431403923921745	0.317253398196603	1.19042664735558	253	172	SAMD9|AIM2|FAR2|IFIH1|MX2|IL12RB2|DHX58|PTH2R|UAP1L1|HLA-B|CAPZA1|REC8|ARID5B|LAMP2|KPNA3|PRPS2|KLF10|PTPN2|MT1X|MRPL42|CAPN2|WSB2|PIAS2|IFIT3|LAMA2|LIPC|RSAD2|FRZB|TOX|IFIT1|BRINP3|SYT11|IFIT5|ICA1|CEP97|EIF5A2|VRK2|TLR5|B3GNT2|IFI6|COPS4|RPGRIP1L|TRAFD1|PSMA6|CENPI|CLUAP1|NMI|PLSCR1|CDC5L|ATP6V1A|ADGRV1
GSE14415_INDUCED_TREG_VS_TCONV_DN	0.0747371412333049	0.431403923921745	0.330272339617954	1.21205654786103	262	145	DNAJB2|PITPNC1|PLEKHM3|MYO3B|TCF7|BBS2|TESPA1|DNTTIP2|KDM7A|OTUD1|L3MBTL3|GGPS1|B3GNT5|PJA1|PNPLA7|SPRY2|PUS3|CBX7|KCNJ8|TRIM13|RAP2A|CD96|TTC39C|SAMD3|TDRP|FOXP1|PIK3C3|CARD6|HID1|PSTK|ZBTB25|MAML2|RPL4|SMPDL3A|FYCO1|PARP16|CHMP1B|MFSD6|SGMS1|RAB6B|ASCC1|SNX29|PHF21A
CHANDRAN_METASTASIS_TOP50_DN	0.0752669652084051	0.431484749721285	-0.47160938825575	-1.34366254184855	436	41	SYTL1|RAB34|SELENOM|PBXIP1|ETHE1|ROGDI|CRYBG1|SORBS2|FOS|C12orf57|MAGED2|POMT1|TRAPPC1|INTS11|NR4A1|WNT5B|NOP53|IER2
CHANG_IMMORTALIZED_BY_HPV31_DN	0.0752340425531915	0.431484749721285	-0.451260960326006	-1.32754752853163	441	49	SULT2B1|TAGLN|ENTPD3|LYST|PTPRU|HBB|IFITM1|IFI35|FOS|MX1
GSE13306_TREG_RA_VS_TCONV_RA_DN	0.0752572569497773	0.431484749721285	-0.353728935165841	-1.22921951236803	489	157	SLC26A11|RINL|SHF|FBXL2|COL18A1|FN3K|AHRR|B4GALNT4|KIF1A|SPSB2|CELF3|C17orf99|TMEM52|FAM131A|GGA1|CENPT|MYO1A|IGFBP2|PPP2R2B|ZNF580|ZMYND10|MED22|DOCK6|PHLDB1|ATXN7L2|TNFAIP8L2|COBLL1|MOK|SLC12A7|FBXW9|SPHK1|ARHGAP39
GSE15330_HSC_VS_MEGAKARYOCYTE_ERYTHROID_PROGENITOR_DN	0.0750215579189422	0.431484749721285	0.326117673762077	1.20151964079369	260	151	HSPBAP1|PDK1|CRYL1|SLC49A4|SESN3|TDRKH|ABCE1|ABCD3|CRLF3|LZTFL1|LRP6|RRAS2|LYRM7|AGK|DCAF6|PRRG1|NIPAL1|MTSS1|IL6R|BACH2|CEP97|LDHB|TENT5A|USP53|PELI1|SCAPER|QSER1|RAPGEF6|PRMT3|PTK2|MYC|SFMBT2|IKBKE|TTC3|GART|ABRAXAS1|RCN2|HMGCS1|MYCBP2|TTC27|ICE2|UTP25|TGFBR3|FCHSD2|USP28|SSBP2|METTL9|ATM|DKC1|SCMH1|TASOR2|RAB3IP|AFP|SLC6A19|TOP2B
GSE24972_MARGINAL_ZONE_BCELL_VS_FOLLICULAR_BCELL_DN	0.0748671222475323	0.431484749721285	-0.350407070733483	-1.2269490994123	492	167	NFKBIZ|PLCB4|MGAT4A|RAPGEF5|ELAPOR1|LYPD3|ZNF169|TMEM9|CASTOR1|ATP5ME|NICOL1|ANO3|UCHL1|FGF17|TMEM163|RDH12|SLC2A12|IER3|ICAM1|CCND1|RPL18|GREB1|SMIM11|SLC6A13|FRMD6|ADAM11|USF3|THAP7|DDX23|LYL1|ORAI1|GMFG|CD151|AFDN|PGP|ULBP1
GSE32164_RESTING_DIFFERENTIATED_VS_ALTERNATIVELY_ACT_M2_MACROPHAGE_DN	0.0752105896510229	0.431484749721285	0.313725044134013	1.18429456075125	249	182	TSPAN32|GNA13|KCTD12|RGS2|RNF11|DOK2|MFSD14A|IL10RB|HLA-B|NABP1|JKAMP|CCRL2|IL18R1|ARIH1|EIF4G2|TMEM59|CRLF3|SMNDC1|SLC44A1|MKRN1|FNTA|DENND4C|HSD17B11|HNRNPH2|OTULINL|TMEM176A|GNG10|SLC25A36|HLA-C|ASNSD1|SOCS2|GRK5|IL10RA|WIPF1|AP1G1|ACTR2|IREB2|KLRG1|PRDX6|DNAJB9|UBE2D3|HACD3|TRAFD1|CYRIB|CUL3|SACM1L|ANXA1|SMPDL3A|ITM2B|RAB14|PLBD1|ATF1|PPID|MYCBP2|BHLHE40|CDC42SE2
GSE7460_FOXP3_MUT_VS_HET_ACT_TCONV_DN	0.0752562225475842	0.431484749721285	0.320996174168097	1.19387987572845	256	162	STK38L|STAP1|UBTD2|LONRF1|TNFSF4|PUS10|TRIM23|TCF7|FGF13|BTBD1|PRPS2|PARS2|ARHGAP42|SATB2|ATXN10|ATP1B1|APOL2|FEM1B|SNRPN|ISOC1|IL6R|SLC4A3|LFNG|BRINP3|AKAP4|SH2D4B|PANK1|SOCS2|DNAJA2|CNKSR3|DBF4|ZNF521|BAG4|ATPAF1|PPP3R1|SLF2|STXBP4|LRRC58|KLHL12|CREB1|SHB|IPO5|AGBL5|ABCB7|WEE1|CUL5|POLR3G|SAV1|USP28|ZRANB2|NCOA5|ERCC6L|PHF10|HECTD2|NCKIPSD|EED|POLD3
GSE7852_LN_VS_FAT_TREG_UP	0.0749625187406297	0.431484749721285	0.310439375778989	1.17954543500371	249	189	SENP8|PTPN6|EXO5|CCNG2|SESN3|PRMT9|UBLCP1|PRPS2|PARS2|TBC1D2B|BCAP29|ZNF518A|AASDH|CUL4B|RFX5|SEH1L|BMI1|PRIMPOL|NAE1|ZNF12|RBM41|NUP160|TRMT1L|GMPS|NUP133|FAM174B|S1PR1|TXK|SYCP3|CEP97|C1GALT1|LIN9|NUP205|CNOT3|INPP5F|EXOC6|CNOT2|RFC5|MTMR4|RABGAP1L|BAG4|FGD6|APEX1|ZNF266|C2orf88|DHX57|PHIP|SFXN1|CNDP2|JAGN1|XPOT|RBM22|SMC4|BZW2|STARD7|TTC27|DRG1|TRMT6|NT5C2|SCAI|ERCC4|WDR3|TOP2B|MPP1|STK38|PIP4K2A|SOS1|TBC1D4|STRN|RASA2|KPNA4|DNAJC3|NUDCD1|DAPP1|HAUS6
GSE8515_IL1_VS_IL6_4H_STIM_MAC_UP	0.0749253731343284	0.431484749721285	0.316033542181167	1.187817735887	250	176	MAP3K10|CXCL8|CD83|TENM1|EGR3|PGAP1|CD70|CCL4|TET3|ABHD17B|CCRL2|CD80|SCAF8|RNF115|KPNA2|WTAP|RP2|SEC22A|VAV1|SCARF1|P2RX7|POU3F1|SLAMF7|FRZB|PTX3|CDKL2|MAMLD1|ZNF586|APOO|ACSL1|ZNF250|RAP2C|REL|MED7|CCSER2|UXS1
REACTOME_ACYL_CHAIN_REMODELLING_OF_PS	0.0748535871156662	0.431484749721285	-0.620118156912173	-1.41615290626278	408	15	LPCAT4|LPCAT3|OSBPL5|MBOAT1
REACTOME_TNF_RECEPTOR_SUPERFAMILY_TNFSF_MEMBERS_MEDIATING_NON_CANONICAL_NF_KB_PATHWAY	0.075044404973357	0.431484749721285	0.593666962202297	1.42192509269883	337	16	TNFSF12|CD40|TNFSF13B
SU_PLACENTA	0.0752069089600576	0.431484749721285	-0.557896208222491	-1.39116453560712	417	22	CYP19A1|ATF6B|FLT1|GALE|PLXNA3|ACVR2B|HOXB3
GROSS_HYPOXIA_VIA_ELK3_AND_HIF1A_UP	0.0753712524516671	0.431835977231641	0.333389946810292	1.21471806257332	268	137	CD44|DEPP1|PDK1|CCN1|INSIG2|ALDH1L2|ANGPTL4|RARS1|MAP3K1|PHLDA1|EGR1|PPP1R3B|PFKFB3|MAPK6|SPRY2|MXI1|SIAH2|SPAST|HK2|HOMER1|CNOT7|PLPP3|MPP2|LHX9|HBEGF|SOAT1|RBPJ|WSB1|GBE1|CYRIB|KCTD11|P4HA1|ARHGAP5|CD93|IL13RA1|XPNPEP1|SERTAD2|PNRC1|ATF3|BNIP3|PRDX5|ZFP36|PGK1|HIGD1A|ATP7A|NAP1L1|RPS6KC1|CDC42SE1|GZF1|RNGTT|JMJD1C|RPS6KA5|CRTC3|ME2
REACTOME_ACTIVATED_NOTCH1_TRANSMITS_SIGNAL_TO_THE_NUCLEUS	0.0755382986233675	0.432546173178187	-0.523429908781099	-1.37083608154262	427	27	UBA52|APH1B|UBB|JAG2|DLK1|NCSTN|MIB2|PSEN1|DTX2|PSENEN|ARRB2|UBC
REACTOME_TRANSPORT_OF_THE_SLBP_DEPENDANT_MATURE_MRNA	0.0759463907829767	0.434635045997446	0.45906015944827	1.33896183473027	322	36	RANBP2|SEH1L|NUP153|NUP35|NUP107|NCBP2|NUP37|NUP160|NUP133|EIF4E|NUP205|NUP88|NCBP1|RAE1|NUP155|NUP54|NUP50|NDC1|ALYREF|NUP58
GSE14000_TRANSLATED_RNA_VS_MRNA_16H_LPS_DC_UP	0.0761860608870345	0.434823632408782	-0.358927976589394	-1.23437245758606	492	142	SLC26A11|SAMD11|ATP9B|LINC00174|OR2B6|RNLS|HOOK2|LINC00852|ATF6B|ABCB8|MICAL3|TMEM247|PALD1|SCRIB|TMEM232|ARSL|GDF9|ATN1|CRAMP1|PCED1B|BAHCC1|AKNA|SEMA4F|NCSTN|BICRA|IKBKG|USP36|UNKL|ZBTB20|VPS52|MRPS5|FANCG|DPCD|MAGEC1|ALDH6A1|ACADSB|TTC13|CSTPP1|RAG1|UHRF1|BRD3OS|NIF3L1|MPLKIP|CASP9|LRRC8A|DNAJA3|CRELD2|YAE1|YARS1|SLC41A3|SGSM2|DNAJB12
GSE42021_CD24INT_TREG_VS_CD24INT_TCONV_THYMUS_UP	0.0761115297663904	0.434823632408782	-0.341318763825595	-1.21446485768523	504	195	TEP1|RCAN3|TYMP|ANAPC11|DBNDD2|RNF5|TIMM8B|HELB|GTF2H4|SLC38A10|GRN|COMMD4|DBP|ING4|DCAF11|PPFIA4|HFE|PRKCSH|LMAN2|AURKAIP1|LMF1|SEC61B|SELENOH|COMMD1|PNKP|CTSA|ZFYVE19|MXD4|PSMB6|LYL1|KMT5C|MBD3|GUK1|FBXW4|NECAP2|RAB11FIP5|ABCD1|SGK1|TRMT2A|RGL2|OSBPL11|INPP5D|PTCD2|RNF220|MRPS11|SMIM14|CLTA|PAFAH1B3|AP1B1|HES6|ERP29|CLN6|COMMD6|NCBP2AS2|EXOSC7|ADD1|MRPL4|CPT1A|GNA12|CDCA7L|RBCK1|TMEM179B|ZNF808|MAST3|PLEKHO1|ANGEL2|NDUFA8|EIF3K|MLF2|CLASRP
GSE6259_BCELL_VS_CD4_TCELL_UP	0.0761733393312341	0.434823632408782	-0.345804701754039	-1.22051651587787	507	177	A1BG|CROCC|CLBA1|CD37|FAAP20|PPP1R14A|ASIC3|NICOL1|CHCHD10|LINC02893|RARRES2|WDR46|RAB40B|CHD4|HSPG2|EMP3|FBXL15|SV2A|RFNG|G6PD|USP20|VPS18|LTBP3|NFATC4|DDX23|LTBP4|STING1|PMF1|UNC13D|NAA80|KCNJ11|PCIF1|LRSAM1|PAQR7|INTS11|UBALD1|C6orf136|SZRD1|SLC66A2|GTSE1|TSSC4|SIGIRR|TNIP1|WNT5B|UQCC3|TAF1D|POLR1G|GYG2|C19orf48P|MTG2|AP1S1|BCL7A|DTX2|THRA|NRBP1|NAF1|SHKBP1|CCDC125|RAB12|H2AX|ACTN4|PPM1G|ANXA11|ENDOV|UBA1|PNISR|JUND|SLC25A37|ZNF609|ST3GAL2|LRP5|MKNK2|CBX5|RPRD2|FYB1
GSE7348_LPS_VS_TOLERIZED_AND_LPS_STIM_MACROPHAGE_DN	0.0761959323975938	0.434823632408782	0.322195925121952	1.19559794667506	265	157	AIM2|MLYCD|TTC21A|ASAH2|TNFRSF14|CCL5|ALDH1L1|SESN3|KAT2B|UCN|GNB4|NUDT13|RARS1|SYCP2L|PPP1R12A|RBM41|WDR44|INPP5K|SGCB|TTC9B|PHETA2|DUSP10|ACER3|XKR8|ANGPT1|PIWIL4|SVBP|MINPP1|STX7|SERTAD3|ARL4A|NSMAF|HMBOX1|BMP10|MYCBP2|PHF21A|CENPJ|PRKCQ|ATM|LYSMD2|RAB3IP|IL18|SLC37A3|SOS1|FBXW7|ARHGAP25|TENT2|WARS1|ATG16L1|ELF1|TPST2|UBE2L6|PLEKHA2|CUTC
WP_NEOVASCULARIZATION_PROCESSES	0.0760438535106135	0.434823632408782	0.471010333425902	1.3358457315467	325	32	HIF1A|PDGFB|SMAD2|MAPK8|MAPK1|KIT|TGFBR1|REL|ANGPT1|MAPK9|SMAD5|NOTCH4
GSE15930_STIM_VS_STIM_AND_IL12_24H_CD8_T_CELL_DN	0.0763983628922237	0.435483683538979	-0.34883396292762	-1.22433910647491	503	171	GAA|SCX|FZD9|LAMA4|TPBG|LCAT|RENBP|HLA-DOB|PEMT|KRT12|UBA7|SYNGR2|GRIA3|SYT7|SRMS|KLF12|MSI1|IER3|TNFRSF1A|NLRX1|ROBO3|EPHB6|IRS2|P2RX6|PHKG1|LTBP3|ISG15|NAA80|HPGD|DIAPH1|NACC2|GNPTG|RBFOX2|ITGAV|G0S2|TEX264|REXO5
GSE29164_DAY3_VS_DAY7_CD8_TCELL_AND_IL12_TREATED_MELANOMA_UP	0.0763701707097934	0.435483683538979	0.309535699326334	1.17728343689583	254	190	DNAJB2|ITGB7|GPR160|TM6SF1|MX2|COPS2|BMPR2|EMC9|ELAPOR2|LGALS3|CAPZA1|BTBD1|NAA30|KLHL24|MAP3K1|ZBTB18|GLUD1|PAIP2|TSC22D2|FNTA|MEX3B|RNF115|DRAM2|RBKS|RRP15|FLCN|INSIG1|RBM43|TBC1D19|TENT5A|CARD10|DCTN6|CCNH|WAC|NGDN|FZD4|CHSY1|PEX13|ZBTB37|DDX3X|COQ3|TENT4B|RCOR3|CHD1|CFDP1|DCUN1D1|ZCCHC9|CLOCK|HSD17B12|DENND4A|SLC35A1|PLAAT3|TTC27|CCT6A|BTBD7|GHITM|MBTD1
ALONSO_METASTASIS_UP	0.0765060240963855	0.435846293757011	0.311274716844239	1.1793154464016	253	186	DCK|TGFBR2|SMARCA1|GNG12|SLC38A9|ARID5B|VBP1|ANLN|NCOA4|KLF10|KIF11|MMADHC|PRKAR1A|SLC30A6|YWHAQ|ATL3|DCAF13|SDCBP|IFRD1|CBFB|MRPS22|RCBTB2|IL1RL1|MRPL15|GTF2H2|SDHD|TCEAL9|VDAC1|MAP4K3|DSG2|EIF1B|SPCS1|ADK|STK24|CLIC4|MYB|S100A10|SKP1|APEX1|GOLT1B|PFN1|SHB|AKT1S1|SERINC1|PPP2R5C|GGH|DAD1|WEE1|CDC5L|ALDH1A2|RAB1A|IDE|PLAAT3|BCCIP|PAICS|GHITM|BZW1|ATRAID|LAPTM4A|MAPRE1|EIF3H|BTF3|PRDX5|GLO1|DUSP12|HIBADH|ANO6|SLC25A17|SPARC|KIFBP|SLC25A33
REACTOME_BASE_EXCISION_REPAIR	0.0765488160882258	0.435846293757011	-0.40225953091693	-1.28258205182811	471	79	H4C4|H2AC20|NEIL1|H2AC7|H2AC8|MUTYH|H2BC13|H2BC17|H4C11|H4C3|MPG|H4C14|H4C2|LIG1|PNKP|H2BC5|POLE|POLD1|RFC2|NTHL1|H2BC12|H2AZ2|ADPRS|ACD|NEIL2|PARP1
GSE3039_CD4_TCELL_VS_B1_BCELL_UP	0.0766214177978884	0.436012353659413	-0.346377984413249	-1.21946590125879	507	175	TEP1|TP53I11|IFI30|CIITA|METRN|HYOU1|ROGDI|SMTN|APLNR|SIGLEC10|ITGAX|NAPSA|AHCYL2|DKKL1|CCND1|ZNF622|SHFL|PIGQ|CDKL4|FRMD6|PKP3|IFITM3|AKR1B1|LTBP3|SNRPB|PELP1|TONSL|CST3|SLC2A3|MLEC|PAQR4|OAZ1|FLNB|CTTN|TUBA1B|MYCL|RPL3|NOP53|LPCAT1|CKB|ITGAE|ITPR2|UBE2O|STK32C|FAM168A|P4HB|CEP89|AKR7A2|CCT3|CMIP|SDC3|FN1|CCDC80|UBE2S|LPL|PDIA6|MYADM|JUND|DBNL|TRIM28|PLCB3|DCTN1|GSN
BYSTRYKH_HEMATOPOIESIS_STEM_CELL_SCP2_QTL_TRANS	0.0767716535433071	0.436574724719944	-0.56441199858558	-1.39607134754071	428	21	TEP1|DNASE1L2
GSE20500_RETINOIC_ACID_VS_RARA_ANTAGONIST_TREATED_CD4_TCELL_DN	0.0768072289156627	0.436574724719944	0.310881486284737	1.17782562776962	254	186	KRT8P12|SAMD9|LIPG|OSGIN1|PRNP|LPXN|MEX3C|LEMD3|CAMSAP2|UBA6|SCG2|ALG13|ME1|AFF4|AMMECR1|YES1|PFKFB3|USP6NL|ZNF274|CAPN2|DAPK2|NCAPG|GCLM|KPNA2|ITPRID2|ODR4|DOCK10|MAMLD1|CYTH4|BACH2|EIF4E|MORF4L2|TENT5A|NFE2L2|PELI1|ENDOD1|CHSY1|FBXO28|ANXA1|GOLGA7|NUP88|HMGCS1|SGMS1|CEP70|ATF1|STAU1|ECD|GHITM|HSPA9|COPB1|ASH1L|NUP58|GALNT6|SFPQ|PORCN|RNF208|CLIP2|NR3C1|ATXN3|FASTKD5
GSE22886_TH1_VS_TH2_12H_ACT_UP	0.0771196632591702	0.43810253525498	-0.345993286799868	-1.2198231744695	512	176	SMAD7|CYFIP2|PLXNB2|MAGEH1|GLB1L2|TBKBP1|HLA-DOB|MAPK12|KCNC3|THEM6|TWIST1|SRD5A3|P2RY11|RAB33B|TRPM4|UCHL1|SLC2A9|IER3|RPAP1|COL6A3|IP6K2|CAMTA1|PTPN3|PELP1|TRIM26|SLC43A1|PMPCA|TRIP6|GPATCH3|PIN1|ZBTB20|NPDC1|INTS11|NBL1|EPHX1|ELOVL1|PTCD1|TFR2|ASRGL1|TBCCD1|STX18|FBXO31|FLOT1|DBN1|TMEM184B|EXOSC7|NCLN|ACADSB|LY6E|NMU|TRAF3|CTSH|APPL1
GSE18281_SUBCAPSULAR_CORTICAL_REGION_VS_WHOLE_CORTEX_THYMUS_UP	0.0771877337322364	0.438241216744451	-0.344141750134742	-1.21822289989003	515	181	IGF1R|TAGLN|KLC4|CYFIP2|APBB2|CRIP2|RETSAT|RAB34|SLC46A1|ANKH|POR|SLC7A7|HSD17B10|CYP2S1|TXNDC16|HCFC1|MICOS13|FHL1|SLC15A2|TSPAN9|MOK|LTBP4|SLC12A7|MXD4|ITGB5|DHRS3|TRAPPC1|NACC2|BMP1|STRADA|NBL1|C6orf136|ABL1|PPOX|RGS19|GPAM|IL15RA|RPL37A|NUDT1|YJU2|AKAP7|HES6|FANCG
KEGG_MEDICUS_REFERENCE_ANTEROGRADE_AXONAL_TRANSPORT	0.0772792022792023	0.438512511293744	-0.548189127885011	-1.38359371972022	433	23	KLC4|KLC3|TUBA3E|KIF5A|KLC2|TUBB2B|TUBA1B|TUBB3|TUBA3C
FARMER_BREAST_CANCER_APOCRINE_VS_LUMINAL	0.0773424190800682	0.438623278376115	0.289944831184056	1.14925634817889	226	288	CXCL8|FAR2|EGR3|PLAAT1|C2CD5|TBX3|C3orf52|S100A14|TNFSF4|RNF11|MANSC1|ANKRD27|NAAA|MLF1|UCHL3|PEX3|PLCL1|MACIR|BMI1|NBR1|PALS2|HPRT1|SCCPDH|ETFA|MPHOSPH9|MED13|IDH1|ASS1|TRMT1L|GMPS|AGPS|SAR1B|PLCH1|BRINP3|CHN2|ABCC6|KIT|ARL3|PKP2|ERO1A|ACSL1|INPP5F|ZDHHC17|BCL2|RESF1|NRAS|CRABP2|NAMPT|HMGN4|SSR1|RABGAP1L|CDKN1B|PRKAA1|RIOX2|SETMAR|SLF2|RBBP8|SMPDL3A|WIPF2|P4HA1|PSME4|OPN3|LAMB2|PCSK6|HMGCS1|PSIP1|TMT1A|SGMS1|MPHOSPH6|ECHDC1|PLAAT3|CCNDBP1|TMEM87A|FDFT1|SREK1|FCHSD2|EFHD1|GGT1|PNP|TMX4|TASOR2|EIF2AK2|KPNB1|SUZ12|U2SURP|TSPAN3|BNIP3|MSMO1|OPTN|ACOT7|RMND1|TPGS2|TRPS1|MAP3K5|PGK1|KYNU
ZHAN_MULTIPLE_MYELOMA_DN	0.0774087932647334	0.43875181637007	0.480558450828241	1.34432849985955	330	30	DPYSL2|AIF1|LST1|TCF7|ITGA2B|PYGL|CD24|SMPDL3A
GSE2405_0H_VS_12H_A_PHAGOCYTOPHILUM_STIM_NEUTROPHIL_DN	0.078007800780078	0.441733014029602	0.31558920483385	1.18698959693006	259	177	LRRC8E|TENM1|MORC1|SGO2|MED18|ALDH1L1|CEP128|PTER|MNS1|BRMS1L|IFT56|HEMGN|ZNF518B|EDARADD|PRIM1|KIF20B|AKAP12|DCLRE1C|ARHGAP11A|FANCB|SHQ1|GAS2L3|NUP37|NUP133|MAD2L1|SLC4A4|PHETA2|CKAP2L|CARD10|SQOR|TUBE1|PIGH|IFTAP|RRM1|ANKRD50|TRIM32|ZMPSTE24|MASTL|IPP|PRR11|SFXN2|NDE1|WEE1|BRIP1|CEP70|SHCBP1|BLM|CENPE|L2HGDH|TFDP2|TBL2|KNSTRN|MDM1|BCAT1|BUB1B|KNTC1|SLC6A19|HIBADH|CDIN1|WDHD1|ALS2|MELK
PURWIN_A375_SOX10_TARGETS	0.0780227768354737	0.441733014029602	0.42118961327782	1.3048129623698	321	49	FGD4|PCBP1-AS1|S1PR2|USP6NL|CD96|RHOJ|ANKRD28|ATP11A|CDK2AP1|NPAT|TTLL4|NDE1|TRAF3IP2-AS1|BTBD3|MMACHC|ZC3H7A|NOTCH4
BURTON_ADIPOGENESIS_10	0.0782226336496182	0.442332549941246	0.488828729793512	1.34693892964601	337	28	CCNG2|FAM107B|CPEB2|TMEM37|PKP2|CETN2|HMGCS1|ZFAND6|GYG1|FDFT1|ATP6V1C1|MSMO1|PYGB
GSE11961_GERMINAL_CENTER_BCELL_DAY7_VS_PLASMA_CELL_DAY7_DN	0.0782089552238806	0.442332549941246	0.314990096370939	1.18389592609659	261	176	ZC2HC1A|PTPN6|PRNP|DPF3|MYOM1|SESN3|SUMF1|EIF2AK3|STRADB|DCBLD1|CNNM2|HIF1A|DNTTIP2|ZNF518B|MAP3K1|C5orf63|NAAA|PGGT1B|TMEM168|SMAD2|CRYZ|SH3BGRL|RHOBTB1|HSPA4|DENND6A|DRAM2|PTPN14|OOSP2|ATL1|GALNS|LITAF|PRRC1|PRKCI|CKAP2L|SNX13|CTNND1|ACSL1|INPP5F|PHTF2|EXOC6|PCYOX1|CLIC4|WDR11|RNPC3|RIDA|ANXA1|QKI|PPWD1|DHX57|BMP2K|NDE1|BRWD1|GTDC1|PCLAF|FCHSD2|C11orf54|CAT|ERCC6L|BUB1B|OPTN|TP53INP2|SLC35F5|HEXB|MAP3K5|CEBPZOS|CWC27|KTN1|SRSF10|RAD17
GSE13738_RESTING_VS_BYSTANDER_ACTIVATED_CD4_TCELL_DN	0.0782608695652174	0.442332549941246	0.309446119030337	1.17577145671659	260	189	BATF|TNFSF12|EGR3|IL12RB2|KAT2B|PKD2|PRMT9|CLDND1|BLTP3B|COPS8|HNRNPLL|MYCBP|SRP19|MRPL42|YIPF6|TJP2|SC5D|ATP1B1|ATP1B3|TRIB1|ERP44|IDH1|UTP11|RANBP9|RCBTB2|MCTS1|MRPL47|SOCS2|HBEGF|TIPIN|PHTF2|TGFBR1|ETFDH|WIPI1|NAMPT|STK24|MYB|SMIM30|C4orf46|EIF3J|ELOVL5|PPP1R16B|LYRM1|RBBP8|FUCA2|PIGX|PANX1|TMT1A|MYL12A|BHLHE40|TFRC|CENPJ|SRPK1
YU_BAP1_TARGETS	0.0783858998144713	0.442789905648656	0.481838590689338	1.34034573359885	337	29	CCNE2|NPL|RBL1|CDK1|UXS1|ELOVL6|CA2|CDC5L|BRIP1|RFC3|E2F5|SKP2|BRCA1|CCND2|CDC6|CHEK1|CYB5R1
GAUCHER_PBMC_YF_VAX_STAMARIL_UNKNOWN_AGE_7DY_UP	0.0785129898091	0.443258375536415	-0.3229368353206	-1.18532776535391	546	264	ASCL2|TAGLN|LAG3|IL15|TCN2|NAGK|TYMP|IRF7|IFI30|MARCKS|MT2A|TAP1|IFITM1|HES4|ACTA2|BTN3A1|GRN|UBA7|SLC3A2|IFI35|OSBPL5|IFI16|IFIT2|HERC6|RIGI|LGALS3BP|SDF2L1|STAB1|SHFL|FRMD3|MX1|IFITM3|BATF2|GBP2|MYDGF|TRIM26|CAMK1|ISG15|RNH1|TAP2|SRM|PRF1|CST3|SP110|SHISA5|MICB|PHF11|SIL1|TIMM10|CTSL|SIDT2|SMCO4|NT5C|OAS3|RGS12|GLMP|SAMD9L|TUBG1|OGFR|TXNDC11|PARP12|IRF9|PCK2|DUSP5
GSE360_L_MAJOR_VS_T_GONDII_DC_UP	0.0786707882534776	0.443899591055879	-0.358083224273184	-1.2323220223538	508	143	H2AC13|UBL3|FBXL2|KRT15|GNRH1|MADCAM1|GFAP|ABCB4|MAPK12|MYL11|SH3PXD2A|EPN2|COX6B1|CD101|GRIA3|CLIP3|MYH8|SORBS2|APOD|SLC29A2|C8G|MCAM|NOTCH3|MAFK|KIF5A|FKBP8|SLC1A5
HOEK_MYELOID_DENDRITIC_CELL_2011_2012_TIV_ADULT_3DY_DN	0.0787578757875788	0.444141324244784	0.528344012605338	1.37725294670437	349	22	DLG2|TMOD4|CCNE2|EGR1|ZMYM4-AS1
ABBUD_LIF_SIGNALING_1_DN	0.0789896670493685	0.444774056842784	0.51642909139482	1.36816528970247	343	24	EFNA2|FOXA2|HK2|OSTF1|GRIA2|PELI1|CD24|SUCLA2
GSE21927_SPLEEN_VS_TUMOR_MONOCYTE_C57BL6_UP	0.0789920724801812	0.444774056842784	0.328153272151387	1.20149102653266	278	143	CCT6B|NBPF3|C20orf203|CARMIL2|SIGLEC8|OR51I1|MYOM1|CD3G|CCL2|CLIC2|LRRC27|ALDH1L2|ZNF30|PDGFB|LINC01192|S1PR2|RCHY1|BMX|STAG3|KLLN|PAX7|UPK1B|LRRN4CL|DGCR5|NEU4|EHD3|SMIM20|FLCN|ZFAND4|DUSP18|DTWD2|MFSD4B|ETV7|FZD4
REACTOME_GLUCOSE_METABOLISM	0.0790916209866876	0.444774056842784	0.375896688854959	1.25762078408988	302	78	PFKFB3|RANBP2|SEH1L|NUP153|NUP35|NUP107|NUP37|NUP160|HK2|NUP133|FBP2|HKDC1|GNPDA2|NUP205|PFKFB2|PPP2CA|GPI|NUP88|PPP2R1B|RAE1|NUP155|NUP54|NUP50|NDC1|PGM2L1|ALDOA|NUP58|PGK1|PKLR|NUP98|BPGM|NUP43|GAPDH|TPR
THUM_SYSTOLIC_HEART_FAILURE_DN	0.0790769230769231	0.444774056842784	0.304316776351037	1.16565581835955	256	204	MPP3|DPF3|CD36|DLC1|RHOT1|PTPN2|CHDH|SMAD4|TMEM59|PLEKHA5|ZNF493|PPM1A|RIF1|METAP2|KCNJ8|PRKRA|GABBR2|RNF115|LMO7|PER2|METTL21A|TANC1|SNHG14|SYNE1|PCDHGA8|ARMH4|KCNQ2|LDB3|ELL2|SLC25A36|ZFAND4|YWHAZ|TRIM52|NDUFA5|EPCAM|PPFIBP1|RNPC3|PDE7A|HSPD1|PPM1K|ZBTB21|NEK1|HYCC2|MON2|RPL7|ZC3H11A|TTC3|C8orf88|PTEN|COX15|CFDP1|INTS6|MBD4|ZNF148|NCOR1|STARD7|C16orf46|TM2D1|RPAP2|AKAP10|DENND1B|N4BP2L2|CUL4A
WP_ELECTRON_TRANSPORT_CHAIN_OXPHOS_SYSTEM_IN_MITOCHONDRIA	0.0790060528830838	0.444774056842784	-0.382813253799632	-1.25966182398631	495	101	COX8A|UQCR11|COX6A1|NDUFB2|NDUFB8|NDUFA3|NDUFA13|NDUFA2|UQCR10|COX5B|ATP5ME|COX17|COX6B1|UCP3|NDUFA11|NDUFS7|NDUFS8|NDUFA6|NDUFB7|UQCRQ|NDUFA1|ATP5PF|NDUFB1|ATP5IF1|UCP2|NDUFC2|NDUFC1|SDHA|ATP5F1D|NDUFA7|ATP5MG|NDUFB6|ATP5MC1|SURF1|NDUFA8|COX7A2|NDUFAB1|COX4I1|MT-CYB|NDUFB4|UQCRH|COX6C|SDHB|ATP5MC3|COX7C|NDUFB9
GSE32986_UNSTIM_VS_GMCSF_AND_CURDLAN_LOWDOSE_STIM_DC_DN	0.0791960401979901	0.444968084872656	-0.341778722014261	-1.21335143464106	527	189	GZMM|DHRS12|FAM171A1|VMAC|AKAP13|CREBRF|ZNF76|PLA2G6|SMPD1|ABCC10|CD37|ATXN1|CD84|PBXIP1|AMDHD2|SLC38A10|CLN3|UBA7|FAM120C|DGLUCY|TMEM63A|EEIG1|SGSH|SUN2|ARHGAP45|ING4|MAP3K7CL|RPL13AP20|KLF12|IFT27|CLCN7|HPS1|RPL18|TTYH2|PIK3IP1|MED15|RGS14|CHD3|MAP3K12|SLC25A45|CTSA|MXD4|YIPF3|CTSD|ZBTB20|HEXA|CLSTN1|SLC35D2|PARP3|RPS27|EVL|GLMP|VAC14|MFGE8|LAMP1|KLHL21
IIZUKA_LIVER_CANCER_PROGRESSION_G1_G2_DN	0.0792147806004619	0.444968084872656	0.507999529694618	1.35769195693306	342	25	SIAH1|TSC22D2|SP3|GOLGA4|UBQLN2|ADNP|ZNF91|ATP2A2|PSME4|PRPF40A|CCT6A|SFPQ|GORASP2|EFCAB14|ACTB|IMPA2
GSE23505_IL6_IL1_IL23_VS_IL6_IL1_TGFB_TREATED_CD4_TCELL_DN	0.0792885137172144	0.445133165935905	0.310237232549798	1.17698139067433	262	188	IL12RB2|S100A14|TRAPPC6B|TRAPPC8|CCL4|LSM11|NCOA3|PDCD10|ERI2|KPNA3|RARS1|P3H4|EIF4E3|KIF20B|PI4K2B|KNL1|LYSMD3|FBXO30|RDX|PPP1R12A|SCYL2|KCNJ8|KPNA2|MED21|COPS3|RRAD|SLC4A3|SGCB|CYTH4|CDC14B|NDUFV2|TMF1|CPOX|MOSMO|CEP44|ARL5B|TRAPPC2|CHSY1|BUB1|TARS1|UXS1|RBBP8|NR5A2|IPO5|MTMR2|STIL|FAM111A|RAD21|WEE1|BRIP1|YWHAH|ATAD5|DLD|LMNB1|CDCA2|CENPJ|CCT6A|ELOF1|ANXA7|TAF12|TNFSF9|ERCC6L|BICD2|MTMR9|EXO1|HSPA5
WP_TYPE_II_DIABETES_MELLITUS	0.0793622357577929	0.445298000300014	-0.565717398202104	-1.38844946201726	442	20	SLC2A4|PRKCZ|IRS1|MAFA|CACNA1A|KCNJ11
REACTOME_VISUAL_PHOTOTRANSDUCTION	0.0794112890182759	0.445324312382935	-0.399850893342495	-1.27809865409769	490	80	BCO2|APOA1|RDH16|RETSAT|APOE|ABCA4|GUCY2F|RDH12|GPC1|HSPG2|CNGB1|GUCA1B|DHRS3|AGRN|SDC4|GPC2|GNB5|HSD17B1
REACTOME_DISEASES_OF_SIGNAL_TRANSDUCTION_BY_GROWTH_FACTOR_RECEPTORS_AND_SECOND_MESSENGERS	0.0794861501405058	0.445495240150976	0.274474514377815	1.12484444729754	197	429	PTPN6|EGF|FGF5|AGO4|FOXO1|TGFBR2|SPRED3|CAMK2B|FZD8|KAT2B|SRC|EIF2AK3|ESR2|PSMC6|RNF43|PSMC1|NRG4|WDCP|HDAC2|PDGFB|PSMD5|KDM7A|PPP1CB|PPM1B|ERBIN|YES1|PIK3CA|NPM1|PPP1CC|CD80|RANBP2|SMAD4|CCNB1|SMAD2|PSMA1|PSMA4|LRP6|PRKAR1A|NCBP2|MAPK8|PPP2R5E|LMO7|AGK|GCC2|CCNC|PSMD6|VAV1|MAPK1|FGFR1OP2|TNKS2|VWF|EPGN|MAMLD1|FGFR1|KIT|TRIM24|RAP1B|RAP1A|DUSP10|GOLGA4|JAK2|HBEGF|FXR1|PAPSS1|IL10RA|TGFBR1|KIF5B|ITGA2B|NRAS|TRIP11|RBPJ|AGGF1|FZD4|PPFIBP1|PTPN12|BAG4|CLTC|CDKN1B|ADAM10|SNW1|PSMD10|RICTOR|SKP1|PSMA2|MYC|CHUK|PSMA6|RB1|BRAF|HEYL|NF1|QKI|MAML2|CLIP1|CREB1|APC|PSMC2|MAPK9|AP3B1|AKT1S1|CTNNB1|PPP2CA|ZMYM2|TNKS|PPP2R5C|PTEN|PSME4|NCBP1|SPRED1|AGO1|PSMD14|PPP2R1B|NCOR1|PSMD11|HSP90AA1|TFG|BRAP|PSMC5|AMER1|CNKSR1|ETV6|FZD5|GOLGB1|FIP1L1|EP300|BIRC6|NCOR2|RPS6|MCL1|STAT1|CPSF6|POLR2K|CDK8|ZC3HAV1|PORCN|PSMA3|POLR2B|SOS1|FOXO4|GAB1|FKBP1A|FBXW7|WDR48|STRN|PIK3CB|BCL2L11|PPP2R5A|CTBP1|MAP2K1|TRAK1|SEC31A|AGO2|YWHAB
GSE20366_EX_VIVO_VS_HOMEOSTATIC_CONVERSION_NAIVE_CD4_TCELL_DN	0.0796486090775988	0.445659274203421	0.320026831612968	1.19027460357137	271	162	LRRC8E|SLAMF6|ZFP69|EGR3|ARHGAP28|RNF11|MAP3K9|LGALS3|NECAB1|GNB4|ALDH1L2|ZBTB18|GCNT2|CD80|CRYZ|SATB2|SH3BGRL2|KPNA2|PXYLP1|CFI|EML6|IGFBP5|FCGRT|GPLD1|NDUFV2|NIPSNAP3A|SQOR|SCIN|ARHGEF12|SEMA4A|SMIM30|CYP4V2|C4orf46|STMN1|GLTP|SMPDL3B|API5|OPN3|CAPZB|ATP1B2|XPOT|RNF168|TRIM3
GSE9006_HEALTHY_VS_TYPE_2_DIABETES_PBMC_AT_DX_DN	0.0795857988165681	0.445659274203421	0.316221196894044	1.18680395957167	268	173	ST8SIA4|EGR3|RGS2|SCRN3|WDFY3|EMSY|POGLUT1|SOHLH2|XRCC4|MOSPD2|PEX3|EGR1|MACIR|BMX|NSUN3|PUS3|ZFYVE26|MFAP3|GYPA|PDE8A|TRIB1|MRPS22|ATG10|TPTE|EGR2|ZNF586|ACSL1|B4GALT5|RBPJ|ZNF654|AGGF1|RHEB|ZNF234|CLTC|RLF|ANKRD12|DHX15|PIK3CG|LMBRD1|AFTPH|MON2|ABHD5|PUM2|RBM47|WIPF2|AP3B1|MKLN1
WANG_BARRETTS_ESOPHAGUS_AND_ESOPHAGUS_CANCER_DN	0.0796367446734195	0.445659274203421	-0.505181297894984	-1.35421595090566	455	30	SULT2B1|S100A2|TRIM29|ECM1|KRT4|FDXR|NFRKB
GSE17721_PAM3CSK4_VS_GADIQUIMOD_4H_BMDC_UP	0.0800362428269405	0.446886110392423	-0.346236167090042	-1.21761759612848	529	173	TPM2|RPS21|KCNJ14|ADGRD1|CIITA|MT2A|FOXD3|DDB2|RHBDF1|PLA2G15|AATK|ETHE1|COX17|IFITM2|POR|CASQ2|RDH12|SLC6A8|CPS1|SERPINE1|HMGCL|BCL3|TBCD|AMPD2|SMOC2|CCL24|NSDHL|LRRC20|SRM|RNF181|MAP3K11|POLR1C|SIX5|CLSTN1|RANBP3|RAB30|SF3A2|SAMD8|TPRA1|TMEM128|ITPR3|TIMM17B|SRF|DNMT3A|CAVIN1|SLC22A5|AK4|TAF1C|SEC61A2|ZNF808|PTPA|UBE2Z|PFDN6|POLR2I|FCHO1
GSE36095_WT_VS_HDAC9_KO_TREG_DN	0.0799935358758888	0.446886110392423	-0.396868275821872	-1.27231816291393	494	82	SSC4D|DNASE1L2|PTPRB|SPMIP8|TSC22D3|ENC1|RDH16|HCST|CASKIN1|SLC19A1|PCOLCE|PM20D2|FBXO41|BRAT1|IL16|RNF32
GSE5589_UNSTIM_VS_180MIN_LPS_AND_IL10_STIM_MACROPHAGE_DN	0.0801795063575168	0.446886110392423	-0.343016564835437	-1.21423987110118	535	181	SLC26A11|NDST2|ADGRG3|AHRR|DGAT2|MGAT4A|ENC1|CYLD|ABCA7|TFPT|PLOD1|MRPL41|SGSH|IFI35|CRYBA4|CRISPLD2|NAPSA|TOP3B|RASGRP1|HAGHL|SPINT2|PPP4C|SELENOH|LRRC45|POLD1|TAP2|CAD|RASSF7|ARID3B|STRADA|PPP1R12C|TSC22D4|MLEC|CNPY3|SIDT2|MADD|NEDD8|CD3D|NUDT14|TSR2|NEU1|UQCRHL
GSE6092_CTRL_VS_BORRELIA_BIRGDOFERI_INF_ENDOTHELIAL_CELL_UP	0.0801364023870418	0.446886110392423	0.327730841048955	1.20272957853173	281	145	NEDD1|MRPL1|FBXW8|WDSUB1|POGLUT1|TMEM209|DARS1|PARS2|ARHGAP11A|LYPLA1|FAM199X|DNA2|LRIG2|IRF2BP1|PPP3CB|FGFR1OP2|OTUB2|PPA2|PCYOX1|WIPI1|CDK2AP1|CPNE3|ALDH2|DCP2|SACM1L|GGH|MRPS33|QDPR|MRS2|CEP76|LCORL|CKAP5|ATP5PB|ASB8|TRAM1|IL1R1|H2AC6|LTA4H|TMX4|GPSM2|SLC35A5|CUL4A|IMPA1|FBXO4|KLHDC8B|ANAPC4|MRPL35|DCAF7|PDCD6IP|RWDD2B|WARS1|S100A1|AQR|ANAPC1|HPS3|APIP|XPO1|RNASEL
SU_PANCREAS	0.0800490453669644	0.446886110392423	-0.491955378474748	-1.34255528316929	456	33	STX11|SEL1L|CTRL|FOXH1|HAS1
WP_ENDODERM_DIFFERENTIATION	0.0800217746325531	0.446886110392423	0.342953913792276	1.22358200271865	293	117	FOXA1|FOXO1|EMSY|PTHLH|TCF7|FOXN3|FOXA2|CUL4B|LEO1|SMAD4|SMAD2|NAA15|LRPPRC|HPRT1|EPB41L5|NLK|SIAH2|PLCH1|TOX|GATA6|GATA4|SOX21|RFX7|BMPR1A|ASCC3|CAND1|APC|MTF2|CTNNB1|TAF4B|PIAS1|ACACA|AEBP2|CDC73|NCAPG2|ZNF281|MBTD1|PABPC1|SP4|STAT1|ZFHX4|DAB2|NR3C1|KDM4A|WDHD1|BTAF1
WP_GLYCOSAMINOGLYCAN_SYNTHESIS_IN_FIBROBLASTS	0.0801387684301821	0.446886110392423	-0.476080777554875	-1.33665364840407	461	38	NDST2|EXT1|CHST12|B3GAT1|EXTL1|HS6ST1|B3GAT3|CSGALNACT2|B4GALT7|NDST1|EXTL3|XYLT2|HS3ST3A1|CHPF2
KEGG_MEDICUS_VARIANT_MUTATION_CAUSED_ABERRANT_SNCA_TO_ANTEROGRADE_AXONAL_TRANSPORT	0.0807508411545954	0.449820723368384	-0.537961835998098	-1.3720186698685	455	24	KLC4|KLC3|TUBA3E|KIF5A|KLC2|TUBB2B|TUBA1B|TUBB3|TUBA3C
PUJANA_BREAST_CANCER_LIT_INT_NETWORK	0.0808704997313273	0.450237424460933	0.353070695020128	1.22953477257585	300	100	ZNF350|KAT2B|EMSY|HDAC2|NBN|RFC4|NPM1|CCNA2|CCNB1|MSH2|KPNA2|JAK2|CDK1|SP1|ELK1|CDK2|BACH1|RFC1|MYC|RBBP4|RB1|PEX5|RBBP8|RPA2|ATR|NMI|ACACA|ATF1|BRAP|BLM|BCCIP|ATM|CDC25C|EP300|RBBP7|BUB1B|STAT1
FAELT_B_CLL_WITH_VH3_21_UP	0.0809744381540573	0.450316570742619	-0.461244364122539	-1.32519492641701	471	43	POR|TOP3B|PRKCSH|PKMYT1|KCNAB2|CALR|MYO9B|DVL1|STXBP2|CLUH|YKT6|ARHGEF1|SLC25A42|TK1|ZBTB48|SAFB|GNA12|EIF4G1|PTPN7|ATOSB|HMGA1|ACTN4
YANG_BREAST_CANCER_ESR1_BULK_UP	0.0809393524851801	0.450316570742619	0.517330999665419	1.35770639322046	354	23	FOXA1|TSPAN13|FAM174B|AGGF1|ARMT1|PTP4A2|ELOVL5|SKP1|DALRD3
BOYAULT_LIVER_CANCER_SUBCLASS_G3_DN	0.0810300429184549	0.450376285058389	-0.45810609657457	-1.32003173530315	471	44	TNS2|PRG2|COL18A1|APLNR|RARRES2|SORBS2|FMO4|GGCX|SELENBP1
GSE13887_RESTING_VS_ACT_CD4_TCELL_DN	0.0811105062602069	0.450445168184271	0.342543056300363	1.22211615610612	297	117	LNX2|ITGB1BP2|TRMT2B|CPNE8|CUEDC1|FGGY|NIPSNAP2|ALG6|HYCC1|MAPK6|SEH1L|NEXN|METTL21A|SLC26A4|ARSG|IL1RL1|IGSF10|EDA|NCAM2|MRPL47|KLHDC2|SRP72|POGLUT3|NSA2|C1D|ANXA1|CHMP2B|SUB1|MKRN3|MAPK14|HMGCS1|CAPZB|NEPRO
GSE1460_DP_THYMOCYTE_VS_NAIVE_CD4_TCELL_CORD_BLOOD_UP	0.0812668060950105	0.450445168184271	0.308253078175719	1.17335633187847	271	191	PKD2|ITGB3BP|PLK4|C1QTNF3|ST3GAL5|CKS2|MBTPS2|RFX5|CCNA2|STAG3|SMC2|CRNKL1|MPHOSPH9|IDH1|PLXND1|AGPS|PLPP3|GFI1|SCFD1|DLAT|UBE2E3|SRP9|ATP5F1C|CENPU|TBC1D19|TCEAL9|SPDL1|PIK3C3|SLC25A14|UBA2|HBS1L|MTMR4|SSR1|CHD9|TSG101|BFAR|CLGN|RFC1|PSMA2|PSMA6|RBBP4|LYRM1|KIF14|PUDP|PTEN|PARK7|GGH|NCBP1|GNL2|DAD1|PSIP1|ZNF638|NUP155|NCAPG2|CENPE|HNRNPA2B1|INTS7|RBBP7|KIF13B|GPSM2|GOT1|CORO2A|POLR3C|MPP1|KIFBP|AQP3|FEN1|NCAPD2|POLQ|PDCD6IP|ATIC
GSE17721_0.5H_VS_12H_POLYIC_BMDC_DN	0.0812274368231047	0.450445168184271	0.311846609553513	1.1772035748768	269	182	ZNF841|MX2|CCL5|CD70|MS4A6A|KAT2B|RASSF3|NCOA3|CMTM6|ZNF436|VPS54|ME1|SMARCAD1|PPP1CB|TXNL1|PSMA4|ARF4|PLEKHF2|WASHC4|STARD3NL|NAE1|SPEG|ESD|HOMER1|SYNE2|APPBP2|FLCN|USP47|TPRKB|ASB3|TDRD3|NIPSNAP3A|TMEM38B|C1orf54|ANGPT1|IREB2|CACYBP|SNX2|BFAR|ADNP|CYBB|GDE1|CD47|CCNT2|ATG12|ANXA1|BNIP2|C6orf62|FBXW11|GINM1|CHMP1B|SYF2|STAU1|RIPK2
SALVADOR_MARTIN_PEDIATRIC_TBD_ANTI_TNF_THERAPY_NONRESPONDER_POST_TREATMENT_UP	0.0811965811965812	0.450445168184271	-0.544531702108739	-1.37436261483874	455	23	DNAJC25-GNG10|TYMP|APOL6|IL1B|BATF2|GBP2
VERRECCHIA_RESPONSE_TO_TGFB1_C1	0.0811688311688312	0.450445168184271	-0.584085746991315	-1.3962064804008	449	18	PAK1|PLAT|BSG|SERPINE1|HSPG2|RHOB|RPSA
KEGG_UBIQUITIN_MEDIATED_PROTEOLYSIS	0.0813436979455858	0.450602066609261	0.334796792016373	1.21065240675315	292	129	UBE4A|FBXO2|KLHL13|HERC3|FBXW8|DET1|PRKN|NEDD4|UBA6|MAP3K1|SIAH1|RCHY1|CUL4B|UBE2N|PIAS2|COP1|CDC27|ERCC8|UBE2E3|UBE2E1|UBE2W|UBA2|UBE2NL|CUL2|UBE2D3|WWP2|SKP1|TRIM32|CUL3|BIRC2|UBE2D1|MID1|FBXW11|ANAPC10|PIAS1|CUL5|UBE4B|ITCH|HERC4|UBE2A|SKP2|BIRC6|SMURF1|CUL4A|FBXO4|UBE2K|ANAPC4|FBXW7|UBE2B|BRCA1|ANAPC1|UBE2D2|UBE2L6|PIAS3|FANCL|UBE2J1|UBE3A|PML|CDC16|CUL1|UBE2G2|UBR5|CDC23|TRIP12|XIAP|UBE2D4|UBE2G1
PID_S1P_META_PATHWAY	0.0813848920863309	0.450602066609261	0.549856999767019	1.37906974812728	361	19	GNA13|SGPP1|GNAI3|S1PR2|GNAQ|SGPL1|S1PR3|S1PR1
GSE9988_ANTI_TREM1_AND_LPS_VS_CTRL_TREATED_MONOCYTES_UP	0.0815282791817088	0.450680305127722	0.311762750209256	1.1768870105249	270	182	TSLP|OSGIN1|CXCL8|ADTRP|HECW2|SLC9B2|KDM7A-DT|EIF2AK3|EGLN3|SNX33|DTL|CKS2|PLD1|CCRL2|KLF10|EGR1|MAPK6|NR4A2|SPRY2|TSC22D2|FBXO30|SNAPC1|FNIP2|GCLM|SIAH2|SLC19A2|SLC38A2|GTF2A1|HOMER1|S1PR3|CD274|RIT1|TCEAL9|PCF11|OSGIN2|USP53|TMEM38B|HBEGF|ARL5B|B3GNT2
PATEL_SKIN_OF_BODY_ZOSTAVAX_AGE_70_93YO_VZV_CHALLENGE_6HR_DN	0.0815061963775024	0.450680305127722	-0.383079789832885	-1.25712148099756	512	98	ZNF341|NHLH1|IRX5|HSPB3|VILL|CCS|TMEM63A|TRPM4|CUL9|LINC00310|AQP11|PCGF1|CEP41|TMEM184A|SCARB1|RUSC1-AS1|GGCX|KANK1|ERICH1|BABAM1|ANKRD13D|PER1|DYNC2I2|ANKS6|AFDN-DT|RPUSD3|CARS2|USP40|RFXANK|DMAC1|SUGP1|DHX16|TCTA|MRPS16|SAMD1|NDUFA8|STX16
WEBER_METHYLATED_IN_COLON_CANCER	0.0815337152930807	0.450680305127722	0.594749768176014	1.40405602652693	369	15	ALX4|ZNF677|WWTR1|RPS27L|ZNF566|CDCA2|PAX6
HALLMARK_APICAL_JUNCTION	0.081638846737481	0.4510130674468	-0.346891425024608	-1.21629732644593	537	170	SLC30A3|CADM2|AMH|MAPK13|MADCAM1|CLDN7|MAPK11|CLDN6|TSPAN4|ICAM5|ATP1A3|DSC3|CDH15|IRS1|ICAM1|LAMB3|TMEM8B|TAOK2|RHOF|NRTN|STX4|ACTN2|AKT3|CLDN11|INPPL1|TSC1|IKBKG|ADAM15|ICAM2|SORBS3|MAP4K2|BMP1|ITGB1|GRB7|MVD|EVL|CD276|AKT2|SYMPK|TUBG1|WNK4|MDK|CRAT|ICAM4|KCNH2|PKD1|BAIAP2|NECTIN2|MPZL1|EPB41L2
GSE6269_E_COLI_VS_STREP_PNEUMO_INF_PBMC_DN	0.0816897033700885	0.451045787914713	-0.358261248642971	-1.2291765675008	525	140	PCNX1|S100P|CCPG1|HOMER3|BSCL2|ZFPL1|EREG|APLP2|COPE|SRRM2|PDLIM7|STAB1|ENTPD1|MGAM|MYDGF|YIPF3|IGF2R|CTSD|SLC26A6|TRABD|DGAT1|PRTN3|ELOVL1|GPAA1|NDST1|RGL2|SDF4|CAMKK2|TMBIM6|FLOT1|CAPG|TMUB2|NEU1|CHPF2|GUSBP11|PDIA5|CC2D1A|ABHD2|ASL|LTB4R|PGAP6|DNAJC4|ADAM8|P4HB|TKFC|APMAP|RAB27A|RAB13|NT5DC2|MYO5A|NPC1|CDC37|RNF19B
GSE16755_CTRL_VS_IFNA_TREATED_MAC_UP	0.0817610062893082	0.45119130353605	0.30816766665674	1.17208028195586	272	190	ARL11|C2CD5|UBE4A|AGO4|TGFBR2|DOK2|REV3L|EEPD1|ZNF518B|GNAQ|PHLDA1|MOSPD2|GGPS1|ITSN1|MEF2C|FAM13A|BMI1|SPRY2|PRKAR1A|GAS2L3|PDS5A|RAB3D|TCF12|CBX3|RBM41|XPO7|METTL21A|DRAM2|SLC22A15|MTSS1|EGR2|RNF125|DOK3|DUSP10|FUT8|EIF3C|DBT|TLR5|PPIG|CELF2|BTBD8|KDM3A|DNAAF10|ZBTB21|TRDMT1|TRIM32|LRRC58|TMEM243|ING2|AGPAT5|MBD4|MIOS|HELZ|NUP155|PHF21A|ZDHHC7|ESCO1|DSN1|COMMD3|INPP4A|STAMBP|GALT|ZC3H14|FKBP15|UFSP2|PLAU|EFCAB14|DAB2
AZARE_NEOPLASTIC_TRANSFORMATION_BY_STAT3_UP	0.0819848975188781	0.451929929321526	0.354569033878001	1.23003862473019	303	98	EOGT|PRNP|LPXN|TGFBR2|FOXA2|PTBP3|TP63|CALB1|TWF1|RAB6A|NUP160|SNRPN|SNHG14|XYLT1|SERPINE2|CALD1|CDK17|CXCL11|RAB5A|TGFBR1|WIPF1|IFI6|CLIC4|DDX3X
HOFFMANN_LARGE_TO_SMALL_PRE_BII_LYMPHOCYTE_DN	0.0819451455493858	0.451929929321526	-0.424624607447479	-1.29501173919796	486	61	NFKBIZ|IDUA|DBNDD2|UBA7|TRDC|AATK|KLK2|IER3|KMT2B|BCL3|ACTN2|FHL1|ANKS3|CD151|EVL|CAPG|PRRG2|SREBF2|SRF|JUN|RAG1|LDAF1
MOREIRA_RESPONSE_TO_TSA_DN	0.0821742313323573	0.452724991281121	-0.61396233373454	-1.40209496135942	448	15	LAT|SLC3A2|ICAM1
GSE22589_HEALTHY_VS_HIV_INFECTED_DC_DN	0.0822485207100592	0.452885710854402	0.314789485675712	1.18143063052362	277	173	SETDB2|FAR2|MX2|IL12RB2|SLC49A4|CD70|ALDH1L1|SPAG6|CEP128|NUDT13|CCRL2|TTLL7|PNPT1|SLC30A6|TRIM13|DDHD1|LRRN4CL|KCNQ2|LHX5|RAB19|DCAKD|DUSP10|RBM43|CXCL11|TCEANC2|TENT5A|NAA25|ANGPT1|CARD6|ENDOD1|SNX2|FGD6|PPM1K|CYBB|TRAFD1|DCP2|TMED8|PTAFR|ADGRV1|ATP11B|GINM1|ALDH1B1|STAU1|HELZ2|TMCO3
GSE17721_POLYIC_VS_GARDIQUIMOD_6H_BMDC_UP	0.0824556123984351	0.452959363332885	0.310334978381414	1.17393404876451	273	184	TTC39B|SETD7|GNA13|MX2|NTS|IGSF9|ZNF354A|LRATD1|SELENOT|CMTM6|EEPD1|RARS1|NAAA|GCNT2|CUL4B|PNPT1|TFAP4|SMAD4|TMEM37|PLEKHF2|TOB1|ZFYVE26|MRPL39|HOMER1|TTC14|RSAD2|FGFR1|LAT2|TMEM176B|CRBN|HAUS1|CERT1|LIMK1|HUS1|PPIG|FRG1|CPNE3|CDKN1B|RFC1|CD47|KMT2E|TPST1|CR1L|GLUL|BRWD3|C6orf62|PCNA|ARFGEF1|ADGRV1|ZFAND5|TAX1BP1|TFG|REEP3|BTBD3
GSE31082_DN_VS_CD8_SP_THYMOCYTE_UP	0.0825213154689403	0.452959363332885	0.305448093751729	1.16685919658178	270	198	MATCAP2|KPNA3|CNIH1|GNAI3|UBA6|PRPS2|PBK|AMZ2|UCHL3|RFC4|TXNL1|SEH1L|SLF1|RTN4|GINS1|POLA1|PREPL|UTP11|TMEM106C|IPMK|GFI1|SERPINE2|TRIM24|ALDH9A1|APPBP2|ANKRD28|EXOSC9|HAUS5|ATP5F1B|TCEAL9|MED23|FAM133B|ADK|AHCTF1|HBS1L|PARD6G|FBXO45|ACLY|EIF2S1|RPRD1A|NIFK|BIVM|ABCB7|ETF1|RSL1D1|HMGCS1|GLT8D1|RAB1A|IDE|NUP155|DDX20|DDX21|CEP70|ERCC6L2|NCAPG2|FDFT1|FABP5|BCAT1|EXO1|RBM12|TRAPPC13|PHF10|CPSF6|SNRPD1|KYAT3|ANO6
KAUFFMANN_MELANOMA_RELAPSE_UP	0.0825326435082533	0.452959363332885	0.396561873506868	1.27799674744232	334	61	PMS2P3|DCLRE1A|TOP2A|RFC4|ORC4|MSH2|SMC2|SUMO1|NEIL3|MAD2L1|GTF2H2|CCNH|HUS1|RRM2|RFC5|PCNA|BRIP1|SMC4|BLM|XRCC2|RAD51AP1|EXO1|RAD17|TERF1|POLQ|RPA3|BRCA1|CHEK2|CDC6|XRCC5|CHEK1
ULE_SPLICING_VIA_NOVA2	0.0825242718446602	0.452959363332885	-0.480036879578087	-1.34163928632909	475	37	PLCB4|APLP2|SRR|STXBP2|AGRN|CLSTN1|MAPK8IP1|RAP1GAP
WP_STATIN_INHIBITION_OF_CHOLESTEROL_PRODUCTION	0.08244301994302	0.452959363332885	-0.543222636354121	-1.37105861797952	462	23	APOA1|LCAT|APOE|APOC1|SCARB1|DGAT1
ZHANG_INTERFERON_RESPONSE	0.0824630896651062	0.452959363332885	-0.572736944699531	-1.38700704754825	457	19	IFI30|IFITM1|IFI16|IFIT2|IRF3|MX1|IFITM3|ISG15|SP110|OAS3|IRF9|IRF1
CEBALLOS_TARGETS_OF_TP53_AND_MYC_DN	0.0827646544181977	0.453736537984636	-0.493690773711565	-1.33885427388272	472	32	CYFIP2|TCN2|REN|DDB2|COMT|F2R|VARS1
MUELLER_METHYLATED_IN_GLIOBLASTOMA	0.0827646544181977	0.453736537984636	-0.486273070018549	-1.33538579885133	472	34	GZMM|S100P|SFN|KRT4|IER3|LSR|TKTL1
GSE29615_CTRL_VS_DAY7_LAIV_FLU_VACCINE_PBMC_UP	0.082932132318683	0.454406519767981	-0.357813024749513	-1.2276387335628	533	140	TLX1|ADGRG3|SLC8A2|MADCAM1|XAB2|CXCL1|MICALL2|CYP4F2|PRR29|HAS1|COLEC12|RSPH9|TSPAN10|ZNF598|RHOF|ZNF446|KCNJ15|MGAM|GALR3|DZANK1|NDRG4|MMRN2|TBC1D8|NRAV
GSE12366_GC_VS_MEMORY_BCELL_UP	0.083232810615199	0.454565262761354	0.309435785245048	1.17270080679509	275	187	GPR160|SUGCT|GNA13|ARHGAP28|CDC7|PLK4|RRM2B|DEPDC1B|HACD2|DTL|STRAP|ZNF608|FAM76B|PBK|C5orf34|ROCK2|PSMA4|ZWILCH|METAP2|HPRT1|GINS1|COP1|TMEM106C|DDHD1|SYNE2|SYCE1L|BACH2|DNAI4|ZFAND4|TMPO-AS1|MBOAT2|ZNF215|CLIC4|AMZ2P1|HNRNPK|PTP4A2|VRK1|DHX15|PIK3CG|NET1|ATP2A2|VDR|CEP152|HNRNPA1|SLC25A5|RABGAP1|AK3|PSMD14|XPNPEP1|ATAD2|DNASE1|ZFAND6|LMNB1|CDCA2|TMCO3|SLC39A8
GSE33162_HDAC3_KO_VS_HDAC3_KO_4H_LPS_STIM_MACROPHAGE_UP	0.0831600831600832	0.454565262761354	0.306113435202088	1.17092524073281	279	195	SNX18|RNF11|SELENOT|C5orf15|ZNF410|CMTM6|RNF2|IL18R1|DHX40|CGGBP1|FOXJ3|CLK4|ARL8B|NEK9|RSRC2|RAB22A|MAPK6|BMI1|WTAP|SLC39A1|SMARCA5|APPBP2|SOS2|CAB39|TPRKB|USP53|TDP2|CNOT2|ZNF292|GPBP1|SP1|FBXO45|CLTC|PRPF39|NIFK|KDM6A|CCNT2|ATG12|PUM2|STX7|FRYL|KBTBD2|ARFGEF1|CNDP2|PSMD14|DDX21|ATF1|MYCBP2|EIF4B|TTC27|PMS2|SEC61G|NUMB|SERTAD2|ATL2|SH3GLB1|UBR1|RLIM|BIRC6|WASHC2A|RAB3IP|KIF16B|NSMCE4A|TRPS1|PIP4K2A|ANKRD17|FBXW7|STRN|CSE1L|KTN1|CRKL|GOLGA5|RASSF5
REACTOME_APOPTOTIC_CLEAVAGE_OF_CELLULAR_PROTEINS	0.083077649280151	0.454565262761354	0.445979158353366	1.31628251463454	351	38	BMX|TJP2|FNTA|DSG3|ROCK1|DSG2|STK24|CASP3|PTK2|BIRC2|APC|CTNNB1|LMNB1|PRKCQ|VIM
REACTOME_PLASMA_LIPOPROTEIN_ASSEMBLY_REMODELING_AND_CLEARANCE	0.0831943981327109	0.454565262761354	-0.415723979388533	-1.28341705116081	498	65	APOA1|CUBN|NCEH1|LCAT|LMF2|APOE|APOC1|UBA52|APOBR|LSR|UBB|LMF1|SCARB1|BMP1|CLTA|PCSK9|AP2M1|MYLIP|P4HB|PRKACB|AP2A1|AP2S1|MBTPS1|FURIN|LDLRAP1|NPC1|LPL|UBC
THAKAR_PBMC_INACTIVATED_INFLUENZA_AGE_70PLS_NONRESPONDER_2DY_DN	0.0832296204107032	0.454565262761354	-0.359782550309847	-1.22949664522265	534	135	TBC1D2|PIEZO1|ZNF467|FAAP100|SLC9A1|GRN|SLC3A2|KATNIP|CXCL16|JMJD8|CLCN7|TOM1|ZNF598|PPM1F|RIPOR1|HCFC1|SHFL|BCL3|ADAP1|RFNG|NAPRT|PSAP|NCSTN|TSPO|BICRA|ADAM15|SLC26A6|NACC2|RAB40C|CNPY3|TNFRSF1B|NSMF|SLC66A2|ATP6V0A1|NIBAN2|RNASET2|GRAMD4|ULK1|NINJ1|CENPB|NCLN|CDC42EP3|TYK2|C9orf72|SRF|BCKDK|C15orf39|IRF1|CLEC16A|STK25|SEPTIN9|ENTREP3|RHOG|SLC25A28|ACSS2|CMIP
ZHONG_RESPONSE_TO_AZACITIDINE_AND_TSA_UP	0.0832196452933152	0.454565262761354	-0.346448474112637	-1.21596650645704	548	171	ZNF331|APOLD1|APBB2|IRF7|IFI30|CYLD|ECM1|KRT12|TRIO|TEF|KLF12|SMPD3|SLC6A8|VCX|LSR|CDKN2D|PGF|TIMP1|FHL1|TKTL1|MOK|SLC12A6|MAP4K1|CSRP2|H2BC5|MICB|PLK3|SPHK1|IL23A|PISD|TYRO3|MLEC|PRKAB2|AAMDC|LIFR|YKT6|HDAC5|HSD17B1|TUBB2B|NRIP3|ATP6V0A1|COL1A2|NEU1|PARP12|ZMIZ2|NRGN|MAGEC1|KDELR3|UPP1|ABHD2|MPZL1|DUSP14|CDKN1A|CAVIN1|JUN|HABP4|TUBA3C|APOBEC3B|SEC61A2
SCHERER_PBMC_APSV_WETVAX_AGE_18_32YO_5_TO_7DY_DN	0.0833206859918045	0.454797741155918	-0.34778020421641	-1.2167632660285	548	165	GZMM|LAT|SPIB|CCR7|CYFIP2|IL11RA|RPS21|SMPD1|RPS28|PHYHIP|RPS29|ZNF692|DGKD|TSPAN4|SNHG32|CD19|TCL1A|TPD52|TMEM8B|P2RX5|UBB|RPL13A|C12orf57|NR1D1|RGS14|PCED1B|AKR1B1|PELP1|BIN1|IL16|RPS18|KCNN4|RPS10|RPS16|DHRS3|MRPS21|IL18RAP|FLNB|RPS27|DGUOK|ICAM3|CD3D
HAHTOLA_SEZARY_SYNDROM_DN	0.0834704914178227	0.455367822202231	0.45383024514267	1.32370750365845	354	36	CCL5|KLRF1|CCL4|TSPAN13|ZBTB16|TXK|XCL1|BACH2|BCL2
GSE22103_UNSTIM_VS_GMCSF_AND_IFNG_STIM_NEUTROPHIL_UP	0.0835315101070155	0.455453176781217	0.306368086461975	1.17048894324062	280	194	AJUBA|ZBTB26|KBTBD8|EXO5|ZNF362|NUS1|TTPAL|ERI2|EIF3E|SLC25A46|ANGPTL4|SMARCAD1|FASTKD1|NOL11|LIPT2|DDHD2|NAA15|PPP1R12A|CCP110|COIL|SLC39A1|ZXDB|ABR|SH3PXD2B|TTC39C|BMF|PDS5B|FASTKD3|OTUD7B|SLC25A32|NFATC2|WDR36|TSNAX|MED7|PRMT3|MYB|EIF4G3|LSM14A|RIOX2|WDR81|HAPSTR1|KMT2E|CLNS1A|UBQLN1|TNKS|OTUD6B|MAPK14|MRPL3|FAM111A|RABGAP1|ITPRIPL2|ADORA2B|SLC35A1|STARD7|VPS37A|ALG10|CORO1C|MAP2K4|POLR3G|PMS2|MMACHC|DCAF12|ZDHHC7|POT1|HJURP|PPAT
VALK_AML_CLUSTER_7	0.0836569008118602	0.455889234717401	-0.516063899316129	-1.35154488059639	473	27	GDF15|TRIM10|SLC6A8|KEL|SPTB|FAXDC2|SELENBP1|SLC6A9|RAP1GAP|RHCE|HBZ|KCNH2
GSE16385_ROSIGLITAZONE_IL4_VS_ROSIGLITAZONE_ALONE_STIM_MACROPHAGE_DN	0.0837349397590362	0.456066915518831	0.309246281521862	1.17163038565539	277	186	TTK|MPP3|CRYL1|SLC22A4|DET1|UQCRB|ITGB3BP|PBK|KDSR|EAF1|KIF20B|MYCBP|MTHFD2|TXNL1|STT3A|BMI1|SPRY2|RPAP3|SCCPDH|NAE1|F5|DNAI4|TARS3|PRRC1|PCCA|PGM2|CKAP2L|TMED5|PIP5K1B|TMEM38B|MCU|SUPV3L1|CNOT2|SEPSECS|B3GNT2|HSPD1|ATPAF1|PRR3|HACD3|MEGF9|SFMBT2|RAB3GAP2|KLHL12|CNDP2|WEE1|SIK2|MMS22L|AK3|HACD1|NUP155|HSP90AA1|NUP54|BUB3|BLM|CCT6A|ICE2|BTG3|SUMO3|RAD51AP1|RMND1|ZC3H14|NAA35|FAM98A|NIPA1|MPP1|FKBP1A|CWC27|RASA2
GSE1740_MCSF_VS_MCSF_AND_IFNG_DAY2_DERIVED_MACROPHAGE_UP	0.0839376639407499	0.456713871353012	-0.350866102057785	-1.2170343421018	543	155	SYPL2|LINC00205|APOL1|PSMB9|TAP1|MAPK11|HLA-DOB|BTN3A1|GSDMD|PLD5|ZNF836|APCDD1L-DT|STYK1|APOL6|TMEM207|MACROH2A2|TRPM1|IQCH|GBP2|TRIM26|KCNK6|TAP2|MDGA1|PSMB10|CDK2AP2|DYNC1H1|RAB30|MVD|ZBTB43|RNF149|HELLS|RNF24|FUT1|CCDC137|POLA2|ZNFX1|MR1|DESI1|IRF1|DNPEP
KEGG_MEDICUS_VARIANT_MUTATION_CAUSED_ABERRANT_ABETA_TO_ELECTRON_TRANSFER_IN_COMPLEX_I	0.0839447193311722	0.456713871353012	-0.442543486542081	-1.30511948639565	491	50	NDUFB2|NDUFB8|NDUFA3|NDUFA13|NDUFA2|NDUFA11|NDUFS7|NDUFS8|NDUFA6|NDUFB7|NDUFA1|NDUFB1|NDUFC2|NDUFC1|NDUFB11|NDUFA7|NDUFB6|NDUFA8|NDUFAB1|CDK5|NDUFB4|NDUFB9|NDUFS2|MT-ND1|NDUFS3
ANDERSON_BLOOD_CN54GP140_ADJUVANTED_WITH_GLA_AF_AGE_18_45YO_1DY_UP	0.0841894262089702	0.457707961603049	0.386386929871688	1.26559686348208	335	67	PLA2G3|CAPZA1|TMEM106B|NRSN2|SUMO1|GCLM|SRGAP2C|QNG1|BRIX1|SIGLEC6|RASSF6|ADRA2C|FSTL4|MRPL15|HLA-C|PKP2|ZNF160|SYP|PCYOX1|TMEM70|IFT70A|SMIM30|GIMAP2|HCN2|ATAD1|ITM2B
GSE21360_NAIVE_VS_PRIMARY_MEMORY_CD8_TCELL_UP	0.0842186297151655	0.457707961603049	-0.353866291334801	-1.22089120126977	546	146	IL21R|PDE2A|TCN2|PHYHD1|QSOX1|PBXIP1|TMEM9|IFITM1|ECM1|EPS8|PLOD1|APOC1|ADAMTSL4|CD101|KLF7|LBP|HFE|CCND1|CAMKK1|NFIL3|MED22|ZDHHC23|SH2B2|SLC16A3|DMPK|SLC12A7|STING1|GAL3ST4|SEMA4C|IL17RA|TREML2|GRHPR|ID1|GRINA|EXTL3|NEK6|FLOT1|H1-5|SOCS3|GAS6|NECTIN2|PGAP6|PTPN7|GALNT2|CEMIP2|VGLL4|CPNE2|DHCR24|SMAGP|PTGFRN|AP2S1|FURIN|SMAD3|MCM6
SMID_BREAST_CANCER_RELAPSE_IN_BONE_UP	0.0842733908427339	0.457757736623032	-0.410887495143252	-1.28141821373229	507	69	HPX|BCAS1|SEMA3B|RND1|INPP5J|CA12|ESR1|MGAM|MUC1|TMEM101|DUSP4|FGFR3|SIL1|PIDD1|EVL|PGGHG|TTC12|CCNO|NAT1|ACADSB
WP_NSP1_FROM_SARSCOV2_INHIBITS_TRANSLATION_INITIATION_IN_THE_HOST_CELL	0.0843694493783304	0.45803165649523	0.586085997435228	1.40376749809533	379	16	EIF3E|EIF3C|EIF2S1|EIF3J|EIF1AX|EIF3H|EIF1|EIF2S2|EIF5|EIF2S3
GSE14026_TH1_VS_TH17_UP	0.0846260175088312	0.45894251251949	-0.350945551240761	-1.21954716303218	550	157	TGFB1I1|MATN1|IL17B|IL21R|LATS2|TBKBP1|ATP13A1|SOD3|GABRG2|P2RX5|DGCR2|NCAN|SEMA3G|CRLS1|SRM|HMGXB3|ENTPD6|SZRD1|TRMT2A|MOCS3|ZNF354B|FASN|MCRIP2|ZBTB1|HIRIP3|POLR1G|SF3A2|FBXO31|PDCD7|MDK|SLC35C2|ENTR1|CHPF2|LCMT2|LGALS12|SENP3|BCL7A|TRAF3
GSE46606_UNSTIM_VS_CD40L_IL2_IL5_3DAY_STIMULATED_IRF4_KO_BCELL_UP	0.0846286701208981	0.45894251251949	-0.364688433375818	-1.23476087203858	538	125	SLC30A3|METTL27|POU2F2|PYGM|RPH3AL|BMP8B|ELAPOR1|SEMA3F|SH3GL1P1|B3GAT1|LINC01704|RSPH9|B3GNT9|SEMA3G|TBC1D10A|CCDC24|RAB11FIP3|RNF32-DT|FAM83H|GGT7|SIRT6|RGL2|MAP1S|PLEKHH3|FSD1|TMEM92|AP1M1|HBZ|CHRD
GSE43955_TGFB_IL6_VS_TGFB_IL6_IL23_TH17_ACT_CD4_TCELL_52H_DN	0.0848161328588375	0.459259056202819	0.314784529952646	1.18233864678879	285	174	CD44|MMP14|RGS2|GOLPH3|NXN|PTER|VBP1|CPEB2|RNF138|PHLDA1|EGR1|PPP1CB|CGGBP1|ABCD3|PRKAR1A|RTN4|ATXN10|SKIL|GTF2A1|TNKS2|POU3F1|EFNB2|ZBTB16|FGFR1|LAT2|ACSL4|ALDH9A1|NOP58|SOS2|JAK2|PKP2|PELI1|WIPF1|SSB|KIF5B|ATP11A|NAMPT|TMEM230|CLIC4|LSM14A|WSB1|DNAAF10|ANXA5|CHUK|RBBP4|CUL3|PEX5|MFSD14B|RCN2|IL13RA1|BMP2K|CAPZB|PLSCR1|ZFAND5|WRN|KLHL7|TAX1BP1
JINESH_BLEBBISHIELD_VS_LIVE_CONTROL_UP	0.0847997783012332	0.459259056202819	-0.311183459833112	-1.1673356260233	611	339	SLC26A11|ATP2B1-AS1|MC1R|TSC22D3|CYFIP2|H2AC8|BRICD5|LINC00243|MRM2|TIMP3|FGD3|FMC1|ABCA7|CBS|KREMEN2|MAPK8IP3|MINDY1|WFIKKN1|GDF15|DDB2|TNK2|RTTN|SLC3A2|NPIPB13|NRDE2|CUL9|NXF1|SERF2|TUBGCP6|SAC3D1|DCAF11|LONP1|KIFC2|SCRIB|CYP2S1|STC2|FOS|CHTF18|SULT1A2|RPL13A|IER5L|TMEM107|PGF|RHOT2|RECQL4|H4C2|PCED1B|TBCD|TRIB3|TMEM184A|INPPL1|POMT1|HERC2|AKR1C2|YJU2B|H2BC5|MIB2|IGF2R|EID2B|TRMT1|ASNS|HSD17B7|SULT1A1|AFDN|TSKU|CDK11B|GRIPAP1|ATP5IF1|CDK10|INPP5D|CEL|PIDD1|TSSC4|RGS12|ID2|GSK3B|NUDT1
REACTOME_MITOTIC_METAPHASE_AND_ANAPHASE	0.084887459807074	0.459259056202819	0.297532785922285	1.15337569602209	263	231	SGO2|LEMD3|CENPQ|ITGB3BP|PSMC6|PSMC1|KIF18A|PSMD5|PPP1CC|RANBP2|KNL1|CCNB1|SEH1L|PSMA1|PSMA4|ZWILCH|NUP35|NUP107|SUMO1|PDS5A|NDC80|NUP37|PPP2R5E|SPAST|NUP160|PSMD6|NUP133|MAD2L1|CDC27|PDS5B|CENPU|SPDL1|UBE2E1|NUP205|ZW10|VRK2|CDK1|AHCTF1|BUB1|SMC3|TUBB1|VRK1|CHMP4C|PSMD10|PSMA2|PSMA6|CLIP1|UBE2D1|TNPO1|CENPI|CHMP2B|PSMC2|PPP2CA|PPP2R5C|PSME4|ANAPC10|RAD21|NDE1|ZWINT|EMD|PSMD14|PPP2R1B|PSMD11|CKAP5|NUP155|NUP54|BUB3|LMNB1|PSMC5|CENPE|CENPS|CLASP2|DSN1|NDC1|CCNB2|MAPRE1|ERCC6L|BUB1B|KIF2A|KPNB1|DYNC1LI2|KNTC1|NUP58|PSMA3|ANAPC4|WAPL|TAOK1|PPP2R5A|TUBAL3|STAG2|NUP98|ANAPC1|NSL1|TUBB6|BANF1|SPC25|XPO1|NUP43|PSMF1|CHMP3
REACTOME_SIGNAL_AMPLIFICATION	0.0848708487084871	0.459259056202819	0.490433372392125	1.33976977512514	367	27	GNA13|SRC|GNG12|GNAI3|GNB4|P2RY1|GNAQ|PLA2G4A|GNG10
TONKS_TARGETS_OF_RUNX1_RUNX1T1_FUSION_SUSTAINED_IN_MONOCYTE_UP	0.084915800788248	0.459259056202819	-0.561951848424013	-1.37920761161597	473	20	HOMER3|GDF15|EPS8|UCHL1|HSPB1
KEGG_HEDGEHOG_SIGNALING_PATHWAY	0.0849785407725322	0.459350884369778	-0.456417334025728	-1.31516556963862	494	44	WNT11|BMP8B|DHH|STK36|WNT3
KEGG_LEISHMANIA_INFECTION	0.0851027974384901	0.459527638885187	-0.431802323587168	-1.30032638040374	504	56	C3|MAPK13|ITGA4|MAPK11|HLA-DOB|MAPK12|TGFB3|CYBA|FOS|IL1B|TAB1|ITGB1|NFKBIB|IFNGR1
REACTOME_TRANSPORT_OF_MATURE_MRNAS_DERIVED_FROM_INTRONLESS_TRANSCRIPTS	0.0850706925473281	0.459527638885187	0.428678312690534	1.29648173607237	354	43	RANBP2|SEH1L|NUP153|NUP35|NUP107|NCBP2|NUP37|NUP160|CPSF3|NUP133|EIF4E|CPSF2|NUP205|NUP88|NCBP1|RAE1|NUP155|NUP54|NUP50|NDC1|FIP1L1|ALYREF|NUP58
KEGG_CELL_CYCLE	0.085352422907489	0.460380237047488	0.338662309853575	1.21297279116667	309	121	TTK|CDC7|CCNE2|HDAC2|ORC4|CCNA2|SMAD4|CCNB1|SMAD2|YWHAQ|YWHAG|RBL2|ORC2|MAD2L1|CDC27|CDC14B|YWHAZ|RBL1|CCNH|CDK1|DBF4|BUB1|SMC3|CDKN1B|CDK2|SKP1|MYC|RB1|ORC3|ATR|ANAPC10|RAD21|PCNA|WEE1|YWHAH|BUB3|TFDP2|E2F5|SKP2|CDK6|ATM|CDC25C|CCNB2|EP300|BUB1B
ROSTY_CERVICAL_CANCER_PROLIFERATION_CLUSTER	0.0853385562395076	0.460380237047488	0.327766741482153	1.19852649304273	304	139	TTK|CCNE2|DTL|CKS2|TOP2A|PBK|KIF11|KIF20B|CCNA2|CCNB1|DNA2|SMC2|GINS1|ECT2|NCAPG|NDC80|KPNA2|NUSAP1|MAD2L1|CENPU|TYMS|SPDL1|DSG2|CDK1|RRM2|PRELID3B|DBF4|BUB1|KIF15|CA2|RACGAP1|KIF14|NEK2|GGH|STIL|PCNA|ZWINT|ACACA|SMC4|ATAD2|SHCBP1|LMNB1|CENPE|PCLAF|HJURP|CCNB2|ERCC6L|BUB1B|RAD51AP1|TPGS2|DLGAP5|KIF23|MELK|FEN1|NCAPH|HMGB2|POLQ|ASPM|RPA3|BRCA1|NETO2|CDC6|FOXM1|CEP55|CENPA|LRP8
GSE32255_WT_VS_JMJD2D_KNOCKDOWN_4H_LPS_STIM_DC_UP	0.0854966578579201	0.460910554016005	-0.3583076228181	-1.22667396473085	549	137	SLC26A11|MESP2|SLC30A4|ADGRG3|MAML3|SYNM|GTF2I|KHDRBS3|ADAMTS14|TECPR2|SLC35F3|SH3PXD2A|DGKD|DYRK2|CIMIP2B|EME2|C19orf38|BCL9L|RAMP1|FILIP1L|ICAM2|MYO9B|PRF1|TREML2|PRPF40B|PAQR7|CDH24|PDLIM4|RNF145
REACTOME_ACTIVATED_PKN1_STIMULATES_TRANSCRIPTION_OF_AR_ANDROGEN_RECEPTOR_REGULATED_GENES_KLK2_AND_KLK3	0.085548738922972	0.460943768818461	-0.446847677199115	-1.3099996278942	501	48	H4C4|H2AC20|H2AC7|H2AC8|H2BC13|H2BC17|H4C11|H4C3|KLK2|H3C12|H4C14|H3C13|H4C2|H2BC5|H3C2|H2BC12|H2AZ2
CREIGHTON_AKT1_SIGNALING_VIA_MTOR_DN	0.0858222382151853	0.461426688379234	-0.548757658178647	-1.36837673647801	476	22	CIB1|TOM1|MIF|ATP6V1F|PPP4C|CTSA|DHCR7|RGL2|PAFAH1B3|ATP6V0B|PPP2R1A|TUBB4B|PFKL|ATP6AP1
GARGALOVIC_RESPONSE_TO_OXIDIZED_PHOSPHOLIPIDS_BLUE_DN	0.085742525327403	0.461426688379234	0.397572444386354	1.27196285220708	346	59	MEIS1|ELK3|NAPEPLD|MBLAC2|PALMD|LIPT1|NREP|GATA6|FZD2|RBM43|VWA5A|AGGF1|PRMT6|ACBD4
KEGG_MEDICUS_VARIANT_SCRAPIE_CONFORMATION_PRPSC_TO_TRANSPORT_OF_CALCIUM	0.0857015985790408	0.461426688379234	0.584173802828669	1.39918749336826	385	16	PRNP|VDAC1|MCU|CASP3|SLC25A5|VDAC3|SLC25A4|VDAC2
WAMUNYOKOLI_OVARIAN_CANCER_GRADES_1_2_UP	0.0858167770419426	0.461426688379234	0.332031630700562	1.20605681553312	310	132	SLC35A3|GPR160|CLDN23|C3orf52|S100A14|GOLPH3|ABCC3|CD164|CPD|DOK4|ABCD3|ETNK1|FNIP2|ECT2|SH3BGRL2|ATP1B1|H3-3A|SAR1B|PERP|RASSF6|SYTL2|ELL2|MYO6|KCNK1|PLS1|CMPK1|NME7|EPCAM|CD24|SEC24A|ACBD5|NET1|CHMP4C|ELOVL6|CA2|TNPO1|PDIA3|SFXN1|TMEM181|BZW2|CCNDBP1|FDFT1|FZD5|VSIG10|GGT1
GSE13306_TREG_VS_TCONV_UP	0.0862042798603734	0.462984783969196	-0.347025263162539	-1.21412198705048	567	165	ASCL2|TAGLN|SYPL2|RGS20|CATSPER1|BMP8B|MS4A13|EPB41L1|MYO16|HBB|EVI5L|SH3PXD2A|FXYD1|TEF|GABRG2|HSF2BP|ZNF462|SMPD3|ZNF575|TTYH2|CAMKK1|TIMP1|ZDHHC23|TRPC3|TRPM1|FRMD6|BCL9L|CCDC57|RAMP1|ALDH8A1
REACTOME_TRIGLYCERIDE_CATABOLISM	0.0861613045394447	0.462984783969196	0.591429645117813	1.39621804316298	390	15	PPP1CB|PPP1CC|FABP6|FABP9|ABHD5|FABP5
GSE42724_NAIVE_BCELL_VS_PLASMABLAST_DN	0.0863417569193743	0.463227448400149	0.310446121226672	1.17191680947861	286	182	CNRIP1|TNFSF12|TM6SF1|TSPAN32|HSPBAP1|RTL6|ZNF362|TGFBR2|LST1|CPNE8|SNX18|DOK2|C17orf100|TET3|C1orf162|DCBLD1|PDE3B|STARD9|EIF4E3|AP1S2|MRTFB|MEF2C|TMEM168|ZNF555|ZNF641|CHPT1|CAPN2|RHOBTB1|SNX24|DENND4C|ZNF441|AP3S1|CNOT7|RCBTB2|OTULINL|PLA2G4A|SLC25A48|FCGRT|LRRC8C|RTN3|MCU
GSE6875_TCONV_VS_TREG_UP	0.0862989323843416	0.463227448400149	0.313539908363897	1.17916056716783	290	175	ALX4|CD83|NKIRAS1|ABHD13|LURAP1|STAP2|AMN1|VPS26A|DCBLD1|SLC25A46|STXBP3|HACE1|MOSPD2|ZNF8|RPAP3|NAB1|GRPEL2|RBM4B|CPSF3|PERP|SERINC4|TMED6|PTPN14|RUNDC3B|TNS4|USP33|C1GALT1|RAP1A|TMF1|TRIAP1|KLHL8|TSTD2|SQOR|ACER3|MBNL1|PHTF2|DDX5|CELF2|ZNF451|PYGL|EPCAM|ATE1|KDM6A|ATG12|STARD4|STXBP4|TPP1|TMED8|BRWD3|NT5DC1|BMP2K|TRIM59|IMMP2L|TRAPPC11|POLR3G|POT1|PNPLA8|DRG1|MTMR9|OPTN|IMPA1|SLC35F5
TAVOR_CEBPA_TARGETS_DN	0.0863892806770099	0.463234828758454	-0.525257617297251	-1.35292339859838	489	25	MC1R|GAL|AKR1B1|TBXAS1|ISG15|LYL1|ITGB5|ICAM2|THBD|RIN1|GATA2|ZBTB48
REACTOME_SIGNALING_BY_ALK	0.0864852398523985	0.463501781974574	0.4890890587702	1.33609736851431	374	27	PTPN6|SRC|HIF1A|HDAC2|PIK3CA|CD274|JAK3
WU_APOPTOSIS_BY_CDKN1A_VIA_TP53	0.0865969350522987	0.463852739623786	0.410892528779704	1.28096666477571	355	51	TTK|CCN1|ANLN|PBK|NPM1|CCNB1|SMC2|NCAPG|TYMS|SPDL1|CDK1|BUB1|RRM1|MIS18BP1|BIRC2|RACGAP1|P4HA1|HMGB1P5|ATAD2|HNRNPA2B1|EXO1|KNTC1|DLGAP5|WDHD1|HMGB2|ASPM
GRABARCZYK_BCL11B_TARGETS_DN	0.0866797257590597	0.464048579823702	0.40790496581963	1.27998798788916	353	53	SGPP1|SCFD2|ETV5|PPP3CB|TMEM225B|CHRNA3|SLIT1|SLC40A1|BICD1|SHTN1|UBE2V2|TMED5|STAU2|NAA50|CNOT6L|GSTCD|GOLGA7|OPN3|ALDH1A2|GTDC1|TFDP2|GALNT6|FAM98A
GSE43863_TH1_VS_LY6C_INT_CXCR5POS_EFFECTOR_CD4_TCELL_UP	0.0868523510032944	0.464724893054941	0.306533909587362	1.16586647481867	289	190	AJUBA|SGO2|MX2|CCL5|FBXW8|DEPDC1B|DTL|LAMP2|CNIH1|DARS1|ANLN|ZNF518B|ENTPD7|FNDC3B|PSMA4|FBXO44|HPRT1|GINS1|WSB2|ECT2|COPS3|SAR1B|FBLN1|RAB19|KIF3A|RPS27L|EIF5A2|CKAP2L|VDAC1|RPE|VWA5A|POGLUT3|RFC5|BMPR1A|CHSY1|PPFIBP1|IFT70A|FAR1|FH|PSMA2|STMN1|GTF3A|SNRNP35|GPI|HSD17B12|LRRC40|SEPTIN11|RYK|IQGAP3|CDCA2|UBE2V1|CENPE|CENPS|PACRGL|KNSTRN|BLMH|TNFSF9|DRG1|RBBP7|BAK1|RNASEH2B|KIF2A|RAD51AP1|VIM|GTF2H5|UFSP2|KIF23|MRPL45|NAP1L1|ABCB9|IFT43|NELFCD|ASPM
GSE32423_CTRL_VS_IL7_MEMORY_CD8_TCELL_UP	0.0869098712446352	0.464784916118086	-0.349765161075382	-1.21683260223122	566	158	PCNX1|KLC4|C3|CLDND2|EXOC3L4|SVEP1|MARCKS|DHH|FNDC11|LZTS3|SYNGR1|DEGS2|COX14|LRFN1|GABRG2|SLC22A13|HSD17B10|MCAM|C15orf62|ARHGEF26|PRSS53|H1-7|TMEM184A|GUCA1B|FBXO41|SPATA7|TMEM79|HEMK1|COX16|SETD1A|PTGES2|KAZN|ZNF213|SENP3|PMP22|SRF|MCM3|POP7|SNAPC2|PLCD1|ASTE1|CREB5
GSE45365_CD8A_DC_VS_CD11B_DC_IFNAR_KO_DN	0.0869822485207101	0.464924286821559	0.313851146052307	1.17790896533666	293	173	UQCRB|CHN1|ZFPM2|RNF139|CYP26A1|REC8|NAA30|UAP1|TNFSF13B|FAM13A|PPM1A|ZFAND1|HSPH1|ZNF16|SP3|DCAF13|STYX|MRPL50|METTL21A|KLLN|TANC1|TEX11|TXK|TMEM74|DLAT|CAB39|PCMTD1|PLPBP|TRMT11|TSN|FAM91A1|EBAG9|ASCC3|PTK2|TARS1|NDUFAF6|KCTD9|HSPD1|PRR3|TMEM237|SEPTIN2|CHMP4C|CYRIB|RIDA|TMED8|DUXAP9|GCNA|RAD21|ARFGEF1|NSMAF|VPS37A|PRPF40A|PSMC5|FABP5|ZNF318|HJURP|PNMA8A
GSE3720_VD1_VS_VD2_GAMMADELTA_TCELL_WITH_PMA_STIM_DN	0.0870605833956619	0.465095335883797	-0.339423953150968	-1.20495161858645	581	188	MSH5|TEP1|TSC22D3|NAGK|ARSA|FAM193B|DDB2|TMEM175|MAPK11|CACFD1|COX14|PDE6D|AFAP1L1|PDLIM7|HSD17B10|APH1B|HAGHL|CCNL2|KATNB1|HMGCL|SIRT7|MAGED2|SH3D19|USP20|LIN7B|SLC12A7|LRRC20|KMT5C|KLC2|TMEM87B|STOX1|FBXW4|CCDC61|ACAA1|CNPY3|PPOX|TMED4|HDAC5|DGUOK|ID2|MFGE8|NUDT14|PRICKLE3|NMNAT1|ZNF219|EHMT2|ECH1|FHIP2A|RFXANK|ITPR2|SURF1|DNAJC4
GSE17974_IL4_AND_ANTI_IL12_VS_UNTREATED_1H_ACT_CD4_TCELL_UP	0.0871588089330025	0.465124999505305	-0.355310299625905	-1.22033938087447	561	141	NFKBIZ|KLC4|FARP1|ELOVL3|TLX1|CNTNAP3B|SYCE2|MAPK8IP3|PPP1R14A|LINC00852|PTH2|CLCN2|SOX11|CAGE1|PTGIR|UNC13A|LINC02609|NFIL3|SV2A|CDKL5|AXIN2|PCED1B|YPEL1|CTSA|CCL26|LINC00115|KLK13|GGT7|CC2D1B|TSC22D4
GSE22611_UNSTIM_VS_6H_MDP_STIM_NOD2_TRANSDUCED_HEK293T_CELL_DN	0.0871132472213878	0.465124999505305	0.311288325949924	1.1734355977115	289	180	ZC2HC1A|CD44|MEX3C|CD40|ZNF107|MMP14|ZNF573|PAOX|ALDH1L1|SLC27A3|CETN3|CCNE2|SRC|PLD1|CCRL2|UBA5|ORC4|PPIP5K2|SMG7-AS1|PLAA|IDH1|PLPP3|P2RX7|RCBTB2|PLCH1|SLAMF7|XCL1|ERCC8|DUSP10|INSIG1|CIR1|FCGR2C|RABL3|GTF2E1|SCAPER|PYGL|RABGAP1L|ENSG00000291006|MRPS30|CMAS|TPP1|RPS24|ATP13A3|TTLL4|ATR|IL13RA1|ZNF721|RAB1A|OSBPL3
GSE3982_BCELL_VS_TH1_UP	0.0873303167420814	0.465792624578647	-0.343093701004275	-1.20790318131832	578	175	SPIB|TAGLN|STS|NDST2|RAP1GAP2|CCDC170|CRIP2|RAPGEF5|ZCWPW1|MUTYH|MYO16|LPCAT3|B3GAT1|DGKD|TCL1A|S100A5|DUS2|HPS1|TMEM8B|PIK3IP1|PPM1F|SPINT2|MAGED2|IRS2|AMPD2|MZF1|C11orf21|SLC6A16|KCNE5|DLK1|ZNF329|LYL1|USP36|CNPY3|SIDT2|GNB5|VPS11|RGL2|PDLIM4|TUBB2B|GIT2|REPIN1|TMUB2|KYAT1|ENTR1|GUSBP11|RNASET2|LCMT2|ABCD4|MAGEC1
WOTTON_RUNX_TARGETS_UP	0.0874831763122476	0.466360129486108	0.556655766502037	1.3787228001723	389	18	ST3GAL5|ANGPTL4|KHK|UGCG|SLC40A1|WWP2
DASU_IL6_SIGNALING_UP	0.087799123693967	0.466666666666667	-0.429547966265354	-1.29353762514171	520	56	ANPEP|EMILIN1|ENG|IFI30|SREBF1|MMP1|COL6A1|IER3|SORBS3|AGRN|CEBPB|MGRN1|PLEC|TAPBP|FASN|HSPA1A|IRF9|GAS6|LY6E|ENTREP3|TMEM158|FCHO1
GSE18281_SUBCAPSULAR_CORTICAL_REGION_VS_WHOLE_CORTEX_THYMUS_DN	0.0876391664287753	0.466666666666667	0.322534841036445	1.18791529938414	306	150	FBN1|IFIH1|GNAT2|PPP2R3A|DHX58|CUEDC1|ASB9|FGF13|NUDT13|DERA|ALG6|ABCD3|GDI2|IPO7|PUS3|RDX|DAPK2|ADD3|SP3|CTSF|FBXO3|GABBR2|RNF115|ZNF33B|LIPC|FBP2|GJC1
GSE22611_UNSTIM_VS_6H_MDP_STIM_MUTANT_NOD2_TRANSDUCED_HEK293T_CELL_UP	0.0877828054298642	0.466666666666667	0.308509040149782	1.16772248439214	290	185	PRNP|LPXN|DPF3|S100A14|MMP14|PPP1R3D|KIN|BMPR2|KAT2B|ZNF675|ARL5A|ABCC3|SHLD2|MME|BMI1|SCAF8|TOB1|SLK|UBASH3A|CAMTA2|RP2|HECA|PLPP3|ABR|SLAMF7|VWF|TGFBI|TPTE|SERPINE2|BEX3|DUSP10|C1orf54|XKR8|CMPK1|GTF2E1|CELF2|B3GNT2|VIPAS39|ACTR10
GSE37301_CD4_TCELL_VS_RAG2_KO_NK_CELL_UP	0.0878661087866109	0.466666666666667	0.329828873325725	1.198470800776	314	134	ZC2HC1A|FSD1L|SLAMF6|EFCAB7|SPRED3|CCL5|RNF11|RNF43|EGLN3|SLC25A46|IL18R1|CEP162|KIF20B|RGS9|TNFSF13B|CIBAR1|FNIP2|IFIT3|SCP2|TTC14|CHIC1
GSE5099_MONOCYTE_VS_ALTERNATIVE_M2_MACROPHAGE_UP	0.0876463339494763	0.466666666666667	-0.351004652172561	-1.2160170392321	568	153	BCDIN3D-AS1|KLHDC7B|PTOV1-AS1|DHRS12|RCAN3|DGAT2|GLB1L2|P2RX4|DDB2|EREG|IZUMO4|GAS5|IFI16|A2ML1|HSF2BP|ENSG00000257711|STYK1|ZNF771|LSR|RIPOR1|NRTN|LINC02481|ZNF593|CYP2F1|SNHG17|RPS6KL1|C1RL-AS1|SWSAP1|ABHD12|MAP4K2|PDRG1|POLR3K|SNX8|DEF8|C19orf47|DDX31|SPATA24|SNHG12|TMED4
ONDER_CDH1_TARGETS_3_UP	0.0878501273190251	0.466666666666667	-0.5947121245319	-1.38003951600702	482	16	TCEA2|TSC22D3|CRIP2|STC2|MAGED2
REACTOME_EUKARYOTIC_TRANSLATION_INITIATION	0.0877054361567636	0.466666666666667	-0.368052563848931	-1.23549451826185	554	117	RPS21|RPL28|RPS28|RPS20|RPLP2|RPS29|RPL23|UBA52|RPS9|RPL18|RPL13A|FAU|RPL38|RPS18|RPS15|RPS10|RPS16|RPS2|RPLP1|RPL27|RPS23|RPL10|RPL36|RPS27|RPL37A|RPSA|RPS11|RPS26|RPS12|RPL3|RPL35|RPL8|EIF2B5|RPS5|EIF4G1|EIF2B4|EIF4A1|EIF4EBP1|RPL35A|EIF3K|RPS14|EIF3B|RPS17|RPL26L1|RPL23A|RPL41|RPS13|RPL13|RPL27A
GSE39110_UNTREATED_VS_IL2_TREATED_CD8_TCELL_DAY6_POST_IMMUNIZATION_DN	0.0879253236976814	0.466734214319051	0.309326958499595	1.16863165278092	291	183	CD83|SLAMF6|TSPAN32|EGR3|PDK1|GABRR2|ATP6AP2|TCF7|EGLN3|HIF1A|CTSS|ZNF518B|ZNF608|TBC1D2B|PPM1B|PLCL1|AKAP12|ST8SIA6|USP6NL|TSPAN13|EPB41L5|ATP1B1|BCL9|MRPS6|PEAR1|P2RX7|NIPAL1|GLIS3|MTSS1|TOX|EGR2|ATP6V1D|DUSP10|LDHB|NATD1|PANK1|ADK|MYB|FAM3C|LUC7L2|HACD3|HMGN3|SEMA7A|ZNF217|TTC3|LRRC23|SMPDL3A|GLTP|ARHGAP5
REACTOME_GLYCOGEN_METABOLISM	0.0879812882331774	0.466784445710695	-0.547490431972994	-1.36521679358915	488	22	GAA|PYGM|EPM2A|UBA52|UBB|PHKG1
GSE37301_CD4_TCELL_VS_RAG2_KO_NK_CELL_DN	0.0880782918149466	0.467052241541698	0.313276018938858	1.17816813208764	296	175	VAV2|DOP1B|CD44|GPR158|SERINC5|HSPBAP1|SLC49A4|BMPR2|LGALS3|DNASE1L1|YIPF1|ARHGAP23|CPEB2|GNAQ|EGR1|TAF9B|FBXO30|CAPN2|ERCC6|SLC44A1|ETV5|PROS1|ABCB10|RAP2A|KIT|SQOR|SOCS2|SOAT1|QSER1|ACLY|VRK1|BRAF|SECISBP2L|GLUL|ATP13A3|GALNT1|LPCAT2|ITPRIPL2|GLT8D1|NCOR1|SNX29|ATP6V0E1|RIPK1|E2F5|PTPN9|SH3GLB1|NEB|ARID1B|POMT2|VIM
GSE11961_MEMORY_BCELL_DAY7_VS_GERMINAL_CENTER_BCELL_DAY7_UP	0.0882264378199337	0.467238256824768	0.309290796056953	1.16849503172688	292	183	AJUBA|ELK3|ZC2HC1A|BICDL1|NAPEPLD|BMPR2|MEMO1|EXOC5|SCOC|PDE3B|PLD1|CPEB2|VSIR|FNIP2|UBASH3A|RBL2|RNF182|UGCG|ICA1L|MYOM2|SLC2A10|COPZ2|C8B|RUNDC3B|KIT|TXNDC9|ICA1|RAP1B|SOS2|ABHD14A|SLC20A1|KLHDC2|COPS5|ATP11A|CDK2AP1|PARD6G|DRAM1|ANKRD50|CNOT6L|ARRDC4
GSE17721_0.5H_VS_8H_GARDIQUIMOD_BMDC_DN	0.0882530120481928	0.467238256824768	0.308100688869835	1.16729011952804	292	186	DPYSL2|NLGN2|CCNG2|NUS1|GPR85|CFL2|CCL2|HLA-B|USP25|CAVIN4|EIF3E|HDAC2|PPP1CB|CLK4|RIMOC1|CD80|RGS9|MYNN|LYSMD3|SATB2|OPA1|ZFYVE16|PDS5A|MAPK8|ARL1|ITPRID2|TBPL1|FEM1B|RBM7|HK2|SNX4|OSTF1|MAD2L1|CNOT7|P2RX7|IFITM10|KCTD14|ACSL4|USP47|UFM1|JAK2|YTHDF2|RBL1|OSGIN2|CERT1|PAPSS1|SLC30A7|NAMPT|BECN1|SMIM3|GOLPH3L|GABPA|ATP2A2|HCN2|IKBKE|HECTD1|PPP2CA|EFR3A|PIAS1|AMFR|TAX1BP1|HERC4|PSMC5|OTUD4|ZRANB2|SPOP
GSE39820_CTRL_VS_TGFBETA1_IL6_IL23A_CD4_TCELL_DN	0.0882440921328148	0.467238256824768	-0.339357225746399	-1.2037452829266	589	187	SLC30A4|PCBP4|RNASEK|AHRR|SMPD1|CXCL1|TPBG|PPM1J|BCAR1|MIIP|ITGA7|SAC3D1|ATP2A3|SDR39U1|TAF6L|ARHGEF10|AREL1|GNA11|MED10|BIN3|TRMT112|CTSD|RPS18|RASSF7|CDIPT|CERS4|UCP2|RGS19|MUL1|MED19|VARS1|SMIM14|GLMP|FKBP2|GPR180|PLPP5|NEK6|KYAT1|PCK2|NCBP2AS2|PMP22|CPT1A|GFER|ATXN7L3|SCPEP1|KAT5|THRA|EIF4G1|TUBA3C|STARD5|SNAPC2|MAEA|PNPLA2|CCDC107|ERGIC3|TCF25|UBL4A|ASPSCR1|CLPTM1|ARFIP2|YARS1|USP22|TRIP10|MEN1|SPI1|YIF1B|NOP9|TTC7A
FEKIR_HEPARG_SIDE_POP_VS_HEPARG_UP	0.0883534136546185	0.467523229449162	-0.388645967072556	-1.25361412728516	549	86	KIF23-AS1|FSTL3|GNRH1|PIEZO1|LCAT|HES4|LAMA5|SMTN|PDLIM7|TMEM160|TMEM44|HSPG2|MAFK|UNC13D|DGKA|AFDN|UBALD1|DOT1L|ITGB1|TAPBP|SLC5A3|SNHG12|FLNB|CACNB3|ITGA5|FAT1|RHEBL1
GOBERT_CORE_OLIGODENDROCYTE_DIFFERENTIATION	0.0885184315567035	0.467765630429553	0.453093062301265	1.31238690458951	376	35	RGS2|CCNG1|TP53INP1|RNF13|SORBS1|ELMO1|INPP5K|IL6R|PAK3|RAB2B|BCAS3|IKBKE|BRWD3|UGT8|NUMB|CDK6
LI_ESTROGENE_BIDIRECTIONAL_E2_RESPONSE	0.0885155871426264	0.467765630429553	-0.394522899579913	-1.26282925599825	547	81	UBL3|STX11|VASN|DYNC2H1|FZD7|RPGR|GDF15|ZC3H12C|IFIT2|MFSD2A|IER3|MUC1|DUSP4|ISG15|DHRS3
WP_2Q13_COPY_NUMBER_VARIATION_SYNDROME	0.0885390214999154	0.467765630429553	-0.435498717064692	-1.29497837749583	522	52	POLR2L|POLR2F|ZC3H6|CSF2|NT5DC4|IL1B|POLR2E|MERTK|TMEM87B|POLR1C|IL23A|POLR1H|MIR4435-2HG|POLR1G|SOCS3|PSD4|GAS6|POLR1A|CHCHD5
NIKOLSKY_MUTATED_AND_AMPLIFIED_IN_BREAST_CANCER	0.0886301148309882	0.467898139695794	-0.395511149755656	-1.26422693208876	547	80	AHRR|ATRN|HEPACAM2|NDUFA3|PANX2|DYRK2|RIMS2|MYH7B|JMJD8|PUS1|CSNK1D|FANCA|MYO9B|ARFRP1|ZNF569|PCNT|HCN3|BLTP2|ZNF707|PIGS|VPS13B
REACTOME_SENSORY_PROCESSING_OF_SOUND_BY_OUTER_HAIR_CELLS_OF_THE_COCHLEA	0.0886573283225145	0.467898139695794	-0.452126618650143	-1.309756308708	518	45	ESPN|EPB41L1|LHFPL5|WHRN|EPS8|CHRNA10|TRIOBP|CDH23
GSE17721_POLYIC_VS_GARDIQUIMOD_2H_BMDC_DN	0.0888286660644384	0.468100310990538	0.309258707268249	1.16837380086371	294	183	PITPNC1|MGARP|TM6SF1|PPP2R3A|DNAJC24|CKS2|CCRL2|MEF2A|DHX40|GNAQ|SGPL1|DDX19B|MAPK6|RNF103|STT3A|TFB2M|TNFAIP8|PROCR|HSPH1|MAPK8|ARL1|NUP160|COP1|AP5M1|DDHD1|SNX4|EIF2B2|PAX5|LDB3|BICD1|EIF4E|RAP1B|RRP15|INTS12|HERPUD1|TMED5|NFE2L2|CSRP1|LAMTOR3|SHD|AP1G1|NAMPT|PTK2|KCTD9|SMIM30|UBE2D3|PRPF39|RIOX2|SCG3|BAG2|HOXB7|PMPCB|SERINC1|MRPL3|PRXL2A
GSE24634_NAIVE_CD4_TCELL_VS_DAY7_IL4_CONV_TREG_UP	0.0888054094665665	0.468100310990538	-0.338238235534147	-1.20178146768121	590	191	SMAD7|CYFIP2|MGAT4A|RPL28|ABCA7|PPFIBP2|SPPL2B|FLT3LG|LPCAT3|TSPYL2|REX1BD|DBP|NXF1|SGSH|SPSB3|ZNF516|ATG9A|SPECC1L|FOS|PIK3IP1|RHOT2|LRPAP1|AKAP8L|MAD1L1|SUCO|SEMA4F|ZC3H12A|YJU2B|ZNF329|GAL3ST4|DGAT1|BRD9|RFX1|KANK1|PCIF1|FBXW4|ACACB|CDIPT|SLC25A16|ZBTB20|PDP1|SAP30BP|ZNF263|PRKAB2|PER1|TSC22D1|FLNB|XPO6|KLF13|PGGHG|E4F1|KLHL21|ITGA5|SMURF2|MTCH1
YAMAZAKI_TCEB3_TARGETS_DN	0.0888355342136855	0.468100310990538	0.311448523558601	1.17303765734963	295	179	TTC39B|AKTIP|LGALS3|GLI1|TCF7|SIX4|HAT1|SWT1|CKS2|VBP1|TOP2A|TP53INP1|G2E3|KIF11|CUL4B|SLC25A40|BCLAF3|STAG3|CBX7|ECT2|GCLM|KPNA2|NUSAP1|SPP1|SYCP3|LDHB|SLC20A1|KCNK1|GOLGA4|VDAC1|FXR1|DSG2|RESF1|ITM2A|RFC5|EPCAM|CUL2|DBF4|ACLY|PABIR2|ALDH2|PSMA2|CMAS|MEG3|ANXA1|IPO5|MTF2|NEK2|ARL4A|PARK7|HMGCS1|PSIP1|SPRED1|CWF19L2|ESCO2|HSP90AA1|ADH5|ZFAND6|TFRC|FDFT1
GSE21063_3H_VS_16H_ANTI_IGM_STIM_NFATC1_KOBCELL_UP	0.0891356542617047	0.469435308226124	0.311191240269245	1.1720686272718	296	179	TSLP|FEM1C|ZBTB26|AGO4|FBXO2|CPNE8|FGD4|BMPR2|CNR1|EGLN3|UBR3|ERI2|RAB29|BNIP3L|AP1S2|MEF2C|BMI1|CAPN2|GAS2L3|SLC44A1|PRRG1|GPR183|FBXO15|OTULINL|NREP|FGFR1|CLMP|BEX3|PLXNC1|ATL1|SLC40A1|UBE2E3|ZNF449|PKP2|MORF4L2|TLR5|NARS1|SSR1|RPRD1A|ADAM10|ATP2A2|MYC|ELOVL6|TUT4|GLUL|TTLL4|CD93|CSAD|BAIAP2L1|HSP90AA1|DDX20
GSE20727_CTRL_VS_H2O2_TREATED_DC_DN	0.0893770689136323	0.47021332167455	0.308331377039071	1.16635483275672	296	184	PCYOX1L|BICDL1|PTPN6|DOP1B|NAPEPLD|TSPAN32|MX2|POU6F1|STXBP3|MEF2A|L3MBTL3|PTGS1|PTBP3|AKAP11|FMNL3|TNFAIP8|NEXN|UTRN|WASHC4|ADD3|LRPPRC|EPB41L5|FCRLA|PPP2R5E|RAB11A|IFIT3|JAK3|LAT2|CR2|ZNF850|CRBN|ZFP14|DOCK11|CELF2|ABCA15P|ZDHHC2|KRBOX4|PTK2|SMC6|TASOR|PPM1K|STX7|TMED8|SPG11|FBXW11|PSIP1|BTF3L4|PAPOLG|MYCBP2|HERC4|BTG1|PHKA2|PFDN5|DOCK2|RNF130|RNASEH2B|SORD|ZC3HAV1|MAP4K5|MIR600HG|ARHGAP25|TFEB|PAQR8|CCDC93
REACTOME_SENESCENCE_ASSOCIATED_SECRETORY_PHENOTYPE_SASP	0.08935207626434	0.47021332167455	-0.382975534077216	-1.24590145608401	552	93	H4C4|H2AC20|H2AC7|H2AC8|CDC26|ANAPC11|H2BC13|H2BC17|H4C11|H4C3|UBA52|H3C12|H4C14|FOS|CDKN2D|UBB|VENTX|H3C13|H4C2|MAPK7|H2BC5|H3C2|CEBPB|H2BC12|FZR1|H2AZ2|ANAPC2|EHMT2
ACEVEDO_LIVER_TUMOR_VS_NORMAL_ADJACENT_TISSUE_DN	0.0897005113221329	0.471041445270988	-0.32882839377429	-1.18858563286337	613	223	OGDHL|PCNX1|RAB26|ANPEP|C3|CYFIP2|PLXNB1|PIEZO1|DGAT2|SNORC|ANKRD33|MT2A|AXL|MLXIPL|ACADS|LCAT|C2orf42|TNFRSF21|RAB33B|NRDE2|MFSD2A|CXXC1|IER3|LRRC75B|CCND1|PNMA3|FOS|SPINT2|STAB1|SHFL|HMGCL|ZNF593|INHBE|LTBP4|PMPCA|TRIP6|MACROD1|CTSD|MBD3|ENO3|CERS4|PAQR7|ACAA1|VKORC1|NSMF|CLUH|RAP1GAP|ARMC6|ACADVL|SYMPK|PGGHG|RCN1|DCUN1D3|NOCT|DUSP5|ZBTB48|DCPS|ACP2|LY6E|ASB1|PINK1|CHMP7|ACCS|F12
GSE27786_LIN_NEG_VS_NKCELL_UP	0.0896510228640193	0.471041445270988	0.30942945294697	1.16807894337181	297	182	TCEAL1|NUDT12|PRNP|MATCAP2|SGO2|SCRN3|SLC30A10|PECR|BACE2|ANGPTL4|HS2ST1|MRPL42|RHOBTB1|LRRC28|UBASH3A|TRIM13|MFSD4A|CFAP418|SMARCA5|COPS3|MGMT|PAX7|CDH7|EIF4E|RRP15|TCEAL9|PSMG2|TIPIN|LRP12|CDK1|HSPD1|TUBB1|VRK1|SCG3|DNAAF10|RCOR3|SKP1|CLNS1A|ANP32B|CLPX|SUCLG1|AGBL5|HELQ|GARS1|MPHOSPH6|NUP155|PSMC5|PCLAF|CCDC150|GPSM2|KNTC1|ZC3H14|RPRD1B|DYRK3|WNT10B|RLIG1|FASTKD5|PHTF1|SLC7A6|ADD2|SETD6|INTS9|ARHGAP21|G3BP1|PPP5C|EIF3L|ACSL3|LRP8|TBRG1|MRPL48|PITHD1
GSE360_T_GONDII_VS_M_TUBERCULOSIS_DC_DN	0.0897221800516168	0.471041445270988	-0.34708719572446	-1.21258094916375	590	162	ASCL2|TSC22D3|CD14|TIMP3|GFAP|DHH|APOL1|PSMB9|LAMA4|TAP1|LCAT|ADGRE5|VILL|BTN3A1|UBA7|IFI35|ATP1A3|MNDA|N4BP2L2-IT2|QRICH1|TRIM10|HFE|LGALS3BP|FOS|ARHGAP26|KCNJ15|IGHA1|MAFK|GUCA1B|KIF5A|SP100|NSDHL|MICB|BRPF1|NEDD8|UGDH|YKT6|AKT2|CEP170B|HSPA1A|SMURF2
KEGG_REGULATION_OF_ACTIN_CYTOSKELETON	0.0896551724137931	0.471041445270988	0.306189019453715	1.16339578134578	298	189	VAV2|ITGB7|MYL9|EGF|FGF5|ITGB4|GNA13|MYLK3|CFL2|GNG12|FGF13|PDGFB|PPP1CB|PIK3CA|PPP1CC|ROCK2|PIKFYVE|RDX|PPP1R12A|RRAS2|VAV1|MAPK1|PAK3|FGFR1|BDKRB1|MYLK2|MYL12B|NCKAP1|SOS2|RHOA|ROCK1|PIP5K1B|LIMK1|ITGA2B|NRAS|SCIN|ARPC3|ARHGEF12|PTK2|PIK3CG|BRAF|PFN1|TIAM2|WAS|APC
PID_IL8_CXCR1_PATHWAY	0.089838337182448	0.471404719622276	0.499373180409108	1.33463696503243	388	25	CXCL8|PLD1|RAB5A|PIK3CG|PLCB1|GNAI2|PRKCB|GRK2
GSE22443_NAIVE_VS_ACT_AND_IL12_TREATED_CD8_TCELL_UP	0.090170103868734	0.47162374969817	-0.336960360479922	-1.19829777720389	598	193	GZMM|FES|POU2F2|ADGRG3|C1QTNF12|ENG|RAB34|FICD|AXL|TLR6|GRN|BSG|SLC3A2|MRPL41|D2HGDH|CD48|RRBP1|WDR46|LAGE3|LMAN2|AURKB|TOM1|STAB1|FAU|PLOD3|DHRS3|ARHGAP39|TSEN34|NOP10|PHRF1|GNS|CENPV|STAG1|CYBC1|EVL|GLMP|FRRS1|AP1M1|SKI|NCBP2AS2|DNMT1|ACP2|MR1|CDV3|ADISSP|ATXN7L3|PDXK|PINK1|ZDHHC14|THRA|GNA12|EPB41L2|MGAT1|MSRB1|GATA1|TLN1|PLEKHO1
GSE23568_CTRL_TRANSDUCED_VS_WT_CD8_TCELL_DN	0.0902559497081275	0.47162374969817	-0.339166263396219	-1.2016933830494	602	183	CCR7|NDST2|ELOVL3|IRF7|ZNF467|TAP1|ACAP1|SLC29A1|OTUB1|UBA7|NBEAL2|ATP13A1|GTF3C1|SUN2|KLF7|NSG2|PRKCSH|FYN|ACTN2|PPP4C|KCNAB2|KLK8|FAS|ACP6|KCNE5|ROM1|ISG15|ICAM2|CTSD|KCNN4|MED24|DGKA|CDK2AP2|GPSM3|AGRN|BOP1|TRPC4AP|SGK1|NR4A1|RANBP3|WDR83OS|UNC45A|PACSIN1|EVL|ID2|REXO5|TNIP1|CD3D|STUB1|SH2D2A|PITPNM1|ABHD8|DTX2|ATXN7L3|EIF2B5|MCM7
GSE32423_MEMORY_VS_NAIVE_CD8_TCELL_UP	0.089980173859997	0.47162374969817	-0.34737084528606	-1.21199406518422	589	161	ACKR1|PLAT|PIEZO1|PRKCZ|TBKBP1|ANKH|PPM1J|PTPDC1|RPP21|ROGDI|ECI1|RGL3|CLDN12|GPC1|HPS1|LSR|SPINT2|NFIL3|EFNA1|CA12|ST8SIA5|NRG1|ADAP1|INPPL1|KCNK6|DIRAS1|MACROD1|ACSBG1|ASNS|SDF2|NACC2|RHOB|CEBPB|SNX8|CLSTN1|VKORC1|GLMP|CAPG|FAT1|TMC8|OR51B4|S100A6|TSPAN31|GCAT|NECTIN2|CSTPP1|DNAJC4|SPAG16|CPNE2|NEFH|ANKZF1|ARSB
GSE557_WT_VS_CIITA_KO_DC_DN	0.090146750524109	0.47162374969817	0.305778748629893	1.16299430695773	300	190	DNAJB2|ITGB7|LNX2|FOXA1|PGAP1|GNA13|RGS2|MAP3K9|RYR1|HVCN1|HMGN5|CPEB2|RASGRP4|ARIH1|HIC1|AFF4|YES1|RSRC2|MXI1|SORBS1|MEX3B|INTS6L|SKIL|TRIB1|ERP44|IDH1|SLC38A2|TMPRSS13|MTSS1|IL6R|RASSF6|SYT11|TMEM176A|KCTD14|TMEM176B|FCGRT|RAP1B|APPBP2|LITAF|LRRC8C|SERTAD1|PLS1
LINDGREN_BLADDER_CANCER_CLUSTER_1_UP	0.0901907356948229	0.47162374969817	0.342925858634556	1.2151815608367	330	112	TCEAL1|FOXO1|ABITRAM|PGAP4|PLD1|HEMGN|PSMD5|PPP6C|CIBAR1|SNAPC1|BBS1|RIC1|MRPL50|ERP44|ESD|SERPINB5|CASP8AP2|GNPDA2|GNG10|SKAP2|TGFBR1|MOB3C|PYGL|MED7|RPL6|ATAD1|PHF3|ANP32B|TMEM245|GALNT1|NMRK1|RAB14|NT5DC1|PRXL2A|STX17|FABP5|FUBP3|PNRC1|PRKCQ|CAST|TMX4|RBM12|FDXACB1|CORO2A|TBC1D4|ATP6V1G1|TM2D2|GSTO1|RBM18|SNHG29|WDR41|STX3|FOXM1|XPA|EIF3L|TMEM268|CBR4|TMOD1|FBXW2
NABA_PROTEOGLYCANS	0.0901875901875902	0.47162374969817	-0.576504525821425	-1.37808422663708	499	18	PRG2|HAPLN2|HSPG2|DCN|NCAN
REACTOME_DEADENYLATION_OF_MRNA	0.0900692840646651	0.47162374969817	0.499045315528977	1.33376070534184	389	25	CNOT11|CNOT8|CNOT6|CNOT7|EIF4E|CNOT3|CNOT2|CNOT6L|TUT4|EIF4B|EIF4A2|PABPC1|CNOT10|PAIP1
SHARMA_PILOCYTIC_ASTROCYTOMA_LOCATION_UP	0.0902411021814007	0.47162374969817	0.504956507692748	1.33777120256461	392	24	TRUB1|DOCK7|ARL1|SGMS2|SBNO1|CMTR2|ADGRV1|ZFHX4
GSE3039_ALPHABETA_CD8_TCELL_VS_B1_BCELL_UP	0.0903614457831325	0.47192934067174	0.307410627353032	1.16467570800762	299	186	MIER3|ST8SIA4|MS4A3|MSL2|DPF3|ABHD13|MAN2B1|RGS2|RRM2B|RNF2|CKS2|CNOT8|KLHL24|LIN28A|GCNT2|PTBP3|PPM1B|RCHY1|PPP1CC|BMX|PNPLA7|IPO7|PALS2|ZNF274|ZNF770|FNTA|TBPL1|TNKS2|GSTM2|GPR183|DOCK10|SBDS|RNF144A|ZFAND4|MFF|CERT1|ZW10|DOCK11|RESF1|NSA2|RAPGEF6|CASD1|PIGC|ABCB1|ANKRD12|CCNT2|PPP4R3B|TIAM2|CLIP1|CR1L|MOV10L1|NOD1|PHIP|NUFIP2|MIER1|ZNF638|BZW2|STARD7|ITCH|EIF4A2
DESERT_PERIVENOUS_HEPATOCELLULAR_CARCINOMA_SUBCLASS_UP	0.0905015410479126	0.472110054589966	0.328140201882119	1.195590431254	322	137	TCEAL1|CD36|ALDH1L1|SLC30A10|NCOA2|TMCC1|NEDD4|BPNT2|ZBTB18|LGALS8|ROCK2|GNPAT|OAT|AP3S1|NUP133|ABCC6|SLC4A4|RIOK2|SPCS1|TMEM230|RHEB|SDAD1|GLUL|AIMP1|GGH|MRPS33|MID1|CYB5B|EFR3A|MTIF2|TIMM17A|SYF2|ANKRA2|RAB4A|RB1CC1|GABARAPL1|UTP25|EIF2D|PIR|PARVB|PEX19
GSE1791_CTRL_VS_NEUROMEDINU_IN_T_CELL_LINE_3H_UP	0.0906312089255693	0.472110054589966	-0.347391505345615	-1.21111818854954	592	160	RAB4B|PSMB9|PRKCZ|TAP1|CHST12|HLA-DOB|EREG|SH3BP2|BTN3A1|TMED9|D2HGDH|CSF2|MFSD2A|RIGI|DICER1-AS1|IQCH|GMPPA|MYDGF|FANCA|MDGA1|PSMB10|MICB|DYNC1H1|HYAL3|IL23A|UBR4|SLC39A11|PTK7|CMTR1|RNF149|SAMD9L|CEP170B|PSMB4|MTHFD2L|TYW5|DUSP5|TRIM56|FAM219A|C15orf39|MRPS18A|RBCK1|DNAJC1|ARHGEF3|CREB5|KARS1|PLEKHO1|DYNLT1|TCF7L2
GSE3982_EOSINOPHIL_VS_DC_DN	0.0904431715405487	0.472110054589966	0.306819064987021	1.16401350935806	299	188	CD83|ARMCX1|ZNF43|CD36|PPP2R3A|ITFG1|TMEM53|MTX1|KDM7A|PEX3|FASTKD1|DUSP22|CYP27B1|INVS|ARMCX5|DDX10|RAB11A|AGK|CARD9|TGFBI|CHN2|OTUB2|ATP5F1C|TRIAP1|TCEAL9|UGP2|VWA5A|IFT74|ZW10|UTP3|ADK|HBS1L|RHEB|ALDH2|SETMAR|SLF2|CLNS1A|AIMP1|MRPS33|ADO|QDPR|OSBPL3|TFG|TRAM1|TFRC|PNP|ATF3|BLMH|ATRAID|CCNB2|COPB2|CUL4A|ACOT7|WDR3|CCDC88A|KYNU|ALG5|CSE1L|KPNA4|FDX1|ALDH1A1|HSPA8|MRPL35|ST13|ATP6V1G1|SLC31A1|R3HDM1|ACO1|MDH1|HEBP1|HADHB|RAI14|CTNNA1|ATP5PO|VANGL1|CERS6|ABRAXAS2|NQO1
WANG_LMO4_TARGETS_DN	0.0906171958615769	0.472110054589966	0.28013414426715	1.13267494230668	253	344	SAMD9|MPZL3|MATCAP2|IFIH1|LONRF1|NECAB1|HLA-B|TMEM64|CCDC15|CAPZA2|RUFY2|KALRN|UBA6|DTX3L|CPEB2|PSMD5|TRMT10A|BCAP29|AFF4|GULP1|MAPK6|OCIAD1|NBR1|MAPK1IP1L|RDX|COG6|BCAS2|FBXO3|IRGQ|RNF6|SNX4|PLRG1|ICA1L|LURAP1L|S1PR1|SYTL2|TIGAR|HSPB8|INPP4B|TMEM178B|SCFD1|USP47|MRPS31|USP8|FUT8|NSUN4|MEAF6|CPSF2|CTNND1|FXR1|SRP72|ZNF445|EXOC6|NGDN|TOPORS|EIF5B|RDH11|ACTR2|RERG|EIF4G3|FBXO28|GSTCD|RICTOR|SLF2|HYCC2|SUGT1|HAPSTR1|ATAD1|UBQLN1|AP3B1|ZDHHC5|MKLN1|SNX22|MIX23|NUP88|MTMR2|RBM25|RAB14|FBXW11|RPF1|HMGCS1|NUFIP2|ARCN1|MTIF2|RBM22|CHMP1B|SLC4A1AP|DDX20|RB1CC1|ITCH|PRPF40A|H4C8|ATP6V0E1|PSMC5|ATP11C|BZW1|USP28|KNOP1|LYRM2|DKC1|SH3GLB1|DDX27|RPL7L1|SUN1|NDUFAF2|ATP6V1C1|ZC3H7A|LYSMD2|ERCC4|DYNC1LI2|OPTN|EXOC4|RRN3|TBC1D7|ZNF407|PRMT5|TOP1|CWC27|WAPL|PIK3CB|MTIF3|SRFBP1|FDX1|NSD3|DAPP1|PURB|SRP68
WP_DISORDERS_OF_BILE_ACID_SYNTHESIS_AND_BILIARY_TRANSPORT	0.0906207521522429	0.472110054589966	0.525864014907736	1.35159465180311	399	21	ABCC3|ABCC4|ABCD3|SCP2|ABCB11|FABP6|ABCB1
GSE29618_PRE_VS_DAY7_POST_LAIV_FLU_VACCINE_PDC_UP	0.0907557872144719	0.472513792561654	-0.349880948606932	-1.21162793381932	591	151	IL17B|GPR135|AQP1|SPAG1|S100P|PITPNM3|H2AC15|OR2B6|ASIC3|AMDHD2|EREG|GRN|CILP|YBX2|ECM2|ZNF551|STC2|SERPINE1|COL6A3|PCGF1|CXADR|AFAP1|SEZ6L2|SGCG|AMHR2|STON1|SMG6|SIX5|PALM|PRTN3|LIFR|ACVR2B|PDLIM4|ZNF428|SDF4|ELL|CKB|ST8SIA1|NCLN|MAST2
GSE11864_UNTREATED_VS_CSF1_PAM3CYS_IN_MAC_UP	0.0908276068120705	0.472642569818333	0.305451541678915	1.16269236509193	303	191	RPGRIP1|HSPBAP1|AGO4|CFL2|RNF217|CPVL|POC1B|SLC22A4|SEC24B|TMEM106B|TP53INP1|STXBP3|RSL24D1|FAM76B|BNIP3L|TAF9B|CRLF3|SH3BGRL|CCP110|F11-AS1|MSH3|CCNC|CNOT7|ZXDB|IFFO2|RCBTB2|SYT11|RAP1A|PGM2|CRBN|PKP2|ZNF451|NSA2|NUDT16L2P|BCAS3|ZNF669|DECR1|BAG2|SEPTIN7|NET1|BRAF|CEP152|PLAAT4|UBE2D1|BCLAF1|SLC25A5|LEPR|ERCC5|PARP16|RNF168|ISCA1|PHF21A|PHKA2|ZC3H7A|RPS6|SORD|OMA1|PEX19|MPP1|FKBP1A|GNAI2
GSE9988_LOW_LPS_VS_VEHICLE_TREATED_MONOCYTE_DN	0.0910454477276136	0.473530675797816	-0.337465906277995	-1.19804047224381	606	189	TYROBP|TSC22D3|PLXNB2|IFI30|ENC1|MRM2|GRN|NRDE2|DYRK2|MIGA2|ING4|CXCL16|ATG9A|APOBR|TNFRSF1A|SH2D3C|RIPOR1|MED22|RGP1|TNFAIP8L2|PSAP|LYL1|MAP7D1|USP19|STK11|PGP|MAP3K3|DUSP7|RAB11FIP4|RPL27|ELOVL1|RGS19|PPP1R18|EXTL3|PRELID1|RNF220|KLF13|DNAL4|SDHA|TGIF2|RGS12|GIT2|MTCH1|TCHP|S100A6|CENPB|PXN|ATXN7L3|CTSH|ZNF780A
GSE17721_0.5H_VS_8H_PAM3CSK4_BMDC_DN	0.0913476032559542	0.474119566433955	0.306505131547861	1.1628225052585	302	188	ZNF841|GPR85|TBCEL|MS4A6A|COPS2|KAT2B|CAPZA1|ARID5B|CNOT8|RHOT1|CTSK|CGGBP1|EDARADD|TMEM168|MAPK6|PSMA4|SYPL1|CABLES2|C18orf32|COIL|MFSD1|CBFB|SLC38A2|PSMD6|REEP2|B3GALT1|MYEF2|LGALS4|VAPA|TPRKB|TIMM23|JAK2|PAPSS1|BCDIN3D|UBE2W|ACTR2|SMIM3|RIOX2|SEPTIN7|HECTD1|MAN1A2|TMX1|SMPDL3B|GGH|JAGN1|PLAAT3|CDC73|REST|STMP1|RAB10|KPNA1|TSPAN3|PRDX5|AFP|GALNT6|VDAC3|FBXO4|PXK|AZIN1|PPP1R11|ASF1A|SNAP23|RNGTT|JDP2|ERGIC2|HPS3|GK|DENND5A|NYNRIN|UBE2J1|FOXK2|UBE3A|TPR
GSE2770_IL4_ACT_VS_ACT_CD4_TCELL_48H_UP	0.0913447139862234	0.474119566433955	0.305326839778771	1.16127552361038	304	190	PLCE1|GPR137B|ATG16L2|RNF217|CPNE8|UQCRB|ITFG1|FGF13|UCN|HNRNPLL|DNTTIP2|MEF2A|RIMOC1|TFAP4|AKAP11|ABCE1|TFB2M|BMI1|LZTFL1|UBE2N|NCBP2|FNIP2|ZDHHC21|WDR26|MEX3B|NKRF|TRIB1|ERP44|SH3PXD2B|TTC39C|DSEL|SGCB|KCTD14|MRPL15|MRPS31|SLC25A3|CCNH|DDX18|SEPSECS|CUL2|TOR1B|ATP2A2|PPP4R3B|MAN1A2|MAPK9|ZNG1B|MTMR2|AGPAT5|PTPRA|ITPRIPL2|FKRP|SEC63|SREK1|PHKA2|PALS1|KIF2A|RPRD1B|CANX|ALS2|PIK3CB|GATAD1|NAA16|GOT2|PIGF|HPS3|PLPP6|PTPN11|ABI2|APIP|MTERF3|NDUFS4|EIF2S2|ARHGAP21|VPS37C|IARS1|SSR3|PML|GPD2|FUNDC1|PRELID2|CCNYL1|RPL24
MEDINA_SMARCA4_TARGETS	0.0912594149588369	0.474119566433955	-0.485137188019871	-1.32394831591704	520	33	SLC2A4|SMAD6|ECM2|HDAC4|CDKN2D|MXD4|RALBP1|DYNC1H1|CEBPB|RASSF1|CCDC85B|SMARCA4|STARD10
PEDRIOLI_MIR31_TARGETS_DN	0.0912684153790873	0.474119566433955	0.279538713237441	1.13078561778444	253	349	TSLP|SAMD9|ETV2|FEM1C|ITGB7|NOS1AP|CXCL8|ANKRD20A11P|ENKUR|ITGB4|IFIH1|TGFBR2|MYOM1|DOK2|MBLAC2|CD164|SOCS6|TFPI2|AKAP12|DCTN4|NR4A2|PNPLA7|BCLAF3|CEP135|DAPK2|UHMK1|PROKR1|IFIT3|PLXND1|UGCG|NEO1|P2RX7|RRAD|EMILIN2|TMEM140|SLC26A4|LAMA2|IL32|MMP11|SCARF2|SLC4A3|IFIT1|IFITM10|VWF|PLA2G4C|SPP1|OTULINL|PLA2G4A|CYP46A1|SERPINE2|GPR157|FOXC2|SBDS|LITAF|ERV3-1|MTMR12|ZDHHC20|FBXL4|DSG2|LAMTOR3|CAP1|SNAI3-AS1|RBPJ|ARHGEF12|ENDOD1|ZNF846|CHD9|ZMYM6|ZNF304|PIWIL4|CLGN|PPM1K|GSTCD|SECISBP2L|TMEM243|CEP120|SMPDL3B|CD93|OPN3|PLCB1|USP12|CSAD|DDX6|CWF19L2|VPS4B|HLTF|ZFAND6|MYCBP2
GSE21670_IL6_VS_TGFB_AND_IL6_TREATED_CD4_TCELL_UP	0.0916253282754596	0.475257599404108	0.315970109862703	1.177532163014	313	164	SEMA3A|PITPNC1|GABRG1|C3orf52|TGFBR2|TC2N|FBXW8|TCF7|UBR3|SLC39A10|MEF2A|PGGT1B|TMEM37|CALB1|SYPL1|AAK1|ATXN10|PMS1|HSD17B11|NUAK2|MLC1|CMTM7|NDUFV2|PSMG2|TLR5|CELF2|ZNF507|RAPGEF6|ACTL6A|ZNF800|CACUL1|GIMAP2|TRIT1|RPL6|MAML2|GTF3A|RPS24|TUT4|MRPL3|AGPAT5|BMP2K|CFAP97|POLR1B|STX17|FUCA1|PAICS|SGTB
TAKEDA_TARGETS_OF_NUP98_HOXA9_FUSION_8D_DN	0.0916615573267934	0.475257599404108	-0.347992401438547	-1.21066517344732	597	158	SLC26A11|ADAM19|S100P|ADGRG3|CD14|AKAP13|ENC1|CXCL1|GASK1B|DOCK4|PYROXD2|SLC41A2|MMP1|TMCC3|SLC7A7|JAZF1|COLEC12|DENND11|LOXL1-AS1|PNPLA1|TMEM163|SNX21|ENTPD1|C5AR1|BCL6|DACH1|IGF2R
GSE7460_CTRL_VS_FOXP3_OVEREXPR_TCONV_UP	0.09211337030191	0.477107332864073	-0.34904792596657	-1.20923817635131	597	153	BHLHA15|SYPL2|GFAP|SPPL2B|PEMT|PLXNA1|OTUB1|NBEAL2|CRYBA4|SFI1|PKD2L2|TGM1|SPMAP2L|ODAD3|PCOLCE|CYP2S1|OCEL1|MYO1G|HSPB9|SMARCC2|POLD1|FANCA|DIRAS1|RNF181|ARHGAP39|TSEN34|RCBTB1|SLC66A2|TUBGCP2|PTCD2|EXTL3|YKT6|ZNF428
KEGG_MEDICUS_REFERENCE_EGF_ERBB2_RAS_ERK_SIGNALING_PATHWAY	0.0921110621419127	0.477107332864073	0.586782128538798	1.3852464144036	417	15	EGF|MAPK1|SOS2|NRAS|BRAF|SOS1|MAP2K1
GSE42088_UNINF_VS_LEISHMANIA_INF_DC_8H_UP	0.092190252495596	0.477259285482616	0.314008106249039	1.17466991024574	313	169	GPR137B|FCGR2B|BMAL2|MMP14|ZNF573|CREBL2|SLC33A1|ABCC3|RMI1|TFPI2|UBA5|FGGY|PLCL1|NHLRC2|MT1X|NSUN3|CYP27B1|PROCR|ETV5|PLGRKT|ARL1|BRIX1|SCARF1|TGFBI|APOO|FUT8|TCEAL9|PRR16|TMEM38B|FAM200C|PPA2|C1orf54|LRP12|CTNS|ARMT1|MINPP1|NF1|GART|GGH|ADO|GTDC1|HSP90AA1|TFRC|MTX2|PAICS|PPAT|PIR
LEE_RECENT_THYMIC_EMIGRANT	0.092259083728278	0.47736942395075	0.297389685863608	1.14721831238071	291	219	AIF1|TENM1|CCNG2|NEDD1|ZNF677|TMEM156|ARL5A|USP38|ABHD17B|CKS2|GNB4|DARS1|TOP2A|P2RY1|HACE1|CCRL2|HDAC2|RNF138|CDCA7|HYCC1|NR4A2|LYPLA1|LZTFL1|SPRY2|TSPAN13|TOB1|LRPPRC|FNIP2|CMPK2|RBM7|METTL21A|PALM2AKAP2|RSAD2|TOX|NREP|PDE4D|SYTL2|AUH|SKAP2|FUT8|PGM2|KLHL8|NIPSNAP3A|TYMS|DSG2|ITM2A|B3GNT2|ATP11A|CRY1|CDK2AP1|TRA2B|PCGF5|PEX13|CMTR2|FAM3C|ACBD5|ZBTB21|KBTBD6|PAPOLA|OTUD6B|PTPRC|CD93|ZCCHC9|CEP57|TAF4B|PLSCR1|CSAD|ARL6IP6|LCORL|SMC4|AEBP2|BTBD3|PCLAF|STMP1|PAICS|MBTD1|SENP7|H2AC6|ZC3H8|PABPC1
VANASSE_BCL2_TARGETS_UP	0.0925711640823883	0.478737426614639	0.476975844185145	1.31427899768724	399	28	MBNL2|LANCL1|SOSTDC1|CWC22|RELN|APOA2|FAM209A
REACTOME_REGULATION_OF_GLUCOKINASE_BY_GLUCOKINASE_REGULATORY_PROTEIN	0.09283881502216	0.479874369306098	0.459453744168776	1.30306976181779	397	32	RANBP2|SEH1L|NUP153|NUP35|NUP107|NUP37|NUP160|NUP133|NUP205|NUP88|RAE1|NUP155|NUP54|NUP50|NDC1|NUP58
MEISSNER_NPC_ICP_WITH_H3_UNMETHYLATED	0.0931551976573938	0.481261901227442	-0.604497906109702	-1.38048121478931	508	15	PAK6|TSSK3|EPPK1|H1-7|PALM3|LYL1
MARZEC_IL2_SIGNALING_DN	0.0932896890343699	0.481708795538583	0.46372525333515	1.30566118487257	398	31	CCNG2|SESN3|CCNG1|RFFL|PDE3B|TP53INP1|JAK2|CARD6|CDKN1B|PTPRC|PLCB1|TFDP2|ATM
GSE17974_1.5H_VS_72H_IL4_AND_ANTI_IL12_ACT_CD4_TCELL_UP	0.0934579439252336	0.481834022147661	0.305800886276996	1.16015073188215	309	188	CD83|MTMR6|ZNF350|HSPBAP1|CD69|PELI2|ATXN7|MX2|SESN3|TCF7|TP53INP1|KLHL24|DTX3L|NBN|RBMXL1|RALGAPB|PIK3CA|RNF103|PUS3|ZNF641|ZNF37BP|INPP5K|DENND6A|ZXDB|EPB41L4A|S1PR1|SLC35D1|ELL2|RRP15|NATD1|DCTN6|MOSMO|SLC25A32|PELI1|RAPGEF6|PRMT6|PSTK|C6orf120|FBXO28|SDE2|KDM6A|R3HDM4|UBE2D1|SLU7|SEC62|FYCO1|C12orf43|LTV1|RB1CC1|NCOA5|DDX27|TRMT6|MTMR9|CCNY|TRAPPC13|CWF19L1|CRK|TRPS1|FYTTD1|WDR48|ATXN3|UBE2B|NIPBL|NUP98|USPL1|CDC14A|ATMIN|TNFAIP3|ICE1|CRTC3|FAM117B
GSE19941_UNSTIM_VS_LPS_AND_IL10_STIM_IL10_KO_MACROPHAGE_DN	0.0934579439252336	0.481834022147661	0.305849228615639	1.16033413357284	309	188	TTK|SLAMF6|DCK|CARMIL2|C2CD5|IFIH1|CCL4|TMCC1|ARHGAP23|ANKRD27|KIF18A|RFC4|PRIM1|KIF20B|GEN1|CKAP2|MSH2|SMC2|MRPL39|MRPL50|UTP11|PLXND1|CD96|ABHD1|FBLN1|SERPINE2|CMTM7|LITAF|TRIAP1|MRPL47|NSUN4|PIP5K1B|MEAF6|PPA2|TIPIN|MCU|EMC2|ITM2A|RFC5|PDE7A|VRK1|RFC1|LRP11|SLF2|OSTC|DCP2|THOC7|RACGAP1|RPA2|FANCF|LRRC40|ATAD5|PALB2|CENPJ|FAF1|VSIG10|VMA21|XRCC2|CCDC14|BUB1B
PID_FOXO_PATHWAY	0.0933720367682632	0.481834022147661	0.414371938193577	1.279571015955	385	48	FOXO1|KAT2B|CCNB1|YWHAQ|YWHAG|MAPK8|RBL2|YWHAZ|CDKN1B|CDK2|CHUK|MAPK9|CTNNB1|ZFAND5|YWHAH|SKP2|CAT|EP300|FOXO4|BCL2L11|YWHAB|XPO1|SIRT1|SOD2|RALB|USP7
GSE11961_MEMORY_BCELL_DAY7_VS_MEMORY_BCELL_DAY40_DN	0.0936093609360936	0.481958948505582	0.310874675289767	1.16925737593667	311	177	GPR137B|CAMKMT|PGAP1|FAM135A|AGO4|AGA|CRYL1|SESN3|EIF2AK3|TTPAL|HSDL2|SHLD2|TMEM191C|EDARADD|C3orf62|ST8SIA6|KHK|TNFAIP8|TSPAN13|TMEM30A|DDHD2|SCCPDH|GRK4|MEX3B|RBMX|TRIM13|IPMK|HSD17B11|MS4A2|LIPC|REEP2|CDKL2|ATL1|MYO6|EIF5A2|PGM2|ZSWIM3|ZDHHC20|SFXN4|CEP44|TIPIN|EMC2|PCYOX1|CTNS|CNKSR3|PGM3|MEGF9|RAB3GAP2|PFKFB2|CLIP1|DHX57|GOLM2|PLBD1|RCN2|ERCC5|USO1
TAVOR_CEBPA_TARGETS_UP	0.0936139332365747	0.481958948505582	0.414283836037002	1.27929895852156	386	48	LST1|RGS2|SERPINI1|AKAP12|TRIB1|MLC1|PTX3|LITAF|ACSL1|ANXA1|CA2|PTPRC|GGH|RAB31|EXTL2|BTG1|SERTAD2
WP_7Q1123_DISTAL_COPY_NUMBER_VARIATION	0.0936262153402953	0.481958948505582	-0.564570393450318	-1.36722996796285	519	19	SSC4D|SFN|POR|HSPB1|SRRM3|TMEM120A|LMNA|STYXL1|TMEM120B|RHBDD2
GSE11924_TFH_VS_TH17_CD4_TCELL_DN	0.0941919951850737	0.482849074790092	0.307065782203852	1.16156734513044	312	184	RPGRIP1|PEX12|CATSPER2|MED18|PDK1|GLMN|ABITRAM|NPL|RAB3A|HS2ST1|SRP19|VPS50|SEH1L|ROCK2|FBXO30|ZFTA|ARL1|PSMD6|APOA2|FSTL4|SLC35D1|RIT1|SCFD1|BMF|EXOSC9|PKP2|YTHDF2|TSNAX|SEPSECS|NDUFA5|CASP3|EPCAM|ACTL6A|SNRPB2|CS|ACAT1|TMEM237|HEATR1|ZMPSTE24|STX7|DSCC1|MRPL30|RTCA|NDE1|KLHL7|RAE1|ERCC6L2|BUB3|CCT6A|SEC61G|SDHAF3|BCCIP|UTP25|E2F5|METTL9|DKC1|GDAP2|RAD51AP1
GSE15930_NAIVE_VS_72H_IN_VITRO_STIM_IFNAB_CD8_TCELL_UP	0.0941176470588235	0.482849074790092	-0.340989549580977	-1.20049525983583	623	175	TCEA2|TCN2|ADGRG3|FGD3|PPFIBP2|TMEM115|SPPL2B|HYOU1|RAB33B|GRIA3|SOX11|MAP1LC3A|SLC6A8|ATP9A|NRTN|CALR|PSAP|SEMA4F|TRAF2|PMPCA|ICAM2|DVL1|FBXW4|ARID3B|ZBTB20|SLC39A4|MAP3K3|RETREG2|REXO1|PHRF1|MYL6|PCSK7|CEL|TGIF2|DDA1|RPL37A|YJU2|AKAP7|AP1B1|KLHL21|SF3A2|C19orf48P|ADGRL1|TMEM183A|ERCC2|NEURL4|PKD1
GSE17721_LPS_VS_POLYIC_0.5H_BMDC_DN	0.0943904263275991	0.482849074790092	-0.33771390343325	-1.1954690490548	630	181	TNS2|VASN|RGS20|RHOBTB2|RHBDD3|STX1A|RDH16|PTPRU|MUTYH|P2RX4|NDUFB2|SYNGR2|MIIP|PNMT|SOD3|SERF2|MAN1B1|MMP1|MMEL1|ZIC1|QRICH1|NRM|SLC27A1|PGF|PSMG4|TBCB|SH3D19|THAP7|SEMA4F|WDR4|RRP12|MXD4|ORAI1|TRMT1|RNPS1|SELENBP1|CPQ|TOMM7|RCBTB1|PFDN2|YKT6|MMP17|SPIRE2
GSE36476_CTRL_VS_TSST_ACT_40H_MEMORY_CD4_TCELL_OLD_DN	0.0940925700365408	0.482849074790092	0.303050141521152	1.15769864632643	308	198	MLYCD|EMC9|CSTA|RMI1|CLIC2|SFT2D2|DTL|CKS2|TOP2A|PHLDA1|RFC4|KIF11|PRIM1|TXNL1|CCNB1|ETNK1|SMC2|POLA1|NCAPG|GCLM|NUP37|KPNA2|IDH1|TMEM106C|RBM4B|NUP133|MRPL15|PSMG1|CENPU|TYMS|SPDL1|CREG1|RRM2|CDK2AP1|RFC5|KIF15|FH|ALDH2|RIDA|STMN1|VDR|RACGAP1|GART|SUCLG1|NCBP1|IL13RA1|ZWINT|CKAP5|BLM|NCAPG2|UBE2A|PCLAF|RFC3|IL1R1|SRPK1|PAICS|HJURP|CCNB2|BUB1B|RAD51AP1|ACOT7|DLGAP5|BCL2L11|MELK|FEN1|NCAPH|GINS3|MRPL35|ASPM|RPA3|WARS1|GOT2|GSTO1|SPRED2|TUBB6
GSE42021_CD24HI_VS_CD24INT_TREG_THYMUS_DN	0.0940912490650711	0.482849074790092	-0.336741633167675	-1.1954294096338	628	188	C3|TYMP|IRF7|IFI30|RASGRP3|SEMA3F|EXT1|APOL1|PSMB9|TAP1|FLT3LG|IFITM1|H2BC17|DOCK4|UBA7|ZNF710|TCIRG1|IFITM2|IFI35|IFI16|IFIT2|HERC6|RIGI|LGALS3BP|APOL6|SHFL|ADAP1|MX1|FAS|SP100|ISG15|TAP2|SP110|GUK1|PSMB10|LPIN2|SLC2A3|PHF11|CTSL|CDC42EP4|PARP3|TAPBP|XPO6|OAS3|CMTR1|OGFR|IL6ST|PARP12|IRF9
GSE5589_LPS_VS_LPS_AND_IL10_STIM_IL10_KO_MACROPHAGE_180MIN_DN	0.0941176470588235	0.482849074790092	0.30713868099979	1.16253560497246	311	185	ITGB7|MAP3K10|SAMD5|CD40|MAP3K9|PUS10|RYR1|INSIG2|ATP6AP2|PDIK1L|CD164|CLDND1|CNNM2|EIF3E|P2RY1|FAM76B|RIMOC1|NEK9|SMAD2|PPM1A|ARF4|ZRANB3|PDE8A|RAB11A|FEM1B|EIF2B2|CHIC1|IL1RL1|TGFBI|SFRP2|TMEM74|GNPDA2|MED17|MRPS23|ZSWIM3|TCEANC2|SQOR|MBOAT2|VWA5A|LIMK1|TDP2
HAHTOLA_SEZARY_SYNDROM_UP	0.0943595150237217	0.482849074790092	0.358389731346091	1.22107658680327	357	88	ZC2HC1A|FAR2|IL10RB|HAT1|CKS2|MTX1|NBN|LGALS8|TJP2|TRIB1|NUSAP1|F5|RNF125|TYMS|SAMSN1|PAPSS1|RRM2|ITM2A|ARMT1|BAZ1A|GLUL|CCR10|RBM25|RTCA|SMC4|HBA1|GOLGB1|SH3GLB1|PNP|STAT1|TOP1|WAPL|KTN1
KEGG_HYPERTROPHIC_CARDIOMYOPATHY_HCM	0.0943270670437531	0.482849074790092	-0.407395255176075	-1.26425377191735	566	67	TPM2|ITGA4|ACE|ITGA7|TGFB3|CACNA2D2|SGCG|ITGB5|ITGB1|PRKAB2|ITGAV|CACNB3|ITGA5|LMNA
NAKAYA_MYELOID_DENDRITIC_CELL_FLUMIST_AGE_18_50YO_7DY_DN	0.0942960764919222	0.482849074790092	0.293623922369694	1.14811358576333	285	251	ELK3|PCYOX1L|TENM1|IFIH1|APOBEC3F|LY6G5C|PMS2P3|KPNA3|AMZ2|ZBTB18|ARIH1|RALGAPB|PJA1|PIK3CA|SIAH1|ZNF337|SMAD4|NUP153|SYPL1|TSPAN13|NCAPG|NUP37|KPNA2|ZNF821|TMEM106C|NUAK2|MMP11|CHN2|JAK3|ICOSLG|IFIT5|PIK3C3|ACSL1|UBXN7|TCAF1|WAC|SPNS1|RAB28|HMGN4|MTMR4|PTK2|CRIPT|NPAT|RCOR3|SLF2|GBE1|CYRIB|CHUK|TUT4|SNRNP35|CLPX|MID1|QDPR|PSIP1|MRS2|CUL5|ASAH1|SMC4|KLHL7|ZNF264|TFRC|YAF2|TM2D1|E2F5|COPB1|BCAT1|STAT1|GOT1|ZC3H14|GEMIN2|KIAA0040|NR3C1|RAB20|FBXW7|TFIP11|C9orf78|PDCD2|UBE2B|DCAF7|XPNPEP3|NAA16|POLR2C|PTCD3|MTPAP|SLC25A20|CDK5R1|CRTC3|NFKB2|CPPED1
REACTOME_DISEASES_ASSOCIATED_WITH_GLYCOSAMINOGLYCAN_METABOLISM	0.0943757617969702	0.482849074790092	-0.476398636495398	-1.31719392713239	541	35	EXT1|GPC1|HSPG2|B3GAT3|DCN|NCAN|B4GALT7|AGRN|HEXA|SDC4|GPC2
REACTOME_SMOOTH_MUSCLE_CONTRACTION	0.0942317685778625	0.482849074790092	-0.467098856102908	-1.31759134215564	543	39	TPM2|PAK1|DYSF|LMOD1|ACTA2|MYL11
RIZ_ERYTHROID_DIFFERENTIATION_HEMGN	0.0944244604316547	0.482849074790092	0.53898502330697	1.35180226977426	419	19	FOSB|FOXA1|ZNF436|NR4A2|ELL2
WEINBERGER_BLOOD_TWINRIX_AGE_20_40_AND_60_84YO_CORRELATED_WITH_ANTI_HBS_CONC_PRIMARY_VACC_1DY_SIGNIFICANT	0.0943732193732194	0.482849074790092	-0.535352674821552	-1.35119534671598	529	23	CD14|IFI35|CD19|TNFRSF1A|NLRP1|TNFRSF1B|TNIP1
GROSS_HIF1A_TARGETS_DN	0.0947344734473447	0.483642219782277	0.514393683924563	1.34088813358129	420	22	PDK1|LGALS3|PROKR1|LDHB|ERO1A|GBE1|BNIP3|PGK1|RPS6KC1|GAPDH
KEGG_GLYCINE_SERINE_AND_THREONINE_METABOLISM	0.0947163809860399	0.483642219782277	-0.51433786862059	-1.3353267316108	535	26	GLYCTK|AOC2|CBS|SRR|GNMT
MARTIN_VIRAL_GPCR_SIGNALING_DN	0.0946361462248036	0.483642219782277	-0.449147470904633	-1.30112607683644	553	45	TBC1D1|PANX2|EXTL1|SMPD3|ZNF622|PGF|MEAK7|BRSK1|BRD1|LMBR1L|LSM6
WP_SENESCENCEASSOCIATED_SECRETORY_PHENOTYPE_SASP	0.0947722899294419	0.483642219782277	-0.379661923407062	-1.23878848543207	590	94	H4C4|H2AC20|H2AC7|H2AC8|CDC26|ANAPC11|H2BC13|H2BC17|H4C11|H4C3|UBA52|H3C12|H4C14|FOS|CDKN2D|UBB|VENTX|H3C13|H4C2|MAPK7|H2BC5|H3C2|CEBPB|H2BC12|FZR1|H2AZ2|ANAPC2|EHMT2
GSE2770_UNTREATED_VS_IL4_TREATED_ACT_CD4_TCELL_2H_UP	0.0948598831110445	0.48368573376771	-0.338301711993232	-1.19641792342726	632	180	LAG3|METTL27|POU2F2|SEMA4D|RGS20|IRF7|CBS|ARID5A|ZNF710|PDCD1|MESP1|BEND6|MYPOP|SMAD6|ICAM5|SHLD1|SERPINH1|CHCHD10|CILP|SYT7|SLITRK6|MYH7B|DNAJC22|OXCT2|SYCE1|FGD1|GAL|ITGB5|MED10|HIC2|SEMA4C|RNPS1|CYB561D2|BABAM1|RILPL2|TSPOAP1|PSMD2|ARHGAP1|TAPBP|SNX11|NDUFC2|PRELID1|IPPK|FZR1|PRICKLE3|DBN1|EEF1D|PLEKHH1|SH2D2A|PSEN1|SAPCD2
GSE3203_UNTREATED_VS_IFNB_TREATED_LN_BCELL_UP	0.0949253731343284	0.48368573376771	0.310674510591302	1.16767571955011	317	176	MPZL3|GPR137B|ATXN7|ZNF583|CPNE8|CLN5|CYP26A1|AMN1|VPS26A|CNOT8|STXBP3|IL18R1|NCOA4|L3MBTL3|TMEM86B|DUSP22|NPR2|DCLRE1C|SH3BGRL|BCLAF3|PIKFYVE|INVS|FAM13B|MMP11|MTSS1|TMED6|PTPN14|RUNDC3B|SCN8A|RIT1|TMED7|TMF1|TBC1D19|MFF|SOAT1|SP1|ATE1|PRKAA1|FGD6|PIK3CG|CFAP20DC|STARD4|TUT4|INPP5B|GGH|CETN2|SLC30A9|USO1|ARL6IP6|LATS1|TRAPPC11|ZNF2|RPAP2|FBXO11
REACTOME_OTHER_SEMAPHORIN_INTERACTIONS	0.0949023861171367	0.48368573376771	-0.583021325202438	-1.37498875742982	524	17	TYROBP|SEMA4D|PLXNA1|PLXNA2|PLXNA4|SEMA6A|ITGB1
GSE37301_PRO_BCELL_VS_RAG2_KO_NK_CELL_DN	0.0951269331777064	0.484466846898943	0.315244959648412	1.17482973112664	325	164	VAV2|ST8SIA4|SERINC5|FBXW8|RNF43|TMEM64|CLDND1|NABP1|FOXN3|KLF10|PAQR3|PLCL1|NHLRC2|RGS9|CDCA7|CAPN2|ETV5|SKIL|PEAR1|HOMER1|P2RX7|CD96|PLXNC1|CYTH4|DNAI4|PIP5K1B|SAMSN1|VWA5A|LIMK1|IL10RA|PHTF2|TGFBR1|CDK1|MED7|ENDOD1|SNX2|CHSY1|SCAMP1
GSE37416_CTRL_VS_0H_F_TULARENSIS_LVS_NEUTROPHIL_DN	0.0952007528230866	0.4845969355163	-0.361877205543521	-1.22262931518836	606	122	MATN1|ESPN|COX6B2|ANKEF1|OSMR|ZNF876P|DDX53|ANO8|FNDC11|LINC00205|AXL|LINC00240|CECR2|CCK|USP30-AS1|MNDA|TGFB3|ZNF528|PALD1|DBF4B|CFHR3|KLK8|ARSL|DUSP4|FILIP1L
GSE29618_PRE_VS_DAY7_POST_LAIV_FLU_VACCINE_BCELL_UP	0.0954090025422461	0.485176630273012	-0.336524628299654	-1.19331351241993	637	185	DPEP2|NUP210|PYCARD|UQCR11|CXCL1|RPS20|ARID5A|CLN3|NRDE2|ETHE1|ROGDI|TULP3|CCK|LGALSL|EXTL1|S100A5|METTL25B|CPS1|LUC7L|NOP2|SULT1A2|FAU|BCL3|EMP3|TTLL1|ARHGEF26|SEMA6A|HOXC13|NAA60|EXOSC5|NLRP1|CCL24|SLC12A7|TMED1|GMFG|UQCRQ|GUK1|POLR1C|TSC22D4|THOC6|MYBBP1A|PLEC|GNS|CCDC9|INPP5D|CNP|NCAPH2|PTK7|DGUOK|LSM6|H2AZ2|LMNA|PRPF6|EIPR1|CCDC51|ATP5MG|MICAL1|MOAP1|WDR45B|ELAC2
GSE3565_DUSP1_VS_WT_SPLENOCYTES_UP	0.0954113038612199	0.485176630273012	0.324919548409232	1.18811531980022	340	139	TTC39B|MYO1F|ARRDC3|CD44|PLEKHM3|FCGR2B|IL12RB2|CCL5|SLC33A1|LGALS3|CCL4|DCLRE1A|RUNX2|PPT1|IL18R1|TMEM37|CHPT1|DAPK2|PROS1|KCNJ8|CDHR1|CHIC1|IL1RL1|TTC39C|XYLT1|CYTH4|ELL2|RAP1B|CALM2
GSE14769_UNSTIM_VS_240MIN_LPS_BMDM_DN	0.0954819277108434	0.485289919170352	0.306360126456136	1.16069571263013	316	186	MIER3|CD83|ASAH2|GPR85|KCTD12|SLC49A4|SESTD1|SRC|ABHD17B|RAB29|CGGBP1|FNDC3B|MACIR|RANBP2|RAB22A|SEH1L|LZTFL1|RRAS2|SKIL|BMERB1|TAPBPL|ABR|DOCK10|CD274|TXNDC9|CHAC2|TENT5A|CPSF2|ACSL1|IL10RA|XKR8|SLC30A7|EXOC6|SMG8|CLIC4|ZNF800|CHD9|USP49|LRP11|DCP2|BIRC2|RBBP8|SLU7|BRWD3|GTF2B|ZNG1B|NCK1|MIER1|PIAS1|SPRED1
GSE1460_INTRATHYMIC_T_PROGENITOR_VS_NAIVE_CD4_TCELL_ADULT_BLOOD_DN	0.0956259426847662	0.485723215350515	-0.340570084495215	-1.19901848188841	633	175	ZNF331|FAM171A1|RCAN3|MAPK13|ZNF224|APLP1|ATP2A1|CYLD|KREMEN2|FLT3LG|IFITM1|BTN3A1|SMIM27|LDOC1|GPRASP1|KLF7|COL6A1|CIB1|CACNA2D2|PLEKHA1|APH1B|RHOF|DGCR2|TIMP1|KCNAB2|TKTL1|NLRP1|ARHGEF10|LIN7B|DUSP13B|ASNS|LPIN2|ZBTB20|PPARD|LINC00623|SLC35D2|ITFG2
REACTOME_MITOTIC_SPINDLE_CHECKPOINT	0.0956639566395664	0.485723215350515	0.342266025679998	1.20956186897397	352	110	SGO2|CENPQ|ITGB3BP|KIF18A|PPP1CC|RANBP2|KNL1|SEH1L|ZWILCH|NUP107|NDC80|NUP37|PPP2R5E|NUP160|NUP133|MAD2L1|CDC27|CENPU|SPDL1|UBE2E1|ZW10|AHCTF1|BUB1|CLIP1|UBE2D1|CENPI|PPP2CA|PPP2R5C|ANAPC10|NDE1|ZWINT|PPP2R1B|CKAP5|BUB3|CENPE|CENPS|CLASP2|DSN1|MAPRE1|ERCC6L|BUB1B|KIF2A|DYNC1LI2|KNTC1|ANAPC4|TAOK1|PPP2R5A|NUP98|ANAPC1|NSL1|SPC25|XPO1|NUP43
GSE14000_TRANSLATED_RNA_VS_MRNA_DC_UP	0.0958320657134165	0.486330776355548	0.301808509943481	1.15405131752803	314	199	PLEKHM3|CETN3|ACTR3|XRCC4|SMARCAD1|PJA1|LDHA|NSUN3|RINT1|FANCB|ANKHD1|NUP107|OAT|DCAF13|PDE8A|WBP4|RAB11A|UTP11|NUSAP1|TXNDC9|ICA1|EIF4E|MRPS23|MCTS1|RRP15|MRPS31|CALM2|PGM2|MRPL47|SPDL1|DCTN6|ACSL1|INPP5F|SUPV3L1|YARS2|ACTL6A|SNRPB2|TARS1|EIF2S1|FTO|FAHD1|PGM3|PRDX6|NIP7|EIF3J|PSMA2|GBE1|PSMA6|RACGAP1|GART|ZWINT|CEP76|PSMD14|MPHOSPH6|WRN|PSMD11|RAE1|ANKRA2|TFG|CDC73|TRMO|POLR1B|CORO1C|RFC3|GRSF1|ZNF326|MED26|ATP6V1C1|RBM12|RIOX1|SARNP|HIF1AN|POLR1F|PATL1
KEGG_METABOLISM_OF_XENOBIOTICS_BY_CYTOCHROME_P450	0.0959887896304081	0.486879974891378	-0.481992089523114	-1.31536528422827	547	33	DHDH|CYP2S1|CYP2F1|AKR1C2|EPHX1|GSTP1|GSTO2|GSTK1|AKR1C1|MGST2|GSTM4
BLANCO_MELO_COVID19_SARS_COV_2_INFECTION_A594_CELLS_UP	0.0963295133698721	0.487622415669206	-0.40879006835225	-1.26655759955343	579	66	TSC22D3|CHAC1|EREG|N4BP3|GAS5|SNHG32|ADM2|MMP1|CSF2|CRYBG1|ECM2|ICAM1|FYN|ZFAS1|STC2|IL1B|ZMIZ1-AS1|INHBE|NDUFA4L2|CDCP1|ULBP1
GSE20715_0H_VS_48H_OZONE_LUNG_DN	0.0962518740629685	0.487622415669206	0.304521491537941	1.15705984236943	320	189	BATF|PIGA|NEDD1|CCNE2|PTHLH|HAT1|TOP2A|ANLN|PBK|PHLDA1|CHDH|LDHA|PRIM1|CCNA2|PALS2|HSPH1|POLA1|ECT2|GCLM|MTCH2|TRMT1L|MRPS6|MED21|NUSAP1|SPP1|KCNE2|HSPB8|ITIH4|NPAS3|EIF4E|ABHD14A|TCEAL9|PPA1|FXR1|CDK1|RRM2|ZNF623|NAMPT|CACYBP|BUB1|TLCD4|HSPD1|PRDX6|RRM1|DNAJB9|BAG2|SLF2|VMP1|UBQLN1|RBM47|KCTD11|ADORA2B|CHORDC1|YWHAH|XPNPEP1|PCLAF|CCT6A|SRPK1|DEDD2|NDC1|TNFSF9|BIRC6|PKNOX1|HSPA5|SLC35B1|PSAT1|TOP1|FEN1|HSPA4L|HSPA8|ILF2|KLF15|SLC7A6|ATG16L1
MULLIGHAN_NPM1_SIGNATURE_3_DN	0.0963780506762008	0.487622415669206	-0.354466046052996	-1.21352224285509	619	137	PLCB4|FAM171A1|PDE2A|COL14A1|RPL28|BTN2A2|ZNF467|IFITM1|WHRN|HOOK2|DGKD|TRPM4|SUN2|FLAD1|ATP9A|HSPB1|PPM1F|KATNB1|HSPG2|FHL1|TPPP3|MAP4K1|OAZ3|LTBP4|DDO|HPCAL1|GRHPR|ARID3B|ABCD1|NBL1|UXT|CAMKK2|ITGA5|EEF1D|EMC1|DUSP5|SOCS3|QARS1|TUFM|ESYT1|SERPINF1|PES1|PLEKHO1|RNFT2
REACTOME_TP53_REGULATES_TRANSCRIPTION_OF_CELL_CYCLE_GENES	0.0962747943880019	0.487622415669206	0.413009891936435	1.27536504843552	397	48	CCNE2|CNOT11|CNOT8|NPM1|CCNA2|CCNB1|RBL2|CNOT6|CNOT7|RBL1|CNOT3|CDK1|CNOT2|CDKN1B|CDK2|CNOT6L|PCNA|CENPJ|TFDP2|CDC25C|EP300|CNOT10
TAVAZOIE_METASTASIS	0.096319498825372	0.487622415669206	0.368994015774855	1.23452681867678	368	78	ZNF257|DLG2|FAM135A|SIGLEC8|RGS2|MYOM1|PRKN|TRIM23|FOXA2|THAP9|LRP2BP|TSPAN12|NKAIN1|MYEF2|IGFBP5|ZDHHC17|CD24|CA8
FLETCHER_PBMC_BCG_10W_INFANT_BCG_STIMULATED_VS_UNSTIMULATED_10W_UP	0.0965451964032182	0.487689231742184	-0.364794742707932	-1.22409338207509	611	116	NFKBIZ|GNG8|CHAC1|ASPHD2|MT2A|APOL1|PSMB9|CXCL1|RGS3|D2HGDH|CITED4|MMP1|CSF2|SLC7A7|IER3|FEZ1|C2CD4B|IL1B|MX1|TRIB3|GBP2|ISG15|AKR1C2|ASNS|PYCR1|G0S2|OAS3|IRF9|DUSP5|ZMIZ2|CKB|AARS1|EML2
GSE7348_LPS_VS_TOLERIZED_AND_LPS_STIM_MACROPHAGE_UP	0.0965309200603318	0.487689231742184	0.309486676772177	1.16416405920571	319	178	CSTA|PKD2|MDP1|TMEM135|PANK3|RNF2|PDE3B|CNNM2|TBC1D2B|MEF2A|FOXJ3|PIK3CA|TXNL1|THAP6|TMEM37|ROCK2|IPO7|PUS3|ERCC6|TJP2|IBTK|C5AR2|MTSS1|OTULINL|NOP58|SLC20A1|MICALL1|USP53|NFE2L2|EIF1B|SBNO1|SP1|SNX25|TMEM70|FAR1|ZSWIM4|HEATR1|EIF3J|CAND1|VDR|SACM1L|GLUL|IPO5|MTF2|PUM1|ATP13A3|ZMYM2|TCERG1|ADO|GNL2|BRWD1|SGMS1|ARL6IP6|ZNF638|DDX21|NUP54|USP16|DDX27|PALS1|ARID1B|FUBP1|RLIM|NCOR2|MSMO1|TBC1D12|ALG5|ATXN3|AMPD3|ATP7A
HOWLIN_CITED1_TARGETS_1_DN	0.0965710286913926	0.487689231742184	0.457756286822218	1.29825555501602	413	32	BTBD1|NABP1|HIF1A|UAP1|SC5D|CAP1|RNF14|SERINC1|ABCB7|RAB6B|TFRC|PALS1|RAD51AP1
MIKKELSEN_MEF_ICP_WITH_H3K4ME3_AND_H3K27ME3	0.0965855940130963	0.487689231742184	0.466944731147283	1.30624507561705	412	30	MEIS1|PTH2R|SERPINI1|CORO1A|SACS
GSE22589_HEALTHY_VS_HIV_INFECTED_DC_UP	0.0968220968220968	0.488177847837682	0.302331013224931	1.15645696572478	325	195	TM6SF1|ZNF14|C2CD5|ESF1|ITFG1|STT3B|CAMSAP2|TRUB1|HEATR3|ZRANB3|SVIP|TCF12|ETV5|COIL|WTAP|TCP1|PSMD6|HNRNPH2|ACOT11|HAS3|PHETA2|SLC25A36|CDC14B|RRP15|PPIL4|ZFAND4|UBA2|PRMT3|CCT4|ARMC1|BAG4|SLC36A4|BAG2|MEGF9|SPTSSA|ATP6V0E2|ZNF266|PAK1IP1|PPWD1|MAK16|TTLL4|CLUAP1|HNRNPA1|NGLY1|RAB14|FUCA2|PIGX|IPO11|TYSND1|HACD1|ECHDC1|ZYG11B|TFDP2|DIMT1|MAPRE1|DYNC1LI2|TAF3|PAFAH2|FAM98A|CCDC117|MRPS2|UBP1|FASTKD5|RAD17|NAP1L1|PDCD6IP|USP37|USPL1|CDC42SE1|PTCD3|SETD6|GLRX5|ATMIN|SPRED2|SGF29|TMEM126A|PRKCB|TRMT61A|G3BP1|ZNF655
GSE25123_WT_VS_PPARG_KO_MACROPHAGE_IL4_AND_ROSIGLITAZONE_STIM_UP	0.0968768950879321	0.488177847837682	-0.343091748065021	-1.20272492265338	638	169	DHRS12|BFSP1|YJEFN3|CCPG1|B4GALNT4|NINJ2-AS1|ASPHD2|CNNM4|SCRN2|WASIR2|SNHG11|SERPINH1|FLT1|ZNF436-AS1|TTYH2|GAREM2|SLC27A1|ELMOD3|PRSS53|C3orf80|IL18BP|FBXO41|CAMK1|IKBKG|GUK1|WDR18|B4GALT7|CHID1|PPARD|HEXA|TMEM120A|MTBP|NBL1|AGPAT2|DUSP7|ELOVL1|NT5C|CENPV|CCDC9|MANEAL|UBE2J2|CNP|ZNF569|GIPC1|C19orf25|OGFOD3|TMBIM6|STUB1|NRGN|CENPB|BRF2|ASL|MCPH1-DT|LINC00667|SGTA|PTPA|CARS1|RMND5B|C22orf39|MYO1C|CRELD2|SLC25A10|TUFT1
GSE5589_UNSTIM_VS_180MIN_LPS_AND_IL10_STIM_MACROPHAGE_UP	0.0968515742128936	0.488177847837682	0.304347226949956	1.15639770665058	322	189	TMTC3|CD44|ABHD13|NUS1|IL10RB|CAMSAP2|SOCS6|UBA5|CEP162|KLF10|PTGS1|XPR1|MOB3B|PIK3CA|ORC4|ETV3|CRYBG3|LDLRAD3|MAPK1IP1L|RMND5A|PROS1|RRAS2|RIC1|RPF2|SYNE2|DCAKD|EXOC8|PRRC1|CDC14B|CRBN|OSGIN2|RPE|CTNND1|SOCS2|LIMK1|SOAT1|ETFDH|STK24|TMEM230|PTK2|ACLY|ADCK1|SUGT1|LRRC58|PPP4R3B|CHMP5|RBM47|ARHGAP5|ZKSCAN5|CLOCK|KIAA1191|SEPTIN11|ATP6V1A|ALDH1B1|CTDP1|RDH14|MTX2|SCLY|CAST|ANXA7|C1GALT1C1
KEGG_PEROXISOME	0.0968559837728195	0.488177847837682	0.374528763649557	1.24281013530717	381	73	MLYCD|NUDT12|FAR2|PEX12|PAOX|ACOX3|PECR|PEX3|PEX1|ABCD3|GNPAT|IDH1|AGPS|SCP2|ACSL4|ACSL1|PEX13|FAR1
JINESH_BLEBBISHIELD_TO_IMMUNE_CELL_FUSION_PBSHMS_DN	0.0971588916169765	0.488867794354625	0.279646392872122	1.12603717177369	276	327	AIM2|CXCL8|RHOV|DEPP1|CD69|APOBEC3F|MX2|RGS2|CPVL|STEAP1|SESN3|CSTA|MEMO1|ASB9|KCNG1|ONECUT2|NPL|EEPD1|DTX3L|RAPGEFL1|MRPS24|GCNT2|LANCL1|TP63|NIPSNAP2|C17orf58|UTP18|CRYZ|CHPT1|RTN4|TOB1|FNIP2|ETV5|APOL2|COP1|ASS1|IFIT3|MRPS6|TCEAL8|RBM4B|IFIT1|VWF|FABP6|GPNMB|ABCA6|KIT|RPS6KA2|FCGRT|RNF144A|PSMG1|INSIG1|KCNK1|DYRK1A|MRPL47|WASHC3|TMEM38B|SOCS2|ACSL1|BCL2|RPL15P3|CRABP2|IFI6|CADPS2|FTH1P11|ANKRD50|SETMAR|SPTSSA|ANXA5|TTC3|PMPCB|NMRK1|NUP88|PLBD1|PRXL2A|PLCB1|HMGCS1
NIKOLSKY_BREAST_CANCER_7P22_AMPLICON	0.0971617621452203	0.488867794354625	-0.474876921095663	-1.31298653834115	557	35	MRM2|AMZ1|CHST12|MICALL2|ADAP1|MAFK|MAD1L1|TMEM184A|GPR146|BRAT1|SNX8|PSMG3|NUDT1|GNA12|RADIL|INTS1|EIF3B|C7orf50|AP5Z1|COX19|GET4
PID_MYC_REPRESS_PATHWAY	0.0972086190009794	0.488867794354625	0.399396964082707	1.26067879784185	396	55	ITGB4|CCL5|NFYA|SMAD4|SMAD2|TJP2|GFI1|ALDH9A1|GTF2H2|NFYB|RBL1|BCL2|SP1|CDKN1B|MYC|CREB1
ZWANG_CLASS_1_TRANSIENTLY_INDUCED_BY_EGF	0.097182523478971	0.488867794354625	0.268744387312577	1.1071744979286	237	449	TSLP|LIPG|PRKCH|BCAR3|AGO4|DNAAF9|RNF217|CPNE8|CCN1|HERC3|INSIG2|MBLAC2|ACOX3|USP38|ARHGAP23|SOCS6|NEDD4|NABP1|ARID5B|HIF1A|ANGPTL4|WDR75|HIPK3|ENTPD7|AFF4|CCDC68|MACIR|AKAP12|HYCC1|MAPK6|RBAK|WDR35|USP6NL|SPRY2|SNAPC1|ARPP19|LRIG2|RAB6A|SLK|NFAT5|SKIL|LEKR1|WTAP|ITPRID2|SLC19A2|SLC38A2|HOMER1|IFFO2|PALM2AKAP2|NIPAL1|EFNB2|S1PR3|IL6R|PITX3|PSCA|PTX3|EPGN|CD274|ZNF536|XCL1|GPRC6A|CALD1|EGR2|IFIT5|ATL1|LRRC8C|ANKRD28|DUSP10|CAB39|FAM83G|EIF5A2|CDK17|SERTAD1|SOCS2|CSRP1|TCAF1|EEF1A1|B3GNT2|AHCTF1|CDK2AP1|PVR|ZNF800|KCTD9|BACH1|ANKRD12|AKIRIN1|FBXO33|SDE2|MYC|RNF25|RB1|ARL13B|BIRC2|SEMA7A|ZNF217|SHB|CHD1|MAK16|DCAF4|ING2|LINS1|KBTBD2|BMP2K|USP12|ZFAND5|MFSD6|SGMS1|WRN|OSBPL3|MAGI1|TRIM16|ATF1|REEP3|MARS2|CCT6A|BTG1|IL1R1|ZNF281|OSR2|ZNF2|SGTB|SSBP2|PNPLA8|DKC1|SUN1|PPAT|ZNF57
GSE12366_GC_BCELL_VS_PLASMA_CELL_UP	0.0974006573050493	0.488922429344558	0.303302782660509	1.15451317669632	325	191	MPZL3|ARL11|ZNF708|CCNG2|TBC1D10C|GLMN|RRM2B|HSDL2|S1PR2|GCNT2|ETV3|HYCC1|METAP2|ADD3|GINS1|CCP110|FNTA|RPL21|KPNA2|EPS15|TMEM106C|OSTF1|LINC01138|XYLT1|ITGB2-AS1|BACH2|MYL12B|SKAP2|CALM2|ROCK1|TDP2|EEF1A1|ADNP|VRK1|CMC4|CYBB|EEIG2|DCP2|PUM2|MASTL|INPP5B|PTEN|PTPRC|CEP85L|RAD21|PCNA|TMOD2|SGMS1|SNX29|AEBP2|DLD|FABP5|POT1|NUP50|SKP2|RMI2|BUB1B|SNRPD1|TOP2B|MCM9|POLD4|POLD3|CRKL|OFD1|NAP1L1|STAG2|HAUS6|VASP
GSE17721_LPS_VS_GARDIQUIMOD_1H_BMDC_DN	0.0973771480253241	0.488922429344558	0.304596728811135	1.15558238617744	322	188	RHOV|CFAP410|SNX18|TAMALIN|ACTR3|PANK3|VPS26A|GCC1|SLC25A46|CNIH1|TP53INP1|KLF10|FOXJ3|AMMECR1|PIK3CA|CCT8|DUSP22|AKAP12|NBR1|AAK1|SC5D|ARL1|MAPK1|GTF2A1|DLAT|EXOC8|MED17|RAP1A|MRPS23|USP47|TRIAP1|LIN9|SUPV3L1|CPNE3|DBF4|SSR1|ADNP|PRR3|SPCS2|MIS18BP1|RFC1|RNF25|ATG12|GOLGA7|QDPR|ABCB7|CHORDC1|SLC35A1|STARD7|HLTF|ITCH|EIF4A2|ATL2|ZC3H7A|RIOX1|VAMP1|SPTLC1|PPP4R3A|USP15|STRN|MED20|NEK4|PYGB|RASSF5|TXNIP|OXR1|SLAIN2|BRCA1|SF3B1|PLEKHA2|CCNJ|ZNF746
GSE5589_WT_VS_IL6_KO_LPS_STIM_MACROPHAGE_45MIN_DN	0.0974143114852676	0.488922429344558	-0.340000046099822	-1.19869359139664	647	176	WFS1|IL21R|SMAD7|RETSAT|GHDC|RTKN|CNNM4|RHBDF1|BSG|SLC12A4|ZNF516|CCK|ITGAX|PPARG|SPINT2|RIPOR1|PSMG4|P3H1|RGS14|GET3|MAFK|ACYP2|CCL24|IL18BP|POU6F2|SMDT1|TRIP6|ADAM15|ORAI1|RNF32|RFX1|PSMB10|FLYWCH2|NOL3|PDGFA|CDCP1|FAM98C|DOT1L|FAM118A|ARHGAP6|VARS1|RNF24|SF3A2|CEP170B|LONRF3|SPINT1|ZNF219|DNAJC27|LPCAT1
REACTOME_RUNX2_REGULATES_BONE_DEVELOPMENT	0.0973247232472325	0.488922429344558	0.48239268831477	1.31780417061167	421	27	SRC|RUNX2|YES1|SMAD4|SATB2|CBFB|MAPK1|WWTR1|BGLAP|ZNF521|RB1
GSE17721_LPS_VS_POLYIC_16H_BMDC_DN	0.0975022569966897	0.488949337815837	0.306290302602675	1.15863386366247	323	184	NLGN2|TLE6|RHOV|ADTRP|EFCAB7|IL12RB2|ALDH1L1|MANSC1|KAT2B|RYR1|STAP2|CCL4|ACTR3|SOCS6|FAM227B|RNF13|ZBTB18|PTGS1|CTSK|GCNT2|RAB22A|TSPAN13|RTN4|UTRN|CLK1|MRPL39|IFIT3|SNX4|EFNB2|RSAD2|TOX
WP_HOSTPATHOGEN_INTERACTION_OF_HUMAN_CORONAVIRUSES_APOPTOSIS	0.0975170924793091	0.488949337815837	-0.54205799176233	-1.35167051374086	541	22	ADAMTSL4-AS1|MAPK13|MAPK11|MAPK12
GSE21927_SPLEEN_VS_BONE_MARROW_MONOCYTE_BALBC_DN	0.0976461655277145	0.489352076668596	-0.343129497939252	-1.2014667044164	642	167	BEX5|AKAP13|MGAT4A|MARCKS|HLX|ENC1|CNTNAP3B|RTKN|PPM1N|LINC00173|MFSD13A|RNASEH2C|CYTOR|NICOL1|RGL3|ITGAX|SLC7A7|TIGD4|TMEM163|HSD17B10|ZNF575|STX10|NME3|TBCB|RGS14|SYCE1|ID3|DVL1|NDUFB7|MSRA|AFDN|F2R|NOS3|PGP|FERMT3|CNPY3|TMEM147|HSPA1A|NIBAN1|ENTR1|JMY|MCM2|CDC42EP3|DEXI|HIPK2|ST3GAL3|ANTXR2|UHRF1|MAST3|FXN|CARS1
GSE4590_LARGE_PRE_BCELL_VS_VPREB_POS_LARGE_PRE_BCELL_DN	0.0982793817439487	0.492279657657563	0.315034903168849	1.17325035345723	336	163	RFX3|SLAMF6|CCNG2|SESN3|MBNL2|CAMSAP2|FGF13|EGLN3|HIF1A|FAM107B|PHLDA1|EGR1|PLCL1|PPP1CC|DUSP22|AAK1|MKRN1|SKIL|DENND6A|DRAM2|PXYLP1|P2RX7|TOX|PTPN14|RNF125|USP33|DUSP10|JAK2|MBOAT2|CTNND1|KCTD6|ITM2A|RAPGEF6|NEU3|SFMBT2|BIVM|SEMA7A|TTC3|CLOCK|GGCT|FKRP|CHCHD3|PRKCQ|CDC25C|NDFIP1|HECTD2|GOT1|DST|CORO2A
SCHERER_PBMC_APSV_WETVAX_AGE_18_40YO_5_TO_7DY_DN	0.0983369486623283	0.492322339487507	-0.579278998905407	-1.36616291116551	543	17	SPIB|SNHG32|P2RX5|FLNB|HYAL2|NAP1L4
FIGUEROA_AML_METHYLATION_CLUSTER_3_DN	0.0985152838427948	0.492969301701881	-0.487751069564675	-1.31613192547195	563	31	H2AC11|PHLDB1|BATF2|TSFM|NECAP2|PPARD|NOS3|KDM4B|MED25
KINSEY_TARGETS_OF_EWSR1_FLII_FUSION_DN	0.0985915492957746	0.493105118002484	-0.314826813033122	-1.16506321003826	692	292	NFKBIZ|ATP2B1-AS1|TAGLN|IL11RA|MARCKS|QSOX1|LAMA4|LZTS3|PBXIP1|CCS|COL1A1|GRN|TSPYL2|RGS3|LDOC1|SMAD6|SGSH|SPSB3|NICOL1|ING4|SRRM2|KLF7|CLIP3|COLEC12|MAP1LC3A|IER3|LGALS3BP|IER5L|EFNA1|PHLDB1|ECE1|FRMD6|SEZ6L2|BCL9L|LTBP3|GMPPA|NLRP1|MMP24OS|PSAP|ISG15|MXD4|CTSD|CREB3L1|CST3|FAM131B-AS2|SELENBP1|FBXL20|SPHK1|RHOB|HEXA|MFSD10|PDP1|RILPL2|CDC42EP4|NBL1|RETREG2|SLC35D2|SIDT2|GNS|H2AC25|NUDT17|AAMDC|FLNB|HDAC5|ZBTB43|MEF2D|LMNA|SLC20A2|SLC35C2|NEU1|SNAPC4|HES1|MXRA8|YIPF2|DACT3|GOLGA2|BAIAP2|MAN2A1|METRNL
FRANCO_BLOOD_SANOFI_PASTEUR_SA_INACTIVATED_INFLUENZA_VACCINE_CORRELATED_WITH_ANTIBODY_RESPONSE_AGE_18_40YO_3DY_POSITIVE	0.0988792480115691	0.493831165128051	-0.578488766818456	-1.3642992396524	546	17	TBC1D2|RRBP1|LUC7L|PPP1R16A|ATXN7L2|TIMM44|MERTK
GSE11864_CSF1_VS_CSF1_IFNG_IN_MAC_DN	0.0988485120382832	0.493831165128051	-0.33873165306522	-1.19685995490182	660	178	TBC1D1|BEX5|NHLRC3|STOML1|ZCWPW1|GDPD5|RNLS|HYOU1|RASGEF1B|LONP1|PDLIM7|LGALS3BP|NOP2|UBB|LCTL|AFAP1|EXOSC5|P2RX6|SLC25A45|C11orf21|KCNE5|NSDHL|PSMB5|EID3|PIGL|TRABD|SP110|RNPS1|TRAP1|RPS2|CC2D1B|THOC6|PRPF19|PRELID1|CMTR1|ZNF668|PSMB4|NOPCHAP1|DUSP5|AARS1|SREBF2|MRPL46|NOC4L|NECTIN2|EOLA2|TXN2|PSMC3|AK4|ALAS2|KARS1|PTPA|EIF2B4|ENTREP3|FCHO1|EDEM1|DYNLT1|B3GALT6
GSE46606_UNSTIM_VS_CD40L_IL2_IL5_1DAY_STIMULATED_IRF4HIGH_SORTED_BCELL_UP	0.0988843038361608	0.493831165128051	-0.344748334789317	-1.20190324838287	646	160	TCEA2|AGBL3|PHYHD1|TMEM134|TMEM175|NUDT18|ADAMTS4|SERF2|ABHD17A|RP1|PNPLA1|TMEM208|UCP3|DENND2C|TOP3B|PIK3IP1|MCAM|NDUFS8|SLC27A1|P3H1|STX4|SMDT1|RNF32|PDRG1|DUSP7|SLX4|RBX1|H2AC25|NT5C|PTCD1|IPPK|NRARP|GIPC1|SDF4|MFSD9|STUB1|YIPF2|MRPL46|RPS5|BRD2|PROSER2|LDAF1|ZNF646|CHCHD7|MRPS26|SELENOO|CHP2|TMEM120B|CIAO3
GSE37533_UNTREATED_VS_PIOGLIZATONE_TREATED_CD4_TCELL_PPARG2_AND_FOXP3_TRASDUCED_UP	0.0990834386852086	0.494442072397828	-0.363730541982934	-1.22098617122738	626	117	KLHDC7B|IGF1R|PLA2G6|TASP1|CUL9|GIGYF1|DCHS1|CD163L1|APH1B|LUC7L|ATXN7L2|CNGB1|NOTCH3|CHD6|COLGALT2|FHIP2B|RAI1|ANKRD13D|NCKAP5L|PCYT2|LYSMD1|GPR180|CLCF1|APEX2|KYAT1|GRAMD4|NEURL4|CC2D1A|DDX51|PINK1|DENND5B|BRF1|PANK4|H6PD
WEBER_METHYLATED_HCP_IN_SPERM_DN	0.0991051454138703	0.494442072397828	0.561700630977724	1.3681698695798	442	17	MORC1|SPAG6|PIAS2
WANG_METHYLATED_IN_BREAST_CANCER	0.0993875765529309	0.495604815418937	-0.483641978451988	-1.31160265566933	567	32	GDF15|SLC9A1|SLC3A2|FYN|IRS2|SPHK1|SMURF2|UPP1|CAVIN1
HECKER_IFNB1_TARGETS	0.0995024875621891	0.495931464820881	0.369341883756698	1.23112292038778	379	77	SAMD9|MYL9|CXCL8|STAP1|MX2|DHX58|CCL2|DTX3L|EGR1|PNPT1|SH3BGRL2|PROS1|CMPK2|IFIT3|TMEM140|RSAD2|IFIT1|EGR2|IFIT5
CAIRO_HEPATOBLASTOMA_CLASSES_DN	0.0996983408748115	0.496168540258482	-0.33942855481123	-1.19452563165082	660	174	TNS2|COL18A1|SMAD7|PTPRB|TSC22D3|PDE2A|PLXNB2|SVEP1|ENG|BSCL2|CYLD|ECM1|LMOD1|UBA7|ITIH5|DBP|HSPB6|RARRES2|DCN|FMO4|FAS|ATN1|BCL6|MMRN2|TRADD|CSRP2|UQCRQ|ZBTB20|NBL1|APBB3
TURASHVILI_BREAST_NORMAL_DUCTAL_VS_LOBULAR_UP	0.0996784565916399	0.496168540258482	0.394845093705752	1.25344242054116	402	57	FOSB|DNAH1|USP25|GLUD1|ERI1|NR4A2|PTX3|RPE|ZNF250|PPHLN1|SMG8|VIPAS39|MTMR4|ADNP|ZNF823|RIDA|TRNT1|CLCN3|MAK16|ZYG11B|SKP2|PNMA8A|SMAD5|ATF3|MAFF|MAP4K5|EXOSC8
WP_CONSTITUTIVE_ANDROSTANE_RECEPTOR_PATHWAY	0.0996352029183767	0.496168540258482	0.503944432842627	1.32257409422749	436	23	FOXO1|ABCC3|NCOA2|SP1|ABCB1|HSP90AA1
GSE5589_IL6_KO_VS_IL10_KO_LPS_AND_IL10_STIM_MACROPHAGE_45MIN_DN	0.0998491704374057	0.496672930054846	0.308658469057385	1.16104867580642	330	178	TTC39B|LNX2|PLEKHH2|KIF7|HSDL2|SCOC|BLTP3B|PDE3B|ANGPTL4|ACSF2|SMARCAD1|ABHD3|KLF10|PTBP3|XPR1|DOCK7|LDHA|HYCC1|THOC2|UTRN|SH3BGRL2|PPIP5K1|PICALM|ETFA|DCAF6|MRPS6|OCRL|HNRNPH2|SYNE2|GPRASP3|ALDH9A1|SLC18B1|MED17|FLCN|CENPU|NATD1|NR2C1|UBQLN2|CDK2|C4orf46|NET1|BRAF|TMEM245|SMPDL3A|GLUL|ATP13A3|KBTBD2|NIPA2|CKAP5|ECHDC1|ATP6V1B2|USP16|SUCLG2|RIPK1|TGFBR3
GSE37301_COMMON_LYMPHOID_PROGENITOR_VS_GRAN_MONO_PROGENITOR_UP	0.100271002710027	0.498524182864414	0.305716829047143	1.15499264902504	332	183	MAP3K10|CD83|PRNP|SERINC5|ITGB1BP2|PLAAT1|TGFBR2|COPS2|ESF1|CCL4|ESR2|SLC25A44|ZNF614|BLTP3B|UCHL3|RAB22A|TXNL1|ABCE1|ARF4|YIPF6|DDX10|SNAPC1|SDCBP|NFAT5|HOMER1|EIF2B2|RRAD|LAMA2|GPR183|GJC1|OTUD7B|PPA1|SLC25A32|EIF5B|YARS2|CRY1|PTK2|UXS1|KRR1|NIP7|MAPRE2|DNAJB9|NEU3|TTC33|HEATR1|EIF3J|CHUK|MKLN1|TAF9|NUP88|GNL2|SFXN1|TIMM17A|GLUD2|DDX21|POLR1B
GSE2770_IL12_VS_IL4_TREATED_ACT_CD4_TCELL_48H_UP	0.100388407529131	0.498860809295749	0.302836749107057	1.1527392335972	335	191	PIGB|MAP3K10|ARHGAP28|COPS2|SLC33A1|ESF1|DDIAS|LGALS3|ARL5A|GNB4|BATF3|ANLN|ENTPD7|TRMT10A|LEO1|CKAP2|PROCR|ARF4|SHQ1|FNIP2|SCCPDH|RAB3D|GRK4|HARBI1|NDC80|MRPS22|TMEM140|C2|SCARF2|CPXM1|ALDH9A1|GALNS|APOO|CENPU|ACER3|TMEM38B|RTN3|ADK|ETFDH|EIF5B|RFC5|HBS1L|TMEM70|DNAJB11|NNT|TOR1B|PSMA6|ANXA1|TPST1|PRR11|NEPRO|ZWINT|PSIP1|MTIF2|RAB1A|IDE|LCORL|PEX2|RAB4A|DSTN|CDC42SE2|SREK1|TBL2|CDC25C|NDFIP1|GDAP2|RAD51AP1
GSE22886_NAIVE_CD8_TCELL_VS_MONOCYTE_UP	0.100440528634361	0.498872848308619	0.311483537303814	1.16775583457051	341	171	AKTIP|CD69|ZNF573|CD3G|SERPINI1|PDE3B|LRBA|IL18R1|RWDD2A|AMMECR1|PJA1|YES1|PRIM1|MSH2|SACS|ZFTA|DDHD2|CLK1|UBASH3A|RRAS2|NCALD|CD96|SYNE2|IL32|NCR3|S1PR1|INPP4B|BACH2|RNF144A|ABHD14A|LINC00342|TRMT11|ITM2A|RAPGEF6|KLRG1|METTL4|BAG2|ZBTB25|PPWD1
GAUCHER_PBMC_YF_VAX_STAMARIL_UNKNOWN_AGE_10DY_UP	0.100583744948361	0.498939662297792	-0.335858685932614	-1.18997436974856	671	183	ASCL2|IL15|NAGK|IRF7|IFI30|MT2A|TAP1|IFITM1|HES4|ACTA2|BTN3A1|UBA7|IFI35|OSBPL5|IFI16|IFIT2|HERC6|RIGI|LGALS3BP|SDF2L1|SHFL|FRMD3|MX1|IFITM3|BATF2|GBP2|ISG15|TAP2|PRF1|SP110|SHISA5|MICB|PHF11|SIL1|TIMM10|CTSL|OAS3|RGS12|SAMD9L|TUBG1|TK1|TXNDC11|PARP12|IRF9|PCK2|DUSP5
GRADE_COLON_AND_RECTAL_CANCER_UP	0.100609756097561	0.498939662297792	0.286080088156256	1.13196066301119	296	282	CD44|LST1|S100A14|ATP6AP2|TTPAL|TCF7|CKS2|KPNA3|EIF3E|VBP1|COPS8|BACE2|WDR75|MBTPS2|LDHA|CCT8|NPM1|PNPT1|MTHFD2|ERI1|CDCA7|CCNB1|PSMA1|ZFAND1|UBE2N|OLA1|IFRD1|HSPA4|UTP11|NUSAP1|PERP|SPP1|TGFBI|SERPINB5|ICA1|PSMG1|CNBP|LDHB|DPM1|PPA1|DUSP18|SRP72|CDK1|SSB|RRM2|RFC5|RHEB|TARS1|HNRNPK|PTPN12|CEP57L1|BORA|RRM1|NIP7|SEPHS1|ANXA5|PSMA2|MYC|GTF3A|GTPBP10|MKLN1|PMPCB|ZNG1B|HNRNPA1|KBTBD2|MRPL3|HMGB1|METTL5|NMI|PCNA|SRSF1|MRGBP|GARS1|PSMD14|SFT2D3|PLAAT3|EIF4B|FDFT1|HSPA9|HNRNPA2B1|FBXO11|AHCY|HJURP|INTS7|DDX27|RMI2|EEF1E1|DRG1|RLIM|CD46|GPSM2|KNTC1|GLO1|PSMA3|PLAU|SPARC|AMPD3|KIF23|MELK|MACROH2A1|HMGB2|POLQ|DCAF7|ATIC|ZDHHC9|PTCD3
GSE37301_MULTIPOTENT_PROGENITOR_VS_PRO_BCELL_UP	0.100652800971611	0.498939662297792	-0.343716335133923	-1.20080453855361	662	162	SCX|SLC2A4|DNASE1L2|TSC22D3|PBX3|ADGRD1|L1CAM|RPGR|FLT3LG|NBEAL2|TRIO|SH3PXD2A|RGS3|AATK|ATF6B|YBX2|PTGIR|SAMD10|NOP2|ATP2A3|ACP3|PKP3|SLC10A3|GGCX|DACH1|YJU2B|MERTK|FGFR3|FAM83H|PALM|RCBTB1|TSSC4|ACADVL|WNT5B|C19orf48P|ADGRL1|TRAF3IP2|LPCAT1|BCL2L1
TURASHVILI_BREAST_DUCTAL_CARCINOMA_VS_DUCTAL_NORMAL_DN	0.100598986330825	0.498939662297792	-0.345856208811732	-1.20186153317001	654	157	TAGLN|CARMN|KRT15|ANPEP|TRIM29|SYNM|FZD7|CFAP70|KCNC4|ACTA2|SPIN3|MICAL3|PDLIM3|ZNF462|DSC3|SORBS2|APOD|CFD|ULK4|LAMB3|FOS|MET|PIGR|TSHZ2|IGHA1|CCDC9B|CLDN11
GSE6092_UNSTIM_VS_IFNG_STIM_AND_B_BURGDORFERI_INF_ENDOTHELIAL_CELL_DN	0.100879222582138	0.49981522027616	-0.348838559198937	-1.20227295563868	653	145	GAA|SCX|DHDH|ENG|RDH16|KIF1A|GLB1L2|RCN3|CBX8|DNPH1|ABCB8|ADAMTSL4|SFI1|CLIP3|RP1|TMTC2|STC2|DNAAF6|INHBE|DHX38|THBD|MTMR10|H2AC25|ZNF354B|HMG20B|TFR2|ZBTB39|STARD10|RABL6|TMEM183A|GAS6|TCF15
BHATI_G2M_ARREST_BY_2METHOXYESTRADIOL_UP	0.101050929668553	0.500418960045848	0.343571059180911	1.20883526907011	374	106	IL12RB2|CCN1|ALG13|ZSCAN30|PBK|EGR1|CCNB1|ATL3|CBX3|GCLM|MAPK1|MAD2L1|WWTR1|IL24|SND1-IT1|MED17|EIF5A2|LIMK1|NRAS|PCYOX1|BUB1|EIF2S1|FAM3C|HACD3|PSMA2|ANXA1|TNPO1|ANKRD42-DT|TBX18|NEK2|API5|PHIP|PCNA|HSP90AA1|CORO1C|TFRC|SCLY|NDC1|HSPA5|PSMA3|KYNU|SPARC|DLGAP5|PURB|MIR22HG|ASPM
GSE12392_IFNAR_KO_VS_IFNB_KO_CD8_NEG_SPLEEN_DC_UP	0.101296352125415	0.501139863299611	0.303631170626548	1.15191924102387	335	188	SNX16|DEPP1|CCNG2|GNA13|LGALS3|MFSD14A|SEC24B|CCL4|CLDND1|CNOT8|PDGFB|ZNF277|RSRC2|UAP1|ETV3|RIF1|GAS2L3|NAA15|TOB1|WBP4|MAPK8|RP2|PER2|SLC38A2|B3GAT2|PTX3|GATA4|ELL2|MED17|ANKRD28|PPIL4|CDK17|SERTAD1|ZDHHC20|OSGIN2|RAB5A|NFE2L2|ARL5B|LRP12|REL|B4GALT5|RAPH1|RAPGEF6|ZNF627|KDM3A|BFAR|DNAJB9|SDE2|ZBTB21|R3HDM4|SHB|SERTAD3|NCK1|IVNS1ABP|USP12|NDE1|LRRC40|BRWD1|CHMP1B|DDX21|CDC73|CORO1C|ZNF136|SERTAD2|FCHSD2|SAV1
RORIE_TARGETS_OF_EWSR1_FLI1_FUSION_DN	0.101268690530131	0.501139863299611	0.519379478267479	1.33492786192222	446	21	RGS5|SCG2|PRPH|NREP|CD24|MLLT11
GSE13738_RESTING_VS_TCR_ACTIVATED_CD4_TCELL_DN	0.101357466063348	0.501174692540451	0.304127158558619	1.15113683861832	335	185	ST8SIA4|SLC9B2|BMAL2|SOCS6|BLTP3B|COPS8|HS2ST1|BPNT2|FGGY|B3GNT5|CCT8|MRPL42|LYPLA1|GNPAT|RDX|STAG3|TJP2|WSB2|LRRC28|ERP44|SCP2|EIF2B2|SYTL3|EMILIN2|F5|PDE4D|CMTM7|SLIT1|EGR2|MRPL47|TIMM23|NME7|WIPI1|NDUFB5|EIF3J|SPTSSA|PPP1R16B|THOC7|CHMP5|PARK7|MTMR2|AGPAT5|PIGX|BMP2K|ZFYVE1|CHP1|GTDC1|TFRC|BTBD3|FDFT1|SEC61G|LRRCC1|ZNF57|COMMD3|BCAT1|STAMBP|INPP1|MSMO1|SARNP|KYAT3|ATP5MJ|MBD2|SLC25A17|GTF2H5|FOSL2|ZNF282|PPP2R5A|FDX1|TRAK1|VSIG10L|EVI5
GSE40274_IRF4_VS_FOXP3_AND_IRF4_TRANSDUCED_ACTIVATED_CD4_TCELL_DN	0.101415094339623	0.501174692540451	0.361719114333146	1.22278626475271	386	83	PLA2G3|ITGB1BP2|LY6G5C|CSPG5|MUC19|CCDC7|MME|HEMGN|TRUB1|FGGY|CHIC1|ABCA13|LIPC|LRRC37A|MAP3K19|IFT57|SQOR|VWA5A
HOOI_ST7_TARGETS_DN	0.101453175457481	0.501174692540451	0.348834211644617	1.20776299063771	376	97	GPR160|FOXA1|DEPP1|PGAP1|CCNG2|PDK1|ANKRD36B|ARID2|TCN1|ANGPTL4|TP53INP1|NPTN-IT1|PPP1R3B|PRKRA|ETFA|MSANTD2|RAP2A|PAK3|ARMH4|IGFBP5|VWA5A|NAA25|EXOC6|IREB2|CADPS2|TLCD4
GSE6674_UNSTIM_VS_ANTI_IGM_STIM_BCELL_UP	0.101569186875892	0.501278678269829	0.315453257038007	1.16928416397944	355	156	TLE6|HERC3|POGLUT1|SLC38A9|TMEM106B|ATG4C|UBA5|PSMD5|USP2|AP1S2|SCFD2|ITSN1|USP6NL|SLF1|PLAA|ATL3|GRK4|HARBI1|DENND6A|ZNF90|GNPDA2|NCKAP1|IRAK4|CPOX|ACER3|GRK5|SBNO1|SNX2|PTK2|SMC6|RNPC3|ZCCHC10|FTO|FAR1|COPS4|FBXO28|NPAT|ZMPSTE24|SEMA7A|RBBP8|MFSD14B|ZFAND5|GINM1|SLC4A1AP|WRN|TAX1BP1|SEC63|GTF2H1|ECD|TRAM1|POLR3G|USP16|ATP11C|RAB35|FUBP1|COPB2
GSE7764_IL15_TREATED_VS_CTRL_NK_CELL_24H_UP	0.101574101574102	0.501278678269829	0.300623141825827	1.14992412691678	341	195	CETN3|SLC9A2|MEMO1|C5orf15|PLK4|DEPDC1B|TOP2A|NBN|KIF20B|MTHFD2|UAP1|CCNA2|ARHGAP11A|ZWILCH|PUS3|DNA2|METAP2|PLAA|NCAPG|HSPA14|AGK|NUSAP1|PLRG1|HNRNPH2|WDR89|APOO|HAUS5|TRIAP1|CKAP2L|OSGIN2|TYMS|HAUS1|METTL14|COPS5|NUBPL|ARMT1|GSTCD|COMMD10|MASTL|NEK2|IPP|PTGER3|FAM111A|MPHOSPH10|ZWINT|SPRED1|WEE1|HELQ|MBD4|BZW2|ATAD2|DDX20|ATAD5|RUSF1|CDCA2|PCLAF|CENPJ|POLR3G|CDC25C|DKC1|KPNA1|PPAT|ALYREF|GPSM2|GOT1|PATL1|TBC1D7|BLTP3A|WDR43|NFX1|HROB|ILF2|HAUS6|ATIC|BRCA1|BRCC3|SLC31A1|CALU|CRTAP|CDC6|PPP5C|LAP3|THYN1|IARS1|CTR9
GSE1460_DP_THYMOCYTE_VS_NAIVE_CD4_TCELL_ADULT_BLOOD_DN	0.101689845969792	0.501603279530601	-0.337933295943727	-1.19403907394848	679	178	ZNF331|FAM171A1|NOTCH2NLA|TCN2|CYLD|SCN5A|NBPF10|APOL1|MINDY1|PBXIP1|RPLP2|FLT3LG|ANKH|TLR6|LPCAT3|RPS29|UBA7|PLSCR3|IFITM2|ARHGAP45|COL6A1|CIB1|WDR46|APOBR|SLC6A8|DGCR2|FAU|TIMP1|DZANK1|EXOSC5|NLRP1|BIN1|DUSP13B|WDR4|RPS18|UXT|NENF|ZMYND11|RPS27|TNIP1|MGAT4B|IL6ST|CRAT|EEF1D|PXN|TRAF3|TTC13|PDXK|RPS5|HABP4|GSTK1|EHHADH|DENND4B
GSE18281_PERIMEDULLARY_CORTICAL_REGION_VS_WHOLE_MEDULLA_THYMUS_DN	0.10216049382716	0.503677326639016	-0.34885536782358	-1.20183802389307	661	144	PLEKHN1|ENSG00000291179|CYP19A1|TCAP|LAMA4|MINDY1|ECM1|PPP1R14A|REX1BD|LIFR-AS1|MYO1A|CASC11|ZNF528|FUT8-AS1|PPFIA4|RECQL5|TINAGL1|ENTPD1|FRMD3|TMEM232|EMC4|TACO1|CREB3L1|SORBS3|DECR2|LRSAM1|ABCD1|TPGS1|SZT2|AHSP|TNFRSF10A-DT|GTSE1|CTTN|ZNF628|CD276
MIKKELSEN_ES_ICP_WITH_H3K4ME3_AND_H3K27ME3	0.102278235579254	0.504010274297765	-0.3782382779848	-1.23049014716683	632	93	SULT2B1|REM2|MELTF|CIITA|LAMA4|PHYHIP|TSSK3|RNF207|TNFRSF8|GRM3|DSC3|EXTL1|TGFB3|MST1R|LOXL3|NCAN|SEZ6L2|LYL1|NOL3|GGT7
GSE26495_NAIVE_VS_PD1LOW_CD8_TCELL_UP	0.102385986106916	0.504293684269493	-0.339355691466444	-1.19342085128972	677	173	IGF1R|GNAS-AS1|LEF1-AS1|ZCWPW1|GAS5|NAT9|EEIG1|SNHG32|ABCB8|SREBF1|ZNF285|KLF7|MMEL1|AGBL2|MICU3|DCHS1|DICER1-AS1|ZNF436-AS1|PIK3IP1|ROBO3|COL6A3|SPINT2|SP2-AS1|HSBP1L1|USP20|SLC12A6|KLHL32|ADPRM|SCARB1|TACC3|GAL3ST4|ERICH1|RPL27|DDX31|SUSD3|FLNB|ATP6V0E2-AS1|SLC2A11
BANDRES_RESPONSE_TO_CARMUSTIN_WITHOUT_MGMT_48HR_DN	0.102622777679986	0.504539204747994	-0.499202956956619	-1.31842236724202	582	28	AMH|ATP1A3|IRS1|FYN|LRCH4|NRTN|INPPL1|MAP4K2|HMGN2|EPHX1|TUBG1|MDK|ATP5F1D
FEKIR_HEPARG_SIDE_POP_VS_HEPARG_DN	0.102700954229339	0.504539204747994	-0.392902719520814	-1.24910777742106	634	77	LYRM9|GLYCTK|TSC22D3|FGF14-AS2|HSPB3|PRDX6-AS1|IGFBP2|SLC23A3|GGN|LINC02714|H3C12|PCOLCE|RPP25L|PPP1R16A|IER5L|DCN|SLC12A6|DACH1|NUDT8|CEBPB
GSE17721_LPS_VS_GARDIQUIMOD_6H_BMDC_UP	0.102641056422569	0.504539204747994	0.306844161194601	1.15569581742262	341	179	PITPNC1|SETD7|CD83|PTPN6|FOXO1|MX2|COPS2|HLA-B|CCL4|SFT2D2|CD164|TAB2|RAB22A|SEH1L|SLF1|MXI1|STARD3NL|RRAS2|IFIT3|SEC22A|MAD2L1|HOXC4|TANC1|STRA6|GNPDA2|FOXP1|CRBN|VWA5A|VRK2|UBE2W|CPNE3|SNX2|DNAJB11|COQ3|ATAD1|SECISBP2L|UBE2D1|SUB1|ARL4A|PSME4|UPF2|ASTN1|ARCN1|NSMAF|ATP11B|TFG|HELZ2|REEP3
GSE31082_DP_VS_CD8_SP_THYMOCYTE_DN	0.102602452886629	0.504539204747994	-0.334422304480175	-1.18624045985184	685	187	BHLHA15|SLC26A11|TMCO4|RPS21|ENG|ANAPC11|PHYHD1|AXL|TSPYL2|DENND1C|HERC6|RP1|MIF|PTK2B|CA12|KCNAB2|MYO1G|TXNRD2|SEMA4F|SLC12A7|RRP12|UNC13D|CAD|SLC26A6|LSM7|AGRN|ING5|NFE2L1|KICS2|F2R|PDRG1|GRK6|RTBDN|PARP3|FBXL6|PTCD2|FLNB|HCN3|XYLT2|FRRS1|EEF1D|RRP7A|LPCAT1|RPL35|NT5DC3|SH3BGRL3|SPTBN1|ERAP1|AP1G2|ARHGEF3
GSE9316_CD4_TCELL_BALBC_VS_TH17_ENRI_CD4_TCELL_SKG_PMA_IONO_STIM_FR4NEG_DN	0.102587244283995	0.504539204747994	0.306009650234234	1.15516937868367	340	182	IL12RB2|EFNA2|ARHGEF16|EPS8L3|ENOPH1|CD164|NAA30|NUDT13|STXBP3|ZBTB18|YES1|DDX19B|MAPK6|NDFIP2|ETNK1|SCAF8|PTGES3|RTN4|YWHAQ|TMEM123|OAT|RPL39|HSPA4|ARL1|UTP11|WWTR1|C1S|PLXNC1|ARL3|RAP1B|GNG10|VAPA|ZFP14|WIPF1|PLPBP|DDX5|ZNF286A|EBAG9|WSB1|HYCC2|CYRIB|KMT2E|TNPO1|CTNNB1|RCN2|KIAA1191|USP12|SRSF1|ARCN1|DDX6|CHMP1B|NIPA2|HMBOX1|CDC73|ZYG11B|LTA4H|NDFIP1|WASHC2A|MCL1|NAA35|FAM149B1|CRK
REACTOME_CHROMATIN_MODIFICATIONS_DURING_THE_MATERNAL_TO_ZYGOTIC_TRANSITION_MZT	0.102737411287597	0.504539204747994	-0.426850540498268	-1.27337043424668	607	53	H4C4|H2AC20|H2AC7|H2AC8|H2BC13|H2BC17|H4C11|H4C3|H3C12|H4C14|H3C13|H4C2|H2BC5|H3C2|H2BC12|H2AZ2
GSE25088_IL4_VS_IL4_AND_ROSIGLITAZONE_STIM_MACROPHAGE_DAY10_DN	0.10280233777911	0.50461118172455	-0.336163951305766	-1.18885764480079	685	180	TMEM238|IL17B|TMCO4|FAM171A1|IL15|EXOC3L4|PLXNB2|KLC3|RASGRP3|HEPACAM2|PPFIBP2|LYST|RENBP|MAPK12|NOL12|HOOK2|CEP250|GDF2|TNFRSF1A|LSR|P2RX5|MET|MDFIC|EPHX3|SLC2A8|AKNA|KCNK6|POLE|SLC1A5|TRAP1|CPQ|AFDN|RAB40C|CERS5|PLEKHF1|RGS19|RAB30|PRELID1|ARHGAP22|ZNF205|IRAG2|NFE2|TAX1BP3|FRRS1|DBN1|MINK1
GSE36476_CTRL_VS_TSST_ACT_72H_MEMORY_CD4_TCELL_OLD_UP	0.103016591251885	0.505415710159543	-0.338282493806302	-1.19096474011872	682	175	MATN1|UBL3|ZNF331|TSC22D3|RAP1GAP2|IL11RA|TIMP3|REN|IFITM1|GDPD5|RPS29|DGKD|DYRK2|GPRASP1|CILP|ZNF516|ADAM22|KLF7|SLC2A9|HFE|CPS1|PLEKHA1|RASGRP1|FOS|SEMA3G|ACP3|TKTL1|IRS2|DLK1|ITGB5|HIC2|SEMA4C|SLC2A3|PLK3|PHF11|ZBTB20|NOL3|SGK1
GSE1112_OT1_CD8AB_VS_HY_CD8AA_THYMOCYTE_RTOC_CULTURE_UP	0.103298070939639	0.506549113870101	-0.35163969222448	-1.20411034959305	663	138	ENG|TMCO1-AS1|AURKC|L1CAM|C1orf35|REX1BD|NBEAL2|ZNF701|CLCN2|GIPC3|JAKMIP3|USP30-AS1|MYH7B|SLC26A10P|TSC22D1-AS1|DBIL5P|CACNA2D2|RGP1|TRPM1|FOXD4|SPTB|SMIM24|KCNN1|TPRN|ID1|PCYT2|GTSE1|ZNF775|TBC1D17|DNAL4|PAIP2B|GYG2|H1-5|SPRYD3|ZNF408|STMN3|MED15P9|DNAJC19|TAF1C|EHHADH|VGLL4|ACRBP|SHKBP1|MYO1C
REACTOME_CHEMOKINE_RECEPTORS_BIND_CHEMOKINES	0.103367633302152	0.506642726116698	0.463266608102835	1.29595578484271	441	30	CXCL8|CCL5|CCL2|CCL4|CCRL2|XCL1|CXCL11
GSE20366_EX_VIVO_VS_DEC205_CONVERSION_NAIVE_CD4_TCELL_UP	0.103559870550162	0.507337228200354	0.309874124138556	1.16273747356966	351	172	ZBTB26|STAP1|MORC1|EXO5|IL12RB2|CCL5|DNAAF9|RYR1|TTPAL|MNS1|PDE3B|ANLN|HIC1|LZTFL1|DNA2|AP3M1|NDC80|NUP37|NUSAP1|SYTL3|P2RX7|RCBTB2|SLAMF7|IFIT1|TTC39C|TMEM176A|XCL1|TMEM176B|PHETA2|LITAF|OTUD7B|TENT5A|CARD10|MOSMO|UBXN7|CDK1|SNX25|CHSY1|BUB1|KCTD9|ABCB1|DNM1L|PPM1K|RIOX2|GOLPH3L|IL17RE|TRIM32|FRYL|FAM111A|MTIF2|TMT1A|ASAH1|WRN|OSBPL3|NCAPG2|SRBD1|RMDN2|IL1R1|CDK6|LYSMD2|RNF130|RAD51AP1|INPP1|STAT1|KNTC1|AFP|CORO2A|SERPINB1
GSE25123_ROSIGLITAZONE_VS_IL4_AND_ROSIGLITAZONE_STIM_MACROPHAGE_DAY10_UP	0.103739445114596	0.507763865507519	0.303966346655746	1.15197270955413	343	187	MPZL3|KCTD12|CFAP95|DHX58|ONECUT2|PDCD10|NABP1|EIF3E|CNIH1|MME|TOP2A|RIMS3|HIC1|FER|TAF9B|ZNF146|CAPN2|WSB2|UBASH3A|CMPK2|DYM|SCFD1|SKAP2|VWA5A|PAPSS1|POGLUT3|SMG8|RDH11|SNX25|PRMT6|PEX13|ABCB1|COPS4|SELENOF|SUGT1|GOLT1B|ZMPSTE24|TUBGCP4|ZDHHC5|SNRNP35|ARL4A|GALNT1|NUP88|FUCA2|C1orf131|CNDP2|NSMAF|ATP6V1A|GARS1|ANKRA2|ECD|TRAM1|IL1R1|BCCIP|PEPD|ATP6V1C1|DRG1|EIF3H|BUB1B|STAMBP|LMAN1|SORD|GNE|HSBP1|SERPINB1
GSE37301_COMMON_LYMPHOID_PROGENITOR_VS_PRO_BCELL_DN	0.103748125937031	0.507763865507519	0.302508293423015	1.14941049492354	345	189	PIGB|NXT2|RAD54B|ZNF43|CRYL1|SLC33A1|RAD52|LEMD3|CCNG1|VPS26A|LAMP2|VBP1|GNAQ|BNIP3L|USP2|RCHY1|NHLRC2|CCNA2|KNL1|SMAD2|CRLF3|CEP135|ELMO1|ADD3|ARPP19|WSB2|RAB6A|DENND4C|IDH1|GCC2|TAPBPL|MAGT1|MYL12B|ATP5F1C|TDRD3|RTN3|STAU2|SCAPER|RRM1|COQ3|RCOR3|SEPTIN2|KIDINS220|STMN1|STX7|KIF14|NEK2|NMRK1|SPG11|NMI|ATP11B|CIZ1|PSMC5|FDFT1|SKP2|ZBTB38|RBBP7|DENND1B|SCAI|ACOT7|SPTLC1|GLO1|KYAT3|SUMO2|UBE2K|EFCAB14|OARD1
GSE41867_DAY8_VS_DAY15_LCMV_ARMSTRONG_EFFECTOR_CD8_TCELL_DN	0.103826850690088	0.507791543804032	-0.358088902787838	-1.20983024983427	661	122	CADM2|IQCD|H2AC11|GNRH1|ENTPD3|CUBN|PRKCZ|L1CAM|FXYD1|ICAM5|SYT7|TMPRSS11B|LINC01116|FMN2|LINC00310|PPFIA4|PCOLCE|CHTF18|ESRRB|FBXO41|CREB3L1|C19orf81|B4GALNT1|PHC1
ROZANOV_MMP14_TARGETS_SUBSET	0.103854955113536	0.507791543804032	-0.498615011316235	-1.31686957058446	589	28	COL18A1|LAMB1|TIMP3|LAMA4|SERPINH1|COL6A1|LOXL3|P3H1|PAEP
RAO_BOUND_BY_SALL4_ISOFORM_A	0.103950686466797	0.50801216687133	0.324465951868156	1.18220317137688	370	137	SETDB2|STAP1|ASAH2|DYNC2LI1|EPB42|FZD8|KAT2B|CTF1|GNG12|UBR3|NEDD4|JKAMP|VPS54|AFF4|RGS9|LRIG2|CYP2R1|NFAT5|PPP3CB|SPATA6L|SERPINE2|GRIP1|KIF27|RBL1|UGP2|MFF|FBXL4|RFX7|ADAM10|SEPTIN7|SACM1L|ERCC5|PRAG1|CDC5L|ALDH1A2|BAIAP2L1|ECHDC1
BREDEMEYER_RAG_SIGNALING_NOT_VIA_ATM_UP	0.104029304029304	0.508128158416295	0.40174490117423	1.25745577824288	425	52	CNRIP1|TMOD4|POGLUT1|DOCK7|PJA1|EDARADD|ISOC1|SGCB|EHD3|SLC20A1|ZFP14|THOC1|ELOVL6|SEC23IP|KLHL7|MAFF|PAIP1|ZC4H2|KANSL1L|SMG1|BLOC1S2|LSM12|PRELID2|CDC23|TIMMDC1|PIK3AP1|FAM32A|RAB32
CHEOK_RESPONSE_TO_MERCAPTOPURINE_DN	0.104666968735841	0.508128158416295	0.517464572560174	1.33000610222897	461	21	LST1|HAT1|SOCS6|CUL4B|CA3|CIR1|RBBP8
GSE13484_12H_UNSTIM_VS_YF17D_VACCINE_STIM_PBMC_UP	0.10421686746988	0.508128158416295	0.303662780274498	1.15047637310732	345	186	PCYOX1L|TENM1|CD36|MBNL2|PKD2|RNF139|PANK3|HACD2|ANKRD49|SLC25A46|KLHL24|BPNT2|NCOA4|DHX40|ZBTB18|PTGS1|AMMECR1|SGPL1|NEK9|UTP18|SACS|CHPT1|DDHD2|RMND5A|ZNF34|HSPA14|RPL21|XPO7|COIL|MSANTD2|RCBTB2|FPR3|FBLN1|KIT|APPBP2|RHOA|CALM2|CSRP1|LINC00342|CMPK1|PCYOX1|RDH11|NARS1|ACTL6A|MTMR4|CLTC|LSM14A|COMMD10|ZMPSTE24|MTRF1|PDIA3|PSME4|PLBD1|SRSF1|NACA|GLT8D1|AVL9|SLC35A1|ZNF124|RB1CC1|VPS37A|DSTN|EIF4B|TBL2|EIF2D|INPP4A|SUMO3|ZBTB11|BNIP3|VAMP1|SPTLC1|ZC3H14|MPP1|HEXB|CANX|SKIC3|MACROH2A1|KDELR2|EEF1B2|RPS6KB1
GSE17721_CPG_VS_GARDIQUIMOD_2H_BMDC_DN	0.104637336504162	0.508128158416295	0.300966642656435	1.14985255671312	351	194	ALDH1L1|MS4A6A|C5orf15|FGF13|TMEM51|MTX1|MGAT2|RNF13|CEP20|HACE1|PTGS1|RHOT1|DDX19B|NOL11|NEK9|SYPL1|SACS|DDHD2|PIAS2|SH2D1B|DENND6A|NUP160|CBFB|PJA2|RECK|FCER1G|F5|TMEM176B|POF1B|RAP1A|PPIL4|TMED7|CTNND1|PAPSS1|TDP2|PIGH|AP1G1|DBF4|CASD1|ATE1|DRAM1|SVBP|DERL1|CHUK|RNF14|UBE2D1|MAPK9|GLTP|ITM2B|PLBD1|PANX1|JAGN1|NSMAF|MED14|MBD4|TRIM59|KLHL7|PAPOLG|HELZ|ECHDC1|ASB8|CTDP1|POLR3G|INTS7|ALDH18A1|OMA1|NSMCE4A|FKBP15|RRN3|MOCOS|KRCC1
GSE17974_CTRL_VS_ACT_IL4_AND_ANTI_IL12_6H_CD4_TCELL_UP	0.104733727810651	0.508128158416295	0.308976229132835	1.15961300428333	353	173	ITGB7|RFX3|ZNF101|ZNF731P|ARRDC3|TENM1|PELI2|ANKDD1A|RGS2|CFL2|DOK2|KAT2B|RNF139|REC8|TP53INP1|NAP1L5|MT1X|MXI1|CAPN2|TOB1|TJP2|SC5D|ZNF34|NDC80|SKIL|DENND6A|TCEA3|HSD17B11|H1-10-AS1|EFHC2|MORC2-AS1|PERP|HKDC1|OTULINL|PDE4D|SYTL2
GSE40666_UNTREATED_VS_IFNA_STIM_STAT1_KO_CD8_TCELL_90MIN_UP	0.104246512340947	0.508128158416295	-0.34587462456424	-1.19775414577403	679	151	EFNB1|CCR7|SEMA4D|IRF7|MARCKS|SNORC|LYST|KREMEN2|ZNF467|IL4I1|MICAL3|DOHH|CRYBA4|SYT7|CSF2|CIMIP2B|TSC22D1-AS1|CYTH3|TTYH2|C8G|AKT3|MX1|KLHL4|CCDC9B|MYO1G|SH3D19|MUC1|PSAP|ATOX1|TBC1D10A|CDC42EP4|HIVEP1|OAS3|CMTR1|MREG|PGGHG|NFE2|GYG2|IRF9|SRGAP2|TPRA1|ZNF408
GSE41867_DAY6_VS_DAY15_LCMV_CLONE13_EFFECTOR_CD8_TCELL_UP	0.10459062943682	0.508128158416295	-0.36186964106534	-1.21427800607484	662	116	BCO2|PTPRB|CUBN|RDH16|REN|PHYHD1|PRKCZ|MYL11|ZC3H12C|VMO1|NKX6-1|LINC01116|LINC00310|PPFIA4|TEX22|NDRG4|C19orf81|KICS2|ARHGAP39|PALM
GSE7852_TREG_VS_TCONV_THYMUS_UP	0.104092526690391	0.508128158416295	0.308951608528688	1.16043004656544	350	174	VAV2|TTC39B|CD83|MGARP|PRNP|CD44|FCGR2B|PPP2R3A|CCL5|LGALS3|HLA-B|ARL5A|IL18R1|PAQR3|PEAK1|NR4A2|TSPAN13|SH3BGRL2|PROS1|PRKRA|TMEM140|IL1RL1|TTC39C|BCL2L15|SLC22A2|TMEM176B|PHETA2|SOCS2|HBEGF|IFT74|MED7|ATG9B|KLRG1|FAM241B|MAPRE2|S100A10|ARRDC4|THOC7|LAMB2|PLSCR1|DENND4A|OSBPL3|SEPTIN8|PLAAT3|GABARAPL1|REEP3|BHLHE40|IL1R1|PTPN9|S100A4|PNP
HOWARD_NK_CELL_INACT_MONOV_INFLUENZA_A_INDONESIA_05_2005_H5N1_AGE_18_49YO_1DY_UP	0.104609290601368	0.508128158416295	-0.557080298592565	-1.34909107461809	580	19	MIR9-1HG|TYMP|DERL3|PRPF31
KORKOLA_TERATOMA	0.104475013059377	0.508128158416295	-0.471096156981159	-1.30253310890193	599	35	NFKBIZ|PLAT|COL14A1|EPS8|CLDN6|DCN|PIGR|HIC2
LEI_HOXC8_TARGETS_DN	0.104319180087848	0.508128158416295	-0.594184865707897	-1.35692950617599	569	15	ADAM19|TAGLN|ACTA2
MOOTHA_GLUCONEOGENESIS	0.10470479704797	0.508128158416295	0.476732777085041	1.30234238023942	453	27	GPD1|ME1|LDHA|FBP2|LDHB|GPI|ALDOA|PGK1|GK|MDH1|ME2|GPD2|PC|TPI1|MDH2
OUELLET_CULTURED_OVARIAN_CANCER_INVASIVE_VS_LMP_DN	0.104657340180627	0.508128158416295	-0.521712686668479	-1.33057681515337	590	24	NHLH1|AEBP1|TMEM94|GSTP1|FLNA|HYAL2|MAP1A|LIMK2
PID_NFAT_3PATHWAY	0.104517704517705	0.508128158416295	0.401006157034383	1.25514351968134	427	52	PRKCH|AKAP5|MAP3K1|YWHAQ|YWHAG|MAPK8|KPNA2|PPP3CB|YWHAZ|NFATC2|BCL2|CASP3|PPP3R1|MAPK9|MAPK14|CHP1|YWHAH|PRKCQ|EP300|KPNB1|PPP3CA|FKBP1A|YWHAB|PRKCD|PRKCB|CSNK2A1|XPO1|PIM1
WP_OLIGODENDROCYTE_SPECIFICATION_AND_DIFFERENTIATION_LEADING_TO_MYELIN_COMPONENTS_FOR_CNS	0.104700854700855	0.508128158416295	-0.528524145842476	-1.33396058351149	587	23	MAG|CXCL1|IL1B|FGF2|CNP
WP_SEROTONIN_HTR1_GROUP_AND_FOS_PATHWAY	0.10482180293501	0.508309786406587	0.450868085452004	1.28944914516433	449	33	GNAI3|MAP3K1|GNAQ|PIK3CA|MAPK1|RAP1A|RHOA|JAK2|ELK1|BRAF|CREB1|MAPK14
GEISS_RESPONSE_TO_DSRNA_UP	0.104989359186569	0.508630882005202	0.431918102697776	1.28296069050656	443	39	CD44|CCL2|CCL4|CHN1|TFPI2|IFIT1|BIRC2|ANXA1|UBQLN1|NMI|ATF3|BNIP3|PSMA3|HMGB2|TNFAIP3|XPO1|ACSL3|PLAUR|EIF2S3
LANDIS_ERBB2_BREAST_TUMORS_65_DN	0.104978165938865	0.508630882005202	-0.483409700900199	-1.30441731476969	600	31	MARCKS|ACTA2|APLP2|CHCHD10|COL6A3|PHLDB1|HEPH|ACAA1|TSC22D1|GPAM
GSE14415_INDUCED_TREG_VS_FOXP3_KO_INDUCED_TREG_DN	0.105062920690664	0.508741725949295	0.311981874939411	1.16523158117753	358	167	TTC39B|ST8SIA4|CD44|PLEKHM3|MYO3B|FCGR2B|IL12RB2|SNX18|SCRN3|CCL4|RUNX2|HACD2|MRPS24|TAF9B|NR4A2|SYPL1|SMNDC1|KCNJ8|TCP1|RAP2A|NCALD|SYTL3|TTC39C|SAMD3|BEX3|SBDS|ACSL4|GNG10|SAMSN1|CHSY1|PSTK|RABGAP1L|ZNG1A|ANXA1|SMPDL3A|CHMP5|SUCLG1|ING2|SMPDL3B|ZWINT|PTPRJ|GINM1|MFSD6|PSMD14|PLAAT3|DSTN|FAF1
WP_COMPLEMENT_ACTIVATION	0.105234260614934	0.509325703014807	-0.593667672750195	-1.35574840173326	574	15	C3|C5|CFD|C8G
NIKOLSKY_BREAST_CANCER_5P15_AMPLICON	0.105338588319599	0.509339474736094	-0.547028120464396	-1.34258006202553	587	20	AHRR|SLC12A7|BRD9|SDHA|LPCAT1
WP_NEURAL_CREST_CELL_MIGRATION_DURING_DEVELOPMENT	0.105336832895888	0.509339474736094	-0.480441890039554	-1.3029242434406	601	32	PAK1|PAK6|TWIST1|TRIO|FOS|AKT3|EPHB6
GSE24634_TREG_VS_TCONV_POST_DAY10_IL4_CONVERSION_UP	0.105436081242533	0.509528113912238	0.301576990624365	1.14927508493525	352	192	ST8SIA4|LBHD1|BATF|APOBEC3F|AGA|KAT2B|RMI1|KIF18A|IL18R1|PPP1CB|RFC4|PTBP3|KIF11|LANCL1|CCNB1|UBE2N|CAPN2|NUP107|SMC2|TJP2|POLA1|NCAPG|NDC80|ZNF33B|CBFB|POGLUT2|USP14|NUSAP1|RBKS|GFI1|IL32|FUT8|TYMS|PIP5K1B|SOCS2|PHTF2|NME7|BCL2|RBPJ|RFC5|SMC6|CUL3|RACGAP1|RBBP8|AGPAT5|SMC4|ATAD2|BLM|CENPE|PCLAF|RFC3|NUP50|PPAT|CCNB2|BUB1B|OPTN|KNTC1|GALT|ARG2|POLD3|DLGAP5|SLC27A2|MELK|HMGB2|ASPM|TMEM43|MICAL2|MARCHF3|POLH|PRKCB|EIF2S2|THOC5|TAF2|FANCL|GPALPP1
REACTOME_SUMOYLATION_OF_RNA_BINDING_PROTEINS	0.105479121409607	0.509528113912238	0.409896564777241	1.26211065876877	436	47	RNF2|RANBP2|SEH1L|BMI1|NUP153|NUP35|NUP107|SUMO1|NUP37|NUP160|NUP133|NOP58|NUP205|HNRNPK|NUP88|RAE1|NUP155|NUP54|NUP50|NDC1|SCMH1|NUP58|SUMO2
BROWNE_HCMV_INFECTION_18HR_UP	0.105660377358491	0.509785079892495	0.313688719743261	1.16666382030206	363	161	CXCL8|CD83|CDS1|PTHLH|AMD1|FOXA2|MTHFD2|PPM1A|THOC2|RIF1|ETV5|COIL|ZNF821|SPAST|MPHOSPH9|MED13|CDC27|KCNS3|IL1RL1|ZFP37|RUNDC3B|PAK3|ZNF536|ATP8A1|KIF3A|FXR1|ZW10|DDX18|RFC5|CAPN7|BAZ1A|SEC24A|CDK2|TOR1B|ATF2|SPTSSA|PPP3R1|RBBP4|DCP2|RO60|NF1|MKLN1|SEC23IP|CFDP1|ZWINT|CDC5L|HELZ|HLTF|BHLHE40|ZNF473|E2F5
GSE24142_EARLY_THYMIC_PROGENITOR_VS_DN2_THYMOCYTE_ADULT_DN	0.105671641791045	0.509785079892495	0.307703926916741	1.1565107275362	353	176	SLAMF6|PRNP|LPXN|MORC1|CD3G|MS4A6A|DNAJC24|TM9SF1|TMEM191C|PPT1|DHX40|PBK|DERA|EDARADD|MTHFD2|CCNA2|STARD3NL|C18orf32|TCF12|RRAS2|ATP1B1|MAD2L1|SYTL3|CD96|SYTL2|ART4|EPB41L4B|ATP8A1|SLC35D1|DNAI4|NCKAP1|CARD10|SOCS2|ZW10|CAP1|RRM2|B3GNT2|EPCAM|ARMT1|SEMA4A|RRM1|SPCS2|OSTC|NRF1|SUPT4H1|NEK2
KEGG_OXIDATIVE_PHOSPHORYLATION	0.105684673366834	0.509785079892495	-0.356218764102196	-1.20541080676135	672	124	COX6B2|COX8A|UQCR11|COX6A1|NDUFB2|NDUFB8|NDUFA3|NDUFA2|UQCR10|COX5B|TCIRG1|ATP5ME|COX17|COX6B1|NDUFA11|NDUFS7|NDUFS8|ATP6V1F|NDUFA4L2|NDUFA6|NDUFB7|UQCRQ|NDUFA1|ATP5PF|NDUFB1|NDUFC2|NDUFC1|SDHA|ATP6V0A1|UQCRHL|ATP5F1D|NDUFA7|ATP5MG|NDUFB6|ATP6V0A2|ATP6V0B|CYC1|ATP5MC1|NDUFA8|ATP6V1H|COX7A2|NDUFAB1|COX4I1|MT-CYB|NDUFB4|UQCRH|COX6C|SDHB|ATP5MC3|COX7C|NDUFB9|NDUFS2|MT-ND1|ATP6AP1
WP_PGK1_PKM2_KHKCKHKA_ACTING_AS_PROTEIN_KINASES	0.105773468488321	0.509968336544556	0.574865015457107	1.35711307945088	479	15	PDK1|KHK|H3-3A|BECN1|AKT1S1|BUB3|PGK1|SNAP23|PAK2
GSE32423_IL7_VS_IL7_IL4_NAIVE_CD8_TCELL_DN	0.10589651022864	0.510316452076375	0.305026418862766	1.15145773504233	351	182	DLG2|TNFRSF14|EMSY|SFT2D2|SLC38A9|GCC1|DARS1|B3GALT4|MTREX|HDAC2|USP2|ZNF277|TAF9B|PNPLA6|RSRC2|PPIP5K2|VPS50|NDFIP2|SEH1L|BMI1|SCAF8|RDX|YTHDF3|INTS6L|CMPK2|COP1|FGFR1OP2|PLRG1|HOMER1|P2RX7|FBXO24|LDHD|SCFD1|USP33|DUSP10|ASB3|TMED7|FASTKD3|RBL1|TUBE1|TOPORS|ITM2A|ATP11A|CNKSR3|DNAJB11|CEP57L1|GABPA|CHUK|PPP4R3B|ITM2B|PDIA3|CEP170|RBM25|HSD17B12|RABGAP1|ATP6V1A|ZFAND5|CFAP97|KLHL7|ATAD5|LATS1|TMCO3|SRBD1|YAF2|PALS1|GALNT7|SLC35A5|CUL4A|ACTR6|ATOSA|CLIP2|CPEB4|AQP3|CERCAM
ELVIDGE_HIF1A_AND_HIF2A_TARGETS_DN	0.106213489113117	0.510902231771774	0.351108400989657	1.21087094307192	399	94	DPYSL2|PGAP1|CCNG2|PDK1|INSIG2|EGLN3|ANGPTL4|PDGFB|BNIP3L|EGR1|PFKFB3|AKAP12|FAM13A|MXI1|HK2|IGFBP5|CCN5|ERO1A|ZNF292|RBPJ|ZNF654|SAMD4A|WSB1|GBE1|CITED2
GARGALOVIC_RESPONSE_TO_OXIDIZED_PHOSPHOLIPIDS_BLUE_UP	0.106323447118075	0.510902231771774	0.324001302939538	1.17834231464248	379	135	CXCL8|KBTBD8|CCNG2|GNA13|KDM7A|CBLL1|ZNF468|RAB23|HSPH1|RELN|IFRD1|TRIB1|SLC19A2|FGFR1OP2|LURAP1L|HSPB8|PCF11|HERPUD1|SERTAD1|SAMSN1|MOSMO|HBEGF|NFATC2|CASP3|C10orf88|DNAJB9|BACH1|ZBTB21|HAPSTR1|TMEM217|RSL1D1|RTCA|CHORDC1|ZNF264|VPS37A|AKIRIN2|ZNF473|DNAJB6|SAV1|PNPLA8|PNP|DEDD2|ATF3|TNFSF9|SMURF1|N4BP2L2|MAP1LC3B|SOS1|CPEB4|MIR4458HG|HSPA4L|AGO2|MIR22HG|KANSL1L|RYBP|PMAIP1|KLHL28|STK17A|EIF5|BAG3|AMMECR1L|VCPIP1|PLAUR|DNAJA1
LEE_AGING_CEREBELLUM_DN	0.106111484217596	0.510902231771774	-0.415911004384548	-1.26568951207887	631	60	TCEA2|RAB4B|UBA7|DBP|SERPINH1|CSF2|CCND1|NR1D1|DHX38|LIN7B|MERTK|PISD|JRK|CNP|SMARCA4
NIKOLSKY_BREAST_CANCER_6P24_P22_AMPLICON	0.106263982102908	0.510902231771774	0.556746612353794	1.3561030520603	474	17	CD83|NUP153|RANBP9|RNF182|SIRT5
REACTOME_MET_ACTIVATES_PTK2_SIGNALING	0.106251106782362	0.510902231771774	-0.520553203666427	-1.32761966797348	599	24	LAMB1|LAMA4|COL1A1|LAMA5|LAMB3|MET|ITGB1|COL1A2
WP_OREXIN_RECEPTOR_PATHWAY	0.106283029947152	0.510902231771774	0.310688066245614	1.16225000446871	361	169	FOSB|CXCL8|EGR3|FOXO1|PDK1|RUNX2|FMR1NB|PLD1|HIF1A|GNAQ|KLF10|EGR1|LDHA|OPA1|MAPK8|SKIL|PER2|MAPK1|HOMER1|LAMA2|BGLAP|TOX|SPP1|GRIA2|EGR2|LRRC8C|TENT5A|PDE11A|NFE2L2|HBEGF|RRM2|DDX52|YARS2|CASP3|BMPR1A|CD24|PRKAA1|MYC|CREB1|MAPK9|MAPK14|OPN3|NSMAF|OSBPL3|PAPPA|EIF4B|BHLHE40
GSE15330_WT_VS_IKAROS_KO_MEGAKARYOCYTE_ERYTHROID_PROGENITOR_DN	0.106746626686657	0.512262597497208	-0.335906968587957	-1.18674133041751	711	179	IDUA|RPS21|STX1A|N4BP2L1|XAB2|CARD19|L1CAM|RPS29|UBL5|SGIP1|PIWIL1|SLC23A3|QRICH1|CAMKK1|NLRX1|SCAND1|RIPOR1|RPL13A|DCAF15|CRAMP1|YIPF3|IGF2R|ICAM2|BIN3|NDUFA6|SFXN3|WDR13|RHOB|TSC22D4|REXO1|RCBTB1|SLC35F6|E4F1|NDUFB11|CRAT|PARP12|SPRYD3|NINJ1|ZBTB11-AS1|ABHD8|S100A6|IER2|DICER1|PI4KA
GSE2706_2H_VS_8H_R848_AND_LPS_STIM_DC_DN	0.106810681068107	0.512262597497208	0.307359948118601	1.1560378344431	355	177	SAMD9|FSD1L|BATF|GPR137B|ENTHD1|DHX58|STEAP1|CD70|C5orf15|NRG4|RAB29|TFPI2|ZNF8|MT1X|PI4K2B|C17orf58|LDLRAD3|TMED2|C3orf38|TVP23B|MSANTD2|RBM7|PERP|SLAMF7|PLA2G4A|CD274|GPR157|PLXNC1|RIT1|MAGT1|BACH2|PPA1|MORF4L2|UGP2|SOCS2|KCTD21|DDX60L|BCL2|NGDN|CNKSR3|PGM3|TRAFD1|PSMA2|PSMA6|OSTC|GOLT1B|TIAM2|MAML2
MATZUK_MALE_REPRODUCTION_SERTOLI	0.106693055055775	0.512262597497208	-0.535436630920875	-1.33515955302034	592	22	CYP19A1|DHH|CLDN11|B4GALNT1|HMGA1|SLC12A2|SF1|INHA|ACVR2A|CDKN2C
REACTOME_VLDLR_INTERNALISATION_AND_DEGRADATION	0.106766096762459	0.512262597497208	-0.582108919139898	-1.35079356531616	586	16	UBA52|UBB|CLTA|PCSK9|AP2M1|MYLIP|AP2A1|AP2S1|UBC
NUNODA_RESPONSE_TO_DASATINIB_IMATINIB_UP	0.10691094619666	0.512498604547315	0.463904720020776	1.29045851513607	460	29	XRCC4|CCNA2|BCL2|MYC|E2F5|CDK6|CDC25C|MCL1|CDK8|CDK13|CDK5R1|CCND2|CASP6|CCND3
GSE17721_0.5H_VS_12H_PAM3CSK4_BMDC_UP	0.107255048616305	0.512923381615279	-0.334609287205307	-1.1844790584978	716	181	TEP1|LRRC56|BSCL2|POLR2F|UQCR11|HBB|HELB|ARID5A|NOL12|DGLUCY|MIIP|NRDE2|GPRASP1|ABHD17A|FLT1|PALD1|TXNDC16|MICOS13|AXIN2|IRS2|PXMP4|FAM76A|DMPK|GGCX|RNH1|GFI1B|MYO9B|SRM|RFC2|IL16|CYB561D2|SPHK1|NBL1|FERMT3|RANBP3|TMEM205|ATP5IF1|PER1|KLF13|SLC9A8|IL17RC|HAUS4|MYCL|OR51B4|ABHD8|S100A6|DCPS|TRIM11|SPTBN1|NAF1|ELK4|RAG1|PRAF2|STEAP3|MLF2|UBAC1|H2AZ1|CUX1|PSRC1|WDR45|CDC37|TM7SF2|NES|SDHAF1|IFT172|HINT2
GSE17721_LPS_VS_PAM3CSK4_24H_BMDC_DN	0.107239006880048	0.512923381615279	-0.333156092098631	-1.18174903587195	716	187	RAB27B|EMILIN1|RCAN3|BSCL2|RAB34|COX8A|UQCR11|TPBG|MAPK11|NDUFB2|NDUFA3|LRFN1|SH3BGR|ETHE1|ARHGAP4|CHCHD10|ABHD17A|BCAM|PALD1|PILRA|TXNDC16|ABCB6|TNK1|TSHZ2|SEC61B|SELENOH|MRPS14|SLC12A6|BCL6|NSDHL|LSS|SLC12A7|EWSR1|IL16|HSD17B7|GAK|ENO3|GPSM3|UBALD1|ABL1|ELOVL1|SLC66A2|MVD|ACADVL
GSE8685_IL2_STARVED_VS_IL21_ACT_IL2_STARVED_CD4_TCELL_DN	0.107239006880048	0.512923381615279	-0.333201901090574	-1.18191152646824	716	187	SULT2B1|FOXD2|MXD3|TBC1D1|DND1|IRF7|FGD3|GPR68|DGKD|SREBF1|NSUN5|CAGE1|STYK1|LGALS3BP|IP6K2|TMCO6|HGS|RHOT2|CYB5D2|EPHB6|PCED1B|LRRC75A|GET3|ZDHHC24|INPPL1|PNKP|YPEL1|GNA11|BRAT1|DDT|TRAF2|NAA80|TONSL|DVL1|MAP3K11|LPIN2|SLC4A2|SLC39A4|ANKRD13D|PHC1|STRADA|MRPS21|HIVEP1|MGRN1|GPAA1|POLG|SLX4|UNC45A|ZNF628|TSSC4|NFKBIB|TUBB2B|SYMPK|NOSIP|NIBAN2|CHERP|TMUB2|ZNF23|USP40|NDUFA7|SUPT6H|MIER2
WP_HYPOTHESIZED_PATHWAYS_IN_PATHOGENESIS_OF_CARDIOVASCULAR_DISEASE	0.107110711071107	0.512923381615279	0.507140631001645	1.32198134506403	475	22	FBN1|TGFBR2|RUNX2|SMAD4|SMAD2|MAPK8|MAPK1
YAO_TEMPORAL_RESPONSE_TO_PROGESTERONE_CLUSTER_11	0.107190590751136	0.512923381615279	0.347775613725806	1.20309116632866	400	96	GLI1|NPL|AMD1|STRAP|HNRNPLL|HIF1A|ABCE1|AK6|IPO7|RDX|KPNA2|NOP58|ACTL6A|TARS1|BECN1|DNAJB11|NIFK|UBQLN1|MAK16|NCBP1|ALDH1A2|GNL3|XPNPEP1|LTV1|DDX21|ADH5|FARSB|TFRC|HSPA5|ACOT7|SLC35B1
WALLACE_PROSTATE_CANCER_RACE_DN	0.107337308789214	0.513072336012445	0.367179693591822	1.22224691554072	413	76	ZC2HC1A|ZNF443|ITGB3BP|PDE3B|CKMT1B|LGALS8|PIK3CA|SCCPDH|ZNF37BP|MAPK8|TRIM2|HS3ST2|ARL17A|ZNF654|PYGL|EIF2S1|ELOVL6|GLTP|EFL1|MTMR2
GSE16266_CTRL_VS_HEATSHOCK_AND_LPS_STIM_MEF_UP	0.107490864799026	0.513561780510528	0.299857306827338	1.14550152150604	352	198	PRNP|CETN3|UQCRB|HACD2|NAA30|VBP1|HIF1A|RAB29|TP53INP1|BNIP3L|MARCHF5|EGR1|MARCHF7|TMEM30A|YWHAQ|HPRT1|WSB2|COP1|AP3S1|FEM1B|RAP2A|TNKS2|SAR1B|EGR2|MYL12B|LITAF|SLC25A36|PRRC1|GOLGA4|PDE12|ERO1A|IRAK4|RBL1|UGP2|ROCK1|UBE2E1|TIPIN|SPCS1|CASP3|DBF4|PTP4A2|FBXO45|RABGAP1L|DDX3X|S100A10|UBE2D3|MOB1A|NDUFB5|TTC33|CMAS|CTNNB1|FAM20B|SUCLA2|CAPZB|ATP6V1A|NFU1|IDE|AEBP2|ATP6V0E1|CISD1|GLRX3|GHITM|S100A4|RAB10|ATP6V1C1|NDFIP1|ALYREF|SUMO3|ORMDL1|GATD3
BOQUEST_STEM_CELL_CULTURED_VS_FRESH_DN	0.10773085182534	0.514463506480858	-0.541920643071487	-1.34043904865397	601	21	WNT11|C3|CD14|APOE|ITIH5|APOD|CFD|TPPP3
GSE25123_WT_VS_PPARG_KO_MACROPHAGE_DN	0.107798855766335	0.514543468465276	0.303756819336293	1.14758776779849	357	183	C2CD5|BTBD1|BATF3|DNTTIP2|LGALS8|CCT8|ZNF468|ABCE1|UTP18|GDI2|PSMA4|ATP1B3|PER2|SRGAP2C|IL32|FPR3|TGFBI|RAD23B|PSMG1|SNX3|RRP15|SKAP2|FASTKD3|PPA1|C1orf54|SSB|EXOC6|UBQLN2|ETV7|NSA2|ASCC3|TARS1|PRDX3|HSPD1|ARMC1|TRAFD1|PSMA2|RPL7|TIPRL|PLAAT4|PAK1IP1|GTF3A|PSMC2|GLUL|MFSD14B|TAF9|FUCA2|CNDP2|ALDH1A2|MPHOSPH6|GLUD2|LTV1|DDX21|RPL5|PSMC5|CCT6A|BCCIP|IDI1
NOUZOVA_METHYLATED_IN_APL	0.108147785661855	0.515718514239286	0.396945722752308	1.25020546568416	441	54	CPVL|PUS10|ENTPD7|RSPH4A|TAC1|RUNDC3B|MCTS1|RRP15|FLCN|TMED5|ZNF582|UXS1|ZNF304|MIR1915HG
REACTOME_DEFECTIVE_B4GALT7_CAUSES_EDS_PROGEROID_TYPE	0.108098336948662	0.515718514239286	-0.570611935293121	-1.34572263820863	597	17	GPC1|HSPG2|DCN|NCAN|B4GALT7|AGRN|SDC4|GPC2
GSE14769_UNSTIM_VS_20MIN_LPS_BMDM_UP	0.108213616489694	0.515787408510706	-0.351963735371173	-1.20066088570038	692	133	EFNB1|KLC3|CATSPER1|CIITA|KCNC3|CCDC167|MYL11|EPN2|SNHG11|SLC22A13|PKN3|ULK4|C8G|ZDHHC23|FDXR|PIGR|GNMT|PCED1B|ESRRB|SMOC2|CHRM4|NAPRT|CCL24|IL18BP|ADGRB3
GSE22140_HEALTHY_VS_ARTHRITIC_MOUSE_CD4_TCELL_UP	0.108265947888589	0.515791924492483	-0.333629190641761	-1.18137302456018	722	182	PLXNB2|TYMP|RHBDD3|ENC1|PSMB9|DDB2|ITPA|NBEAL2|SMAD6|SLC7A7|RRBP1|LMAN2|LGALS3BP|HSPB1|IL2RG|UBB|PPM1F|PTK2B|GAS2L1|GBP2|SGCG|CAMK1|PSMB6|NAA80|ASNS|PSMB10|NDUFA1|SLC4A2|JUNB|SPN|ATPAF2|SGK1|DHCR7|TAPBP|INPP5D|HDAC5|CACNB3|SDHA|TMEM147|POLR2A|MEF2D|HES1|TMEM184B|NRGN|AARS1|NCLN|IER2|CLK3|CDKN1A|SERPINF1|EBP|ADAM8|CD52|DHCR24|WDR7|NBAS|COX7A2|FIG4|NDUFAB1|DAG1|SDC3|YARS1|CSNK1G2|POLR2G|JUND|MEA1|MNT|CROT|SLC25A1|DOK1|GRB2|NDUFS2|FYB1|CSK|NDUFS3|RRP8|NPM3|PRKD2
GSE12963_UNINF_VS_ENV_AND_NEF_DEFICIENT_HIV1_INF_CD4_TCELL_DN	0.10842047330765	0.515793701925209	0.329516895842545	1.18471801378642	393	124	DUSP21|CCNG1|PLK4|PDIK1L|KPNA3|CAPZA2|DARS1|ANLN|KNL1|STT3A|SMC2|ECT2|CYP2R1|KPNA2|NUP160|RAP2A|PERP|KCTD14|TSNAXIP1|CDH7|IGFBP5|RAP1A|PANK1|MBOAT2|UBA2|NAA50|DBF4|MIS18BP1|DSCC1|CENPI|IPO5|CLPX|GGH|ECPAS|CEP76|RAB1A|CKAP5|NUP155
GSE20715_WT_VS_TLR4_KO_6H_OZONE_LUNG_UP	0.108343337334934	0.515793701925209	0.305821051878609	1.15184238526783	360	179	SETD7|MYL9|MTMR6|ASAH2|COL15A1|FBXO2|HSDL2|UBLCP1|VBP1|JKAMP|CTSS|IMPACT|KIF3C|MRPL42|ADD3|PROS1|SH2D1B|ATP1B3|NUP160|COPS3|ACER2|TSPAN12|COPZ2|SGCB|MYEF2|PLXNC1|RIOK2|EIF4E|RRP15|PPIL4|TMED7|OSGIN2|BCL2|DNAJA2|PCYOX1|RRM1|UBE2D3|AKIRIN1|SEPTIN2|CYBB|SERTAD3|ITM2B|MAPK14|PTPRA|KIAA1191|CFAP298|HACD1
WP_COVID19_STRUCTURAL_COVERAGE_MAP	0.10837612891801	0.515793701925209	-0.519225426917626	-1.32423330417057	611	24	APOA1|MRM2|UBA52|UBB|MACROH2A2|ISG15|MACROD1|TAB1|CMTR1
REACTOME_ERCC6_CSB_AND_EHMT2_G9A_POSITIVELY_REGULATE_RRNA_EXPRESSION	0.10848026868178	0.515833698260402	-0.416322037744888	-1.26364971675009	645	59	H4C4|H2AC20|H2AC7|H2AC8|H2BC13|H2BC17|H4C11|H4C3|H3C12|H4C14|CHD4|H3C13|H4C2|CHD3|H2BC5|MBD3|H3C2|H2BC12
MEISSNER_NPC_HCP_WITH_H3K4ME3_AND_H3K27ME3	0.108636869731191	0.516333758693986	-0.371185102841035	-1.22372943072235	682	102	WNT11|MAPK8IP2|SYNM|EPB41L1|PTPRU|CELSR3|SMAD6|SFI1|FLT1|RASGEF1B|PLXNA4|CAMKK1|RAB15|ESRRB
CEBALLOS_TARGETS_OF_TP53_AND_MYC_UP	0.108724832214765	0.516507272016948	0.554524651885309	1.35069088195273	485	17	MTHFD2|UAP1|HSPH1|INSIG1|ACSL1|MYC|PDIA3|DRG1|CTH|ACSL3|CD55
GSE19198_CTRL_VS_IL21_TREATED_TCELL_6H_DN	0.108833283087127	0.516777907109073	0.30531331097841	1.15132951861149	360	181	ST8SIA4|MSL2|CRYL1|CUEDC1|SOCS6|ARID5B|DTX3L|IL18R1|KDM7A|PIK3C2A|RIMOC1|ITSN1|TMEM37|LDLRAD3|PARP15|RHOBTB1|SC5D|YTHDF3|TCF12|MFSD1|HECA|ABLIM3|MAP3K21|C2|ZBTB16|SH3PXD2B|ELL2|PLS1|SAMSN1|VWA5A|PELI1|TLR5|TOPORS|ERC1|MTMR4|RLF|AZI2|GBE1|WDR81|QKI|TPST1|MAML2|STX7|GLUL|SNTB2|PSME4|PREX1|CAPN1|CNDP2
GSE19888_ADENOSINE_A3R_INH_VS_TCELL_MEMBRANES_ACT_MAST_CELL_DN	0.109018264840183	0.516922693654111	0.314841470290541	1.16506681659369	381	154	AJUBA|TTC39B|NXPH3|MED18|S100A14|GABRR2|LRATD1|PTH2R|KDSR|TP63|KIF3C|LDLRAD3|ELMO1|TMEM123|ECT2|XPO7|GSTM2|C12orf56|CFI|RASL10B|SYT11|HS3ST2|BICD1|MICALL1|CKAP2L|PAPSS1|MTA2|DDX3X|NDUFB5|RBBP4|ZC3H11A|OGFOD2|HMGCS1|BZW2|TRMO|TMA16
KEGG_REGULATION_OF_AUTOPHAGY	0.109017496635262	0.516922693654111	0.538370610448497	1.33343419800055	485	18	ATG4A|ATG4C|PIK3C3|BECN1|PRKAA1|ATG12|GABARAPL1|ATG3|ATG5
RADMACHER_AML_PROGNOSIS	0.109008571890668	0.516922693654111	-0.389711511767674	-1.23896235916416	673	77	PRG2|FARP1|PBX3|VASN|S100P|SEMA3F|COL1A1|SLC7A7|SMG1P2|SLC6A8|TBXAS1|BAHCC1|SELENBP1|AGRN|CDC42EP4|NBL1|NFKBIB|CD3D|IL6ST
GSE18281_CORTICAL_VS_MEDULLARY_THYMOCYTE_UP	0.109164420485175	0.517323068063916	-0.333401545738072	-1.18056693937357	728	182	PLAT|AQP1|C3|OSMR|CD14|IRF7|EXT1|MT2A|AXL|TAP1|LCAT|IL4I1|TNK2|UBA7|SAC3D1|IFI35|IFIT2|KLF7|CYBA|ICAM1|ERO1B|LAMB3|LGALS3BP|FOS|BCL3|MX1|G6PD|IFITM3|TRIB3|GBP2|IL18BP|ISG15|TAP2|PSMB10|CDK2AP2|SEC61A1
GSE9037_CTRL_VS_LPS_4H_STIM_BMDM_DN	0.109205776173285	0.517323068063916	0.304533882020656	1.14959843590767	362	182	C14orf28|KBTBD8|ATXN7|HVCN1|USP25|ARHGAP23|PDCD10|PPM1B|ERBIN|PNPT1|PLEKHA5|SLC30A6|CABLES2|WASHC4|SCYL2|MRPL50|IFIT1|MYEF2|CDHR4|NOP58|MED17|FOXP1|SLC20A1|SLC30A1|DYRK1A|FXR1|PPIG|MOB3C|DNAJA2|ZNF654|TSG101|C10orf88|HACD3|AFTPH|AZI2|PSMA2|HAPSTR1|UTP15|DCP2|TMEM243|SUB1|AP3B1|ANKRD42|NGLY1|ZC3H15|CLOCK|OR51B2|PSIP1|GNL3|USO1|AGO1|OSBPL3|NCOR1|STARD7|STAU1|GTF2H1|FBRS|PNP|STAT1|POLR1F|MAIP1|PSMA3|ANKRD17|DNAJC21|RASA2|PPP1R15B|SRSF10|SRP54|MIR22HG
KEGG_ADIPOCYTOKINE_SIGNALING_PATHWAY	0.109319899244333	0.517375364740504	-0.415714376529632	-1.26180530100237	650	59	SLC2A4|CPT1C|IRS1|TNFRSF1A|ACSL6|CAMKK1|AKT3|IRS2|TRADD|IKBKG|TRAF2|STK11|ACACB|PRKAB2|TNFRSF1B|AKT2|NFKBIB|CAMKK2|PCK2|SOCS3|CPT1A
KEGG_BIOSYNTHESIS_OF_UNSATURATED_FATTY_ACIDS	0.109276018099548	0.517375364740504	0.522025907671623	1.3237875197504	482	20	YOD1|ACOX3|HACD2|PECR|ELOVL5|ELOVL6|HSD17B12|HACD1|ACOT7
BIOCARTA_NFAT_PATHWAY	0.109820996613449	0.517422680412371	0.406405717596939	1.25497150994936	453	48	CTF1|PIK3CA|MEF2C|PRKAR1A|MAPK8|PPP3CB|MAPK1|GATA4|CALM2|HBEGF|NFATC2|PIK3CG|MAPK14|PPP3CA|PRKAR1B|MAP2K1|RPS6KB1
CHARAFE_BREAST_CANCER_LUMINAL_VS_BASAL_DN	0.109604957397366	0.517422680412371	0.270894725173632	1.10409829211058	282	399	SAMD9|ELK3|LIPG|PRNP|CD44|DEPP1|TGFBR2|BMAL2|MMP14|RGS2|CFL2|SLC49A4|MBNL2|NXN|GNG12|ARHGAP23|NABP1|AMD1|DCBLD1|TLE4|MME|COPS8|HIF1A|B3GNT5|PTPN2|YES1|FNDC3B|TP63|MT1X|MMADHC|NDFIP2|ABCD3|TMEM35B|TNFAIP8|SPRY2|CIBAR1|NAB1|TMEM30A|ADD3|NFAT5|RRAS2|ATP1B3|ITPRID2|TBPL1|IFIT3|AGPS|RBM7|HSD17B11|ERAP2|PALM2AKAP2|CFI|ZBTB16|PERP|WWTR1|GJC1|TGFBI|PLA2G4A|HOXA5|CLMP|C1S|DSG3|SERPINB5|SERPINE2|GNAL|CALD1|HOTAIRM1|ELL2|UBE2E3|RHOA|SKAP2|MICALL1|PGM2|TCEAL9|PKP2|TMED5|NFE2L2|DSG2|MBNL1|CMPK1|SOAT1|ZDHHC2|CARD6|NAMPT|CHST3|CLIC4|CRIPT|SELENOF|PRKD3|S100A10|ANXA1|CAV2|MAML2|TMEM245|GART|GTF2B|NCK1|ARHGAP5|MTMR2|VAMP3|ETF1|NMI|PLSCR1|ADORA2B|CHMP1B|MYL12A|PARP4|OSBPL3|CORO1C|FDFT1|ANKRD33B|TM2D1|NUP50|CDK6|RIOK3|ZBTB38|SH3GLB1|KPNA1|EHBP1|BTG3|TRMT6|BICD2|CCDC28A|GPSM2|INPP1|ORMDL1
GSE15930_STIM_VS_STIM_AND_TRICHOSTATINA_24H_CD8_T_CELL_UP	0.10942479890727	0.517422680412371	-0.340931138967374	-1.19280074343341	720	165	GZMM|FZD9|PBX3|CD14|POLR2F|FMC1|DHH|LCAT|RENBP|KRT12|CLN3|COPE|GRIA3|KLF12|MSI1|GBA2|NLRX1|MIF|HSPG2|EMP3|ECE1|FGD1|ATN1|IRS2|PHKG1|LTBP3
GSE16451_IMMATURE_VS_MATURE_NEURON_CELL_LINE_WEST_EQUINE_ENC_VIRUS_UP	0.109770808202654	0.517422680412371	0.302261153275731	1.14551036179787	363	187	TSLP|CCDC120|TLE6|NEDD1|CD36|MBNL2|SLC22A1|GNG12|DNASE1L1|POGLUT1|CMTM6|UBLCP1|HS2ST1|EEF1AKMT1|PPP1R3B|PROCR|ZFAND1|COG6|NCBP2|POLA1|MFSD1|OCRL|NUSAP1|PJA2|RECK|SPP1|RHOJ|NCKAP1|LRRC8C|IFT57|WIPI1|CPNE3|PPFIBP1|PTK2|CEP57L1|DECR1|TMEM237|SEPHS1|STARD4|TUBGCP4|MAN1A2|NEK2|BNIP2|CDKN3|C1orf131|BMP2K|KIAA1191|CNDP2|EXTL2|STX8|IMMP2L|SLC39A8|FABP5|PEPD|VMA21|WASHC2A|RAD51AP1|SLC35B1|SLC35F5|HIBADH|BLTP3A|TRMT44
GSE30971_CTRL_VS_LPS_STIM_MACROPHAGE_WBP7_HET_2H_DN	0.10984393757503	0.517422680412371	0.305591387143455	1.15097737752972	365	179	ITGB7|STK38L|AIF1|FAM135A|GNA13|CD36|LST1|C1orf162|REV3L|NPL|HNRNPLL|EEPD1|PPT1|UCHL3|GLUD1|RHOT1|MEF2C|TNFSF13B|ABCD3|FAM13A|UTRN|GAS2L3|RMND5A|MEX3B|INPP5K|DRAM2|RCBTB2|C5AR2|DOCK10|FPR3|OTULINL|CHN2|CMTM7
GSE36527_CD62L_HIGH_VS_CD62L_LOW_TREG_CD69_NEG_KLRG1_NEG_UP	0.109539572675293	0.517422680412371	0.303043722342199	1.14635271143884	363	184	TTC39B|MX2|DHX58|IGSF9|PUS10|RFFL|CMTM6|RUNX2|CD164|BLTP3B|LAMP2|STRAP|HIF1A|MACIR|CRLF3|BMI1|NUP153|GRIK1|ATL3|ETFA|ARL1|IFIT3|IBTK|ISOC1|CD274|DCAKD|NCKAP1|RBM43|YWHAZ|PIK3C3|FXR1|IL10RA|WDR36|FAM133B|WIPF1|SSB|RESF1|B4GALT5|B3GNT2|RBPJ|RFC5|STK24|ANKRD46|CLIC4|FAM241B|TRAFD1|RPL6|ATP2A2|EEFSEC|BIRC2|SEMA7A|CHD1|GOLGA7|PSIP1|USO1|DLD|HELZ2|TTC27|SUCLG2|RAB10|PARP9|RAD51AP1|HSPA5|STAT1|WDR43|CLIP2|POLD3|PARP14
GSE3982_MAC_VS_EFF_MEMORY_CD4_TCELL_UP	0.109770808202654	0.517422680412371	0.302261094140932	1.1455101376886	363	187	DPYSL2|CD83|MTMR6|TM6SF1|ARMCX1|PPP2R3A|ABCC3|CLIC2|CKS2|GNAI3|IMPACT|ME1|ACSF2|KIF11|RAB23|OPA1|GINS1|ADIPOR1|MFAP3|SNX24|SDCBP|PDE8A|PICALM|TVP23B|MTCH2|UTP11|TMEM140|PLA2G4C|PLA2G4A|COL8A2|PLXNC1|MRPL15|GALNS|CNIH3|MCTS1|NDUFV2|CENPU|PLS1|RTN3|UBE2E1|AGGF1|CTNS|ARMT1|PRDX3|BACH1|ANXA5|STX7|SHB|UBE2D1
GSE41176_UNSTIM_VS_ANTI_IGM_STIM_TAK1_KO_BCELL_6H_DN	0.109954961950613	0.517422680412371	-0.347628527731659	-1.19269622963991	707	140	CCR7|ARHGAP33|HSPB3|CARF|KCNK5|ADAMTS4|MARVELD3|SLC22A13|CFD|RECQL5|ACSL6|NRTN|TMEM255A|DZANK1|OAZ3|YPEL1|GGT7|MYO18B|CLSTN1|HIP1R|ANKRD55|GCHFR
KEGG_MEDICUS_REFERENCE_CONDENSIN_LOADING	0.109502262443439	0.517422680412371	0.521635922135038	1.32279856885998	483	20	TOP2A|SMC2|NCAPG|PPP2R5E|PPP2CA|PPP2R5C|SMC4|PPP2R1B|NCAPG2|PPP2R5A|NCAPH|NCAPD2
REACTOME_RNA_POLYMERASE_I_TRANSCRIPTION	0.109846055163566	0.517422680412371	-0.374346651056574	-1.22144542894216	684	94	H4C4|H2AC20|H2AC7|H2AC8|POLR2L|POLR2F|H2BC13|GTF2H4|H2BC17|H4C11|H4C3|H3C12|H4C14|CHD4|H3C13|H4C2|CHD3|H2BC5|POLR2E|MBD3|POLR1C|H3C2|POLR1H|H2BC12|H2AZ2|TAF1D|POLR1G
RYAN_MANTLE_CELL_LYMPHOMA_NOTCH_DIRECT_UP	0.11	0.517422680412371	-0.353341080313944	-1.20136031189876	703	129	SPIB|IL21R|CYLD|TASP1|SNN|CD84|HES4|GRN|P2RY11|ICAM1|FYN|CAMKK1|P2RX5|THEMIS2|PTK2B|ENTPD1|NOTCH3|SH2B2|IL16|HPCAL1|RILPL2|NR4A1|HIVEP1|RAB11FIP4|TNFRSF1B|SUSD3|FLNB|KLF13|ID2|KAZN|TNIP1|NRARP|MYBL2|BID|DNASE2|IFNGR1|IQSEC1|HES1|LPCAT1|NEIL2
WP_HOSTPATHOGEN_INTERACTION_OF_HUMAN_CORONAVIRUSES_AUTOPHAGY	0.109914759982055	0.517422680412371	0.538105145601759	1.33277669571841	489	18	ATG16L2|ATG4A|ATG10|PIK3C3|WIPI1|BECN1|ATG12|ZFYVE1|RB1CC1|ATG3|ATG5|ATG16L1
WP_WARBURG_EFFECT_MODULATED_BY_DEUBIQUITINATING_ENZYMES_AND_THEIR_SUBSTRATES	0.109895120839033	0.517422680412371	0.496027433086941	1.30179636934657	481	23	FOXO1|HIF1A|PIK3CA|LDHA|HK2|OTUB2|OTUD7B|MYC|OTUD6B|USP28|USP44|PGK1|USP37
GSE2585_CTEC_VS_THYMIC_DC_DN	0.110218314129776	0.517585965940469	-0.338975377423364	-1.18829478380707	726	169	ADAM19|HPX|PLAT|STOML1|COL14A1|CTU1|NDUFA3|EPN2|ETHE1|DOHH|CIAO2B|CRYBG1|RND1|RASGRP1|HS6ST1|MIF|PLOD3|TINAGL1|FHL1|MUC1|NINJ2|TBXAS1|ROM1|GAL3ST4|CAD|SEMA4C|PRSS21|NFKBID|FLYWCH2|RIN1|B4GALNT1|EPHX1|VKORC1|MAPKAPK2|TAPBP|MBOAT7
GSE39820_CTRL_VS_IL1B_IL6_IL23A_CD4_TCELL_UP	0.110240963855422	0.517585965940469	0.302080684042397	1.14448234139435	365	186	CD83|SLAMF6|EGR3|IL10RB|PTER|WDR75|CTSS|FOXN3|PHLDA1|RBMXL1|ST8SIA6|PUS3|TSPAN13|GAS2L3|ZNF770|ATL3|XPO7|KPNA2|CNOT6|PLXND1|ORC2|ISOC1|P2RX7|CD96|SYTL2|SERPINE2|CMTM7|MRPL15|SHTN1|CAB39|EDC4|SAMSN1|CDK1|SCIN|RDH11|NAA50|MTRR|CASP3|QSER1|SMC6|RRM1|ADAM10|PPP1R16B|STARD4|TPST1|RPA2|FAM111A|IPO11|WEE1|MED14|ACAT2|PLAAT3|TFRC|HERC4|TTC27|ATP11C|KNOP1|RFWD3|RBBP7|EXO1|RAB3IP|POLR1F|MCM9|MINDY2|TBC1D4|CSE1L|ZNF280B|DROSHA|SIMC1
REACTOME_SUMOYLATION_OF_DNA_DAMAGE_RESPONSE_AND_REPAIR_PROTEINS	0.110189266269121	0.517585965940469	0.366234257836406	1.21909980268	424	76	RAD52|RNF2|XRCC4|RANBP2|SEH1L|BMI1|NUP153|NUP35|NUP107|SUMO1|PIAS2|NUP37|NUP160|NUP133|NUP205|SMC6|SMC3|NUP88|CETN2|RAD21|PIAS1|WRN|NSMCE3|RNF168|RAE1|NUP155|NUP54|BLM|NUP50|NDC1|SCMH1|SUMO3|NUP58|NSMCE4A|SUMO2|STAG2|SMC5|NUP98|BRCA1|CBX4
WP_INTERACTIONS_BETWEEN_IMMUNE_CELLS_AND_MICRORNAS_IN_TUMOR_MICROENVIRONMENT	0.110218140068886	0.517585965940469	0.491461111853232	1.30201811958365	479	24	TGFBR2|CCL5|CCL2|CD80|CD274|IRAK4
GSE18281_CORTICAL_THYMOCYTE_VS_WHOLE_CORTEX_THYMUS_UP	0.110360006288319	0.517902638205774	-0.353712879541135	-1.19933778169507	701	127	FZD9|PCBP4|TRIM29|RDH16|SEMA3F|KCNAB3|AATK|DNAAF1|ATP2B3|PPP2R2B|SORBS2|HFE|LUC7L|FEZ1|CYP2F1|SLC6A13|LINC00574|GDF9|ARHGEF10|ERICH1|B4GALNT1|RAD54L|PDLIM4|IL17RC|GYG2
KEGG_MEDICUS_REFERENCE_CCR_CXCR_GNB_G_PI3K_RAC_SIGNALING_PATHWAY	0.11044776119403	0.518072255544706	0.491300738360931	1.30159324528975	480	24	CXCL8|CCL2|CCL4|GNG12|GNB4
BROWNE_HCMV_INFECTION_30MIN_DN	0.110849056603774	0.518332701640096	-0.361103532354631	-1.21005887252716	704	114	BCAS1|GNRH1|CUBN|GLB1L2|AXL|RGS3|MOGS|CYP4F2|GRIA3|ABCA4|ACTN2|SUCO|NLRP1|DUSP4|PAEP|RFX1|GPSM3|SZRD1|PRKAB2|TNFRSF1B|KIFC1|CEL|RHCE|ZNF205|RPSA
GARCIA_PINERES_PBMC_HPV_16_L1_VLP_AGE_18_25YO_STIMULATED_VS_UNSTIMULATED_0DY_VACCINATION_INDEPENDENT_DN	0.110864745011087	0.518332701640096	-0.367878227140961	-1.21860984225402	699	105	DPEP2|RCAN3|ENC1|ATXN1|C5|TSPAN5|PLXNA1|APOE|TRAIP|SMAD6|APOC1|CEP250|KEL|FOLR2|NINJ2|IRS2|CHRM4
IVANOVSKA_MIR106B_TARGETS	0.110849056603774	0.518332701640096	0.358681254984829	1.21251682490788	422	83	AKTIP|GPR137B|NKIRAS1|ZNF367|CFL2|CENPQ|PKD2|KLF10|RAB22A|AKAP11|MKRN1|STYX|MAPK1|PRRG1|DAZAP2|SLC40A1|EIF5A2|LIMK1|RRM2|UXS1|HPS5|TMEM245|PUDP|CLOCK|FYCO1|AGO1|ATAD2
MILI_PSEUDOPODIA_CHEMOTAXIS_UP	0.110849056603774	0.518332701640096	0.358867710267877	1.21314713431113	422	83	ZNF17|ZBTB12|ZNF442|CCNG1|EIF2A|RASSF3|HMGN5|EIF3E|PGGT1B|AMMECR1|DDR2|AKAP12|BMI1|SH3BGRL|GOLGA4|MFF|SSB|KIF5B|SCAPER|NAA50|SAMD4A|SEPTIN7|ANP32B|KLHL12|APC|GLTP
OISHI_CHOLANGIOMA_STEM_CELL_LIKE_DN	0.110801700131907	0.518332701640096	-0.323143035664836	-1.16836545441453	755	226	TGFB1I1|EFNB1|TPM2|TAGLN|STX11|EMILIN1|BCAS1|MT2A|PHYHIP|KMT5AP1|ECM1|ACTA2|VILL|TRPV2|RCN3|AEBP1|PDLIM3|MUC5B|CRYBG1|CIB1|IL2RG|RHOF|HSPG2|PTK2B|TIMP1|KSR1|ARHGAP26|EMP3|ECE1|ATP2A3|SV2A|MUC1|LTBP4|ICAM2|CREB3L1|DVL1|KCNN4|HPGD|DGKA|BMP1|NPDC1|TSEN34|INTS11|RPP25|PDLIM4|RCN1|GSTP1|CEP170B|SDF4|GRIN2D|NIBAN1|IFNGR1|TMC6|INF2|TRAF3IP2|PCK2|MGAT3|MXRA8|PLEKHM2|ZBTB48|PMP22
PID_NCADHERIN_PATHWAY	0.110566829951015	0.518332701640096	0.451452368035174	1.28037683260575	473	32	CNR1|FER|PIK3CA|MAPK8|GRIA2|FGFR1|RHOA|ROCK1|CTNND1|KIF5B
SANA_RESPONSE_TO_IFNG_UP	0.110864745011087	0.518332701640096	0.384080731199321	1.23777387091525	449	61	LIPG|ST8SIA4|IFIH1|HLA-B|DTX3L|APOL2|HSD17B11|APOL3|CD274|C1S|HLA-C|CXCL11|RABL3|ETV7
NIKOLSKY_OVERCONNECTED_IN_BREAST_CANCER	0.11101243339254	0.51878156722268	0.564255379354268	1.35147975831057	499	16	MEF2C|ETV5|ATF2|STAT1|NFIX|POU2F1
HOSHIDA_LIVER_CANCER_SUBCLASS_S2	0.111231982594506	0.519565677656424	0.338757692671237	1.19421645958144	408	108	SMARCA1|NCOA4|CPD|GLUD1|MAPK6|ABCD3|NUP153|SUMO1|ADD3|ATXN10|ABCB10|NREP|NR2C1|DDX18|SSB|PRDX3|PIGC|NET1|SEPHS1|ATF2|TIA1|PHF3|TTC3|NR5A2|RPS24|CTNNB1|BCLAF1|HELZ|ATP5PB|RAB4A|EIF4B|EIF4A2|PHKA2|HNRNPA2B1|CDK6|IDI1|AHCY|ATM|EP300|BTG3|CD46|SUZ12|CUL4A|AFP|UBE2K|TFIP11|CSE1L
GSE21360_SECONDARY_VS_TERTIARY_MEMORY_CD8_TCELL_DN	0.111333847340015	0.519799609115849	-0.345153979663014	-1.19135080440717	721	147	KLC4|VANGL2|CIITA|ANAPC11|DERL3|GTF2I|SLC46A1|CHST12|SLC29A1|NBEAL2|TMEM63A|ATP1A3|MFSD2A|TGFB3|PALD1|TADA2A|TMEM86A|NOP2|RPAP1|CHTF18|TPCN1|EMP3|CMKLR1|LIG1|MAP4K1|CSRP2|MXD4|FANCA|GAL3ST4|IL16|DHRS3|FASN|IRAG2|TK1|KDM8|CD81|CKB|MICAL1|MCM3|MCM7|FKBP14|SLC25A26|CAVIN1
GSE15930_NAIVE_VS_48H_IN_VITRO_STIM_CD8_TCELL_UP	0.111464968152866	0.520128013647144	-0.338768251942662	-1.18731585132325	734	168	IDUA|AQP1|CD14|COL14A1|IRF7|ARSA|SPPL2B|MAPK8IP3|HBB|HLA-DOB|DIAPH2|RAB33B|NTRK3|TGFB3|CLCN7|FOS|SLC27A1|BCL3|NOTCH3|FOLR2|IRS2|AKR1B1|PSAP|SEMA4F|SLC12A7|ANKS3|SLC7A11|DIAPH1|AGRN|ZBTB20|SLC39A4|PHC1|MTMR10|GRINA|DDA1|MFGE8|AP1B1|SDF4|HSPA1A|ADGRL1|IRF9|METTL17|SOCS3|ERCC2|ITGAE|PKD1|JUN|KIAA0319L|HIPK2|LDAF1|PLCD1|GATA1|TLN1|ZNF600|LENG8|C22orf39
PID_HEDGEHOG_GLI_PATHWAY	0.111563322959062	0.520128013647144	0.414088207600652	1.25779551836853	465	44	LGALS3|GLI1|GNAI3|HDAC2|FOXA2|RAB23|MTSS1|KIF3A|RBBP4|FBXW11|PIAS1|SPOP|RBBP7|GNAI2|MAP2K1|PRKCD|XPO1
REACTOME_PRE_NOTCH_EXPRESSION_AND_PROCESSING	0.111611450627211	0.520128013647144	-0.37555644040517	-1.21923503050502	693	91	H4C4|H2AC20|H2AC7|H2AC8|SEL1L|MAML3|ATP2A1|H2BC13|H2BC17|H4C11|H4C3|H3C12|H4C14|CCND1|ATP2A3|H3C13|NOTCH3|H4C2|RFNG|H2BC5|H3C2|SIRT6
WP_THYROXINE_THYROID_HORMONE_PRODUCTION	0.111611161116112	0.520128013647144	0.50367936131493	1.31295873146071	495	22	MAPK1|SLC5A5|RAP1B|RAP1A|ELK1|PRKAA1|CREB1
GSE25677_R848_VS_MPL_AND_R848_STIM_BCELL_UP	0.11184729452595	0.520985216914845	-0.359794474715177	-1.20731464531727	708	116	SP5|A1BG|DERL3|RTKN|CNNM4|CECR2|SERPINH1|SRCIN1|SLC23A3|PRSS38|USP35|PIK3IP1|PEX7|FMO4|HOXC13|SEC61B|PKP3|DUS3L|GBP2|SLC12A7|ATOX1|DDO|CPA5|TRABD|STON1|MLEC|MYBBP1A|NOP16|LMLN|FLOT1|PARP12|METTL17|ABCA5|MED16|ASL|FAM8A1|KDM6B|PNPLA2|CYB5R3|NDUFA8|ELAC1|MRPS26
GSE12707_AT16L1_HYPOMORPH_VS_WT_THYMUS_DN	0.111972855065439	0.52108647155627	-0.374555044334716	-1.21850779905471	692	93	TRIM45|NPW|PTPRU|FOXD3|CTRL|HCFC1|FAS|TBC1D8|ROM1|GGCX|TRAPPC5|DEAF1|UCP2|SETD1A|GNS|LMLN|CACNB3|PPP1R37|NOL6|PHF2|VAMP2|NAF1|KCNQ4|PLCD1|RHOG|TTC38|PRAME|SYT5
PID_ECADHERIN_KERATINOCYTE_PATHWAY	0.111960431654676	0.52108647155627	0.528693386560064	1.32599031338853	497	19	AJUBA|SRC|PIK3CA|RHOA|CTNND1|CTNNB1
HU_ANGIOGENESIS_DN	0.112156125088173	0.521697490099667	0.436437598458227	1.27297757287246	476	36	CKS2|DARS1|PDS5A|GMPS|VAPA|ITM2A|CDK2AP1|HMGN4|PTP4A2|HMGN1|DHX15|ZNF217|EIF3M|GPI|HNRNPA2B1|ANXA7|POLR2K|RPA3|ATP6V1G1|MDH1|ATP5PO|SET
GSE17974_CTRL_VS_ACT_IL4_AND_ANTI_IL12_2H_CD4_TCELL_UP	0.112217194570136	0.521739786519232	-0.33509176980615	-1.1797314074775	743	175	NFKBIZ|ATP2B1-AS1|LYRM9|RAP1GAP2|IL11RA|PIEZO1|ENC1|NUP210|SNN|PRKCZ|FAM200B|ACAP1|ROGDI|KIFC2|FOS|P2RX5|CNBD2|PTK2B|MYO1G|IRS2|MAP3K12|LINC00896|ADPRM|SLC16A5|TRADD|BIN1|GAL3ST4|PCIF1|SLC2A3|HEMK1|TSC22D1|G0S2|UBE2Q2P13|MCOLN1|EVL|PCNT|CCDC85B|ANKS6|MEF2D|REPIN1|SUMF2|R3HDM2|RHEBL1|SOCS3|NRGN|ANKRD39|LY6E|POLR3GL|BCL7A|IRF1|JUN|DNAJC4
GSE21063_CTRL_VS_ANTI_IGM_STIM_BCELL_3H_DN	0.112346735101226	0.522100243956531	0.316678572255578	1.16318008391589	393	146	DCK|PELI2|SUMF1|KAT2B|DNAJC6|CHN1|TRIM23|YIPF1|PDCD10|CD164|PLCL1|LANCL1|RAB22A|MXI1|NUP107|TAPT1|INPP5K|IDH1|GFI1|LIN9|USP53|CERT1|SOAT1|RLF|ZNG1A|ZSWIM4|DNM1L|ADAM10|SLC36A4|GABPA|ZBTB25|SEMA7A|CLCN3|OGFOD2|HMGB1|PTPRA|LRRC40|BTF3L4|ZNF148|SSBP2|SETD3|NT5C2|PKNOX1|SUZ12|GALNT7|USP44|MAP1LC3B|OSBPL2|MINDY2|ATP7A|CDK19|HSPA4L|CCZ1
GSE22886_DAY0_VS_DAY7_MONOCYTE_IN_CULTURE_UP	0.112473825904876	0.522201588274821	-0.33183402642057	-1.17705949280952	751	187	HSPA6|TSC22D3|RAP1GAP2|NOTCH2NLA|IL15|SEMA4D|IRF7|CTBP2|ITGA4|EXT1|LYST|GABPB1-IT1|BTN3A1|NBEAL2|NXF1|ARHGAP4|IFITM2|TNFRSF8|SPSB3|ARHGAP45|CRISPLD2|CFD|CDKN2D|PPM1F|FAU|ARHGAP26|RGS14|ADAP1|TPPP3|AMPD2|C11orf21|NLRP1|EHBP1L1|ICAM2|IL16|SP110|PSMB10|GPSM3|JUNB|LINC00623|PDP1|SAP30BP|TNFRSF1B|KLF13|TGIF2|SIGIRR|KDM4B|ICAM3|NFE2
GSE26030_TH1_VS_TH17_RESTIMULATED_DAY15_POST_POLARIZATION_UP	0.112511251125113	0.522201588274821	0.306133146600498	1.1514236061451	374	177	ELK3|NIPSNAP3B|SLAMF6|ZNF367|MX2|IL10RB|RASSF3|CKS2|CNOT8|HEXA-AS1|FAM9B|KDSR|PRIM1|PPP6C|PEAK1|CCNA2|SVIP|PLXND1|TMEM106C|VAV1|P2RX7|TLN2|PLXNC1|FOXP1|DUSP10|PSMG2|TYMS|MFF|GRK5|CDK1|RRM2|CARD6|RFC5|ZBTB37|RRM1|MAPRE2|GIMAP2|CDK2|C4orf46|CPED1|STMN1|TPST1|UBE2D1|TMED8|TTLL4|CDKN3|IL13RA1|SFXN2|ZWINT|BUB3|DCAF12|SKP2|DSN1|METTL9|HJURP|SCMH1|LTA4H|BTBD2|RAD51AP1|TANC2|FOXO4|PLA2G12A|MELK|HMGB2|ALDH1A1|COQ2|TCF19|FAM83D
GSE36476_CTRL_VS_TSST_ACT_40H_MEMORY_CD4_TCELL_OLD_UP	0.112524610025746	0.522201588274821	-0.336498397794766	-1.18207821926599	742	172	MATN1|DPEP2|MC1R|ZNF331|TSC22D3|RAP1GAP2|IL11RA|HBQ1|PBXIP1|IFITM1|RHBDF1|BTN3A1|CLDN6|DGKD|DYRK2|SUN2|HSF2BP|CPS1|FOS|PIK3IP1|SEMA3G|IRS2|C11orf21|USP36|USP19|IL17RA|ACACB|SLC2A3|ZBTB20|SGK1|ZBTB5|CLSTN1|ITGB1|RPS27|ZBTB43|ATP6V0A1|EEF1D|IQSEC1|KCNH2|MOAP1|TTC17|FAM8A1|JUN|LINC00667|PLCD1|JOSD1
GSE11961_PLASMA_CELL_DAY7_VS_MEMORY_BCELL_DAY40_UP	0.112692763938316	0.52225760129862	0.306964292783451	1.1529656384215	379	174	CD83|PDK1|DOK2|LGALS3|GOLPH3|PLK4|EIF2A|STT3B|RAB3A|CCRL2|RND2|PRIM1|MARCHF7|GLE1|CIP2A|IPO7|SH3BGRL|SMNDC1|UBE2N|TSPAN13|SDCBP|FNTA|PCNP|HESX1|INCA1|IGSF10|GJC1|EPB41L4A|GNG10|MYO6|HAUS5|RBL1|RAB5A|ZFP14|UBE2E1|CREG1|UBA2|HNRNPK|MYB|RIOX2|GABPA|CYRIB|CITED2|STMN1|ANXA1|TPST1|TMX1|PSIP1|UGT8|ATP6V1B2|POLR1B|PNRC1|PEPD|ATP6V1C1|RBBP7|VTI1B|IMPA1|KIF16B|TOP2B|VDAC2|CD82|GNAI2|EIF1|SRSF10|YWHAB|ZDHHC9|HNRNPA3|RPS4X|SLC25A20|ATAD2B|GPN1|MDH1|G3BP1|MMUT
GSE34006_WT_VS_A2AR_KO_TREG_UP	0.112654787073392	0.52225760129862	-0.335994009878292	-1.18159873955392	745	173	IL21R|RDH16|SLC8A2|ARID5A|C1orf159|PLOD1|DNPH1|CHCHD10|ABHD17A|RSPH9|TPCN1|IER5L|CDH23|ZNF593|GDF9|NAA60|VPS18|MAP4K1|MORC4|GPR146|STING1|FBXW9|USP36|SLC7A1|JUNB|SGK1|IL23A|SYVN1|PGP|UCP2|PPOX|TNFRSF1B|DDAH2|ERN1|NFKBIB|RNF149|WNK4|HS3ST3A1|MTCH1|SLC66A1|SMARCD2|TNIP2|DBN1|MGAT3|SOCS3|SRRT|PMP22|IER2|METRNL|TBX1|SESN2|TUBA3C|MGAT1|RAG1|PDIA4|METTL13|P4HB|CYB5R3|EIF4A1|SHKBP1|SLC48A1|ACTN4|FURIN|DHODH
MULLIGHAN_MLL_SIGNATURE_2_DN	0.112634671890304	0.52225760129862	0.289674699691934	1.13319757867268	344	250	SLC18A2|CXCL8|STAP1|PRKCH|EGR3|TGFBR2|MANSC1|CCNG1|SCN2A|PTHLH|NEDD4|LINC01963|HIF1A|ABCC4|HS2ST1|DNTTIP2|PEX3|YES1|NPM1|MACIR|RANBP2|ELMO1|ZNF16|OLA1|ATP1B1|RAB11A|EPS15|ASS1|MRPS22|ISOC1|CD96|NUDT11|TEX11|PTPN14|FGFR1|SERPINE2|ICOSLG|RPS6KA2|EFCAB6|TRIM24|UBE2E1|SUPV3L1|POU4F1|ADK|ITM2A|HMGN4|ENDOD1|CLIC4|ABCB1|MAPRE2|NET1|ATP2A2|PPP1R16B|TTC3|LYRM1|GALNT1|HNRNPA1|CEP170|LAMB2|HSD17B12|ARFGEF1|CSAD|SEPTIN11|HACD1|ACACA
GSE22886_NAIVE_CD4_TCELL_VS_48H_ACT_TH2_UP	0.113007034875019	0.522507883959207	-0.33247188245662	-1.17797465230604	754	183	TNS2|IDUA|DHRS12|LYRM9|TSC22D3|SMPD1|SNN|PPFIBP2|RPS28|PRKCZ|ZFPL1|RPLP2|WSCD2|VILL|ZNF692|DBP|CLCN2|RPS9|LSR|FAU|RBM38|ECE1|SNHG17|LTBP3|C11orf21|HIC2|USP19|DVL1|THBD|PCIF1|DHRS3|B4GALT7|ENTPD6|PLEC|NDST1|GRINA|XPO6
GSE5679_CTRL_VS_RARA_AGONIST_AM580_TREATED_DC_UP	0.112860112860113	0.522507883959207	0.298619901910602	1.14226146363501	379	195	NOXRED1|NXPH3|STAP1|RAD54B|SGO2|DNAJC24|DEPDC1B|RFC4|PRIM1|MTHFD2|CCNA2|KNL1|MRPL42|ARHGAP11A|DNA2|GAS2L3|OLA1|ECT2|KPNA2|NEIL3|TCP1|HK2|NUSAP1|GALNS|APOO|TYMS|TUBE1|SPCS1|NUBPL|RFC5|SNRPB2|NIFK|STARD4|TPST1|RBBP8|GTF3A|LSM3|PRR11|MRPL3|STIL|AGPAT5|CNDP2|SEPTIN11|GNL3|SHCBP1|IQGAP3|SRBD1|ADAT3|RAB35|DKC1|CCNB2|TBC1D7|SERPINB1|WDR43|HROB|KIF23|NCAPH|NCAPD2|ASPM|MNAT1|RPA3|POLR2M|WARS1|BRCA1|TM2D2|NSL1|NUP43|SF3A3|GSTZ1|CCND2
MILI_PSEUDOPODIA	0.112961622013034	0.522507883959207	0.406507879361841	1.2516765728322	467	47	ZBTB12|CCNG1|EIF2A|EIF3E|DDR2|BMI1|SH3BGRL|MFF|SSB|KIF5B|NAA50|SAMD4A|SEPTIN7|APC|DKC1|INPP1|TP53INP2|RBIS|HNRNPA3|PKP4|CCND2
WAMUNYOKOLI_OVARIAN_CANCER_LMP_UP	0.112947262537721	0.522507883959207	-0.316580836615629	-1.15884094527464	785	254	AKAP13|BSPRY|CTBP2|SFN|QSOX1|KRTCAP3|UQCR11|COX6A1|PWWP2B|FAAP100|CACFD1|UBA7|ETFB|TMEM63A|DYRK2|MRPL14|MRPL41|POR|DOHH|ELL3|VSIG2|CIB1|RRBP1|IER3|CCND1|STYK1|LMAN2|AURKAIP1|SIRT7|MUC1|PET100|GNA11|LSM7|SLC22A23|UQCRQ|HPGD|PSMB10|FAM83H|TRAPPC5|GFUS|OXLD1|SLC35D2|ACAA1|GALE|ANKRD9|HIP1R|POLR1H|CENPV|GRTP1|FLNB|TEX264|MCRIP2|TNIP1|GIPC1|UQCC3|GSTP1|NOSIP|SMARCA4|MFSD9|TMC6|STARD10|TNIP2|RABL6|INF2|RRP7A|C8orf82|SURF6|RAB2A|PLEKHH1|PSD4|JTB|GOLGA2|S100A6|TMEM259|MED16|CC2D1A|EIF2B5|MRPS18A|EIF4G1|POP7|GSTK1|EBP
WP_NOTCH1_REGULATION_OF_ENDOTHELIAL_CELL_CALCIFICATION	0.11292093704246	0.522507883959207	-0.589053885646058	-1.3452119774348	616	15	PLAT|JAG2|FGFR3|DLL3|VEGFA
CARD_MIR302A_TARGETS	0.113316582914573	0.523132987970038	0.369289284263805	1.22101444865785	450	71	CCNG2|ZNF367|TGFBR2|ZFPM2|FOXJ3|YES1|EIF4G2|PPP6C|KPNA2|RNF6|RBL2|CNOT7|MYT1|LIMK1|PHTF2|DDX5|CDK2|RBBP4|RB1|CLOCK|WEE1|RB1CC1|E2F5|CDK6|RBBP7|ZFHX4|ASAP1|MBD2
CHEN_HOXA5_TARGETS_9HR_DN	0.113357525488163	0.523132987970038	-0.451511096570108	-1.27986339664895	655	40	ANPEP|MARCKS|SLC29A1|SYNGR2|SYNE3|SERPINH1|GLG1|SV2A|DDT|RTL8C|WNT5B|LPCAT1|AP1S1
GSE17974_CTRL_VS_ACT_IL4_AND_ANTI_IL12_48H_CD4_TCELL_UP	0.11343328789944	0.523132987970038	-0.339233578505606	-1.18797025758381	748	166	NFKBIZ|ZNF711|ATP2B1-AS1|TPM2|UBL3|DPEP2|TYROBP|RAP1GAP2|IL11RA|ENC1|ITGA4|SYNM|SNN|CXCL1|FAM200B|GPRASP1|CRYBG1|KRT73|KIFC2|ERO1B|LRPAP1|IRS2|MAD1L1|SLC25A25-AS1|ZNF329|SNHG20|GAL3ST4|FBXL20|ZBTB20|BMP1|SGK1|LRRC37A2|ITFG2|MUL1|TSC22D1|G0S2|MCOLN1|TTC28
GSE2770_UNTREATED_VS_TGFB_AND_IL12_TREATED_ACT_CD4_TCELL_6H_UP	0.11350703803534	0.523132987970038	0.30025062168122	1.14196871182317	378	190	CAMKMT|EXO5|PDK1|TRAPPC8|EXOC5|ITGB3BP|TTPAL|POGLUT1|PRMT9|ZBTB33|NAA30|CPEB2|UBA5|TMEM86B|GLUD1|B3GNT5|CLK4|RCHY1|NOL11|ORC4|DCLRE1C|TMEM35B|TFB2M|NAB1|CABLES2|TWF1|TRMT10B|ATP6V1D|SOS2|TCEANC2|TRMT11|DNAJA2|FAM91A1|CUL2|IREB2|TSG101|ZFC3H1|KDM3A|RLF|TASOR|ACAT1|DARS2|TTC33|PWWP2A|HAPSTR1|CCNT2|ATAD1|TMED8|ZMYM2|DHX57|IVNS1ABP|QDPR|CWF19L2|ARL6IP6|LTV1|TBC1D23|TFRC|SLMAP|ZNF318|ICE2|ZRANB2|ASH1L|DENND1B|WASHC2A
KEGG_MEDICUS_REFERENCE_KITLG_KIT_RAS_ERK_SIGNALING_PATHWAY	0.113486117232261	0.523132987970038	0.568918791250682	1.3430755255436	514	15	MAPK1|KIT|SOS2|NRAS|BRAF|SOS1|MAP2K1
KEGG_MEDICUS_VARIANT_AMPLIFIED_FGFR_TO_RAS_ERK_SIGNALING_PATHWAY	0.113486117232261	0.523132987970038	0.568918791250682	1.3430755255436	514	15	MAPK1|FGFR1|SOS2|NRAS|BRAF|SOS1|MAP2K1
SASAI_RESISTANCE_TO_NEOPLASTIC_TRANSFROMATION	0.113285986488827	0.523132987970038	-0.456203262002653	-1.28685707623619	653	39	TGFB1I1|TAGLN|QSOX1|COL1A1|TGFB3|PCOLCE|TNFRSF1A|ABCB6|P3H1|GBP2|ID3|JUNB|CACNB3|IL6ST|IFNGR1
NABA_MATRISOME_POORLY_METASTATIC_BREAST_CANCER	0.113859585303747	0.524516988195966	-0.576819189725033	-1.33851865898691	625	16	PLAT|TIMP3|MMP1|VWA1
CROONQUIST_STROMAL_STIMULATION_UP	0.114110010249402	0.52532336476866	-0.438799108785768	-1.27114811931108	667	45	TPM2|TSC22D3|LAMA4|CXCL1|ACTA2|COL6A1|IER3|FOS|SERPINE1|COL6A3|NOTCH3
REACTOME_EXPORT_OF_VIRAL_RIBONUCLEOPROTEINS_FROM_NUCLEUS	0.114139296529234	0.52532336476866	0.445611358479408	1.2744152975271	489	33	RANBP2|SEH1L|NUP153|NUP35|NUP107|NUP37|NUP160|NUP133|NUP205|NUP88|RAE1|NUP155|NUP54|NUP50|NDC1|NUP58|NUP98|XPO1|NUP43|TPR
GSE40274_CTRL_VS_LEF1_TRANSDUCED_ACTIVATED_CD4_TCELL_UP	0.114325280812433	0.52569728300284	-0.343345815697913	-1.1876330425681	742	150	TCN2|C1QTNF12|H2AC15|LRRC56|CTBP2|N4BP2L1|RASGRP3|PDLIM2|EVI5L|ADGRE5|ROGDI|OSBPL5|CHCHD10|PPARG|FSIP1|STYK1|AURKB|TPCN1|THEMIS2|HIGD2A|FBLIM1|COBLL1|PXMP4|BCL6|INPPL1|POLD1|RFC2|CST3|RNF181|SLC2A3|GRHPR|HDAC7|ANKRD13D|NDST1|MALT1|TMBIM6|TAX1BP3|MINK1|HES1|CD81|MAN2A1|SH3BGRL3|MPZL1
PID_EPO_PATHWAY	0.114299043620247	0.52569728300284	0.449642440709329	1.27524364651394	489	32	VAV2|PTPN6|MAPK8|RAP1A|JAK2|BCL2|MAPK14|BTK|STAT1|SOS1|GAB1|CRKL|PTPN11|SHC1
GSE3337_CTRL_VS_4H_IFNG_IN_CD8POS_DC_UP	0.114405510631926	0.52582532771212	-0.332382826838093	-1.17695967999159	763	182	TYROBP|CD14|PLXNB2|PNKD|P2RX4|ANKH|GON4L|ETFB|ITIH5|KLF7|SLC7A7|ZIC1|LBP|TGFB3|PPFIA4|NAPSA|GLG1|NLRX1|EMP3|RBM38|RGS14|EPHB6|AKAP8L|ID3|LYL1|CTSD|SLC22A23|RNF181|ENO3|ARID3B|HEXA|SGK1|PHC1|ARHGAP1|TNFRSF1B|PER1|PPP1R18|NEDD8|PTCD2|UBE2J2|SLC9A8|RNF149|SMARCA4|CASC3|NOPCHAP1|FRRS1|DHX30|LPCAT1|NEURL4|SEMA4B|CTSH|VAMP2|SURF1
GSE41867_NAIVE_VS_DAY15_LCMV_CONE13_EFFECTOR_CD8_TCELL_DN	0.114472123368921	0.52589069765548	0.306535235011161	1.15281739877648	385	175	NUDT12|FOXA1|ZNF614|INTS13|EGR1|DOCK7|NHLRC2|ABCD3|LIPT1|ZFYVE16|CRNKL1|PPIL1|CNOT6|SLC38A2|VAV1|MAPK1|SLC4A11|LFNG|SH2D5|C2CD6|PIGK|CAPRIN1|ZBED5|PRRC1|DUSP18|CPSF2|RPE|TUBE1|ARMC1|CLTC|MAPRE2|ZBTB21|HMG20A|CFAP20|HAPSTR1|PPP4R3B|TMEM243|KLHL12|MAP3K15|CHD1|TUBGCP4|CLCN3|MTF2|MAK16|ZMYM2|PSME4|CDC5L|INTS6|IDE|AP4E1|HTATIP2|TBC1D23|VPS37A|CDC42SE2|CCT6A|SREK1|HSPA9|COPB2|TMEM33
WP_CORTICOTROPINRELEASING_HORMONE_SIGNALING	0.114668066124377	0.526549884609558	0.359934089445322	1.21116418862337	436	81	FOSB|CXCL8|NCOA2|GNAQ|NR4A2|MAPK8|MAPK1|RAP1B|RHOA|PRKCI|BCL2|CASP3|SP1|ELK1|PTK2|BRAF|CREB1|MAPK9|CTNNB1|MAPK14|ACACA|HSP90AA1|PRKCQ|IL18|MAP3K5|FOSL2|GNAI2|MAP2K1|PRKCD|GNB2|PRKCB
GSE3691_IFN_PRODUCING_KILLER_DC_VS_PLASMACYTOID_DC_SPLEEN_UP	0.114759036144578	0.526613556586711	0.30092247318521	1.14009426912199	380	186	TTC39B|ITGB7|ARMCX1|TGFBR2|TBC1D10C|ABTB1|TAMALIN|RAD52|POU6F1|CNOT11|HSDL2|FGF13|HMGN5|TLE4|XRCC4|KLHL24|CPD|PIK3C2A|CGGBP1|LGALS8|CLK4|AP1S2|LYSMD3|DAPK2|SLC44A1|RMND5A|ZNF644|LRRC28|TAPT1|INPP5K|MFSD1|IRF2BP1|SNX4|NIPAL1|MMP11|MTSS1|B3GAT2|KCTD14|EVPL|LITAF|RBL1|SNX13|VWA5A
WP_TCA_CYCLE_AND_DEFICIENCY_OF_PYRUVATE_DEHYDROGENASE_COMPLEX_PDHC	0.114786856127886	0.526613556586711	0.560763530923271	1.34311623596545	516	16	IDH1|DLAT|ACLY|CS|FH|IDH3A|DLD|SUCLG2|ACO1|MDH1
CROONQUIST_IL6_DEPRIVATION_DN	0.114915074309979	0.526636278905855	0.346129134511674	1.1956825114197	432	95	CCNE2|PLK4|CKS2|TOP2A|KIF11|CCNA2|CCNB1|SMC2|GINS1|KPNA2|GMPS|MAD2L1|FRZB|SPP1|TYMS|CDK1|RRM2|ITM2A|BUB1|SEPHS1|ABHD5|STMN1|KIF14|PTPRC|GGH|CDKN3|STIL|PCNA|ZWINT|WEE1|SMC4|CENPE|PCLAF|RFC3|SKP2|CCNB2|BUB1B|KNTC1
GSE20366_TREG_VS_NAIVE_CD4_TCELL_DEC205_CONVERSION_DN	0.114949201741655	0.526636278905855	0.310735615852793	1.15568070471721	395	161	TMEM182|EPB42|SESTD1|SLC9A2|C11orf65|DNAJC6|CNOT11|PDE3B|TEX15|ZNF518B|NAAA|PJA1|AASDH|AP1S2|CRYBG3|ANKHD1|PLEKHF2|AP3S1|PMS1|ABLIM3|SLC22A15|RAD9B|LFNG|IFITM10|HAS3|HPCAL4|KIT|TDRP|EGR2|RNF144A|CEP97|C1GALT1|IRAK4|TRIP11|SEMA4A|PDE7A|UBE2D3|ANXA1|C2orf88|FANCF|ADGRV1|NIPA2|MFSD6|RYK|ASB8|SRPK1|ZNF2|PNPLA8|SMAD5
ZHOU_INFLAMMATORY_RESPONSE_LIVE_DN	0.114901256732496	0.526636278905855	0.276196474628204	1.11445717885258	319	339	SETDB2|SENP8|DCP1B|MLYCD|LBHD1|ARL11|SLAMF6|DPF3|ZNF362|PLAAT1|FAM135A|STEAP1|SNX18|FGD4|ELAPOR2|CDS1|MBLAC2|GPRASP2|PRMT9|TMCC1|C1QTNF3|CNOT8|TRMT61B|VSIR|RWDD2A|USP2|AASDH|MRTFB|HEATR3|ZNF785|ZNF555|CALB1|LIPT1|SPRY2|ARMCX6|SNAI3|GYPA|INTS8|UBR5-DT|RCBTB2|CARD9|HKDC1|DKK3|TIGAR|OTUB2|GNAL|CYTH4|EHD3|DNAI4|BICD1|DOK3|SLC25A36|SLC20A1|TRIAP1|ARV1|DBT|CEP44|AASDHPPT|BMPR1A|CTNS|CHD9|KDM3A|PRKD3|SMIM3|COQ3|MIS18BP1|RCOR3
GSE16385_MONOCYTE_VS_12H_ROSIGLITAZONE_IFNG_TNF_TREATED_MACROPHAGE_UP	0.115102529561443	0.526857816569888	-0.331906683848819	-1.17597210812519	768	183	SSC4D|MTCL1|CADM2|C1QTNF12|ENC1|PAK6|DPH1|SLC39A3|PWWP2B|JOSD2|GPX8|LONP1|LENG9|WDR46|GBA2|TNFRSF1A|AURKB|FOS|SEMA3G|FGD1|IRS2|TMUB1|AKNA|TRABD|DGAT1|HPGD|IL17RA|LENG1|JUNB|MADD|FAM118A|RPS23|PACSIN1|AAMDC|SNHG12|WNT5B|CNIH4|LMNA|USB1|NUDT7|UQCRHL|SURF6|NOP53|MED11|SENP3|ITGAE|F12|RELB|ARMC7|ELK4|ADAM8|SLC39A13|RNF31|MRPS16|BLOC1S5|KATNA1|OTULIN|PSMB3|COX4I1|ABHD6|ZFAND3|ISY1|UCKL1|EGLN2|TBC1D22B|IMMP1L|ZPR1|PMVK|PPP1R14C|HSF1|SMKR1|FN3KRP|PIK3CD|FHIT
GSE2128_CTRL_VS_MIMETOPE_NEGATIVE_SELECTION_DP_THYMOCYTE_C57BL6_UP	0.115075148018825	0.526857816569888	-0.340050597429302	-1.18799794770263	757	162	TRPM2|ZNF541|PLAT|TSC22D3|AHRR|PNKD|LILRA2|P2RX4|KCNC4|CLN3|MYL11|NBEAL2|CECR2|GGA1|ATP6AP1-DT|IFI16|HAS1|KRT4|ICAM1|LINC00926|VENTX|NOTCH3|CLDN11|FBLIM1|NDRG4|CNTROB|IRS2|SGCG|FOXD4|ORAI1|ACACB|AGRN|LENG1|JUNB|SPATA24|EPOP|TRPT1|RNF24|NIBAN2|MTHFD2L|DPCD|MAFG|DACT3|SUPT6H
GENTILE_UV_RESPONSE_CLUSTER_D1	0.115212527964206	0.527080945402841	0.548330193524541	1.33560264665412	514	17	STXBP3|PHTF2|CASP3|ZNF117|SNRNP35|WEE1
KEGG_HUNTINGTONS_DISEASE	0.115256293600243	0.527080945402841	-0.337474681184981	-1.18278214116418	759	168	PLCB4|COX6B2|POLR2L|POLR2F|COX8A|UQCR11|COX6A1|NDUFB2|NDUFB8|NDUFA3|NDUFA2|UQCR10|COX5B|COX6B1|PPARG|NDUFS7|NDUFS8|NDUFA4L2|POLR2E|CREB3L1|NDUFA6|NDUFB7|UQCRQ|NDUFA1|ATP5PF|NDUFB1|DNAH3|NDUFC2|NDUFC1|DNAL4|SDHA|POLR2A|CLTA|UQCRHL|POLR2J|ATP5F1D|NDUFA7|NDUFB6|CYC1|BBC3|HIP1|ATP5MC1|AP2M1|VDAC2P5|CREB5|POLR2I|NDUFA8|POLR2J3|CASP9|COX7A2|TFAM|NDUFAB1|AP2A1|AP2S1|COX4I1|MT-CYB|NDUFB4|DLG4|UQCRH|COX6C|POLR2G|SDHB|ATP5MC3|COX7C|PLCB3|NDUFB9|DCTN1
GSE7548_DAY7_VS_DAY28_PCC_IMMUNIZATION_CD4_TCELL_UP	0.115511551155116	0.527878590139678	0.305708751487412	1.14982737732452	384	177	GJC2|CD36|CD70|TRAPPC8|VPS26A|PRH1|HIF1A|PHLDA1|PTPN2|LGALS8|DDR2|ITSN1|PIKFYVE|TWF1|MFAP3|PDE8A|PICALM|TRIB1|IRF2BP1|MAD2L1|PLPP3|TRIM2|RCBTB2|S1PR1|CDKL2|SDS|EVPL|LITAF|EXOSC9|CREG1|CELF2|RBPJ|PPFIBP1|NNT|TOR1B|NDN|GBE1|SACM1L|RAB3GAP2|QKI|CLCN3|PPP2CA|ATP13A3|BNIP2|CEP170|KBTBD2|RAB1A|ZNF264|H3C10|IL1R1|NUMB|SSBP2|ATM
RICKMAN_HEAD_AND_NECK_CANCER_E	0.115535889872173	0.527878590139678	0.388909736979267	1.23043937747937	469	56	NTS|FGF13|CYP26A1|ALOX12|MFSD4A|SYTL5|WNT2B|UPK1B|POF1B|PRSS27|SOCS2
GSE36078_WT_VS_IL1R_KO_LUNG_DC_AFTER_AD5_INF_DN	0.115627822944896	0.528058274213315	0.302269565438956	1.14196894948217	383	183	SLAMF6|PRNP|ASAH2|TSPAN32|EGR3|DYNC2LI1|PDK1|SESTD1|DNAJC6|ATP6AP2|TCF7|EGLN3|HIF1A|CTSS|PPP1CB|ST8SIA6|USP6NL|TSPAN13|EPB41L5|ATP1B1|P2RX7|NIPAL1|GLIS3|TOX|RUNDC3B|EGR2|PIGK|CHAC2|ATP6V1D|LITAF|MYO6|DUSP10|LDHB|AGL|TBC1D19|IFT57|KLHDC2|PANK1|SLC25A14|UBQLN2|ADK|CUL2|MTMR4|MYB|DECR1|HMGN3|AFTPH|SFMBT2|SEMA7A|SMPDL3A|GLTP|ARHGAP5|CYB5B|BMP2K|RTCA|SPRED1
GSE5589_IL6_KO_VS_IL10_KO_LPS_AND_IL10_STIM_MACROPHAGE_45MIN_UP	0.115742128935532	0.528339922808037	-0.333055293192367	-1.17666651396727	771	179	IL21R|SMAD7|CD14|APBB2|RTKN|CNNM4|GASK1B|GPR68|ACAP1|ZC3H12C|ZNF516|ITGAX|PPARG|UCHL1|DENND11|GGN|TMEM163|PLEKHA1|SDF2L1|KLK8|FRMD6|IFITM3|INPPL1|KCNK6|SMDT1|SLC7A11|SPHK1|CDCP1|NTHL1|CLSTN1|AGPAT2|DOT1L|FAM118A|PER1|ARHGAP6|MALT1|CTTN|CD276|GCHFR|ITGA5|LONRF3|NNMT|RNASET2|EMC10|TIMELESS|TRAF3|CLCN5|P3H3|RELB|CDKN1A|CD320|PILRB|FHOD1|NFKBIE|NANOS1|RILPL1
GSE10239_MEMORY_VS_KLRG1HIGH_EFF_CD8_TCELL_UP	0.115961800818554	0.528805009816144	-0.336049947586372	-1.17946970847047	764	171	DNASE1L2|HPX|COL25A1|SLC22A18|C1QTNF12|DBNDD2|CD84|TMEM25|UQCR10|RTN4R|ZNF692|MMEL1|ZSWIM5|APOBR|CLCN7|TNFRSF1A|TCP11L2|DUSP8|CCNL2|C12orf57|GREB1|KLK8|NOTCH3|SEZ6L2|BAHCC1|DACH1|KCNJ11|TREML2|NFE2L1|LRRC61|PAQR7|TRIM39|RAP1GAP|RTL8C|PLXNA3|EVL|ZBTB39|FLOT1|CENATAC|GPANK1|RPL35|KLHL26|ITPR2|CLEC16A|AP5S1
GSE15750_WT_VS_TRAF6KO_DAY6_EFF_CD8_TCELL_UP	0.115989809680803	0.528805009816144	-0.332845962760747	-1.17712344179721	773	180	C3|BSPRY|WASHC1|LAMB1|PAK6|ANGPTL6|ATAT1|AMZ1|SPOUT1|TRAIP|DNAJC15|IFI35|RGS17|DCAF11|PLEKHG6|FSIP1|ZNRD2|SKIDA1|SLC15A2|PTPN3|FAS|DUS3L|TSPO|YJU2B|C2orf76|SWSAP1|PMF1|HIC2|QTRT1|NDUFA1|ABHD12|ARHGAP39|DCTN3|PISD|AGPAT2|PRDM15|PARP3|GNS|NR2C2AP|BTD|TBCCD1|H2BC18|TTC12|EIPR1|CCDC51|NCBP2AS2|BRF2|TUFM|ZDHHC14|DMAC1|HSPA1B|GSTK1|SPAG16|NFKBIE|NEFH|NBAS|ZSWIM7|DHTKD1|STYXL1|TMEM120B|BYSL|TMEM231|CIAO3
GSE21774_CD56_BRIGHT_VS_DIM_CD62L_POSITIVE_NK_CELL_UP	0.116160096298525	0.528805009816144	0.301509813351229	1.14055024598168	385	184	PITPNC1|ALG11|RNF217|ANKRD13C|SESN3|WDFY3|PGAP4|STT3B|TMEM64|NT5C3A|HIF1A|HEMGN|HACE1|PTBP3|ITSN1|MARCHF7|HYCC1|UTRN|EPB41L5|PPP1R12A|ZNF12|NLK|WDR44|INTS6L|VWF|CPXM1|OTUB2|ATP8A1|PLXNC1|RNF125|RAP1B|NCKAP1|TCEANC2|PKP2|PIP5K1B|EXOC6|SNX25|CADPS2|RFK|PTK2|ZMAT3|MOB1B|PTPN12|NDN|DERL1|CMAS|CITED2|CCNT2|RO60|STARD4|TPST1|CA2|ABRAXAS1|FRYL
GSE23502_WT_VS_HDC_KO_MYELOID_DERIVED_SUPPRESSOR_CELL_COLON_TUMOR_UP	0.116119402985075	0.528805009816144	0.305703592863317	1.14899243612334	388	176	PAQR9|IFIH1|RGS2|CKS2|GNB4|JKAMP|TOP2A|BATF3|ANLN|S1PR2|PBK|KLF10|PAIP2|LDHA|CCNA2|ETV5|IFIT3|USP14|P2RX7|EMILIN2|TOX|XCL1|TMEM176B|SLC40A1|CDC14B|CKAP2L|TCEANC2|TMEM38B|IFT74|CREG1|CDK1|RRM2|ADK|ATP11A|FZD4|BUB1|MYB|CITED2|STMN1|MGST1|RACGAP1|GLUL|NCK1|CDKN3|LIN54|MIER1|HACD1|YWHAH|HELZ|SHCBP1|PCLAF|CENPS|TFDP2|CCNB2|BUB1B|SORD|KNTC1|PORCN|FOSL2|DNAJC21|DLGAP5|XRN1
GSE30971_2H_VS_4H_LPS_STIM_MACROPHAGE_WBP7_KO_UP	0.116113384871911	0.528805009816144	-0.335980834011902	-1.17922713331723	765	171	KLC3|ITGA4|MADCAM1|AMZ1|WHRN|ANKH|SYNGR1|SH3BP2|CCS|CASKIN1|TRAIP|APLP2|FXYD1|DBP|SUN2|ARHGAP45|SLC7A7|MUC5B|B3GNT6|CYP2S1|IFI27L2|DUSP8|GAS2L1|KDF1|SLC12A6|ZNF329|IL16|IL17RA|SLC2A3|SFXN3|MAP4K2|CDCP1|METTL26|RCN1|HOXC10|WNK4|AKAP7|REPIN1|HNRNPAB|FBXO31|NUDT14|RPL3|GRAMD4|SNRNP70|CCDC186|ITPR3|TTC13|MPI|BCORL1|SPTBN1|SLC22A5
REACTOME_GLYCOSPHINGOLIPID_CATABOLISM	0.116010498687664	0.528805009816144	-0.466653048962535	-1.28150599528671	662	34	STS|GLB1L3|SMPD1|ARSA|GLB1L2|GBA2|SMPD3|ARSL|PSAP|CTSA|HEXA|SUMF2|NEU1
GSE3982_MAC_VS_NEUTROPHIL_LPS_STIM_DN	0.116296980899569	0.529032684615719	-0.342119954639958	-1.18523698112975	754	153	CROCC|PCNX1|HPX|TP53I11|CYFIP2|MGAT4A|SLC8A2|FICD|ZNF467|SFI1|HSPB6|SOX11|KLF12|EXTL1|CIB1|LRRC37A3|BCAM|UBOX5|ENTPD1|EXD3|AREL1|RALBP1|DPF1|HDAC7|MGRN1|SPATA2L|LMBR1L|XPO6|POLR1G|TROAP|APEX2|TMUB2|PEF1|GUSBP11|MICAL1|IER2|ZNF552|TMA7|VAMP2|DNAJC4|ALAS2|PTTG1IP|SH3D21
KEGG_BASE_EXCISION_REPAIR	0.116315514539439	0.529032684615719	-0.463588713971243	-1.2817757901705	667	35	NEIL1|MUTYH|HMGB1P1|HMGB1P40|MPG|LIG1|POLE|POLD1|NTHL1|PARP3|APEX2|NEIL2|PARP1
FARMER_BREAST_CANCER_APOCRINE_VS_BASAL	0.116514690982776	0.529282080215189	0.283122722153484	1.12231725145204	344	286	FEM1C|SLC35A3|EGF|BMAL2|CCL2|TMEM135|CLDND1|NEDD4|ANKRD27|TOP2A|LRBA|NAAA|MLF1|RNF138|BCAP29|KIF11|ZWILCH|TSPAN13|HPRT1|GINS1|SC5D|PGRMC2|BBS1|ETFA|DCAF6|IDH1|BMERB1|AGPS|SLC19A2|SAR1B|FAM174B|SLC2A10|ZBTB16|BRINP3|ABCC6|KIT|INPP4B|UBE2E3|DUSP10|LDHB|TYMS|VWA5A|ACSL1|PELI1|TRMT11|TAF1A|NRAS|HMGN4|CADPS2|CASD1|CRIPT|PRKAA1|CLGN|ENSG00000291006|HACD3|ELOVL5|MYC|QKI|RBBP8|KIF14|RBM47|NCK1|P4HA1|NUP88|GPD1L|MID1|STIL|PLSCR1|PSIP1|ATP11B|ACACA|MPHOSPH6|ECHDC1|CCNDBP1|TMEM87A|BTBD3|FDFT1|DALRD3|FABP5|TRAK2|GPR161|UTP25|S100A4|EFHD1|IDI1|GGT1|TASOR2|BTG3|NT5C2|TSPAN3|GALNT7|MSMO1|OPTN|SNRPD1|TPGS2|CCDC88A
GSE17721_LPS_VS_CPG_16H_BMDC_UP	0.116551516972064	0.529282080215189	0.303680190464443	1.14475589382723	387	180	ZBTB12|RGS5|PIGA|CD40|IFIH1|NUS1|DNAH1|RTL8B|HLA-B|WDSUB1|NXN|USP38|UBR3|NUDT13|MARCHF5|ZNF277|CGGBP1|PTPN2|AMMECR1|PEAK1|NR4A2|BMI1|UNK|SEC22A|NUP133|MAD2L1|EIF2B2|COL4A5|RBKS|GFI1|ATP6V1G2|RSAD2|LFNG|AP3B2|SERPINE2|AUH|SLC30A1|CXCL11|CRBN|WASHC3
LU_TUMOR_ENDOTHELIAL_MARKERS_UP	0.116581259150805	0.529282080215189	-0.586348797510295	-1.33903441533239	636	15	HSPA6|TWIST1|TNFRSF21|EGFL6
REACTOME_HATS_ACETYLATE_HISTONES	0.116491117748782	0.529282080215189	-0.351963212684552	-1.1934051688674	740	127	H2AC13|H4C4|H2AC20|H2AC7|H2AC8|H2AC11|H2AC15|H2BC13|H2BC17|H4C11|H4C3|H2AC16|ING4|H3C12|TADA2A|H4C14|HCFC1|H3C13|H4C2|TAF6L|BRD1|VPS72|H2BC5|ING5|BRPF1|H2AC12|H3C2|H2AC25|H2BC12
WANG_LMO4_TARGETS_UP	0.116785714285714	0.52997061482821	0.275473205273321	1.11242364182414	326	340	GPR158|SERINC5|TSPAN32|UBTD2|CFL2|SNX18|UQCRB|ARL5A|ITFG1|TMEM135|NABP1|TMEM106B|BBOF1|FAM174A|GLUD1|RBMXL1|LGALS8|MACIR|MT1X|USP6NL|SYPL1|PRKAR1A|SUMO1|CBX3|ATXN10|NLK|ATP1B1|DMTF1|ITPRID2|LYRM7|H3-3A|GTF2A1|ATG10|AKR7A3|ZXDB|PLGLB1|SLC25A48|KIF3A|LITAF|FOXP1|PDS5B|PCMTD1|ASNSD1|MTMR12|DYRK1A|SERTAD1|RPE|TCAF1|PPHLN1|VRK2|NAA25|ARL17A|RABL3|SOAT1|CNOT2|PCYOX1|ARHGEF12|ZMYM5|SCAMP1|CRIPT|NNT|PRDX6|SMIM30|HACD3|NET1|MEGF9|WWP2|ARRDC4|PPP3R1|AZI2|CD47|TTC3|CREB1|MRPL30|MAN1A2|SUB1|GLUL|CTNNB1|ATP13A3|HNRNPA1|PRR11|HMGB1|AGPAT5|NT5DC1|SFXN1|ITPRIPL2|WEE1|AK3|SLC35A1|VPS4B|MORF4L1|STARD7|TIPARP|DSTN|CDCA2|ETV6|IL1R1|PACRGL|SREK1|ZNF326|SKP2|AHCY|PABPC1|RAB10|SMAD5|RMI2|NFIA|LINC01667|FUBP1|BTBD2|CCDC14|GFM1|SCAI
HELLER_HDAC_TARGETS_SILENCED_BY_METHYLATION_DN	0.117019743478887	0.530585305853059	-0.317265592739583	-1.1578527532564	811	247	IL21R|HSPA6|FARP1|MAPK13|CCPG1|HOMER3|ITGA4|RASGRP3|NUP210|CHAC1|MAGEH1|CBS|GDF15|HBB|NOL12|SYNE3|SLC3A2|SNHG32|DNAJC15|SERPINH1|IFI16|CD48|GALNT14|LONP1|CCND1|HSPB1|P2RX5|BCL3|RAB15|FAS|INHBE|TRIB3|MZF1|MAP4K1|TIMM44|ITGB5|PMF1|SRM|TXNDC15|SLC7A11|PSMB10|FGFR3|PHF11|NFE2L1|PITX1|CEBPB|PRTN3|RPL10|MYBL2|WNT5B|KLHL21|IRAG2|HSPA1A|NIBAN1|MYCL
PATEL_SKIN_OF_BODY_ZOSTAVAX_AGE_70_93YO_VZV_CHALLENGE_3DY_UP	0.11702688455456	0.530585305853059	0.351344968571916	1.19707423927278	443	88	AIF1|CPVL|MS4A6A|CCL2|CLIC2|NPL|CTSS|AP1S2|SMC2|LIPC|FCER1G|FPR3|RHOJ|CAPRIN1|SAMSN1|LCP1|ATP11A|PTP4A2|CYBB|OSTC
SWEET_LUNG_CANCER_KRAS_DN	0.117229870671673	0.531054675716101	-0.30525281856151	-1.14277589452962	842	334	TNS2|TAGLN|GNAS-AS1|PTPRB|AQP1|C3|IL11RA|LATS2|ENG|MARCKS|LAMB1|TIMP3|ACE|ZBTB46|HBB|ACTA2|ADGRE5|COL1A1|FXYD1|SOD3|SMAD6|IFI16|KLF7|FLT1|IGFBP2|RARRES2|SOX11|KRT4|CFD|TPH1|CYTH3|CYP2S1|FYN|STAB1|CYP2F1|FHL1|DCN|IL1B|FAS|IFITM3|GBP2|LTBP4|ID3|EMP2|LYL1|POLD1|MAP7D1|ICAM2|GMFG|THBD|PSMB10|SULT1A1|ZBTB20|RHOB|PPP2R3C|HEPH|NDST1|G0S2|ZMYND11|LIFR
TCGA_GLIOBLASTOMA_COPY_NUMBER_UP	0.117236218508356	0.531054675716101	0.371005510120379	1.21904788585048	469	68	SAMD9|CAPZA2|HIPK3|ZBTB18|PIK3CA|PEX1|GEN1|PARP11|VPS50|CYP27B1|WDR35|RPL21P44|FAM133B|WT1-AS|QSER1|SMC6|TCP11L1|PUM2|EIF3M|CEP170|WT1|RBM48|RDH14|CDK6|LAPTM4A
GSE9650_EXHAUSTED_VS_MEMORY_CD8_TCELL_DN	0.117296814528133	0.531089501232929	0.298716584465961	1.13969894675652	393	193	PITPNC1|ITGB7|CD44|FCGR2B|PDK1|YIPF1|TLE4|FAM107B|IL18R1|BNIP3L|YES1|LDHA|CCT8|MACIR|GNPAT|TOB1|AP3M1|C18orf32|KCNJ8|MRPL50|ASS1|IRF2BP1|DYM|VAV1|IL6R|IFITM10|ITIH4|TDRP|RHOA|COPS5|BCL2|NGDN|SEMA4A|EIF2S1|CCT4|ARMC1|ELOVL5|ANXA5|APEX1|SACM1L|ANXA1|IKBKE|SUCLG1|PARK7|API5|PIGX|GALNT10|CHP1|CCNDBP1|FARSB|TRAM1|CCT6A|CCDC115|SRPK1|SPTLC1|SARAF|GLO1|MAP1LC3B|ZFP36|STK38|SNRNP40|WDR43
GSE13547_CTRL_VS_ANTI_IGM_STIM_BCELL_2H_UP	0.11738746690203	0.531260321353732	0.30701821728212	1.152021283787	398	172	AIM2|TTK|SGO2|IFIH1|DHX58|HNRNPLL|TOP2A|KIF11|PRIM1|GEN1|CCNA2|PPIP5K2|CKAP2|TJP2|ECT2|NCAPG|KPNA2|NEIL3|IFIT3|MAD2L1|RSAD2|TOX|IFIT1|INPP4B|EGR2|TCEAL9|EIF3C|CSRP1|TIPIN|CDK1|RRM2|MTA2|CLIC4|BUB1|KIF15|RRM1|MIS18BP1|TRAFD1|STMN1|RBBP8|KIF14|CDKN3|PRR11|BRIP1|PSMD14|ESCO2|ATAD5|NCAPG2|CENPE|CENPS|CDK6|CDC25C|NEB|CCNB2|EIF2AK2|RAD51AP1|STAT1|CORO2A|PSAT1|KDM4A|WDHD1|NCAPD2|ASPM|TRIM5|BRCA1|CDC14A
GSE30083_SP1_VS_SP2_THYMOCYTE_DN	0.117526975794692	0.531651997758955	0.31026524188956	1.15548722078365	402	163	ITGB7|KDM4D|MLYCD|IGSF11|IFIH1|DHX58|TC2N|C22orf23|HVCN1|PTHLH|AK7|ST3GAL5|REC8|DNAH8|PDE3B|DTX3L|PARP11|ST8SIA6|ADD3|PPIP5K1|CMPK2|RPF2|PXYLP1|HOXC4|SYNE2|MMP11|MLC1|SPATA6L|CSRP3|PTX3|PAX5|KCTD14|HAS3|LITAF|PRR16|PELI1|B4GALT5
BARRIER_CANCER_RELAPSE_TUMOR_SAMPLE_UP	0.117893345085941	0.532589288016506	0.565694486063466	1.33546374430095	534	15	CXCL8|PDCD10|ZFAND1|MED21|COPS4|DNAJB9|ATG12|ATP6V0E1
LI_WILMS_TUMOR_VS_FETAL_KIDNEY_1_DN	0.117883841288097	0.532589288016506	0.311300445566833	1.15553891767977	409	158	TTK|PLK4|CHN1|CKS2|STRAP|TOP2A|KIF11|PRIM1|RSRC2|MTHFD2|MSH2|SACS|NCBP2|KPNA2|MPHOSPH9|MAD2L1|YWHAZ|NUP205|NR2C1|CDK1|DDX52|CRABP2|RFC5|BAZ1A|RRM1|CDK2|STMN1|TIA1|KIF14|TCERG1|CDKN3|PCNA|XPOT|GARS1|SMC4|CKAP5|BUB3|PRPF40A|LMNB1|BLM|PCLAF|SRPK1|YAF2|DLG5|CDC25C|DKC1|CCNB2|BUB1B|DLGAP5|BTAF1|KIF23|MELK|FEN1|NAP1L1|ILF2|ADD2|BRCA1
REACTOME_REGULATION_OF_KIT_SIGNALING	0.117893345085941	0.532589288016506	0.565550549638008	1.33512394626081	534	15	PTPN6|SRC|SOCS6|YES1|KIT
GSE42021_CD24INT_TREG_VS_CD24INT_TCONV_THYMUS_DN	0.118128123580191	0.533409853575329	-0.338117617666036	-1.1840622473807	779	166	PTPRB|MAPK13|IRF7|CIITA|SNORC|RETSAT|SFN|FLT3LG|LCAT|PNMT|SMTN|DNPH1|RARRES2|ZIC1|COL6A1|TGFB3|IRF3|ACTN2|SLC25A19|CRAMP1|EPHB6|YIF1A|MAP3K11|DHRS7B|FERMT3|UBE2J2|WNT5B|ADGRL1|C9orf85|METTL17|INTS5|NRGN|SUPT6H|BAIAP2|TRIM11|ASL|PRR5|CLEC16A|AP2M1|STK25|TUBA3C|EBP|C1orf174|EFNA3|RPL35A|CBX6|ORMDL2|CDC37|RABEPK|VAMP8|BCL7B|SLC25A15|MAD2L1BP|COQ9|ADA|VPS16|RPA1|RING1|COMMD5|GTPBP2|H1-3|INTS14|SLC35B2|MCCC1|PLPP1|STRN4
GSE6269_HEALTHY_VS_FLU_INF_PBMC_DN	0.118325896291737	0.534062656014594	-0.342144349164882	-1.18347717029901	768	150	MARCKS|MAGEA8|IFITM1|RENBP|GRN|IFITM2|IFI35|IFI16|HERC6|GNRHR|PTGIR|HPS1|LGALS3BP|DCAF15|STAB1|OS9|EMP3|MX1|ATN1|IFITM3|ZDHHC24|CALR|MS4A4A|ISG15|CTSD|FKBP8|STXBP2|GPSM3|ABCD1|PAQR4|SZRD1|GRINA|OAS3|SLC38A6|ATP6V0A1|MINK1|SREBF2|LY6E|DESI1|SH3BGRL3|TM9SF4|LARP1|TBC1D10B|TLN1
HALLMARK_PANCREAS_BETA_CELLS	0.118491090025457	0.534327745586495	0.465279336518849	1.28204995598731	511	28	FOXO1|FOXA2|PAK3|SRP9|SPCS1|VDR|SRPRB|PAX6|PKLR|ELP4
KEGG_GLYCOSAMINOGLYCAN_BIOSYNTHESIS_HEPARAN_SULFATE	0.118469984062334	0.534327745586495	-0.511031366787193	-1.30333516097771	668	24	NDST2|EXT1|B3GAT1|EXTL1|HS6ST1|B3GAT3|B4GALT7|NDST1|EXTL3|XYLT2|HS3ST3A1
GSE32901_NAIVE_VS_TH1_CD4_TCELL_UP	0.118582101414719	0.534498039515471	-0.365039191632999	-1.20975080367637	745	106	SMAD7|PTPRB|EMILIN1|PDE2A|ENC1|ITGA4|GTF2I|NUDT18|CASKIN1|RNASEH2C|IFI16|C19orf38|CHD3|FBXO41|SEMA4F|SLC12A7|IL16|RNF32|IL17RA|TMEM79|UNKL|DDX31|HDAC5|NRARP|PLPP5
GSE37605_C57BL6_VS_NOD_FOXP3_FUSION_GFP_TCONV_UP	0.119047619047619	0.535874439461883	0.313598154870769	1.15676102686831	414	152	BATF|S100A14|ABITRAM|GPR174|MTREX|ME1|GNAQ|GFM2|RGS9|TNFSF13B|OCIAD1|ABCD3|CRYZ|SH3BGRL2|SDCBP|SLC22A15|MGMT|ICA1|GPLD1|ASNSD1|TCEAL9|TMEM38B|SCIN|RBPJ|RAB28|EPCAM|SAMD4A|PPFIBP1|SCAMP1|FGD6|SEPTIN7|CYBB|ARRDC4|RIDA|ATAD1|VDR|NF1|INPP5B|JAGN1|SPRED1|PSMD14|SLC35A1|RYK|CHCHD3|GABARAPL1|IMMP2L|IFT20|BCAT1|SLC35F5|TBC1D7|SUMO2|ASAP1|POLD4|CANX
LI_WILMS_TUMOR	0.119047619047619	0.535874439461883	-0.556446744671885	-1.33013783491685	659	18	FZD7|APOC1
REACTOME_RESOLUTION_OF_D_LOOP_STRUCTURES_THROUGH_SYNTHESIS_DEPENDENT_STRAND_ANNEALING_SDSA	0.1190036900369	0.535874439461883	0.469026439402352	1.28129014585779	515	27	RMI1|NBN|DNA2|RBBP8|BRIP1|WRN|PALB2|BLM|ATM|RMI2|XRCC2|RAD51AP1|EXO1
GSE7852_THYMUS_VS_FAT_TREG_DN	0.119147659063625	0.536084357544004	0.303203107930986	1.14198217851422	396	179	DNAJB2|FEM1C|FAM135A|CPNE8|MANSC1|CCNG1|PKD2|ARHGAP23|RUNX2|BLTP3B|PLD1|IMPACT|S1PR2|MLF1|GNAQ|PHLDA1|KDSR|TSC22D2|TSPAN13|SORBS1|CBX7|TJP2|SLC38A2|ABLIM3|TMEM140|EPB41L4A|ELL2|NCKAP1|MYO6|INSIG1|HERPUD1|TENT5A|SAMSN1|CTNND1|IL10RA|ZDHHC2|RBPJ|FZD4|ABCB1|KLRG1|CLTC|DRAM1|SMIM3|CYP4V2|ARL13B|CEP170|BMP2K|KIAA1191|ITPRIPL2|MRS2|DENND4A|GINM1|ASAH1|RAB4A|TIPARP|BHLHE40|YAF2|FZD5|S100A4
GSE22229_RENAL_TRANSPLANT_IMMUNOSUPP_THERAPY_VS_HEALTHY_PBMC_UP	0.119255031541003	0.536327063892738	0.302964357461419	1.14205748255465	396	180	AIM2|ITGB7|LNX2|KBTBD8|ZNF658|PUS10|HVCN1|PSMC6|EGLN3|RASGRP4|OCIAD1|CKAP2|PSMA4|PALS2|GINS1|SCCPDH|SVIP|UBASH3A|MTCH2|IDH1|AGPS|UFL1|USP14|OSTF1|FCER1G|RPS6KA2|SLIT1|SGMS2|ERCC8|APPBP2|HERPUD1|TYMS|NAA25|UBE2W|CRY1|DNAJB11|COQ3|AKIRIN1|STX7|BNIP2|OPN3|RSL1D1|LTV1|DDX21|STAU1|ALG10|TMA16|CENPE|FABP5
GSE22103_LPS_VS_GMCSF_AND_IFNG_STIM_NEUTROPHIL_UP	0.119313046098222	0.536347674309877	0.297283633223502	1.13613712679344	395	196	TTC39B|TRMT2B|CMYA5|TTYH3|CKS2|MNS1|JKAMP|TP53INP1|FAM107B|MBTPS2|FAM76B|OTUD1|PTGS1|XPR1|LDHA|AKAP12|HYCC1|MRPL42|ZWILCH|CRYZ|UTRN|GAS2L3|PRIMPOL|RUNDC3B|GNPDA2|FOXP1|ANKRD28|SDHD|PCCA|HAUS1|SLC25A14|WIPF1|CDK1|CELF2|RDH11|WIPI1|CPNE3|BUB1|ACLY|CDKN1B|ANKRD12|ACAT1|FGD6|DNAAF10|ELOVL5|ATF2|HYCC2|STMN1|CENPI|GLTP|CTDSPL2|QDPR|FUCA2|ATP6V1A|UBE4B|LCORL|CHCHD3|EXTL2|NEMP1|ETV6|PAX6|TBL2|YAF2|NDUFAF2|CD46|SCAI|SARNP|KIF16B|FBXL17
HOSHIDA_LIVER_CANCER_SURVIVAL_UP	0.119543317662861	0.537142266204028	-0.409128897336786	-1.24505038094347	711	60	TGFB1I1|AKAP13|IFI30|PSMB9|TNK2|TRIO|AEBP1|CD48|IER3|COL6A3|SP100|EMP2|FILIP1L|SLC7A1|HMG20B|RNASE1|AP1B1|CHERP|LPAR2|DUSP5
REACTOME_ASSEMBLY_OF_THE_ORC_COMPLEX_AT_THE_ORIGIN_OF_REPLICATION	0.119688505163366	0.53752481431968	-0.421649500186534	-1.25379700152452	706	52	H4C4|H2AC20|H2AC7|H2AC8|H2BC13|H2BC17|H4C11|H4C3|H3C12|H4C14|H3C13|H4C2|H2BC5|H3C2|H2BC12|H2AZ2
ZAMORA_NOS2_TARGETS_UP	0.11973555337904	0.53752481431968	0.393203260818165	1.23385467895639	488	53	PICK1|SMAD2|HSPH1|IFRD1|PTPN14|PPA1|TYMS|CSRP1|ACLY|RRM1|CDK2|SUPT4H1|PCNA|YWHAH|PNP|ATP6V1C1|RBBP7|EED|PDCD2|FEN1|HMGB2|EEF1B2|HSPA8
GSE26351_UNSTIM_VS_WNT_PATHWAY_STIM_HEMATOPOIETIC_PROGENITORS_DN	0.120170368116824	0.538411345496716	0.297054488079058	1.13587295271909	394	199	NXT2|RFX3|ASAH2|CMYA5|ABTB1|SRC|NCOA3|TMEM135|TMEM209|AMN1|VPS54|KLHL24|MARCHF5|RBMXL1|PAIP2|RIMOC1|C3orf62|TSACC|TFB2M|WDR35|DCAF13|GCLM|NKRF|XPO7|RNF115|PPP2R5E|MPHOSPH9|MED13|AGPS|SEC22A|GLIS3|EFNB2|COPZ2|ATP8A1|POF1B|DOK3|PCMTD1|RAB5A|KCTD21|NDUFA5|FAM3C|PIK3CG|RPUSD4|ATF2|ABHD5|CR1L|PPP2CA|CEP170|ETF1|PTPRA|SEC62|GLRX3|TBL2|PHKA2|MBTD1|BLMH|UBR1|FUT11|GDAP2|KPNB1|PRDX5|OMA1|MAP1LC3B|VDAC3|PORCN|EED|FYTTD1|CSE1L|KIFBP|ATP7A|CEP95|ST13|HEATR5A|SMARCAL1|JDP2|PLEKHA2|ECI2|PHF20|CTDSP2|SLC23A2|MMUT|TATDN3|BCR|STEEP1|GTF3C4|TMOD1|BAMBI|CEPT1|ZNF330|CHIC2|SMPD2|B4GALT1|YTHDF1|PFAS
GSE27859_MACROPHAGE_VS_CD11C_INT_F480_INT_DC_UP	0.120104438642298	0.538411345496716	-0.340330988894884	-1.18266121491295	781	157	IGF1R|ANPEP|STX11|CD14|MAG|TPBG|DHRS1|IFITM1|SYNGR1|HCST|SLC12A4|ATP1A3|CEACAM18|TMTC2|SDF2L1|EME2|KSR1|ACP3|MACROH2A2|NAA60|PLEKHG2|ATOX1|TRAF2|ADAM15|NDUFA1|KICS2|CRTC1|HEMK1|IQSEC2|ITGB1|RAB30|FLNB|STAG1|RGS12|HS3ST3A1|EIPR1|GATA2|DNLZ|MPZL1|LTB4R|PARL|GALNT2|AK4|LEMD2|CD52|ANTXR2|CPNE2|FOXP4|LRRC8A
LI_PBMC_MENOMUNE_A_C_Y_W_135_AGE_18_45YO_CORRELATED_WITH_ANTIBODY_RESPONSE_3DY_POSITIVE	0.120195667365479	0.538411345496716	0.443183356120549	1.2674713916107	515	33	CD83|FAR2|CCL5|CD80|ATP1B1|HLA-C
REACTOME_M_DECAY_DEGRADATION_OF_MATERNAL_MRNAS_BY_MATERNALLY_STORED_FACTORS	0.12012987012987	0.538411345496716	0.457315009319753	1.27212770727958	517	29	CNOT11|CNOT8|PAIP2|CNOT6|CNOT7|EIF4E|CNOT3|CNOT2|CNOT6L|EIF4B|EIF4A2|PABPC1|CNOT10|PAIP1|AGO2
WP_ANDROGEN_RECEPTOR_SIGNALING	0.120201217897802	0.538411345496716	0.353137608099787	1.19866034713981	453	86	FOXO1|KAT2B|SRC|NCOA2|NCOA3|RUNX2|NCOA4|SMAD4|ROCK2|SUMO1|ETV5|PIAS2|RNF6|EFCAB6|BMF|RHOA|ROCK1|SP1|PTK2|RB1|RNF14|CREB1|CTNNB1|PTEN|PARK7|PIAS1|NCOR1|DSTN|ZNF318|EP300|NCOR2
GSE22432_PDC_VS_TGFB1_TREATEDCOMMON_DC_PROGENITOR_DN	0.120395327942498	0.538835729346976	0.299221640810848	1.1380551014118	401	190	FEM1C|ITGB7|RFX3|PTPN6|CD40|AGO4|CD36|TGFBR2|TBC1D10C|ABTB1|SESN3|CEP128|RRM2B|TMEM64|REV3L|UBLCP1|DNAH8|BBS2|TP53INP1|CCRL2|BNIP3L|PIK3CA|EDARADD|RCHY1|AP1S2|FMNL3|TSPAN13|INVS|PPP1R12A|IFIT3|MSH3
GSE37416_CTRL_VS_24H_F_TULARENSIS_LVS_NEUTROPHIL_UP	0.120403321470937	0.538835729346976	0.305730264803664	1.14833059815462	405	174	SAMD9|PEX12|MX2|TGFBR2|TCN1|ATP6AP2|PDE3B|CORO1A|DTX3L|CTSS|NCOA4|HYCC1|PLEKHA5|CRLF3|ZWILCH|TMX3|UTRN|PRIMPOL|NLK|GCLM|RBL2|IFIT3|ZNF32|SCP2|QNG1|SYNE2|XYLT1|KIT|IFIT5|RNF144A|UBE2E3|CALM2|TIMM23|DBT|ZNF792|CDK2AP1|HSPD1|ARMC1|TASOR|CMAS|WAS|ADO|PCNA|GGCT|TMT1A|IDE|SFT2D3|DHX9-AS1|HLTF|HELZ2
GSE24026_PD1_LIGATION_VS_CTRL_IN_ACT_TCELL_LINE_DN	0.120689655172414	0.539819668100147	0.297518012917319	1.13667695795679	405	194	TTK|SMARCA1|LEMD3|SHLD2|C1QTNF3|STRAP|PDE3B|MTREX|KIF11|RSRC2|UTP18|ETNK1|MXI1|INVS|NUP107|SMC2|ZFYVE26|POLA1|KPNA2|MPHOSPH9|ZDHHC6|EDC4|HERPUD1|SOCS2|BMPR1A|NARS1|BUB1|SMC6|KDM3A|HSPD1|DHX15|RFC1|CAND1|KIDINS220|CUL3|MON1B|TUBGCP4|NRF1|EFL1|MRPL3|ZNF236|PLCB1|GARS1|WRN|STARD7|NUP50|ZZZ3|AHCY|DKC1|SUN1|EHBP1|BLMH|SORD|CRK|RAP1GDS1|POLR2B|PRMT5|TBC1D4|CSE1L|NELFCD|ASPM|YTHDC2|USPL1|CDC42SE1|PTCD3|MAP3K4|PKP4|GMEB2|TUBGCP3|ME2|AGO3|IARS1|GLS|CHEK1|MTO1
KIM_MYC_AMPLIFICATION_TARGETS_DN	0.120730738681493	0.539819668100147	0.351628892349989	1.19556797751858	455	87	TTC39B|EXO5|ZNF43|IFIH1|SPAG6|HS2ST1|LGALS8|ZNF468|GAS2L3|ATL3|TBPL1|RASSF6|MYO6|NFATC2|BCL2|ZNF292|HEATR1|FAM111A|CAPN1|ETV6|KIF13B|OPTN|ZNF347|BRD10|XRRA1|ATP2B4|TCF19|ELOVL7|PLEKHA2|LCA5|NUCB2|PPCS|CTNNA1
MEISSNER_NPC_HCP_WITH_H3K4ME2_AND_H3K27ME3	0.120864770748694	0.540115690816625	-0.319795804819665	-1.15993522718108	832	231	ASCL2|SLC30A3|RAP1GAP2|TLX1|SCN5A|NALF1|FOXD3|PLPPR3|KCNC4|WSCD2|SYNE3|RTN4R|PTH2|CITED4|MAST1|GALNT14|SRCIN1|ATP2B3|PLD5|COLEC12|NKX6-1|CRYBA2|TMEM163|CACNA2D2|MAFA|NPAS1|JAG2|ANKRD63|CASZ1|GALR3|PRDM16|SMOC2|FOXD4|STXBP2|PITX1|DMBX1|AGPAT2|RAB11FIP4|SOX18
MIKKELSEN_MCV6_ICP_WITH_H3K4ME3_AND_H3K27ME3	0.120904558404558	0.540115690816625	-0.517449483751756	-1.30600885638428	678	23	PLAT|ACTA2|COL1A1|TMEM255A|IGSF3|NOL3
GSE22045_TREG_VS_TCONV_DN	0.12096300645919	0.540136414073553	0.307907284728168	1.15184740558511	411	169	CNRIP1|ARMCX1|MATCAP2|ZNF677|PPP2R3A|BBS12|PTH2R|CCNG1|DNAJC6|POU6F1|C1orf162|HIF1A|ZNF30|HEMGN|GGPS1|ADPRHL1|FOXJ3|MT1X|H2BC21|FMNL3|TNFAIP8|ZNF493|LRP6|MXI1|CTSF|OCRL|ATP6V1G2|TRABD2A|PDE4D|SLC40A1|SLC20A1|CTNND1|CREG1|RAPH1|BTBD8|ZNF627
GSE22886_NAIVE_TCELL_VS_DC_UP	0.121017202692595	0.540138141675532	-0.329330883993801	-1.16912132462948	808	188	CCR7|TSC22D3|CYFIP2|SEMA4D|ITGA4|CD37|RPL28|PBXIP1|RPLP2|IFITM1|VILL|ACAP1|RPS29|BTN3A1|MZT2A|DGKD|PLSCR3|SPSB3|RPL23|NSUN5|UBA52|RASGRP1|PIK3IP1|RPL13A|FAU|NLRP1|RPL38|MZT2B|SP100|BIN1|ICAM2|RPS18|RPS15|RPS10|SP110|RNPS1|DGKA|GPSM3|LINC00623|UXT|RPS23|RPL36|PCSK7|RPS27|CD3D|RPL3|EEF1D|ACD|NOP53|RPL35|ITPR3|CLEC2D
PID_AR_TF_PATHWAY	0.121190130624093	0.540669569424286	0.40206862267805	1.2415786605787	500	48	FOXO1|KAT2B|SRC|NCOA2|EGR1|RCHY1|MAPK8|TRIM24|APPBP2|NR2C1|REL|SENP1|MAPK14|HSP90AA1|MAP2K4|EP300
GSE22527_ANTI_CD3_INVIVO_VS_UNTREATED_MOUSE_TREG_UP	0.12129300118624	0.540888114574622	0.304570713779819	1.14542922933595	408	175	FEM1C|PGM5|CD44|MEX3C|FCGR2B|TGFBR2|BLZF1|ACTR3|ST3GAL5|TMEM51|AMD1|ME1|KDM7A|ARIH1|AMMECR1|YES1|PFKFB3|IPO7|SACS|ZNF274|CAPN2|CLK1|MAPK1|SCARF1|KIF25-AS1|MMP11|FPR3|ADRA2C|MAMLD1|HS3ST2|MAP3K19|SLC4A4|SND1-IT1|KCNK1|MORF4L2
GSE46606_UNSTIM_VS_CD40L_IL2_IL5_3DAY_STIMULATED_IRF4HIGH_SORTED_BCELL_UP	0.121765145848915	0.54263395730122	-0.329103591362838	-1.16831443807646	813	188	LAG3|FAM234A|UVSSA|FAAP100|NBEAL2|MIIP|LYPLA2|POR|DENND1C|GRM3|CCK|UCP3|CLDN12|TOP3B|SCRIB|ZBTB3|KATNB1|TMEM109|SH3D19|ACYP2|SLC10A3|ROM1|VPS72|ALDH8A1|MERTK|NDUFA6|FKBP8|RNPS1|INTS11|FAM98C|C19orf47|FBXL6|ZMYND11|PTCD2|XPO6|ZBTB43|PGGHG|MTERF4|LMNB2|CLN6|CHPF2|RPS6KB2|KDELR3|ABHD8|ZNFX1|SLX9|FLII|RELB|ADCY3|WDR20|ARHGEF3|CTU2|RCC1L|PIGO|POC5|MRPS26|HMGA1|CLASRP|TMEM120B|CDC42BPB|TTC38|DDX24|ARRB2|ANXA11|AP3S2|EML3|USP22|GBF1|CSNK1G2|INTS3|DDR1|DCTN1|TCOF1
MCCABE_HOXC6_TARGETS_CANCER_UP	0.121792618629174	0.54263395730122	-0.483245393901877	-1.28517158108058	692	29	BCO2|ARHGAP33|L1CAM|ODAD3|GLG1|SH3D19|MSRA|VPS11|HOXC6
GSE3691_CONVENTIONAL_VS_PLASMACYTOID_DC_SPLEEN_DN	0.121902722545121	0.542883553197836	-0.338954163223667	-1.18089463904795	796	159	CROCC|GPR135|KRT15|INAFM1|CHAC1|ZDHHC12|SERF2|TMEM247|SLC39A2|PHB1|STK39|DKKL1|PPIE|PRKCSH|STX4|QSOX2|ZDHHC23|ESRRB|SLC2A8|TXNRD2|INPPL1|TBC1D8|GGCX|CTC1|POLD1|ZNF490|SPATA7|LARGE2|LPIN2|ENO3|HYAL3|INTS11
GSE411_UNSTIM_VS_100MIN_IL6_STIM_MACROPHAGE_DN	0.122098281579741	0.543513326162944	0.302122231873598	1.13929603223049	404	181	MYO1F|PTPN6|ARRDC3|TSPAN32|CD40|UBTD2|TGFBR2|TBC1D10C|CREBL2|RAD52|RFFL|HVCN1|POGLUT1|DTX3L|AKAP12|ETV3|KHK|CRLF3|ZNF383|SPAST|RBL2|AP5M1|METTL21A|PJA2|INCA1|CHIC1|GPR183|SLC4A11|IFIT1|EPB41L4A|S1PR1|KCTD14|CMTM7|CEP97|PRRC1|DDX5|B4GALT5|ZNF507|SNX2|PSTK|ADCK1|NNT|TTC33|ANXA5|AZI2
GSE46606_UNSTIM_VS_CD40L_IL2_IL5_3DAY_STIMULATED_IRF4_KO_BCELL_DN	0.122399758818209	0.54461382048634	0.299562851883097	1.13648480907958	405	188	SAMD9|AIM2|TRIM69|ZNF268|IFIH1|GLMN|ZNF782|LGALS3|HLA-B|DTX3L|PSMD5|ME1|MOSPD2|PGGT1B|STARD7-AS1|GCNT2|NEXN|RPAP3|SACS|CIBAR1|COG6|DDX10|SNX24|ZNF37BP|ITPRID2|IFIT3|FEM1B|HESX1|TMEM140|IFIT5|LRRC69|SND1-IT1|INTS12|CERT1|FAM91A1|TRA2B|PCGF5|BORA|WAC-AS1|PWWP2A|RICTOR|CCNT2|MKLN1|EFR3A|CNDP2|LRRC40|MCM3AP-AS1|STX17|MMACHC|OTUD4|INTS7|EIF1AX|ZNF57|BIRC6|EIF2AK2
GSE17721_LPS_VS_CPG_8H_BMDC_UP	0.122559327125263	0.544840799682634	0.301992555345552	1.13839416754529	407	180	GJC2|NTS|CFAP95|KAT2B|CUEDC1|C5orf15|SEC24B|CCL4|ARHGAP23|BBS2|PPM1B|PI4K2B|UAP1|MAPK6|MXI1|TSPAN13|UTRN|SLC44A1|ARPP19|SLK|SKIL|IFIT3|MRPS6|SLAMF7|CD274|HSPB8|RPS6KA2|USP47|UFM1|RBL1|SHD|WIPI1|SMC3|AZI2|HCN2|BRAF|CA2|RCN2|BMP2K|ALDH1A2|TMT1A|SEC63|HELZ2|REEP3|PHF21A|TMCO3
GSE29618_PRE_VS_DAY7_POST_LAIV_FLU_VACCINE_BCELL_DN	0.122520066636377	0.544840799682634	-0.336744196265362	-1.17925262982362	808	166	CROCC|RGS20|SEC31B|FAM120C|RGS3|TSPAN4|DBP|CD19|CAPN11|PCDHGB6|PUS1|TMEM160|RPL23AP7|CAMTA1|SLC6A13|CXADR|TXNRD2|SNRNP200|QTRT1|HPCAL1|HEXA|NBL1|GRK6|AHSP|SLC37A4|TTC28|ARMC6|PAIP2B|MFGE8|TAF1D|TK1|MTCH1|PDK3|YIPF2|ACADSB|SPHK2|FANCE|FKBP14|RAC3|JUN|ASTE1|CHRNB1|INTS1|S100A13|TTLL12|CLPTM1|DNAJC10|MAGOH|SPRYD7|SPICE1|DENND6B|POMGNT1
REACTOME_IRE1ALPHA_ACTIVATES_CHAPERONES	0.122675311380311	0.545114995854607	-0.424745919546735	-1.25263209882261	718	50	WFS1|TSPYL2|HYOU1|EXTL1|CXXC1|MYDGF|YIF1A|SYVN1|ERN1|EXTL3|ACADVL|LMNA|PDIA5|KDELR3|ADD1|FKBP14|TLN1|EDEM1|PDIA6|DDX11|DCTN1
WP_LUNG_FIBROSIS	0.122917169765757	0.545948031021535	0.394243307074593	1.22694552399548	508	50	CXCL8|EGF|CCL5|CCL2|CCL4|PDGFB|FAM13A|SKIL|SPP1|PTX3|NFE2L2|ATP11A
BENNETT_SYSTEMIC_LUPUS_ERYTHEMATOSUS	0.123245771860381	0.54662170247612	-0.522810348485344	-1.30367477846552	684	22	IRF7|TAP1|IFI35|LGALS3BP|MX1|IFITM3|ISG15|AGRN
FOROUTAN_TGFB_EMT_DN	0.123649846848299	0.54662170247612	-0.372662410887427	-1.2079858751562	766	90	RAB26|KRT15|S100P|NUP210|RAB38|GDF15|EREG|LAMA5|LSR|JAG2|CXADR|MUC1|TBC1D8|HPGD|SULT1A1
GSE22589_SIV_VS_HIV_AND_SIV_INFECTED_DC_DN	0.123576742067709	0.54662170247612	-0.337312517458528	-1.1784322142191	813	162	MXD3|TPM2|CBS|AMZ1|RPLP2|HBB|PTPDC1|LYPLA2|ROGDI|CUL9|CYP2S1|ZNF605|DUSP8|CHD4|MED15|RHOF|EME2|B3GAT3|TEX22|ZNRF3|PPP6R2|GNPTG|ZNF784|UNC45A|PPP1R18|RDH13|SLC35F6|ZNF569|THOP1|REPIN1|NUBP2|CHERP|DNAJC27|RWDD4|STMN3|TIMM17B|HIP1|DOLK|SH3D21|SEPTIN9|DHCR24|KBTBD7|TMEM50B|SLC12A2|BEND3|DNAJB12|SIPA1|PPP2R2D
GSE25088_WT_VS_STAT6_KO_MACROPHAGE_ROSIGLITAZONE_STIM_DN	0.123345367027678	0.54662170247612	0.30158940551507	1.1384832011662	409	182	VAV2|SLAMF6|TENM1|FOXO1|KCTD12|TRAPPC6B|EPB42|SLC38A9|VPS26A|CLDND1|CNOT8|XRCC4|FAM174A|KDM7A|VPS50|THNSL1|LDLRAD3|TNFAIP8|RPL39|PRKRA|ATP1B3|TRMT1L|UFL1|LINC01160|RAP1A|PELI1|PHLPP2|SP1|BTBD8|PTK2|CHD9|PDE7A|FGD6|CYBB|HMGN3|KMT2E|C2orf88|PTPRC|ZFYVE1|USO1|WRN|PEX2|TFRC|EIF4A2|SAV1|SENP7|INPP4A|SCAI|RALGAPA1|VAMP1|N4BP2L2|SARAF|MAP1LC3B
GSE37301_CD4_TCELL_VS_GRANULOCYTE_MONOCYTE_PROGENITOR_UP	0.123541310098024	0.54662170247612	-0.346108177152973	-1.18389626106635	793	136	SLC26A11|RINL|MAML3|GTF2I|SNN|FCRLB|ARHGAP4|OSBPL5|DOK6|TNFRSF1A|P2RX5|EME2|ATP2A3|MBOAT1|SLC16A5|SEMA4F|SLC12A7|RNF32|MSRA|WDR13|SGK1|IL23A|ANKRD13D|GRK6|ZBTB7B|NCKAP5L|HDAC5|CLCF1|XYLT2
GSE40666_UNTREATED_VS_IFNA_STIM_STAT4_KO_EFFECTOR_CD8_TCELL_90MIN_DN	0.123649459783914	0.54662170247612	0.30259594162124	1.13969535134462	411	179	DISP1|ZNF564|GPR160|CD40|CCNG2|KCNG1|STRADB|C1orf162|BRMS1L|GNB4|ZNF100|L3MBTL3|PGGT1B|NFYA|MEF2C|HYCC1|FANCB|ZNF514|SLF1|UTRN|PDE8A|FLACC1|SLC35D1|BACH2|TARS3|FOXP1|TMF1|KDM4C|FBXL4|ZNF649|TAF1|CRY1|PPFIBP1|PTK2|EIF4G3|ABCB1|PIWIL4|ALDH2|BRAF|TPST1|MAML2|STX7|NRF1|PUM1|FRYL|AGPAT5|BMP2K|PLSCR1|HELQ|CHRAC1|CHMP1B|LNPEP|BTG1|ZNF318|TRAK2|SAV1
GSE43955_1H_VS_20H_ACT_CD4_TCELL_WITH_TGFB_IL6_DN	0.123389419433076	0.54662170247612	-0.334305521258984	-1.17334711262843	813	171	NFKBIZ|TAGLN|FZD9|CCR7|SLC30A4|OSMR|APBB2|IRF7|TIMP3|RPGR|ECM1|TWIST1|GTF3C1|APOC1|OSBPL5|SGIP1|AEBP1|PPARG|KLF12|SIAE|UQCC5|MET|FHL1|DCN|FOLR2|MX1|FRMD6
HARRIS_BRAIN_CANCER_PROGENITORS	0.123520056547093	0.54662170247612	-0.497377930540676	-1.29129524945432	698	26	CREBRF|COL6A1|NINJ2|DHRS3|ARHGAP6|CAPG|S100A6
HEBERT_MATRISOME_TNBC_LUNG_METASTASIS	0.123499454347035	0.54662170247612	-0.569684012402101	-1.32196135965975	678	16	LAMA5|LAMB3|HSPG2
KEGG_MEDICUS_VARIANT_SCRAPIE_CONFORMATION_PRPSC_TO_MGLUR5_CA2_APOPTOTIC_PATHWAY	0.12366785079929	0.54662170247612	0.555058205526259	1.32945109058844	556	16	PRNP|RYR1|VDAC1|MCU|CASP3|SLC25A5|VDAC3|SLC25A4|VDAC2
SOBOLEV_PBMC_PANDEMRIX_AGE_18_64YO_7DY_DN	0.123374340949033	0.54662170247612	-0.482814190284061	-1.28402481249826	701	29	IFI30|IFITM1|IFITM2|IFI35|IFIT2|MX1|GBP2|OAS3|IFNGR1
GSE14769_UNSTIM_VS_80MIN_LPS_BMDM_DN	0.123907145010552	0.547438345781654	0.301739268294269	1.13785188532441	410	181	FEM1C|CD83|CD69|KCTD12|CCL5|CCN1|CCL4|RNF2|NABP1|TLE4|HNRNPLL|CCRL2|PDGFB|PHLDA1|ETV3|FBXO30|NFAT5|IRGQ|TRIM13|SIAH2|SLC38A2|MED21|HK2|SLAMF7|MYEF2|EGR2|SBDS|CDK17|HERPUD1|OSGIN2|HBEGF|IL10RA|ARL5B|FAM133B|REL|DNAJA2|NAMPT|GPBP1|ZNF800|WSB1|FGD6|SDE2|MYC|CITED2|GTF2B|ETF1|STIL|PLSCR1|SPRED1|ZFAND5|SGMS1|NUP54|EXTL2|TIPARP|AEBP2|RIPK2|HELZ2|ANKRD33B|USP16|BTG1|PNRC1|ATF3|TNFSF9|ZBTB11|MCL1|MAFF
JOHANSSON_GLIOMAGENESIS_BY_PDGFB_DN	0.124015748031496	0.547479920858039	-0.530242188369534	-1.31155242676463	692	21	SLC30A3|WIPF3|PRKCZ|FAM131A|KIFC2
NAKAMURA_METASTASIS_MODEL_UP	0.124025636584098	0.547479920858039	-0.450569336128155	-1.27096491153144	715	39	AKAP13|STX4|SLC16A3|FRMD8|TYRO3|HIRIP3|DPCD|ACD|PDK3|DUSP5|ADCY3|DDX24|DYNLL2|GGA2|NOB1|CMTM3|KRT13|HTRA2|MEPCE|FOSL1|TUBB2A
GSE5542_IFNA_VS_IFNA_AND_IFNG_TREATED_EPITHELIAL_CELLS_24H_UP	0.124132730015083	0.547711799512705	-0.332446798867369	-1.1699552579723	822	174	IDUA|FBXL2|WNT11|STX11|IFI30|PLA2G6|HOMER3|INAFM1|CIITA|ELAPOR1|RAB38|DHX37|SYNGR2|TMCC3|TPD52|MYPN|VSIG4|CIB1|SLC2A12|RRBP1|SLC19A1|TRIM10|THEMIS2|RGS14|C5AR1|DUS3L|CALR|TMCC2|PLEKHG2|ZNF329|CAD|GUK1|TIMM10|SELENOS|EPOP|INPP5D|LIFR
GSE21670_UNTREATED_VS_TGFB_TREATED_CD4_TCELL_UP	0.124195804195804	0.547749333267787	0.319153997402486	1.16223306252044	443	136	MPZL3|HSPBAP1|IGSF9|CDH18|GPR174|CEP128|SCN2A|PDGFB|RASGRP4|DCLRE1C|KCNJ6|LIPT2|ECT2|UBASH3A|ASS1|RNF182|OPRL1|IFITM10|TENM2|SGMS2|FAM83G|RAP2C|TLR5|ARHGDIG
KENNEDY_PBMC_DRYVAX_AGE_18_50YO_STIMULATED_VS_UNSTIMULATED_1_TO_48MO_TOP_DEG_UP	0.124408875954893	0.548448088201675	-0.568904667618414	-1.32015287694397	683	16	H2AC20|HSPA6|H2AC8|WFIKKN1|H4C3
GSE22886_IGG_IGA_MEMORY_BCELL_VS_BM_PLASMA_CELL_UP	0.124551971326165	0.548837878916612	0.297636009735906	1.13425646187673	416	192	AIM2|CDC7|USP25|PMS2P3|PANK3|PDCD10|CNOT8|CORO1A|SGPL1|NPM1|RFX5|AKAP11|SMAD4|TNFAIP8|SYPL1|PIKFYVE|SHQ1|CEP135|PPP1R12A|ECT2|TRIM13|RBL2|ZDHHC6|AGPS|MAPK1|PAX5|CR2|CASP8AP2|DAZAP2|MYL12B|AGL|TDP2|PHTF2|REL|DDX5|STK24|BAZ1A|METTL4|MAPRE2|SEPTIN7|ELOVL5|ZBTB25|PPP1R16B|TIA1|TIPRL|QKI|PUM2|STX7|API5|CNDP2|NACA|MYL12A|PPID|CDC73|ATP6V1B2|VAPB|SENP7|CAT|ABHD18|MORC3|RAP1GDS1|STK38|KYNU|POLD3|TBC1D4
GSE11961_UNSTIM_VS_ANTI_IGM_AND_CD40_STIM_6H_FOLLICULAR_BCELL_DN	0.12477258944815	0.549568781430686	-0.334382357888138	-1.17219372892479	822	169	SLC26A11|TGFB1I1|PBX4|IL21R|STX1A|TSPAN5|KCNC4|ARID5A|TLR6|HOOK2|IZUMO4|IFT140|GPRASP1|SLC2A9|RIGI|LIAT1|HDAC4|ZNF622|MATCAP1|CDKN2D|PCGF1|ERMARD|SLC15A2|ACP3|MBOAT1|ATN1|RPS6KL1|GBP2|GPR146|FRMD8|XPC|TREML2|CLCN6|NTHL1|EPHX1|PARP3|PPP1R3F|MLH3|HMG20B|RGS12|CMTR1|HCN3|BOK
WP_AIRWAY_SMOOTH_MUSCLE_CELL_CONTRACTION	0.124944909651829	0.550086404861868	0.561082654627936	1.32457635927474	566	15	RYR1|GNAQ|PPP1CB|ROCK2|RHOA|ROCK1|PLCB1
CHIANG_LIVER_CANCER_SUBCLASS_POLYSOMY7_UP	0.125083948959033	0.550368064503783	-0.407408809619076	-1.23981585490014	744	60	ADSS1|ABCB4|CHAC1|DHRS1|PEMT|POR|MFSD2A|MAP1LC3A|LAMB3|TMEM139|MAD1L1
KEGG_MEDICUS_REFERENCE_DNA_REPLICATION_LICENSING	0.125143513203215	0.550368064503783	0.482762466702267	1.27897297251255	544	24	CDC7|CCNE2|ORC4|CCNA2|ORC2|DBF4|CDK2|ORC3
MIKKELSEN_ES_HCP_WITH_H3_UNMETHYLATED	0.125173370319001	0.550368064503783	-0.45457378805798	-1.27047332932014	721	37	AHRR|RASGRP3|GIGYF1|PIWIL1|SLC2A9|TRPC3|PCDHB5|TRPM1|SH3D19|BAHCC1|DUSP13B
GSE10239_NAIVE_VS_KLRG1HIGH_EFF_CD8_TCELL_UP	0.125766412442052	0.551057819866256	-0.328941852807274	-1.16642505405531	840	185	LAT|TCN2|RPS21|ENG|STX1A|TMEM258|H2BC13|RPLP2|ARID5A|ZNF710|GON4L|RCN3|NXF1|SRRM2|DCAF11|ACVR1B|TNFRSF1A|TCP11L2|RASGRP1|GLG1|ZNF622|PIK3IP1|OCEL1|TNFAIP8L2|KLK8|FAS|AKAP8L|ACP6|RPL38|DNAJC17|ID3|HMGXB3|AGRN|TREML2|CRTC1|ARHGAP39|RPL36|SNHG12|PCYT2|TEX264|VPS8|RPS27|CNP|KLF13|EVL|TGIF2|SDF4|IL6ST|RPS11|MTERF4|SOCS3|NINJ1|ST8SIA1|TMEM259|RPL35
GSE22935_UNSTIM_VS_24H_MBOVIS_BCG_STIM_MACROPHAGE_DN	0.125625183877611	0.551057819866256	0.305284563851548	1.14551611393614	426	172	CD83|MTMR6|ITGB4|IFIH1|SNX18|CCL2|KLHL13|STAP2|PRKN|NT5C3A|VPS54|LIN28A|PHLDA1|RFX5|MAPK6|PROCR|NAB1|GTF2A1|LRRTM1|SGCB|TAC1|ARMH4|MAGT1|CHAC2|EIF4E|RAP1B|DLAT|APPBP2|LIN9|RPE|CSRP1|PHTF2|FAM133B|ARHGDIG|PRKD3|CHUK|BRAF|HOXB7|RNF14|ZNG1B|ARL4A|FBXW11|ZC3H15|EFR3A|SPRED1|NSMAF|MED14|SGMS1|MPHOSPH6|PLAAT3|TBC1D23|TAX1BP1|LATS1|ZNF281|SERTAD2|PARP9|FIP1L1
GSE2706_UNSTIM_VS_2H_LPS_DC_DN	0.125641025641026	0.551057819866256	-0.332208084988208	-1.16911516999724	832	174	NFKBIZ|MIR9-1HG|STX11|SPAG1|IRF7|TDH|CXCL1|TAP1|HES4|MIR3945HG|CYTOR|DNAAF1|RAB7B|HERC6|MFSD2A|PTGIR|ICAM1|RASGRP1|TTYH2|EFNA1|TRIM26|ISG15|ZC3H12A|ERICH1|IL23A|RILPL2|HIVEP1|IL18RAP|RAB30|NFKBIB|TNIP1|SNHG15|DCUN1D3|BID|TENT4A|TNIP2|DUSP5|KCNH2|SOCS3|BCL2L1|NINJ1|ZNFX1|TNFAIP2|IRF1|RELB|CDKN1A|KDM6B
GSE29617_CTRL_VS_DAY3_TIV_FLU_VACCINE_PBMC_2008_UP	0.125741399762752	0.551057819866256	0.304463896475454	1.14357408672206	423	174	LIPG|SERINC5|PARGP1|STAP2|EIF2AK3|HIF1A|L3MBTL3|FOXJ3|PLCL1|SIAH1|CLK4|RANBP2|SMAD4|NR4A2|RBP5|RNF103|NUP153|ZNF92|STPG3-AS1|CATSPERG|RAD23B|EXOC8|GOLGA4|TIMM23|ERO1A|PARD3B|CMPK1|DDX52|NAMPT|KDM3A|FBXO33|DHX15|SDE2|ZBTB21|CFAP20|RICTOR|BRAF|PPP1R16B|PHF3|MAML2|BCLAF1|RBM25|KBTBD2|ZNF236|RAD21|SRSF1|PRDM2|CHORDC1|WBP11|RYK|EIF4A2|SREK1|FCHSD2
GSE3982_BCELL_VS_TH2_UP	0.125548992882023	0.551057819866256	-0.335341220776295	-1.17433951609098	828	166	DPEP2|TAGLN|STOML1|CTBP2|RAPGEF5|RASGRP3|NUP210|PPFIBP2|MAPK8IP3|HLA-DOB|CCDC102B|DGKD|EPN2|TCIRG1|SGSH|CD48|SLC7A7|KLF12|TMEM80|DUS2|P2RX5|PIK3IP1|ZNF839|ARHGEF10|TBC1D8|LYL1|TXNDC15|RIN1|ATPAF2|TCTN1|ZBTB5|VPS52
GSE8835_CD4_VS_CD8_TCELL_CLL_PATIENT_UP	0.125548726953468	0.551057819866256	0.307741243091904	1.14939310288829	428	167	TTC39B|ITGB7|SETDB2|CD69|CD40|IFIH1|MX2|CCL5|ALDH1L1|CD3G|NMD3|LGALS3|HAT1|NT5C3A|GNB4|IL18R1|NAAA|DCAF13|CMPK2|IFIT3|DDHD1|TAPBPL|RSAD2|IL1RL1|IFIT1|SGCB|FBLN1|SLC30A1|CXCL11|B3GNT2|ASCC3|SEMA4A|PCGF5
HALLMARK_IL6_JAK_STAT3_SIGNALING	0.125538971807629	0.551057819866256	-0.391351804308046	-1.22291528272201	756	70	OSMR|CD14|ITGA4|CXCL1|TNFRSF21|CSF2|ACVR1B|TNFRSF1A|IL2RG|IL1B|FAS|INHBE|IL17RA|TNFRSF1B|IL15RA|IL6ST|IFNGR1|IRF9|SOCS3|TYK2|IRF1|JUN
REACTOME_COMPLEX_I_BIOGENESIS	0.125769422725004	0.551057819866256	-0.39516478183826	-1.22629942204898	755	67	NDUFB2|NDUFB8|NDUFA3|NDUFA13|NDUFA2|NDUFA11|NDUFS7|NDUFS8|NDUFAF8|NDUFAF3|NDUFA6|FOXRED1|NDUFB7|NDUFA1|NDUFB1|NDUFC2|NDUFC1|NDUFB11|NDUFA7|OXA1L|NDUFB6|DMAC1|NDUFA8|NDUFAB1|NDUFB4|DMAC2|NDUFB9|NDUFS2|MT-ND1|NDUFS3
GSE13762_CTRL_VS_125_VITAMIND_DAY5_DC_DN	0.125892998888713	0.55135860508067	-0.364768964340688	-1.20485570295474	792	103	MAPK8IP2|ZDHHC12|WSCD2|MESP1|ADAMTS4|CILP|NCCRP1|DISP2|ZBTB3|RPL18|PHLDB1|EGFL6|TKTL1|PRDM16|PXMP4|FOXD4|LARGE2|FGFR3|GTPBP3|ARHGAP39|TIMM10|THAP3|GNS|GRB7|NHSL3|RNASE1|HOXC10|CLTA|ITGA5|DBN1|EEF1D|S100A16|MIER2|DDX59|KLHL23|SPHK2
GSE17721_0.5H_VS_12H_LPS_BMDC_DN	0.126620440156768	0.552228747472802	0.300825817185837	1.1344072820689	419	181	ZNF841|MMP14|CCL5|NCOA3|ARID5B|ME1|CPD|CTSK|CGGBP1|AMMECR1|MOB4|MYCBP|MAPK6|CYP27B1|PIKFYVE|TMEM30A|STARD3NL|MFSD1|TBPL1|GCC2|ABR|PTX3|HSPB8|RPS6KA2|SCN8A|DMKN|DCAKD|TMED7|RBM43|JAK2|NIPSNAP3A|UGP2|WASHC3|SAMSN1|CPSF2|RPE|NR2C1|NAMPT|IREB2|ZBTB37|SEC23A|SEPTIN7|NET1|CYBB|ANXA5|GDE1|CITED2|CD47|CCNT2|ATAD1|ANXA1|TIA1|PMPCB|BNIP2
GSE21927_SPLEEN_VS_TUMOR_MONOCYTE_C57BL6_DN	0.126221966647499	0.552228747472802	0.309281164020116	1.14804339865237	438	158	LRCH2|ZNF677|WEE2-AS1|CPNE8|RYR1|NLGN3|C11orf65|GOLPH3|STT3B|TET3|MME|RASGRP4|LGALS8|DCLRE1C|HEATR3|FBXO30|NUP107|EPB41L5|ZNF34|IRGQ|EPS15|FOXP1-IT1|RASSF6|ATL1|CAPRIN1|PPA1|FAM200C|UBXN7|PHTF2|PARD6G|ZMYM5|QRICH2|NNT|ATPAF1|LSM14A|SEPTIN2|GSTCD|ARRDC4|BIVM|RAB14|SUCLA2|ADARB1|ALDH1A2|AMFR|BAIAP2L1|VPS37A|DCAF12|SERTAD2|TM2D1|SGTB|KNOP1|CAT|PALS1|TASOR2|IFT20
GSE29618_PRE_VS_DAY7_FLU_VACCINE_BCELL_UP	0.126426289365587	0.552228747472802	-0.336672226268833	-1.17640357551786	830	163	PLAT|HAPLN2|BSPRY|SFN|PYCARD|TCAP|ETHE1|MRPS18C|SEMA3B|TULP3|S100A5|LRRC37A3|WDR46|METTL25B|TOP3B|GPC1|CPS1|NLRX1|COMT|ZNF446|TIMP1|ARHGEF26|SV2A|NAA60|SNHG17|NDUFA4L2|IL18BP|TMED1|ADGRB3|B9D2|TSC22D4|THOC6|NCAPH2|PTK7|MEF2D|LMNA|HOXB8|CCDC51|CCNF|ELAC2|ADISSP|CDC42EP3|MRPS18A|PES1|PLCD1|EFNA3
GSE46606_UNSTIM_VS_CD40L_IL2_IL5_1DAY_STIMULATED_IRF4MID_SORTED_BCELL_UP	0.126692747517304	0.552228747472802	0.299418268008819	1.13263835572427	420	184	ELK3|NXT2|MYL9|GPR174|USP25|EIF2A|DNAJC24|TTYH3|DCLRE1A|UBA6|ATG4C|CCRL2|PHLDA1|METAP2|NLK|PRKRA|RAB11A|MPHOSPH9|GLIS3|LINC01160|RIOK2|VAPA|UBE2V2|MORF4L2|PPA2|PPIG|ATP11A|ACTL6A|HNRNPK|PCGF5|RNPC3|KRR1|DDX3X|CDKN1B|CDK2|ADAM10|SEPTIN7|TRAFD1|CCDC90B|WEE1|LCORL|SMC4|SFT2D3|FBXO11|ALDH18A1|RLIM|NT5C2|MAFF|SARNP|YME1L1|SMG7|POLR3C|ZFP36|PPP3CA|TANC2|RAB20|EIF1|VPS51|PPP2R5A|HMGB2|FAM83D|RYBP|GSTO1|COX11|TNFAIP3|EEF1AKMT2
GSE5099_MONOCYTE_VS_CLASSICAL_M1_MACROPHAGE_UP	0.126578426897916	0.552228747472802	-0.336562846847188	-1.17602138081135	831	163	ANKEF1|TYROBP|NHLRC3|DYNC2H1|AGBL3|RPS29|TMEM116|TRAIP|LYPLA2|ATP5ME|MARVELD3|ELL3|LENG9|RPS9|CYP2S1|NDUFAF8|CXADR|SEC61B|FBXO41|DUSP4|YIF1A|STING1|GAL3ST4|ZNF490|TAB1|ZNF354B|PRPF19|MANEAL|HSD17B1|YJU2|H2BC18|ACD|UBE2M|CCHCR1|NINJ1|AUP1|SESN2|DNPEP|WDR59
IIZUKA_LIVER_CANCER_PROGRESSION_G2_G3_UP	0.126327944572748	0.552228747472802	0.477920772691643	1.27730273593903	546	25	CCL5|FOXN3|PPM1A|TMED2|GPLD1|SDHD|ACSL1|PRDX6|FBXW11|PCSK6|TIMM17A|BNIP3|SCML2|KDELR2
MORI_PLASMA_CELL_DN	0.126428738045253	0.552228747472802	0.443573070363455	1.25803013357307	541	32	ELK3|CD83|GPR137B|CD40|TESPA1|BACH2|CALM2|REL|KLHL6
REACTOME_IL_6_TYPE_CYTOKINE_RECEPTOR_LIGAND_INTERACTIONS	0.126647144948755	0.552228747472802	-0.579009633196515	-1.32227409513108	691	15	IL11RA|OSMR|CRLF1|LIFR|CLCF1|IL6ST|TYK2
REACTOME_TP53_REGULATES_TRANSCRIPTION_OF_ADDITIONAL_CELL_CYCLE_GENES_WHOSE_EXACT_ROLE_IN_THE_P53_PATHWAY_REMAIN_UNCERTAIN	0.126696832579186	0.552228747472802	0.509258517798613	1.29141113550337	559	20	CNOT11|CNOT8|NPM1|CNOT6|CNOT7|CNOT3|CNOT2|CNOT6L|CENPJ|CDC25C|CNOT10
WP_G_PROTEIN_SIGNALING	0.126638699528055	0.552228747472802	0.353921136657688	1.1949504393996	482	82	PRKCH|AKAP5|GNA13|GNG12|GNAI3|GNAQ|AKAP12|AKAP11|PRKAR1A|PDE8A|PDE4D|AKAP4|GNAL|GNG10|RHOA|PRKCI|NRAS|PDE7A|PRKD3
YANG_BREAST_CANCER_ESR1_LASER_UP	0.126362038664323	0.552228747472802	-0.481140858925074	-1.27957465542395	718	29	RAB26|GTF3C1|HMGCL|DNAJC17|DACH1|EVL|SIGIRR|IFT46|STN1|MOAP1|CPT1A|KIAA0319L|PATZ1|ALAD
GSE16385_UNTREATED_VS_12H_ROSIGLITAZONE_TREATED_MACROPHAGE_DN	0.126771410967344	0.55231398580304	-0.339538968858399	-1.17629543956052	822	153	PRG2|C14orf178|SLC25A5-AS1|AHRR|SPON2|KIF1A|ZNF585B|MT2A|MYLK-AS1|ZFPL1|SLC12A9|SLC39A3|MTG1|SRD5A3|DYRK2|SLC41A2|IER3|RECQL5|TOM1|VWA1|PRSS53|FDX2|PIP5KL1|ARHGEF10|PAEP|GPATCH3|TREML2|PPARD|ALG3|CLUH|TUBB2B|ASRGL1|C19orf25|HSPA1A|CSKMT|PRMT1|STUB1|IQSEC1|PRRG2|KCNH2|SPRYD3|NINJ1|SAPCD2|S100A6|SEMA4B|DESI1|ZSWIM1|PGAP6|HBE1|UCK1
PID_RAC1_REG_PATHWAY	0.127259920169054	0.553961439140053	0.432804782798638	1.25362177541127	541	35	VAV2|PREX2|CHN1|KALRN|ELMO1|VAV1|ABR|ARHGEF25|CHN2|ABI1|TIAM2|RACGAP1|PREX1
YAO_TEMPORAL_RESPONSE_TO_PROGESTERONE_CLUSTER_15	0.127240773286468	0.553961439140053	-0.480565952261004	-1.27804571440193	723	29	DNASE1L2|COL14A1|GRN|SEMA3B|NICOL1|NSG2|AURKB|SLC15A2|HEPH|PCK2|EPOR
GSE10325_CD4_TCELL_VS_MYELOID_DN	0.12743628185907	0.554080787381271	-0.330728709158875	-1.16844681717789	849	179	HSPA6|DYSF|NAGK|CTBP2|IFI30|MARCKS|ENC1|LILRA2|LYST|TLR6|SH3BP2|APLP2|TSPAN4|ROGDI|ITGAX|SLC7A7|ICAM1|THEMIS2|ENTPD1|VENTX|BCL6|SCARB1|SLC16A3|LYL1|CEBPB|SIDT2|OSBPL11|ATP6V0A1|NFE2|SPINT1|CDKN1C|EAF2|CLCN5|CTSH|SCPEP1|CDKN1A|SERPINF1
GSE17721_PAM3CSK4_VS_GADIQUIMOD_4H_BMDC_DN	0.127551020408163	0.554080787381271	0.301735971214272	1.1364563644968	424	179	BICDL1|BCAR3|FCGR2B|MYOM1|SUMF1|TCF7|VBP1|BATF3|CCRL2|LRBA|MEF2A|FAM174A|MARCHF5|PFKFB3|AP1S2|UAP1|SYPL1|TSPAN13|CHPT1|PLEKHF2|EPB41L5|BCAS2|FAM13B|CMPK2|ARL1|CNOT6|CD96|TMEM140|KCTD14|RBM43|RAP2C|USP45|SUPV3L1|SLC30A7|STK24|BFAR|CD47|QKI|STX7|CLIP1|AP3B1|PIAS1|FYCO1|ALDH1A2|HMBOX1|SMC4|RIPK2|SAV1|SPOP|COPB1|ATF3|ETV1|GORASP2|POLR3C|ZUP1|MBD2|MPP1
GSE3982_MAC_VS_CENT_MEMORY_CD4_TCELL_UP	0.127563329312425	0.554080787381271	0.298220936296169	1.1301987335458	422	187	MYL9|CD83|EOGT|TM6SF1|FCGR2B|CPVL|MS4A6A|TMEM53|BLTP3B|CKS2|AMD1|PPT1|CTSS|ME1|RMDN1|KIF11|MT1X|MTHFD2|PICALM|MTCH2|ERP44|SLC39A1|IDH1|SLC38A2|RCBTB2|PMFBP1|MRPL15|NDUFV2|CENPU|VDAC1|SQOR|ACSL1|RRM2|WIPI1|AGGF1|PRDX3|BACH1|AP4S1|AZI2|PSMA2|CHUK|VDR|LSM3|GPI|CEP170|MBD4|TIMM17A|LNPEP|PCLAF|FUCA1|DNAJB6|GLRX3|CLASP2
HOFMANN_MYELODYSPLASTIC_SYNDROM_HIGH_RISK_DN	0.127440347071584	0.554080787381271	-0.557460836577599	-1.31470728405256	704	17	PRG2|DHH|DYRK2
LI_INDUCED_T_TO_NATURAL_KILLER_DN	0.127501970055162	0.554080787381271	-0.353092634375877	-1.18882523421151	808	119	IGF1R|C3|MARCKS|N4BP2L1|IGIP|C17orf67|ACTA2|ADGRE5|SLC29A1|SNX30|COL6A1|AQP11|TPCN1|BRD3|NOTCH3|RPS6KL1|SLC16A5|PLEKHG2|RAMP1|RRP12|MIB2|DGKA|HDAC7|EPHX1|NISCH|CENPV|RGL2|ACVR2B|PDLIM4|CD3D|ZER1|NAXD|CD81|ABHD8|BCL7A|ITPR2|PPARGC1B|ILVBL
FARMER_BREAST_CANCER_BASAL_VS_LULMINAL	0.127768313458262	0.55473111180538	0.280143828792521	1.11187840531286	374	290	TCEAL1|CXCL8|TTK|PRNP|RGS5|CD44|PLAAT1|TBX3|CCL2|RNF43|TMEM135|AMD1|BBOF1|HDAC2|LRBA|CPD|RNF138|PPP1CB|LGALS8|MACIR|MRTFB|MTHFD2|PALS2|RIF1|TSPAN13|PRKAR1A|TOB1|TMEM123|SCCPDH|NDC80|GABBR2|BBS1|IFRD1|GMPS|SLC19A2|CCNC|UGCG|AKR7A3|TRIM2|FAM174B|SLC2A10|PTX3|INPP4B|CASP8AP2|APPBP2|LDHB|CDK17|FUT8|MICALL1|SPATA20|PELI1|LRP12|TRMT11|BCL2|CLIC4|ACTL6A|BUB1|ARMT1|MYB|PRKD3|SEPHS1|MYC|QKI|KIF14|RBM47|NCK1|TTLL4|PSME4|GPD1L|MTMR2|PTGER3|MID1|STIL|EFHC1|GALNT10|FYCO1|UGT8|KLHL7|CORO1C|DALRD3|FABP5|GPR161|SRPK1|SKP2|DKC1|EIF1AX|BTG3|NT5C2|RAD51AP1|U2SURP|GALNT7|KIF16B|GALNT6|SNRPD1
GSE22886_NAIVE_CD4_TCELL_VS_DC_UP	0.1278600269179	0.554756168663301	-0.330471284208896	-1.16767312040499	854	178	CCR7|PCBP4|TSC22D3|MATR3|CYFIP2|IL11RA|MAGEH1|NACA4P|PRKCZ|PBXIP1|FLT3LG|VILL|CCS|UBA7|DGKD|PLSCR3|SNHG32|TPD52|KLF12|SLC29A2|PIK3IP1|MED15|LIG1|LTBP3|ADPRM|RPS15|FBXW4|SAP30L-AS1|LINC00623|UXT|RPL27|PPOX|XPO6|ARHGEF1|SIGIRR|PGGHG|NOSIP|SF3A2|GUSBP11|ACD|KCNH2|ADD1|CLEC2D|VAMP2|SPTBN1|PRR5|RSAD1|MYLIP|CDC37L1|SNPH|RPL35A|GSDMB|PASK|EDF1|CYTH1
GSE26495_NAIVE_VS_PD1HIGH_CD8_TCELL_UP	0.127940506905448	0.554756168663301	-0.335610751211778	-1.17418653738157	842	165	IGF1R|LEF1-AS1|CCR7|KRTCAP3|C17orf67|SPEN-AS1|RBM26-AS1|EPHA1-AS1|NAT9|SNHG32|SREBF1|GIPC3|AEBP1|ZNF285|KLF7|MMEL1|AGBL2|IRS1|MICU3|DCHS1|ZNF436-AS1|PIK3IP1|ROBO3|SPINT2|EFNA1|LMF1|HSBP1L1|TKTL1|CEP41|ADPRM
GSE37301_COMMON_LYMPHOID_PROGENITOR_VS_GRAN_MONO_PROGENITOR_DN	0.127992633517495	0.554756168663301	-0.339630281747787	-1.17664638813651	833	152	TSGA10|IL21R|MAPK8IP2|CCR7|AQP1|TSC22D3|PLXNB1|DYSF|PLXNB2|SNN|L1CAM|IFITM1|GON4L|ITIH5|YBX2|GABRG2|CD48
JISON_SICKLE_CELL_DISEASE_UP	0.127995147103427	0.554756168663301	-0.33352543049108	-1.16894079705112	843	168	TP53I11|IL15|TCN2|TYMP|IFI30|SNN|LILRA2|AXL|PSMB9|TAP1|HBB|P2RX4|RENBP|COX17|IFI35|IFIT2|RHEBP1|VSIG4|GAS2L1|TIMP1|EMP3|NOTCH3|MX1|NDUFAF3|GBP2|CALR|CTSA|ATOX1|TMED1|LYL1|TRIP6|ITGB5|NDUFB7|MICB|SLC2A3|CD151|CTSL|BLVRB|RNF24|ATP6V0A1|NFE2|INTS4|PCK2|RRP7A
GSE19825_NAIVE_VS_IL2RALOW_DAY3_EFF_CD8_TCELL_UP	0.12824498678688	0.555359438035679	-0.344413796323839	-1.1791081465745	824	137	SLC26A11|ADGRG3|ITGBL1|SVEP1|PLA2G6|ANKRD33|CELF3|TPBG|CLDN6|APLP2|LRFN1|SH3PXD2A|EPN2|GPRASP1|NCCRP1|COL6A1|RPS9|RPL18|PIK3IP1|HRC|RIMBP3C|FBLIM1|TMCC2|RAMP1
NADLER_OBESITY_DN	0.128231467214518	0.555359438035679	-0.438970177984364	-1.25734215850036	748	42	COX8A|HBB|APOE|ATP5ME|SREBF1|CFD|UBB|BCAT2|DDT|ASNS
GSE24634_TREG_VS_TCONV_POST_DAY5_IL4_CONVERSION_UP	0.128384545177974	0.555668756530825	0.295700299089045	1.13069482308849	421	199	TTK|BCAR3|EMC9|CENPQ|UCHL3|RFC4|PTBP3|SUV39H2|PRIM1|ABCE1|TFB2M|UBE2N|DDX10|ARPP19|HSPA14|TBPL1|NEIL3|UTP11|GMPS|FAM124B|ORC2|BRIX1|KIF3A|RRP15|MRPS31|DONSON|TIPIN|SLC25A32|ZW10|EIF5B|DBF4|NIP7|RIOX2|HEATR1|SEPHS1|RBBP4|ELOVL6|PPP1R16B|IDH3A|GART|MAK16|NEK2|ORC3|PUDP|TCERG1|CYB5B|NMI|CHORDC1|OSBPL3|C12orf43|PLAAT3|PPID|TMA16|CENPS|CCT6A|PAICS|HJURP|DKC1|PPAT|BTG3|ERCC6L|EXO1|INPP1|KNTC1|GOT1|CWF19L1|PSMA3|KDM1A|SNRNP40|NCAPD2|HCCS|ILF2|POLQ|RWDD2B|BRCA1|MICAL2
PID_RHODOPSIN_PATHWAY	0.128427128427128	0.555668756530825	-0.549913583766239	-1.31452087860358	711	18	GUCY2F|RDH12|GUCA1B|GNB5
GSE17721_CTRL_VS_LPS_0.5H_BMDC_UP	0.128760529482551	0.555945132024885	0.300654645647228	1.13495453475021	427	182	AIM2|PLAAT1|IL12RB2|MS4A6A|EMC9|HAT1|FAM227B|ANLN|HDAC2|CPEB2|GNAQ|MOB4|ETV3|VPS50|MRPL42|ARF4|NAB1|CMPK2|LAMA2|F5|EPGN|HSPB8|KIT|ERCC8|ESAM|CELF2|ANKRD46|ERC1|HNRNPK|COX7A2L|SMIM3|GABPA|DERL1|HECTD1|MTF2|IPP|FAM20B|BNIP2|CLUAP1|ABCB7|FUCA2|ATP11B|ALDH1B1|BLM|IMMP2L|L2HGDH|GRSF1|ATL2|ICE2|GHITM
GSE21546_UNSTIM_VS_ANTI_CD3_STIM_SAP1A_KO_DP_THYMOCYTES_UP	0.128567225654604	0.555945132024885	0.304904731620126	1.1440908733796	436	172	FSD1L|CXCL8|PRKCH|EGR3|CCNG2|CFAP95|CCN1|C5orf15|ITFG1|GPRASP2|CYP26A1|KDM7A|GNAQ|OTUD1|RWDD2A|PJA1|LANCL1|RNF103|BCLAF3|PIKFYVE|MKRN1|C18orf32|PICALM|FAM13B|GTF2A1|OSTF1|TRIM2|TMEM140|SCRG1|PTPN14|NREP|TDRP|ZNF540|MYL12B|NCAM2|PAPSS1|ZNF627|CPNE3|RAB2B|BCAS3|MLLT11|SMIM3|FGD6|CFAP20|TRAFD1|LMBRD1|SKP1|ATAD1
GSE360_DC_VS_MAC_M_TUBERCULOSIS_UP	0.128694861300591	0.555945132024885	-0.332858058905228	-1.16826680235708	848	171	SULT2B1|LYRM9|CCR7|ANPEP|N4BP2L1|TIMP3|LYST|BSN|CD84|IFITM1|UBA7|IFI35|DCAF11|RRBP1|TAOK2|GREB1|CFHR3|FMO4|MX1|SEC61B|AKR1B1|HIC2|SP110|DIAPH1|AGRN|DYNC1H1|VPS52|NDST1|XPO6|CD3D|IRF9|DUSP5|CCNF|NUP188|CDV3|IRF1|BRD2|PTPN7|PES1|TRAF5
GSE41176_UNSTIM_VS_ANTI_IGM_STIM_TAK1_KO_BCELL_1H_DN	0.12876792508048	0.555945132024885	0.307244355129952	1.14753725935352	439	167	PEX12|MYOM1|C11orf65|GOLPH3|TMEM64|SCOC|HIPK3|CCDC68|EIF4G2|RINT1|LYPLA1|GDI2|SH3BGRL|LIPT2|SORBS1|STYX|RBM7|CCNC|PTX3|RSPH4A|INPP4B|DMKN|ICA1|LRRC69|RAP1B|EXOSC9|ATP5F1B|CRBN|MORF4L2|RAB5A|UBE2E1|TUBE1|XKR8|ZNF800|CCT4|BECN1|DNAJB9|PRKAA1|WSB1|ABI1|ACBD5|RB1|LINS1|FUCA2|ASXL2|STK4|ATP5PB|ALDH1B1|GLRX3|CHM
WP_COMMON_PATHWAYS_UNDERLYING_DRUG_ADDICTION	0.128761371588523	0.555945132024885	0.441953792550642	1.25343765395866	551	32	PPP1CB|PPP1CC|MAPK1|GRIA2|RAP1B|RAP1A|CREB1|MAP2K1|PRKCB|ACTB
GSE23114_WT_VS_SLE2C1_MOUSE_PERITONEAL_CAVITY_B1A_BCELL_UP	0.128918839730442	0.556118312511466	0.307206640741412	1.14486024717344	439	165	DCP1B|PGAP1|WDSUB1|GNAI3|FAM107B|EGR1|NHLRC2|GEN1|PPIP5K2|FANCB|LIPT1|UNK|DMXL2|INVS|SNAI3|WASHC4|SCCPDH|STYX|CNOT6|AP5B1|HSD17B11|MAGEA4|S1PR3|EHD3|MAGT1|RNF144A|UPRT|RBM43|PGM2|BTBD10|DDX60L|TRA2B|ADNP|GOLT1B|RAB3GAP2|STARD4|MID1|HMGB1|PLSCR1|ZFAND5|LIX1L|CCNDBP1|REEP3|ECD|REST|LRR1|CENPJ|RMDN2|CDC25C|ZBTB38|LTA4H|TMX4|UBR1|BUB1B|BICD2|CCNY|MSMO1|BBS4|SOS1|CDIN1|ILF3-DT|ASPM|PTPN18|CDC42BPG|SLC7A6
REACTOME_RHOBTB_GTPASE_CYCLE	0.12890349847382	0.556118312511466	0.43199562407879	1.25127804209019	548	35	COPS2|TXNL1|ROCK2|TWF1|RHOBTB1|RBMX|MYO6|ROCK1|TRA2B|COPS4|CUL3|PHIP|HSP90AA1|CCT6A|VIM|STK38
DAZARD_RESPONSE_TO_UV_SCC_DN	0.1289972899729	0.556163629474467	0.332159999563208	1.17384735768574	475	110	CCN1|SLC25A44|AMD1|FOXJ3|SIAH1|TP63|ZNF146|TNFAIP8|NUP153|SACS|YTHDF3|SLK|PGRMC2|SIAH2|COIL|FZD2|DYRK1A|CNOT2|NGDN|RBPJ|ANKRD46|ADNP|WSB1|MYC|PHF3|CHD1|MTF2|PUM1|ATP13A3|KBTBD2|MPHOSPH10|WEE1|ADORA2B|SEPTIN8|TIPARP|SPOP|KIF2A|MCL1|BAG5|MORC3
INGRAM_SHH_TARGETS_DN	0.129040156709109	0.556163629474467	0.387031223644603	1.22164688675625	526	55	AJUBA|ITGB7|PGM5|PLK4|MME|ANGPTL4|POU3F1|TGFBI|PTX3|SFRP2|NREP|SERTAD1|EMC2|ENDOD1|DRAM1|EEIG2|CAV2
CROONQUIST_NRAS_VS_STROMAL_STIMULATION_DN	0.129318695511786	0.556454009114951	-0.370985789297122	-1.20064587664852	800	89	TPM2|TSC22D3|LAMB1|LAMA4|ACTA2|TRAIP|HSPB6|IER3|AURKB|FOS|COL6A3|INPP5J|RECQL4|NOTCH3|H4C2|BCL6|TSC22D1|ID1|TROAP|COL1A2|TK1|HES1|CD81|MCM2|CCNF|IER2|MCM3|MCM7|KIF2C|JUN|APOBEC3B
FRIDMAN_SENESCENCE_UP	0.129317537126648	0.556454009114951	-0.39231180409503	-1.21837942704337	774	68	TGFB1I1|IRF7|SMPD1|IFI16|MMP1|IGFBP2|CCND1|CDKN2D|SERPINE1|NRG1|ISG15|FILIP1L|GUK1|IGSF3|RHOB|RGL2|COL1A2|SMURF2|CDKN1C|TNFAIP2|CDKN1A
GSE8685_IL2_STARVED_VS_IL15_ACT_IL2_STARVED_CD4_TCELL_UP	0.129372738238842	0.556454009114951	0.297843151978337	1.12876700523433	428	187	STAP1|CFAP69|IFIH1|FAM53A|ABITRAM|KAT2B|SEC24B|EXOC5|HVCN1|PTHLH|SERPINI1|CNIH1|FOXN3|RIMOC1|COG6|UTRN|ADD3|SP3|OAT|INTS6L|ESD|PLRG1|QNG1|DOCK10|IFIT1|HOXA5|TMEM176B|RAP1B|ARV1|TIMM23|CRBN|TMEM38B|NFE2L2|UBE2W|TSNAX|ZNF623|DLG1|CACYBP|HMGN3|PFN1|GOLGA7|TAF4B|MPHOSPH10|AGO1|TOMM40L|SMC4|NSMCE3|HTATIP2|TAX1BP1|ATP6V1B2|ESCO1|PAICS|ATRAID|TMX4|ZC3H7A|NPRL2|MSMO1|POLR3C|GUCD1|PXK|C9orf78|PAQR8|NSD3
KIM_WT1_TARGETS_UP	0.129297231518102	0.556454009114951	0.295471922257779	1.12982155883539	424	199	CXCL8|CD83|CD44|FGF5|TBX3|C3orf52|CCL2|BMPR2|CCN1|MAP3K9|CCNE2|TET3|PTHLH|ST3GAL5|ARID5B|KLF10|EGR1|AKAP12|SPRY2|MAPK1IP1L|NAB1|RRAS2|ATP1B1|TRIB1|CBFB|WWTR1|PTX3|CALD1|LITAF|PRKCI|CDK17|SLC20A1|KCNK1|CARD10|HBEGF|UTP3|PHLPP2|B3GNT2|CHST3|BAZ1A
LIN_NPAS4_TARGETS_UP	0.129384703852789	0.556454009114951	0.308785691946342	1.14620421958269	449	158	MPP3|LBHD1|CCNG1|ALDH1L2|DARS1|HS2ST1|FAM107B|DHX40|PNPLA6|SLF1|DDHD2|NAA15|EPS15|GMPS|CFAP418|KCNK9|RNF182|CLMP|TIGAR|TMEM74|KIF3A|SOAT1|ACTR10|CAPN7|RAB2B|NIP7|CDKN1B|CHMP2B|MKRN3|TMED8|TBCK|PANX1|GINM1|MFSD6|CFAP97|SLC35A1|AP4E1|NUP155|BZW2|B3GALNT1|CDC42SE2|LNPEP|ZDHHC7|USF1|IMPA1|ACOT7|B4GALT3|RRN3|RPS6KA3|PPP1R11|AGO2|IFT43|RPL39L|C2orf69|ADD2
GSE22886_NAIVE_CD4_TCELL_VS_12H_ACT_TH1_DN	0.129557095510696	0.556726832760382	0.295608706329809	1.12973601211398	429	196	ST8SIA4|FAR2|CDC7|ENOPH1|SLC25A44|RMI1|BLTP3B|STRAP|BATF3|UCHL3|RFC4|CCT8|MYCBP|CCNB1|PSMA1|NUP153|ETNK1|DNA2|DDX10|HPRT1|PLAA|PICALM|MTCH2|MAD2L1|MAMLD1|MRPL15|KIF3A|NDUFV2|FASTKD3|TYMS|SLC25A32|DDX18|PHLPP2|NARS1|CACYBP|ACTL6A|EIF2S1|C1D|BAG2|COX7B|SEPHS1|ATP2A2|ELOVL6|VDR|RACGAP1|PSMC2|SFXN1|PCNA|XPOT|PSMD14|PSMD11|GTF2H1|DVL3|TFRC|RFC3|CCT6A|FIP1L1|EEF1E1|TMEM33|ALDOA|GOT1|MRPL33|SLC25A17|PSMA3|SNRNP40
MARTORIATI_MDM4_TARGETS_NEUROEPITHELIUM_DN	0.1295590636908	0.556726832760382	0.328570205643676	1.1722641850318	475	117	ST8SIA4|LST1|CFL2|CADM4|FGD4|CNR1|KAT2B|C1QTNF3|CORO1A|HEMGN|RND2|ZBTB18|SPAST|RNF182|HSD17B11|MYT1|SYT11|IGFBP5|INSIG1|RBL1|TCAF1|TLCD4|MYB|GDAP1|SCG3|MEGF9
GSE35543_IN_VITRO_ITREG_VS_CONVERTED_EX_ITREG_DN	0.1296211775445	0.556755404446595	-0.335646322221544	-1.17281885098402	851	163	LAG3|HAPLN2|PNKD|FMC1|TMEM115|TSPAN5|TIMM8B|GPR176|ADGRE5|SLC29A1|MFSD13A|LRFN1|UBL7|DCAF11|TMEM208|ST6GALNAC6|TCP11L2|COMTD1|TIMP1|RHOT2|ECE1|LTBP3|MMRN2|CCL24|TSPO|ICAM2|BIN3|SLC7A11|RNF32|HPCAL1|TMEM42|SLC39A4|SZRD1|NSMF|GNB5|METTL26|MCRIP2|FGF2|MCOLN1|FNDC10|AKT2|NNMT|ADGRL1|PRRG2|GRAMD4
REACTOME_SUMOYLATION	0.129713423831071	0.556913322675915	0.302035845260348	1.1361370360468	429	178	ZNF350|H4C5|RAD52|H4C12|NCOA2|RNF2|XRCC4|TOP2A|HDAC2|HIC1|NPM1|RANBP2|NR4A2|SEH1L|BMI1|NUP153|SATB2|NUP35|NUP107|SUMO1|SP3|PIAS2|NUP37|NUP160|NUP133|CASP8AP2|NOP58|NUP205|NR2C1|DDX5|UBA2|TOPORS|HNRNPK|SMC6|SMC3|VDR|IKBKE|NR5A2|SENP1|PARK7|ING2|NUP88|CETN2|RAD21|PCNA|PIAS1|MRTFA|WRN|NSMCE3|RNF168|RAE1|NUP155|NUP54|H4C8|BLM|NUP50|NDC1|SCMH1|EP300|EIF2AK2|SUMO3|NCOR2|SUZ12|NUP58|NSMCE4A|TOP2B|SUMO2|TOP1|NR3C1|CTBP1|STAG2|SMC5|NUP98|PPARA|BRCA1|DDX17|CBX4
ACEVEDO_LIVER_CANCER_WITH_H3K27ME3_DN	0.130213944897645	0.558767477750712	-0.338335861077547	-1.17468013129939	845	156	TREX2|H2AC13|H4C4|PLCB4|COL18A1|H2AC8|H2AC11|H2AC15|LYST|TDH|PIK3C2B|CELF3|PPP1R14A|KCNC4|H2BC17|H4C11|PNCK|H4C3|H2AC16|NTRK3|PCDHGB6|GGN|FSIP1|H4C14
GSE3982_EOSINOPHIL_VS_BASOPHIL_UP	0.130281690140845	0.558767477750712	0.306661033436711	1.14598605291947	443	168	LRRC8E|ZNF75D|ZNF14|LGR4|LST1|CAMK2B|ANKRD36B|TMEM156|TTPAL|ZFPM2|CTSS|MLF1|PPP1CB|FNDC3B|CD80|RANBP2|DCLRE1C|TRIM13|FAM13B|TRIB1|PER2|NUP133|PRRG1|PLPP3|EFNB2|SYNE1|FGFR1|SYTL2|ITIH4|PLXNC1|LGALS4|SBNO1|THOC1|B4GALT5|ANKRD46|BFAR|NEU3|EIF3J|CYBB|CCNT2|RBBP8|GLUL|INPP5B|ZNF721|ASAH1|UGT8|ATF1|TIPARP|EXT2|CISD1
REACTOME_SIGNALING_BY_FGFR1_IN_DISEASE	0.130312279877906	0.558767477750712	0.430994417911489	1.24837804212973	554	35	FGF5|PIK3CA|FGFR1OP2|FGFR1|TRIM24|NRAS|BAG4|ZMYM2|STAT1|CPSF6|SOS1|GAB1
GSE18791_UNSTIM_VS_NEWCATSLE_VIRUS_DC_18H_DN	0.130422374429224	0.558878293571686	0.309452404833062	1.14512464909216	456	154	SAMD9|AIM2|ZNF214|NEDD1|IFIH1|MX2|CCL5|DHX58|NT5C3A|NBN|OTUD1|PI4K2B|PNPT1|CFAP210|ARHGAP27|TJP2|EFHB|CMPK2|WTAP|LINC01138|RSAD2|SLAMF7|IFIT1|ADRA2C|CD274|LRRN4CL|IFIT5|TMPO-AS1|INTS12|PELI1|ZNF445|DDX60L|BCL2|B4GALT5|GPBP1|PPM1K|TRAFD1|RICTOR|TMEM217|TRNT1|MAP3K15|CHMP5|MASTL
MATSUMIYA_PBMC_MODIFIED_VACCINIA_ANKARA_VACCINE_AGE_18_55YO_2DY_UP	0.130449476174383	0.558878293571686	-0.412556483068526	-1.23819746754686	771	55	TYMP|PYCARD|PSMB9|TLR6|IL4I1|IFITM2|IFI35|IFIT2|CFD|ICAM1|PILRA|MX1|IFITM3|ISG15|CTSL|GLMP|BID|DNASE2|IRF9
GSE22886_IGG_IGA_MEMORY_BCELL_VS_BM_PLASMA_CELL_DN	0.130551816958277	0.559078130813646	-0.329570309617978	-1.16448965526822	872	178	GZMM|AMH|CD14|BSCL2|EXT1|FICD|MAPK12|CLN3|SLC3A2|TSPAN4|SEMA3B|DNPH1|MUC5B|TMEM208|CFD|RRBP1|PCYT1B|DKKL1|TIMP1|PRDM12|LRPAP1|VENTX|PYCR3|MOK|NDUFA4L2|PSAP|ATOX1|RRP12|MXD4|MACROD1|TONSL|CST3|TCTN1|VKORC1|NENF|PYCR1|MMP17|MVD|SDF4|MDK|LMNA|BMS1P20|DNASE2|NEU1|RRP1|DUSP5|YIPF2|SOCS3|STN1|CDKN1C|KDELR3|GAS6|PDXK|DEXI|TP73|DPM2|DNAJC1
GSE6566_STRONG_VS_WEAK_DC_STIMULATED_CD4_TCELL_UP	0.130833851897947	0.559808271675868	-0.343147850011006	-1.17503196247563	840	138	LINC02878|RNF217-AS1|PLCB4|SHISA7|SLC46A1|TAP1|HBB|SYNGR1|MICALL2|RIMS4|KIRREL1|SLC26A10P|LONP1|PPFIA4|CYP2S1|FEZ1|UBB|NFIL3|RECQL4|OFCC1|PTPN3|MX1|CHID1|PGP|NR4A1|PHRF1|DHCR7|EPOP|OAS3|MVD|CD276
ROSS_AML_WITH_PML_RARA_FUSION	0.130819289170699	0.559808271675868	-0.391863931871887	-1.21698849692879	783	68	NDST2|HYOU1|ARHGAP4|IGFBP2|MST1P2|CFD|STAB1|TMEM94|CALR|ASNS|AGRN|CERS4|NISCH|RCN1|LRFN4|CHPF2|PRR14|CDKN1C|ITPR2
GSE3982_MAST_CELL_VS_NKCELL_DN	0.131054567749847	0.560513741403051	-0.337515108421628	-1.17421468281836	854	158	APLP1|COL14A1|LPAL2|MUTYH|FAM193B|IFITM1|APBA3|SYNGR1|METRN|UNC5B|PLSCR3|SUN2|SPSB3|ECM2|CACNA2D2|SMPD3|FYN|LTB4R2|NRG1|USP20|YPEL1|RAMP1|SNHG20|PIGL|F2R|UCP2|RPP25|VPS11|IL18RAP|ERAL1|ERN1|MAP1S|OAS3|EVL|SIGIRR|PGGHG|AFDN-DT|POLR1G|RUSC1|STN1|GNL1|CCDC186
LI_CISPLATIN_RESISTANCE_DN	0.131138883999296	0.560598901038265	-0.483987334833257	-1.27823707534943	744	28	ZFP42|MARCKS|LAMA4|SEMA6A
SHAFFER_IRF4_TARGETS_IN_ACTIVATED_B_LYMPHOCYTE	0.131186174391202	0.560598901038265	0.354397078324689	1.19037100057936	500	80	LDHA|UAP1|BMI1|IDH1|HK2|CCNC|SLAMF7|ELL2|GNG10|INSIG1|VDAC1|BCL2|B3GNT2|CASP3|MYC|GART|GOLGA7|SEPTIN11|XPOT|GARS1|PRPF40A|FDFT1|GRSF1|SRPK1|PAICS|AHCY|PNP|MSMO1|PGK1|CANX|KTN1|SLC31A1|CTH|EIF2S2|ME2|CYP51A1|TNFRSF12A|SNX9|HMGCR|CFLAR|TAGLN2|SCD
GSE2585_CD80_HIGH_VS_LOW_AIRE_KO_MTEC_UP	0.131445282438048	0.561467125580055	-0.337913929537021	-1.17321521239944	853	156	NFKBIZ|ADAM19|PCBP4|AHRR|FZD7|ASIC3|GPR176|ROGDI|SNHG32|CHCHD10|PILRA|ATP9A|ZBTB3|COL6A3|ZNF446|MET|DCN|ACP3|SUCO|ZC3H12A|EMP2|DDT|FILIP1L
MORI_EMU_MYC_LYMPHOMA_BY_ONSET_TIME_DN	0.131597975415763	0.561641359363702	-0.554842744410263	-1.30853281471432	727	17	GAA|NFKBIZ
WIERENGA_STAT5A_TARGETS_GROUP2	0.13159167876149	0.561641359363702	0.397988222406594	1.22897847837618	543	48	CXCL8|CD83|STAP1|CCL5|RNF217|CCL2|MOB3B|TSC22D2|FPR3|SPP1|SOCS2|PHTF2
AGUIRRE_PANCREATIC_CANCER_COPY_NUMBER_UP	0.131949381487274	0.562185013314626	-0.307519202113578	-1.13846286685316	927	293	TPM2|ZNF331|AOC2|ZFTRAF1|RPS21|AARSD1|HEXIM2-AS1|SLC12A9|DOCK4|SLC52A2|GRN|GSDMD|THEM6|LAMA5|DBP|RCN3|MICALL2|PHB1|SCRIB|ZNF580|DKKL1|RPS9|EXOSC4|IRF3|RPL18|TMEM8B|RPL13A|PLOD3|RGP1|RASA4B|C5AR1|TMEM94|LIG1|MAFK|MAD1L1|ZDHHC24|MAP4K1|CPSF1|DMPK|DDT|ASNS|KLK13|ZC3H3|DGAT1|BRD9|SLC1A5|DPF1|SLC39A4|GFUS|TSEN34|RPL27|CNPY3|GPAA1|MYL6|SNRPD2|SNX11|ARFRP1|MBOAT7|ID1|ZBTB1|SDHA|NFKBIB|CLTA|NOSIP|POLR1G|ATP6V0A1|XYLT2|PRPF6|PNPO|TMUB2|EEF1D|LMTK2|FUT1|PRMT1|PSMA7|LPCAT1|EML2|SNRNP70|TAF6|BRF2|CYC1|ASL|ATP5MC1|SMARCE1|NUDC|RSAD1|CRCP|SEM1|MRPS12|TLN1|AP4M1|UBE2Z|INTS1|EIF3K|OPA3|SHARPIN|TTF2
GSE5589_WT_VS_IL10_KO_LPS_STIM_MACROPHAGE_45MIN_DN	0.131934032983508	0.562185013314626	0.297060688834856	1.1287117768323	439	189	PCYOX1L|LGR4|ESF1|DET1|KCNG1|SFT2D2|BTBD1|SNX33|NAA30|P2RY1|UBA6|TFPI2|ADPRH|IMPACT|TBC1D2B|DOCK7|RALGAPB|SIAH1|PLEKHA5|UTP18|WSB2|NAE1|ATL3|PPIP5K1|NLK|CFAP418|MAPK1|MAMLD1|NATD1|MICALL1|ESAM|INPP5F|MFSD4B|REL|CMPK1|ZNF623|RNPC3|PRDX3|ZSWIM4|FBXO33|TTC33|GABPA|UBQLN1|MFAP3L|GOLGA7|FAM20B|ARHGAP5|CLOCK|CHMP1B|ATF1|ALDH1B1|ZYG11B|DDX27|SMAD5|TMEM33|TSPAN3|GALNT7|POLR1F|CCDC88A|TANC2|PSAT1
HALLMARK_INFLAMMATORY_RESPONSE	0.131786472550804	0.562185013314626	-0.332526467453993	-1.16543962879814	868	168	NPFFR2|CCR7|IL15|OSMR|SEMA4D|CD14|IRF7|AXL|TPBG|P2RX4|IFITM1|EREG|APLNR|CD48|PTGIR|ICAM1|ACVR1B|RASGRP1|SERPINE1|STAB1|TIMP1|MET|EMP3|CMKLR1|C5AR1|IL1B|CCL24|SLC7A1|SPHK1|SELENOS|TNFRSF1B|IL18RAP|TAPBP
REACTOME_SUMOYLATION_OF_TRANSCRIPTION_FACTORS	0.131897711978466	0.562185013314626	0.524032077119298	1.2979205753784	587	18	HIC1|SUMO1|SP3|PIAS2|PIAS1|SUMO3|SUMO2|PIAS3
GSE12392_IFNAR_KO_VS_IFNB_KO_CD8_NEG_SPLEEN_DC_DN	0.132233883058471	0.562985045450103	-0.329423646892466	-1.16383610208368	881	179	MSH5|NFKBIZ|MADCAM1|ACE|C5|NDUFB2|EPS8|PNMT|ETFB|TRIO|RGS3|CD19|GNRHR|NAPSA|HFE|ID3|FGFR3|DIAPH1|SEC61A1|NDEL1|CDC42EP4|NR4A1|CARHSP1|NDST1|G0S2|INPP5D|CEL|LIFR|SFR1|TNIP1|HCN3|RNASE1|NOCT|LMNA|PNPO|MYCL|TMC6|PTPN23|SOCS3|PXN|FLII|ASL|POLR1A|SPTBN1
GSE17580_TREG_VS_TEFF_S_MANSONI_INF_UP	0.1323706377858	0.562985045450103	0.30009357255008	1.13283651507163	439	182	FOSB|CD83|BATF|PRNP|SLC9B2|IGSF9|IL10RB|DCLRE1A|ERI2|GNB4|VPS54|CCRL2|PHLDA1|EIF4E3|UAP1|RGS9|ERI1|METAP2|PDE8A|PRKRA|PLXND1|POGLUT2|QNG1|FAM174B|TSPAN12|BCL2L15|CMTM7|SLC35D1|ICA1|PIP5K1B|SOCS2|HBEGF|PHTF2|TGFBR1|SCIN|PRELID3B|ARHGEF12|CASP3|MED7|EPCAM|SCAMP1|KLRG1|HMGN3|ARRDC4|MKLN1|FBXW11|FUCA2|PLSCR1|PTPRJ|NUP155|RAB31|MAGI1|GABARAPL1|FARSB|IMMP2L
GSE29618_LAIV_VS_TIV_FLU_VACCINE_DAY7_PDC_UP	0.13241047246464	0.562985045450103	0.298476677748396	1.12907651144729	439	184	ELK3|ZNF443|C2CD5|SLC33A1|ZNF410|SHLD2|TRMT61B|NPR2|TSPAN13|CHPT1|WSB2|CLK1|ETV5|IFRD1|SEC22A|TMEM140|TLN2|TGFBI|SGCB|OTUB2|DAZAP2|C5orf22|APOO|JAK2|PCF11|CRBN|INPP5F|DDX5|AGGF1|ZMYM6|RPS3A|ALDH2|HMG20A|RO60|RAB3GAP2|IPO5|ATP13A3|ARL4A|NGLY1|RCN2|XPOT|TMT1A|ACACA|TIMM17A|SLC35A1|STARD7|TAX1BP1|ZFAND6|TFRC|BTBD3|TRAPPC11|GIN1|OTUD4|POT1|SUN1|TAF12|TRAPPC13|SARAF|USP15|BTAF1|UBP1|MED20|TMEM164|CCDC47|GPATCH8|USPL1|PTCD3|OSBPL9|SGF29|TAF11
NUMATA_CSF3_SIGNALING_VIA_STAT3	0.132337054375225	0.562985045450103	-0.537472486693741	-1.3016064945812	734	19	MADCAM1|MST1R|IL17RA|NINJ1|HBE1
STEARMAN_LUNG_CANCER_EARLY_VS_LATE_UP	0.132417582417582	0.562985045450103	0.325302825050847	1.16425639774116	481	120	ZNF17|KAT2B|PKD2|C1QTNF3|PLD1|JKAMP|STXBP3|PTGS1|CGGBP1|PAIP2|PJA1|C5orf34|SMAD4|ETNK1|CLK1|WDR26|PIAS2|RNF6|MAPK1|ITIH4|UBE2V2|DPM1|MED23|KIF5B|NRAS|ARPC3|IREB2|DDX3X|C6orf120|WDR81|TIA1|TPST1|EIF3M|CLOCK|AGPAT5|PIAS1|SRSF1|GINM1|SLC35A1
GSE39152_BRAIN_VS_SPLEEN_CD103_NEG_MEMORY_CD8_TCELL_UP	0.132530120481928	0.563224957407955	0.297792545767222	1.12823602445769	439	186	CD83|DCK|ANKRD13C|DOK2|HLA-B|ATP6AP2|CD164|KALRN|RARS1|HDAC2|TBCA|MARCHF5|PTPN2|CLK4|SH3BGRL|RTN4|CAPN2|LRPPRC|HPRT1|PLAA|ATP1B3|TCP1|PLXND1|PSMD6|ISOC1|FGFR1OP2|BRIX1|PLA2G4A|KIT|JAK2|MAP4K3|MBNL1|ADK|TSNAX|NRAS|DNAJA2|NAMPT|CASP3|CLIC4|HNRNPK|PRKD3|AZI2|CHUK|MINPP1|STMN1|CWC15|ATP13A3|HNRNPA1|QDPR|PLSCR1|USO1|KLHL7|ATF1|DSTN|TTC27|RFC3|ZNF281|OTUD4|THUMPD1|LYRM2|ATF3|DRG1|BTG3|DEGS1|U2SURP|STAT1|CDK8|RAP1GDS1|MBD2|BLTP3A|ANKRD17|PPP1R15B|RAD17|CTBP1
GARGALOVIC_RESPONSE_TO_OXIDIZED_PHOSPHOLIPIDS_BLACK_UP	0.132726848612083	0.563448396835215	0.440113738595996	1.24821902488263	568	32	SNX16|PRNP|SRC|ZNF44|CLK1|ETV5|OSGIN2|NFE2L2|ZNF654|ZBTB21|ATP11B|AKIRIN2|EIF1|RNF227|CCDC93
GSE20715_0H_VS_6H_OZONE_TLR4_KO_LUNG_UP	0.132656155245603	0.563448396835215	-0.332023947581933	-1.16392620611461	874	169	SCX|KISS1R|SLC8A2|L1CAM|HLA-DOB|METRN|CLN3|SH3BGR|CD19|SLC2A9|QRICH1|STC2|CHTF18|RBM38|NCAN|TSHZ2|RFNG|GAL|VPS18|SLC25A45|TSC1|CTC1|POLD1|PMF1|KMT5C|MAP3K11|PPP1R12C|KCNN1|TYRO3|PACSIN1|CENPV|RDH13|TGIF2|CD3D|CKLF|ZNF213|S100A16|RPS6KB2|RPL35|MED16|P3H3|HOXB3|TIGD5|STK25|NARF|MGAT1
WP_TYPE_II_INTERFERON_SIGNALING	0.132751091703057	0.563448396835215	-0.468823659846913	-1.26505880692755	759	31	CIITA|PSMB9|TAP1|IFIT2|H4C14|ICAM1|IL1B|ISG15|IFNGR1|IRF9|SOCS3|IRF1
GSE42021_TREG_PLN_VS_TREG_PRECURSORS_THYMUS_DN	0.133073580098906	0.563625568368278	-0.32902576032494	-1.16361313870595	887	180	IL15|OSMR|TYMP|IRF7|IFI30|LYPD3|RASGRP3|EXT1|APOL1|PSMB9|TAP1|IFITM1|BTN3A1|EPPK1|TCIRG1|IFITM2|IFI35|IFI16|IFIT2|HERC6|RIGI|LGALS3BP|APOL6|THEMIS2|SHFL|MX1|FAS|IFITM3|TRIM26|SP100|ISG15|LARS2|TAP2|SP110|PSMB10|DECR2|PHF11
GSE45365_NK_CELL_VS_CD8A_DC_MCMV_INFECTION_UP	0.13291678500426	0.563625568368278	0.308018520825635	1.14152719133879	467	155	SLC35A3|CXCL8|CD44|EGF|CARMIL2|EGR3|CD69|ZNF107|C3orf52|LST1|LONRF1|FAM133A|POGLUT1|LSM11|TMEM64|SLC38A9|KDSR|CHDH|CALN1|TMEM30A|HPRT1|SCCPDH|ANO7|SPAST|LGALS13|ENSG00000237870|AKAP4|SH2D4B|GPR157|EVPL|RNF157-AS1|EXOSC9|YTHDF2
GSE45739_UNSTIM_VS_ACD3_ACD28_STIM_WT_CD4_TCELL_UP	0.133031674208145	0.563625568368278	-0.329962387592316	-1.16167279236404	881	175	ADAM19|IDUA|CCR7|RCAN3|CRIP2|N4BP2L1|CYLD|MINDY1|EPS8|EPPK1|LDOC1|EEIG1|SGSH|GPRASP1|KLF7|HFE|PTGIR|LGALS3BP|TPCN1|SEMA3G|EPHB6|LTBP3|TBXAS1|MORC4|SLC16A5|FAXDC2|GAL3ST4|CREB3L1|DGKA|MSRA|CTSL|KCNN1|MAP3K3|ENGASE|TTC28|ANKRD55|ACVR2B|SASH1|IL6ST|INF2|TRAF3IP2|RNASET2|NUMA1|KCNH2|EDEM3|GAS6
REACTOME_RAS_ACTIVATION_UPON_CA2_INFLUX_THROUGH_NMDA_RECEPTOR	0.132868705035971	0.563625568368278	0.515427182586535	1.29271798880208	590	19	DLG2|CAMK2B|NRAS|DLG1|LRRC7
STEIN_ESRRA_TARGETS_RESPONSIVE_TO_ESTROGEN_DN	0.132971185640057	0.563625568368278	0.423288183320536	1.24212686653493	562	37	CCNE2|DTL|ZWILCH|SACS|CENPU|RRM1|PCNA|SMC4|RAB31|ATAD2|NEMP1|NCAPG2|SKP2|BTG3|WDHD1|SLC27A2|FEN1|GINS3|CDC6|RAI14|POLE2|TMPO|GINS2|CHRNA5|CDC25A|CELSR2
GSE7568_CTRL_VS_24H_TGFB_TREATED_MACROPHAGES_WITH_IL4_AND_DEXAMETHASONE_UP	0.133333333333333	0.564487557992408	0.298124210117773	1.12841537196821	441	185	MIER3|CNRIP1|DOP1B|TLE6|FCHSD1|MS4A6A|TBC1D32|BLTP3B|TMEM106B|KALRN|HDAC2|GLUD1|CUL4B|RSRC2|RAB23|ZNF146|DDX10|ZNF770|CLK1|MEX3B|ZNF512|EPS15|RAP2A|HECA|RECK|MTSS1|OOSP2|ATP8A1|TENT5A|CERT1|EIF1B|DDX5|CARD6|MOB1B|SMIM3|SLC36A4|RICTOR|SLF2|CEP152|BIRC2|CA2|SMPDL3A|ANKRD42|ABRAXAS1|CCDC90B|UPF2|EFR3A|PSIP1|STARD7|SNX29|NCAPG2|POLR3G|ZNF281|ESCO1|SAV1|PNPLA8|KIF2A|HLCS|PAFAH2|ZC3H14|ASAP1|SOS1|GAB1|SCML2|CDK19|PDCD2|ERICH2
MISIAK_ANAPLASTIC_THYROID_CARCINOMA_DN	0.133539003966505	0.565119950175286	0.555961031859602	1.31248548392134	605	15	LIPG|SH3BGRL2|PLPP3
GSE14000_TRANSLATED_RNA_VS_MRNA_4H_LPS_DC_DN	0.133645424343099	0.565155553303175	-0.33072768822604	-1.16307853132568	884	173	NOTCH2NLA|CDC26|PAPOLA-DT|RPS28|CARD19|UQCR11|PNCK|NDUFA2|MZT2A|MRPL14|OST4|SERF2|COX17|PHPT1|DNAJC15|ROMO1|C17orf49|CIAO2B|MAP1LC3A|NDUFA11|ZFAS1|ZNF585A|CHMP6|NDUFAF3|CRYM|RPL13P5|RPP14|UQCRQ|GUK1|ATP5PF|CAPN15|MSRA|NDUFB1|RPLP1|HMGN2|BORCS8|SMCO4|RPP25|PER1|RPL36|NENF|NEDD8|PRELID1|RPS27|ZNF81|TMEM147|H2AZ2|C19orf25|JPX
NAKAYAMA_SOFT_TISSUE_TUMORS_PCA1_DN	0.133660020277121	0.565155553303175	-0.413793764828449	-1.23441976995765	790	53	CRLF1|B3GAT1|ITIH5|IGFBP2|SOX11|SEMA6A|SEZ6L2|DLK1|FGFR3|ACACB|HIP1R|ADGRL1|APBA2|RAC3|NEFH|ISYNA1|PRAME|CITED1|LPL
GSE7764_NKCELL_VS_SPLENOCYTE_UP	0.133813381338134	0.565565777630395	0.302363528619488	1.13724537298845	445	177	C14orf28|SNX18|TAMALIN|BMPR2|RNF43|RUNX2|SNX33|ERI2|SLC25A46|JKAMP|MBTPS2|IL18R1|VSIR|C8orf58|YES1|TMEM37|ABCD3|PLEKHA5|TMEM35B|SPRY2|CHPT1|CAPN2|ATP1B1|RAP2A|UGCG|PXYLP1|FKBP10|CD96|NIPAL1|TTC39C|SYT11|TXK|SYTL2|RAB19|C5orf22|CAB39|USP47|DCTN6|GRK5|RAPH1|CHSY1|SEMA4A|KCTD9|ABCB1|KLRG1|MAPRE2|ANKRD50|FBXO28|ELOVL6|MON1B|NOD1|PREX1|PLSCR1|IPO11
AMBROSINI_FLAVOPIRIDOL_TREATMENT_TP53	0.13441372735939	0.566238272602692	-0.363910163349764	-1.19421409231714	845	98	IL17B|IL21R|POLR2L|ZNF701|SEMA3B|MSI1|PDLIM7|HSPB1|CDKN2D|SULT1A2|STARD3|B3GAT3|ATP2A3|TRPC1|GNA11|BIN1|DGKA|CDK2AP2|DIAPH1|ACACB|PALM|MGRN1|MED12|PIDD1|TAX1BP3|ABCA5|MICAL1|ABHD8|CPT1A|CC2D1A|ITPR2|VAMP2|DNAJC1
GSE13229_IMM_VS_MATURE_NKCELL_DN	0.134480179506358	0.566238272602692	-0.32849730355529	-1.16284332716532	898	181	TYROBP|RAP1GAP2|IL11RA|TCN2|CLBA1|CARD19|TSPAN5|AMZ1|L1CAM|AMDHD2|KCNK5|COX14|UQCR10|ATF6B|NAA38|CEP250|ITGAX|RGS17|TMEM163|PALD1|DUSP8|PTK2B|CMKLR1|ENTPD1|TBC1D8|KHDC1L|ISG15|PRF1|CHD1L|DECR2|MED6|SPN|AGPAT2|EPHX1|MPV17|RPL36|INPP5D|AKT2|CMTR1|VAC14|FANCG|NIBAN2|USP40|AARS1|ZBTB48|RHBDD1|SAP30L|SH3BGRL3|AP1G2|TM9SF4|SNX15
GSE24142_DN2_VS_DN3_THYMOCYTE_FETAL_DN	0.134151887221464	0.566238272602692	-0.331450938283077	-1.1633280836877	884	171	SPIB|KLC4|SLC30A4|TSC22D3|RCAN3|KLC3|SMPD1|FAM234B|TMEM115|RTKN|TAP1|ADGRE5|DEGS2|APOE|MYL11|DBP|DNAAF1|RGL3|PPARG|STK39|LGALS3BP|TMEM38A|TXNDC16|SPINT2|RPS6KL1|PSAP|ID3|DHRS3|HPCAL1|LRRC61|TRPC4AP|CARHSP1|P4HA2|GRB7|PDLIM4|GLMP|IRF9|SLC25A35|KCNH2|ST8SIA1|ITGAE|POLR3GL|CLK3|ITPR2|RELB|SNX15|TCTA|GATA1
REACTOME_RHO_GTPASES_ACTIVATE_CIT	0.134442446043165	0.566238272602692	0.514285003804423	1.28985334543839	597	19	MYL9|PPP1CB|PPP1R12A|MYL12B|RHOA|CDKN1B|KIF14
REACTOME_RHO_GTPASES_ACTIVATE_PKNS	0.134213959556425	0.566238272602692	-0.382886997377779	-1.21156355439626	822	75	H4C4|H2AC20|PAK1|H2AC7|H2AC8|SFN|H2BC13|PPP1R14A|H2BC17|H4C11|H4C3|KLK2|PKN3|H3C12|H4C14|H3C13|H4C2|H2BC5|RHOB|H3C2|MYL6|H2BC12
SARRIO_EPITHELIAL_MESENCHYMAL_TRANSITION_UP	0.134397677793904	0.566238272602692	0.306529590279326	1.14003775183116	462	161	DCK|ZNF367|MMP14|STEAP1|CDC7|ENOPH1|PLK4|DTL|TOP2A|ANLN|PHLDA1|RFC4|KIF11|PRIM1|CCNA2|CDCA7|CCNB1|MSH2|CRLF3|ECT2|NDC80|MAD2L1|BRIX1|CORT|SERPINE2|LRRC8C|EIF5A2|CENPU|TYMS|CDK1|RRM2|CRY1|CDK2AP1|RFC5|BUB1|CCT4|CDK2|STMN1|DSCC1|STIL|PCNA|ZWINT|GGCT|YWHAH|NUP155|BLM|CENPE|RFC3|FABP5|BUB1B|ETV1|EXO1|KNTC1|PGK1|POLD3|UGGT2|KIF23|BCL2L11
WP_NEURAL_CREST_CELL_MIGRATION_IN_CANCER	0.134424516803065	0.566238272602692	-0.455165293307921	-1.25848588609976	771	35	PAK1|PAK6|TWIST1|TRIO|FOS|AKT3|EPHB6
WP_TAR_SYNDROME	0.134218289085546	0.566238272602692	0.383090073392881	1.21202702479313	545	56	GNRHR2|TNFRSF14|SLC22A4|HLA-B|HDAC2|SLK|HLA-C|CLCN3|POLR3F|POLR3G|PEX11B|AKAP10|PEX19|POLR3C|SUMO2
YORDY_RECIPROCAL_REGULATION_BY_ETS1_AND_SP100_DN	0.13423645320197	0.566238272602692	0.373550202579458	1.20813052073789	544	62	CLIC2|ANGPTL4|BMX|HSPH1|LMO7|VAV1|HSPB8|SSUH2|TENT5A|CACYBP|ZNF91|TASOR|CA2|ALDH1A2|CHORDC1|ERCC6L2|DNAJB6|BTG3|CPEB4|FKBP4|HSPA8|AGO2|BRCA1|LRIF1|TULP4|BAG3
BANG_VERTEPORFIN_ENDOMETRIAL_CANCER_CELLS_UP	0.135346756152125	0.566678087446741	0.534011159678936	1.30072486730225	604	17	ITGB4|CCN1|ATP6AP2|TFPI2|EGR1
BECKER_TAMOXIFEN_RESISTANCE_DN	0.135544340302812	0.566678087446741	0.408851621325611	1.22858823271977	563	42	CXCL8|TTK|ZNF43|TCN1|HDAC2|ME1|BCAS2|AGPS|FGFR1|IGFBP5|CD24|SPTSSA|QKI|ORC3|CEP170|TRIM16|IL1R1
GSE12003_MIR223_KO_VS_WT_BM_PROGENITOR_8D_CULTURE_UP	0.134902958956411	0.566678087446741	-0.364353683337502	-1.19441677525593	847	97	MESP2|KLC4|PURG|TMEM134|FAM234A|RENBP|RABAC1|COX17|ARHGAP4|SGIP1|KLF7|GNRHR|CD163L1|TMEM86A|PFN4|IER5L|C19orf38|SLC25A45|HPCAL1|SFXN3|RAB11FIP5|GIT2|MFGE8|IL6ST|HAUS4|TAX1BP3|EHMT2|CSTB
GSE1432_6H_VS_24H_IFNG_MICROGLIA_UP	0.135102533172497	0.566678087446741	0.296738341435925	1.12457999042796	447	187	PITPNC1|FCGR2B|SMARCA1|SRC|GNG12|SLC25A44|AMD1|TLE4|MLF1|MARCHF5|BCAP29|CGGBP1|PTBP3|ERBIN|MOB3B|CBLL1|GDI2|SYPL1|THOC2|ESD|SEMA6B|MED21|CDC27|RSAD2|ADRA2C|GPNMB|SDS|HS3ST2|UBE2E3|YWHAZ|TYMS|HUS1|SSB|EIF5B|ZNF654|ACTR10|TARS1|S100A10|AKIRIN1|SPTSSA|KIDINS220|RBBP8|SERINC1|TAF9|OPN3|PANX1|PLSCR1|YIPF4|GARS1|STAU1|ITCH|B3GALNT1|DVL3|EXT2|IL1R1|GPR161|SSBP2|ATP6V1C1|EP300|SFPQ|MPDZ|ARG2|DYRK3|KIAA0040|SPARC|TOP1|EIF1|SLC27A2|MELK
GSE29164_UNTREATED_VS_CD8_TCELL_TREATED_MELANOMA_DAY3_UP	0.135046310128473	0.566678087446741	0.296436269134999	1.12837599366876	451	191	DPYSL2|ST8SIA4|TLE6|GPR160|TM6SF1|PIGA|UBTD2|EMC9|MBNL2|RNF139|REV3L|CKS2|ANGPTL4|RFC4|PIK3C2A|ERBIN|MACIR|MYCBP|SHQ1|RHOBTB1|MEX3B|RNF115|HSPA4|TRIB1|SLC39A1|PSMD6|MTSS1|SOS2|USP47|MORF4L2|OSGIN2|DCTN6|SPCS1|TRIP11|NDUFA5|AASDHPPT|CPNE3|ASCC3|DDX3X|PRKD3|CYP4V2|CFAP20|ARRDC4|DERL1|CHD1|ARHGAP5|DCUN1D1|FUCA2|METTL5|MIER1|GLT8D1|BRWD1|AK3
GSE360_CTRL_VS_L_DONOVANI_MAC_UP	0.135527299925206	0.566678087446741	-0.326566454669534	-1.15930762834252	905	188	POLR2L|RPS21|CD37|PTPRU|PSMB9|UQCR11|UBA7|SLC7A7|PDCD11|OS9|TBCB|LRPAP1|ESR1|SDR39U1|DHX38|PELP1|SLC43A1|GNA11|TSPO|ADAM15|UQCRQ|NDUFA1|DIAPH1|STX5|GFUS|PISD|DUSP7|MYL6|MAPKAPK2|OAZ1|TAPBP|FZR1|ACADVL|RHCE|RNASE1|GSTP1|AP1B1|CHERP|PSMB4|POLR2J|PLEKHM2|ELAC2|ASB1|PDXK|ESYT1|CLEC16A|GCN1|HYAL2|SLC4A7|MPHOSPH8|ARRB2|PPM1G|RXRA|USP22|CBY1|SDHB|STK10|SRRD|SF1|BCL7B|USF2|ERCC3|RABGGTA|KHDRBS1|HSF1|TXLNA
GSE38697_LIGHT_ZONE_VS_DARK_ZONE_BCELL_DN	0.135421686746988	0.566678087446741	-0.371300998771455	-1.1976663003635	842	86	MAGIX|LRRIQ3|SLC35F3|NAT9|ADAM22|GALNT14|TIGD4|MST1R|LRGUK|GLG1|B3GNT9|PIGR|RAB15|PKP3|RPS6KL1|COLGALT2|CSNK1D|SPHK1|FHDC1|AGAP3|SLC16A9|MGAT3|LPCAT1|PIH1D2
GSE41176_WT_VS_TAK1_KO_ANTI_IGM_STIM_BCELL_3H_UP	0.135427787097758	0.566678087446741	-0.334709276257176	-1.16781722441829	887	161	GLB1L3|ZFP42|TENT5B|KCNK5|LRRIQ3|REX1BD|RPP21|JSRP1|IFT140|CARNS1|ADAM22|CFD|CYTH3|IER3|DKKL1|EXOSC4|FOS|MIF|ZNRD2|NDUFS8|TMEM255A|DZANK1|GMPPA|GNA11|ANKS3|FILIP1L|RAI1|NFKBID|WDR18|DPF1|GGT7|MALT1|HMG20B|SIGIRR|C19orf25|PAFAH1B3|BORCS7|SSR4|PCSK9|SOCS3|RPS6KB2|TMEM128|ECH1|ANKRD39|IER2|SLX9|MRPS18A|GPN2|POP7|CD320|UCK1|KPTN|OPA3|ALKBH3|ASPSCR1|CDK5|FBXO25
GSE6259_FLT3L_INDUCED_DEC205_POS_DC_VS_CD8_TCELL_DN	0.135346413243409	0.566678087446741	-0.336088624278145	-1.16925194608661	882	158	TMCO4|C3|IL15|STOML1|IRF7|PSMB9|SYNGR2|ATP13A1|KIRREL1|RIGI|CYBA|ICAM1|CLCN7|LGALS3BP|THEMIS2|ADAP1|PIGU|GBP2|TRIM26|IL18BP|TBC1D8|TSPO|ISG15|PRF1|FOXRED1|PSMB10|GPR107|PHF11|TREML2|POLR1C|NUDT17|NMRAL1|CNP|CACNB3|IL15RA|OGFR|TENT4A|PARP12|IRF9|CSTB|CLEC2D|CTSZ|LTBP1|TMEM39A|CDKN1A|TRAF5|RNF31|RILPL1|DDX54|SDC3|SLC25A22|TRIM14|RNF213|MVB12A|RNF19B|CORO1B|GMPPB|ANXA4
HOOI_ST7_TARGETS_UP	0.135027799841144	0.566678087446741	0.347610556368019	1.18190529527751	509	87	NAPEPLD|LPXN|ZNF385D|FGF5|RUNX2|TMEM168|CALB1|NEXN|CPLX1|METTL21A|TNKS2|UGCG|IL32|INPP4B|MYO6|CERT1|RESF1|CCSER2|ENDOD1|PCGF5|SUGT1|PMPCB
PEART_HDAC_PROLIFERATION_CLUSTER_UP	0.135531135531136	0.566678087446741	0.38604399583732	1.20831216974446	554	52	BLZF1|CCNG1|CKS2|ANLN|KLF10|PPP1CC|ORC4|TOB1|KPNA2|RECK|RAP1A|INSIG1|CREG1|MAPRE2|CDK2|NDN|NEK2|CDKN3|CETN2|SEPTIN8|BLM|BTG1|CDC25C|STAMBP
REACTOME_KERATINIZATION	0.135180520570949	0.566678087446741	-0.403971989811233	-1.22616398897611	804	59	KRT15|SPRR2D|KRT12|KRT73|KRT4|DSC3|TGM1|KLK8|PKP3|KLK13
REACTOME_NUCLEAR_ENVELOPE_NE_REASSEMBLY	0.134825744085474	0.566678087446741	0.356830172763225	1.18645230279859	529	74	LEMD3|CCNB1|SEH1L|NUP35|NUP107|SUMO1|NUP37|SPAST|NUP160|NUP133|NUP205|VRK2|CDK1|AHCTF1|TUBB1|VRK1|CHMP4C|TNPO1|CHMP2B|PPP2CA|EMD|NUP155|NUP54|LMNB1|NDC1|CCNB2|KPNB1|NUP58|TUBAL3|NUP98|TUBB6|BANF1|NUP43|CHMP3|LBR|TUBA1A|TUBA4A|NUP93|TMPO
REACTOME_UCH_PROTEINASES	0.134743875278396	0.566678087446741	-0.364425780878099	-1.19465312393548	846	97	H2AC13|H2AC20|SMAD7|H2AC7|H2AC8|H2AC11|H2AC15|PSMB9|TFPT|H2AC16|UCHL1|UBA52|UBB|HCFC1|NFRKB|PSMB5|PSMB6|PSMB10|H2AC12|BAP1|PSMD2|H2AC25|INO80C|NEDD8
SERVITJA_LIVER_HNF1A_TARGETS_DN	0.134980988593156	0.566678087446741	-0.357278080178912	-1.19011857128	851	110	ELOVL3|RDH16|C5|CYP4F2|SLC41A2|ERO1B|ARHGAP26|PIGR|ACP3|ESR1|MAD1L1|DCT|GBP2|SLC25A45|CAPN10|PPARD|POLR3K|SLC37A4|LIFR|SIGIRR|HES6|KYAT1|CCNF|CLEC2D|LY6E
WP_ROLES_OF_CERAMIDES_IN_DEVELOPMENT_OF_INSULIN_RESISTANCE	0.134897886062343	0.566678087446741	-0.526432548737871	-1.29203201352196	752	20	SLC2A4|PRKCZ|IRS1|SMPD3|TNFRSF1A|MAFA|IRS2
WP_SPLICING_FACTOR_NOVA_REGULATED_SYNAPTIC_PROTEINS	0.135501826404592	0.566678087446741	-0.450871576427266	-1.2529971766701	778	36	PLCB4|EPB41L1|PRKCZ|APLP2|GABRG2|STXBP2|AGRN|CLSTN1|RAP1GAP
LI_PBMC_MENACTRA_AGE_18_45YO_CORRELATED_WITH_ANTI_DT_ANTIBODY_3DY_NEGATIVE	0.135706084959816	0.56711810192616	0.476146475924093	1.26144536012487	590	24	CD83|CCL5|HLA-B|CCL4|CD80
REACTOME_SIGNALING_BY_ERBB2_ECD_MUTANTS	0.135962979286029	0.567955216842763	0.554130236936991	1.30816343323386	616	15	EGF|ERBIN|PIK3CA|NRAS|HSP90AA1|SOS1|GAB1|SHC1
DARWICHE_SKIN_TUMOR_PROMOTER_UP	0.136149497487437	0.568040408778858	-0.347909887517914	-1.17729434958374	866	124	ENG|HOMER3|AXL|ACTA2|COX5B|SOD3|ARHGAP4|SNHG9|CXCL16|APOD|MAP1LC3A|ICAM1|MCAM|NCAN|IFITM3|LTBP4|TRAF2|SRM|SNHG3|CPA5|TRMT1|RNF181|PAQR7|CRELD1|ID1|KLF13|GSK3B|TMEM65|LY6E|BAIAP2|NPTXR|TP73|MRPS18A|LTB4R|HBE1|DNAJC1|ARAP1
GRAHAM_CML_QUIESCENT_VS_NORMAL_QUIESCENT_DN	0.136069868995633	0.568040408778858	-0.466826830073409	-1.25967062517126	778	31	TGFB1I1|HLX|CXCL1|FHL1|GBP2
GSE12845_IGD_POS_BLOOD_VS_DARKZONE_GC_TONSIL_BCELL_UP	0.13635683280946	0.568040408778858	-0.327458926849792	-1.1602133469158	910	183	GAA|SULT2B1|WFS1|ANKEF1|PCBP4|RAP1GAP2|IL11RA|ZNF224|CIITA|H4C11|UBA7|FAM120C|LDOC1|ETHE1|ATF6B|DOHH|HERC6|ZNF671|UBOX5|DGCR2|FHL1|TMEM109|PYCR3|GBP2|ID3|USP19|CHD1L|GAK|SAP30L-AS1|TELO2|ENTPD6|PDP1|NR4A1|PLEC|TAPBP|SLC66A2|PGGHG|RPSA|ZNF324|HSPA1A|LMNA|RPL3|NOP53|ABCA5|INPP5E|EML2|GOLGA2|LY6E|GFER|BBC3|RSAD1|DENND4B|MAVS|ZNF696|SMAGP|TIMM50|ACAD10|ANKZF1|SLC48A1|RPS17|KDM2A
GSE40274_CTRL_VS_FOXP3_AND_GATA1_TRANSDUCED_ACTIVATED_CD4_TCELL_DN	0.136434349719975	0.568040408778858	-0.341570800828027	-1.17079111685462	876	139	COX6B2|TBC1D2|STOML1|IFI30|RETSAT|FNDC11|PHYHIP|TIGD3|SLC29A1|BSG|MICALL2|TGM1|TRIM10|PCYT1B|LAGE3|AQP11|ABCB6|PYCR3|PMF1|BIN3|WDR18|HYAL3|SDC4|AGPAT2|PRTN3|ANKRD9|BLVRB|GTSE1|PIDD1|TUBG1|REPIN1|CEP170B|MDK|TROAP|LMNA|MXRA8|TMEM183A|TLCD2|ATP5MC1|PSMD9|URB2|GATA1|MRPS28|CNOT9|KIF22
HOFMANN_CELL_LYMPHOMA_UP	0.136352743829379	0.568040408778858	0.404434476224548	1.2231594096099	568	43	CXCL8|CCNG2|YES1|MAPK8|REL|COPS5|NRAS|MYC|RB1|NCK1|BNIP2|IL13RA1|ATF1|IL1R1|TFDP2|E2F5|SKP2|IL18|RAB9A
MARKEY_RB1_ACUTE_LOF_UP	0.136436085431941	0.568040408778858	0.288171887265675	1.11690647423157	427	229	NOS1AP|HAT1|BTBD1|DTL|SCOC|CKS2|AMD1|ANLN|HDAC2|KLF10|RFC4|KIF11|PRIM1|CCNA2|CCNB1|CIP2A|CKAP2|PTGES3|SMC2|POLA1|ECT2|RBMX|GCLM|FAM13B|KPNA2|LMO7|TMEM106C|NUSAP1|MAD2L1|PERP|WWTR1|FBLN1|CASP8AP2|NOP58|RBL1|TYMS|SPDL1|CPSF2|TIPIN|CDK1|WAC|RRM2|RFC5|BUB1|SMC3|HSPD1|HMGN1|CDK2|MIS18BP1|CMC4|RFC1|RBBP4|STMN1|ANP32B|RACGAP1|IPO5|LSM3|NEK2|PDIA3|GALNT1|CDKN3|RAD21|PCNA|ARCN1|PSIP1|TRIM59|HPF1|TIPARP|IQGAP3|PCLAF|IL1R1|OTUD4|AHCY|CDC25C|HJURP|CCNB2|FUBP1|KIF2A|RAD51AP1|NSMCE4A|SFPQ|TPGS2
NAKAMURA_CANCER_MICROENVIRONMENT_DN	0.1364187060819	0.568040408778858	0.400693177725244	1.22603941308343	562	46	BPNT2|RFC4|TCP1|AGPS|PSMG1|RFC5|BUB1|TARS1|RIPK2|CDCA2|KNSTRN|NDC1|CCNB2|BCAT1|SLC30A5|PSAT1|FAM83D|CTH|CDC6|IARS1
VANTVEER_BREAST_CANCER_POOR_PROGNOSIS	0.136176399321541	0.568040408778858	0.400723295502339	1.22613156733961	561	46	DCK|PLAAT1|CCNE2|DTL|RFC4|NDC80|GMPS|NUSAP1|PALM2AKAP2|IGFBP5
MIKKELSEN_NPC_LCP_WITH_H3K4ME3	0.136666097935506	0.568762143895775	-0.419480232388925	-1.23710288841073	800	50	TNS2|EMILIN1|MMP1|ECM2|GPR173|AKT3|GBP2|AKNA|GAL3ST4|GPSM3|MRPS21|DAPK3|PINLYP|GLMP
REACTOME_MISCELLANEOUS_TRANSPORT_AND_BINDING_EVENTS	0.136837335749887	0.569238780048638	0.49768716036065	1.27917348429433	603	21	LRRC8E|ADD3|NIPAL1|MAGT1|LRRC8C|CTNS|DMTN|MRS2|NIPA2
GSE22611_NOD2_TRANSDUCED_VS_CTRL_HEK293T_STIMULATED_WITH_MDP_2H_DN	0.136907466303196	0.569294592689096	-0.330240190668928	-1.1600938936835	903	172	MC1R|AARSD1|CHAC1|COX6A1|LPCAT4|SLC29A1|HYOU1|PRPF31|SREBF1|KIRREL1|PUS1|RASGRP1|ZNRD2|ABCB6|PGS1|LIG1|EXOSC5|EMC4|SCARB1|SLC12A7|RRP12|POLE|EWSR1|SRM|CAD|GUK1|SLC7A1|TIMM10|ENTPD6|PGP|HEMK1|DGCR8|VARS1|SIVA1|RPSA|THOP1|DTNBP1|SSR4|SOCS3|MCM2|DNMT1|NT5DC3|MRPL21|PARP1|NUP188|ATP5MC1|UBE2O|FAM185A|PES1|NLE1|TAF5L|TXNRD3|METTL13|MRPS28|CPNE2|PFKP|GPATCH4|ISYNA1|COX4I1|PUSL1|SSBP4|HIRA|PDIA6|SDHB|TTC7A|AHSA1
CAIRO_LIVER_DEVELOPMENT_UP	0.137101287073307	0.569360718114064	0.314379127545875	1.14957274651951	489	139	SEMA3A|ARMCX1|TBX3|SMARCA1|FGF13|SOCS6|HDAC2|RNF138|UCHL3|ARPP19|IFRD1|CBFB|FKBP10|NEO1|FAM174B|SYNE2|RECK|EFNB2|GJC1|FGFR1|IGFBP5|SERPINE2|FZD2|LRP12|UTP3|CRABP2|HMGN1|HMGN3|NDN|GOLT1B|TTC3|MAK16|WT1|RCN2
GSE24634_TREG_VS_TCONV_POST_DAY10_IL4_CONVERSION_DN	0.137031984235258	0.569360718114064	-0.330604240351633	-1.16035633925049	903	171	TBC1D1|ANPEP|TYROBP|TCN2|CD14|ENG|CTBP2|IFI30|RASGRP3|ABCB4|PPFIBP2|QSOX1|GRN|APLP2|TSPAN4|SNHG32|APOC1|ITGAX|SLC7A7|MNDA|ACVR1B|PILRA|PIK3IP1|MS4A4A|PSAP|CTSA|ITGB5|MERTK|CTSL|CEBPB|H2BC12|BLVRB|ARHGAP22|SLC38A6|RNASE1|LMNA|CAPG|APBA2|PMP22|CTSZ|SCPEP1|MPZL1|CDKN1A|BCAP31
LI_ESTROGENE_NON_MCF7_T47D_E2_RESPONSE_UP	0.137064786249449	0.569360718114064	0.552806321006763	1.3050379975634	621	15	KLF10|HSPD1|DSCC1|BRIP1|AMFR|TMA16|BLM|MOCOS
REACTOME_INTERFERON_GAMMA_SIGNALING	0.137150250687369	0.569360718114064	-0.37660316821819	-1.20378873835928	847	80	TRIM45|SMAD7|TRIM29|IRF7|IFI30|CIITA|MT2A|TRIM62|TRIM46|TRIM10|ICAM1|IRF3|GBP2|TRIM26|SP100
GSE1460_DP_THYMOCYTE_VS_NAIVE_CD4_TCELL_CORD_BLOOD_DN	0.137240018217702	0.569497851537531	-0.33359840356717	-1.16545661672325	903	162	TPM2|IL11RA|SEMA4D|CYLD|BTN2A2|MINDY1|LPCAT3|KCNC3|ETHE1|PLSCR3|IFITM2|IFT140|SFI1|ABCA4|NKX6-1|APOD|AHCYL2|RHOF|FAU|TIMP1|TBCC|FGD1|EGFL6|DZANK1|SLC6A16|MORC4|BIN1|TAP2|RPS18|RAB11FIP3|NACC2|RPL27|TAPBP|ERAL1|RPS27|SLC2A11|EEF1D|APBA2|NUDT2|PXN|SIK3|RPL8|GCAT|DOLK|GNA12|ERAP1|RSAD1
GSE19888_NO_PRETREAT_VS_ADENOSINE_A3R_INHIBITOR_PRETREATED_MAST_CELL_TCELL_MEMBRANES_ACT_UP	0.137569309156302	0.570496237917127	-0.327925974909717	-1.15972370233584	917	180	LAG3|METTL27|DGAT2|RHBDD3|CUBN|TASP1|TSPAN5|SPSB2|DHRS1|NDUFA13|COMMD4|CLN3|LAMA5|JOSD2|SNHG11|DBP|SCAF1|MYPOP|COX17|SERPINH1|HAS1|MYPN|QRICH1|MPG|ZBTB3|SRR|C2CD4B|C3orf80|FBLIM1|G6PD|NCSTN|TRMT1|RASSF7|SULT1A1|DPF1|TOMM7|TMEM120A|DGCR8|SNHG6|SNRPD2|ERAL1|AAMDC|LMLN|ANKRD55|RPUSD3|HNRNPAB|IL17RC
GSE7460_CTRL_VS_TGFB_TREATED_ACT_FOXP3_MUT_TCONV_DN	0.137707948243993	0.570496237917127	-0.337111436938754	-1.16788552203009	893	153	FES|IL17B|RCAN3|LCA5L|FAM234B|PRKCZ|GPR68|ARID5A|B3GNT8|DIAPH2|JOSD2|TRIO|PDCD1|SNHG11|CBX8|SERPINH1|APLNR|TMCC3|SELENOV|GGN|CIB1|IRF3|ZDHHC23|AKT3|IL1B|FGD1|ACP3|BATF2|MAP7D1|GAL3ST4|MED10|TONSL|RAI1|KANK1|SLC39A4|TRPC4AP|DNTTIP1|SUSD3|SPATA2L|RNF149|NRARP|NEK6|CAPG
GSE7509_UNSTIM_VS_TNFA_IL1B_IL6_PGE_STIM_DC_DN	0.137684769971765	0.570496237917127	-0.3927617198667	-1.21689683684339	828	66	PBX4|MESP2|GNRH1|PHLDB3|STX1A|KCNAB3|GAS5|ZC3H6|TMEM163|RRBP1|KIFC2|STX4|ST8SIA5
SCHERER_PBMC_APSV_WETVAX_AGE_18_32YO_50_TO_60DY_DN	0.13765625	0.570496237917127	-0.34496555099049	-1.17288349705628	880	129	LAT|SPIB|FES|MAPK11|GTF2H4|RGS3|ZNF692|ING4|TCL1A|PHB1|LMAN2|SH2D3C|COMT|HMGCL|RGS14|DDX23|VPS72|BCAT2|ICAM2|HEXA|PDGFA|PAAF1|CTTN|PRPF6|ENTR1|ZNF226|NUDT2|KCNH2|PSEN1|CTSZ|DTX2|MCM3|KAT5|HSPA1B|BCAP31|VGLL4|METTL13|TLN1|HYAL2|SRSF5|STYXL1|CCT3
SENESE_HDAC2_TARGETS_UP	0.137828323855944	0.570759370819292	0.331612733750155	1.16755556157196	508	107	ELK3|CXCL8|LPXN|GNA13|TGFBR2|CREBL2|TCN1|EXOC5|PLK4|HACD2|NAB1|TWF1|SCYL2|STYX|ITPRID2|CBFB|CDC27|RAB5A|NAMPT|PCGF5|PTPN12|C4orf46|CA2|CTDSPL2|ATP13A3|BCLAF1|PSME4|TIMM17A|PPP2R1B|CDC42SE2|TFRC|USP16|SKP2|SNHG16|MCL1|LMAN1|TAF3|PLAU|KYNU|SKIC3|AGO2|APH1A|SNAP23|SPRED2|CCNJ|TNFAIP3|GLYR1|CCND2
LEE_LIVER_CANCER_SURVIVAL_UP	0.137990043559428	0.571193425669911	-0.341269815511966	-1.16975943928296	886	139	OGDHL|WNT11|SLC22A18|LEAP2|MLXIPL|ACADS|LINC02693|HSD17B10|ACSL6|CABIN1|HYDIN2|COBLL1|MAP4K1|DCXR|TACO1|DHRS3|SELENBP1|MSRA|UNKL|ZBTB20|TSKU|EPHX1|PCYT2|FBXO31|CAND2|CRAT|STARD10|MRPL46|PINK1|ITPR2|F12|SERPINF1|DENND5B
REACTOME_CONDENSATION_OF_PROPHASE_CHROMOSOMES	0.138186720593192	0.571771764762762	-0.408432427016676	-1.22995044364299	819	56	H4C4|H2AC20|H2AC7|H2AC8|H2BC13|H2BC17|H4C11|H4C3|H3C12|H4C14|H3C13|H4C2|H2BC5|H3C2|H2BC12|NCAPH2|NCAPD3|H2AZ2
GSE360_DC_VS_MAC_L_MAJOR_DN	0.138310708898944	0.571813383825207	-0.329253435213011	-1.15871709111143	916	174	GAA|RAB4B|EMILIN1|TSC22D3|SEL1L|SCN5A|CLDN7|REN|LCAT|NDUFB8|TWIST1|BSG|LDOC1|NXF1|APLNR|CCK|PPP2R2B|GUCY2F|N4BP2L2-IT2|GLG1|FOS|SRR|DGCR2|CAMTA1|CMKLR1|FAS|MERTK|RFC2|CHD1L|ZBTB20|AFDN|CPNE1|SDC4|CDC42EP4|CNPY3|PER1|DHCR7|PRPF19|TTC28|TFR2|MEF2D
REACTOME_REGULATION_OF_EXPRESSION_OF_SLITS_AND_ROBOS	0.138270483113736	0.571813383825207	-0.331485955353074	-1.16083866904024	912	166	RPS21|RPL28|RPS28|PSMB9|RPS20|RPLP2|RPS29|RPL23|MSI1|UBA52|RPS9|RPL18|ROBO3|UBB|RPL13A|FAU|RPL38|PSMB5|PSMB6|RPS18|RPS15|RPS10|RPS16|RNPS1|PSMB10|RPS2|RPLP1|RPL27|PSMD2|RBX1|RPS23|RPL10|RPL36|RPS27|RPL37A|RPSA|PSMB4|RPS11|CASC3|RPS26|RPS12|RPL3|PSMA7|RPL35|RPL8|PSMD9|RPS5|PSMC3|EIF4G1|SEM1|RPL35A|PSMB3|RPS14|RPS17|DAG1|MAGOH|RPL26L1|RPL23A|EIF4A3|UBC|RPL41|RPS13|PSMB7|RPL13|RPL27A
KEGG_HEMATOPOIETIC_CELL_LINEAGE	0.138515782404298	0.572425452356668	-0.401683461203094	-1.22239262404855	824	60	ANPEP|IL11RA|CD14|ITGA4|CD37|FLT3LG|CD19|CSF2
WP_STRIATED_MUSCLE_CONTRACTION_PATHWAY	0.138689956331878	0.572909375168473	-0.465785145708447	-1.25685977731353	793	31	TPM2|TCAP|ACTA2|MYH8|ACTN2
GSE26030_UNSTIM_VS_RESTIM_TH1_DAY5_POST_POLARIZATION_DN	0.138797487286868	0.573117720026977	-0.326203128926238	-1.15708594934794	927	187	ADAM19|TEP1|COX6B2|IAH1|IFI30|BSCL2|NCEH1|MINDY1|ANKH|ARID5A|PTRHD1|SRD5A3|SLC45A4|ETHE1|APLNR|PPFIA4|TMEM86A|APH1B|TCP11L2|UQCC5|COMT|TMEM107|HIGD2A|ARHGAP26|MX1|FAS|SEC61B|IFITM3|AMPD2|MZT2B|DCXR|SMDT1|ADAM15|AGRN|SEC61A1|RAB11FIP5|MTMR10|TMEM205|ACAA1|SIDT2|NMRAL1|ERP29|INF2|DPY19L1|PSMA7|TMEM184B|NCBP2AS2|PIP4P1|S100A6|TTC13|TYK2|CTSH|ESYT1|TXN2|TOR3A
GSE15930_NAIVE_VS_72H_IN_VITRO_STIM_CD8_TCELL_UP	0.138905592303067	0.573328262968003	-0.328107623248107	-1.15676603514465	923	176	TCEA2|ADGRG3|FGD3|PPFIBP2|SPPL2B|MAPK8IP3|DDX41|HYOU1|RAB33B|TULP3|GRIA3|CCK|CSF2|MAP1LC3A|SLC6A8|ATP9A|LUC7L|NRTN|MX1|TRIB3|CALR|TRAF2|SLC7A11|DVL1|AGRN|NFE2L1|ARID3B|SLC39A4|MAP3K3|RETREG2|REXO1|PHRF1|MYL6|PCSK7|CEL|TGIF2|DDA1|RPL37A|AKAP7|KLHL21|SF3A2|C19orf48P|ADGRL1|ERCC2|NEURL4|PKD1|NMU|LTBP1|POLR1A|HSPA1B
GSE19198_1H_VS_6H_IL21_TREATED_TCELL_UP	0.138996138996139	0.573466191222048	0.322862004017076	1.15797059679125	503	122	FEM1C|ZNF43|WDFY3-AS2|CD36|PREX2|LRATD1|ASB9|EEPD1|RIMS3|AKAP12|SMG7-AS1|STAG3|ETV5|HS3ST2|SERPINB5|SH2D4B|GNAL|MAP3K19|PKP4-AS1|SAMSN1|SNX13|CELF2|SLC10A4|TENT4B|WDR81|SEMA7A|FAM78B
BLALOCK_ALZHEIMERS_DISEASE_INCIPIENT_DN	0.139269406392694	0.573553878092045	0.307621368908124	1.13834892417204	487	154	TENM1|CLIC2|CKS2|MEF2A|RAPGEFL1|LGALS8|RANBP2|UTP18|ROCK2|IPO7|OPA1|HSPH1|AP3S1|CDC27|PALM2AKAP2|FCER1G|TAC1|PAK3|MRPL15|MED17|PPA1|RPE|ZW10|DDX5|COPS5|DDN|CUL2|CACYBP|ZMAT3|CCT4|COX7A2L|MGA|ALDH2|RPL6|KIDINS220|PPP3R1|ATP2A2|TTC3|APC|PSMC2|GLUL|PANX1|ARCN1|DENND4A|HSP90AA1|RB1CC1
BROWNE_HCMV_INFECTION_24HR_DN	0.139337831476542	0.573553878092045	-0.34666880609681	-1.17176479183358	887	123	TPM2|CROCC|TIMP3|EXT1|LAMA4|IFITM1|GPR176|ACTA2|DIAPH2|N4BP3|DBP|ECI1|GRIA3|MMP1|MYH8|PDLIM7|CPS1|UBB|COL6A3|CA12
GSE22527_ANTI_CD3_INVIVO_VS_UNTREATED_MOUSE_TREG_DN	0.139417360285375	0.573553878092045	0.293702679363694	1.12210035570404	468	194	ZNF225|ST8SIA4|DOP1B|ZNF573|REV3L|CD164|ZNF10|RARS1|ZBTB18|SGPL1|ZNF184|PRIM1|PEX1|MRTFB|GLE1|TNFAIP8|PTGES3|STAG3|ELMO1|TJP2|SCCPDH|FNTA|XPO7|NUP37|HOXA5|MRPL15|ICA1|FUT8|ATP5F1B|DCAF17|TYMS|NGDN|HBS1L|NARS1|SMC3|ZNF669|HSPD1|MGA|BAG2|GOLPH3L|CAND1|ZBTB25|KDM6A|TPP1|SLC25A5|PLSCR1|GLT8D1|SLC35A1|SEPTIN8|EXT2|ZDHHC7|ZZZ3|DSN1|CCNB2|CEP192|BUB1B|ZSCAN31|GATD3|BBS4|SSX2IP|MCM9|KDM1A|KRCC1|POLD3|RAB20
GSE22919_RESTING_VS_IL2_IL12_IL15_STIM_NK_CELL_UP	0.139417360285375	0.573553878092045	0.293707318414659	1.12211807934466	468	194	ALG11|NMD3|ESF1|CCL4|PANK3|TMEM51|COPS8|KDSR|SUV39H2|SGPL1|ARL8B|SRP19|HEATR3|NUP153|YIPF6|SHQ1|WSB2|PDE8A|STYX|XPO7|MSANTD2|MFSD1|PSMD6|HOMER1|SAR1B|BRIX1|SPP1|PSMG1|CAPRIN1|MED17|PRKCI|ARV1|RTN3|PPHLN1|SUPV3L1|RDH11|CLIC4|CLTC|DHX15|CMAS|CLNS1A|TRNT1|PPP2CA|API5|RSL1D1|GNL2|HMGCS1|SEPTIN11|MIOS|BZW2|USP16|IL1R1|PUS7L|DIMT1|NCOA5|RPL7L1|FUBP1|RBBP7|KPNB1|SUZ12|OPTN|KCMF1|SNRPD1|FAM98A
GSE25123_CTRL_VS_ROSIGLITAZONE_STIM_MACROPHAGE_UP	0.139349201566737	0.573553878092045	-0.323539459740027	-1.15081548260995	924	194	STS|TP53I11|CCR7|TMEM81|CD37|TMEM115|ZNF467|METRN|SCAF1|PHPT1|CEP250|GCA|WDR46|AGER|TNFRSF1A|TCP11L2|CTDNEP1|RPL18|NYAP1|FOS|UBOX5|PTK2B|RECQL4|AKT3|IRS2|MAD1L1|AKNA|NCSTN|BCAT2|DGAT1|IL17RA|FBXL20|JUNB|ANKRD13D|CEBPB|TSC22D4|WDR83OS|EPHX1|PER1|PPP1R18|PACSIN1|MCRIP2|EVL|YJU2|CCDC85B|CLTA|C1orf122|ITGA5|ERP29|TTC5|STARD10|TXNDC11|DUSP5|PAFAH1B1|PPP1R37|SNRNP70|TRIM11|FANCE|ELK4|APOBEC3B|ADAM8|SETD5|SEPTIN9|FHOD1|TBL1X|HLA-E|AP2A1|KDM2A|TLE3|CYTH1|PATZ1|SLC25A39|USP22|PPDPF|ACTR1B|KLHL36|PIK3R4|TBC1D22B
GSE27786_NKCELL_VS_NEUTROPHIL_UP	0.139274924471299	0.573553878092045	0.293287400985	1.12145911544807	460	197	ZNF841|ZC2HC1A|PTPN6|CAMK2B|CMYA5|CD3G|SESN3|CAPZA2|PDGFB|NAAA|B3GNT5|SCFD2|MRTFB|TFB2M|SPRY2|SH3BGRL|DNA2|SAAL1|OAT|ZDHHC21|KCNJ8|SMARCA5|DDHD1|RCBTB2|TTC39C|JAK3|EHD3|RPS27L|NSUN4|PPA2|MBNL1|RFC5|SNX2|MTMR4|C10orf88|NIP7|PPM1K|NIFK|RPUSD4|TMEM68|KMT2E|MAN1A2|C2orf88|GLTP|IPP|BCLAF1|RAB14|GNL2|ERCC5|USP12|CNDP2|JAGN1|CDC5L|ASXL2|NSMCE3|GABARAPL1|BHLHE40|PSMC5|EXT2|CCT6A|ETV6
WP_TNFRELATED_WEAK_INDUCER_OF_APOPTOSIS_TWEAK_SIGNALING	0.139389569814948	0.573553878092045	0.407571898380014	1.22474269935242	579	42	TNFSF12|CCL5|CCL2|MAPK8|MAPK1|CASP3|CHUK|BIRC2|MAPK9|CTNNB1|MAPK14
KEGG_RNA_POLYMERASE	0.139543057996485	0.573636345870619	-0.475486321160416	-1.26453664092657	793	29	POLR2L|POLR2F|POLR2E|POLR1C|POLR3K|POLR1H|POLR2A|POLR2J|POLR3GL|POLR1A|POLR2I|POLR2J3
REACTOME_NITRIC_OXIDE_STIMULATES_GUANYLATE_CYCLASE	0.139551699204628	0.573636345870619	-0.550352603909447	-1.29794333463697	771	17	PDE2A|NOS3|PDE1A|KCNMB3
GSE339_CD8POS_VS_CD4CD8DN_DC_UP	0.139799431222871	0.574251945768299	-0.32680462614521	-1.15789510683099	933	183	ADAM19|MC1R|COL18A1|PTPRB|NDST2|CYFIP2|IL11RA|TYMP|CTBP2|PPFIBP2|TAP1|GDF15|NDUFA3|COL1A1|MICOS10|RCN3|FLT1|HFE|LSR|TXNDC16|MICOS13|ACTN2|ECE1|ENTPD1|SMIM11|KRTCAP2|SEMA4F|SLC12A7|TXNDC17|MERTK|SEC61A1|ARID3B|STX5|GNS|CENPV|AAMDC|NEDD8|RPL37A|NEK6|MYCL|POMP|POLR2J|PDIA5|PLEKHH1|CSTB|ACYP1
NAKAYA_PBMC_FLUARIX_FLUVIRIN_AGE_18_50YO_CORRELATED_WITH_HAI_28DY_RESPONSE_AT_3DY_POSITIVE	0.139845966761248	0.574251945768299	-0.295968716723176	-1.12352053558808	1034	394	GAA|HSPA6|PAK1|RAB4B|POU2F2|ANPEP|NAGK|DGAT2|TYMP|CTBP2|IFI30|CCPG1|PYCARD|ABCA7|LILRA2|LYST|UVSSA|DDB2|SLC38A10|NOL12|SH3BP2|GRN|DGLUCY|CLDN6|APLP2|MOGS|SERF2|TCIRG1|IFITM2|PPCDC|NICOL1|SIGLEC10|GCA|ITGAX|MNDA|TMEM80|RIGI|TMEM208|CFD|NUDT16|APOBR|APH1B|PILRA|TNFRSF1A|TMEM107|OS9|TRIOBP|RGS14|ENTPD1|KCNJ15|TPPP3|MBOAT1|IFITM3|SLC12A6|TBXAS1|CRLS1|KCNK6|LYL1|CYREN|CTSD|IL17RA|RALBP1|SULT1A1|ERICH1|SIL1|SMCO4|GNS|PPP1R18|OSBPL11|MBOAT7|RTL8C|PRELID1|HDAC5|RNF149|ASRGL1|OSTM1|ENTPD4|SASH1|CLTA|RNF24|CNIH4|ATP6V0A1|HNRNPAB|USB1|CKLF|CAPG|APTX
PEDERSEN_METASTASIS_BY_ERBB2_ISOFORM_4	0.139873083024855	0.574251945768299	0.342802328042082	1.17783123854103	528	92	NECAB1|ABCC3|ST3GAL5|PLD1|DLC1|MT1X|ETV5|ASS1|ISOC1|METTL21A|IGFBP5|ELL2|NCAM2|CADPS2|MYB|MLLT11|ZBTB25|ANXA1|CA2|PTGER3|OPN3|ITPRIPL2|ADORA2B|BRIP1|BAIAP2L1
GSE21546_WT_VS_SAP1A_KO_AND_ELK1_KO_ANTI_CD3_STIM_DP_THYMOCYTES_UP	0.139969834087481	0.574414225089998	0.30016708459519	1.12910751211276	463	178	FSD1L|SNX16|PRKCH|CCNG2|BMPR2|SMARCA1|TRAPPC8|ITFG1|TTC8|GPRASP2|CYP26A1|AMN1|SOCS6|SWT1|EXD2|NCOA4|OTUD1|BNIP3L|CCDC68|ZNF641|TMEM30A|ADD3|CLK1|SCYL2|PICALM|ZNF664|FAM13B|OSTF1|TMEM140|CFI|NREP|GPNMB|XYLT1|EDA|HSPB8|ZNF540|EHD3|MYL12B|LCP1|TRAPPC2|ZNF627|ZNF25|ABCB1|SMIM3|FGD6|KIDINS220|ATAD1|CLIP1|APC|TBCK|SERINC1
GSE20366_TREG_VS_NAIVE_CD4_TCELL_UP	0.14018691588785	0.575069988427561	0.298277104096569	1.12479614325304	464	181	VAV2|CD83|COL15A1|FCGR2B|ARL5A|GNG12|AK7|NCOA3|CAPZA2|CHDH|PEAK1|NDFIP2|SYPL1|BCLAF3|ETV5|CDC27|IL1RL1|SLC22A2|CMTM7|SLC35D1|DNAI4|NOP58|USP47|TMF1|PPA1|ZDHHC20|TENT5A|ACER3|SOCS2|PHTF2|TGFBR1|HBS1L|MED7|PARD6G|CNKSR3|SCAMP1|FAM3C|SEC24A|VRK1|PIWIL4|TMEM237|MYC|LRRC58|QKI|TPST1|P4HA1|GOLM2|MIER1|TLE2|ATP11B|BTF3L4|SMC4|TRIM59
HOEGERKORP_CD44_TARGETS_DIRECT_UP	0.14033850493653	0.575221687445035	-0.495462394058572	-1.27617885771292	795	25	AQP1|TYMP|STX1A|SH3BP2|RGS3|AFAP1|CDKL5|NBL1
REACTOME_NUCLEAR_ENVELOPE_BREAKDOWN	0.140303623898139	0.575221687445035	0.384052853399431	1.2051410996629	572	53	LEMD3|NEK9|RANBP2|CCNB1|SEH1L|NUP153|NUP35|NUP107|NUP37|NUP160|NUP133|NUP205|VRK2|CDK1|VRK1|NUP88|EMD|RAE1|NUP155|NUP54|LMNB1|NUP50|NDC1|CCNB2|NUP58
REICHERT_MITOSIS_LIN9_TARGETS	0.140452029520295	0.575452029520295	0.457664149560405	1.2502505523811	608	27	TOP2A|KNL1|CCNB1|NUSAP1|CALD1|MYO6|CDCA2|CENPE|KIF23|NCAPD2|HMGB2|ASPM|ANAPC1|CEP55|CENPA|VCPIP1
CHICAS_RB1_TARGETS_CONFLUENT	0.140679953106682	0.575680949565788	-0.288882428168707	-1.11302373297571	1079	489	MTCL1|TPM2|ADAM19|TAGLN|PAK1|ANPEP|FARP1|FOXD1|ITGBL1|DIPK1A|SMPD1|ITGA4|CBS|SNN|AXL|PSMB9|LAMA4|TSPAN5|GASK1B|ECM1|LMOD1|ACTA2|TRPV2|COL1A1|TWIST1|SYNE3|BEND6|CYTOR|IFITM2|SERPINH1|IFI16|IFIT2|CTHRC1|KLF7|MAP3K7CL|CLIP3|HSPB6|JAZF1|PPARG|RGS17|LOXL1-AS1|COL6A1|PDLIM7|SPOCD1|GPC1|TMTC2|PCOLCE|HSPB1|RAB40B|APOL6|SERPINE1|TBCB|TRIOBP|EMP3|DCN|CLDN11|G6PD|INHBE|IFITM3|TPT1-AS1|GBP2|NLRP1|MMP24OS|TMEM200B|TSPO|CREB3L1|ASNS|HPGD|ABHD12|DHRS3|SLC7A1|TRAPPC1|CHID1|SDC4|DCTN3|CARHSP1|ARHGAP1|BLVRB|TMED4|RTL8C|EVL|C12orf75|TUBB2B|SAMD9L|WNT5B|MFGE8|TUBA1B|HELLS|MDK|COL1A2|ITGA5|CAND2|LMNA|FLOT1|NNMT|NIBAN1|RSBN1L|NUDT7|CAPG|PCK2|HCFC1R1|KCNH2|CD81|STMN3|ADD1|S100A6|GAS6|PMP22|PXN|LY6E|CDC42EP3|CTSH|SH3BGRL3|SPTBN1|EPB41L2|CAVIN1|SERPINF1
GSE21670_STAT3_KO_VS_WT_CD4_TCELL_IL6_TREATED_UP	0.140569395017794	0.575680949565788	0.301170086727606	1.13264015459092	473	175	AIM2|PCYOX1L|CAMKMT|UBTD2|POC1B|SLC22A4|CD70|GNG12|RASSF3|PTER|PLD1|RNF13|PTGS1|BMX|TMX3|SCCPDH|SVIP|SIAH2|MSANTD2|AP3S1|AGPS|DMKN|SGMS2|GALNS|PRRC1|ANKRD28|PRKCI|PDS5B|ZBTB34|TMEM38B|RTN3|TMEM50A|ATP11A|PPFIBP1|MOB1A|TTC33|SLC36A4|RFC1|CYRIB|GDE1|ATG12|GGH|FAM111A|EFR3A|PLCB1|UBE2A|PEPD|LTA4H|SUPT3H|TMX4|RNF130|PRDX5|KYAT3|GORASP2|DAB2|RAB9A|RPS6KA3|DNAJC3|OXR1|DEPDC7|ZHX1|TENT2|SLAIN2
GSE3920_IFNA_VS_IFNG_TREATED_FIBROBLAST_DN	0.140667678300455	0.575680949565788	-0.329861622916741	-1.15658612784184	926	170	IGF1R|ESPN|SMAD7|CCR7|MAML3|POLR2L|BCL2L12|ECM1|MAPK11|NOL12|ITGA7|ADAMTSL4|SLC41A2|TPD52|NSG2|CYP2S1|PUS1|PIK3IP1|PHLDB1|ODAD1|ACP3|LRRC75A|LIG1|GPR146|ID3|RAMP1|RRP12|ACSBG1|TRMT1|TREML2|MYBBP1A|MGRN1|FASN|FANCG|QTRT2|TIMELESS|MCM2|ST8SIA1|NT5DC3|SEMA4B|GCAT|MCM7|CTNNBL1|LTB4R|PES1|HIPK2|NLE1|RBM10|GTF2IRD1
DAZARD_UV_RESPONSE_CLUSTER_G1	0.140828402366864	0.57582849294467	-0.409269942338932	-1.2250199799352	832	54	RPS21|ATP5ME|COX17|CRYBA4|RPL38|GUK1|NDUFA1|GPAA1|MYL6|RPS23|TSC22D1|RPS27|NDUFC1|PLXNA3|RPL37A|TK1|ERCC2|SPTBN1|CHRNB1|COX7A2|RPS17|HEXIM1|COX7C|STK17B
GSE13493_CD4INTCD8POS_VS_CD8POS_THYMOCYTE_DN	0.141037306642402	0.57582849294467	-0.329980311449001	-1.15651585460344	929	168	SLC26A11|TNS2|SYTL1|ENC1|TFAP2E|ATP2A1|ADAMTS4|D2HGDH|IFT140|CTHRC1|NTRK3|TGM1|DNAJC22|TOM1|ZNF446|PKMYT1|B3GAT3|CDH23|MGAM|GMPPA|TRADD|SEMA4F|QTRT1|TSFM|RPS18|IL17RA|DGKA|ADCK5|DPF1|PRTN3|HIP1R|NSMF|MBOAT7|MED12|CNP|SYMPK|TMEM214|CARS2|RABL6|TRAF3IP2|NR2F6|GRAMD4|SPATA33|ITGAE|GPR3|CRTC2|CDKN1A|PGAP6|TAF1C|PTDSS2
GSE17721_0.5H_VS_12H_CPG_BMDC_DN	0.141060197663971	0.57582849294467	0.294998648493431	1.12199343576143	470	190	TSLP|NLGN2|CCNG2|CCL5|KAT2B|RFFL|USP25|NT5C3A|ARID5B|LAMP2|MARCHF5|MTHFD2|KIF3C|HSPH1|CHPT1|C18orf32|CLK1|CMPK2|COP1|TRMT1L|SLC38A2|HSD17B11|GFI1|SLAMF7|PLA2G4A|SGCB|RPS6KA2|CXCL11|CRBN|PAPSS1|ZBTB21|CD47|SACM1L|ANXA1|SEMA7A|CREB1|LYRM1|INPP5B|MTF2|SERINC1|NCK1|FBXW11|RAB1A|TMCO3|ZNF281|DNAJB6|RAB10|ZNF346|PALS1|EEF1E1
GSE26559_TCF1_KO_VS_WT_LIN_NEG_CELL_DN	0.141039399049517	0.57582849294467	-0.337120905148775	-1.16744026040581	919	151	FZD9|AOC2|PYGM|IRF7|IFI30|LPAL2|REN|PPFIBP2|GPR176|TCL1A|NTRK3|GRM3|N4BP2L2-IT2|OCEL1|GAS2L1|GREB1|KLK8|TAF6L|MUC1|LTBP4|CTSA|DDO|TMED1|KANK1|ERICH1|SGK1|SLC6A9|IL18RAP|TSC22D1|JRK|ERN1|ARHGAP22|ZBTB39|TROAP|SENP3|PXN|CLCN5|HABP4|LINC00667|HIPK2|TCTA|H6PD
LU_TUMOR_VASCULATURE_UP	0.14101646385111	0.57582849294467	-0.519335705774101	-1.28457527551325	787	21	HSPA6|TWIST1|TNFRSF21|EGFL6|MUC1|ISG15
REACTOME_NON_INTEGRIN_MEMBRANE_ECM_INTERACTIONS	0.140849839173862	0.57582849294467	-0.413217294253652	-1.22872339297	831	52	LAMB1|LAMA4|COL1A1|LAMA5|LAMB3|HSPG2|ITGB5|AGRN|SDC4|PDGFA|ITGB1|ITGAV|FGF2|COL1A2
BARRIER_CANCER_RELAPSE_NORMAL_SAMPLE_UP	0.141339491916859	0.576501270673128	0.469353132285417	1.25440465082384	611	25	CREBL2|CLIC2|AMD1|SNX4|ATP5F1C|ITM2A|MAPRE2|CEP70|GGT1
GSE10325_MYELOID_VS_LUPUS_MYELOID_UP	0.141490510723654	0.576501270673128	-0.337083404290652	-1.16415261906132	916	148	MC1R|LYRM9|APOA1|CRIP2|GFAP|ABCB4|CNNM4|KHDRBS3|WNT3|C22orf46P|JMJD4|CAPN11|ABCA4|PLEKHG6|RHOF|HRC|PRDM12|FHL1|FGD1|WDR4|CAD|RAB11FIP3|CDCP1|TSKU|B4GALNT1|MLEC|NBL1|ARHGAP6|RAD54L|RAB30|RAP1GAP|DCTPP1|REPIN1|SIRT4
GSE21927_EL4_VS_MCA203_TUMOR_MONOCYTES_DN	0.141454965357968	0.576501270673128	0.305661883078	1.13501004345519	489	159	TTC39B|PLEKHM3|ZNF235|ZNF573|CCNE2|AACSP1|MBTPS2|FOXN3|FAM174A|RAPGEFL1|INTS13|LHPP|PFKFB3|FAM171A2|USP6NL|GNPAT|STAG3|RHOBTB1|SC5D|SPAST|CA3|ACVR1C|HKDC1|POPDC2|LASP1NB|EVPL|GPLD1|DCAKD|PSMG1|CKAP2L|FAM229B|MFSD4B|SCAPER|ZMYM6|GIMAP2|TIPRL|CEP120|GTPBP10|RBM47|PANX1|SRSF1|TMOD2|ALDH1A2|MPHOSPH6|PARP4|HPF1
GSE36392_MAC_VS_NEUTROPHIL_IL25_TREATED_LUNG_DN	0.141449899953825	0.576501270673128	-0.336843459330933	-1.16469240365284	918	149	NFKBIZ|ZNF711|CD14|EXOC3L4|KIF1A|PLPPR3|EREG|INCENP|PYROXD2|FLT1|JAKMIP3|SYT7|MUC5B|GPC1|LAMB3|STAB1|NPAS1|MET|CDH23|FGD1|ACP3|HOXC13|RSPH14|AMPD2|SLC7A11|DHRS3|PDGFA|UXT
SANSOM_APC_MYC_TARGETS	0.141512166859791	0.576501270673128	-0.315095376153314	-1.14378465762933	976	233	ASCL2|TRAPPC6A|SYTL1|SEMA4D|ABCC10|GTF2I|PSMB9|MINDY1|SCRN2|OTUB1|NBEAL2|GTF3C1|SEMA3B|ABCB8|ING4|CXXC1|PKN3|CCND1|MIF|MED22|ATP2A3|ACP3|MAPK7|SH3D19|USP20|TXNRD2|SF3B5|WDR4|IKBKG|POLE|PMF1|QTRT1|LARGE2|PLK3|SEC61A1|GTPBP3|TELO2|MYBBP1A|UBALD1|NDST1|SFSWAP|PRPF19|VARS1|SIVA1|TGIF2|YJU2|DCUN1D3|THOP1|DPH2|OGFR|NUBP2|LMNB2|ZNF213|BCL2L1|POLA2|ANKRD39|SAPCD2|ZBTB48|PXN|ADISSP|ATRIP|MCM3|MCM7|RAD23A|TXN2|EIF4G1|FHOD1|KPTN|DHCR24|INTS1|NFKBIL1|TICRR|CITED1|DAG1|YAE1|PSRC1|HIRA|WDR62|MEN1|DENND6B|FADS3|METTL1|COLGALT1|ACHE|WDR33|KAT2A|JADE1|NHP2|TXLNA
GSE3982_CTRL_VS_LPS_1H_NEUTROPHIL_DN	0.141579505835986	0.576541614434738	-0.329473965950187	-1.15638929676666	933	171	TP53I11|C3|FARP1|IRX5|MAGIX|H2BC13|SLC9A1|AMDHD2|SYNGR2|BSG|SMTN|SLC6A8|LAMB3|TAOK2|DCAF15|CCNL2|STX4|PKP3|AKAP8L|STK19|AMPD2|CALR|KIF5A|CSNK1D|GPATCH2L|ACSBG1|PRF1|PPP6R2|LRRC61|ABCD1|OXLD1|RGL2|AKT2|POLR1G|FBXO31|ZER1|CAMKK2|LONRF3|ZNF133|HS3ST3A1|PEF1|EHMT2|DUSP5|ABHD8|RPL35|ATP5MC1|ZNF512B|WRAP53|SH3D21|MYLIP|SEC24C|PANK4
GSE17721_LPS_VS_CPG_2H_BMDC_UP	0.141806413651074	0.576763687289092	0.302685259711887	1.13576277187575	481	172	AIF1|CD44|CCNG2|GPR85|MX2|RGS2|NMD3|PICK1|CLDND1|COPS8|EEPD1|MARCHF5|ZNF277|B3GNT5|CGGBP1|FER|NPM1|PEAK1|TSPAN13|MKRN1|TJP2|PIAS2|TRIM13|IFRD1|CMPK2|ASS1|BRIX1|TAPBPL|RAD9B
GSE19772_CTRL_VS_HCMV_INF_MONOCYTES_AND_PI3K_INHIBITION_DN	0.141752577319588	0.576763687289092	-0.329613339821655	-1.15547570257327	934	169	SLC2A4|CCR7|SLC30A4|RCAN3|ADGRG3|POLR2L|PLXNB2|PLA2G2C|PRKCZ|SLC3A2|AATK|CRYBG1|FASTK|EFNA1|MET|CRYM|OAZ3|FRMD8|LSM7|FOXRED1|KCNJ11|ARID3B|BMP1|HDAC7|MTMR10|GRK6|C6orf136|FGF2|WNT5B|ERP29|HS3ST3A1|TMUB2|DPCD|TUBB3|EXOSC7|SEMA4B|C15orf39|FNTB|ACRBP|NEFH|SMAGP|DRAP1|C1orf52|TERT|RXYLT1|TMEM150A|ZNF653|GGA2|GSN|SLC35A4|VPS16|CRADD|F2RL3|HSF1|SPRYD4|NHP2
SHIN_B_CELL_LYMPHOMA_CLUSTER_7	0.141748942172073	0.576763687289092	-0.494126470943544	-1.27273787640864	803	25	IGF1R|TEP1|NOTCH3|BCL6|DVL1|GSK3B|IL6ST|CDKN1C|DICER1
SENGUPTA_NASOPHARYNGEAL_CARCINOMA_WITH_LMP1_DN	0.141970310391363	0.577196425965371	0.333622940289434	1.16857764951663	525	104	PRR4|FBXO2|NTS|FZD8|DNAJC6|AACSP1|PRH1|DCBLD1|EFHB|PROS1|ASS1|MAGEA4|RRAD|SLC26A4|UPK1B|HAS3|CR2|SLC4A4|DMKN|BICD1
GSE7852_LN_VS_FAT_TCONV_UP	0.142216910666268	0.577964918731984	0.295286313124192	1.12399871972669	475	191	ZNF841|RFX3|AKAP5|ZNF43|PDK1|ZKSCAN8|GABRR2|SESN3|ITGB3BP|GPRASP2|STRADB|REV3L|BRMS1L|EXD2|TRUB1|ZBTB18|PPM1B|ERBIN|AASDH|PARP11|TFAP4|LIPT1|PIKFYVE|MFAP3|BCL9|PREPL|IBTK|ISOC1|PSMG1|CNOT3|NR2C1|ZNF445|SLC30A7|ITM2A|PARD6G|DLG1|IREB2|CNKSR3|ARMT1|CASD1|ZFC3H1|FTO|DCP2|ZNF266|TUBGCP4|SDAD1|INPP5B|ABRAXAS1|ATP13A3|MRPS33|SFXN2|NUFIP2|LRRC40|ATP11B|BTF3L4|S100PBP|NEMP1|AMER1|CENPJ|TGFBR3|NUP50
GSE18791_CTRL_VS_NEWCASTLE_VIRUS_DC_8H_UP	0.142598187311178	0.578692493946731	0.292666188043091	1.11908374946236	471	197	PCYOX1L|ZNF443|DCP1B|AKTIP|NAPEPLD|COL15A1|EXO5|DDIAS|RAD52|USP38|PDIK1L|HS2ST1|SUV39H2|PPP1CC|TMEM168|HYCC1|THNSL1|TFB2M|ZNF641|ARF4|ZNF813|SHQ1|LYRM7|SLC19A2|BRIX1|CARD9|ABR|MRPL15|RRP15|TRIAP1|FBXL4|WDR36|NDUFA5|ACTL6A|FBXO45|FAHD1|FBXO33|CFAP20|TRIM32|UTP15|MON1B|SNAPC5|SNRNP35|DCAF4|CETN2|CEP85L|NUFIP2|IPO11|IDE|MRTFA|TOMM40L|ZYG11B|TRAK2|TBL2|MDM1|ZNF57|COMMD3|EEF1E1
GSE33425_CD8_ALPHAALPHA_VS_ALPHABETA_CD161_HIGH_TCELL_UP	0.142857142857143	0.578692493946731	-0.326827860165565	-1.15693368624952	954	181	UBL3|SPIB|IDUA|WFS1|IFI30|CIITA|FICD|HBB|HLA-DOB|MAPK12|IL4I1|RUFY1|APOE|RTTN|CD19|TPD52|NAPSA|ERO1B|TXNDC16|STARD3|BCL6|BIN1|LYL1|ANKS3|PMPCA|NAA80|PLK3|NFE2L1|NDEL1|HEXA|PISD|HIP1R|GNS|PER1|SMIM14|TK2|HS3ST3A1|SMARCD2|C9orf85|PCK2|FUT1|CD81|NEURL4|TRIM11|UPP1|CTSH|SAFB|PI4KA|MRPS18A|ANKRD11|MGAT1
KEGG_MEDICUS_VARIANT_AMPLIFIED_MYC_TO_P27_CELL_CYCLE_G1_S	0.142573821066549	0.578692493946731	0.549331525777987	1.2968348717398	646	15	CCNE2|CDKN1B|CDK2|SKP1|MYC|RB1|SKP2
NAKAMURA_ADIPOGENESIS_LATE_UP	0.142857142857143	0.578692493946731	0.344961372437336	1.17532456539048	541	88	ELK3|FOXO1|CD36|CCNG1|CKS2|CCRL2|ACSF2|PPP1CC|MAPK6|SUMO1|GCC2|MRPS6|MAPK1|MGMT|S1PR3|XYLT1|INSIG1|RAB5A|MYB|SMIM3|HACD3|MYC|CTNNB1|PTPRA|HMGCS1|SIK2|ACACA|RAB31|CHCHD3|TGFBR3|PUS7L|ATF3|AKAP10|PRSS23-AS1|USP4|PPP2R5A|STOM|OXR1
ROSS_AML_WITH_MLL_FUSIONS	0.142786069651741	0.578692493946731	-0.385372997071892	-1.20423241308642	860	70	FES|PBX3|PYCARD|COX8A|TRPM4|ITGA7|ITGAX|APH1B|GLG1|FEZ1|ENSG00000274253|RNH1|DACH1|STXBP2|CTSL|IRAG2|CAPG|MICAL1|DEXI|SCPEP1
VANTVEER_BREAST_CANCER_METASTASIS_DN	0.142549178119105	0.578692493946731	0.330252052004969	1.16197309836906	528	106	DCK|PLAAT1|CCNE2|HACD2|DTL|CKS2|RFC4|PAQR3|SACS|ECT2|NDC80|GMPS|NUSAP1|MAD2L1|PALM2AKAP2|IGFBP5|LRP12|BUB1|ARMC1|MAPRE2|GBE1|STMN1|KIF14|MTMR2|IVNS1ABP|GGH|RAD21|RAB6B|SMC4|ATAD2|TFRC|HJURP|INTS7|CCNB2|PIR|DEGS1|GPSM2|BNIP3|DEPDC1|PGK1|DLGAP5|MELK|ASPM|CDC42BPA
WP_COMPLEMENT_SYSTEM	0.14281008071158	0.578692493946731	-0.380990897186155	-1.20080258080914	866	74	C3|APOA1|LAMB1|C5|LAMA5|CD19|ITGAX|VSIG4|CFD|ICAM1|C5AR1|DCN|CALR|ICAM2
WP_TRANSLATION_INHIBITORS_IN_CHRONICALLY_ACTIVATED_PDGFRA_CELLS	0.142718681851224	0.578692493946731	0.397567711669257	1.21647612430809	588	46	PDK1|PIK3CA|MAPK8|MAPK1|RPS6KA2|EIF4E|EIF4G3|PIK3CG|MAPK9|MAPK14|EIF4B|EIF4A2|MAP2K4|RPS6|PIK3CB|MAP2K1|RPS6KB1|PRKCD|MAP2K5|CSNK2A1|RPS6KA5|PIM1
GSE17721_CPG_VS_GARDIQUIMOD_0.5H_BMDC_UP	0.143024618991794	0.578748181210602	0.303045630567544	1.13477159973471	487	170	AIF1|STAP1|FGF5|WDFY3|BMPR2|CLN5|CCNG1|ZNF227|NABP1|HEMGN|WDR75|BCAP29|FOXA2|MYCBP|LIPT1|INVS|NAA15|NCBP2|EPB41L5|PLGRKT|INTS8|SLC38A2|DRAM2|HOMER1|P2RX7|FGFR1|YTHDF2|RPE|GRK5|CNOT2|SP1|ANKRD46|SNRPB2|PIGC|C6orf120|SUGT1|SACM1L|SERINC1|ARHGAP5|ABCB7|ATP1B2|SNX29|TTC27|BTG1|GLRX3|PFDN5|CDC25C|COPB2|C1GALT1C1|BICD2
TOMIDA_METASTASIS_DN	0.142953020134228	0.578748181210602	0.529896863434747	1.29070341486765	638	17	DLX4|LGALS3|DARS1|CLK1
WP_IL18_SIGNALING	0.143043857101365	0.578748181210602	-0.313789662419535	-1.14002718115226	984	237	NFKBIZ|STOML1|TIMP3|ACADS|ACTA2|COL1A1|GRN|EPS8|BSG|COX17|CXCL16|MMP1|CLDN12|IER3|ICAM1|TNFRSF1A|HPS1|HSPB1|FOS|TIMP1|PLOD3|IL1B|FAS|NFATC4|IL18BP|BIN1|ZC3H12A|LARS2|PWWP3A|ACACB|TRPC4AP|SDC4|CEBPB|NR4A1|SYT10|NSMF|IL18RAP|CCDC9|NDUFC1|NCAPH2|GSK3B|IL17RC|BID|COL1A2|MTCH1|RPS11|LMNB2|RUSC1|ZNF219|APBA2|FUT1|KCNH2|SOCS3|CD81|BCL2L1|ECH1|AARS1|PARP1|CENPB|CPT1A|RANGAP1|VEGFA|TNFAIP2|IRF1|PIGT|JUN|PTPN7|ABHD16A|UCK1|GATA1|NFKBIE|TSHZ1|SLC4A7
KYNG_DNA_DAMAGE_BY_GAMMA_RADIATION	0.14318010550113	0.579066035060575	0.365642680977649	1.19308453776853	569	66	CKS2|LRBA|SMAD4|SP3|RAB6A|SEC22A|LIPC|FRZB|FBLN1|APPBP2|HBEGF|DDX18|CRABP2|AP1G1|MYB|CYBB|PFN1|TIA1|PPP2CA|LINS1|RNF168|HELZ|CIB2|DOCK2|VDAC3|HIBADH|ATP5MJ
LY_AGING_OLD_DN	0.143241919686582	0.579082718410756	0.38275517276396	1.20106903444011	584	53	CXCL8|TGFBR2|PSMC6|KIF11|PPP1CC|CCNA2|CCNB1|NAE1|UGCG|TYMS|PSMA2|PSMC2|KIF14|NUP88|ATR|PCNA|PSMD11|CKAP5
AFFAR_YY1_TARGETS_UP	0.143407270486753	0.579517786290671	-0.335874990282447	-1.1636019884847	930	153	PBX4|SLC2A4|PLCB4|SPAG1|S1PR5|SFN|SELENOM|TAP1|MYL11|GRIA3|FLT1|PDLIM3|UCHL1|TPH1|MPG|ICAM1|FOS|TINAGL1|TTLL1|KLK8|IL17D|FAS|USP20|GBP2|DMPK|DCXR|ADAM15
GSE1448_ANTI_VALPHA2_VS_VBETA5_DP_THYMOCYTE_UP	0.143544989467349	0.579763577018441	0.296817560871481	1.12280041004599	476	184	FBN1|AKTIP|NKIRAS1|NUS1|TBCEL|SLC33A1|NXN|EIF2AK3|MNS1|USP2|CLK4|NIPSNAP2|TNFAIP8|PRPH|SCAF8|MXI1|OAT|RMND5A|MPHOSPH9|QNG1|COPZ2|OPRL1|MYEF2|SMIM20|FLCN|DYRK1A|TIMM23|NFATC2|UTP3|TAF1A|EIF5B|PRDX3|KDM3A|CRIPT|SEC23A|EIF3J|CMAS|CWC15|TMEM245|MKRN3|CLCN3|ATP13A3|CNN1|AGPAT5|ADARB1|RAB4A|TBC1D23|ZFAND6|CDC42SE2|SLMAP|ATL2|SSBP2|BTG3|RNASEH2B|DEGS1|GLO1|MPP1|PPP3CA|SOS1|PXK|KIF23|TFEB|ACADM|TXNIP|ASPM|ZHX1|RAB7A
GSE8678_IL7R_LOW_VS_HIGH_EFF_CD8_TCELL_UP	0.143583607538139	0.579763577018441	-0.325090852596497	-1.15314055704845	959	187	TSGA10|MXD3|FBXL2|SPAG1|RAP1GAP2|VASN|S1PR5|PYCARD|TSPAN5|L1CAM|TRAIP|MAN1B1|SMTN|GPX8|CRYBG1|TMEM163|RRBP1|LRRC75B|PKMYT1|EMP3|ATP2A3|ENTPD1|TEX22|SEMA4F|EHBP1L1|SMDT1|CTSD|PRF1|TRAPPC1|ATP13A2|TMEM120A|PLEC|ELOVL1|DHCR7|IL18RAP|PCSK7|NUDT17|PIDD1|TUBB2B|DDA1|PLEKHH3|NRARP|BORCS7|TAX1BP3|EHMT2|DUSP5|BAIAP2|MAST2|TAF6|CLCN5|FLII|PSMD9|LTB4R|DPM2|RDM1|PTTG1IP|FLNA|SNAPC2
DAZARD_UV_RESPONSE_CLUSTER_G2	0.14398873437775	0.580092994376592	-0.477222843796779	-1.26037168380634	817	28	H2AC13|H2AC20|H2AC8|IER3|JUNB|SGK1|GFUS
GSE14699_DELETIONAL_TOLERANCE_VS_ACTIVATED_CD8_TCELL_DN	0.144314431443144	0.580092994376592	0.300198720672954	1.12910312834722	480	177	TTC39B|AIF1|GPR160|DCK|CD44|SCRN3|LAMP2|TEX15|PBK|CD80|ITSN1|MRPL42|PSMA1|SYPL1|UBE2N|DAPK2|HPRT1|NUP37|NCALD|SAR1B|SYTL3|SERPINE2|BEX3|FCGRT|DLAT|TCEAL9|TIMM23|PPA1|SPDL1|SAMSN1|COPS5|CDK2AP1|COPS4|SMIM3|MIS18BP1|ANXA1|DSCC1|RBM47|RPA2|LSM3|GGH|PANX1|MPHOSPH6|TIMM17A|NUP54|GABARAPL1|BUB3|H4C8|CISD1|RFC3|IDI1|SF3B6|PNP|NDUFAF2|TAF12|COMMD3|RBBP7|ALYREF|RAD51AP1|VIM|ACOT7|VDAC3
GSE17721_CTRL_VS_LPS_8H_BMDC_DN	0.144366197183099	0.580092994376592	0.303274941837602	1.13333229739338	491	168	GJC2|GNA13|MMP14|DHX58|KAT2B|KLHL13|CUEDC1|SERPINI1|RUNX2|HMGN5|ARID5B|VPS54|CPD|AMMECR1|DDR2|DCTN4|PSMA4|ARF4|PLEKHF2|ATL3|DDHD1|HOMER1|MYT1|EML6|HKDC1|ELL2|DCAKD|RHOA|ASB3|SERTAD1|CARD10|SAMSN1|RPE|BMPR1A|IL17RE|ANXA5|ANXA1|PSMC2|PMPCB|GTF2B
GSE17721_LPS_VS_CPG_8H_BMDC_DN	0.144308335823125	0.580092994376592	0.294728429236653	1.12187515101565	482	191	WDFY3|GLMN|CETN3|DNASE1L1|BTBD1|CNIH1|CEP20|IMPACT|AKR1E2|GFM2|NOL11|STT3A|GDI2|LYSMD3|DNA2|ECT2|STYX|INTS6L|KPNA2|MRPL50|IDH1|ORC2|RANBP9|MTSS1|SDHD|PGM2|HERPUD1|SQOR|RTN3|GRK5|WDR36|PHTF2|ETFDH|TRAPPC2|TARS1|RIOX2|GBE1|MYC|MAN1A2|CTNNB1|NCBP1|C1orf131|ATP6V1A|GARS1|SLC35A1|TRIM59|KLHL7|HPF1|SEPTIN8|WBP1|NUP54|GLRX3|SKP2|DIMT1|RPL7L1|CAT|LTA4H|SUMO3|NPRL2|CDK8|POLR2B|FKBP1A|SCML2|MED20|KDELR2|RPS6KB1|YWHAB
GSE360_DC_VS_MAC_L_DONOVANI_UP	0.144377811094453	0.580092994376592	-0.326655102887617	-1.1540549843848	962	179	MTCL1|ADAM19|RAB4B|TP53I11|ANPEP|ZNF76|LYPD3|TIMP3|PPFIBP2|SYNGR2|H2AC16|RECQL5|STARD3|TBCB|MOK|AKR1B1|TIMM44|RAMP1|VPS72|ADAM15|SDF2|GAK|SLC7A1|DIAPH1|TELO2|PDGFA|CLSTN1|EPHX1|UCP2|WIZ|YKT6|ACADVL|YJU2|TUBA1B|GSTP1|HOXC6|BLTP2|MYCL|PPP6R1|DPY19L1|NR2F6|IQSEC1|CDC34|CKB|PMP22|DICER1|CTSZ|VEGFA|HNRNPM|RELB|PAX9|DHX16|H6PD|SMYD5|CYB5R3
GSE4142_PLASMA_CELL_VS_MEMORY_BCELL_DN	0.144167167769092	0.580092994376592	-0.327098102966313	-1.15320690182672	958	176	SULT2B1|GZMM|GNG8|COL14A1|BCL2L12|TFAP2E|ITGA4|KIF1A|CTU1|GTF2H4|TECPR2|EPPK1|MRPL41|SLC26A10P|EXOSC4|ACSL6|RPAP1|PCDH10|TMCC2|ANKRD45|KCNK6|PMF1|ORAI1|PIN1|LSM7|STOML2|STOX1|CHID1|TIMM10|FBXW5|MRAS|OAZ1|MRPL2|MRPS11|NFKBIB|NUDT1|CBX2|LONRF3|ENPP3|FAT1|PSMA7|BCL2L1|GAS6
GSE5142_CTRL_VS_HTERT_TRANSDUCED_CD8_TCELL_EARLY_PASSAGE_CLONE_DN	0.143928035982009	0.580092994376592	-0.326887741273279	-1.15487688334232	959	179	VWCE|CFAP45|ENC1|ANAPC11|FAM234B|EPB41L1|ZNF169|DPH1|APLP2|SHLD1|MAP1LC3A|RIGI|LRRC75B|ZNF575|PUS1|PIK3IP1|CHD4|SEMA6A|ACP3|MBOAT1|NINJ2|ESRRB|RRP12|RNF32|SGK1|RPS2|RAB11FIP4|WDR83OS|ZNF784|COX16|RPL10|EPOP|PDLIM4|RPSA|SYS1|PDCD7|IL17RC|ERP29|PPP6R1
MULLIGHAN_NPM1_MUTATED_SIGNATURE_2_UP	0.143984757757213	0.580092994376592	0.32442791557947	1.15748543089379	528	117	MEIS1|DCK|GPR137B|LUZP4|LGR4|EMC9|CENPQ|MBNL2|HMGN5|MACIR|AKAP12|CEP135|METAP2|TVP23B|SLC39A1|MSH3|COL4A5|CARD9|HOXA5|PDS5B|NCAM2|SPDL1|NFE2L2|RESF1|BMPR1A|PAK1IP1|ZMYM2|TMT1A|SMC4|HSP90AA1|ZFAND6|MAP2K4|MTX2|TFDP2|SUN1|CAT|PKNOX1|DST|SSX2IP|UBE2K|KYNU|PAIP1|KPNA4|TXNIP|STAG2|NIPBL|RYBP|GK|CTH|CDK5R1|ACO1
ODONNELL_METASTASIS_UP	0.144416456759026	0.580092994376592	-0.400698920429685	-1.2162293402621	859	59	PLCB4|RPH3AL|N4BP2L1|ARHGAP33|KLF12|KSR1|NLRP1|GPATCH2L|RAI1|HOXC8|NR4A1|NPHP4|FAT1|GATA2|PKD1|BBC3|BCORL1
REACTOME_PRC2_METHYLATES_HISTONES_AND_DNA	0.144253454668015	0.580092994376592	-0.405618140056667	-1.22147552033613	855	56	H4C4|H2AC20|H2AC7|H2AC8|H2BC13|H2BC17|H4C11|H4C3|H3C12|H4C14|H3C13|H4C2|H2BC5|H3C2|H2BC12|H2AZ2
SCHERER_PBMC_APSV_WETVAX_AGE_18_32YO_2_TO_4DY_UP	0.143816076522907	0.580092994376592	-0.403331606647327	-1.21902495343776	856	57	IL15|DYSF|HLX|HBB|IER3|ICAM1|NFIL3|KCNJ15|MX1|BCL6|GBP2|SLC12A7|IGF2R|CEBPB|CLSTN3|SOCS3|ZNFX1|IRF1
SHAFFER_IRF4_MULTIPLE_MYELOMA_PROGRAM	0.144133552786269	0.580092994376592	0.422410503951443	1.23206410257847	612	36	ITGB7|DDR2|UAP1|CCNC|SLAMF7|ELL2|CASP3|CDKN1B|MYC|SUB1|P4HA1|E2F5|CDK6|CANX|STAG2|TNFAIP3
ZAK_PBMC_MRKAD5_HIV_1_GAG_POL_NEF_AGE_20_50YO_AD5_NAB_TITERS_GTE_200_VS_LTE_200_1DY_UP	0.144254278728606	0.580092994376592	0.328047894885526	1.16072559235619	530	111	ZKSCAN8|TC2N|SESN3|KLRF1|GPR174|ITGB3BP|PDE3B|EIF3E|BMI1|ZNF770|NAE1|DENND4C|MPHOSPH9|RBL2|GCC2|CD96|TRABD2A|INPP4B|RNF125|FOXP1|LDHB|AGL|KLHDC2|USP53|FXR1|BCL2|AHCTF1|NSA2|CRIPT|NPAT|MAML2|TTC3|IPP|PLCB1|PSIP1
GSE2770_UNTREATED_VS_TGFB_AND_IL4_TREATED_ACT_CD4_TCELL_48H_DN	0.144721233689205	0.581084697508897	0.300484649895026	1.13006236445097	487	175	ZNF101|PRNP|CD44|CD69|FCGR2B|CD3G|RYR1|CCNE2|SFT2D2|HIF1A|RCHY1|FAM13A|TNFAIP8|HSPH1|NAB1|TMED2|ATP1B3|PER2|BCL9|SCARF1|RCBTB2|ABR|ELL2|PSMG1|SNX3|NDUFV2|TMF1|HBEGF|SUPV3L1|CD24|CCT4|COX7A2L|PSMA6|CITED2|ANP32B|STX7|LYRM1|RPL4|TNKS|CEP170|IVNS1ABP|LEPR|RAB14|ZNF124|BHLHE40|FUCA1|FCHSD2|IDI1|LTA4H|ATP6V1C1
GSE13411_SWITCHED_MEMORY_BCELL_VS_PLASMA_CELL_UP	0.145459976105137	0.582708161827734	0.294258076281831	1.12138354756951	486	192	TCEAL1|TGFBR2|DET1|CORO1A|TRMT61B|BACE2|GGPS1|PPP1CB|SIAH1|MOB4|AP1S2|DCLRE1C|GOLGA8B|USP6NL|ZFYVE16|PLEKHF2|SNAPC1|TWF1|ZFYVE26|NKRF|TRIM13|MAPK1|LAT2|ATP8A1|SOS2|SLC25A36|RAPGEF6|PTK2|ZMAT3|KDM3A|S100A10|LSM14A|MEGF9|CYBB|MYC|CCNT2|ANXA1|TIPRL|ATP6V0E2|ZNF266|CHD1|INPP5B|SPG11|MED14|SGMS1|AVL9|RYK|RIPK2|EXT2|TRAPPC11|BTK|BTBD7|TRIM33|FIP1L1|AKAP10|GALT|MAP1LC3B|POLR3C|MORC3|CRK|MCM9|PRKX|DPH5|PIBF1|RPS6KA3
GSE13485_DAY1_VS_DAY3_YF17D_VACCINE_PBMC_UP	0.145468873128448	0.582708161827734	-0.348254895630899	-1.17253708391713	922	119	WNT11|SPART-AS1|KLC3|MAGIX|TIMP3|WSCD2|MAPK12|PANX2|APLNR|LINC00265|CYP4F2|ECM2|OR2A4|LINC01512|PRKCSH|DUSP8|SRRM3|C5orf58|PKMYT1|FGD1|BCL9L|MTMR8|CDCP1|MNX1|KIFC1|SPATA24|LINC00520|IL17RC|RPL3|TMEM92
GSE27786_NKCELL_VS_MONO_MAC_DN	0.145373134328358	0.582708161827734	0.300384687088586	1.12900123338222	486	176	MAP3K10|PRNP|BCAR3|SPMIP4|PELI2|C3orf52|STAP2|RFFL|STRADB|DEPDC1B|LAMP2|HNRNPLL|KNL1|MXI1|HIBCH|SCCPDH|GRK4|NDC80|SLC5A5|GFI1|SLC22A15|PAX7|DKK3|RSPH6A|PDE11A|TCAF1|BMPR1A|PIK3CG|ABHD5|CITED2|LMNTD2|CEP152|TMEM104|RNF14|NEK2|MIR1915HG|GPD1L|VAMP3|SMC4|GYG1|IQGAP3|LRR1|YAF2|CDC25C|RIOK3|HJURP|SH3YL1|ERCC6L|RALGAPA1|ALDOA|PHF10|KNTC1|SSX2IP|PPP3CA
GSE9960_HEALTHY_VS_GRAM_NEG_AND_POS_SEPSIS_PBMC_UP	0.14552590266876	0.582708161827734	-0.346224517949026	-1.16862349678516	926	121	AMH|BCAS4|PIEZO1|CPEB3|METRN|TNK2|MAST1|RIMS4|LOXL1-AS1|MST1R|PCED1B-AS1|RND1|STXBP5-AS1|ZNF316|ADAM11|FBXL9P|DMPK|RNH1|TONSL|SFXN3|BRPF1|NR4A1|MNX1|SUSD3|RGL2|HCN3|SLC25A42|NEURL4|SLX9|EOLA2|PCGF2|SH3D21|ARAP1|BRF1|LINC00355|EFNA3|PDE1A|SHARPIN|CERS1|NR6A1|TUT1
HOEGERKORP_CD44_TARGETS_TEMPORAL_DN	0.14523381294964	0.582708161827734	0.507759423818657	1.27348685387573	645	19	CCNG2|MX2|MEF2A|USP6NL|AUH
LEE_LIVER_CANCER_MYC_DN	0.145531914893617	0.582708161827734	-0.423037302279698	-1.23237031782902	854	46	ABCC10|MT2A|IGFBP2|PCOLCE|CYP2F1|DCT|TBC1D8|SLC37A4|MAPKAPK2|G0S2
WENG_POR_DOSAGE	0.145516992046276	0.582708161827734	-0.547029168475972	-1.29010539430866	804	17	RETSAT|LGALSL|ASNS
GSE45739_UNSTIM_VS_ACD3_ACD28_STIM_NRAS_KO_CD4_TCELL_DN	0.145645874637792	0.582931933657956	-0.332267614039969	-1.15929814414256	954	161	MTCL1|SPIB|LAG3|PTPRB|BFSP1|DYSF|MED14OS|SPON2|ENC1|S1PR5|CHST12|B3GAT1|GTF3C1|CD19|CACNA2D2|FYN|FEZ1|UBB|ARHGAP26|CASZ1|COLGALT2|PRF1|CLCN6|SPHK1|F2R|PDGFA|TSPOAP1|PLEKHF1
GSE36392_EOSINOPHIL_VS_MAC_IL25_TREATED_LUNG_UP	0.145780051150895	0.58323641030398	0.310035226033385	1.13778897202238	512	145	MIER3|SNX16|ZBTB12|TM6SF1|PELI2|RBM44|KCTD12|PLEKHH2|LONRF1|CCN1|BNIPL|TTPAL|UCN|P3H4|BLTP1|ADIPOR1|SPINK4|RASL10B|SEPTIN14|CSRP3|SH2D5|SLC22A2|NPAS3|CNIH3|CKAP2L|SQOR|DSG2|FAM227A|CRABP2
DUTERTRE_ESTRADIOL_RESPONSE_6HR_DN	0.145893466281816	0.583457615353333	0.349539506830017	1.1761868230764	555	81	ST8SIA4|CCNG2|LRATD1|SESN3|KAT2B|FGF13|EGLN3|ARID5B|MME|TP53INP1|KLHL24|UTRN|PLEKHF2|EPB41L5|LMO7|HSD17B11|S1PR3|TSPAN12|BMF|LIPH
WP_MATRIX_METALLOPROTEINASES	0.146240057845264	0.584610792772106	-0.546566673715988	-1.28901465359668	808	17	TIMP3|BSG|MMP1|TIMP1|MMP15|MMP17
BIOCARTA_TOB1_PATHWAY	0.146540326134861	0.584857151508312	0.547944509222299	1.29356047121354	664	15	TGFBR2|CD3G|SMAD4|TOB1|TGFBR1
GSE13946_CTRL_VS_DSS_COLITIS_GD_TCELL_FROM_COLON_UP	0.146651270207852	0.584857151508312	0.304981212756066	1.1324825197617	507	159	TTC39B|MYO1F|AIF1|GPR160|CD44|FCGR2B|IL12RB2|RGS2|SCRN3|CCL4|RUNX2|HACD2|HIF1A|FAM107B|IL18R1|MRPS24|CPD|PHLDA1|AP1S2|SCFD2|SYPL1|SMNDC1|UBE2N|OAT|KCNJ8|AP3S1|RAP2A|NCALD|PERP|ELL2|CALM2|TCEAL9|RHEB|CHSY1|ABHD5|ANXA1|RBM47|SUB1|SMPDL3B|GGH|PLSCR1|ZWINT|PTPRJ|SLC4A1AP|MPHOSPH6|HTATIP2|GABARAPL1|REEP3
GSE41867_NAIVE_VS_DAY30_LCMV_CLONE13_EXHAUSTED_CD8_TCELL_DN	0.146472164334623	0.584857151508312	0.293013069308212	1.11793821917684	491	193	FBXO2|TGFBR2|PDK1|BMPR2|MBNL2|RFFL|TM9SF1|MAP3K1|PAIP2|LHPP|PAQR3|CLK4|AAK1|CHPT1|TOB1|SLC44A1|RHOBTB1|TMED2|AP3M1|TJP2|TAPT1|INTS6L|INPP5K|RAB11A|ODR4|IDH1|COPS3|SCP2|ZNF790|SLAMF7|CDKL2|GATA4|FLCN|CMPK1|RABGAP1L|FAM3C|PRR3|ANKRD50|FILIP1|ALDH2|SEPTIN7|ATF2|LMBRD1|DERL1|BRAF|ZC3H11A|PHF3|TPST1|CR1L|SMPDL3A|ING2|PSME4|FUCA2|YIPF4|GLT8D1
GSE5099_MONOCYTE_VS_ALTERNATIVE_M2_MACROPHAGE_DN	0.146619841966637	0.584857151508312	0.303386259858485	1.13312752976786	500	167	DNAJB2|OR7D2|ZNF708|CMYA5|GOLPH3|ARL5A|TET3|STRAP|STXBP3|ZBTB18|ZNF277|EIF4G2|CCNA2|CKAP2|ZNF493|HIBCH|RAB6A|APOL2|ATP6V1G2|CORT|LAT2|ICA1|PPIL4|ZDHHC20|TUBE1|COPS5|BTBD8|FAR1|SMIM30|SEC24A|GIMAP2|C1D|ATP2A2|DCP2|CHMP5|P4HA1|GOLM2|TMC7|SUCLA2|ZNF638|ZNF264|SYNJ1|HNRNPA2B1|DSN1|LYRM2|UBR1|INPP4A|PHF8|HSPA5|TAF3|YME1L1|NCKIPSD|DNAJC21|PAIP1|KPNA4|OR51B5|ARMC10|CRKL|NFIX|AGO2|SIRT3|TRRAP|UBE2L6|PNRC2|PHAX|CDK5R1|PAK2|CRTC3|TULP4|NUP43|METTL15|EGLN1
HADDAD_T_LYMPHOCYTE_AND_NK_PROGENITOR_DN	0.146595590016962	0.584857151508312	0.39010920304903	1.20852824673617	604	49	ITGB7|MS4A3|MS4A6A|CSTA|MME|GPR183|IL6R|ACSL4|RRM2|AZU1|CD24|KIF15
HALLMARK_HYPOXIA	0.146385271665918	0.584857151508312	-0.325493977642351	-1.15325137364356	977	183	GAA|SULT2B1|NDST2|PYGM|NAGK|EXT1|MT2A|TPBG|KLF7|HAS1|TPD52|TGFB3|PPFIA4|IER3|GPC1|STC2|FOS|MIF|SERPINE1|PGF|NFIL3|EFNA1|CA12|DCN|NCAN|TKTL1|IRS2|PHKG1|SCARB1|KIF5A|CSRP2|ENO3|SELENBP1|SLC2A3|GRHPR|HEXA|SDC4|NDST1|SLC37A4
REACTOME_DEADENYLATION_DEPENDENT_MRNA_DECAY	0.146755162241888	0.585039046300266	0.379441367401838	1.20048318543572	596	56	DCP1B|CNOT11|CNOT8|CNOT6|CNOT7|EIF4E|EXOSC9|EDC4|CNOT3|CNOT2|HBS1L|CNOT6L|DCP2|TUT4|LSM3|DDX6|EIF4B|EIF4A2|PABPC1|PATL1|CNOT10|PAIP1|XRN1|SKIC3|EXOSC8
JIANG_TIP30_TARGETS_DN	0.146921975662133	0.585471533027587	-0.515445272587265	-1.27495230095694	820	21	CLDN6|SRRM2|DHX38|CALR|CTSD|PCGF2|SEPTIN9|TLN1
CHEOK_RESPONSE_TO_HD_MTX_DN	0.147058823529412	0.58555195183984	0.476782916322489	1.25129020702026	644	23	STRAP|CNOT8|BNIP3L|AP1S2|CRYZ|MAPK1IP1L|ARF4|DYRK1A|SOCS2
REACTOME_TNFR2_NON_CANONICAL_NF_KB_PATHWAY	0.147012162876785	0.58555195183984	0.340692369739317	1.17058165299938	555	92	TNFSF12|CD40|TNFRSF14|CD70|TNFSF4|PSMC6|PSMC1|PSMD5|EDARADD|TNFSF13B|PSMA1|PSMA4|PSMD6|EDA|PSMD10|SKP1|PSMA2|CHUK|PSMA6|BIRC2|PSMC2|PSME4|FBXW11|PSMD14|PSMD11|PSMC5
GSE17721_CTRL_VS_CPG_2H_BMDC_DN	0.147136563876652	0.585562532039147	0.301308368596269	1.12960899468027	500	171	DLG2|GPR137B|CD44|CD40|FCGR2B|CCL2|KIN|PLK4|POU6F1|ST3GAL5|ACSF2|PHLDA1|DLC1|FER|LHPP|MTHFD2|UAP1|PROCR|SLC44A1|RPL39|MAPK8|VAV1|DDHD1|HES7|OPRL1|IFITM10|LHX5|FOXP1|DPH6|JAK2|SAMSN1|MFSD4B|WIPI1
GSE41176_UNSTIM_VS_ANTI_IGM_STIM_TAK1_KO_BCELL_24H_UP	0.1471952131638	0.585562532039147	-0.325841317397544	-1.15344143635176	983	181	TBC1D1|HSPA6|ZNF224|BSCL2|ACADS|LCAT|ADGRE5|CCS|GSDMD|MAN1B1|PPARG|DCAF11|TMEM80|LONP1|TXNL4B|ROBO3|FASTK|HIGD2A|SIRT7|KCNAB2|MDFIC|EXD3|STK19|LIN7B|TSC1|RNH1|POLD1|PMPCA|TRIP6|SNRNP200|GPATCH3|QTRT1|DGAT1|NDUFA1|XPC|ENDOG|WDR13|CPNE1|GPAA1|CDK10|VPS11|ENGASE|SDHA|EVL|HMG20B|OGFR|MAN2C1|ZNF219|NUMA1|NRGN|ATP5MG|COASY|TIMELESS|KAT5|TXN2|RAC3|PRKRIP1|STK25|BCAP31|EBP|CD52|RBM5|KPTN|S100A13|EIF3K|SERINC3|KIF22|TKFC
GSE41978_WT_VS_ID2_KO_KLRG1_LOW_EFFECTOR_CD8_TCELL_DN	0.147236484445787	0.585562532039147	-0.327532733295604	-1.15184275149704	974	173	UBL3|ESPN|ADAM19|TCTN2|CUBN|ITGA4|UQCR11|RNF5|P2RX4|KCNK5|LAMA5|SRD5A3|SEMA3B|CIAO2B|LGALSL|TGM1|CAMKK1|FOS|SERPINE1|HRC|NFIL3|KDF1|JAG2|CA12|AKT3|PCDHB5|TSHZ2|SUCO|PIP5KL1|CCL24|GPR146|H2BC5|MERTK|FBXW4|DHRS3|PLK3|NDEL1|POLR3K|SNHG6|NDST1|ITGAV|MMP17|HCN3|LAMP1|NOCT|ZNF707|TYW5|MAFG|ELL|CKB|ARMCX3|EAF2|HIP1|UBE2O
GSE27241_WT_VS_RORGT_KO_TH17_POLARIZED_CD4_TCELL_TREATED_WITH_DIGOXIN_UP	0.147430249632893	0.586100929035635	0.3010870256746	1.12877917718668	501	171	PITPNC1|TBCEL|BMPR2|BLTP3B|CHDH|H2BC26|ATG2B|BLTP1|RIF1|UTRN|SMC2|NFAT5|RIC1|MED13|ATP8A1|NUP205|SBNO1|DOCK11|SP1|RFX7|ERC1|CLIC4|ZBTB37|KIF15|DEPDC5|RPGRIP1L|PIK3CG|CNOT6L|ATP2A2|RB1|NF1|TMEM245|KIF14|TUT4|TBCK|ATP13A3|TTLL4|TNKS|FRYL|STIL|RAD21|UBE4B|WRN|NCOR1|PSMD11|CKAP5|ATAD2|FCHSD2|ATM|TRIM33|EP300|BIRC6|DOCK8|RALGAPA1|PPM1E|KNTC1|SLC37A3|SOS1|TAOK1|NCAPD2|VPS13C|CEP350|USP37|BRCA1|SMG1|PRCC|NPEPPS|ATAD2B|NUCKS1|TULP4|IWS1|ZHX3
WP_CELL_LINEAGE_MAP_FOR_NEURONAL_DIFFERENTIATION	0.147580258744609	0.586465018716702	-0.361153098943716	-1.18192683563103	923	96	SHANK1|KRT15|ZFP42|HOMER3|GFAP|BSN|FOXD3|TWIST1|RIMS2|TPH1|UNC13A|CLDN11|ESRRB
GSE21670_STAT3_KO_VS_WT_CD4_TCELL_UP	0.147791532935962	0.586676657362831	-0.332092472359888	-1.15778085349353	966	160	DGAT2|TYMP|IFI30|ATXN1|ASPHD2|BTN2A2|PIK3C2B|TAP1|PEMT|IL4I1|BTN3A1|HCST|BSG|FCRLB|RCN3|IFI35|MAST1|PRR29|PLEKHG6|RASGRP1|ZNRD2|U2AF1L4|TMEM109|CRYM|LTBP3|ZDHHC24|MXD4|YIF1A|ICAM2|SRM|ORAI1|SLC2A3|ALG3|TMEM205|AHSP|DHCR7|SNX11|TMEM147|NFKBIB|ICAM3|TLCD1|ITGA5|SSR4|RNASET2|EMC10|NOL6|TP73|DNPEP|CD320|ADAM8|NLE1|SYNGR3|HYAL2|NFKBIE
GSE339_CD4POS_VS_CD4CD8DN_DC_IN_CULTURE_UP	0.147963668326985	0.586676657362831	0.303594633014095	1.13139945723248	504	165	TENM1|FGF5|DPF3|CFL2|ZNF354A|NCOA2|CD164|NAA30|MNS1|EIF3E|HIF1A|BPNT2|FER|YES1|PNPT1|KIF3C|RPAP3|HSPH1|TSPAN13|TCF12|CBX3|PLGRKT|WTAP|FEM1B|USP14|DDHD1|GFI1|SPINK4|PLA2G4A|VAPA|MRPS31|KLHDC2|B3GNT2|NAMPT|UBE2D3|WSB1|ADAM10|CNOT6L|NDN|GBE1|HAPSTR1|CR1L|TPP1|TAF9|TAMM41|IVNS1ABP|PTAFR
GSE6259_33D1_POS_DC_VS_CD8_TCELL_UP	0.14798418972332	0.586676657362831	-0.354671284575061	-1.17916495132422	935	108	MAPK8IP2|H2AC15|FNDC11|CPT1C|PABPC1L|SCRN2|FXYD1|RIMBP3|KRT4|FGF12|FMN2|GAS2L1|DIPK1C|FLYWCH1|KLF14|SEMA6A|CNTROB|SLC2A8|CAPN10|ZC3H18|DLK1|DUSP13B|LENG1|NOP16|GTSE1|NRARP|DUSP9|LRFN4|EIPR1
HALLMARK_APOPTOSIS	0.147715033082013	0.586676657362831	-0.335408393293371	-1.16017750156699	959	150	PAK1|SMAD7|PLAT|CD14|RETSAT|CYLD|TIMP3|TAP1|ANKH|EREG|IER3|CCND1|FEZ1|HSPB1|TIMP1|RHOT2|DCN|FDXR|IL1B|FAS|IFITM3|TSPO|IGF2R|PRF1|F2R|RHOB|MADD|BID|LMNA|IFNGR1|BCL2L1|PSEN1|ADD1|IRF1|CDKN1A|JUN|BCAP31|EBP
KEGG_COLORECTAL_CANCER	0.147819660014782	0.586676657362831	0.371785054915803	1.19814869424615	599	61	TGFBR2|TCF7|PIK3CA|SMAD4|MSH2|SMAD2|MAPK8|MSH3|MAPK1|RHOA|TGFBR1|BCL2|CASP3|PIK3CG|MYC|BRAF|APC|MAPK9|CTNNB1
REACTOME_SLC_MEDIATED_TRANSMEMBRANE_TRANSPORT	0.147921029015854	0.586676657362831	-0.324048240125176	-1.14944227173417	988	187	SLC26A11|SLC30A3|SLC2A4|SLC22A18|SLC8A2|SLC39A3|SLC9A1|SLC29A1|BSG|SLC3A2|SLC12A4|SLC41A2|SLC7A7|SLC39A2|APOD|SLC2A9|SLC2A12|AHCYL2|SLC29A2|SLC27A1|SLC27A6|SLC15A2|SLC6A13|SLC12A6|SLC2A8|SLC16A3|SLC43A1|SLC12A7|SLC7A11|SLC26A6|SLC1A5|SLC7A1|SLC4A2|SLC2A3|SLC39A4|SLC6A9|HEPH|SLC35D2|SLC5A3|SLC2A11|SLC9A8
REACTOME_REGULATION_OF_RUNX1_EXPRESSION_AND_ACTIVITY	0.148098434004474	0.586897781498979	0.527298120137539	1.28437349091542	661	17	AGO4|SRC|CBFB|AGO1|CDK6|AGO2|PTPN11|CCND2|AGO3|PML|TNRC6C|CCND3
GSE42088_UNINF_VS_LEISHMANIA_INF_DC_8H_DN	0.148158721096203	0.5869049890938	0.308597299670863	1.13658249276154	518	150	ZNF41|DYNC2LI1|ZNF43|SCRN3|CUEDC1|ASB9|PRKN|GPR162|HS2ST1|RHOT1|AMMECR1|PEAK1|GULP1|KCNJ6|CRYBG3|SLC30A6|ZFYVE26|POLA1|DYM|LRP2BP|MAGEA4|WWTR1|B3GALT1|SLCO4C1|SHTN1|MTMR12|PLS1|PIP5K1B|RPE|SLC25A14|IL10RA|PCYOX1|KIF15|ZNF304|TRDMT1|TPP1|CLCN3|MAPK9|SNTB2
GSE2128_C57BL6_VS_NOD_THYMOCYTE_UP	0.148493975903614	0.588000998075141	0.295480719187108	1.11947728933468	492	186	TTK|IGSF11|DDIAS|DOK2|CCNE2|CCL4|EIF2AK3|NABP1|KPNA3|RARS1|G2E3|UAP1|KNL1|ZNF146|PSMA1|CAPN2|PPP1R12A|SCYL2|KPNA2|PLXND1|UGCG|LFNG|MYEF2|APPBP2|SDHD|TMF1|TENT5A|TUBE1|METTL14|B4GALT5|RFC5|BUB1|CDK2|MEGF9|KIF14|IPO5|BNIP2|PRR11|STIL|PIAS1|BRIP1|MBD4|STARD7|CDCA2|CENPJ|CENPS|CCT6A|FABP5|ELOF1|RIOK3|SH3GLB1|PEPD|ANXA7|TAF12|BTG3|ALYREF|ERCC6L|GDAP2|VIM|EXO1
GSE3720_LPS_VS_PMA_STIM_VD2_GAMMADELTA_TCELL_DN	0.148584905660377	0.588129054818166	-0.350718475985705	-1.17410502771861	944	113	TMCO4|VMAC|CIITA|ANAPC11|AURKC|LYST|TMEM25|HSPB3|SYNGR2|TRIO|HDAC8|SOD3|AFAP1L1|TRIM10|BRD3|SLC27A6|TRPC3|LGSN
TONKS_TARGETS_OF_RUNX1_RUNX1T1_FUSION_MONOCYTE_UP	0.14873180249137	0.588478452269757	-0.323313203578983	-1.14853508579549	990	190	AQP1|FARP1|HOMER3|EXT1|CBS|MT2A|L1CAM|GDF15|SLC9A1|CENPX|EPS8|APOE|APLP2|ATP5ME|MMP1|UCHL1|PUS1|HSPB1|MX1|AMPD2|TRIB3|ISG15|PSMB5|TRIP6|ICAM2|KCNN4|PDGFA|MYBBP1A|G0S2|SLC5A3|FLNB|SIVA1|MREG|SASH1|SMARCA4|COL1A2|SLIRP|NR2F6|MRPL17|CKB|PPME1|NCLN|LY6E|DEXI|DUSP14|CAVIN1|PTDSS2|PES1|ARAP3|PFKP|TMEM158|EIF4EBP1|NEFH|TCF7L2|NOP56|SLC39A7|EIF3B|NDUFAB1|DDX24|DAG1|RAB13|SLC16A1|LPL|NES|SPTAN1|DDR1|KANK2|LGALS9|HSPE1|NHP2|SLCO4A1|TNPO2|TFPI|NOP14|NOLC1|TRMU
GSE37416_12H_VS_24H_F_TULARENSIS_LVS_NEUTROPHIL_UP	0.148942552872356	0.58884846868091	-0.323767685175019	-1.14941030554012	992	189	ADAM19|ANPEP|STX11|SPAG1|DYSF|ADGRG3|MAML3|DGAT2|ATRN|QSOX1|RGS3|PLOD1|CXCL16|FLT1|CRISPLD2|LGALSL|RIGI|PDLIM7|RHOF|ECE1|ATP2A3|MX1|GNMT|G6PD|NINJ2|LRRC75A|AMPD2|TRIM26|TACC3|ORAI1|CST3|SP110|XPC|CERS4|NOP10|RAB11FIP4|ACAA1|RGS19|DDAH2|DHCR7|NCKAP5L|PRELID1|TGIF2|ICAM3|BORCS5|USB1|HAUS4|DBN1|S100A6|PXN|IER2|PRR7|CTSH|ITPR2|ADAM8|ABHD16A|SLC39A13|ARAP3|FHOD1|ATOSB|ZSWIM6
PICCALUGA_ANGIOIMMUNOBLASTIC_LYMPHOMA_UP	0.148942644150312	0.58884846868091	-0.330893241307061	-1.15621058648745	978	163	TAGLN|CARMN|ACKR1|EMILIN1|C3|OSMR|NAGK|ENG|MARCKS|LAMB1|LAMA4|GASK1B|ACTA2|DOCK4|COL1A1|APOE|CCDC102B|APOC1|SERPINH1|CTHRC1|RARRES2|COL6A1|TMEM163|PCOLCE|HSPG2|PGF|CMKLR1|SMOC2|ARHGEF10|CSRP2|ATOX1
GENTILE_UV_HIGH_DOSE_UP	0.149170274170274	0.589472317777634	-0.536970836796365	-1.28358236095166	826	18	FSTL3|TSC22D3|PLA2G6|COX6A1|SFI1
GSE17721_CTRL_VS_CPG_24H_BMDC_UP	0.149628956534908	0.589472317777634	-0.327566976457522	-1.15070321510837	987	172	COX6B2|C1QTNF12|VWA7|BMP8B|IFT122|KIF1A|DBNDD2|EXT1|CD84|L1CAM|HSPB3|CHST12|MAN1B1|CASQ2|HSD17B10|AHCYL2|APOBR|ACSL6|B3GNT4|MCAM|ACTN2|SMIM11|GRIK5|KCNJ15|EGFL6|SELENOH|ESRRB|CHCHD6|DCT|DCXR|CTC1|HEXA|TPGS1|CNPY3|CDCA3|FGF2|HDAC5|DLL3|DUSP9|HES6|BLTP2|MAN2C1|IFT46
GSE18791_UNSTIM_VS_NEWCATSLE_VIRUS_DC_6H_UP	0.149625187406297	0.589472317777634	0.294365235328167	1.11847013183768	498	189	ZBTB26|NKIRAS1|YOD1|ZNF570|DDIAS|CETN3|ZNF227|EMSY|USP38|PDIK1L|ZNF624|RWDD2A|SUV39H2|MSH2|LYSMD3|SNAI3|MEX3B|GRPEL2|GMPS|SLC19A2|EIF2B2|BRIX1|IFFO2|SLC20A1|KLHL8|ZNF292|CELF2|ZNF627|FBXO45|BAG4|VRK1|ZNF566|ZNF304|SDE2|RFC1|ZBTB21|HMG20A|TRIT1|TRIM32|GOLT1B|ANP32B|GLUL|DCAF4|ING2|ZKSCAN5|IVNS1ABP|CEP85L|DDX6|DDX20|SNX29|LRR1|MED8|ZYG11B|SERTAD2|ATL2|ZC3H8|SMAD5|DEDD2|DRG1|CEP192|TXLNG|ZBTB11|INPP1|SLC35B1|RRN3
GSE22886_DAY1_VS_DAY7_MONOCYTE_IN_CULTURE_DN	0.149442603193733	0.589472317777634	0.291710183096623	1.11483691747879	495	196	TM6SF1|TGFBR2|ITFG1|TMEM135|PTER|MTX1|TRMT61B|PPT1|PRPS2|ME1|AMZ2|INTS13|CHPT1|SNX24|DENND4C|IDH1|RAP2A|SCP2|TGFBI|COL8A2|PIGK|DLAT|LDHB|AGL|ATP5F1B|WASHC3|RPE|MRPS35|CDK2AP1|NNT|PRDX6|ACAT1|NDUFB5|CMC4|ALDH2|HMGN3|COX7B|APEX1|TMEM243|ATP6V0E2|TTC3|GTF3A|SUCLG1|GPI|SLC25A5|MRPS33|QDPR|METTL5|SEPTIN11|GGCT|ACAT2|HLTF|ADH5|TFRC|FDFT1|SUCLG2|ANKMY2|AHCY|ACOT13|PEPD|PEX19|CCDC88A|RAP1GDS1|MPP1|HEXB|SPARC|ACADM|MRPS27|BRCC3|GOT2|GLRX5|OSBPL9|PLD3|IMPA2|ARL2|HDDC2|MDH1|HADHB|ME2|CASP6|COX5A|PPIC
KENNEDY_PBMC_DRYVAX_AGE_18_40YO_STIMULATED_VS_UNSTIMULATED_1_TO_48MO_TOP_DEG_DN	0.14929768917082	0.589472317777634	0.490702449473139	1.26122112852873	658	21	SEMA3A|OPRL1
MATTHEWS_AP1_TARGETS	0.149405024239753	0.589472317777634	0.546551267841426	1.29027137542588	677	15	CD44|CA3|IL1RL1|SPP1|HBEGF|STMN1|MGST1
REACTOME_A_TETRASACCHARIDE_LINKER_SEQUENCE_IS_REQUIRED_FOR_GAG_SYNTHESIS	0.14957264957265	0.589472317777634	-0.502234200070476	-1.26760646955402	839	23	B3GAT1|GPC1|HSPG2|B3GAT3|DCN|NCAN|B4GALT7|AGRN|SDC4|GPC2|XYLT2
REACTOME_AZATHIOPRINE_ADME	0.149618663077613	0.589472317777634	0.51435980067296	1.27396431934259	666	18	VAV2|ABCC4|HPRT1|GMPS|VAV1
UROSEVIC_RESPONSE_TO_IMIQUIMOD	0.149350649350649	0.589472317777634	-0.536938331637325	-1.28350466017925	827	18	IRF7|IFITM1|IFI35|MX1|ISG15|MICB
GSE18791_CTRL_VS_NEWCASTLE_VIRUS_DC_12H_UP	0.149746948496576	0.589705715578122	0.292617645767491	1.11642955237922	502	193	AKTIP|NAPEPLD|MLYCD|TM6SF1|EXO5|DDIAS|MBLAC2|ZNF227|PDIK1L|STRAP|BRMS1L|VBP1|SUV39H2|PAQR3|PNPLA6|NOL11|MSH2|TFB2M|NUP35|NAA15|CRNKL1|DCAF13|ETV5|INTS8|SNX4|MRPL15|GNPDA2|MRPS23|SRSF8|PCYOX1|CFAP20|DCAF4|SPRED1|HLTF|B3GALNT1|TMCO3|LRR1|CCT6A|UTP25|RPAP2|MDM1|PPAT|PKNOX1|TRAPPC13|HLCS|WDR3|SNRPD1|FAM98A|PRMT5|RLIG1|MTIF3|NCAPH|TERF1|FAM204A|TUBB6|PLPP6|SS18L1|ZCCHC24|EEF1AKMT2|MRPL19|IMPA2|PHAX
MIKKELSEN_IPS_WITH_HCP_H3K27ME3	0.149809001826939	0.589718729544633	-0.387697341887714	-1.20120583328709	901	66	ELOVL3|CRLF1|NALF1|HBQ1|EREG|FGF12|ZMYND10|HOXC8|HOXC10|HOXC6|HOXB8|HBZ|HOXB3
BROWNE_HCMV_INFECTION_16HR_DN	0.150508927081595	0.5910831807688	-0.385827532514487	-1.19824161061615	901	68	FBXL2|ANPEP|GFAP|COL1A1|SERPINH1|PDLIM7|MPG|SLC16A5|MXD4|FILIP1L|DHRS3|PLEC|FGF2|MVD|ACADVL|ID2|COL1A2|LMNA
GSE25088_IL4_VS_IL4_AND_ROSIGLITAZONE_STIM_MACROPHAGE_DAY10_UP	0.150495644337639	0.5910831807688	0.296904469888034	1.11921406953863	500	180	VAV2|SLAMF6|LPXN|FAM135A|YOD1|CRYL1|GABRR2|DNAJC24|CAMSAP2|FGF13|NABP1|B3GNT5|EIF4G2|NOL11|AP1S2|KNL1|MEF2C|ERI1|KIF3C|CAPN2|SLC44A1|POLA1|CRNKL1|RBMX|UHMK1|GTF2A1|HNRNPH2|HESX1|PLCH1|GPR183|ACVR1C|ACOT11|MYEF2|BMF|UBE2E1|ZNF799|INPP5F|SSB|RBPJ|RAPH1|ELK1|PDE7A|METTL4|SECISBP2L|RBM47|SUB1|TMED8|PLCD3|CLUAP1|OPN3|IL13RA1|ARL6IP6|ASXL2|TRIM59|ESCO2
GSE36888_UNTREATED_VS_IL2_TREATED_TCELL_6H_DN	0.150421179302046	0.5910831807688	0.296399574252403	1.11889187732861	499	182	SETD7|ARRDC3|DUSP19|ZNF614|PPT1|PRPS2|BPNT2|UCHL3|GLUD1|FASTKD1|AKAP11|HEATR3|UTP18|NUP35|ARMCX5|NCBP2|RHOBTB1|MEX3B|ZNF664|AGPS|IGFL2|B3GALT1|CMTM7|MRPL15|RIOK2|CNBP|MORF4L2|UTP3|GTF2E1|ADK|AASDHPPT|RAPH1|NARS1|TMEM70|IFTAP|ADCK1|DNAJB11|COX7B|SPTSSA|COMMD10|ELOVL6|TAF9|CFDP1|FUCA2|C1orf131|PCNA|ADORA2B|SEC63|FABP5|GRSF1|PACRGL|OTUD4|ZZZ3|NDC1|GFM1|FBXO4|RAP1GDS1|TRIM47|GEMIN2|TANC2|CANX|ALG5|ARMC10|NUDT4|ACADM|PTCD3|BRCC3|HNRNPA3|ATP6V1G1|PGBD2|CUTC|BLOC1S2|NETO2|XPO1|MDH1|CHML|SCO1|RABGGTB
GSE44649_WT_VS_MIR155_KO_ACTIVATED_CD8_TCELL_UP	0.150292485375731	0.5910831807688	-0.323547710115277	-1.14862937028251	1001	189	LAG3|NDST2|IL15|WASHC1|STOML1|ITPKC|SNN|ELMO3|TAP1|IL4I1|GSDMD|NXF1|IFI35|HERC6|TMCC3|RND1|TMTC2|IFI27L2|LGALS3BP|MED15|SPATC1L|NFIL3|TRIOBP|C3orf80|FAS|DPP3|CAPN10|PLEKHG2|TSPO|TAP2|MAP3K11|PSMB10|LRSAM1|AGRN|RILPL2|ZBTB10|INTS11|TAPBP|NUDT17|XPO6|CACNB3|CMTR1|LAMP1|ATP6V0A1|MDK|TLCD1|OGFR|ANAPC2|STARD10|TNIP2|AARS1|ZNFX1|CDC42EP3|METRNL|TMEM39A|IRF1|RELB
GSE5589_WT_VS_IL6_KO_LPS_STIM_MACROPHAGE_180MIN_DN	0.150471698113208	0.5910831807688	-0.350091669463626	-1.17200665897167	956	113	CADM2|AMH|CFAP45|APBB2|CELF3|ADAMTS14|ICAM5|MICAL3|SLC35G2|TCL1A|ELL3|CCND1|TMEM44|LTBP4|DNAJC17|TRMT112|SHISA5|CAPN15|CPNE7|MRAS|PRKAB2|ANKRD9|RPL37A|KDM4B
RICKMAN_HEAD_AND_NECK_CANCER_B	0.150221600186611	0.5910831807688	0.4325368438851	1.22672997944214	643	32	COL21A1|IGSF11|PLAAT1|PTH2R
KEGG_NICOTINATE_AND_NICOTINAMIDE_METABOLISM	0.150657000453104	0.591433308779138	0.48960369345107	1.25839706618378	664	21	NUDT12|NT5C3A|NAMPT|NNT|NMNAT3|NMRK1|PNP|NT5C2|NT5M
GARGALOVIC_RESPONSE_TO_OXIDIZED_PHOSPHOLIPIDS_GREEN_DN	0.150876571630955	0.591832366561751	-0.495684758093639	-1.26419514724857	851	24	MXD3|DYRK2|DUS2|PRDM15|RPP25|RNF145|EHMT2|NUMA1|ANKRD11|ASTE1|TMEM177|PSRC1|PATZ1
GSE22935_UNSTIM_VS_12H_MBOVIS_BCG_STIM_MYD88_KO_MACROPHAGE_UP	0.150874524714829	0.591832366561751	-0.33016029825572	-1.15418267135949	991	164	IGF1R|ABRACL|CD14|VANGL2|TIMP3|HBB|MAPK11|IL4I1|HOOK2|SREBF1|RGS17|IER3|CTDNEP1|CAMKK1|ACTN2|NCAN|NOTCH3|ADAM11|AXIN2|INHBE|BATF2|HYAL3|GGT7|BOP1|KIFC1|B4GALT2|TANK|RCN1|CAMKK2|BID|OGFR|SPINT1|ENPP3|PARP12|RRP7A|PTPN23|PAFAH1B1|TMEM183A|LGALS12|IER2|GABRQ|TYK2|PCBD1|TRAF5|AHDC1|TBC1D10B
GSE2770_UNTREATED_VS_TGFB_AND_IL12_TREATED_ACT_CD4_TCELL_2H_UP	0.151056935658077	0.59230840630304	-0.333316624050976	-1.15616121330713	978	155	LAG3|MAPK8IP2|BFSP1|APLP1|SEMA3F|TAP1|RPLP2|FOXH1|AFAP1L1|ANO3|CAGE1|NUDT16|NDUFA11|IP6K2|UQCC5|SLC27A1|KDF1|PRDM16|EPHB6|RPS6KL1|ARMC5|LYL1|TRABD|THBD|RASSF7|POLR1C|TELO2|GRIPAP1|MLH3|ID2|GTF3C5|UQCC3|IGSF1|NUMA1|HBZ|C11orf71|CCDC28B
GSE22443_NAIVE_VS_ACT_AND_IL2_TREATED_CD8_TCELL_DN	0.151116549403487	0.592310785986804	-0.33140573880222	-1.15459641085164	987	159	WNT11|COL18A1|C3|COL14A1|SFN|SEMA3F|HBB|ANKH|KRT12|CSF2|LBP|TGFB3|MST1R|SAMD10|COL6A3|CRYGS|FHL1|PIGR|FZD3|IFITM3|ACYP2|ADPRM|LTBP4|ID3|KHDC1L|ASNS|AGRN|FAM83H|BMP1|CDC42EP4|CEBPB
REACTOME_FORMATION_OF_THE_CORNIFIED_ENVELOPE	0.151233524839473	0.592537908797279	-0.40400350613485	-1.21252759005398	894	55	KRT15|SPRR2D|KRT12|KRT73|KRT4|DSC3|TGM1|KLK8|PKP3|KLK13
CHYLA_CBFA2T3_TARGETS_UP	0.151421767754588	0.592822443467306	-0.300707913752789	-1.12124798488768	1080	315	PRG2|TRIM45|IL21R|TCEA2|RAB27B|TSC22D3|PDE2A|ADSS1|TCN2|ADGRG3|PRSS57|HOMER3|B4GALNT4|PPFIBP2|PLPPR3|PPP1R14A|ARID5A|B3GNT8|H2BC17|VILL|MFSD13A|GOPC|SLC45A4|AATK|ITIH5|TMEM144|TCIRG1|SUN2|GCA|AFAP1L1|CD48|GRIA3|FLT1|CEROX1|RSPH9|LBP|PLEKHA1|TNFRSF1A|ERO1B|PIK3IP1|CRACR2B|PLOD3|MGAM|NOTCH3|NRG1|ADAP1|CALR|RAMP1|STING1|MDGA1|GMFG|HPGD|STOX1|RAB11FIP5|ATP13A2|F2R|RHOB|CEBPB|PRTN3
GSE17721_0.5H_VS_12H_GARDIQUIMOD_BMDC_DN	0.151542377957472	0.592822443467306	0.29355131354914	1.11648866373913	505	190	RFX3|NLGN2|GPR137B|TBX3|GPR85|SLC22A4|COPS2|RNF11|SRC|RFFL|CAVIN4|TMEM106B|PSMD5|CLK4|MAPK8|COIL|ARL1|VAV1|P2RX7|FCER1G|MYEF2|RAP1B|LRRC8C|USP47|JAK2|RBL1|TYMS|USP53|PELI1|PTK2|EIF4G3|UBE2D3|MOB1A|PSMD10|DMTN|ATAD1|TMEM243|MAN1A2|SERTAD3|SERINC1|PUM1|SPG11|FBXW11|PTPRA|HSD17B12|USP12|ASTN1|TAX1BP1|RIPK2|HELZ2|PHF21A|TMCO3|ZZZ3|GPSM2|PRDX5|B4GALT3|MORC3|EED|PXK|AZIN1|NR3C1|CCDC47|NUDCD1|TDRD7|VASP|POU2F1|ZNF260|JDP2|HPS3
GSE3982_EFF_MEMORY_CD4_TCELL_VS_NKCELL_DN	0.151432880844646	0.592822443467306	-0.326094812682768	-1.14805652362009	1003	175	TCEA2|RAB27B|TYROBP|BCAS1|BCAS4|IRF7|IFI30|BSCL2|CBS|TRIO|RGS3|GCA|MYO1A|DAGLA|SLC39A2|IRS1|DCAF11|CFD|NLRX1|PTK2B|GAS2L1|C5AR1|SEMA6A|TMEM94|YPEL1|FBXO41|YIPF3|LYL1|ZBTB10|PISD|TSPOAP1|EPHX1|PLEKHF1|RGS19|NDUFC2|TUBG1|AFDN-DT|GRIN2D|USB1|IRF9|PDK3|NUMA1|SOCS3|TYK2|REXO4|JUN|RSAD1|ARAP1|TBC1D10B|PIGO|FRMD4A|TBL1X|CYRIA|UBAC1|NFKBIL1
YAO_TEMPORAL_RESPONSE_TO_PROGESTERONE_CLUSTER_17	0.151533283470456	0.592822443467306	-0.324958477539907	-1.15031628303604	1012	181	TGFB1I1|ABRACL|CCDC12|COPE|SERF2|IFI35|ROMO1|DOHH|CIAO2B|NDUFA11|TMEM160|AURKAIP1|LRPAP1|TMEM109|DPP3|MRPS14|KRTCAP2|PSMB6|DDT|SMDT1|LSM7|NDUFB7|UQCRQ|SLC39A4|POLR3K|ARHGAP39|MAPKAPK2|MRPL2|PRELID1|MRPS11|EVL|YJU2|GSTP1|LMNA|ERP29|SLIRP|NR2F6|STUB1|PSMA7|CKB|NDUFB6|MRPL21|CENPB|DNAJC19|PARL|MRPS12|DDX54|SAE1|DRAP1|SMAP1|UBL4A|MRPL58|NDUFAB1|SLC25A39|UBE2S|UBA1|EIF4A3|MRPS34|SDHB|KRT10|RXYLT1|PSMB7|NDUFB9|EI24|TIMM13|TWF2|ERCC3|DCTN2|CDK4|PTDSS1|USP1|NDUFS3|COQ7
PID_ERBB1_DOWNSTREAM_PATHWAY	0.151686909581646	0.59315668031966	0.330499141019407	1.15763594986803	561	104	VAV2|EGF|SRC|ACTR3|PLD1|MAP3K1|EGR1|PIK3CA|MEF2C|USP6NL|ARF4|CAPN2|YWHAQ|YWHAG|MAPK8|MAPK1|CHN2|NCKAP1|YWHAZ|RAB5A|NRAS|ARPC3|ELK1|ACTR2|ABI1|ATF2|RICTOR|BRAF|CREB1|MAPK9|PPP2CA|YWHAH|ATF1|MAP2K4|RPS6|STAT1|ZFP36|SOS1|GAB1|PIK3CB|RPS6KA3|MAP2K1|YWHAB|PRKCD
PID_HIF1_TFPATHWAY	0.151754819574889	0.593191152216797	0.371526412479419	1.19237222970456	613	60	NCOA2|EGLN3|HIF1A|LDHA|NPM1|PFKFB3|SMAD4|HK2|HNF4A|COPS5|SP1|ABCB1|CITED2|CREB1|BHLHE40|TFRC|EP300|BNIP3|MCL1|ALDOA|PGK1
GSE20366_CD103_POS_VS_NEG_TREG_KLRG1NEG_UP	0.151896790047612	0.593416133380075	-0.332680007837844	-1.15607380780795	988	157	GNAS-AS1|TCEA2|ARK2C|COL25A1|DPH1|BRME1|LPCAT4|TIGD3|MAPK12|WNT3|LDOC1|SERPINH1|GNRHR|PNPLA1|PLEKHG6|AGER|DUS2|ACSL6|ZMYND10|MCAM|TIMP1|ATXN7L2|C2CD4B|MX1|TAF6L|NDUFA4L2|ARHGEF10
WP_BRAINDERIVED_NEUROTROPHIC_FACTOR_BDNF_SIGNALING	0.151930609960828	0.593416133380075	0.312962961738954	1.13819758558707	542	135	VAV2|DPYSL2|CNR1|SRC|RAB3A|MAP3K1|MEF2A|EGR1|MEF2C|MAPK8|RANBP9|MAPK1|SPP1|ALPL|GRIA2|EGR2|GRIP1|EIF4E|RAP1A|JAK2|CASP3|DLG1|ELK1|EIF2S1|PRKAA1|KIDINS220|CHUK|CREB1|APC|MAPK9|CTNNB1|PPP2CA|NCK1|MAPK14
DAVICIONI_MOLECULAR_ARMS_VS_ERMS_UP	0.15203054494967	0.593566619214004	0.273343217210366	1.09393292679256	437	311	LIPG|AKTIP|ZNF43|FOXO1|RNF11|CNR1|EMC9|DET1|DNASE1L1|ERI2|TBCA|PBK|AMZ2|ZBTB18|CPD|SGPL1|MAPK6|SATB2|TSC22D2|ELMO1|HPRT1|ARPP19|OAT|CCP110|ERP44|ASS1|BMERB1|AP5M1|SMARCA5|DLK2|SYNE2|NUDT11|NKAIN1|ADRA2C|S1PR1|MAMLD1|PAX5|ARL3|SOS2|CDC14B|TSTD2|KDM4C|WASHC3|CCNH|POU4F1|ARL17A|ADK|TOPORS|RBPJ|CDK2AP1|RAB28|SAMD4A|HMGN4|ASCC3|MTMR4|SCAMP1|MYB|FTO|NNT|ZNF91|ADAM10|NET1|MEGF9|MAGI2|CD47|CUL3|NF1|POPDC3|STX7|CLIP1|SMPDL3A|CLCN3|FRYL|NMRK1|QDPR|PCSK6|SLC30A9|USP12|PIAS1|SGMS1|ISCA1|CLASP2|THUMPD1|SH3GLB1|EIF1AX|CDS2|TSPAN3|GNE|ACOT7|DST|HSBP1|MAP1LC3B|PPP3CA|ANKRD17|MINDY2|PRKX|PAIP1|ARHGAP25|TXNIP|HCCS|ACOT9|MNAT1|WARS1|PGBD5|MARCHF3|ZNF248|GOT2|RNGTT|MXRA7
GSE11057_EFF_MEM_VS_CENT_MEM_CD4_TCELL_UP	0.152582159624413	0.593566619214004	0.301617567394786	1.12713872276589	519	168	FSD1L|PRNP|FAR2|AGO4|CCL5|CIRBP-AS1|KAT2B|LGALS3|SLC38A9|MLF1|HIC1|PHLDA1|XPR1|EAF1|ZNF555|CYP27B1|LZTFL1|SLF1|FBXO30|SLK|ATP1B1|EPS15|RBKS|GFI1|PERP|WWTR1|KIT|EFCAB6|ANKRD28|SLC20A1|TBC1D19|SAMSN1|LRP12|WIPI1|CHSY1|ABCB1|ZSCAN9|GVQW3|ELOVL6|ARL13B|FBXO36|PLCB1|ZFYVE1|SEPTIN11
GSE12003_4D_VS_8D_CULTURE_MIR223_KO_BM_PROGENITOR_UP	0.152566539923954	0.593566619214004	-0.351948985594559	-1.17236698005512	962	110	PLXNB2|MARCKS|BSN|CXCL1|SNHG11|APOC1|DYNLT4|RTL9|NAPSA|ATXN7L2|NKPD1|ARHGEF10|CAPN10|CCL26|POLE|ITGB5|PRSS21|PALM|GRINA|ACVR2B|HIRIP3|CPT1A|TIMM17B|MCM7|TNFAIP2|PRR5|LANCL2|LDAF1
GSE15750_WT_VS_TRAF6KO_DAY10_EFF_CD8_TCELL_UP	0.152547482665059	0.593566619214004	0.296191608477873	1.11693178693315	505	181	AIM2|SENP8|CD44|EGF|NEDD1|LONRF1|TBC1D32|DCLRE1A|RASSF3|CYP26A1|LHPP|HEATR3|FANCB|CRYZ|CHPT1|PLAA|CLK1|ETV5|RBMX|RNF6|COL8A2|NPAS3|FOXC2|GUF1|DSG2|SUPV3L1|RABL3|TAF1A|FAHD1|DRAM1|TRDMT1|ZNF823|MYC|RB1|PFKFB2|STXBP4|CENPI|ORC3|ARL4A|TNKS|ECPAS|FUCA2|PSIP1|MRGBP
GSE17301_ACD3_ACD28_VS_ACD3_ACD28_AND_IFNA2_STIM_CD8_TCELL_DN	0.152440850554058	0.593566619214004	0.293360483500494	1.11576286359388	508	190	PCYOX1L|PITPNC1|SLC18A2|SERINC5|IFIH1|FOXO1|ZNF573|ZNF354A|SGPP1|CLN5|TESPA1|ABCC4|LRBA|CPD|KLF10|KDSR|SGPL1|NR4A2|LIPT1|CRYZ|SPRY2|PUS3|ZFYVE16|HIBCH|ZNF274|PER2|GPR183|RSAD2|IL6R|IFIT1|S1PR1|XYLT1|INPP4B|MAGT1|RNF144A|APPBP2|C1GALT1|LITAF|CDK17|SLC30A1|FUT8|FBXL4|ABCB1|BAG4|NIP7|PRKD3|RIOX2|NPAT|TRIM32
GSE360_CTRL_VS_L_DONOVANI_MAC_DN	0.152272043334336	0.593566619214004	0.295355283521227	1.11726891250371	505	184	PIGA|CD40|ITGB4|IL10RB|CAPZA1|ABCC3|CAMSAP2|CLDND1|STXBP3|PEX3|GGPS1|TAB2|TFAP4|NIPSNAP2|STT3A|SH3BGRL|THOC2|UTRN|NCBP2|ADD3|WSB2|LRIG2|WBP4|ATP1B3|TRIB1|HNRNPH2|COL4A5|SPINK4|S1PR1|SERPINE2|ACSL4|RAP1B|CNBP|PRRC1|SLC30A1|UBE2V2|PLPBP|ANKRD46|RABGAP1L|CHD9|DNAJB9|DHX15|CHUK|ABHD5|PUM2|TTC3|INPP5B|CTNNB1|ARL4A|ZMYM2|PTAFR|PHIP|USP12|ATP5PB|TRIM16|GTF2H1|OTUD4|HNRNPA2B1|SCN9A|TRIM33|PHF8|SUMO3|CD46|FAM98A|MAP3K5|FOSL2|AZIN1|NFX1
GSE41087_WT_VS_FOXP3_MUT_ANTI_CD3_CD28_STIM_CD4_TCELL_UP	0.152619589977221	0.593566619214004	-0.328093564167862	-1.14881843632919	1004	167	PLAT|CCR7|ANPEP|TSC22D3|NOTCH2NLA|S100P|EREG|DNAAF1|LGALSL|PDLIM7|PTGIR|ERO1B|FYN|IL2RG|PPM1F|HGS|BCL3|AKT3|KCNJ15|TJAP1|H2BC5|PIGL|SLC7A11|RNPS1|DGKA|DIAPH1|JUNB|SDC4|PLD2|RPL10|H2BC12|TANK|TNIP1|MREG|BID|NIBAN1|ICAM4|PRR14|ITGAE|TTC17|VEGFA|C15orf39|IRF1|RELB|STARD5|ARAP3|SYNGR3|NFKBIE|RBM5|KMT2D|RPS14|HLA-E|ATP1A1
GSE42724_MEMORY_VS_B1_BCELL_DN	0.152285027059531	0.593566619214004	-0.325420796376855	-1.14729344186501	1012	176	NFKBIZ|H2AC13|IL21R|PLAT|CCR7|PHLDB3|N4BP2L1|SELENOM|APOL1|TAP1|CTRL|C17orf49|MAP1LC3A|RASGRP1|LAMB3|TTYH2|SPG7|RHOF|NME3|TBRG4|VWA1|MYO1G|TRADD|DUSP4|H2BC5|TRAF2|TSFM|SLC7A11|HSD17B7|NFKBID|LRRC61|SDC4|PLD2|DHCR7|H2BC12|ARFRP1|IL15RA|CMTR1|SNHG15|TNIP2|PEF1|DUSP5|PRRG2|SOCS3|ZNFX1|VEGFA|NECTIN2|MPZL1|TNFAIP2|IRF1|RELB|CDKN1A|GRAMD1A|AK4
JOHNSTONE_PARVB_TARGETS_1_DN	0.152216748768473	0.593566619214004	0.368795019921504	1.19275137956466	617	62	ZC2HC1A|STEAP1|WDFY3|NPIPB4|SCOC|TMEM106B|UBA6|NAA15|INSIG1|RBPJ|RAB28|MED31|QKI|PPP2R5C|SEPTIN11|ADH5|LNPEP|H2AC6|ACOT13|ETV1|PPP3CA|UBE2K
RODRIGUES_DCC_TARGETS_DN	0.15240423797881	0.593566619214004	0.326105506689523	1.15385287735164	560	111	ELK3|GPR160|CD44|CCNG2|TBX3|CREBL2|TRIM23|CMTM6|RUNX2|FOXN3|ZNF277|PIK3CA|AAK1|ZFYVE16|UTRN|CYP2R1|PPP3CB|ERAP2|TRIM2|SLC2A10|MMP11|BICD1|LITAF|FOXP1|VWA5A|TRIP11|SNX25|NNT|CYP4V2|ATF2
WP_MONOAMINE_TRANSPORT	0.152293253054719	0.593566619214004	-0.494445642137989	-1.2610349040649	859	24	TGFB1I1|STX1A|IL1B
BIOCARTA_MTA3_PATHWAY	0.153109182935647	0.594396135761657	-0.542404540130466	-1.27919874011354	846	17	HSPB1|GREB1|ESR1|CTSD|MBD3
GARGALOVIC_RESPONSE_TO_OXIDIZED_PHOSPHOLIPIDS_GREY_DN	0.153094462540717	0.594396135761657	0.361065756763956	1.18265824732476	610	67	LIPG|STK38L|MGARP|FZD8|SESN3|PDGFB|B3GNT5|PGRMC2|IFIT3|AGPS|IFIT1|HOXA5|IFIT5|FOXP1|DUSP10|SMIM3|ENSG00000291006|RPRD1A|EEIG2|TBX18|ARL4A
GSE26351_UNSTIM_VS_BMP_PATHWAY_STIM_HEMATOPOIETIC_PROGENITORS_DN	0.15292331055429	0.594396135761657	-0.327921413544297	-1.14821565153919	1006	167	RINL|RAB4B|ANAPC11|RAB38|RTKN|GPR176|VILL|PPM1J|COX14|EPS8|THEM6|MICOS10|TMEM116|ATF6B|DNPH1|DYNLRB1|RELL2|FLT1|PCYT1B|FSIP1|RPS9|CCDC103|KDF1|PKMYT1|NDUFAF8|FDXR|TMEM94|SUPT5H|ZC3H3|UQCRQ|ATP5PF|GATD1|PALM|SDHAF2|SMCO4|MYL6|FLNB|KAZN|HELLS
GSE3982_DC_VS_BCELL_UP	0.153024911032029	0.594396135761657	0.299899358138815	1.12642956541738	515	174	GPD1|CXCL8|CD83|AIF1|TM6SF1|ARMCX1|CD36|PPP2R3A|PPP1R3D|SLC27A3|ABCC3|TMCC1|EGLN3|SFT2D2|TMEM53|EVC|CCRL2|PTGS1|CYP27B1|SPRY2|PPIP5K1|RAB11A|PLXND1|AGPS|RAP2A
LEE_NEURAL_CREST_STEM_CELL_UP	0.153128950695322	0.594396135761657	-0.347594512941836	-1.1668200618589	968	117	NHLH1|PCBP4|GNRH1|NAGK|COL14A1|LAMB1|ENC1|ITGA4|CELF3|L1CAM|KCNK5|GRN|TRIM62|IFI16|RRBP1|ZNRD2|DCN|COBLL1
GSE18791_CTRL_VS_NEWCASTLE_VIRUS_DC_18H_DN	0.153487014881821	0.595325600998345	0.303427063456172	1.13078773971306	525	164	SAMD9|AIM2|FEM1C|TRIM69|TTC21A|PIGA|PGAP1|SLC29A4|NEDD1|IFIH1|CCL5|DHX58|NLGN3|EIF2AK3|DTX3L|NBN|PI4K2B|ETV3|NEXN|SNAPC1|WTAP|LINC01138|RSPH6A|BTG2-DT|RNF144A|CXCL11|INTS12|PELI1|DDX60L|BCL2|B4GALT5|GPBP1|CNKSR3|GIMAP2|PPM1K|MIS18BP1|RICTOR|KDM6A
GSE22886_UNSTIM_VS_STIM_MEMORY_TCELL_UP	0.153477935676889	0.595325600998345	-0.324433761254139	-1.1484588466889	1025	181	DPEP2|AQP1|RAP1GAP2|TRAPPC6A|SLC22A18|VWA7|ITGA4|DYNC2H1|PYCARD|PRKCZ|TPBG|RPLP2|ANKH|ADGRE5|VILL|EPPK1|GGA1|DBP|SUN2|ING4|TMEM80|UBA52|HFE|RPS9|ENSG00000274253|FAU|TBCC|RGS14|VENTX|MEAK7|NINJ2|MZF1|SLC6A16|BIN1|MXD4|PPP6R2|GPSM3|LINC00623|UXT|CNPY3|TSC22D1|INPP5D|SIGIRR|ICAM3|ZNF133|TMC6|CAPG|EEF1D
WHITFIELD_CELL_CYCLE_M_G1	0.15363436123348	0.595436956780569	0.319903353957959	1.14578461453752	557	121	NCOA3|SLC39A10|AMD1|RAB3A|HIF1A|CEP20|PBK|C3orf62|H2BC21|USP6NL|CBX3|NUP37|IFIT1|LARP7|PCF11|MORF4L2|DCTN6|FXR1|RHEB|CD24|ZCCHC10|UBE2D3|CWC15|PAK1IP1|WIPF2|PPP2CA|TAF9|TCERG1|OPN3|CDKN3|RAD21|NUFIP2|NCS1|CEP70|LINC00641|BTBD3|DNAJB6|SNHG16|DKC1|NFIA|KPNB1|MSL1|MRPS2|TOP1|NUDT4|HSPA8|ILF2|LRIF1|JMJD1C|MRPL19|ODF2|GSE1|NUCKS1|TULP4|MTPN|XPO4|VPS37C|FOXK2|CTR9|ZNF24|VANGL1
WP_OXIDATIVE_PHOSPHORYLATION	0.153626595030222	0.595436956780569	-0.396228976090869	-1.20579367733266	914	60	NDUFB2|NDUFB8|NDUFA3|NDUFA2|ATP5ME|NDUFA11|NDUFS7|NDUFS8|NDUFA4L2|NDUFA6|NDUFB7|ATP5PF|NDUFB1|NDUFC2|NDUFC1|ATP5F1D|NDUFA7|ATP5MG|NDUFB6|ATP5MC1|NDUFA8|NDUFAB1|NDUFB4|ATP5MC3|NDUFB9|NDUFS2|MT-ND1|ATP6AP1|NDUFS3
JI_RESPONSE_TO_FSH_UP	0.153961136023916	0.596473131380962	-0.386151433597447	-1.19641613303546	926	66	BFSP1|TRAPPC6A|AXL|PSMB9|LAMA4|ACADS|IFITM1|BTN3A1|H4C3|ATP5ME|IFI35|CRYBG1|BRD3|ISG15|XPC|FASN|CTTN|MVD
BHAT_ESR1_TARGETS_NOT_VIA_AKT1_DN	0.15474075270554	0.596540997603367	-0.370951710816675	-1.18738018371229	957	81	TSC22D3|LAMB1|EXT1|ATXN1|DBP|PPARG|SLITRK6|EFNA1|ESR1|FRMD6|CYB5D2|SLC16A5|SPATA7|SLC22A23|IGSF3|PLEKHF1|SASH1|MEF2D|BCL2L1|ARMC7|GTF2IRD1|TCF7L2|TUFT1|SMAD3|RXRA|ALAD
GSE13522_CTRL_VS_T_CRUZI_Y_STRAIN_INF_SKIN_129_MOUSE_UP	0.154577130186886	0.596540997603367	-0.354567550090795	-1.17451774638182	975	105	NPW|EZHIP|BMP8B|AMZ1|CTU1|RBM20|ABCA4|PNPLA1|LRRC63|INPP5J|PANX3|ENTPD1|SEMA6A|RSPH14|MDGA1|GNPTG|SDC4|NBL1|FASN|FBXO10|ZER1|MED11|S100A16
GSE22886_NAIVE_CD4_TCELL_VS_12H_ACT_TH2_DN	0.154984894259819	0.596540997603367	0.290689456088527	1.11152521110784	512	197	LBHD1|FAR2|ENOPH1|SLC25A44|NCOA3|WDR5B|CLDND1|KPNA3|DARS1|MGAT2|CCRL2|PSMD5|SRP19|RAB23|MRPL42|PSMA1|ETNK1|TMED2|HPRT1|GCLM|ETFA|MTCH2|ISOC1|MAMLD1|GNG10|JAK2|TYMS|GTF2E1|NME7|AASDHPPT|HBS1L|MTMR4|TARS1|ARMT1|TSG101|PRDX3|COPS4|FAM3C|RRM1|CLTC|CDK2|BAG2|TRIM32|MINPP1|GOLT1B|SACM1L|RACGAP1|PSMC2|PARK7|NCBP1|HSD17B12|PCNA|ZWINT|ARCN1|NSMAF|OSBPL3|PPP2R1B|SEPTIN8|ATP5PB|STARD7|TFG|TFRC|MED8
GSE24634_TEFF_VS_TCONV_DAY3_IN_CULTURE_UP	0.15516721904188	0.596540997603367	0.290864546934674	1.11160512624652	514	196	LBHD1|STAP1|CHN1|MTX1|TOP2A|PBK|UAP1|CKAP2|SMC2|RRAS2|TMEM106C|EIF2B2|BRIX1|F5|INPP4B|PSMG1|CEP97|FUT8|TYMS|TIPIN|SLC25A14|INPP5F|PHTF2|CDK1|BCL2|PHLPP2|DDX52|YARS2|ENDOD1|DBF4|SMC6|KIF15|VRK1|EIF3J|STMN1|SLC25A5|MPHOSPH10|PCNA|ZWINT|SEPTIN11|OSBPL3|SMC4|C12orf43|SHCBP1|BUB3|CENPS|FABP5|SRPK1|PAICS|SKP2|EIF2D|BLMH|CCNB2|BUB1B|STAMBP|KPNB1|WDR3|FAM98A|EED|CSE1L|NCAPH|GINS3|EVI5|MNAT1|RPA3|GLRX5|ANAPC1|R3HDM1|SPRED2|PMAIP1
GSE26488_WT_VS_HDAC7_DELTAP_TG_OT2_THYMOCYTE_WITH_PEPTIDE_INJECTION_DN	0.154653079574404	0.596540997603367	-0.323585356215032	-1.14437292573324	1031	180	SLC2A4|PBX3|LATS2|EXT1|SLC46A1|QSOX1|TPBG|SYNGR1|MAPK12|SLC29A1|TNFRSF21|ETHE1|NICOL1|NTRK3|KRT4|TGFB3|PHB1|IER3|TXNDC16|COMT|ECE1|ATP2A3|MAGED2|IRS2|GBP2|MORC4|ISG15|SLC12A7|IGF2R|KCTD10|SDC4|PLD2|CARHSP1|PPP2R3C|RDH13|HES6|IL6ST|PRMT1|SOCS3|EXOSC7|TSPAN31|GAS6|PMP22
GSE27670_CTRL_VS_LMP1_TRANSDUCED_GC_BCELL_UP	0.155052790346908	0.596540997603367	-0.325823342656971	-1.1466458218589	1027	174	SLC2A4|ADAM19|WNT11|SMAD7|ANPEP|PNKD|CTBP2|SNORC|COX8A|IL4I1|SMTN|CIAO2B|CRYBG1|GNRHR|ZIC1|NAPSA|CCND1|ERO1B|AURKB|LSR|EMP3|NDRG4|TXNDC17|FGFR3|ENO3|KCTD10|RPL10|RAD54L|CACNB3|IL15RA|NFKBIB|CMTR1|HCN3|MYBL2|H2BC18|DUSP9|NEK6|MYCL|PDIA5|TIMELESS|ZNFX1|ESYT1|PRR5|CDKN1A|SLC22A5|ADAM8|SEM1|AP1G2|PLEKHO1|TOX4
GSE28783_CTRL_ANTI_MIR_VS_UNTREATED_ATHEROSCLEROSIS_MACROPHAGE_DN	0.154779969650986	0.596540997603367	-0.326398180542268	-1.144442340488	1019	170	IGF1R|TCEA2|SPAG1|GNRH1|CCPG1|ATP2A1|GPR68|ADGRE5|FLT1|FGF12|EXTL1|HFE|IFT27|TOM1|SERPINE1|CXADR|EPHB6|AKAP8L|MAFK|MAD1L1|SNRPB|SLC16A3|DMPK|ID3|ISG15|CDIPT|SULT1A1|AGRN|DPF1|TYRO3|MAP3K3|NR4A1|TNFRSF1B|MALT1|JRK|ZNF81|GRB7|ARHGEF1|VAC14|SPATA2|GRIN2D|HES1|NDUFA7|GRAMD4|PSEN1|NINJ1|CCDC106|ITPR3|NMU|SIK3
GSE3982_MAST_CELL_VS_TH2_UP	0.154751131221719	0.596540997603367	0.297474437336505	1.11897885909489	512	178	TBX3|CD36|TGFBR2|CPVL|YIPF1|ANKRD27|CCDC68|DUSP22|SPRY2|ZFAND1|PLEKHF2|SORBS1|MKRN1|CLK1|RMND5A|RP2|DCAF6|AP5M1|RCBTB2|COPZ2|PTX3|EVPL|DUSP10|SAMSN1|CTNND1|PAPSS1|FCGR2C|TRAPPC2|AP1G1|RHEB|CLIC4|PTK2|PRDX6|DNAJB9|KIDINS220|LMBRD1|ANXA1|TPP1|SMPDL3A|CLCN3|GLUL|ITM2B|GALNT1|MID1|CETN2|ASAH1|XPNPEP1|EXTL2|DSTN|TMEM87A|ZDHHC7|SH3GLB1|CAST|LAPTM4A|PEX11B
GSE6090_UNSTIM_VS_DC_SIGN_STIM_DC_DN	0.154824352249245	0.596540997603367	-0.353935252812686	-1.17295201817678	973	106	TRPM2|MAPK8IP2|PITPNM3|ADGRD1|BSN|PSMB9|IFITM1|SNHG11|APOC1|SP9|CD163L1|MGAM|DLK1|ISG15|DUSP13B|STOX1|PLD2|SLC66A2|CD276|GNB1L|MYCL
HUPER_BREAST_BASAL_VS_LUMINAL_DN	0.154642675267357	0.596540997603367	-0.409550136764732	-1.21392730513712	910	51	KRT15|ANPEP|CLDN7|PSMB9|METRN|SEMA3B
KYNG_WERNER_SYNDROM_DN	0.154529307282416	0.596540997603367	0.532519523466723	1.27546742699038	695	16	GOLPH3|KDSR|MT1X|COG6|PWWP2A|PTEN|BHLHE40|H2AC6
PID_CXCR3_PATHWAY	0.154479191159182	0.596540997603367	0.417268488068699	1.21706614887052	656	36	SRC|GNAI3|PIK3CA|MAPK1|CXCL11|NRAS|RICTOR|MAPK14|GNAI2|PIK3CB|MAP2K1
PID_SYNDECAN_1_PATHWAY	0.154379878577624	0.596540997603367	-0.439181325622634	-1.23305402965312	889	38	COL14A1|COL1A1|BSG|LAMA5|MMP1|COL6A1|COL6A3|MET
REACTOME_ATTENUATION_PHASE	0.154959406989058	0.596540997603367	-0.476951153361775	-1.24911060524652	877	27	HSPA6|TNFRSF21|SERPINH1|CRYBA4|HSPB1|UBB
REACTOME_CARGO_CONCENTRATION_IN_THE_ER	0.154349859681946	0.596540997603367	0.437179312852594	1.22297840939814	659	30	SEC24B|CNIH1|TMED2|SAR1B|F5|CNIH3|SEC23A|SEC24A
REACTOME_CELL_SURFACE_INTERACTIONS_AT_THE_VASCULAR_WALL	0.154247745609872	0.596540997603367	-0.350703005937192	-1.16952448776523	974	111	ITGA4|CD84|MAG|L1CAM|COL1A1|BSG|SLC3A2|CD48|MMP1|ITGAX|SLC7A7|GPC1|FYN|GLG1|MIF|CXADR|IGHA1|SLC16A3|MERTK|SLC7A11|THBD|SPN|SDC4|GYPB|ITGB1|ITGAV|INPP5D|GRB7|COL1A2|ITGA5
WILCOX_RESPONSE_TO_PROGESTERONE_DN	0.154239890803617	0.596540997603367	-0.413371324522827	-1.21908690819839	903	50	IGF1R|NOTCH2NLA|PIEZO1|SPON2|L1CAM|COL1A1|IGFBP2|COL6A1|PDLIM7|CCND1
WOOD_EBV_EBNA1_TARGETS_DN	0.155147759771211	0.596540997603367	0.404359519445177	1.21258182703364	650	41	RGS2|ABCC4|GNAQ|AKAP12|ABCE1|IPO7|TGFBI|GPNMB|CCN5|GOLGA4|UGP2|KIF5B|ACTR2
WP_METABOLISM_OF_SPHINGOLIPIDS_IN_ER_AND_GOLGI_APPARATUS	0.154362416107383	0.596540997603367	0.523617984308998	1.27540955055486	689	17	SGPP1|KDSR|SGPL1|UGCG|B3GALT1|SGMS2|GALNT1|SGMS1|UGT8|B3GALNT1
WP_PRADERWILLI_AND_ANGELMAN_SYNDROME	0.155149589621393	0.596540997603367	0.343974803444068	1.16518878454068	585	85	GABRG1|GABRR2|RANBP2|GLE1|SEH1L|NUP153|UBE2N|NUP35|NUP107|NUP37|NUP160|SNRPN|NUP133|HTR2C|EIF4E|NUP205|AHCTF1|NDN|RB1|TUBGCP4|MKRN3|NUP88|NIPA2|RAE1|NUP155|NUP54|NUP50|CDK6|NDC1|BBS4|NUP58|NIPA1|NUP98|NUP43|CCND2|CDC6|TUBGCP3|UBE3A|TPR
GSE2706_R848_VS_R848_AND_LPS_2H_STIM_DC_UP	0.15524625267666	0.596616341641772	-0.330718254033691	-1.15220125786145	1014	159	ZNF331|CFAP45|IRX5|FCSK|PRKCZ|SPSB2|OTUB1|NBEAL2|ZNF701|MARVELD3|DKKL1|CYP2S1|ENSG00000274253|SLC27A6|C15orf62|TKTL1|GET3|GUCA1B|LTBP4|RPL13P5|ID3|TACC3|RNF32-DT|TBC1D25|REXO1|NOP16|PLEKHF1|ZBTB7B|TRMT2A|JRK|ID1|AFG3L1P|MRPS11|SIGIRR|PDCD7|TLCD1|TTC5|POLR2J|APOL4|PIP4P1|BRF2|ATXN2L|TIGD5
DASU_IL6_SIGNALING_SCAR_UP	0.155958458017955	0.596708197738786	-0.471340428424484	-1.24483590243292	885	28	PBX3|SREBF1|IRS1|AGRN|CDC42EP4|MGRN1|PLEC|LTBP1|LARP1|TMEM158|FCHO1|PKIG|UBE2S
DURAND_STROMA_S_UP	0.155621496867788	0.596708197738786	0.282132431192057	1.10318013131164	471	251	ZC2HC1A|SP8|HYKK|AGO4|CCL5|ARHGAP28|FZD8|SLC27A3|ITGB3BP|ONECUT2|TEX15|ANGPTL4|DTX3L|ZNF518A|EIF4E3|TAF9B|NPR2|RHOBTB1|NRBP2|SPEG|PLXND1|PEAR1|PRRG1|PXYLP1|PLPP3|PALM2AKAP2|IL1RL1|LHX9|SPP1|TGFBI|S1PR1|ALPL|PTX3|SFRP2|PDE4D|JAK3|FBLN1|EDA|HSPB8|SLC4A4|INPP4B|EHD3|CCN5|BACH2|ELL2
GARCIA_TARGETS_OF_FLI1_AND_DAX1_UP	0.155930470347648	0.596708197738786	-0.415831912299574	-1.219072355469	914	48	SLC26A11|NEIL1|FAM234A|PBXIP1|SYNGR1|IFT140|HMGCL|SEMA6A|RFNG|INPPL1|ADCK5|GNPTG|LMBR1L|SMIM14
GSE14000_UNSTIM_VS_16H_LPS_DC_TRANSLATED_RNA_UP	0.155469678953627	0.596708197738786	0.291274057969624	1.11282173102122	522	194	CNRIP1|TM6SF1|ZNF362|FITM2|ZNF573|CRYL1|HVCN1|PANK3|HACD2|FOXN3|TDRKH|MOB3B|SACS|AAK1|ELMO1|LRPPRC|ATL3|COP1|PREPL|UTP11|METTL21A|TOX|ATP8A1|ARL3|DOK3|SKAP2|TMF1|ARV1|KLHL8|MFF|SUPV3L1|ZNF623|NDUFA5|RFC5|ZMAT3|TRIT1|KBTBD6|BIVM|PEX5|NMNAT3|ZNF217|TTC3|SHB|RACGAP1|AGBL5|GPD1L|MRPL3|ZWINT|AGO1|UBE4B|HMBOX1|LIX1L|RAB31
GSE1925_CTRL_VS_24H_IFNG_STIM_MACROPHAGE_UP	0.155957767722474	0.596708197738786	-0.325283618933239	-1.14520061717863	1033	175	CCR7|FAM171A1|STOML1|PLA2G6|NUP210|ABCA7|FICD|IFITM1|N4BP3|C1orf159|IRS1|ZNF551|LGALS3BP|UBOX5|ROBO3|HGS|SEMA3G|MX1|IQCH|EPHB6|IFITM3|MZT2B|TBC1D8|ID3|ISG15|SCAP|KLC2|MBD3|GRHPR|BABAM1|RPLP1|OAS3|TSSC4|EVL|CMTR1|GIT2|SF3A2|CAPG|TTC12|CENPB|IER2|CLEC2D|RANGAP1|TAF6|TYK2|ESYT1|RELB|SERPINF1|RSAD1|GSTK1|STIMATE|CD52|LARP1|PILRB|PLEKHO1|KPTN|KMT2D|CDCA8|USP11|ACTN4|RNF19B|SPTAN1|TMEM127|PDE4DIP|SLC2A4RG|KCTD13|TUBB4B|DCTN1|VAMP8
GSE26290_WT_VS_PDK1_KO_ANTI_CD3_AND_IL2_STIM_CD8_TCELL_UP	0.155957767722474	0.596708197738786	-0.32530685785495	-1.14528243263424	1033	175	STS|TCEA2|ARK2C|GLYCTK|CD14|DIPK1A|PLXNB2|ZNF76|BMP8B|SYNM|SNN|ADGRE5|KCNK5|RABAC1|EPS8|RTTN|TECR|RGS3|ASH1L-AS1|NAPSA|LAMB3|P2RX5|TPCN1|CAPN12|OXCT2|SDR42E1|FBXO41|CST3|GNPTG|GFUS|RANBP3|RPP25|SFMBT1|TRMT2A|CENPV|G0S2|MREG|SLC38A6|HES6|SMARCA4|HS3ST3A1|CKLF
GSE45365_CD8A_DC_VS_CD11B_DC_DN	0.155977115326709	0.596708197738786	0.295311721854637	1.11568234230388	517	183	DPYSL2|AKTIP|ZNF43|RGS2|ANKRD13C|CENPQ|ENOPH1|ITFG1|PDCD10|BBS2|CEP20|DERA|DLC1|AP1S2|MRTFB|UAP1|ZNF468|HSPH1|DDHD2|PPIL1|NAE1|DCAF13|ETFA|CBFB|UFL1|HOXA5|MRPL15|UBE2V2|PKP2|ZNF700|ANKRD46|EBAG9|CPNE3|CHD9|FTO|KCTD9|BFAR|TENT4B|LMBRD1|DERL1|RIDA|LYRM1|LSM3|SNTB2|DUXAP9|P4HA1|JAGN1|ASAH1|MPHOSPH6|VPS37A|SHCBP1|FABP5|SUCLG2|PNMA8A|RMI2|SLC30A5|MSMO1|TBC1D7|MMAB|LACTB2|DNAJC3|KCNQ5|ACADM|SRRM2-AS1|TM7SF3|RPL39L|TERF2IP
KAAB_FAILED_HEART_ATRIUM_UP	0.155536028119508	0.596708197738786	-0.467469204956707	-1.24321544462083	884	29	SPIB|MADCAM1|TRIO|PLA2G15|BRD3|MMP15|FKBP8|MAP3K11|PLEC|ATP6V0A1|TMEM259|CAVIN1
REACTOME_ACTIVATION_OF_ATR_IN_RESPONSE_TO_REPLICATION_STRESS	0.155408597071327	0.596708197738786	0.414055489461369	1.21503379485266	657	37	CDC7|RFC4|ORC4|ORC2|RAD9B|HUS1|RFC5|DBF4|CDK2|RPA2|ORC3|ATR|RFC3|CDC25C|RAD17|RPA3|CDC6|CHEK1
SANSOM_APC_TARGETS_DN	0.155379612611339	0.596708197738786	-0.302614229369885	-1.12195640559954	1098	295	SULT2B1|SPIB|ADAM19|TEP1|TYROBP|CYFIP2|SLC22A18|ARSA|RDH16|ACE|FGD3|TCAP|ZNF467|DHRS1|FLT3LG|HLA-DOB|IL4I1|SOD3|ICAM5|CLCN2|ARHGAP45|CD48|CCK|ITGAX|TPH1|NAPSA|PCOLCE|CYP2S1|ERO1B|CDKN2D|KSR1|ATP2A3|PRSS30P|FAS|CNTROB|GBP2|LTBP4|GNA11|LYL1|ICAM2|MERTK|KCNJ11|DGAT1|DGKA|CDK2AP2|GPSM3|ABCD1|NPDC1|NBL1|ACAA1|SOX18|GNS|AAMDC|INPP5D|GRINA|PHETA1|BTD|TFR2|CD3D|ATP6V0A1|SDF4|SLC35C2|TAX1BP3|CRAT|MGAT3|PRRG2|ABHD8|ITGAE|ATP6V0B|SPHK2|UPP1|RFXANK|IRF1|LTB4R|GSTK1|CD52|TCTA|PLEKHO1|MIEN1|CYB5R3
WP_MESODERMAL_COMMITMENT_PATHWAY	0.155983493810179	0.596708197738786	0.316206212792744	1.14036494908044	566	126	MEIS1|FOXA1|TBX3|FZD8|BMPR2|EMSY|ARID5B|WDCP|FOXA2|CUL4B|SMAD4|SMAD2|PRKAR1A|HPRT1|EPB41L5|NLK|PLCH1|HES7|TOX|HNF4A|FGFR1|GATA6|LEFTY2|SOX21|FOXC2|JAK2|NFE2L2|BMPR1A|ASCC3|FZD4|KDM6A|MTF2|PPP2CA|ARL4A|TEAD1|PIAS1|ACACA|AEBP2|BHLHE40|NCAPG2|LATS1|EXT2|PAX6|ZNF281|FZD5|MBTD1
YAO_TEMPORAL_RESPONSE_TO_PROGESTERONE_CLUSTER_16	0.155714523373815	0.596708197738786	-0.384545098778778	-1.19334377469193	935	67	COL18A1|PYGM|C1QTNF12|COL1A1|SH3BGR|PDLIM7|PCOLCE|FEZ1|COL6A3|SMOC2|DMPK|ADAM15|NPDC1|COL1A2|DBN1|KDELR3|P3H3
FLECHNER_BIOPSY_KIDNEY_TRANSPLANT_REJECTED_VS_OK_UP	0.156157147573457	0.597144932320898	-0.377588518401808	-1.18793905370303	945	73	ACKR1|TYROBP|CD14|TYMP|IFI30|SFN|IFITM1|PDE6D|APOC1|CD48|VSIG4|CFD|COL6A3|ENTPD1|GBP2|ADAM15|GMFG|TNFRSF1B|INPP5D|POLR2A|CD3D
GSE2128_C57BL6_VS_NOD_THYMOCYTE_MIMETOPE_NEGATIVE_SELECTION_UP	0.156515034695451	0.597839771829634	-0.333970909936195	-1.15275075950027	1014	147	APOLD1|LCA5L|ELOVL3|NAGK|FZD7|CELSR3|ALKBH6|SLC46A1|ANGPTL6|CNNM4|EREG|IZUMO4|ACAP3|CSF2|KIRREL1|RSPH9|LAGE3|TRPM1|GAL|CHCHD6|RABL2A|ITGB5|PPP6R2|GRHPR|GGT7
GSE3982_DC_VS_BASOPHIL_DN	0.156485103821848	0.597839771829634	0.294525221005181	1.11412895498016	519	184	PCYOX1L|PITPNC1|PTGDR2|STAP1|NLGN3|CHN1|CNOT8|IL18R1|PEX1|ZWILCH|CHPT1|NLK|SIAH2|MPHOSPH9|FAM124B|SYNE1|S1PR1|PDE4D|MAMLD1|LAT2|BACH2|RNF144A|ZNF586|SLC25A36|RHOA|INTS12|OSGIN2|PIP5K1B|TRIM52|TRAPPC2|WIPI1|NAMPT|MYB|RLF|RPL6|ZNF266|PSME4|KBTBD2|ERCC5|SFXN1|CSAD|GLT8D1|S100PBP|OSBPL3|PAPOLG|BRAP|BTK|SPOP|RIOK3|SORD|CARD8|MAP1LC3B|STK38|EIF1|TMEM164|CALCOCO2|PPP2R5A|KANSL1L|TERF2IP|UBE2D2|CEP63|ADGRE2|PMAIP1|CTDSP2|NUCB2|PRPF3|TPR|THYN1|UBR7|ARHGAP15|KDM5A|MTERF1|TMOD1|MIA3
REACTOME_REGULATION_OF_ENDOGENOUS_RETROELEMENTS_BY_PIWI_INTERACTING_RNAS_PIRNAS	0.156517525440155	0.597839771829634	-0.370378947239117	-1.1855468234605	968	81	H4C4|H2AC20|H2AC7|H2AC8|H2BC13|H2BC17|H4C11|H4C3|SPOCD1|H3C12|H4C14|CHD4|H3C13|H4C2|CHD3|SMARCC2|H2BC5|MBD3|DPF1|H3C2|H2BC12|H2AZ2|SMARCA4|SMARCD2
BONOME_OVARIAN_CANCER_SURVIVAL_OPTIMAL_DEBULKING	0.156963890935888	0.597927994219323	-0.316683911355208	-1.13911009405912	1064	211	GAA|MATN1|PCNX1|CCDC170|PLXNB1|APBB2|CYLD|RNF5|NDUFB2|KCNK5|TECPR2|RGS3|DNPH1|IFI16|CILP|SOX11|CIB1|FYN|TMEM8B|STC2|UBB|RGS14|TKTL1|SEC61B|STK19|SP100|TSPO|DACH1|CHD1L|NDUFA1|PHC1|WDR83OS|ELOVL1|RBX1|NEDD8|ANKRD55|CLTA|ICAM3|SPATA2|FLOT1|MFSD9|CKLF|PCK2|EMC1|PDIA5|YIPF2
GSE13411_SWITCHED_MEMORY_BCELL_VS_PLASMA_CELL_DN	0.157136286984516	0.597927994219323	-0.333462505485254	-1.15477132474914	1024	151	RAP1GAP2|ITGBL1|ARSA|EPB41L1|EXT1|BTN2A3P|FICD|AXL|APOL1|FOXD3|H2BC17|LYPLA2|RCN3|H2AC16|CDH15|RRBP1|RND1|LAGE3|ICAM1|APOL6|PKMYT1|KLHL4|PKP3|SCARB1|MMP15|H2BC5|POLD1|DUSP7|PPP1R26|DOT1L|KIFC1|RAD54L|KAZN|ASRGL1|GTF3C5|FKBP2|GSTP1
GSE19941_UNSTIM_VS_LPS_AND_IL10_STIM_IL10_KO_NFKBP50_KO_MACROPHAGE_UP	0.156735950731332	0.597927994219323	-0.333929204483704	-1.15210529396099	1017	146	ADAM19|SHANK1|WFS1|CCR7|EMILIN1|STOML1|PHLDB3|TENT5B|SPON2|SCRN2|PDCD1|ITGA7|RPL23|FOXH1|GCOM1|NSG2|PRRT3|MTLN|ACTN2|FAS|SLC16A5|SLC43A1|GMFG|HEXA|PRTN3|NISCH|PACSIN1|ENGASE|RPS27|ANKRD55|PDLIM4|RPL37A
GSE22313_HEALTHY_VS_SLE_MOUSE_CD4_TCELL_DN	0.156738868832732	0.597927994219323	0.295417008704748	1.11518274713506	520	182	ELK3|NIPSNAP3B|ST8SIA4|AIF1|ZNF367|SESN3|CCNE2|DTL|NCOA4|PRIM1|CCNA2|MEF2C|CIP2A|SHQ1|RHOBTB1|PPIL1|KPNA2|C5AR2|TLN2|PMFBP1|IFIT1|CLECL1P|LAT2|RHOA|FUT8|TYMS|CDK1|RRM2|CARD6|RAPH1|RRM1|C4orf46|GSTCD|CPED1|CENPI|ITM2B|CD93|IL13RA1|SFXN2|ALDH1B1|SHCBP1|LMNB1|NCAPG2|RFC3|DSN1|HJURP|LTA4H|CCNB2|INPP4A|HSPA5|SORD|SNRPD1|VDAC3|SERPINB1
GSE411_UNSTIM_VS_100MIN_IL6_STIM_SOCS3_KO_MACROPHAGE_DN	0.156856886764267	0.597927994219323	0.292771155125571	1.11442484432268	524	191	DNAJB2|LIPG|LNX2|LRRC73|GNA13|MFSD14A|GNG12|ST3GAL5|RNF2|CLDND1|HIF1A|FAM107B|MARCHF7|ST8SIA6|MEX3B|SH2D1B|PICALM|SKIL|ERP44|HNRNPH2|IL6R|SYT11|TMEM176A|TMEM176B|SKAP2|PCMTD1|INSIG1|HERPUD1|TMED5|PLS1|NSA2|SNX25|CUL2|S100A10|ABI1|KDM6A|BRWD3|GPD1L|ZCCHC9|DAD1|LIN54|HMGCS1|RTCA|SPRED1|ATP6V1A
MARSHALL_VIRAL_INFECTION_RESPONSE_DN	0.157043879907621	0.597927994219323	0.4627158373931	1.23666565430054	679	25	ITGB7|TCF7|CKS2|TOB1|TXK|MYB|KLRG1|PCNA
PID_AP1_PATHWAY	0.156945130993574	0.597927994219323	0.370144697453436	1.18793777075088	634	60	FOSB|CXCL8|NTS|CCL2|CCN1|HIF1A|EGR1|DMTF1|CBFB|NFATC2|CDK1|COPS5|SP1|MYB|CDKN1B|ATF2|MYC|CREB1|CTNNB1|PTEN
REACTOME_CELLULAR_RESPONSE_TO_HEAT_STRESS	0.156636217087587	0.597927994219323	0.332221068759157	1.15692795234226	582	100	CAMK2B|RANBP2|SEH1L|NUP153|PTGES3|HSPH1|NUP35|NUP107|HSPA14|NUP37|HSPA4|NUP160|MAPK1|NUP133|HSPB8|NUP205|EEF1A1|BAG4|BAG2|RPA2|AKT1S1|NUP88|ATR|RAE1|NUP155|HSP90AA1|NUP54|DNAJB6|HSPA9|NUP50|ATM|DEDD2|NDC1|EP300|HSPA5|BAG5|NUP58|HSBP1|FKBP4|HSPA4L|HSPA8|NUP98|ST13|RPA3|BAG1|NUP43|BAG3|TPR|SIRT1|CCAR2|DNAJC2
TURASHVILI_BREAST_DUCTAL_CARCINOMA_VS_LOBULAR_NORMAL_DN	0.156969800375363	0.597927994219323	-0.412183914570485	-1.21558507862849	919	50	TAGLN|CARMN|SYNM|ACTA2|CFD|FOS|PIGR|IGHA1
WP_GPCRS_CLASS_A_RHODOPSINLIKE	0.157124882038377	0.597927994219323	-0.346191218133262	-1.16444801049538	998	118	NPFFR2|MC1R|CCR7|OR2B6|GPR68|P2RY11|APLNR|GPR173|OR2A4|PTGIR|CMKLR1|GALR3|CHRM4
GSE13887_RESTING_VS_NO_TREATED_CD4_TCELL_UP	0.157377919320594	0.598078185726987	0.334809130863145	1.15657823199853	592	95	CCT6B|TTC39B|NUDT12|GNAT2|SESTD1|FGF13|TFPI2|TMEM168|GRPEL2|UHMK1|SCARF1|SYTL5|LRRTM1|TNS4|FBXO27|UPRT|ZFP14|SYP|ACTR2
GSE22601_IMMATURE_CD4_SINGLE_POSITIVE_VS_DOUBLE_POSITIVE_THYMOCYTE_DN	0.157371118480555	0.598078185726987	0.293845193751877	1.11479309540817	521	188	PRNP|CCNG2|ZNF367|ABTB1|TNFSF4|SESTD1|RAD52|ARL5A|ABHD17B|ERI2|PDE3B|BATF3|FAM107B|PBK|CPD|RFX5|TNFSF13B|MAPK6|TNFAIP8|AAK1|MXI1|RMND5A|CNOT6|HECA|CD96|DOCK10|SYTL2|UBE2E3|LITAF|FOXP1|AGL|NATD1|SLC30A1|CIR1|SAMSN1|NFE2L2|ZNF250|INPP5F|RESF1|NAMPT|PIK3CG|SFMBT2|BIVM|APEX1|PPP1R16B|TMEM243|TTC3|TUT4|NGLY1|BMP2K|PRXL2A
WP_PERTURBATIONS_TO_HOSTCELL_AUTOPHAGY_INDUCED_BY_SARSCOV2_PROTEINS	0.157414083153088	0.598078185726987	0.401981847854329	1.20794474640827	654	42	ATG4A|LAMP2|TMEM59|ATG2B|NBR1|RHEB|ATG12|AKT1S1|RB1CC1|TAX1BP1|EIF4B|RPS6|OPTN|MAP1LC3B|ATG3|CALCOCO2|ATG5|RPS6KB1|RAB7A|ATG16L1
WP_PHOSPHATIDYL_INOSITOL_PHOSPHATE_PATHWAY	0.15728992099593	0.598078185726987	0.395864958260059	1.20244228461304	656	44	MTMR6|PLCE1|PIK3C2A|PIK3CA|PI4K2B|PIKFYVE|INPP5K|IPMK|OCRL|INPP4B|PIP5K1B|PIK3CG|SACM1L|PTEN|PLCD3|MTMR2|PLCB1
GSE14699_NAIVE_VS_DELETIONAL_TOLERANCE_CD8_TCELL_DN	0.157611940298507	0.59860335100886	0.298672013815768	1.12256412017205	527	176	PITPNC1|SLAMF6|MYO3B|IFIH1|MX2|TGFBR2|MMP14|ARID2|TCF7|SFT2D2|DNAH8|PDE3B|IL18R1|CRYBG3|ADD3|CMPK2|IFIT3|SLC19A2|MFSD4A|RCBTB2|NIPAL1|GPR183|RSAD2|S1PR1|TDRP|EHD3|FCGRT|RNF144A|CEP97|FOXP1|MYO6|DUSP10|SLC20A1|KLHDC2|USP53|RTN3|NFE2L2|ITM2A|CLIC4|SEMA4A|MYB|RPL7|VDR|C2orf88|PPP2R5C|PTGER3|PTPRA|ZZEF1|ZNF318|TGFBR3|METTL9|GGT1|PARP9|LETM2|PKNOX1|N4BP2L2|GUCD1|KIAA0040|AQP3|BCL2L11|PPP2R5A|MACROH2A1|AGO2|AMIGO2|NIPBL
REACTOME_INITIATION_OF_NUCLEAR_ENVELOPE_NE_REFORMATION	0.157823741007194	0.599181056062865	0.500784474558169	1.2559933209682	701	19	LEMD3|CCNB1|VRK2|CDK1|VRK1|PPP2CA|EMD|LMNB1|CCNB2|KPNB1|BANF1|LBR
WP_GALANIN_RECEPTOR_PATHWAY	0.158057475445617	0.599841564659017	-0.549592848731478	-1.2753394754837	868	16	SLC2A4|PPARG|FOS|CDKN1C|VEGFA|VAMP2|CDKN1A
GSE20366_CD103_POS_VS_CD103_KLRG1_DP_TREG_DN	0.158562367864693	0.599939174883906	-0.32529540529345	-1.14397468281251	1049	173	UBL3|BCO2|RAP1GAP2|PBX3|BSPRY|SANBR|CRIP2|CIITA|ATXN1|LDOC1|SOD3|CRYBA4|ZSWIM5|TSHZ3|PNPLA1|SMPD3|CYP2S1|APH1B|CMKLR1|SLC25A19|NDRG4|TRPC1|MUC1|COBLL1|NFATC4|DLK1|CSRP2|ADAM15|KIFC1|INO80C|ERN1|KAZN|REXO5|RPUSD3|TMC8|STMN3|S100A6|CDC42EP3|METRNL|CTSH|HIP1
GSE2405_S_AUREUS_VS_A_PHAGOCYTOPHILUM_NEUTROPHIL_UP	0.158405335758678	0.599939174883906	-0.325575027859288	-1.14270478526339	1044	171	TPM2|C3|IL11RA|N4BP2L1|CLDN7|SELENOM|ECM1|APLP2|TMEM63A|ROGDI|EEIG1|RIGI|RRBP1|NAPSA|CCND1|HSPB1|FOS|TIMP1|BCL3|CYP2F1|TSPAN9|MYO1G|IFITM3|SEMA4F|EMP2|STING1|ITGB5|SLC22A23|ENO3|ACACB|AFDN|CDCP1|PARP3|TNFRSF1B|NSMF|NUDT17|CACNB3|PDLIM4|NEK6|CAPG|SPINT1|INF2|DUSP5|ZMIZ2|S100A16|ITGAE|TRAF3|CTSH|IRF1|TOR3A|GRAMD1A|CEMIP2|HPS4|TMEM158|GDA
GSE9037_CTRL_VS_LPS_4H_STIM_IRAK4_KO_BMDM_DN	0.158415841584158	0.599939174883906	0.297620866151534	1.11940733884474	527	177	VAV2|TTC39B|GPR85|MS4A6A|ABITRAM|CLN5|ZFPM2|ARHGAP23|PHLDA1|PGGT1B|PPP1CB|RSRC2|PNPT1|MTHFD2|RFX5|UAP1|CABLES2|SKIL|RAB11A|SLC39A1|PER2|COP1|RBM7|C1S|TMEM176B|FOXC2|PDS5B|IFT57|SOCS2|PHTF2|ZDHHC17|DNAJA2|TRA2B|MOB1B|PTPN12|PPM1K|PSMA6|HAPSTR1|IKBKE|PAK1IP1|MAPK9|DOC2A|TCERG1|ZCCHC9|CLOCK|TEAD1|PLSCR1|PIAS1|SRSF1|PSIP1|GARS1|ATF1|OTUD4|E2F5|RAB10|PNP|ANXA7|STAT1|NUP58|POLR1F|ZC3HAV1|TBC1D12|MRPL45|NEK4|TOMM20|NFIX|PPP1R11
HOWARD_MONOCYTE_INACT_MONOV_INFLUENZA_A_INDONESIA_05_2005_H5N1_AGE_18_49YO_1DY_DN	0.158347978910369	0.599939174883906	-0.4664745556632	-1.24057021505157	900	29	WFS1|SRGAP3|PRPF31|COLEC12|HSPG2
JI_METASTASIS_REPRESSED_BY_STK11	0.158549783549784	0.599939174883906	-0.531725479293265	-1.27104378733371	878	18	GDF15|SLC45A4|LGSN|DUSP4|ITGB5
KUNINGER_IGF1_VS_PDGFB_TARGETS_DN	0.158669669149489	0.599939174883906	-0.434143492570627	-1.22463093109833	915	39	CLBA1|NCEH1|EPS8|ATP1A3|CDKN2D|TIMP1|DUSP4|THBD|F2R|SNX8|ARHGAP6
PID_ERBB1_RECEPTOR_PROXIMAL_PATHWAY	0.158164453761938	0.599939174883906	0.424545006798436	1.21416710067474	678	33	PTPN6|EGF|SRC|GNAI3|PIK3CA|MAPK1|NRAS|PTK2|NCK1|STAT1|SOS1|GAB1|PIK3CB|PTPN11|SHC1
PID_IL12_STAT4_PATHWAY	0.158646097167856	0.599939174883906	0.45292947630969	1.2239837393925	688	26	CD3G|IL18R1|CD80|ETV5|PIAS2|MAPK8|PPP3CB
REACTOME_HCMV_LATE_EVENTS	0.15828025477707	0.599939174883906	-0.356346482446618	-1.17108467305991	993	100	H2AC13|H4C4|H2AC20|H2AC7|H2AC8|H2AC11|H2AC15|NUP210|H2BC13|H2BC17|H4C11|H4C3|H2AC16|H3C12|H4C14|CHMP6|H3C13|H4C2|CHMP4A|H2BC5|H2AC12|H3C2|H2AC25|H2BC12
REACTOME_SIGNALING_BY_ROBO_RECEPTORS	0.158680863649808	0.599939174883906	-0.317697530428268	-1.13947388046166	1072	205	PAK1|SRGAP3|RPS21|RPL28|PAK6|RPS28|PSMB9|RPS20|RPLP2|RPS29|RPL23|MSI1|UBA52|GPC1|RPS9|RPL18|ROBO3|UBB|RPL13A|FAU|RPL38|PSMB5|PSMB6|MYO9B|RPS18|RPS15|RPS10|RPS16|RNPS1|PSMB10|ARHGAP39|RPS2|RPLP1|RPL27|PSMD2|ABL1|RBX1|RPS23|RPL10|RPL36|RPS27|EVL|RPL37A|RPSA|PSMB4|RPS11|CASC3|RPS26|RPS12|CDC42|RPL3|SRGAP2|PSMA7|RPL35|RPL8|PSMD9|RPS5|PSMC3|EIF4G1|SEM1|PRKACB|RPL35A|PSMB3|RPS14|RPS17|DAG1|MAGOH|RPL26L1|RPL23A|EIF4A3|UBC|RPL41|PRKCA|RPS13|PSMB7|RPL13|RPL27A
REACTOME_RESPIRATORY_SYNCYTIAL_VIRUS_RSV_GENOME_REPLICATION_TRANSCRIPTION_AND_TRANSLATION	0.158747779751332	0.599966194707783	0.530424281115537	1.27044899432674	714	16	PPP1CB|PPP1CC|SPCS1|SPCS2|HSP90AA1|HSPA8|CSNK2A1|XPO1|CSNK2B|CSNK2A2
FOROUTAN_PRODRANK_TGFB_EMT_DN	0.158963354242324	0.600281701254636	-0.37656107876979	-1.18470660460907	962	73	RAB26|S100P|NUP210|RAB38|GDF15|EREG|LAMA5|JAG2|CXADR|MUC1|TBC1D8|HPGD|SULT1A1
GSE13411_NAIVE_VS_IGM_MEMORY_BCELL_DN	0.159070464767616	0.600281701254636	-0.323554698864627	-1.14310142301469	1060	179	SPAG1|MARCKS|LAMB1|ATXN1|PPFIBP2|UQCR11|DHRS1|RUFY1|P2RY11|COPE|IFI35|CEP250|AEBP1|KLF12|DCAF11|STK39|TRIM10|FYN|THEMIS2|MFSD12|MZF1|MYDGF|ISG15|AKR1C2|YIF1A|PMPCA|MACROD1|PIN1|KANK1|NACC2|MOCS3|TGIF2|AKT2|ENTPD4|CAMKK2|PEF1|EML2|DCPS|MCM3|AP2M1|PCBD1|RBCK1|TBC1D10B|CBX6|CRELD2|MTMR14|NAP1L4|ELMO2|ABHD6|PPM1G|TLE3|HK1|RBFA|DAAM1|SDHAF1|ANAPC15|STK10|EDC3|SLC25A1
RAO_BOUND_BY_SALL4	0.159036144578313	0.600281701254636	0.293724017921334	1.11282173774204	527	186	TTC39B|MAP10|ARRDC3|GNA13|ALG11|FGD4|INSIG2|TMEM64|ABHD17B|ETFRF1|RNF13|ZNF608|MBTPS2|GCNT2|MOB4|AKAP12|SPRY2|NBR1|SLC25A40|SLC44A1|YWHAG|WTAP|MSANTD2|IDH1|SLC38A2|HSD17B11|TRIM2|FBXO15|FGFR1|SLCO4C1|LIPH|MTMR12|ZCCHC7|FAM91A1|CD24|CACYBP|LMBRD2|PRDX6|STMN1|LYRM1|FBXO36|C2orf88|SNTB2|FRYL|ZWINT|SPRED1|WEE1|ZNF148|CWF19L2|AEBP2|REEP3|REST|GRSF1|USP48|HNRNPA2B1|BCAT1|TXLNG|ETV1|KCMF1|ZC3HAV1|SMG7|STK38|HEXB|DYRK3
XU_GH1_AUTOCRINE_TARGETS_UP	0.159070052003671	0.600281701254636	-0.329569080320025	-1.14819761009711	1039	159	TRPM2|SPIB|VWA7|ELAPOR1|CYLD|AXL|UQCR11|GASK1B|H2BC13|P2RX4|KCNMB2-AS1|PPM1J|BSG|RIMS2|MUC5B|DNAI7|MYDGF|SLC43A1|ID3|SPATA7|UQCRQ|NDUFA1|ATP5PF|CAPN15|ZBTB20|RPL36|BLVRB|ID1|GRINA|RNF220|HOXC10|SH3KBP1|NIBAN1|SSR4|MTHFD2L|EPOR|ATP5MG
GSE3982_MAST_CELL_VS_DC_DN	0.159235668789809	0.600679309775311	-0.326283244285474	-1.14355836398414	1049	168	IGF1R|ANPEP|IL15|PLXNB2|NDOR1|HLX|ABCB4|GASK1B|SYNGR1|DIAPH2|REX1BD|TCIRG1|TPD52|GPC1|HFE|AHCYL2|PILRA|GAS2L1|SHFL|RGS14|SEMA6A|TSPAN9|SCARB1|GNA11|CSRP2|RAMP1|DDO|HPCAL1|SDC4|RETREG2|IQSEC2|SMCO4|RPP25|RAP1GAP|CTTN|PDLIM4|GTF3C5|WNT5B|INF2|FSD1|CCDC106|ACADSB|CTSH|SCPEP1|MPZL1|DNPEP|ANKRD11|GTF2IRD1|NFKBIE|ARSB|AKR7A2|DNAJC10|ANXA11|FN1|TRIM14|RXRA
WP_ENVELOPE_PROTEINS_AND_THEIR_POTENTIAL_ROLES_IN_EDMD_PHYSIOPATHOLOGY	0.159357776180206	0.600914108676525	0.397785481051394	1.20305038951247	664	43	MAP3K9|LEMD3|SMAD4|SMAD2|MAPK1|SYNE2|SYNE1|SOS2|RHOA|KIF5B|NRAS
PID_CDC42_REG_PATHWAY	0.159554730983302	0.601430863541265	0.439595179276997	1.2228358924336	687	29	VAV2|BCAR3|ITSN1|DOCK10|ARHGEF25|DOCK11|RACGAP1|APC
CREIGHTON_ENDOCRINE_THERAPY_RESISTANCE_2	0.159746935547647	0.601708579672428	0.26333442883676	1.07793153556219	403	420	CCT6B|FSD1L|COPB2-DT|NIPSNAP3B|RFX3|CFAP221|ENKUR|GPR137B|TTC21A|ZNF20|CFAP69|EFCAB12|PSMB8-AS1|CFAP92|BMAL2|CFAP95|DNAJC9-AS1|ABITRAM|BBS12|PLK4|CEP128|TCF7|RMI1|AK7|TMCC1|MEIG1|REV3L|DUSP19|LRRC27|IFT56|BBOF1|PRPS2|MLF1|HEATR3|CFAP210|RINT1|LZTFL1|EFHB|CCP110|CMPK2|TMEM106C|RANBP9|H3-3A|RNF182|LRP2BP|ARMC2|EFHC2|THBS3-AS1|DRAIC|RSAD2|LINC01588|FBXO15|EML6|RSPH4A|LRTOMT|SAXO4|MAP3K19|EFCAB6|RAB36|TRIM24|KIF3A|DNAI4|ZFAND4|CCDC121|OTUD7B|IFT57|FAM229B|LRRC46|IFT74|SLC25A14|CRY1|AZU1|CACUL1|IFTAP|IFT70A|RPGRIP1L|ENSG00000291006|TOGARAM1|MUC12|DNAAF10|ZBTB21|CFAP20|ZBTB25|CFAP20DC|CEP120|CEP78|HECTD1|STPG1|LRRC23|NEK2|CLUAP1|API5|STIL|PCSK6|CETN2|EFHC1|PSIP1|CFAP298
GSE3039_ALPHABETA_CD8_TCELL_VS_B2_BCELL_UP	0.159928122192273	0.601708579672428	-0.322745779376916	-1.14283512426809	1067	182	ACKR1|CYFIP2|PURG|CREBRF|CRIP2|CYLD|NUP210|ABCA7|RAB38|AMZ1|L1CAM|PLA2G15|TUBGCP6|SHLD1|EXTL1|CIB1|LENG9|RPL13A|ATP2A3|SLC6A13|BCL6|SCARB1|AKNA|ZNF329|UNC13D|SLC22A23|ABCD1|PALM|ENTPD6|SZT2|PRDM15|PPOX|MADD|FBXL6|ERN1|CNP|CACNB3|EVL|TTI1|IRAG2|IRF9|DPY19L1|CIPC|CDC42EP3|TYK2|AFMID|ARAP1|GATA1|PANK4|ARAP3|ZNF646
GSE41176_UNSTIM_VS_ANTI_IGM_STIM_TAK1_KO_BCELL_3H_DN	0.159801025959894	0.601708579672428	-0.336573979157274	-1.15226836144563	1027	137	BCO2|PYGM|KCNJ14|ADGRD1|TEX14|SLC8A2|FAM178B|ASIC3|CITED4|ANO3|FOXP3|ZIC1|FGF17|CRYBA2|SLC19A1|BCAM|TMTC2|DKKL1|LSR|RAB40B|CDH23|CAMK2N2|KCNJ15
GSE9037_CTRL_VS_LPS_1H_STIM_BMDM_DN	0.159845788849348	0.601708579672428	0.298716662757956	1.12198733168887	538	174	DLX4|AIF1|HSPBAP1|TBX3|MX2|PLEKHH2|CCL4|ST3GAL5|CORO1A|NRG4|MARCHF5|PHLDA1|RCHY1|RFX5|RNF103|SLC30A6|ERCC6|HESX1|CDHR4|POF1B|SBDS|DYRK1A|JAK2|OSGIN2|SMG8|ZNF292|RAVER1|SMIM3|CUL3|RAB3GAP2|CR1L|LRRC23|GART|AP3B1|MID1|ZC3H15|GNL3|MMS22L|BAIAP2L1|HELZ2|PMS2|SUPT3H|VTI1B|MAFF|ARG2|CDIN1|DAB2|PARP14|CSE1L|GOLGA5|HMGB2|ACOT9
ZHAN_MULTIPLE_MYELOMA_CD1_AND_CD2_UP	0.159915276674609	0.601708579672428	0.342207419043129	1.16353417133317	603	87	DCK|RTL6|RASSF3|ACTR3|BNIP3L|CHPT1|RBL2|SLC38A2|SMARCA5|PMS1|CNOT7|RBL1|ACSL1|IL10RA|WAC|PRMT6|PGM3|SELENOF|TOGARAM1|RFC1|ALDH2|QKI|TBCK|TNKS
GSE43863_DAY6_EFF_VS_DAY150_MEM_LY6C_INT_CXCR5POS_CD4_TCELL_UP	0.160053900284474	0.601847655014197	-0.322615447577355	-1.14322580637048	1068	184	TSC22D3|PDE2A|DIPK1A|SNN|FCSK|CD84|KRTCAP3|L1CAM|KHDRBS3|WFIKKN1|RENBP|ADGRE5|ACAP1|SRD5A3|PLA2G15|DGKD|TCIRG1|SGSH|SUN2|GIGYF1|SNX30|PPCDC|ZNF516|LOXL3|SIAE|FYN|IER5L|RHOF|PTK2B|EGFL6|IRS2|TNKS1BP1|CTSA|LYL1|HPCAL1|SFXN3|SGK1|PDGFA|PLD2|EPHX1|SLX4|PER1|ITGAV|TSC22D1|INPP5D|TUBB2B|HOXC6|CBX2|HAUS4|TMC6|GRAMD4|NRGN|TPRA1|CSTB
WP_SARSCOV2_MITOCHONDRIAL_CHRONIC_OXIDATIVE_STRESS_AND_ENDOTHELIAL_DYSFUNCTION	0.160085000885426	0.601847655014197	-0.490046878726631	-1.2498162912919	903	24	ACE|REN|PHB1|NLRX1|STING1|SIRT6
MAHAJAN_RESPONSE_TO_IL1A_UP	0.160246790061698	0.601926915733804	-0.387152476449022	-1.19277660338196	960	64	FSTL3|LMOD1|FLT1|CSF2|APOD|ACVR1B|IL1B|AKAP8L|MAFK|NFRKB|MERTK|RHOB|IL15RA|IRAG2|IL6ST|TNFAIP2|SPTBN1
MOSERLE_IFNA_RESPONSE	0.160285977859779	0.601926915733804	0.44956638219834	1.22812900729788	694	27	SAMD9|IFIH1|CMPK2|IFIT3|RSAD2|IFIT1|CD274|IFIT5|DDX60L
REACTOME_BILE_ACID_AND_BILE_SALT_METABOLISM	0.160251924422673	0.601926915733804	0.421001995740845	1.21032914726159	686	34	ABCC3|NCOA2|SCP2|ABCB11|FABP6|CYP46A1
LAIHO_COLORECTAL_CANCER_SERRATED_DN	0.160394120497496	0.602107771710497	-0.369193930964518	-1.18175370214361	992	81	SRRM2|CLCN7|ACVR1B|RPL18|KATNB1|RAB15|ATN1|SMARCC2|BRD1|PIGL|SLC26A6|CPNE1|ZNF263|RCBTB1|APBB3|ERAL1|CCDC9|MED12|INPP5D|GRINA|ENGASE|RPL37A|REPIN1|ADD1|GTF2IRD1|MPHOSPH8|STX16|ELMO2|HGH1|PROSER1|DDX11|CDK5RAP3|TNPO2|PABPN1
GSE4535_BM_DERIVED_DC_VS_FOLLICULAR_DC_DN	0.160503069321755	0.602291517701598	-0.322570294114645	-1.14306579976136	1071	184	ARK2C|IL11RA|ADGRG3|STX1A|ATRN|EPB41L1|PHYHD1|PRKCZ|BRME1|SLC39A3|FAAP100|PEMT|MTG1|PYROXD2|THEM6|FGFBP3|RCN3|DNAJC15|CLCN2|SLC23A3|DENND2C|PTGIR|LRRC75B|RASGRP1|FRMD6|PCED1B|SEZ6L2|TRIB3|WDR4|QTRT1|DGKA|SFXN3|TREML2|KICS2|CDK11B|SNHG6|ZNF579|ERAL1|SPATA2L|CNP|ARHGEF1|WNT5B
GSE9946_LISTERIA_INF_MATURE_VS_PROSTAGLANDINE2_TREATED_MATURE_DC_DN	0.161043753294676	0.603240564336914	0.340481478344775	1.1600610315631	610	88	TSLP|DUSP21|EGF|CCDC33|FCGR2B|PLEKHH2|MAP3K9|VBP1|EEF1AKMT1|DERA|RGS9|PLPP3|GARIN1A|COPZ2|CDH7|LIPH|ARHGDIG|NIP7|PIWIL4|TMEM217|POPDC3|TMEM126B
HOEK_NEUTROPHIL_2011_2012_TIV_ADULT_1DY_DN	0.161100855848297	0.603240564336914	-0.394773227673194	-1.1959877201556	959	58	ADAM19|HOMER3|REX1BD|FLT1|GALNT14|PNPLA1|COA6-AS1|LRRC75A|CTSD|TSR2|NDUFA7|GRAMD4|MRPL21|EBP|BEND7|TTC38|CIAO3|PPDPF|TMEM39B|PLCB3|TESC|HSPE1|NAA40|SNRNP25
JAATINEN_HEMATOPOIETIC_STEM_CELL_UP	0.160822656776804	0.603240564336914	0.276877893204719	1.09646215923691	476	283	MEIS1|LRCH2|EOGT|ARMCX1|ZNF165|UBTD2|PREX2|RAVER2|SMARCA1|PKD2|MBLAC2|RUNX2|SLC39A10|SOCS6|DTL|ACSF2|DOCK7|CDCA7|CALN1|PLEKHA5|IPO7|SYPL1|RDX|CIBAR1|ZFTA|RHOBTB1|POGLUT2|UBR5-DT|CPSF3|TANC1|PLA2G4A|NREP|HOXA5|KIT|TRIM24|PSMG1|ANKRD28|TCEAL9|TMEM38B|SOCS2|DSG2|TCAF1|ALG10B|ANGPT1|CDK2AP1|QSER1|CNKSR3|ZNF521|MYB|HSPD1|ZNF117|NDN|BIVM|MEG3|STMN1|ABRAXAS1|CEP170|ECPAS|PRXL2A|PLCB1|IPO11|ITPRIPL2|HACD1|ACACA|MRNIP-DT|BTBD3|SLC39A8|FABP5|ETV6|PAICS|SSBP2|CDK6|DKC1|C11orf54|SCN9A|BCAT1|GALNT7|DST|IL18|PRMT5|PAIP1|TGFBRAP1|CCNB1IP1|PLA2G12A|SLC27A2|MACROH2A1|ALDH1A1|KCTD15
MARTINEZ_RESPONSE_TO_TRABECTEDIN_UP	0.161081619110816	0.603240564336914	-0.379658672718899	-1.18402614821317	970	69	AKAP13|COX8A|PIK3C2B|IFITM1|NDUFA13|NDUFA2|MYL11|IFITM2|COX6B1|UBA52|IFITM3|CTSA|GUK1|NDUFA1|JUNB|VKORC1|RPS27|ID2
REACTOME_CASPASE_ACTIVATION_VIA_EXTRINSIC_APOPTOTIC_SIGNALLING_PATHWAY	0.160968660968661	0.603240564336914	-0.496429459694971	-1.25295568222604	903	23	CD14|UNC5B|FAS|TRADD|TRAF2|DAPK3|TNFRSF10A|APPL1|CASP9|TNFRSF10B
WONG_ENDMETRIUM_CANCER_DN	0.161116552399608	0.603240564336914	0.374562402554889	1.18228960616703	657	55	CNRIP1|FBN1|SLC18A2|TBX3|PLEKHH2|MME|HIC1|HAND2-AS1
SMIRNOV_RESPONSE_TO_IR_6HR_DN	0.161412018323902	0.604121491400197	0.326086947610027	1.14731841498575	598	106	AIM2|EGR3|CD69|CCNG2|KCTD12|PDK1|RGS2|INSIG2|CCL4|EGLN3|EGR1|MACIR|CCNB1|ARHGAP11A|NR4A2|TRIB1|HK2|CR2|ATP8A1|INSIG1|BUB1|KDM3A|CYBB|MYC|ELOVL6|KIF14|NEK2|P4HA1|PTPRC
POOLA_INVASIVE_BREAST_CANCER_UP	0.161769352290679	0.605007734088614	0.284539471530173	1.10208308688885	511	225	AIM2|SLC18A2|AIF1|LPXN|CD69|CD40|LST1|TNFSF4|CCNE2|CCL4|DTL|NPL|CKS2|TOP2A|ABCC4|CTSS|BPNT2|IL18R1|PBK|KIF11|CCNA2|STAG3|GINS1|NCAPG|NDC80|NUSAP1|MAD2L1|IL32|GPR183|MMP11|RSAD2|FCER1G|FPR3|LAT2|CENPU|CXCL11|PRR16|TYMS|SAMSN1|CDK1|SOAT1|RRM2
WP_CYTOKINECYTOKINE_RECEPTOR_INTERACTION	0.161744661517492	0.605007734088614	-0.325081681297212	-1.14197267345735	1067	172	AMH|IL17B|IL21R|CCR7|IL11RA|IL15|BMP8B|CXCL1|GDF15|TNFRSF21|TNFRSF8|CXCL16|CSF2|TGFB3|GDF2|ACVR1B|TNFRSF1A|RELT|IL2RG|IL17D|FAS|GDF9|INHBE|CCL24|AMHR2|CCL26|IL17RA|IL23A|TNFRSF1B|IL18RAP|LIFR|ACVR2B|IL15RA|CLCF1|IL17RC|IL6ST|IFNGR1|CCL4L2|EPOR|TNFRSF10A
GSE4984_LPS_VS_VEHICLE_CTRL_TREATED_DC_DN	0.161999397771756	0.605420329798659	0.294282037450634	1.1117922132549	537	183	AIM2|DCP1B|BATF|AGO4|KLRF1|NCOA2|CEP128|HNRNPLL|MGAT2|TBC1D2B|PLEKHA5|BLTP1|WSB2|NFAT5|PICALM|EPS15|PLXND1|TMEM106C|RCBTB2|APOBEC3D|ZBTB16|SYNE1|TOX|TTC39C|SYT11|SGCB|SLCO4C1|BICD1|NCKAP1|BROX|NFATC2|USP45|SLC30A7|EPCAM|BMPR1A|CNKSR3|PTP4A2|RB1|PPP1R16B|RO60|NF1|PLAAT4|GLUL|PPP2R5C|ECPAS|FBXW11|WEE1|GTDC1|PPP2R1B|CORO1C|TGFBR3|SAV1|SMAD5|TMX4
JAEGER_METASTASIS_DN	0.162000299446025	0.605420329798659	-0.322283647176145	-1.14205003259996	1081	184	KRT15|S100A2|TRIM29|MAPK13|S100P|LYPD3|SFN|PAK6|PYCARD|ELMO3|EPPK1|CRYBG1|DSC3|MST1R|LAMB3|LSR|NLRX1|SPINT2|CA12|CXADR|KLK8|EPHX3|PKP3|EPHB6|THBD|DGKA|FGFR3
FULCHER_INFLAMMATORY_RESPONSE_LECTIN_VS_LPS_DN	0.162380038387716	0.605912232468919	0.263294522825759	1.07580206402899	422	407	SAMD9|AIM2|SETDB2|AIF1|ARRDC3|ARMCX1|IFIH1|MX2|CD36|KCTD12|TGFBR2|LST1|DHX58|CPNE8|SNX18|MS4A6A|C1orf162|NT5C3A|NPL|ARID5B|CKMT1B|GNB4|STXBP3|NBN|ME1|KLF10|CTSK|LGALS8|PFKFB3|ERI1|DCLRE1C|OCIAD1|LDLRAD3|LYSMD3|DMXL2|ZNF493|RDX|CHPT1|PLEKHF2|WASHC4|ADD3|ZFYVE26|FNIP2|SCCPDH|PDE8A|CMPK2|WTAP|IFIT3|AGPS|QNG1|HESX1|APOL3|TMEM140|C2|RSAD2|IFIT1|TGFBI|NREP|GPNMB|CHN2|SDS|C1S|HS3ST2|IFIT5|RAD23B|CXCL11|PPA1|ZNF160|TENT5A|DBT|CERT1|TCAF1|LRP12|DOCK11|B4GALT5|B3GNT2|NAMPT|SAMD4A|WDR11|SNX2|SEMA4A|BACH1|WSB1|ACBD5|TOR1B|VMP1|RB1|CITED2|QKI|MAML2|MRPL30|RBM47
GSE11961_GERMINAL_CENTER_BCELL_DAY7_VS_PLASMA_CELL_DAY7_UP	0.162364945978391	0.605912232468919	0.295356260305311	1.11242786356282	540	179	SETDB2|KDM4D|PRNP|LPXN|SLC9B2|SERPINI1|YIPF1|UCN|VPS54|DTX3L|DCLRE1C|DCTN4|ARHGAP11A|CALB1|WBP4|HSPA4|EIF2B2|TAC1|CLMP|C1S|SERPINE2|SSUH2|LITAF|SKAP2|RBL1|SAMSN1|PARD3B|CLIC4|PCGF5|DRAM1|PPM1K|CAND1|VMP1|ELOVL6|SEMA7A|TOR1AIP1|NEK2|P4HA1|PTGER3|NMI|CNDP2|CHORDC1|DDX20|MYCBP2|LRR1|RFC3|ETV6|GHITM|GGT1|PARP9|BCAT1|ERCC6L|HSPA5|STAT1|ACOT7
HOFT_CD4_POSITIVE_ALPHA_BETA_MEMORY_T_CELL_BCG_VACCINE_AGE_18_45YO_ID_56D_TOP_100_DEG_AFTER_IN_VITRO_RE_STIMULATION_DN	0.162494095418044	0.605912232468919	0.411406160660728	1.20725941651839	687	37	FOXO3B|MYO3B|TMEM106B|DCLRE1C|LZTFL1|NFAT5|UHMK1
KEGG_MEDICUS_PATHOGEN_HCMV_GB_TO_PDGFR_RAS_ERK_SIGNALING_PATHWAY	0.162406346408109	0.605912232468919	0.537780715813138	1.26956628718507	736	15	MAPK1|SOS2|NRAS|BRAF|SOS1|MAP2K1
REACTOME_RNA_POLYMERASE_III_TRANSCRIPTION_INITIATION_FROM_TYPE_1_PROMOTER	0.162471395881007	0.605912232468919	-0.46901567143199	-1.23869609181162	922	28	POLR2L|POLR2F|GTF3C1|POLR2E|POLR1C|POLR3K|GTF3C5|POLR3GL|CRCP|BRF1
SOBOLEV_T_CELL_PANDEMRIX_AGE_18_64YO_1DY_UP	0.162405473532589	0.605912232468919	-0.520864858010711	-1.26138751056138	901	19	LAT|RASGRP1|FYN|MAP4K1|PRF1|CD3D
KIM_ALL_DISORDERS_OLIGODENDROCYTE_NUMBER_CORR_DN	0.162586605080831	0.60603206156754	0.459346430312006	1.22766049459815	703	25	RNF115|DGCR11|KIF3A|HOXB7|ZNF148|ZNF136|ZBTB38|XRCC2
ENK_UV_RESPONSE_EPIDERMIS_DN	0.162723121627231	0.60609079587909	0.260124234082017	1.07312191529369	391	459	FOSB|DNAJB2|CD83|DCK|PIGA|PRKCH|EGR3|PELI2|ATXN7|GNA13|ZNF26|LEMD3|LGALS3|GOLPH3|ABCC3|EIF2AK3|PLD1|HIF1A|ABCC4|DNTTIP2|ENTPD7|FOXN3|RAPGEFL1|AFF4|ZNF277|EGR1|PTBP3|ERBIN|PFKFB3|MT1X|RAB22A|UAP1|NR4A2|AK6|ABCD3|CRLF3|CYP27B1|LZTFL1|SPRY2|SH3BGRL|NBR1|SMNDC1|HSPH1|UTRN|DDX10|PROS1|CTSF|TRIB1|ITPRID2|ASS1|FEM1B|HK2|UGCG|HOMER1|NEO1|HECA|GPR183|MGMT|ZBTB16|IL6R|ABR|TGFBI|DKK3|TIGAR|DSG3|HSPB8|KIT|RPS6KA2|BEX3|ELL2|SOS2|MED17|MYO6|DUSP10|SKAP2|SLC20A1|KCNK1|RAB5A|RTN3|ACSL1|PELI1|B4GALT5|ITM2A|B3GNT2|CRY1|NAMPT|DLG1|DBF4|EIF4G3|PEX13|RLF|ACAT1|CMC4|MRPS30|NPAT|ALDH2|KDM6A|ANXA1|ZNF217|SHB|RACGAP1|APC|PPP2CA|CLPX|IVNS1ABP|OPN3|QDPR|GNL2|PTPRA|PANX1|PRDM2|CDC5L|INTS6|CHORDC1|ASAH1|YWHAH|HBA1|DDX21|TRIM16|CORO1C|STX8|TFRC|DNAJB6|TGFBR3|S100A4|PNRC1|SSBP2|EIF2D|PNP|ATF3
ZHENG_IL22_SIGNALING_DN	0.162693820874798	0.60609079587909	0.443463123922075	1.22193666015782	702	28	SLC9A2|FGF13|TRIM6|MBTPS2|NCOA4|SUV39H2|IL1RL1|CCDC121|RACGAP1|CENPI
GSE17721_0.5H_VS_24H_CPG_BMDC_DN	0.162852112676056	0.606346256321311	0.299781500789952	1.12027737915861	554	168	BATF|STAP1|CCL5|TBCEL|HLA-B|ABCC3|NT5C3A|LAMP2|HACE1|ME1|MARCHF5|MTHFD2|ZNF146|LYSMD3|LZTFL1|PROCR|HSPH1|CHPT1|C18orf32|CLK1|GCLM|SYNE1|SLAMF7|PLA2G4A|ELL2|SOS2|JAK2|CRBN|PKP2|RDH11|VMP1|RIDA|SACM1L|IKBKE|MTF2|SERINC1|GOLGA7|FAM20B
REACTOME_SUMOYLATION_OF_DNA_REPLICATION_PROTEINS	0.163072449721347	0.606941509196471	0.390715928949677	1.1955110664257	672	46	TOP2A|RANBP2|SEH1L|NUP153|NUP35|NUP107|SUMO1|NUP37|NUP160|NUP133|NUP205|NUP88|PCNA|RAE1|NUP155|NUP54|NUP50|NDC1|SUMO3|NUP58|TOP2B|SUMO2|TOP1|NUP98|NUP43|PIAS3|TPR
GSE11961_MEMORY_BCELL_DAY7_VS_GERMINAL_CENTER_BCELL_DAY40_DN	0.163357400722022	0.607129052392519	0.294339018605827	1.11111339457757	542	182	ST8SIA4|RFX3|DCK|PLEKHM3|PGAP1|AGA|CFAP95|PTPRN|SCRN3|TRIM23|TMEM135|ERI2|BACE2|BBOF1|VSIR|RNF138|CBLL1|LYPLA1|FAM199X|THOC2|COG6|CAPN2|WDR26|MEX3B|RBMX|POGLUT2|PXYLP1|ALDH9A1|APPBP2|FUT8|TENT5A|PPHLN1|CNOT2|WDR11|RNPC3|FAR1|DDX3X|MEGF9|CITED2|CLIP1|LRRC23
GSE17301_IFNA2_VS_IFNA2_AND_ACD3_ACD28_STIM_CD8_TCELL_DN	0.163283318623124	0.607129052392519	0.300372124919605	1.12028502925525	554	166	ELK3|NXT2|CD83|RYR1|PRKN|NPL|CNNM2|EXD2|PBK|FGGY|RAPGEFL1|YES1|PLCL1|DDR2|KIF3C|MXI1|ADD3|ZNF821|TRIB1|SLC19A2|SCP2|FKBP10|RCBTB2|FAM174B|GPR183|RSAD2|IL6R|MCC|SERPINE2|ICA1|APOO|CENPU|SOCS2|GRK5|CREG1|ITM2A|ZNF215|EIF4G3|DHX15|NET1|RPL7|CA2|PGAP3|CENPI|RAB14|PLSCR1|TMOD2|ADARB1
GSE25146_UNSTIM_VS_HELIOBACTER_PYLORI_LPS_STIM_AGS_CELL_DN	0.163425253991292	0.607129052392519	0.301680840240986	1.12200439300319	562	161	FOSB|CD69|ATXN7|PDK1|SESN3|ZBTB41|TBC1D2B|L3MBTL3|AFF4|PIK3C2A|ERBIN|LGALS8|CLK4|MARCHF7|TTC14|DOCK10|PDE4D|RUNDC3B|SAMD3|TMEM254-AS1|USP33|PPIL4|SLC20A1|VWA5A|MBNL1|DDX5|FRG1|NAMPT|CASD1|MYB|ZFC3H1|DDX3X|PPP3R1|MYC|CCNT2|SEMA7A|TIA1|BCLAF1|IVNS1ABP|GNL2|MPHOSPH10|IDE|MYCBP2|PHF21A|MED8|ASH1L|ZC3H7A|PKNOX1|STAT1|ZC3H14|PPP4R3A|ZC3HAV1|KTN1|SRSF10|RPS6KB1|CEP95|NIPBL|DHX36|PRPF38B|MTA3|DDX17
GSE37301_LYMPHOID_PRIMED_MPP_VS_PRO_BCELL_DN	0.163400709767011	0.607129052392519	-0.33070692320536	-1.14710905485381	1058	155	TCN2|MAGIX|MADCAM1|SNN|AXL|BRME1|CELF3|L1CAM|SLC9A1|DDX41|GON4L|ITIH5|TMEM144|TEF|GUCY2F|STX10|SLC29A2|CABIN1|ACYP2|FRMD8|KHDC1L|YJU2B|MAP7D1|SORBS3|SLC39A4|NOP10|MTMR10|DDX31|MCOLN1|GPS1|RGS12|MDK|CBX2|PRSS2|CCDC106|SPHK2|ADISSP|PTDSS2|DHX34|RNFT2|FCHO1|PRSS8|IDH3G
REACTOME_REGULATION_OF_NF_KAPPA_B_SIGNALING	0.163419913419913	0.607129052392519	-0.527314068365988	-1.26049869090549	905	18	UBA52|NLRX1|UBB|IKBKG|TRAF2
GSE18281_PERIMEDULLARY_CORTICAL_REGION_VS_WHOLE_CORTEX_THYMUS_DN	0.163911459792659	0.608623823543985	0.31015483238129	1.13006010136933	584	137	VAV2|ZNF225|BICDL1|CD83|MS4A3|FAM135A|ZNF410|TET3|CLDND1|PPM1B|FNDC3B|DDR2|ZFYVE16|GRIK1|ERCC6|ZNF770|TRIB1|SYCE1L|HNF4A|ADRA2C|SDHD|ERO1A|SAMSN1|WIPF1|CMPK1|LCP1|NAMPT|ZNF507|DDN|SNX19|SEMA7A|MKRN3|TAF4B|ASTN1|PTPRJ|PSMD11|RAE1
KEGG_MEDICUS_REFERENCE_EGF_EGFR_PLCG_CALCINEURIN_SIGNALING_PATHWAY	0.163948876156897	0.608623823543985	0.537083184837968	1.26791959033577	743	15	EGF|PPP3CB|CALM2|NFATC2|PPP3R1
KRIEG_KDM3A_TARGETS_NOT_HYPOXIA	0.164102564102564	0.608969145457131	0.293553087290037	1.11111343844213	543	185	CD40|DHX58|GLMN|TMEM254|CAPZA1|ATP6AP2|EIF2A|RRM2B|EVC|TMEM106B|VBP1|ALG13|B3GNT5|PTPN2|LGALS8|AMMECR1|PAQR3|AKAP11|THNSL1|PSMA4|LDLRAD3|NHEJ1|TSPAN13|HIBCH|HPRT1|IFIT3|RRAD|TMEM140|PLA2G4C|SGK2|SIRT5|HYPK|GOLGA4|RPE|SLC25A14|BTBD10|ZNF451|NDUFA5|AASDHPPT|ATPAF1|COQ3|CD47|CLNS1A|TMEM245|GTPBP10|GALNT1
CADWELL_ATG16L1_TARGETS_UP	0.164176706827309	0.609019136412613	-0.362787910488847	-1.17020653326933	1021	86	APOA1|DGAT2|DHH|CHAC1|HBB|KRT12|TMEM116|FMN2|CFD|CCDC74B|FBXO41|ISG15|SELENOS|ACAA1
GSE2770_IL12_ACT_VS_ACT_CD4_TCELL_6H_UP	0.164547494390426	0.609521630962916	-0.320991995335553	-1.13951835379407	1099	188	ZNF321P|AHRR|ENC1|ANAPC11|NDUFA2|RNASEH2C|RCN3|SRRM2|GPC1|RPP25L|TMEM8B|SRR|PKMYT1|LRPAP1|H4C2|NAA60|ATN1|CCDC57|HERC2|DUSP4|TMED1|YIF1A|MRPL55|LSM7|KCNN4|ENO3|TIMM10|GFUS|RBFOX2|SELENOS|ZNF407-AS1|RGL2|JRK|PRPF19|PSMG3|FASN|PTCD1|REPIN1|SMARCA4|SLC38A5|TMUB2|RPS12|TEDC2|RNASET2|PRR14|RPL8|NOC4L|CYC1|MCM7|MPZL1|DNAJC19|ZDHHC14|CDKN1A|ARAP1|UBE2Z|RMND5B|MROH1|INTS1|ATP6V1H|SEC11C|RHBDD2|MESD|MCM6|HK1|CLPP
REACTOME_METABOLISM_OF_VITAMINS_AND_COFACTORS	0.164555052790347	0.609521630962916	-0.323785330465115	-1.13947359734719	1090	174	BCO2|APOA1|TCN2|CUBN|RETSAT|SLC46A1|SLC52A2|RNLS|APOE|PPCDC|SLC22A13|SLC19A1|GPC1|SLC52A3|FLAD1|HSPG2|SLC25A19|FOLR2|NAPRT|ACACB|SLC2A3|AGRN|NUDT8|SLC25A16|SDC4|NOS3|MOCS1|VKORC1|GPC2|MOCS3|FASN|BTD|GCHFR|DHFR2|SLC25A42|NMNAT1|NNMT|PNPO|MTHFD2L|ENPP3|NAXD|ABCD4|COASY|GSTO2|PDXK
SCHERER_PBMC_APSV_WETVAX_AGE_18_40YO_JOINT_TO_VACCINIA_AND_YELLOW_FEVER_UP	0.164451261077028	0.609521630962916	-0.412371194951971	-1.20892675402821	964	48	IFI30|MARCKS|PSMB9|TAP1|IFITM1|IFITM2|IFIT2|LGALS3BP|MX1|IFITM3|ISG15|SP110|CEBPB
SCHERER_PBMC_YF_VAX_AGE_18_40YO_JOINT_TO_VACCINIA_AND_YELLOW_FEVER_UP	0.164451261077028	0.609521630962916	-0.412371194951971	-1.20892675402821	964	48	IFI30|MARCKS|PSMB9|TAP1|IFITM1|IFITM2|IFIT2|LGALS3BP|MX1|IFITM3|ISG15|SP110|CEBPB
FULLER_PBMC_F_TULARENSIS_VACCINE_LVS_AGE_22_54YO_18HR_TO_48HR_EARLY_DN	0.164835164835165	0.610108917631042	0.429170794556082	1.20836992185071	704	31	PRKCH|CD40|CCL5|CD3G
RUIZ_TNC_TARGETS_UP	0.164801343033016	0.610108917631042	0.308995908732291	1.12988822838704	588	139	MEIS1|IFIH1|KCTD12|ARHGAP28|ARID5B|KLHL24|SCG2|BNIP3L|ITSN1|NBR1|TCF12|WDR26|PROS1|COL4A5|SLC2A10|SPP1|AUH|ACSL4|FCGRT|HERPUD1|RESF1|WIPI1|WSB1|SPTSSA|GBE1|PLAAT4|TPP1|TNKS|TMT1A|EXTL2|PHF21A|BTG1|IL1R1|PNRC1|SSBP2|GOLGB1|CAT|LTA4H
WP_CYTOSOLIC_DNASENSING_PATHWAY	0.164981462756994	0.610425331055917	-0.396629736344599	-1.19440790669425	978	56	POLR2L|IRF7|POLR2F|CYLD|PYCARD|RIGI|IRF3|NLRX1|IL1B|TRADD|ISG15|IKBKG|POLR2E|STING1|POLR1C|POLR3K
GSE36527_CD69_NEG_VS_POS_TREG_CD62L_LOS_KLRG1_NEG_UP	0.165384615384615	0.611554615663916	0.297408576801732	1.11619866101873	558	173	TTC39B|GABRG1|IFIH1|MX2|DHX58|ZBTB22|CMTM6|RAB29|VPS54|CCRL2|B3GNT5|LGALS8|PNPT1|NUP153|ETNK1|PLEKHF2|CWC22|CMPK2|IFIT3|ISOC1|SYNE2|TMEM140|RSAD2|CD274|ASB3|RBM43|PPA1|RBL1|NAMPT|RAPGEF6|PARD6G|CLIC4|TRAFD1|ELOVL6|RNF14|TPST1|UBE2D1|TOR1AIP1|KBTBD2|FAM111A|EFR3A|RIPK2|HELZ2|CDC42SE2|RIPK1|ZNF281|PRKCQ|PARP9|TASOR2|LYSMD2|EIF2AK2|RAD51AP1|EXO1|GPSM2|STAT1|MORC3|ZUP1
REACTOME_SYNTHESIS_OF_PIPS_AT_THE_EARLY_ENDOSOME_MEMBRANE	0.165408525754885	0.611554615663916	0.52695599424866	1.26214190560751	744	16	PIK3C2A|PI4K2B|PIKFYVE|INPP4B|MTMR12|PIK3C3|INPP5F|MTMR4|MTMR2|INPP4A
REACTOME_REGULATION_OF_ENDOGENOUS_RETROELEMENTS_BY_THE_HUMAN_SILENCING_HUB_HUSH_COMPLEX	0.165680473372781	0.612334533032392	-0.400307323790707	-1.19819321926138	979	54	H4C4|H2AC20|H2AC7|H2AC8|H2BC13|H2BC17|H4C11|H4C3|H3C12|H4C14|H3C13|H4C2|H2BC5|H3C2|H2BC12|H2AZ2
ZHAN_MULTIPLE_MYELOMA_SPIKED	0.165762834417932	0.612413445670667	-0.535787931255824	-1.26359422888612	916	17	DSC3|CCND1|LGALS3BP|FGFR3
CROONQUIST_NRAS_VS_STROMAL_STIMULATION_UP	0.166404199475066	0.612728515114416	-0.443049900592132	-1.21668786924733	950	34	MC1R|RAB4B|SYNM|SLC7A7|DUSP4|KCNN4|PLEC|ZER1|IQSEC1
GSE13522_WT_VS_IFNAR_KO_SKING_T_CRUZI_Y_STRAIN_INF_UP	0.166519564577817	0.612728515114416	0.29807000612924	1.11844500355453	565	172	ELK3|DPYSL2|OSGIN1|GPR160|PRNP|PRKCH|MYO3B|PELI2|SGO2|MX2|SNX18|NCOA3|DTL|CPD|KLF10|TSPAN13|DNA2|CMPK2|TRIB1|SLC19A2|MFSD4A|P2RX7|GFI1|RSAD2|TMPRSS13|TOX|SLC22A2|TSNAXIP1|PHETA2|RNF144A|MYO6|SOCS2|RRM2|ENDOD1|CHSY1
GSE23308_CTRL_VS_CORTICOSTERONE_TREATED_MACROPHAGE_UP	0.166265784726398	0.612728515114416	-0.322721642898485	-1.13777739028257	1105	176	IL21R|VASN|MAPK13|CDC26|ABCC10|RDH16|PYCARD|ATXN1|SLC12A9|APBA3|APLP2|SH3PXD2A|RTN4R|TMEM144|RGS17|KIRREL1|IER3|RPP25L|CTDNEP1|CAMKK1|FOS|BRD4|ADAM11|DHX38|MAD1L1|MAP3K11|TBC1D10A|MAP4K2|SPHK1|SYVN1|TSC22D4|UBALD1|SLC35F6|EXTL3|NCAPH2|ARMC6|MVD|AKT2|SPIRE2|PDCD7|SLC38A5|ZNF707|MTERF4|TNIP2|C8orf82|NELFB|SENP3|RPL35|GABRQ|GFER|ATXN7L3|PGAP6|POLDIP2|WRAP53|TUBA3C
GSE27859_MACROPHAGE_VS_DC_DN	0.166258794738452	0.612728515114416	-0.327978372616777	-1.14265568613549	1086	159	NPFFR2|DND1|HAPLN2|BSCL2|MADCAM1|AURKC|ZBTB47|LZTS3|KCNC4|CLN3|APOC1|ADAMTSL4|RGL3|FGF17|GPC1|APH1B|SLC27A1|LRPAP1|ATN1|SLC12A6|ALDH8A1|ICAM2|TRMT112|CTSD|TMEM79|DMBX1|H2AC12|CEBPB|AGPAT2|CNPY3|RPP25|WIZ|SLC39A11|NPHP4|LYSMD1|ACADVL|RNF149
GSE34179_THPOK_KO_VS_WT_VA14I_NKTCELL_DN	0.165931156222418	0.612728515114416	0.300091134429624	1.11923703107841	563	166	CD83|CCDC159|EGR3|CD69|ZKSCAN8P1|PDCL2|ANKRD13C|ZNF354A|CCL4|TMEM64|TOP2A|VPS54|BCAP29|EGR1|SUV39H2|FNDC3B|MTHFD2|ABCE1|NDFIP2|CALB1|ECT2|EFHB|TRIB1|TCEAL8|HK2|VWF|EGR2|KLHDC2|ACSL1|THOC1|RRM2|CUL2|CLIC4|IPO5|TCERG1|NCS1|ESCO2|ATAD5|BHLHE40|TFRC|C16orf46|PCLAF|ZNF473|ANKRD33B|ZNF281|HSPA9|EFHD1
GSE36888_STAT5_AB_KNOCKIN_VS_WT_TCELL_IL2_TREATED_2H_DN	0.166515837104072	0.612728515114416	-0.323319307690923	-1.13828502009321	1103	175	A1BG|LATS2|CATSPER1|HLX|HOMER3|DYNC2H1|ATXN1|LINC00205|ZNF467|APBA3|FAM200B|SYNGR1|ACAP1|PTRHD1|ETHE1|GCA|COLEC12|TSHZ3|CRISPLD2|HFE|CYP2S1|TMEM38A|DDRGK1|TRIOBP|IL1B|AFAP1|SEC61B|SCARB1|SLC16A5|SLC43A1|IL17RA|SLC2A3|C12orf76|ATPAF2|HEXA|PAAF1|SUSD3|BLVRB|ZNF775
KEGG_MEDICUS_VARIANT_MUTATION_ACTIVATED_SMO_TO_HEDGEHOG_SIGNALING_PATHWAY	0.166515632079746	0.612728515114416	0.481064497208258	1.23644931610906	734	21	KIF7|GLI1|WNT2B
KEGG_MEDICUS_VARIANT_MUTATION_INACTIVATED_PTCH1_TO_HEDGEHOG_SIGNALING_PATHWAY	0.166515632079746	0.612728515114416	0.481064497208258	1.23644931610906	734	21	KIF7|GLI1|WNT2B
PARK_TRETINOIN_RESPONSE_AND_PML_RARA_FUSION	0.166254853512178	0.612728515114416	-0.471479309272191	-1.23478012625642	941	27	SEMA4D|ARHGAP45|IER3|PSAP|TNFRSF1B|UPP1|TNFAIP2|IRF1|SPI1|JUND|ELF4
RUAN_RESPONSE_TO_TNF_TROGLITAZONE_UP	0.166152490083737	0.612728515114416	0.535020127386445	1.26304922568348	753	15	COL15A1|HLA-B|HIPK3
WP_MBDNF_AND_PROBDNF_REGULATION_OF_GABA_NEUROTRANSMISSION	0.166316771635176	0.612728515114416	0.419079163972943	1.20480124155683	712	34	GABRG1|PIK3CA|RHOA|JAK2|ROCK1|PIK3CG|CREB1|PTEN|SLC12A5|PIK3CB|SHC1|PIK3R2
EHLERS_ANEUPLOIDY_UP	0.166705799483447	0.612868141781129	0.414384625855283	1.20026767497512	709	35	CLK4|CCP110|RPF2|MBNL1|PHTF2|EEF1A1|FBXO33|NEK1|PTEN|ATR|EXTL2|CAST|CWC27|RHOC|RWDD2B|TUBGCP3|RABGGTB|SPART|PNMA1|SCAF11|CGRRF1|RASIP1|RPL9
GSE20727_DNFB_ALLERGEN_VS_ROS_INH_AND_DNFB_ALLERGEN_TREATED_DC_DN	0.166716731751277	0.612868141781129	0.294035804109744	1.10840031822974	554	180	ELK3|TTK|MGARP|PRNP|MANSC1|FBXW8|PLK4|PSMC6|DTL|MNS1|HIF1A|ADPRH|IL18R1|PBK|CPD|GEN1|RFX5|CIP2A|CKAP2|DNA2|GINS1|SCCPDH|ECT2|TRMT1L|PEAR1|NUSAP1|SYTL3|PERP|ABR|ZFAND4|TCEAL9|NFATC2|BORA|COQ3|DSCC1|SMPDL3A|RPA2|KCTD11|KIAA1191|WEE1|ESCO2|CKAP5|SHCBP1|BHLHE40|PCLAF|VSIG10|AHCY|BCAT1|NT5C2|TSPAN3|LMAN1|GNE|TRPS1|CLIP2|POLD3|HROB
WP_HYPERTROPHY_MODEL	0.166740674955595	0.612868141781129	0.525600577783134	1.25889547148519	750	16	CCN1|IFRD1|EIF4E|HBEGF|ADAM10|IL1R1|ATF3|IL18
GSE14413_UNSTIM_VS_IFNB_STIM_RAW264_CELLS_DN	0.166907630522088	0.61324979918409	-0.363773660583481	-1.17176185928902	1038	85	KRT15|SEC31B|PBLD|AATK|SLC35G2|PNPLA1|AGER|ACTN2|FHL1|FZD3|TMCC2|DUSP13B|MOCS3|FHDC1|E4F1|KDM4B|SLC20A2
WP_DRAVET_SYNDROME	0.166966696669667	0.61324979918409	0.473234202978484	1.23359626490225	741	22	SCN2A|FGF13|PIK3CA|SCN8A|RICTOR|SCN1B
GSE11057_PBMC_VS_MEM_CD4_TCELL_DN	0.167240089753179	0.613484516515815	-0.321574160887315	-1.13833618458808	1117	181	SLC26A11|PBX4|ANO9|FAM171A1|REM2|RCAN3|CD84|PBXIP1|ANKH|RTTN|TECR|TMEM63A|DYRK2|MRPL41|KLF12|ANXA2R|ENSG00000284691|RASGRP1|ACSL6|LSR|C12orf57|PPP1R35|USP20|NFRKB|BCL9L|PELP1|MZT2B|BIN1|TRAF2|XPC|PHC1|ITGB1|SUSD3|EVL|SIGIRR|NOSIP|CD3D|FBXO31|TMC6|TENT4A|RPL3|STMN3|ST8SIA1|ZNFX1|ITPR3|DEXI|ESYT1|ZNF512B|GSTK1|TRAF5|PLCD1|SLC39A13
GSE17721_0.5H_VS_4H_POLYIC_BMDC_UP	0.167489896722048	0.613484516515815	-0.320781680106468	-1.13655532400959	1118	183	GZMM|CIITA|MADCAM1|POLR2F|GHDC|TMEM115|B3GNT8|ITIH5|GTF3C1|CEP250|CD48|ZIC1|MSI1|TPH1|TOP3B|SAMD10|COL6A3|FAU|MICOS13|PPP4C|KEL|MAD1L1|GPR146|IGF2R|RFX1|RALBP1|PRELID1|GPS1|GLMP|CNIH4|DPH2|NDUFB11|PNPO|HAUS4|DHX30|MED25|FAM50A|CD81|ATP5MG|BCL2L1|PPP1R37|EMC6|CC2D1A|SPHK2|TAF6|C19orf53|MCM3|MCM7|HIP1|PTTG1IP|TAF1C|C1orf174|SNAPC2|ERGIC3|INTS1|SAE1|SRSF5|TIMM50
GSE17974_0.5H_VS_72H_IL4_AND_ANTI_IL12_ACT_CD4_TCELL_UP	0.167311699910688	0.613484516515815	0.290312120120642	1.10763323745036	561	193	MTMR6|ZNF350|FOXO1|OR51I1|SLC49A4|SNX18|MFSD14A|HIF1A|DTX3L|DNTTIP2|ALG13|NAP1L5|ETV3|USP6NL|MAPK1IP1L|SC5D|INPP5K|PLXND1|HECA|ZXDB|S1PR1|CTBP1-AS|SLC35D1|TENT5A|PELI1|SOAT1|AHCTF1|RAPGEF6|PSTK|DDX3X|DNAJB9|PRKAA1|LSM14A|SETMAR|RICTOR|RNF25|KDM6A|ABHD5|ANXA1|TMEM243|CHD1|GTF2B|GOLGA7|TAF4B|ZNF805|ASAH1|LTV1|DDX20|DDX21|RB1CC1|ZZEF1|CCDC66|LYSMD2|CCNY|TRAPPC13|SMURF1|TP53INP2|STK38|AZIN1|C9orf78|RPS6KB1|NIPBL|ZHX1|USPL1|CDC14A|ATMIN|CCNJ|JMJD1C|ZNF746|CDK5R1|CRTC3|TMEM9B|USP3|STK17A|COQ10B
GSE42724_NAIVE_VS_MEMORY_BCELL_DN	0.167469879518072	0.613484516515815	0.292461496209046	1.10803846664372	555	186	FEM1C|SETDB2|CD83|ASAH2|CD69|CD40|IFIH1|ALDH1L1|TNFSF4|SEC24B|GLUD1|PGGT1B|RBMXL1|FNDC3B|MACIR|RANBP2|PPIP5K2|NUP153|ETNK1|MAPK1IP1L|BLTP1|PROS1|STYX|YWHAZ|CXCL11|ASAP3|CLIC4|BCAS3|EIF4G3|FAR1|PGM3|BFAR|PRKD3|DRAM1|PPM1K|RIOX2|DCP2|PEX5|ANXA1|ATP6V0E2|CA2|RBBP8|SERTAD3|COX15|IL13RA1|PRXL2A|USP12|SPRED1|BRIP1|HMBOX1|RIPK2|REEP3|CENPJ|MAP2K4|SAV1|CLASP2|PARP9|ANXA7|ZC3H7A
GSE43863_TFH_VS_LY6C_LOW_CXCR5NEG_EFFECTOR_CD4_TCELL_UP	0.167318687932591	0.613484516515815	0.292590239128091	1.10680931244065	555	184	BICDL1|BATF|BCAR3|UBTD2|CCL5|DHX58|MS4A6A|ZNF687|DTX3L|FAM107B|CCRL2|IL18R1|FAM174A|UAP1|TMEM168|SYPL1|PIKFYVE|RRAS2|SKIL|CMPK2|NUP160|UGCG|CDC27|HECA|RSAD2|KCTD14|MYEF2|ICOSLG|EIF4E|PCMTD1|FUT8|PELI1|CDK1|KIF5B|BCL2|NAMPT|CPNE3|PPM1K|HACD3|CYBB|TRAFD1|RICTOR|CD47|ANXA1|IDH3A|TMED8|ANKRD42|SERINC1|C6orf62|PHIP|PIAS1|MRGBP|TFG|HELZ2|LNPEP|ZNF281|PARP9|TNFSF9|GPSM2|OPTN|STAT1|GOT1
KOHN_EMT_EPITHELIAL	0.167570498915401	0.613484516515815	-0.534748336886979	-1.26114246510381	926	17	CLDN7|MARVELD3|ADAP1
REACTOME_KERATAN_SULFATE_KERATIN_METABOLISM	0.167630057803468	0.613484516515815	-0.447170894954048	-1.22033760330342	956	33	GLB1L3|GLB1L2|B3GNT4|HEXA|SLC35D2|GNS|B4GALT2
REACTOME_SARS_COV_2_ACTIVATES_MODULATES_INNATE_AND_ADAPTIVE_IMMUNE_RESPONSES	0.167341430499325	0.613484516515815	0.326869611750738	1.14492283494268	619	104	PTPN6|IFIH1|HLA-B|SEC24B|TAB2|RANBP2|SEH1L|NUP153|UBE2N|NUP35|NUP107|NUP37|KPNA2|NUP160|NUP133|SAR1B|CNBP|HLA-C|PIK3C3|NUP205|BECN1|SEC23A|SEC24A|CHUK|IKBKE|NOD1|NUP88|RAE1|NUP155|HSP90AA1|NUP54|RIPK2|UBE2V1|NUP50|NDC1|STAT1|NUP58
WANG_METASTASIS_OF_BREAST_CANCER_ESR1_UP	0.167641764176418	0.613484516515815	0.472564360276465	1.23185016233806	744	22	CCNE2|PPP1CC|CBX3|KPNA2|CENPU|PSMC2|SMC4|ATAD2|H4C8|NCAPG2|FEN1|POLQ
WP_INTERACTOME_OF_POLYCOMB_REPRESSIVE_COMPLEX_2_PRC2	0.167184724689165	0.613484516515815	0.525503073414316	1.25866193329375	752	16	RBBP4|MTF2|BCLAF1|AEBP2|RBBP7|SUZ12|MORC3|STK38|EED|SETX
GSE23984_CTRL_VS_HYPOCALEMIC_VITAMIND_ANALOG_TCELL_DN	0.167722473604827	0.613556191707452	0.29281635891034	1.10832488387192	555	185	ST8SIA4|LPXN|ATXN7|DNASE1L1|RASSF3|TMEM135|ST3GAL5|SLC38A9|FAM107B|FOXN3|ERBIN|SIAH1|MACIR|RIMOC1|RAB22A|ETV3|TMEM37|TMEM35B|ARF4|TSPAN13|PLEKHF2|WASHC4|SDCBP|DENND4C|CWC22|INPP5K|RAP2A|DRAM2|SGCB|GPNMB|PLXNC1|BMF|USP33|TRIAP1|VWA5A|CERT1|MAP4K3|VRK2|WIPF1|NARS1|TMEM230|ENDOD1|MIR99AHG|MAPRE2|C17orf75|ANXA1|PPP4R3B|DCAF4|C6orf62|SYF2|EXTL2|MYCBP2|B3GALNT1|DALRD3|ANKMY2|CHM|PHKA2|PEPD|EP300|AKAP10|CCNY|SORD|RMND1|NSMCE4A|CORO2A|CCDC88A|MBD2|PIP4K2A
NOUZOVA_TRETINOIN_AND_H4_ACETYLATION	0.167832167832168	0.61373380717643	0.309579652770213	1.12736707314177	599	136	H4C5|BLZF1|TBC1D32|FBXO38-DT|SERPINI1|FGF13|PDCD10|ZNF518A|RSRC2|PNPT1|ORC4|H2BC21|TXNL1|DCTN4|CAMTA2|LARP7|MCTS1|FLCN|MRPS31|CAP1|SUPV3L1|THOC1|NME7|COPS5|NDUFA5|MED7|RNPC3|KDM3A|KRR1|WSB1|ZSCAN9|PSMA6|GOLT1B|ZMPSTE24|CHMP2B|AP3B1|NEPRO|NUP155|SHCBP1|TMEM87A|USP48|SENP7|GOLGB1|UBR1|EIF3H|KNTC1|CWF19L1|BBS4
GSE23925_LIGHT_ZONE_VS_DARK_ZONE_BCELL_UP	0.168212927756654	0.614902173642131	-0.326433429083624	-1.14115418840868	1105	164	ZNF711|DHDH|PLXNB1|CCPG1|RDH16|AARSD1|RASGRP3|SNN|ANKH|SLC38A10|APOE|SLC45A4|PLA2G15|AEBP1|NTRK3|CRISPLD2|TGFB3|PDLIM7|STK39|ZNF839|STX4|ATP2A3|LMF1|KLHL4|ATN1|PXMP4|RAMP1|PRSS21|STON1|ABCD1|HEXA|DMBX1
REACTOME_POTASSIUM_CHANNELS	0.168358010314424	0.615072665497127	-0.380199535908329	-1.17985835928695	1011	67	GNG8|KCNJ14|KCNH4|KCNC4|GNB3|KCNC3|KCNAB3|KCNAB2|KCNJ15|KCNK6|KCNN4|KCNJ11|KCNN1|GNB5|HCN3
SABATES_COLORECTAL_ADENOMA_UP	0.168382116436153	0.615072665497127	-0.358526329746792	-1.16394718225065	1046	91	ASCL2|SP5|S100A2|TRIM29|S100P|DGAT2|CHAC1|CXCL1|MMP1|IGFBP2|DSC3|CPS1|ACSL6
GSE11884_WT_VS_FURIN_KO_NAIVE_CD4_TCELL_DN	0.168514412416851	0.615332001397001	-0.351473210042303	-1.16426763381691	1063	105	GZMM|SLC30A3|ABCA7|LEAP2|TRPV2|DGKD|CD48|HAS1|SLC29A2|TIGD2|FBLIM1|ALG9|PXMP4|FHIP2B|TRADD|PMPCA|HOXC8|MRPS21|FERMT3|FBXO10|PDLIM4|POLR2A|CCDC51|TIMELESS|NELFB|METRNL
GSE2706_LPS_VS_R848_AND_LPS_2H_STIM_DC_DN	0.168773704171934	0.616054706355591	-0.343686340071463	-1.15370094075492	1067	117	TOB1-AS1|PTOV1-AS1|C14orf178|PDE2A|NDOR1|LPAL2|GPRASP1|CCK|DMRTC2|ZNF836|MYH7B|TTYH2|SP2-AS1|LINC00926|GRASLND|NPFF|MGAM
VERRECCHIA_RESPONSE_TO_TGFB1_C2	0.168887288440763	0.616245220417442	-0.516928059895561	-1.25185369790791	937	19	TIMP3|COL6A1|ICAM1|COL6A3|TIMP1|DVL1|COL1A2|RHOG|FN1|CYTH2
WP_EFFECT_OF_OMEGA3_PUFA_ON_HUNTINGTONS_DISEASE_PATHWAYS	0.168968318440292	0.616316853380689	0.324092358770256	1.14107752035325	623	107	MAP3K10|EGF|GABRG1|RAB3A|HDAC2|PIK3C2A|PIK3CA|OPA1|MAPK8|MAPK1|CYP46A1|EIF4E|BCL2|CASP3|SP1|ELK1|RHEB|PRKAA1|PIK3CG|RICTOR|CREB1|MAPK9|AKT1S1|PTEN|HMGCS1|REST|MAP2K4|BNIP3|SLC12A5|PIK3CB|BCL2L11|MAP2K1|RPS6KB1
GSE5589_WT_VS_IL10_KO_LPS_STIM_MACROPHAGE_45MIN_UP	0.169056152927121	0.616413244853773	0.290359689306265	1.10652724499424	565	192	DPYSL2|DYNC2LI1|CCN1|CENPQ|CCNG1|CAPZA1|G2E3|PRPS2|RND2|ME1|INTS13|C8orf58|PRIM1|GEN1|CIP2A|TWF1|RHOBTB1|FNIP2|CEP295|SVIP|RAP2A|GPR183|COPZ2|S1PR1|SYT11|SGCB|SERPINE2|ATL1|GTF2H2|EIF5A2|CENPU|ZFAND4|RBM43|HAUS1|NFE2L2|PAPSS1|RDH11|CASP3|PABIR2|VRK1|CYBB|EEFSEC|METAP1D|NEK2|HNRNPA1|MRPS33|PRR11|VAMP3|STIL|FAM111A|CHRAC1|RAB31|IQGAP3|LMNB1|CDCA2|CENPE|SUCLG2|POT1|IDI1|KNSTRN|PIR|CEP192|BUB1B|RAD51AP1|AFP|KIF16B|IL18
CHARAFE_BREAST_CANCER_LUMINAL_VS_MESENCHYMAL_DN	0.169635941130906	0.617083178782117	0.263085737877014	1.07465497641649	437	409	SEMA3A|ELK3|CNRIP1|FBN1|PRNP|CD44|KCTD12|TGFBR2|BMAL2|RGS2|CFL2|GNG12|STRADB|ARHGAP23|RUNX2|UBLCP1|ABCC4|VPS54|ANLN|NAP1L5|B3GNT5|FER|CUL4B|AP1S2|ITSN1|GULP1|AKAP12|KIF3C|HYCC1|TMEM35B|SPRY2|NEXN|SACS|AAK1|CIBAR1|NAB1|RTN4|WASHC4|ADD3|ETV5|SDCBP|NCAPG|PROS1|NDC80|PICALM|ITPRID2|AGPS|RNF182|HSD17B11|CDC27|PALM2AKAP2|EMILIN2|GLIS3|DOCK10|WWTR1|TOX|TGFBI|SH2D5|PTX3|SGCB|CLMP|DKK3|C1S|SERPINE2|CMTM7|CALD1|HOTAIRM1|ANKRD28|EIF5A2|LDHB|FZD2|CKAP2L|TCEAL9|PRR16|TYMS|SPDL1|GRK5|POGLUT3|WIPF1|SOAT1|ZDHHC2|PYGL|CHST3|ACTR2|CHSY1|BUB1|PRKD3|BACH1|BAG2|ANXA5|ANXA1|QKI|POPDC3|CAV2|MAML2|TMEM245|IPO5|NUP88|CEP170|MTMR2|MID1|STIL|TEAD1|ADORA2B|HACD1|LIX1L|NUP155|RAB31|ECHDC1|PAPPA|EXTL2|CORO1C|ANKRD33B|ZYG11B|GPR161|SGTB|SKP2|CDK6|ATM|HJURP|SH3GLB1|DHX33|EHBP1|BCAT1|MAPRE1|BICD2|VIM|KPNB1|INPP1|SNRPD1|SFPQ|SERPINB1|CCDC88A|ASAP1|MPP1|DEPDC1|PLAU|CLIP2|FOSL2|DAB2|SPARC|NR3C1
GSE13547_2H_VS_12_H_ANTI_IGM_STIM_BCELL_DN	0.169731685257763	0.617083178782117	0.293168958654321	1.1055334435228	562	181	DCK|HAT1|CKS2|MTX1|CCRL2|PBK|PRIM1|GEN1|CCNA2|KNL1|MRPL42|PSMA1|UBE2N|GINS1|SC5D|STARD3NL|PSMD6|COPS3|ISOC1|MAD2L1|CKAP2L|TCEAL9|PPA1|UGP2|SPDL1|HAUS1|CDK1|RRM2|NME7|COPS5|BUB1|COPS4|KIF15|C1D|MIS18BP1|STMN1|DSCC1|LSM3|PMPCB|SLC25A5|CDKN3|AGPAT5|SFXN1|TIMM17A|BUB3|CENPS|RFC3|IDI1|GGT1|NDC1|CCNB2|RBBP7|ALYREF|RAD51AP1|VIM
GSE14415_FOXP3_KO_NATURAL_TREG_VS_TCONV_DN	0.169520547945206	0.617083178782117	0.302533642711111	1.11952185873309	593	154	PTPN6|SLAMF6|PDK1|RAD52|STT3B|TCF7|VPS26A|WDR75|HDAC2|TDRKH|CRLF3|RRAS2|DENND6A|DCAF6|SCP2|NIPAL1|TANC1|ART4|FBLN1|CEP97|CHTF8|FOXP1|PELI1|ZNF292|NAA50|RAPGEF6|PRMT3|PRDX3|HSPD1|MGA|KLHL6|MYC|SFMBT2|PUM2|IKBKE|FAM47E|TTC3|GALNT10|HMBOX1|TTC27|ICE2|TGFBR3|USP28|SSBP2|METTL9|DKC1|SCMH1|RAB3IP|SLC35A5|SLC6A19|TOP2B
GSE15930_NAIVE_VS_48H_IN_VITRO_STIM_IFNAB_CD8_TCELL_UP	0.169470971653782	0.617083178782117	-0.32336987752773	-1.13496513811458	1117	171	ARSA|FGD3|QSOX1|FLT3LG|ANKH|CLDN6|RAB33B|ING4|GRIA3|NTRK3|SOX11|NSG2|MAP1LC3A|TGFB3|SPATA6|SIAE|FOS|NRTN|BCL3|NOTCH3|DCT|MZF1|MMP15|FRMD8|GNA11|PSAP|SLC12A7|TRAF2|PMPCA|SLC7A11|FBXW4|ZBTB20|SLC39A4|CDCP1|PHC1|RETREG2|PHRF1|RPS27|CD276|TGIF2|HCN3|MFGE8|AP1B1|C19orf48P|RPS6KB2|ERCC2|PKD1|NMU|LTBP1|JUN|KIAA0319L
GSE32423_MEMORY_VS_NAIVE_CD8_TCELL_IL7_UP	0.169695193434936	0.617083178782117	0.297773706098328	1.11503057871287	578	170	CNRIP1|MYO1F|KDM4D|MPZL3|DOP1B|MX2|CAMK2B|SESN3|SELENOT|TBC1D32|MAP3K9|SIX4|NT5C3A|RUNX2|JKAMP|TP53INP1|TAF9B|YES1|ST8SIA6|CRYBG3|TMEM37|PNPLA7|FBXO30|CBX7|DENND4C|CWC22|CMPK2|TIGAR|SLC18B1|PPIL4|USP53|ATP11A|ARHGEF12|HBS1L|BMPR1A|FZD4|PDE7A|KLRG1|RLF|FAM241B|CYP4V2
HELLER_HDAC_TARGETS_DN	0.16963260619977	0.617083178782117	-0.306383391003514	-1.12251637431323	1181	257	IL21R|HSPA6|MAPK13|CTBP2|CCPG1|HOMER3|RASGRP3|NUP210|CHAC1|MAGEH1|CBS|HBB|NOL12|SLC3A2|DNAJC15|SERPINH1|CD48|GALNT14|SOX11|SLC19A1|CCND1|PUS1|ERO1B|IL2RG|P2RX5|EMP3|TMEM255A|FAS|INHBE|TRIB3|CALR|MAP4K1|TIMM44|TMED1|ITGB5|SLC7A11|KANK1|PSMB10|FGFR3|PHF11|NFE2L1|LRRC61|CEBPB|PRTN3|NOP16|INPP5D|GTSE1|VARS1|NUDT1|MYBL2|WNT5B|KLHL21|HNRNPAB|IRAG2|HSPA1A|MYCL|EMC1|MGAT3|BCL2L1|DCPS|PKD1|ELAC2|NMU|CTSH|HSPA1B|ERAP1|APOBEC3B|CD52|LARP1|PDIA4|SMYD5
REACTOME_PROTEIN_METHYLATION	0.169351230425056	0.617083178782117	0.513579287493567	1.25095765971612	756	17	CAMKMT|KIN|EEF1AKMT1|METTL21A|EEF1A1|PRMT3
WP_11P112_COPY_NUMBER_VARIATION_SYNDROME	0.16958071634697	0.617083178782117	-0.404162272792758	-1.19795740400704	998	51	TP53I11|PRDM11|ITGA4|EXT1|CD19|LGALS3BP|TIMP1|LARGE2|CD151|MAPK8IP1|ITGB1|NDST1
GSE25677_MPL_VS_R848_STIM_BCELL_DN	0.169988276670574	0.617568701128927	0.297751098075866	1.1149459216869	579	170	ITGB7|STAP1|PGAP1|GNA13|FOXO1|GPR174|TMEM64|SLC39A10|FAM107B|FAM76B|AFF4|B3GNT5|PTBP3|PRIM1|MEF2C|ROCK2|ADD3|ATP1B1|NDC80|PICALM|MED13|H3-3A|GTF2A1|LFNG|XYLT1|ABCA6|ICOSLG|BACH2|RNF144A|C1GALT1|CALM2|JAK2|TENT5A|DOCK11|CARD6|CHST3|SNX2|ZCCHC10|S100A10|PIK3CG|RFC1|LMBRD1|RICTOR|KMT2E
GSE40685_TREG_VS_FOXP3_KO_TREG_PRECURSOR_DN	0.169928825622776	0.617568701128927	0.296391002647265	1.11466698006228	572	175	AIM2|SETDB2|ST8SIA4|SNX16|BATF|TRIM69|GPR160|CD40|IFIH1|GPR85|TBCEL|C5orf15|ST3GAL5|TLE4|TBC1D2B|ME1|PARP11|ZNF337|CRLF3|CIBAR1|TRIM61|APOL3|RSAD2|IFIT1|PLA2G4A|C1S|JAK3|DAZAP2|FZD2|IFT57|JAK2|TAF1A|NAMPT|DBF4|PDE7A|PSMA2|CD47|PLAAT4|SNTB2
GSE21546_UNSTIM_VS_ANTI_CD3_STIM_SAP1A_KO_DP_THYMOCYTES_DN	0.170086139389193	0.617700675538612	-0.338080294699043	-1.1482174085531	1085	128	BCDIN3D-AS1|SLC2A4|DPEP2|MIR9-1HG|TFAP2E|THAP8|KIF24|LINC00205|ZBTB46|RPGR|APLF|NAA38
BERENJENO_TRANSFORMED_BY_RHOA_FOREVER_UP	0.170687792581923	0.617790114321008	-0.516235972651082	-1.25017765815791	947	19	AQP1|IL11RA|TIMP3|DCN
BILANGES_SERUM_SENSITIVE_VIA_TSC1	0.171181172291297	0.617790114321008	0.522783972634027	1.25214926225892	770	16	ZBTB12|PHLDA1|EGR1|TAC1
GSE11961_MARGINAL_ZONE_BCELL_VS_GERMINAL_CENTER_BCELL_DAY7_DN	0.170922198858516	0.617790114321008	0.293526939242558	1.10648209611923	568	180	ZC2HC1A|TTK|NUDT12|BMPR2|SESTD1|ARL5A|CNOT11|TMEM51|PBK|PGGT1B|FER|PRIM1|KIF20B|CBLL1|SH3BGRL|CEP135|ANKHD1|CAPN2|LRIG2|NCAPG|PRKRA|ZNF512|TCEAL8|RAP2A|ZXDB|GFI1|CHIC1|COPZ2|TTC39C|SERPINE2|SLC18B1|RBL1|TMEM38B|GRK5|IL10RA|LAMTOR3|BAZ1A|CLTC|C4orf46|PIK3CG|VMP1|STMN1|QKI|ANP32B|FRYL|PTPRJ|TMT1A|OSBPL3|VPS4B|PTPN9|SCMH1|EP300|DOCK2|VIM|SUZ12|SORD|ACOT7|SLC35F5|SSX2IP|ATOSA
GSE17721_POLYIC_VS_PAM3CSK4_4H_BMDC_DN	0.171009284216831	0.617790114321008	0.290158825089355	1.10358572400631	570	190	RGS5|GPR137B|MSL2|STEAP1|SNX18|IGSF9|MEMO1|RFFL|PSMC6|LTN1|EIF3E|HDAC2|DHX40|AFF4|CCT8|ARL8B|PRKAR1A|SLC44A1|C18orf32|RAB6A|PDE8A|STYX|MAPK8|RAP2A|LFNG|IFITM10|EXOC8|CAB39|USP47|TMED7|TIMM23|PDE12|CTNND1|LAMTOR3|SBNO1|CDK2AP1|SSR1|ACLY|WSB1|PRPF39|HACD3|ATF2|LMBRD1|HYCC2|BRAF|SACM1L
GSE17974_2.5H_VS_72H_IL4_AND_ANTI_IL12_ACT_CD4_TCELL_UP	0.1703346397347	0.617790114321008	0.291452223896365	1.10571462031595	564	188	ZNF416|CD83|MTMR6|ZNF350|PELI2|KCTD12|SLC25A44|ARID5B|HIF1A|ALG13|NBN|ARIH1|RALGAPB|TAF9B|SACS|MAPK1IP1L|MFAP3|MFSD1|SLC38A2|EPB41L4A|S1PR1|SLC35D1|BACH2|MRPS23|ZFAND4|SLC25A32|SLC30A7|REL|NGDN|EIF5B|RAPGEF6|PRMT6|TMEM70|MAPRE2|ZBTB9|DERL1|KDM6A|TMEM68|ANXA1|TMEM243|R3HDM4|LINS1|GNL2|RPF1|SEC62|FYCO1|GNL3|NIPA2|FKRP|MARS2|OTUD4|ZNF2|DDX27|CAST|TRMT10C|IFT20|TMEM33|VMA21|LYSMD2|RNF130|TRAPPC13|SMURF1|VCF1|ZFP36|WDR43|NFX1|C9orf78
GSE20366_EX_VIVO_VS_DEC205_CONVERSION_NAIVE_CD4_TCELL_DN	0.17018779342723	0.617790114321008	0.298717587436465	1.11630155656731	579	168	CD83|LRRC73|PRNP|ZFP69|DDIAS|SLC9A2|EIF2AK3|TEX15|MLF1|GNAQ|NR4A2|ZNF274|PLEKHF2|APOL2|SLC38A2|DDHD1|SLC4A11|IL1RL1|CPXM1|LHX5|CATSPER3|FOXP1|DUSP10|SQOR|FRG1|CASP3|RAPH1|MYB|ZCCHC10|ZBTB21|ANXA1|PPWD1|CHD1|CEP57|VAMP3|ETF1|POLR3F|IMMP2L|TMEM87A|PNRC1|PNPLA8|KPNA1|ATF3|NFIA|MAFF|IL18|CCDC88A|FKBP11|TRPS1|WDR43
GSE23505_UNTREATED_VS_4DAY_IL6_IL1_TGFB_TREATED_CD4_TCELL_DN	0.170899312817448	0.617790114321008	0.289789752134241	1.1030762209822	571	191	NUDT12|CFAP410|SERINC5|EGR3|TBC1D32|SESTD1|FGF13|RNF139|TMEM191C|HIF1A|ABCC4|ZNF518A|KDSR|TSACC|SMAD4|BMI1|USP6NL|LRP6|OPA1|ZFAND1|UTRN|TCF12|EARS2|NLK|INPP5K|MFSD4A|CFAP418|MMP11|RSAD2|SYT11|LDHB|ZNF799|ESAM|PLEKHA8|RABL3|ZNF623|B3GNT2|TMEM230|WDR11|ACBD4|BAG4|RFESD|ACAT1|TTC33|HMG20A|CNOT6L|ZNF217|TPP1|AGBL5|AGPAT5|PIGX|STK4|RYK|MYCBP2|EIF4B|PACRGL|SREK1
GSE36078_WT_VS_IL1R_KO_LUNG_DC_AFTER_AD5_INF_UP	0.170987561816275	0.617790114321008	-0.320482732574576	-1.13340036957555	1140	180	TNS2|GZMM|FES|TYROBP|SYTL1|CLDND2|ADGRG3|SMPD1|S1PR5|LYST|L1CAM|FLT3LG|GPR68|IQCG|IFITM2|SLC41A2|NCCRP1|ITGAX|CSF2|IER3|GPC1|PTGIR|APOBR|DKKL1|CYP2S1|SH2D3C|NFIL3|ACTN2|ENTPD1|TKTL1|USP20|IFITM3|MZF1|GNA11|EHBP1L1|POLE|SLC2A3|F2R|SGK1|PRKAB2|ID2|RCN1|DUSP9|PRICKLE3|NIBAN2|IFNGR1|CAPG
GSE5099_CLASSICAL_M1_VS_ALTERNATIVE_M2_MACROPHAGE_DN	0.17096959265634	0.617790114321008	0.303115232487867	1.11809295477706	595	152	ZNF257|ANKRD20A11P|PTGDR2|ZBTB12|PELI2|TCF7|RUFY2|BATF3|RAPGEFL1|GNAQ|PTGS1|KIF20B|LDLRAD3|RTN4|YWHAQ|ECT2|ETV5|ZNRD2-DT|ITPRID2|NEIL3|PLCH1|GJC1|CHRNA3|XCL1|CEP97|DLAT|FCGR2C|DDX5|QSER1|CHSY1|HNRNPK|PCGF5|CHD9|SPCS2|ALDH2|TRDMT1
GSE6269_FLU_VS_E_COLI_INF_PBMC_DN	0.171298476997959	0.617790114321008	-0.338855126590137	-1.14729454874706	1090	125	ADAM19|KRT12|MYL11|SH3PXD2A|NXF1|APOC1|RPL23|UBA52|BCAM|DUS2|RPL13A|RPS4XP2|DOCK6|CA12|NDRG4|MOK|CSNK1D|ACSBG1|AGRN|AFDN|TSKU|RPL10|GNL3L|NPHP4|DUSP9|RPL3|QARS1|GABRQ|SPTBN1|RPS5
LI_PBMC_MENACTRA_AGE_18_45YO_CORRELATED_WITH_ANTI_DT_ANTIBODY_3DY_POSITIVE	0.171226630186959	0.617790114321008	0.467140223920275	1.22598349790982	750	23	FAR2|TNFSF13B|HLA-C|SAMSN1|TMT1A
NADLER_OBESITY_UP	0.171341669482933	0.617790114321008	-0.40039582789836	-1.19445136146797	1013	53	MT2A|COL1A1|GRN|TPD52|LBP|MIF|PSAP|CTSA|CTSD|UCP2|NEDD8|MFGE8|CAPG|CKB|CSTB|CTSZ|SERPINF1|FLNA|TLN1|DYNLT1
NIKOLSKY_BREAST_CANCER_17Q21_Q25_AMPLICON	0.170904958090638	0.617790114321008	-0.301995770934787	-1.11595158391177	1202	284	FN3K|TEX14|C17orf67|FAAP100|CENPX|SLC38A10|COL1A1|SYNGR2|TEX19|NAT9|AATK|LRRC37A3|PHB1|RECQL5|TSPAN10|TTYH2|LGALS3BP|RAB40B|HGS|NDUFAF8|CHMP6|PGS1|FDXR|SLC25A19|TMEM94|RFNG|AXIN2|TBCD|LRRC45|SLC16A5|SLC16A3|RPL38|BAHCC1|CCDC57|DCXR|CSNK1D|TACO1|UNC13D|ICAM2|USP36|NFE2L1|STRADA|CDC42EP4|SAP30BP|OXLD1|MAP3K3|TSPOAP1|NT5C|SLC39A11|SNX11|ERN1|FASN|ENGASE|GPS1|CYBC1|OGFOD3|XYLT2|TK1|SMURF2|PNPO|TMC6|HOXB8|SMARCD2|TMEM92|HOXB4|TMC8|SOCS3|ABCA5|CCDC137|DDX42|WDR45B|BAIAP2|METRNL|SCPEP1|HOXB3|ATP5MC1|TSEN54|RAC3|PTRH2|ARMC7|AFMID|RSAD1|NARF|FTSJ3|UBE2Z|PPP1R9B|MMD|MRPL58|ASPSCR1|SLC25A10|CYTH1|H3-3B|BIRC5|HOXB9|TRIM65|PRKCA|RPTOR|ABCA8|PCTP|RNFT1|TEPSIN|GRB2|HOXB6|NOTUM|LUC7L3|FAM117A|MKS1|NPLOC4|CDK5RAP3|ARL16|FN3KRP|RAD51C|B3GNTL1
PID_ECADHERIN_NASCENT_AJ_PATHWAY	0.170639603493038	0.617790114321008	0.405558325406739	1.19698268943408	722	38	VAV2|ITGB7|SRC|PIK3CA|RAP1B|NCKAP1|RAP1A|RHOA|CTNND1|DLG1|ABI1|CTNNB1
REACTOME_MEIOSIS	0.171046344959388	0.617790114321008	-0.35306927559544	-1.15944981574575	1073	99	MSH5|H4C4|H2AC20|H2AC7|H2AC8|SYCE2|H2BC13|H2BC17|H4C11|H4C3|SUN2|H3C12|H4C14|H3C13|SYCE1|H4C2|H2BC5|H3C2|H2BC12|MLH3|STAG1|RAD50|H2AZ2|LMNA
REACTOME_REGULATION_OF_PLK1_ACTIVITY_AT_G2_M_TRANSITION	0.170505692348425	0.617790114321008	0.339192435617267	1.1532829726543	643	87	AJUBA|NEDD1|PLK4|PPP1CB|CCNB1|CEP135|PPP1R12A|CCP110|YWHAG|HAUS5|HAUS1|CDK1|BORA|SKP1|CEP152|CEP78|NEK2|CEP57|FBXW11|CETN2|NDE1|CEP76|CKAP5|HSP90AA1|CEP70|CENPJ|CCNB2|CEP192|MAPRE1|OPTN|OFD1|HAUS6|CEP63|CEP290|ODF2|CUL1|TUBA1A|HAUS2|TUBA4A|CNTRL|DYNC1I2|PCM1|AKAP9
SENGUPTA_NASOPHARYNGEAL_CARCINOMA_DN	0.17080125463359	0.617790114321008	-0.304169360720707	-1.11985987612954	1197	270	TSGA10|BCO2|SPAG1|IQCD|ADSS1|CFAP45|S100P|CLDN7|ODAD4|CXCL1|SYNGR1|VILL|LRRIQ3|IQCG|FAM131A|EPPK1|TNFRSF21|POR|CD19|TCL1A|DNAAF1|ELL3|CIMIP2B|DNAI7|KRT4|AGBL2|SORBS2|RSPH9|CIB1|KATNB1|SAPCD1-AS1|ODAD1|PIGR|DNAAF6|TPPP3|MUC1
STARK_HYPPOCAMPUS_22Q11_DELETION_DN	0.171227943824271	0.617790114321008	-0.515791645852219	-1.24910162420002	950	19	RTN4R|COMT|DGCR2|TXNRD2|DGCR8|TRMT2A|ARVCF|C22orf39|HIRA|SLC25A1
TAKEDA_TARGETS_OF_NUP98_HOXA9_FUSION_10D_DN	0.170542635658915	0.617790114321008	-0.346775710210432	-1.15642774081587	1077	111	MAPK13|S100P|ADGRG3|ACE|CXCL1|DOCK4|PYROXD2|APOE|MMP1|PPP2R2B|LGALSL|RASGRP1|STAB1|C5AR1|KCNJ15|ID3|DACH1|ABHD12|SGK1|MREG|SLC38A6|RNASE1
WP_COMPLEMENT_SYSTEM_IN_NEURONAL_DEVELOPMENT_AND_PLASTICITY	0.171084337349398	0.617790114321008	-0.361082905547383	-1.16470687943833	1064	86	C3|AXL|C5|PRKCZ|PLSCR3|ITGAX|COLEC12|TGFB3|CFD|SCRIB|CRB2|C8G|C5AR1|FAS|MERTK|TYRO3|ITGAV|MFGE8|BID
GSE15215_CD2_POS_VS_NEG_PDC_UP	0.171471927162367	0.617815938569936	-0.323770293996656	-1.13522824308157	1129	170	TYMP|ENG|MARCKS|ARSA|CUBN|ACE|ABCB4|MLXIPL|PRKCZ|LAGE3P1|PLXNA1|PBLD|ZNF692|POR|SEC14L4|PKD2L2|HCFC1|CMKLR1|ENTPD1|CLDN11|TRIB3|OAZ3|NLRP1|ID3|YIF1A|LPIN2|GAK|STK11|AGRN|SLC39A4|PPARD|THAP3|SIDT2|NDST1|SPATA2L|MCOLN1|MED25|NR2F6|YIPF2|CKB|MAST2|CTSH|WRAP53|PAX9|TAF1C|FHOD1|ARVCF|CDC20|HYMAI|CLASRP|TTLL12|CBX6|H2AX|ACTN4|NT5DC2|ZNF142|SETDB1|RNF19B|JUND|ZDHHC18|TCOF1|SLC44A4|MKNK2
ROVERSI_GLIOMA_COPY_NUMBER_DN	0.171414891070146	0.617815938569936	0.391165255811482	1.18816690905541	715	44	NUTM2A|KIN|BBS2|CCNC|ATP5F1C|HERPUD1|FBXL4|COQ3|SFMBT2|PTEN|AMFR|BCCIP|TAF3|KYNU|ZEB2|ARL2BP|GPR63|TUBGCP3|ANKRD10|ARHGAP15
CROONQUIST_IL6_DEPRIVATION_UP	0.172218155197657	0.618542201216699	-0.55002459212148	-1.25608146764707	940	15	HOMER3|APOL1|SLC7A7|ECM2
GSE13887_ACT_CD4_VS_NO_TREATED_CD4_TCELL_UP	0.172174754151217	0.618542201216699	-0.358059156887514	-1.16064940105031	1067	90	AQP1|CYFIP2|SLC22A18|RAB38|PBLD|PNCK|FGFBP3|EPPK1|UNC5B|CDH15|PNPLA1|CDKL5|SPATA7|NDEL1|MYO18B
GSE2128_CTRL_VS_MIMETOPE_NEGATIVE_SELECTION_DP_THYMOCYTE_C57BL6_DN	0.171936163806083	0.618542201216699	0.292866471715534	1.1064442315185	570	183	PLCE1|DYNC2LI1|TRMT2B|ZKSCAN8|HERC3|MFSD14A|HLA-B|TTC8|CEP128|PPT1|LRBA|TBCA|GGPS1|PJA1|RCHY1|NPM1|GULP1|CAPN2|SLC44A1|TJP2|PRKRA|QNG1|EIF2B2|SLC26A4|TANC1|EML6|CDKL2|CMTM7|RIOK2|SNX3|SKAP2|PANK1|CERT1|ESAM|GTF2E1|TRMT11|TSNAX|ERC1|CPNE3|FZD4|TMEM70|SEMA4A|PIK3CG|TOR1B|ANXA1|SDAD1|MAPK9|GLTP|TTLL4|GPI|ARHGAP5|CLUAP1
GSE23925_LIGHT_ZONE_VS_NAIVE_BCELL_UP	0.17208182912154	0.618542201216699	0.292815519723859	1.10536227118796	571	182	FOSB|GJC2|MEX3C|NKIRAS1|PAQR9|EGR3|CD69|DPF3|CAMK2B|PTPRN|SNX18|RTL8B|CCL4|NABP1|EGR1|ETV3|NR4A2|TSC22D2|TWF1|TRIM13|SIAH2|TRIB1|PER2|NUDT11|EGR2|RNF125|SAMSN1|ARL5B|LRP12|BCL2|DDX3X|PRDX6|MLLT11|SDE2|ZBTB9|TMEM243|SUB1|C2orf88|KBTBD2|VAMP3|ETF1|ATP11B|RAB1A|PNRC1|ATF3|STAC3|C1GALT1C1|BTG3|CASKIN2|KIF13B|MAFF|TP53INP2|ZFP36|FOSL2|PPP1R15B|FASTKD5|SRFBP1|BCL2L11|KCNQ5|HCCS|MIR22HG|FAM83D
GSE37534_UNTREATED_VS_ROSIGLITAZONE_TREATED_CD4_TCELL_PPARG1_AND_FOXP3_TRASDUCED_UP	0.172289698605488	0.618542201216699	-0.321437485702237	-1.13451250989896	1148	177	TCN2|PITPNM3|NDOR1|ATP9B|PRDM11|CLBA1|MAPK8IP3|NACA4P|SLC12A9|C1orf35|METRN|DOCK4|NBEAL2|FXYD1|TRPM4|SAC3D1|SREBF1|DENND1C|SORBS2|RRBP1|CHD4|UBB|MCAM|ECE1|NPFF|TAF15|EXOSC5|MYDGF|SLC16A5|BAHCC1|NCSTN|SLC7A11|SAP30L-AS1|RCBTB1|KLHDC4|KIFC1|ACVR2B|ZNF428|MYBL2|ZNF324|MRPL24|ZNF219|MRPL17|NRGN|CKB|ZBTB48|SPHK2|DDX51|NPTXR|CTSH|CSTPP1|FLNA|AP1G2|FXN|FRMD4A|SLC4A7|GOLGA3
GSE45365_NK_CELL_VS_CD8_TCELL_UP	0.172110195967055	0.618542201216699	0.304557290565475	1.12061199870341	605	148	PTPN6|PLEKHM3|SGO2|SLC33A1|BMPR2|INSIG2|DNAJC28|TCF7|TMCC1|RUNX2|FMR1NB|WDCP|HACE1|PPP1CC|CCNA2|SMAD4|CEP135|TMEM30A|FNTA|ATP1B1|DDHD1|SYNE2|ABCA6|PLXNC1|NCKAP1|LITAF|ZSCAN29|ARPC3|CARD6|CRY1|RAPH1|SNX25|PRR3|TENT4B|TRIM32|HCN2|CAV2|APC|ZKSCAN5|RTCA|PTPRJ|ANKRA2|ATF1|RIPK2
GSE5589_LPS_VS_LPS_AND_IL10_STIM_IL10_KO_MACROPHAGE_45MIN_DN	0.172073984232868	0.618542201216699	-0.323867544346586	-1.13533353518711	1134	169	SPIB|ARK2C|ABRACL|CYFIP2|RAP1GAP2|CIITA|PYCARD|PSMB9|L1CAM|KCNC4|NDUFA3|CCDC167|ATP5ME|COX17|IFI35|CHCHD10|NSUN5|IFIT2|ITGAX|CRISPLD2|FLAD1|TMEM160|CDKN2D|TRIOBP|ARHGAP26|ATP2A3|IL1B|MBOAT1|GBP2|CSGALNACT2|GFI1B|POLD1|SLC7A11|SP110|TREML2|MSRA
PID_AJDISS_2PATHWAY	0.172055699787586	0.618542201216699	0.405238666443811	1.19603923390333	728	38	PTPN6|EGF|GNA13|SRC|ZBTB33|CBLL1|SLIT1|RAB5A|CTNND1|CASP3|ADAM10|CTNNB1
REACTOME_INTERLEUKIN_20_FAMILY_SIGNALING	0.172274562584118	0.618542201216699	0.503051349152897	1.24595559135738	767	18	IL10RB|IL24|JAK3|JAK2
REACTOME_VOLTAGE_GATED_POTASSIUM_CHANNELS	0.17218660968661	0.618542201216699	-0.491429244604343	-1.24033546441301	966	23	KCNH4|KCNC4|KCNC3|KCNAB3|KCNAB2
GSE25123_CTRL_VS_ROSIGLITAZONE_STIM_PPARG_KO_MACROPHAGE_UP	0.172523961661342	0.618940502915136	-0.325705772094862	-1.13808447790774	1133	163	VWCE|DPEP2|ZNF331|CATSPER1|EREG|ACAP1|MIR3945HG|FCRLB|DNAAF1|CD48|ITGAX|PPARG|PDLIM7|STK39|TMTC2|NFIL3|ARHGAP26|ATP2A3|IL1B|ACP3|MGAM|AMPD2|C11orf21|CSGALNACT2|KCNN4|NDEL1|RILPL2|GRK6|MALT1|NRIP3|ICAM3|LONRF3|NRGN|CSTB|UPP1|VEGFA|CTNNBL1|KDM6B|ADAM8|CD52|CREB5|PFKP|ZNF697|EDEM1
SILIGAN_TARGETS_OF_EWS_FLI1_FUSION_DN	0.17248322147651	0.618940502915136	0.511127054844148	1.24498460104553	770	17	DLG2|LRBA|CDC14B|PCCA|RFC1|POT1|CLASP2
GSE3982_EOSINOPHIL_VS_CENT_MEMORY_CD4_TCELL_UP	0.17315233785822	0.620529513538313	0.294970846796001	1.10956136120251	573	178	SAMD9|STAP1|HSPBAP1|PELI2|ZNF268|TGFBR2|TMEM156|SLC25A44|CMTM6|IL18R1|GNAQ|PNPLA6|CLK4|MTHFD2|PPM1A|TSC22D2|MKRN1|CRNKL1|TRIB1|ITPRID2|ERP44|KIT|PLXNC1|ACSL4|CENPU|ACSL1|FCGR2C|CCNH|PELI1|CREG1|SBNO1|CHSY1|PTPN12|WSB1|FGD6|MEGF9|CYBB|DERL1|KDM6A|SERINC1|PTEN|PTAFR|NMI|CHP1|ASAH1|RB1CC1|GABARAPL1|ATP6V1B2|FUCA1|ZDHHC7|SYNJ1|SRPK1|NUP50|PNRC1|H2AC6
REACTOME_COLLAGEN_DEGRADATION	0.173106382978723	0.620529513538313	-0.412622640576871	-1.2020308657674	1016	46	COL18A1|COL25A1|COL14A1|COL1A1|MMP1|COL6A1|COL6A3|MMP15|CTSD|CTSL
WEIGEL_OXIDATIVE_STRESS_RESPONSE	0.173100436681223	0.620529513538313	-0.451618550944069	-1.21863308995585	990	31	LCAT|DNPH1|IGFBP2|IER3|FOS|COMT|POLD1|ID1|ITGA5|NR2F6|HMGA1|CUX1|JUND
GSE40274_FOXP3_VS_FOXP3_AND_GATA1_TRANSDUCED_ACTIVATED_CD4_TCELL_UP	0.173444239063463	0.621353772919	-0.328722113562919	-1.13882163324828	1125	153	MTCL1|FES|REM2|PYGM|ABCC10|DYNC2H1|PTPRU|HSD17B13|SLC9A1|CLN3|ZC3H12C|ABCA4|PPP2R2B|SYNGR4|PNMA3|ACTN2|CDIPTOSP|GAL|RPS6KL1|TMCC2|SLC6A16|ANKRD23|FOXRED1|KCNJ11|SELENBP1|DMBX1|KCNN1|NR4A1|MRAS|DYNC2I1|IRAG2|ADGRL1|ZNF219|NRGN|SAPCD2|ADD1|VEGFA|TNFAIP2|PRR5
BROWNE_HCMV_INFECTION_8HR_DN	0.173735921399473	0.621783958757943	0.391945701194083	1.18538873576524	724	43	LPXN|H4C12|SACS|ERCC6|GINS1|FEM1B|MRPS31|FZD2|VWA5A|ZNF623|MYC|VDR|ANKMY2|DST|POLR1F|PLAU|ZNF7|ATAD2B|PIM1|LRP8
GSE13306_TREG_VS_TCONV_SPLEEN_DN	0.173861967694567	0.621783958757943	0.296613218202873	1.1120068147592	591	171	MYO1F|TGFBR2|SESN3|RYR1|CENPQ|MBNL2|EIF2AK3|SFT2D2|HMGN5|HACD2|MNS1|TLE4|XRCC4|OTUD1|CGGBP1|TFAP4|PLEKHA5|AAK1|BLTP1|RCBTB2|SYNE1|SYTL2|TDRP|KIF3A|RNF144A|ZFAND4|SLC20A1|ZFP14|PCDH1|WIPF1|ZDHHC2|CARD6|CHSY1|PDE7A|SMIM3|RIOX2|KIDINS220|DSCC1|ITM2B|CD93|NGLY1|ABCB7|FYCO1|MFSD6|SGMS1|LNPEP|SLC39A8|EXT2|IL1R1|ZNF318|TGFBR3|POT1|CIB2|CDK6|GGT1|BUB1B|PGM2L1|POMT2|SP4|AFP
GSE17974_IL4_AND_ANTI_IL12_VS_UNTREATED_4H_ACT_CD4_TCELL_DN	0.174171622769754	0.621783958757943	0.306459783167356	1.12135103989447	614	142	GNRHR2|RGS5|FAR2|MATCAP2|C3orf52|CPNE8|TNFSF4|AK7|NPL|DCHS2|FAM171A2|STAG3|ZRANB3|ZNF816|KCNK9|ABLIM3|SLAMF7|CSRP3|GRIA2|SH2D4B|SCN8A|AGBL1|BCAR4|LGALS4|LRRC69|DCAKD|TDRD3|DUSP18|ALG10B
GSE23308_WT_VS_MINERALCORTICOID_REC_KO_MACROPHAGE_DN	0.173952366596322	0.621783958757943	0.292555176381373	1.10321888459781	576	181	AIM2|LIPG|CD83|ASAH2|IFIH1|GPR85|SNX18|CCL2|TNFSF4|SEC24B|CCL4|GNG12|TMEM135|NT5C3A|NUDT13|ADPRH|PHLDA1|PPM1B|SMAD2|UBE2N|SLC30A6|C3orf38|MRPL39|ZDHHC6|SLC26A4|TXK|CD274|ACSL4|NFE2L2|ACSL1|STAU2|PHTF2|UTP3|MOB1A|DHX15|PIK3CG|CHUK|TMEM68|RNF14|IKBKE|ETF1|SPRED1|ADORA2B|GARS1|PSMD14|SGMS1|DLD|HELZ2|CCT6A
GSE24634_TEFF_VS_TCONV_DAY3_IN_CULTURE_DN	0.174183750949127	0.621783958757943	-0.324041940003049	-1.13463168887067	1146	167	DYSF|SLC22A18|CD14|NAGK|TYMP|IFI30|CCPG1|FBXW4P1|PPFIBP2|CD84|ECM1|DIAPH2|EPPK1|APLP2|SMIM27|ITGAX|SLC7A7|MNDA|SLC2A9|VSIG4|PILRA|LGALS3BP|FOS|THEMIS2|SPINT2|TKTL1|MAGED2|SDR39U1|MS4A4A|CTSA|SLC12A7|RNH1|ITGB5|MERTK|KANK1|FBXW4|HEXA|CTSL|CEBPB|RETREG2|SMCO4|GNS|MCOLN1|EVL|SLC38A6
GSE30971_CTRL_VS_LPS_STIM_MACROPHAGE_WBP7_HET_4H_UP	0.174057315233786	0.621783958757943	0.291740100927469	1.10425119240085	576	185	PIGB|DNAJB2|DCP1B|TM6SF1|ZNF708|KCTD12|LONRF1|SNX18|LRATD1|RUNX2|HIF1A|C5orf63|RNF138|RALGAPB|KIF20B|AP1S2|AKAP12|NR4A2|FANCB|GDI2|RPAP3|UNK|MXI1|GAS2L3|WASHC4|IFRD1|CBFB|RRAD|PLXNC1|CHAC2|MYL12B|CNBP|TCEAL9|TENT5A|TRAPPC2|GPBP1|CUL2|TSG101|TFE3|PRDX6|TRNT1|AP3B1|SEC23IP|LIN54|CNDP2|EMD|FAM118B|ARL6IP6|AEBP2|TRAM1|FUCA1
GSE37301_PRO_BCELL_VS_CD4_TCELL_DN	0.174152876280536	0.621783958757943	-0.341652083462939	-1.15030611969466	1104	119	PDE2A|APBB2|SVEP1|ADGRD1|RHBDD3|AURKC|PPFIBP2|ARID5A|KCNK5|JSRP1|MICAL3|SOX11|KRT4|CYTH3|PALD1|TADA2A|ESR1|DMPK|EWSR1|SP110|PSMB10|DHRS3|MAPK8IP1|TSPOAP1|RAB11FIP4|EPHX1|PLXNA3|EVL|PAFAH1B3|NUDT14|SH3KBP1|DBN1
NAKAYA_PBMC_FLUAD_MALE_AGE_14_27YO_1D_POSTBOOST_VS_0D_PREIMM_MF59_ADJUVANTED_1DY_ATIV_UP	0.17398091934085	0.621783958757943	-0.431396838275255	-1.21119815160807	1002	38	IL15|TYMP|IFI35|ICAM1|BATF2|SMCO4|OAS3
RODRIGUES_THYROID_CARCINOMA_UP	0.174085500220361	0.621783958757943	0.530415651337439	1.25217920489233	789	15	DISP1|TMEM64|COPS8|ARHGAP42
WP_CARDIAC_PROGENITOR_DIFFERENTIATION	0.173928258967629	0.621783958757943	-0.440466873196223	-1.20959445134037	993	34	MESP2|ANPEP|ZFP42|SCN5A|MESP1|NRG1|BMP1|FGF2|GSK3B
LEIN_LOCALIZED_TO_PROXIMAL_DENDRITES	0.174480989036622	0.622623593298832	0.422709411889806	1.1988581215415	747	32	GPD1|DNAJC6|GFM2|EPS15|SNRPN|ATP5F1B|EEF1A1
DOANE_BREAST_CANCER_CLASSES_UP	0.174640743871513	0.622750901237033	-0.397153586262169	-1.18875350457857	1032	54	HPX|NEIL1|PBLD|SERHL2|APOD|RND1|SULT1A2|DCXR|RHOB|CERS4|FASN|CRAT|SERHL
REACTOME_HCMV_EARLY_EVENTS	0.174630619302106	0.622750901237033	-0.340636878232268	-1.14864707692137	1110	120	H2AC13|H4C4|H2AC20|H2AC7|H2AC8|H2AC11|H2AC15|NUP210|H2BC13|H2BC17|H4C11|H4C3|H2AC16|TUBA3E|H3C12|H4C14|H3C13|H4C2|H2BC5|DYNC1H1|H2AC12|H3C2|ITGB1|H2AC25|H2BC12|TUBB2B|TUBA1B|H2BC18
KENNY_CTNNB1_TARGETS_UP	0.174783027965284	0.623036944146138	0.389277673064814	1.1861713319784	724	45	CCN1|PLK4|HAT1|NABP1|CCNB1|SORBS1|ECT2|SYNE1|SPP1|IGFBP5|SQOR|CELF2|ABI1|RPA2|ARCN1|NCOR1
GSE10325_BCELL_VS_MYELOID_DN	0.17497034400949	0.623040905699631	0.295658438644852	1.11050056466125	589	174	MYO1F|PTGDR2|AIF1|FAR2|TM6SF1|PELI2|KCTD12|LST1|RGS2|CPVL|MS4A6A|SLC27A3|LGALS3|CSTA|CLIC2|NPL|LAMP2|NAAA|CPD
LIAO_HAVE_SOX4_BINDING_SITES	0.174935339760169	0.623040905699631	0.409518367374655	1.19446101616558	743	36	HSPBAP1|CKMT1B|INTS8|NEIL3|SLC22A15|PTPN14|MYEF2|SERPINE2
SOBOLEV_T_CELL_PANDEMRIX_AGE_18_64YO_7DY_DN	0.174963924963925	0.623040905699631	-0.520875219900794	-1.24510718032723	969	18	LAT|RASGRP1|FYN|MAP4K1|PRF1|CD3D
LI_PBMC_MENACTRA_AGE_18_45YO_CORRELATED_WITH_ANTI_POLYSACCHARIDE_ANTIBODY_3DY_POSITIVE	0.17508896797153	0.62324222003483	0.399061066372683	1.19078684118621	737	40	CD83|FAR2|HLA-B|CCL4|TNFSF13B
ANASTASSIOU_MULTICANCER_INVASIVENESS_SIGNATURE	0.175330245325099	0.623257192770531	-0.417490157753049	-1.19948530956228	1021	43	ITGBL1|TIMP3|ACTA2|COL1A1|RCN3|AEBP1|CRISPLD2|PCOLCE|COL6A3|DCN
GSE22935_UNSTIM_VS_12H_MBOVIS_BCG_STIM_MYD88_KO_MACROPHAGE_DN	0.175441220460664	0.623257192770531	-0.318876024434165	-1.1310957337265	1172	187	RINL|FES|DIPK1A|NAGK|CDPF1|B4GALNT4|AGBL3|FAM234B|GTF2I|PDLIM2|DDB2|GSDMD|RASGEF1B|TMEM80|JMJD8|TMEM86A|HAGHL|AURKB|ZNRD2|SRR|HCFC1|SLC6A13|CEP41|PELP1|MAP4K1|POLR2E|RFC2|CHD1L|ENDOG|NISCH|ID1|LIFR|MRPL2|MCRIP2|RNF220|ARMC6|PHETA1|ENTPD4|UQCC3|PAFAH1B3|C19orf48P|CAND2|PNPO|CARS2|FRRS1|C8orf82|CCDC106|MRPL4|CPT1A|TAF6
GSE32901_TH1_VS_TH17_NEG_CD4_TCELL_UP	0.175708502024292	0.623257192770531	0.324925978307287	1.13811489002469	650	104	TLE6|CSPG5|EIF2A|P2RY1|RASGRP4|ERBIN|SYCP2L|PAQR3|TCF12|UGCG|TLN2|BGLAP|NUDT11|FGFR1|KCTD14|SLC25A36|RBL1|SPDL1|STAU2|VIPAS39|ATF2|TIA1|GTPBP10|TUT4|INTS6|HACD1|LATS1|LNPEP|TBL2|H2AC6|MSMO1|KCMF1|SFXN5|SLC6A19|ZFP36|ANKRD17|POLD3|SLC27A2|GPATCH8
GSE3982_EOSINOPHIL_VS_TH2_UP	0.175572519083969	0.623257192770531	0.297463406703029	1.11277800254021	597	169	ZNF75D|CD44|MX2|LAMP2|TMEM143|MEF2A|GCNT2|BMX|MARCHF7|NBR1|SMNDC1|PLEKHF2|PPP1R12A|CLK1|RAB6A|ZNF34|SLC25A21|TRIB1|SYNE2|C5AR2|FBP2|ITIH4|KIT|PLXNC1|SOX21|LITAF|DBT|NFE2L2|CREG1|ZDHHC17|AP1G1|RHEB|C1D|FGD6|ELOVL5|BIRC2|ANXA1|TPST1|INPP5B|PTEN|MID1|PTAFR|CLOCK|ZNF721|NMI|SEC62|DDX6|BRWD1|ZFAND5|CHP1|UGT8|FUCA1|BTG1|ZZEF1|TRIM33|LAPTM4A|INPP4A|TXLNG
GSE39820_TGFBETA1_VS_TGFBETA3_IN_IL6_IL23A_TREATED_CD4_TCELL_UP	0.175565610859729	0.623257192770531	0.294572884396244	1.1080643871565	581	178	GPR160|TENM1|TNFSF4|SGPP1|MEMO1|CLDND1|PDE3B|KALRN|ADPRH|RBM11|IL18R1|GULP1|CALB1|GRK4|WBP4|SLC39A1|RPF2|ISOC1|UGCG|NREP|ABCC6|TPTE|RSPH6A|RAP1B|TPRKB|SLC20A1|KCNK1|CKAP2L|DPM1|TMED5|TENT5A|PPA2|RTN3|FAM91A1|SNX19|RFC1|ANKRD42|BNIP2|GPD1L|IVNS1ABP|RAB14|RTCA|SIK2|IDE|BUB3|S100A4|RPAP2|LYRM2|EIF2D|PPAT|FUBP1|ZBTB11|TBC1D15|PARVB
GSE41176_UNSTIM_VS_ANTI_IGM_STIM_BCELL_1H_UP	0.175624082232012	0.623257192770531	0.296471089814429	1.11147397358146	597	171	CXCL8|BATF|GPR137B|PCOTH|SRC|C5orf15|CCL4|GNG12|DNTTIP2|TFPI2|ENTPD7|DLC1|FNDC3B|CD80|TNFAIP8|CYP27B1|PROCR|YIPF6|ETV5|NFAT5|RNF115|TRIB1|WTAP|VAV1|UGCG|FRZB|PTX3|MAMLD1|RAP1B|MYO6|MICALL1|NCAM2|PRR16|SOCS2|ACSL1|TRIP11|NAMPT|CLIC4
GSE5542_IFNA_VS_IFNA_AND_IFNG_TREATED_EPITHELIAL_CELLS_6H_UP	0.175714072080156	0.623257192770531	-0.320551702380263	-1.13262369366076	1174	178	PLEKHN1|CCPG1|B4GALNT4|DHRS1|NDUFA13|RUFY1|C1orf159|MRPL41|D2HGDH|SMTN|TUBGCP6|GIPC3|OR2T33|BCAM|NRM|STYK1|LRCH4|SLC29A2|HCFC1|B3GAT3|SEMA6A|NINJ2|IL18BP|AKNA|SLC10A3|CSNK1D|MIB2|CHD1L|ING5|HYAL3|DPF1|INTS11|MAF1|IPPK|ARHGEF1|DLL3|MREG|YJU2|ATP6V0A1|FBXO31|NOCT
HOEK_MYELOID_DENDRITIC_CELL_2011_2012_TIV_ADULT_1DY_UP	0.175343456254519	0.623257192770531	-0.530215444513892	-1.25045215965148	969	17	GZMM|H2AC20|STAB1|PPP1R35-AS1|ID3|MIR17HG
REACTOME_RHO_GTPASES_ACTIVATE_FORMINS	0.175384615384615	0.623257192770531	0.308275297417665	1.12261712506547	626	136	SGO2|CENPQ|SRC|ITGB3BP|KIF18A|PPP1CC|RANBP2|KNL1|FMNL3|SEH1L|ZWILCH|NUP107|NDC80|NUP37|PPP2R5E|NUP160|NUP133|MAD2L1|RHOA|CENPU|SPDL1|ZW10|AHCTF1|BUB1|TUBB1|PFN1|CLIP1|CENPI|PPP2CA|PPP2R5C|NDE1|ZWINT|MRTFA|PPP2R1B|CKAP5|BUB3|DVL3|CENPE|CENPS|CLASP2|DSN1|MAPRE1|ERCC6L|BUB1B|KIF2A|SCAI|DYNC1LI2|KNTC1|TAOK1|PPP2R5A|TUBAL3|RHOC|NUP98|FMNL1|NSL1|TUBB6|ACTB|SPC25|XPO1|NUP43
WP_PI3KAKTMTOR_SIGNALING_AND_THERAPEUTIC_OPPORTUNITIES_IN_PROSTATE_CANCER	0.175180779099603	0.623257192770531	0.422012774105111	1.19688236741239	750	32	FOXO1|PDK1|PIK3CA|NRAS|RHEB|CDKN1B|PIK3CG|RICTOR|PTEN|RB1CC1|FOXO4|PIK3CB|TFEB
ZIRN_TRETINOIN_RESPONSE_UP	0.175838926174497	0.623479738940162	0.509232322324795	1.24036948081791	785	17	TINCR|CCL2|AKAP12|SLC38A2|PLGLB1|VMP1|PLAAT4
BROWNE_HCMV_INFECTION_16HR_UP	0.175925925925926	0.62351130034575	0.285571090849892	1.09883045883238	569	209	NXT2|GNA13|ADAMTS3|DNAJC24|PTHLH|RNF2|ZBTB33|RND2|MLF1|ABHD3|PAQR3|PLCL1|EXPH5|CRLF3|NUP153|USP6NL|PALS2|DDX10|RMND5A|CCNC|RAP2A|PDE4D|PAK3|TMF1|KCNK1|RAB5A|PLS1|SOCS2|TRIM52|INPP5F|REL|ETFDH|IFI6|DLG1|IREB2|RFK|SSR1|ABCB1|PGM3|PRKD3|BRAF|PLAAT4|CHD1|TUBGCP4|GTF2B|CLPX|ARL4A|SEC23IP|ZNF37A|STIL|GNL2|PLSCR1|CDC5L|DDX21|HLTF|B3GALNT1|TFRC|YAF2|E2F5|TRIM33|BLMH|FUBP1|ACSM3|BTG3|BAK1|SUZ12|TBC1D12|SOS1|EED|SNRK|SRSF10|HSPA4L|DCAF7|PRKCD|POU2F1|SMG1|NHERF1|PTPN11|PIP5K1A|GK|BPGM
KRASNOSELSKAYA_ILF3_TARGETS_DN	0.175991685432184	0.62351130034575	-0.426777711859676	-1.20385355439067	1015	39	IRX5|CYP19A1|AXL|HCFC1|GAL|MAPK7|LIG1|ASNS|KIFC1|TROAP|MYCL|ESPL1|PCK2|SREBF2
REACTOME_CLASS_I_PEROXISOMAL_MEMBRANE_PROTEIN_IMPORT	0.176034172661871	0.62351130034575	0.49228654387035	1.23468007199943	782	19	PEX12|PEX3|ABCD3|PEX13|GDAP1|ACBD5|ATAD1|PEX2|PEX11B|PEX19|SLC25A17
GSE18893_TCONV_VS_TREG_24H_CULTURE_UP	0.176364996260284	0.62380261890794	-0.319883812454011	-1.13235254218074	1178	181	RINL|RAP1GAP2|ADSS1|CRIP2|PHYHD1|HEPACAM2|SNN|PRKCZ|INKA1|CHST12|MAPK12|ADGRE5|RCN3|CD48|TMCC3|TPD52|EXTL1|RDH12|S100A5|CYTH3|DKKL1|TCP11L2|HSPB1|EMP3|KCNAB2|LRRC75A|BIN1|KCNN4|SLC7A1|SFXN3|AFDN|SGK1|FAM98C|ITGB1|TNFRSF1B|GNS|SLC39A11|RAP1GAP|LIFR|GRB7|PAFAH1B3|NFE2|INTS4|CAPG|MXRA8|GRAMD4|ECH1|ADD1|S100A6
GSE37605_FOXP3_FUSION_GFP_VS_IRES_GFP_TREG_C57BL6_DN	0.176320272572402	0.62380261890794	0.30496210046253	1.11748140850269	620	144	UBE4A|IL12RB2|PPP2R3A|MAN2B1|RAVER2|RMI1|SLC39A10|KALRN|KLHL24|ALOX12|PGGT1B|GGPS1|XPR1|AKAP12|TOB1|PRKRA|IFIT3|OCRL|IFIT1|UPK1B|ATP8A1|AGL|TENT5A|MOSMO|MAP4K3|TOPORS|AASDHPPT|QSER1|CNKSR3|FBXO33|MAGI2|PAPOLA|ANXA1|LRRC58|SNTB2|CLPX|MAPK14|CD93|TEAD1|USP12|RB1CC1|STX17|H2AC6|EHBP1|ATF3|C1GALT1C1|ORMDL1|DYNC1LI2|IL18|CRK|SPARC|UBTD1|OARD1|EIF1
GSE41978_WT_VS_ID2_KO_KLRG1_LOW_EFFECTOR_CD8_TCELL_UP	0.176361672581392	0.62380261890794	-0.32983282416678	-1.13911198599105	1142	148	TNS2|SEMA4G|AMH|ESPN|SLC30A4|ATRN|CATSPER1|RHBDF1|PLSCR3|MIGA2|ZC3H12C|PKD2L2|HFE|ZNF605|CAMKK1|KSR1|AKT3|PCDHB5|CXADR|FOLR2|TSHZ2|MUC1|NINJ2|PIP5KL1|SOX18|CRELD1|FHDC1|CTTN|TFR2|ISCA2|NRARP|NRIP3
REACTOME_SIGNALING_BY_NOTCH2	0.176274165202109	0.62380261890794	-0.457808660872286	-1.21752361833186	1002	29	MAML3|UBA52|APH1B|UBB|JAG2|NCSTN|MIB2|MDK|HES1|PSEN1
GSE1112_HY_CD8AB_VS_HY_CD8AA_THYMOCYTE_RTOC_CULTURE_DN	0.176434953808875	0.623830245274211	-0.324022472279876	-1.13470211749957	1164	166	NFKBIZ|RAB4B|C3|HOMER3|SYCE2|BTN2A2|GPR68|EREG|RHBDF1|TRAIP|D2HGDH|NAPA-AS1|HAS1|DENND11|MYH7B|PNPLA1|DBIL5P|APOBR|ACVR1B|FYN|ZNF551|RGP1|TRIOBP|MET|IL1B|DZANK1|IRS2|USF3|SAT2|BCL6
GSE6269_HEALTHY_VS_FLU_INF_PBMC_UP	0.176506576934842	0.623863739180264	-0.325459688860834	-1.13388075292163	1153	159	APOA1|PLA2G6|AARSD1|RPS28|PRKCZ|PBXIP1|PRPF31|SUN2|RPL23|NSUN5|UBA52|PDCD11|LUC7L|LRCH4|RPL13A|RHOF|RGP1|SUGP2|PRORP|IL16|RPS10|PWWP3A|ENO3|AFDN|TOMM7|INTS11|UXT|DGCR8|PPOX|RPL10|GNB5|TFR2|RPS12|RPL3|NOP53|ABCD4|EML2|QARS1|CPT1A|EIF2B5|TMA7|DNPEP|ARL6IP4|BRD3OS|EDEM1|EIF3K|SRSF5|AKR7A2|RPS14|MGAT5|COX4I1
BOQUEST_STEM_CELL_DN	0.176611335426948	0.624014285468392	-0.318550357543524	-1.12957689891393	1180	185	ACKR1|PTPRB|APOLD1|AQP1|STX11|IL15|PDE2A|ENG|RAPGEF5|TEX14|RASGRP3|SEMA3F|PIK3C2B|LPCAT4|APLNR|FLT1|MMP1|CAPN11|TPD52|RND1|EFNA1|JAG2|MET|PGS1|SEMA6A|MMRN2|SCARB1|ICAM2|USP36|GMFG|THBD
GSE26343_UNSTIM_VS_LPS_STIM_NFAT5_KO_MACROPHAGE_UP	0.176718938480097	0.624174772858272	0.290372057213708	1.10045302451234	585	187	STAP1|EGR3|CD40|GPR85|UBTD2|IGSF9|CMTM6|GNB4|COPS8|BATF3|RARS1|TRMT10A|RANBP2|UAP1|ABCE1|UTP18|IPO7|PROCR|HSPH1|PICALM|NKRF|ARL1|ERP44|HK2|BRIX1|EMILIN2|SH3PXD2B|LFNG|EGR2|LZIC|SUPV3L1|B3GNT2|TARS1|ACLY|DNAJB11|RIOX2|PSMA2|UTP15|STARD4|HECTD1|CHD1|RSL1D1|GNL2|TAF4B|MPHOSPH10|ATP11B|RIPK2|TTC27|MAP2K4|OTUD4|THUMPD1|PNP|PPAT|LTA4H|SLC35B1|CORO2A|FAM98A|PLAU|PRMT5|DNAJC21|KCNQ1OT1|RAB20|FKBP4|NUDCD1|GTF3C6|HSPA8
KEGG_ECM_RECEPTOR_INTERACTION	0.176782752902156	0.624180539441379	-0.374631565903887	-1.17066706296139	1065	70	LAMB1|ITGA4|LAMA4|COL1A1|LAMA5|ITGA7|COL6A1|LAMB3|COL6A3|HSPG2|SV2A|ITGB5|AGRN|SDC4|ITGB1|ITGAV|COL1A2|ITGA5
BOYLAN_MULTIPLE_MYELOMA_PCA1_UP	0.17718875502008	0.625174243547123	-0.359210918163873	-1.15971944195403	1102	87	TRBC2|PRG2|C3|RASGRP3|SELENOM|ATAT1|CPEB3|TRDC|IFI16|CRYBA4
FALVELLA_SMOKERS_WITH_LUNG_CANCER	0.17718365991365	0.625174243547123	-0.3740310898637	-1.170625970243	1066	71	MATR3|AHRR|ENG|MICALL2|MMP1|HAS1|APOL6|SERPINE1|MET|PGS1|SEC61A1|HOXC8|RHOB|CRTC1|MAPKAPK2|MVD|CAMKK2|IL6ST
GSE7218_UNSTIM_VS_ANTIGEN_STIM_THROUGH_IGG_BCELL_DN	0.177660236465464	0.625990512354149	-0.334099982547521	-1.14173076864723	1141	135	LAT|IL21R|PLAT|CCR7|RAP1GAP2|H2AC15|AXL|IFITM1|GPR68|KCNK5|GSDMD|CSF2|APOD|RASGRP1|APOL6|TRPC3|NRG1|SH2B2|MYO1G|TXNDC17|PRF1|SHISA5|DGKA|TREML2|TNFRSF1B|IL18RAP|TAPBP|BLVRB|ID1|OAS3|ANKRD55|CD3D|IFNGR1|SH2D2A|PSD4|CSTB|S100A6
REACTOME_PARACETAMOL_ADME	0.177601809954751	0.625990512354149	0.482520865585818	1.22360804414993	784	20	SULT1A4|ABCC3|ABCC4
WANG_NFKB_TARGETS	0.177669552669553	0.625990512354149	-0.51925253458364	-1.24122829136764	984	18	ATP2A1|MEF2B|APLNR|ITGB5
WP_PHOSPHOINOSITIDES_METABOLISM	0.177610855342864	0.625990512354149	0.385730331673849	1.18025615544212	732	46	MTMR6|PLCE1|PIK3C2A|PIK3CA|PIKFYVE|OCRL|PLCH1|MTMR12|PIP5K1B|PIK3C3|MTMR4|PIK3CG|SACM1L|PTEN|PLCD3|MTMR2|PLCB1
REACTOME_TRANSMISSION_ACROSS_CHEMICAL_SYNAPSES	0.177883096366509	0.626522989939303	0.284122264057396	1.0960375553549	562	219	SLC18A2|DLG2|AKAP5|CAMK2B|GABRR2|SRC|SLC22A1|GNG12|PICK1|RAB3A|GNAI3|GNB4|NAAA|KCNJ6|PRKAR1A|GRIK1|CPLX1|GABBR2|KPNA2|SLC38A2|MAPK1|NCALD|GRIA2|SLC22A2|LRTOMT|CHRNA3|GNAL|RPS6KA2|GRIP1|GNG10|MYO6|NRAS|DLG1|TUBB1|PRKAA1|ALDH2|CREB1|LRRC7|GLUL
GSE27241_CTRL_VS_DIGOXIN_TREATED_CD4_TCELL_IN_TH17_POLARIZING_CONDITIONS_DN	0.178252309556262	0.627603186013946	-0.321663753438634	-1.12996590580816	1176	172	SMAD7|ANPEP|IRF7|RNF170|TCL1A|TPD52|ANXA2R|PHB1|PLEKHA1|FYN|APOL6|PIK3IP1|PPM1F|ELMOD3|ENTPD1|MDFIC|TKTL1|FZD3|MBOAT1|PCED1B|TBC1D8|RRP12|ENSG00000289161|SRM|TRMT1|TRAP1|KICS2|MFSD10|CTSL|NOP16|PER1|RAB30|INPP5D|ANKRD55|ID2|TMBIM6|ENTR1|IRF9|GUSBP11|NOP53|HES1|PRR5|PTRH2|EIF4G1|ANTXR2|SMYD5|KARS1|MAST3|FXN|CPNE2|SH2D3A|FRMD4A|CLEC11A
JIANG_AGING_CEREBRAL_CORTEX_DN	0.178519593613933	0.628323871212013	0.380691372761548	1.17556620444273	737	48	ACTR3|PPP1CB|PPM1A|ARPP19|CPLX1|CALM2|EIF4G3|CS|DNAJB11|DDX3X|SEPTIN7|SKP1|PFN1|TIA1|PPP2CA|RAB14|DAD1|ATP1B2
GSE7219_WT_VS_NIK_NFKB2_KO_DC_DN	0.178601997146933	0.62839356724883	0.300320316758647	1.11319120241281	625	156	RFX3|SLAMF6|FCGR2B|SLC49A4|TCF7|FGF13|CLDND1|SLC25A46|NUDT13|IL18R1|B3GNT5|SMAD4|UTRN|ELMO1|ADD3|AP3M1|SNX4|IL6R|S1PR1|TXK|XYLT1|BACH2|RNF144A|USP33|FOXP1|CDC14B|USP53|MTHFSD|PSTK|FBXO28|KLHL6|CNOT6L|IKBKE|RACGAP1|PPP2R5C|ARHGAP5|SMPDL3B|GPD1L|ATP11B|SGMS1|ECHDC1|PHF21A|POLR3G|MED8|PUS7L|PRKCQ|DKC1|GGT1
GSE8621_LPS_PRIMED_UNSTIM_VS_LPS_PRIMED_AND_LPS_STIM_MACROPHAGE_UP	0.179004037685061	0.629209485764238	-0.318221782164723	-1.12841177337363	1196	185	RAB27B|TSC22D3|VMAC|GKAP1|LEAP2|TECR|JOSD2|APLP2|RCN3|RASGEF1B|LONP1|GBA2|PKN3|HSD17B10|CDKN2D|IL2RG|C19orf67|COMT|HGS|MUC1|MAP4K1|LZTS2|DUSP4|LYL1|ICAM2|LARGE2|FKBP8|RPS10|GPSM3|AFDN|CERS4|AGPAT2|MGRN1|VKORC1|SOX18|DAPK3|SLC39A11|EXTL3|TEX264|AP3D1|CTTN|FNDC10|BTD|ZNF428|FLOT1|TMUB2|RPL3|RRP7A|PITPNM1|GAS6|DEXI|TSEN54|TXN2|CTNNBL1|GRAMD1A|MGAT1|SUGP1|ABHD16A|MAEA|PTPA|ATOSB|NEFH|SMAGP|TTC38|EML3|PPDPF|CSNK1G2|EIF4A3|SAFB2|SLC41A1|LTBR|EVA1B|ANKRD13A
KLEIN_TARGETS_OF_BCR_ABL1_FUSION	0.179021945740453	0.629209485764238	-0.422798116434564	-1.19847294453525	1035	40	SPIB|POU2F2|ANPEP|CD19|MNDA|MZF1
WP_GLYCOSAMINOGLYCAN_DEGRADATION	0.178958785249458	0.629209485764238	-0.527762785162536	-1.24466784458762	989	17	IDUA|SGSH|HEXA|GNS|HYAL2|ARSB|GLB1|HGSNAT|HPSE|GUSB
GSE45365_HEALTHY_VS_MCMV_INFECTION_CD8_TCELL_IFNAR_KO_DN	0.179134466769706	0.629384591331576	-0.330594632792653	-1.13772167710249	1158	143	WNT11|GNG8|MCF2L2|BSN|FAAP100|ACAP1|ZNF710|APLF|ATF6B|RASGEF1B|RARRES2|GNRHR|MIR3150BHG|AGER|CCND1|KDF1|TRIOBP|TINAGL1|VWA1|TMEM232|DUSP13B|ANKS3|BIN3|ATPAF2|PPARD|LYRM4-AS1|SFMBT1|CLCF1|HNRNPAB|TTC5|INO80D|CPAMD8|SPATA33|DEUP1|DESI1|AP5S1|EXOC2|ZFAT|MCPH1-DT
GSE2706_R848_VS_LPS_2H_STIM_DC_UP	0.17939940874436	0.629654288453106	-0.333529945797713	-1.14087121267017	1152	136	H2AC13|ASCL2|IRX5|KIF1A|FAM167A-AS1|ITPKC|PRKCZ|ZNF701|GABRG2|ZNF836|CASC11|ZIC1|MYH7B|PCYT1B|DSCR10|ZNF671|AQP11|THEMIS2|SP2-AS1|NPFF|MGAM|LINC03006|SMG6|SLC2A3|REXO1|NPHP4|LINC01012|ZNF324|EGFL7|IQCK|PDCD7|TLCD1|PCSK9|TEDC2|MGAT3|ZNF23
GSE3920_UNTREATED_VS_IFNA_TREATED_ENDOTHELIAL_CELL_UP	0.179337829552422	0.629654288453106	-0.325736769230459	-1.13323785401161	1169	158	UBL3|LAG3|SEMA4D|PLXNB2|HLX|NCEH1|P2RX4|IFITM1|PLXNA1|DOCK4|SNX30|APOC1|TMCC3|TGFB3|TMEM86A|THEMIS2|STAB1|PTK2B|FBLIM1|TBXAS1|MS4A4A|CTSA|DCXR|PRF1|PLK3|NDEL1|CRYZL1|PDGFA|ATP5IF1|ITGAV|EXTL3|ID2|SLC38A6|LAMP1|FRRS1|NUDT2|SRGAP2|MAFG|BCL2L1|CKB
REACTOME_CYTOCHROME_P450_ARRANGED_BY_SUBSTRATE_TYPE	0.179335536615064	0.629654288453106	-0.434220860565595	-1.20672391160972	1030	36	CYP19A1|POR|CYP4F2|CYP2S1|CYP2F1|FDXR|FDX2|TBXAS1
GSE14308_TH2_VS_INDUCED_TREG_UP	0.179464016862391	0.629660888243509	0.291513437466418	1.10133249260482	595	183	ZC2HC1A|STAP1|BCAR3|AGA|YOD1|TRAPPC6B|DNAAF9|RTL8B|SUMF1|EXOC5|ITFG1|PRMT9|AMN1|DARS1|IMPACT|KLF10|PLCL1|CLK4|ORC4|PNPLA7|SPRY2|SH3BGRL|LRP6|NAB1|CEP135|MKRN1|OLA1|WDR26|WBP4|FAM13B|PPP2R5E|TBPL1|SYNE1|CDKL2|PIK3C3|RPE|DDX5|MED7|BTBD8|CCSER2|MEGF9|MAGI2|HCN2|SECISBP2L|TIA1|CAV2|STX7|TPP1|MASTL|GOLGA7|ERCC5|DDX6|RBM22|OSBPL3|VPS4B
GSE1460_CD4_THYMOCYTE_VS_THYMIC_STROMAL_CELL_DN	0.179933914088315	0.630307467057101	0.291934513348538	1.10047927148693	598	180	ZC2HC1A|EOGT|ARMCX1|PPP2R3A|ADAMTS3|DNAJC6|RNF2|STRAP|KALRN|TFPI2|BPNT2|ME1|PHLDA1|PTGS1|CTSK|ITSN1|UAP1|GULP1|CRYBG3|IPO7|GCLM|BMERB1|PRRG1|TRIM2|RECK|COPZ2|IGFBP5|RPS6KA2|BEX3|RAD23B|SLC25A3|KCNK1|FAM200C|CREG1|NME7|YARS2|SAMD4A|TARS1|TFE3|MLLT11|DNM1L|C6orf120|SEPTIN2|DERL1|TPST1|MTMR2|ADORA2B|CHCHD3|TFG|TMA16|BHLHE40|TMCO3|UTP25|TGFBR3|DLG5|ATF3|COPB2
GSE15750_DAY6_VS_DAY10_EFF_CD8_TCELL_DN	0.179928208196231	0.630307467057101	-0.318082267376962	-1.12828017171424	1202	187	SLC26A11|TCN2|PLXNB2|CREBRF|ZNF76|LEAP2|UVSSA|P2RX4|DDB2|SPOUT1|GSDMD|UBA7|EPPK1|DYRK2|DBP|GTF3C1|CUL9|TEF|SGSH|MIGA2|PPCDC|SFI1|RIGI|APOBR|HS6ST1|CAMKK1|PIK3IP1|PGS1|NPFF|USP19|DVL1|TRMT1|FBXW4|ENDOG|CPNE7|CLCN6|ENTPD6|ZNF263|MGRN1|SLC35E3|MNX1|ARFRP1|MBOAT7
KAAB_FAILED_HEART_VENTRICLE_DN	0.180052038161318	0.630307467057101	-0.428679415055802	-1.20356866133713	1037	38	CD14|IFITM1|LPCAT4|IFITM2|TUBA3E|ABCB6|IFITM3|CSRP2|ISG15|TSC22D1|TMEM147|IFNGR1|DEXI|ATP5MC1|TUBA3C|EBP
KRIEG_HYPOXIA_VIA_KDM3A	0.180085106382979	0.630307467057101	-0.40358723972233	-1.18729801543926	1057	49	CXCL1|GDF15|LAMB3|PIK3IP1|SERPINE1|SELENOH|ZC3H12A|NECAP2|SLC7A1|JUNB|KIF2C|EBP|PIMREG|NFKBIE|STEAP3
PID_AMB2_NEUTROPHILS_PATHWAY	0.180066561569452	0.630307467057101	-0.441455975584818	-1.20474148315156	1027	33	PLAT|PRKCZ|MST1R|AGER|ICAM1|FYN
REACTOME_TRAF6_MEDIATED_INDUCTION_OF_TAK1_COMPLEX_WITHIN_TLR4_COMPLEX	0.1800878477306	0.630307467057101	-0.545910628829393	-1.24668648217953	983	15	CD14|UBA52|UBB|TAB1
WP_GNAQ_PATHWAYS_IN_PORTWINE_STAIN	0.179856115107914	0.630307467057101	0.490222154341429	1.22950247646297	799	19	PDK1|GNAQ|PIK3CA|MAPK1|RHOA
GSE20366_EX_VIVO_VS_HOMEOSTATIC_CONVERSION_NAIVE_CD4_TCELL_UP	0.1806684733514	0.631607983928895	0.291225580082966	1.10024497261814	599	183	SETDB2|PDK1|HIC1|PGGT1B|LGALS8|RBAK|BCLAF3|CBX7|CLK1|NKRF|PPP3CB|GCC2|HOMER1|BRIX1|P2RX7|TMEM140|ZNF790|GFI1|GPR183|RUNDC3B|TRIM24|FLCN|DCAF17|CRBN|HERPUD1|ZDHHC20|PDE11A|MOSMO|TDP2|TGFBR1|DOCK11|ZMYM5|KCTD9|ZNF566|IL17RE|ZBTB25|TUBGCP4|INPP5B|EFL1|SPG11|SFXN2|KIAA1191|MTIF2|RAB6B|OSBPL3|AP4E1|PAPOLG|NUP155|ERCC6L2|MYCBP2|LATS1|TTC27|FDFT1|GIN1|ICE2|HNRNPA2B1|ANXA7|TCAIM|INPP1|MSMO1|FKBP15|OGA|ZUP1
GSE9960_HEALTHY_VS_GRAM_POS_SEPSIS_PBMC_DN	0.180597014925373	0.631607983928895	0.293944952859317	1.1047973767943	604	176	SAMD9|DPYSL2|SLC10A7|ENTHD1|IFIH1|HYKK|MMP14|CCL5|ACOX3|TCF7|CEP20|DNTTIP2|NBN|RBMXL1|EAF1|CD80|PNPT1|DUSP22|H2BC21|ETV3|TNFSF13B|ZWILCH|CYP27B1|IFRD1|SRGAP2C|RSAD2|SLAMF7|ENSG00000237870|CD274|C1S|JAK3|APOO|PCGF5|PIWIL4|PPM1K|NET1|TRAFD1|PFN1|TNPO1|MPHOSPH10|NCS1|NDE1|H2BC8|ITCH|BHLHE40|STX17|BTG1|OTUD4|VAPB|RAB35|ST7-AS1|CDS2
GU_PDEF_TARGETS_UP	0.180774032459426	0.631607983928895	0.35754826234324	1.1615655133097	723	64	PLCE1|FZD8|CDH18|SERPINI1|HIF1A|SMAD4|SMAD2|COL4A5|DOCK10|TGFBI|DKK3|PIK3C3|WIPF1|FZD4|PTK2|MAPK9|LAMB2
NAKAMURA_CANCER_MICROENVIRONMENT_UP	0.180744452397996	0.631607983928895	-0.499260451186567	-1.23491919485856	1009	21	COL1A1|APOE|NDUFA6-DT|SEMA4C|ZBTB20|RHOB|COL1A2|PRSS2
VERRECCHIA_RESPONSE_TO_TGFB1_C5	0.18058568329718	0.631607983928895	-0.526711970065402	-1.24218961800784	998	17	ITGA4|SEMA3F|TNFRSF1A|FGD1|ARHGAP1|ITGA5
BIOCARTA_INTRINSIC_PATHWAY	0.181022880215343	0.632257366597639	0.497875122171273	1.23313513284802	806	18	PROS1|COL4A5|F5
PID_S1P_S1P1_PATHWAY	0.181247196052041	0.632676300165134	0.497665115452609	1.23261498903808	807	18	GNAI3|PDGFB|MAPK1|S1PR1|RHOA
RODRIGUES_THYROID_CARCINOMA_DN	0.181268882175227	0.632676300165134	0.34992465396727	1.15397692355745	719	70	SAMD9|CD44|RNF217|NABP1|TAB2|TSC22D2|UGCG|SYTL2|ANKRD28|DUSP10|ZNF160|MORF4L2|UBXN7|NAA50|NAMPT|S100A10|ZMYM2|PLCB1|RSF1|ERCC6L2|TM2D1|CDK6|PAX8
PURBEY_TARGETS_OF_CTBP1_NOT_SATB1_DN	0.18139367816092	0.632891811393573	0.265450820089329	1.07340349012178	504	346	DISP1|PRR4|ADTRP|CD69|FGF5|ATXN7|ZNF26|CPVL|ANKRD13C|SESN3|RYR1|LEMD3|RMI1|RNF139|VBP1|IMPACT|DERA|BNIP3L|DDX19B|RCHY1|PPP1CC|ARL8B|NEK9|SRP19|PARP11|DCTN4|CDCA7|TNFSF13B|CHPT1|C18orf32|ETV5|PROS1|PDE8A|NDC80|WBP4|KPNA2|SAGE1|AP3S1|ZNF814|TMEM106C|MAPK1|MAGEA4|HNRNPA1P16|WWTR1|DDX43|DKK3|AP3B2|JAK3|SLIT1|SLC25A36|KCNK1|ATP5F1B|DYRK1A|PRR16|PLS1|CKMT1A|TCAF1|VRK2|NAA25|SOAT1|GTF2E1|RRM2|ITM2A|EIF5B|ARHGEF12|HBS1L|CRIPT|ATE1|S100A10|COQ3|WSB1|KBTBD6|SEPHS1|GDE1|STMN1|VDR|RNF14|SNAPC5|SHB|DSCC1|KIF14|ITM2B|SEC23IP|OGFOD2|CYB5B|ZNF236|PHIP|ADGRV1|ACAT2|UBE4B|ASXL2|WBP11|DDX20|DSTN|AKIRIN2|GPR161|GHITM|SPOP|ACOT13|NEB|KPNA1|SCN9A
ACEVEDO_LIVER_CANCER_WITH_H3K9ME3_DN	0.181529168653632	0.633033703717376	-0.347555258083528	-1.15180852474386	1141	106	H2AC13|H4C4|H2AC8|DYSF|H2AC11|H2AC15|H4C11|PTPDC1|H4C3|PTH2|H2AC16|LINC01551|PIWIL1|ANXA2R|AHCYL2|H4C14|CFHR3|H4C2
GSE21033_3H_VS_12H_POLYIC_STIM_DC_DN	0.181875792141952	0.633033703717376	-0.344522245324658	-1.1476279825917	1147	110	TGFB1I1|IGF1R|RASGRP3|TMEM25|CASTOR1|PDCD1|DNAI7|DSC3|RSPH9|PILRA|TMEM8B|C5AR1|MAD1L1|MMP15|MIB2|DHRS3|NAT14|BLVRB|LMLN|MRPS11|TMEM214|HSPA1A|MRPL17|PRRG2|PITPNM1
GSE26156_DOUBLE_POSITIVE_VS_CD4_SINGLE_POSITIVE_THYMOCYTE_UP	0.181845371616569	0.633033703717376	-0.31758387570968	-1.12614976242867	1215	185	TPM2|PCNX1|CCR7|TSC22D3|CYFIP2|IL11RA|PLA2G6|ENC1|RPL28|MT2A|RPS28|RPS20|IFITM1|RPS29|BTN3A1|UBA7|TRIO|CASQ2|LGALS3BP|PIK3IP1|NME3|OS9|RBM38|EPHB6|MAD1L1|MZF1|NLRP1|RPL38|SORBS3|PPP6R2|JUNB|PPARD|SGK1|CLSTN1|RPS23|PER1|RPL10|EXTL3|HDAC5
NAKAYA_B_CELL_FLUARIX_FLUVIRIN_AGE_18_50YO_7DY_UP	0.181818181818182	0.633033703717376	0.265323917092957	1.07300473987476	507	345	STK38L|ANKMY1|PELI2|CCNG2|CD36|KIN|RNF11|CCNG1|DET1|MBNL2|ATP6AP2|ITFG1|LTN1|CNIH1|COPS8|HDAC2|NCOA4|PTPN2|TAF9B|NFYA|MT1X|RANBP2|SMAD2|ARF4|NAB1|YWHAQ|WSB2|NDC80|ERP44|AGPS|RANBP9|RAP2A|ZNF32|SIGLEC6|IL6R|SLAMF7|IFIT1|SGCB|TIGAR|PLXNC1|SLC35D1|EIF4E|NFYB|SLC20A1|TENT5A|RRM2|COPS5|ETFDH|ZNF451|AASDHPPT|RHEB|CPNE3|PPFIBP1|BAZ1A|EIF2S1|BECN1|KCTD9|C10orf88|DECR1|DNM1L|TASOR|RPRD1A|ZNF117|TOR1B|NET1|SPTSSA|KIDINS220|PSMA6|PEX5|THOC7|QKI|SNAPC5|PAK1IP1|PGAP3|GART|CLCN3|IPO5|MAK16|PPP2CA|AIMP1|GPD1L|RCN2|ZNF236|RPF1|GALNT10|DENND4A|PSMD14|TIMM17A|NEMP1|ITCH|GYG1|FUCA1|FABP5|FUBP3|MED8|OTUD4|PAICS|PTPN9|NUP50|GOLGB1|RIOK3|BLMH|ATP6V1C1|COPB2|WASHC2A|NPRL2|NUP58|SERPINB1|GTF2H5|TOP1|PAIP1|CCNB1IP1|WAPL|AMPD3|USP4|FEN1|TERF1|SEC31A|TM7SF3|UBE2B|MIR22HG|ST13|RPS6KC1|PRKCD|POLR2M
REACTOME_GASTRULATION	0.181670281995662	0.633033703717376	0.322377872296697	1.1315686414014	669	105	FOXA1|KAT2B|TCF7|PSMC6|PSMC1|PSMD5|FOXA2|SMAD4|SMAD2|PSMA1|PSMA4|PSMD6|HES7|POU3F1|LFNG|PAX7|MAMLD1|FGFR1|GATA6|GATA4|FOXC2|RBPJ|ZNF521|MYB|SNW1|PSMD10|PSMA2|PSMA6|MAML2|PSMC2|CTNNB1|PSMD14|PSMD11|PSMC5|PAX6|PAX8|TRIM33|EP300
SOBOLEV_PBMC_PANDEMRIX_AGE_18_64YO_HIGH_VS_LOW_RESPONDERS_MEDIUM_HIGH_ADVERSE_EVENTS_SCORE_1DY_CORRELATED_WITH_TRANSITIONAL_B_CELLS_UP	0.181702437249909	0.633033703717376	-0.537289648794053	-1.24678969251039	998	16	CD19|VMO1|P2RX5
WP_OXYSTEROLS_DERIVED_FROM_CHOLESTEROL	0.181596799443381	0.633033703717376	-0.433544362473962	-1.20484388580381	1043	36	SULT2B1|IL17B|DBP|LBP|ESR1|IL17D
REACTOME_FCGR3A_MEDIATED_IL10_SYNTHESIS	0.182202394928387	0.63395065521357	0.409391633293947	1.18580544061883	775	35	CD3G|SRC|YES1|PRKAR1A
KOHOUTEK_CCNT2_TARGETS	0.182397519807096	0.634409668684557	-0.41952090232036	-1.19525721075061	1058	41	SP5|CRLF1|RETSAT|MLXIPL|TEX19|RNASEH2C|SNX30|NPHS1|DCXR|TRMT1|FLYWCH2
SESTO_RESPONSE_TO_UV_C0	0.18250336473755	0.634557940850548	0.325100416838084	1.13561640704796	677	102	PRNP|COPS2|DNTTIP2|TFPI2|EIF4G2|PPP1CC|PSMA4|HSPH1|NCBP2|SP3|KPNA2|WTAP|TCP1|PSMD6|H3-3A|HNRNPH2|DAZAP2|RIT1|CNBP|UBE2V2|EIF2S1|CITED2|ANXA1|GTF2B|TAF9|PCNA|YWHAH|TRAM1|TFRC|PNP|POLR2K|ZFP36|PSMA3|KPNA4|HCCS|TPMT|BAG1|BPGM|PPIF|EIF5|CTR9|TAF7|BAMBI|TUBA1A|DNAJA1|SET|CDK7
FRANCO_BLOOD_SANOFI_PASTEUR_SA_INACTIVATED_INFLUENZA_VACCINE_CORRELATED_WITH_ANTIBODY_RESPONSE_AGE_18_40YO_14DY_NEGATIVE	0.182718271827183	0.634947769504029	0.467001550888256	1.21734939117556	811	22	PTPN6|DNASE1L1|ZNF146|NEXN|BDKRB1|TIPRL|ITPRIPL2
PID_ARF6_TRAFFICKING_PATHWAY	0.182741991043748	0.634947769504029	-0.419383687144096	-1.1948662709239	1060	41	SLC2A4|ITGA4|MAPK8IP3|ACAP1|ITGA7|BIN1|PLD2|ITGB1|ITGAV|ITGA5
GSE24142_EARLY_THYMIC_PROGENITOR_VS_DN3_THYMOCYTE_FETAL_UP	0.182805429864253	0.634948410026774	0.293124057233307	1.1026144836948	605	178	MEIS1|TTC39B|TCEAL1|NLGN2|CD44|FCGR2B|TGFBR2|DOK2|UAP1L1|IL10RB|IL18R1|NCOA4|GLUD1|DOCK7|FASTKD1|MEF2C|HYCC1|ABCE1|THNSL1|PSMA1|SYPL1|PROCR|ADD3|SCCPDH|TRIM13|ARL1|ORC2|TTC39C|OTULINL|S1PR1|PLA2G4A|KIT|HLA-C|SKAP2|ASNSD1|NIPSNAP3A|C1orf54|ESAM|THOC1|FH|FBXO33|SEPTIN2|NDN|ANXA1|CD93|GGH|VAMP3|FAM111A|MPHOSPH10|PLSCR1|SPRED1|NFU1|IDE|SLC4A1AP
GSE27786_LIN_NEG_VS_MONO_MAC_UP	0.183094384707288	0.635117124836219	0.287893735513443	1.09712977985996	612	192	PDK1|ABITRAM|MNS1|STRAP|TMEM191C|MTREX|RSL24D1|LRBA|PI4K2B|ORC4|THNSL1|PSMA4|ETNK1|PUS3|SACS|RDX|NCBP2|GINS1|TCF12|PIAS2|EARS2|NLK|MED13|CFAP418|MAPK1|COPS3|TRMT10B|CD96|ART4|CMTM7|GNPDA2|INSIG1|KLHDC2|MED23|FXR1|IFT74|ZNF799|ESAM|SUPV3L1|TMEM70|CHD9|BORA|FAM241B|PRR3|TOGARAM1|HMG20A|HMGN3|NEK2|ARL4A|BCLAF1|DCUN1D1|ZC3H15|IPO11|MPHOSPH6|NPEPL1|SEPTIN8|LTV1|ECD|TTC27|POLR3G|EIF2D|ARID1B|DRG1|BTG3|RMND1|USP15|PSMA3|KDM1A|DNAJC21|KCNQ1OT1
GSE40225_WT_VS_RIP_B7X_DIABETIC_MOUSE_PANCREATIC_CD8_TCELL_UP	0.182967198314776	0.635117124836219	0.290503209000669	1.09891450232239	607	184	DISP1|PTPN6|TTC21A|MSL2|TRMT2B|SESN3|KCNG1|WDR5B|PTGS1|ZNF468|FMNL3|CHPT1|PLEKHF2|FCRLA|DENND4C|PDE8A|ESD|OSTF1|CHIC1|TAPT1-AS1|JAK3|LAT2|BACH2|ZSCAN29|CTNND1|ZNF300|DOCK11|ZDHHC2|SMC6|AP4S1|CYBB|RB1|BRAF|PUM2|TMED8|PUM1|HNRNPA1|BMP2K|PLSCR1|RABGAP1|PSIP1|TRAK2|UTP25|FCHSD2|PHKA2|FBXO11|SENP7|DOCK2|RNF130|RNASEH2B|CCNY|SP4|GALNT7|USP44|EPG5|ZC3HAV1|OGA|PARP14|MIR600HG|AMPD3|SNRK|NSD3|VPS13C
GSE9988_ANTI_TREM1_AND_LPS_VS_VEHICLE_TREATED_MONOCYTES_UP	0.183107088989442	0.635117124836219	0.292936727467972	1.10190982466942	606	178	TSLP|CXCL8|ADTRP|HECW2|SLC9B2|UBTD2|KDM7A-DT|EIF2AK3|EGLN3|DTL|CKS2|PLD1|P2RY1|CCRL2|EGR1|MAPK6|SPRY2|FBXO30|SNAPC1|FNIP2|GCLM|SIAH2|SLC38A2|HOMER1|PLPP3|RRAD|S1PR3|SPP1|CD274|SGMS2|RIT1|ANKRD28|INSIG1|OSGIN2|USP53|ARL5B|TUBE1|CDK1
WINNEPENNINCKX_MELANOMA_METASTASIS_DN	0.183027121609799	0.635117124836219	-0.438147206856478	-1.20322426619306	1045	34	FGD3|DHRS1|GABPB1-IT1|EMX2OS|ST6GALNAC6|PIK3IP1|SPINT2|CST3
GSE43863_NAIVE_VS_MEMORY_TH1_CD4_TCELL_D150_LCMV_UP	0.183307573415765	0.635422337275251	-0.329407920144183	-1.13363767642392	1185	143	ZNF341|ELOVL3|IFI30|ENC1|CIITA|APOL1|ZNF554|PSMB9|C5|TSSK3|TAP1|CILP|DNAAF1|ARL9|SRCIN1|RIGI|APOL6|THEMIS2|OFCC1|GBP2|RPS10P7|SP100|ISG15|SP110|LPIN2
REACTOME_COOPERATION_OF_PDCL_PHLP1_AND_TRIC_CCT_IN_G_PROTEIN_BETA_FOLDING	0.183321686466341	0.635422337275251	0.415632142285209	1.18867697196886	786	33	CCT6B|GNG12|GNB4|GNAQ|CCT8|RGS9|TCP1|GNG10|CCT4
BAKKER_FOXO3_TARGETS_UP	0.183508686077808	0.635449074492166	0.371478399272268	1.16999453208264	749	54	CCNG2|RGS2|SFT2D2|TP53INP1|C5orf63|PGGT1B|PNPLA6|C5orf34|XPO7|RBL2|CHIC1|CR2|KIT|CDKN1B|CITED2|TMX1|ASAH1|DSTN|BTG1|PGM2L1|ZUP1|GUCD1|GNAI2|CPEB4|ATP7A
GSE360_CTRL_VS_L_MAJOR_DC_DN	0.183459787556904	0.635449074492166	-0.321454977799835	-1.12711010381113	1208	170	ADAM19|POU2F2|CCR7|TYMP|LAMB1|LYPD3|MT2A|PSMB9|MAG|TAP1|FLT3LG|HLA-DOB|APBA3|IFI35|PPARG|IER3|ZMYND10|HSPB1|P2RX5|MIF|TIMP1|CAMTA1|TRPM1|GAL|TAF6L|IRS2|IFITM3|THBD|SLC25A16|WDR13|BMP1|IL23A|CTSL|UCP2|ITGAV|G0S2|RTL8C|RGS12|ID2|SYMPK|VAC14|MEF2D|SMURF2|CASC3
NABA_MATRISOME_PRIMARY_METASTATIC_COLORECTAL_TUMOR	0.183519313304721	0.635449074492166	-0.413352907824333	-1.19107551785035	1068	44	PLXNB2|SVEP1|PLOD1|MMP1|HCFC1|TIMP1|PLOD3|P3H1|MMRN2|AGRN|MFGE8|S100A16|SERPINF1|CLEC11A|PAPLN
REACTOME_DISASSEMBLY_OF_THE_DESTRUCTION_COMPLEX_AND_RECRUITMENT_OF_AXIN_TO_THE_MEMBRANE	0.183673469387755	0.63576354679803	0.429531485966303	1.19484139665455	791	29	LRP6|PPP2R5E|FZD2|APC|CTNNB1|PPP2CA|PPP2R5C|PPP2R1B|DVL3|AMER1|FZD5
GSE17301_CTRL_VS_48H_ACD3_ACD28_STIM_CD8_TCELL_UP	0.183985605038237	0.636185843394357	-0.319157572327996	-1.12646556341756	1226	177	PCNX1|TBC1D1|DYSF|H2AC15|SPON2|MGAT4A|SCN5A|FNDC11|LPCAT4|NDUFA3|METRN|ADGRE5|TRPV2|RABAC1|ATP1A3|IRS1|DCHS1|RPL18|TMCO6|CABIN1|BCL6|YPEL1|DCXR|PRF1|HSD17B7|MED24|ARID3B|RETREG2|TSPOAP1|APBB3|SLC66A2|XPO6
PATEL_SKIN_OF_BODY_ZOSTAVAX_AGE_70_93YO_VZV_CHALLENGE_6HR_TOP_30_DEG_UP	0.183926521239954	0.636185843394357	0.454668921874524	1.20454530463233	800	24	CXCL8|CCL2|IL1RL1|PTX3
REACTOME_CYCLIN_A_B1_B2_ASSOCIATED_EVENTS_DURING_G2_M_TRANSITION	0.183926521239954	0.636185843394357	0.4549024563361	1.20516400282265	800	24	CCNA2|CCNB1|CCNH|CDK1|CDK2|PPP2CA|WEE1|PPP2R1B|CDC25C|CCNB2|MNAT1|XPO1|FOXM1|CDK7|PLK1|CDC25A|PPP2R2A|CDC25B
YAGI_AML_RELAPSE_PROGNOSIS	0.184076990376203	0.636282654750801	-0.437656915874196	-1.20187784654655	1051	34	CD14|TYMP|HOMER3|APLP2|GRIK5|TSPO
NAKAYA_MYELOID_DENDRITIC_CELL_FLUARIX_FLUVIRIN_AGE_18_50YO_7DY_UP	0.184319638145496	0.636902074941303	0.263397801489743	1.07180242287623	488	382	STK38L|ZNF225|ST8SIA4|HSPBAP1|ANKHD1-EIF4EBP3|CCNG2|IFIH1|SULT1A4|SLC33A1|LEMD3|ZBTB22|ZNF410|PKD2|SOCS6|KPNA3|XRCC4|GNAI3|COPS8|ALG13|NBN|GNAQ|CPD|BCAP29|RHOT1|RALGAPB|LANCL1|RCHY1|RFX5|PLEKHA5|TNFAIP8|TSC22D2|ANKHD1|WASHC4|TWF1|POLA1|CCP110|FNTA|FAM13B|ERP44|ZDHHC6|TCP1|RANBP9|RAP2A|ZXDB|ACOT11|FPR3|SLC4A3|PLA2G4C|DCAKD|FOXP1|MCTS1|EXOSC9|TRIAP1|SLC30A1|VDAC1|OSGIN2|TMED5|TENT5A|VWA5A|CTNND1|ACSL1|RAP2C|PHTF2|CREG1|SOAT1|UBQLN2|SCAPER|AHCTF1|MTRR|AASDHPPT|SPNS1|MED7|SAMD4A|RABGAP1L|ACLY|EIF2S1|ZCCHC10|C10orf88|DEPDC5|WSB1|PRPF39|ELOVL5|SEPHS1|LMBRD1|SLF2|SAP25|CITED2|GOLT1B|SECISBP2L|RO60|TIA1|PUM2|RPA2|CLPX|NCK1|ARL4A|PSME4|MAPK14|ATR|MTMR2|RBM25|OPN3|CEP57|CYB5B|PHIP|BRWD1|SSBP1|ASXL2|PARP4|OSBPL3|AMFR|SMC4|GTF2H1|ATP6V1B2|FDFT1|TRAPPC11|BTG1|TRAK2|OTUD4|HSPA9|PTPN9|NUP50|RIOK3|SUN1|ATF3|TRIM33|FIP1L1|PKNOX1|N4BP2L2|SPTLC1|NUP58|MAP1LC3B|FKBP15|FKBP11|STK38|UBE2K|TTLL5|TFIP11|BTAF1|CSE1L|SRSF10|ATP7A|USP4|RAD17
GSE3982_EOSINOPHIL_VS_NEUTROPHIL_UP	0.184439771703214	0.637097876241178	0.29151860069894	1.09891144298874	613	180	MEX3C|KLRF1|DOK2|ITGB3BP|HAT1|H2AC17|CD164|PEX3|SIAH1|GOLGA8B|CRNKL1|TCF12|NUP37|COIL|TRMT1L|CCNC|DOCK10|S1PR1|KIT|RPS6KA2|APPBP2|FASTKD3|CSRP1|NUP205|MTCP1|INPP5F|SSB|COPS5|PIGH|EIF5B|TARS1|BFAR|CLTC|C17orf75|MRPS30|GOLT1B|ANXA1|CLNS1A|API5|CFDP1|ZNF460|SEC62|NUP155|DDX21|EIF4B|FUCA1|CLASP2|NUP50|LYRM2|COMMD3|TRAPPC13|PHF10|WDR3|ZC3H14|MAIP1|POLR3C|SSX2IP|RAP1GDS1|NFX1|NEK4|NUDT4|DROSHA|SMC5|YTHDC2|HARS2|TPMT|ZCCHC24|RPS4X|ARL2|GPN1
REACTOME_PI_METABOLISM	0.184547115635604	0.63724937968703	0.341513830914822	1.14258759001296	706	78	MTMR6|PIK3C2A|PIK3CA|PNPLA6|BMX|PI4K2B|PLEKHA5|PNPLA7|TNFAIP8|PIKFYVE|INPP5K|OCRL|TPTE|INPP4B|MTMR12|RAB5A|PIP5K1B|PIK3C3|INPP5F|PLEKHA8|MTMR4|PIK3CG|GDE1|SACM1L|PTEN|MTMR2|RAB14
GSE14769_20MIN_VS_360MIN_LPS_BMDM_DN	0.184615384615385	0.637265897788594	0.294606312270096	1.10568153353146	623	173	AIM2|MSL2|GNA13|TNFSF4|SELENOT|C5orf15|SWT1|GCC1|CAPZA2|TP63|MACIR|KIF3C|PROCR|ZDHHC21|BCL9|ASS1|TRMT1L|HNRNPH2|FCER1G|GJC1|TTC39C|SGCB|JAK3|TXNDC9|CHAC2|CRBN|RBL1|TMED5|SRP72|SBNO1|WAC|PPFIBP1|PTPN12|TMEM68|KMT2E|HECTD1|MOV10L1|BRWD3|LPCAT2|MRPL3|ASTN1|PIAS1|SYF2|PSMD11|VPS37A|DLD|SPOP|RAB10|RLIM|GDAP2|HSPA5|MAFF|B4GALT3|POLR3C|ARG2|SOS1|CWC27|TCEA1|KPNA4|SRFBP1
GSE29164_UNTREATED_VS_CD8_TCELL_TREATED_MELANOMA_DAY3_DN	0.184985793330342	0.638324989154341	-0.318776859082391	-1.12635253815986	1236	178	IL21R|POU2F2|ACKR1|TYROBP|BCAS1|AKAP13|ABCA7|HDAC10|L1CAM|RPLP2|MAPK11|SLC29A1|RGS3|DGKD|DBP|IFT140|CYBA|NAPSA|DNAJC22|BCL3|RBM38|TSPAN9|CSGALNACT2|KCNK6|FILIP1L|CTSD|SHISA5|AFDN|SIX5|CDCP1|B4GALNT1|SIDT2|MADD|ARHGAP6
GSE18804_SPLEEN_MACROPHAGE_VS_COLON_TUMORAL_MACROPHAGE_UP	0.185185185185185	0.638573991373717	-0.318984870865812	-1.12585601419558	1234	177	RAB4B|FARP1|TRAPPC6A|ELOVL3|IFI30|QSOX1|XAB2|GPR176|LPCAT3|SH3BP2|COL1A1|APOE|SRD5A3|SERPINH1|COL6A1|CIB1|RND1|SDF2L1|PTK2B|P3H1|ARHGAP26|PXMP4|DCT|MAP4K1|ACSBG1|SEMA4C|TRMT1|LPIN2|NECAP2|SPN|CERS4|B4GALNT1|PAQR7|UCP2|CERS5|GPAA1|TAPBP|NUDT17|NMRAL1|MBOAT7|INPP5D|CYBC1|ARHGEF1|RCN1|RNASE1|CKLF|RPS11|MED11|CCDC137|SREBF2
GSE27291_0H_VS_7D_STIM_GAMMADELTA_TCELL_UP	0.185174333430999	0.638573991373717	0.297505169297845	1.10870598641911	631	165	MLYCD|PITRM1-AS1|FAM135A|GNA13|SLC22A4|DNAJC6|NCOA2|USP38|NPL|DCBLD1|UBA6|VPS54|DUSP22|KNL1|ATG2B|LYSMD3|ZFYVE16|RELN|ARL1|ICA1L|ZBTB16|PERP|GPNMB|GOLGA4|BTBD10|WIPF1|ZNF700|ETFDH|WIPI1|RAPH1|BUB1|CHD9|CACUL1|FBXO28|PWWP2A|MON2|ABHD5|NRF1|NCK1|CCDC90B|PSME4|FBXW11|BMP2K|DENND4A|S100PBP|ZNF148|H4C8|ZZEF1|ESCO1|TCEANC|BTG3|MTMR9|MAFF|CUL4A|SLC35B1|SLC35F5|TBC1D12|OSBPL2|FOSL2|GPATCH8|SRRM2-AS1|MIR22HG|DHX36|TERF2IP
CROONQUIST_NRAS_SIGNALING_UP	0.185453695042095	0.63885350573361	0.425287632271961	1.18971226854011	792	30	ST8SIA4|CCL5|CCL4|SDCBP|RP2|GPNMB|NRAS|CYBB
GOLDRATH_IMMUNE_MEMORY	0.185513673318551	0.63885350573361	0.360877473703667	1.16299692035447	752	61	PRNP|KCTD12|IL10RB|POU6F1|RRM2B|ANGPTL4|RNF138|PLEKHA5|CHPT1|SORBS1|PROS1|PDE8A|RECK|FCGRT|NCKAP1|SOS2|IL10RA|ZMAT3|ABCB1|VRK1|CYP4V2|MYC
GROSS_HYPOXIA_VIA_HIF1A_DN	0.186084142394822	0.63885350573361	0.326575383091621	1.13292559898778	689	98	DEPP1|CCN1|INSIG2|POU6F1|CPD|KLF10|PFKFB3|SPRY2|SKIL|LMO7|LHX9|ACER3|SAMSN1|HBEGF|EIF1B|SOAT1|CMC4|GBE1|TIAM2|SHB|CAPN1|BHLHE40|LNPEP|PNRC1|BNIP3|PRDX5|IL18|ZFP36|SSX2IP|HIGD1A|ATP7A|GZF1|FOXG1|NPEPPS|RPS6KA5|SETX|ME2|GAPDH
GSE3039_NKT_CELL_VS_ALPHABETA_CD8_TCELL_DN	0.185539288915447	0.63885350573361	0.287158453831913	1.0930602609069	620	191	ST8SIA4|ARRDC3|CREBL2|SELENOT|DUSP19|SCOC|KPNA3|RNF138|CCT8|AASDH|CD80|ORC4|TMEM168|LRP6|CAPN2|WASHC4|DCAF13|SH2D1B|ERP44|SLC39A1|MRPS22|IL6R|LFNG|RUNDC3B|BEX3|MAGT1|GTF2H2|MRPS31|NATD1|SLC25A3|HERPUD1|PANK1|YTHDF2|NFATC2|GRK5|DDX18|KCTD6|SOAT1|PHLPP2|CCT4|ACBD5|EIF3J|PWWP2A|RPL4|SUB1|TUT4|C2orf88|MAK16|MRPS33|IL13RA1|RPF1|BMP2K|GLT8D1
GSE3039_NKT_CELL_VS_B1_BCELL_UP	0.185808779314492	0.63885350573361	-0.318956297650296	-1.12450240614602	1235	176	ADAM19|MAPK13|ZNF76|BMP8B|MINDY1|PBXIP1|TBKBP1|B3GNT8|LYPLA2|ARHGAP45|DENND1C|RP1|TSPAN10|TXNL4B|TMCO6|ATP2A3|SLC6A13|CDIPTOSP|GPR146|FHIP2B|TRADD|BIN3|KCNJ11|GPSM3|HDAC7|TSC22D4|WDR83OS|PHRF1|SLC66A2|SNX11|ID1|PTCD1|KLF13|HSD17B1|DLL3|SAMD9L|RNF24|ATP6V0A1|SYS1|ITGA5|CKLF|TMUB2|MED11|CCNO|S100A6|SEMA4B|CDC42EP3|GPN2|LEMD2|ARAP1|ZNF808|ZNF646|KMT2D|S100A13
GSE36009_WT_VS_NLRP10_KO_DC_UP	0.185709978896593	0.63885350573361	0.291157851215444	1.09794960332908	615	181	ZC2HC1A|FEM1C|PRNP|NKIRAS1|SESN3|KAT2B|PUS10|CDS1|USP25|NABP1|MARCHF5|L3MBTL3|GCNT2|PARP11|PPIP5K2|ARHGAP11A|CRLF3|PSMA4|SPRY2|ARF4|STARD3NL|PROS1|CWC22|TAPBPL|PMFBP1|SLAMF7|PLA2G4A|SLC30A1|TCEANC2|SERTAD1|RBL1|UBE2E1|SOCS2|PPHLN1|IL10RA|TLR5|CARD6|NAMPT|ASCC3|PDE7A|MINPP1|TMEM243|SDAD1|CHMP5|NMI|NSMAF|NIPA2|WRN|PLAAT3|TIPARP|AMER1|ETV6|SYNJ1|ATF3|ETV1|DOCK8|INPP1|NUDT9|IL18|SLC35F5|KYAT3|MORC3|KIAA0040|PRKX|RAB9A
GSE4984_UNTREATED_VS_GALECTIN1_TREATED_DC_DN	0.185624134215792	0.63885350573361	-0.325877217854978	-1.13142453134646	1205	156	PBX4|SPIB|EPM2A|ABCB4|PIK3C2B|HLA-DOB|TSPYL2|RTTN|GAS5|EEIG1|PLSCR3|CD19|TCL1A|CD48|CXXC1|NOP2|P2RX5|LINC00926|ARHGEF10|TMEM161A|ID3|DGKA|TRAP1|ZBTB5|SUSD3|CENPV|FLNB|RPSA|PLPP5|DPH2|RPL3|BCL7A|NOC4L|CHMP7|SPTBN1|RPS5|DENND5B|TRAF5|EIF3K|USP11|RPS14|PKIG|SLC16A1|HAX1|ZSCAN22|DDR1|UQCC1
GSE9878_CTRL_VS_EBF_TRANSDUCED_PAX5_KO_PRO_BCELL_DN	0.186081242532855	0.63885350573361	0.286989087990002	1.0936822726175	622	192	SLAMF6|FOXO1|DDIAS|CCNE2|HVCN1|EIF2AK3|HSDL2|TMCC1|CLDND1|PDE3B|KIF18A|RARS1|ZNF518B|MAP3K1|KIF11|MYCBP|SRP19|MTHFD2|ARHGAP11A|CIP2A|SACS|PLEKHF2|NUP107|FCRLA|ECT2|RRAS2|NKRF|PLXND1|VAPA|GTF2H2|NFYB|TRIAP1|CPSF2|PPHLN1|THOC1|DBF4|BUB1|HSPD1|FAM3C|GSTCD|TRNT1|NEK2|GPD1L|MRS2|GARS1|ATAD5|SEC63|ITCH|ATL2|RAB35|ZBTB11|GPSM2|SUZ12|NUP58|YME1L1|CD82|DNAJC21|KIAA0040|PAIP1|WDHD1|KPNA4|FASTKD5|SRFBP1|ILF2|POU2F1|BRCA1|PTCD3|GPSM1|SNIP1|ADAM17|COX11|MAP3K4
HALLMARK_G2M_CHECKPOINT	0.185579555825981	0.63885350573361	0.286566824786511	1.09577036700068	609	199	MEIS1|TTK|EGF|CDC7|PLK4|CKS2|AMD1|TOP2A|HIF1A|FOXN3|PBK|KIF11|KIF20B|CCNA2|KNL1|SMC2|NDC80|KPNA2|NUSAP1|MAD2L1|CDC27|CASP8AP2|RAD23B|PDS5B|RBL1|HUS1|CDK1|KIF5B|TRA2B|DBF4|BUB1|KIF15|CDKN1B|MYC|STMN1|CUL3|RACGAP1|RPA2|MTF2|NEK2|MAPK14|CDKN3|STIL|RAD21|SRSF1|CUL5|WRN|SMC4|BUB3|LMNB1|CENPE|NUP50|DKC1|CCNB2|KPNB1|EXO1|CUL4A|SNRPD1|SFPQ|PRMT5|TOP1|KIF23|SRSF10|HSPA8|POLQ|NUP98|MNAT1|ODF2|RPS6KA5|XPO1|G3BP1|CDC6|CENPA|LBR|PML|CHEK1|BRCA2|CUL1|YTHDC1
REACTOME_INTERLEUKIN_6_FAMILY_SIGNALING	0.185858222382152	0.63885350573361	-0.490331619933496	-1.22268613818259	1032	22	IL11RA|OSMR|CRLF1|LIFR|CLCF1|IL6ST|SOCS3|TYK2
WANG_BARRETTS_ESOPHAGUS_DN	0.186093609360936	0.63885350573361	0.465076292627941	1.212330752658	826	22	ACTR3|GPNMB|ALDH9A1|NFE2L2|STK24|CUL3|LTA4H|SERPINB1|AQP3
XU_CREBBP_TARGETS_DN	0.186026200873362	0.63885350573361	-0.446447417954103	-1.20467946966952	1064	31	CCR7|CIITA|ADGRE5|ID3|TBC1D10A|DIAPH1|ERCC2|RELB|CASP9|ATP1A1|CYTH1|USE1|GSN
ZWANG_EGF_PERSISTENTLY_DN	0.185876761161093	0.63885350573361	-0.398494844322435	-1.18115885957391	1094	51	TNS2|MARCKS|EPB41L1|ANKH|HOOK2|NBEAL2|SLC2A9|RPP25L|ARHGEF10|SLC16A5|DNAJC17|CTC1|MACROD1
KUROZUMI_RESPONSE_TO_ONCOCYTIC_VIRUS	0.186176727909011	0.638920340085694	-0.443191514219548	-1.20190387294551	1063	32	CCR7|C3|IL15|IL2RG|IL1B|IL16|TNFRSF1B|IL6ST
ANDERSEN_CHOLANGIOCARCINOMA_CLASS1	0.186324786324786	0.63899152891295	0.371797089405098	1.16371955696226	762	52	TMEM156|PIEZO2|PTHLH|ABHD3|PALS2|CLDN9|NUAK2|LURAP1L|SLC4A3|HKDC1|SPP1|PTPN14
GSE17721_LPS_VS_GARDIQUIMOD_24H_BMDC_DN	0.18631293337353	0.63899152891295	0.288988741512213	1.09636863402484	617	188	AIF1|WDFY3|SELENOT|LTN1|PANK3|TMEM51|PLD1|MGAT2|PBK|RBMXL1|ITSN1|CRYBG3|STT3A|SMAD2|LRP6|LIPT2|SMC2|SLC44A1|HPRT1|FNTA|PICALM|FAM13B|KPNA2|EPS15|UTP11|SNX4|QNG1|FCER1G|SYT11|SLC4A4|ACSL4|SCFD1|TMEM38B|LAMTOR3|PHTF2|CDK1|B3GNT2|CASD1|SMC3|DNAJB11|RIOX2|HACD3|ATP2A2|PSMA6|STARD4|ANXA1|UBQLN1|ATP13A3|BNIP2|API5|OPN3|PRXL2A|ARCN1|KLHL7|MORF4L1|STARD7|ITCH|FARSB|EIF4B|CCT6A|NDC1|GPSM2|HSPA5|IL18|GORASP1|MRPS2|CSE1L|SMN1|SLC13A3|TFEB|TXNIP|YWHAB|RHOC|FTH1
REACTOME_LONG_TERM_POTENTIATION	0.186425339366516	0.639118017951191	0.478648718362381	1.21378879936975	823	20	DLG2|CAMK2B|SRC|GRIA2|DLG1|LRRC7
GSE15330_LYMPHOID_MULTIPOTENT_VS_MEGAKARYOCYTE_ERYTHROID_PROGENITOR_IKAROS_KO_DN	0.186590584878745	0.639466128717255	0.29935831004178	1.10962535170568	653	156	MYO1F|AIF1|CD44|CCL5|CCL4|RUNX2|CKS2|IL18R1|PHLDA1|AP1S2|CD80|SYPL1|CHPT1|CAPN2|DAPK2|AP3S1|RAP2A|NCALD|PERP|SLAMF7|TTC39C|SYTL2|BEX3|GNG10|CALM2|TCEAL9|ZDHHC2|MED7|CLIC4|CHSY1|KLRG1|S100A10|CWC15|ANXA1|RBM47|SUB1|RPA2|SMPDL3B|GGH|PLSCR1|PTPRJ|MPHOSPH6|OSBPL3|HTATIP2|GABARAPL1|DSTN|BHLHE40
HOSHIDA_LIVER_CANCER_SURVIVAL_DN	0.186759956942949	0.63982813917861	0.327465248282091	1.13377757798029	693	97	ZNF185|RAD52|ATP6AP2|NAAA|PTPN2|CCT8|ARF4|SC5D|GRK4|PROS1|ITPRID2|USP14|LIPC|C8B|SLC4A4|PIGK|ALDH9A1|CPOX|ANKRD46|RRM1|RLF|CREB1|SUCLG1|DAD1|ERCC5|EMD|PLAAT3|ADH5
GSE30083_SP3_VS_SP4_THYMOCYTE_UP	0.186884749356353	0.640037227580714	-0.32200518316087	-1.12763772403686	1233	166	VWCE|CROCC|RAB27B|PURG|APBB2|MARCKS|TIGD3|EVI5L|TNK2|SYNE3|ADM2|JMJD4|SYT7|VSIG4|GPC1|NYAP1|CAMKK1|MCAM|PKMYT1|TMEM255A|CXADR|NOTCH3|CAPN10|CCL24|SLC43A1|TJAP1|KCNE5|CTC1|CCDC61|MEX3A|PALM|ULBP1|ZNF354B|ID1|DYNC2I1|CTTN|ACVR2B|TUBB2B|GSK3B
SERVITJA_ISLET_HNF1A_TARGETS_DN	0.186981285598047	0.640149435481991	-0.366452951763588	-1.161451855576	1148	76	MSH5|TRPM2|IGF1R|MELTF|CBS|MLXIPL
GSE25088_IL4_VS_IL4_AND_ROSIGLITAZONE_STIM_STAT6_KO_MACROPHAGE_DAY10_UP	0.187123947051745	0.640389804897093	0.290678856385552	1.09729648614138	621	182	MYO1F|MPZL3|ZNF185|ATG16L2|LST1|CPVL|MS4A6A|MANSC1|NCOA2|RMI1|RUNX2|XRCC4|HIPK3|FAM174A|KDM7A|NAAA|GNAQ|EIF4E3|PAIP2|ZNF33A|MYCBP|SLF1|ADD3|RAB3D|WDR26|OSTF1|PCMTD1|MBOAT2|XKR8|TLR5|EXOC6|TMEM50A|CELF2|PRDX3|ZNG1A|MEGF9|SPTSSA|HYCC2|PHF3|C8orf88|PTEN|CAPZB|NDE1|STK4|PHF21A|NUP50|PHKA2|MBTD1|LTA4H|TMX4|BICD2|CCDC28A|KPNB1|CCNY|SLC37A3|MAP3K5|KIAA0040|GNAI2|ARHGAP25|TMEM164
WP_EPITHELIAL_TO_MESENCHYMAL_TRANSITION_IN_COLORECTAL_CANCER	0.187179088221565	0.640389804897093	-0.33164903535669	-1.1344373778592	1202	136	PAK1|WNT11|FZD9|LATS2|MAPK13|FZD7|CLDN7|GDF15|MAPK11|MAPK12|TWIST1|CLDN6|WNT3|TGFB3|CLDN12|JAG2|AKT3|NOTCH3|CLDN11|FZD3|MMP15|DLK1|ID1|AKT2|DLL3|ID2|GSK3B|WNT5B|MEF2D|ITGA5
GSE43955_TH0_VS_TGFB_IL6_TH17_ACT_CD4_TCELL_20H_DN	0.187378495588455	0.640417207598541	-0.318130716802334	-1.12406948662579	1252	178	RAB4B|SEMA4D|IRF7|CUBN|DBNDD2|MAGEH1|SPPL2B|BSN|ADGRE5|COMMD4|NXF1|DOHH|ADAM22|CSF2|NAPSA|SLC29A2|ELMOD3|EMP3|LRPAP1|MMP15|SF3B5|RRP12|PMPCA|CST3|ARID3B|RHOB|SGK1|CDC42EP4|NR4A1|RANBP3|OAZ1|PCSK7|INO80C|CNP|NR2C2AP|TNIP1|GIPC1|THOP1|HSPA1A|HAUS4|PTPN23|EMC6|MRPL46|C15orf39|DNMT3A|RAC3|JUN|PCBD1|CNPY2|PTDSS2|CD52|RNF19A|HAND2|PRSS8|SEC11C|CLASRP
GSE9988_ANTI_TREM1_AND_LPS_VS_VEHICLE_TREATED_MONOCYTES_DN	0.187369051182281	0.640417207598541	-0.317279446242397	-1.12492419833092	1251	186	CD14|PLXNB2|ENG|IFI30|ENC1|GRN|TMED9|ZNF710|NRDE2|MIGA2|SUN2|CXCL16|ATG9A|APOBR|TNFRSF1A|SH2D3C|BCL3|EMP3|TNFAIP8L2|BCL9L|SLC16A3|PSAP|MAP7D1|GAL3ST4|USP19|STK11|ANKRD13D|MAP3K3|DUSP7|RAB11FIP4|RPL27|ELOVL1|SLX4|RGS19|OAZ1|PPP1R18|NCKAP5L|EXTL3|PRELID1|KLF13|DNAL4|SDHA|TGIF2|WRAP73|ARHGAP22|GIT2
WU_ALZHEIMER_DISEASE_DN	0.187274041937816	0.640417207598541	-0.523089394404238	-1.23364618984883	1035	17	IFITM1|PLEC|CDK10|CD2BP2|RPL37A|PDE1A
HOWLIN_CITED1_TARGETS_1_UP	0.187543736878936	0.640706813298749	0.4174399567738	1.18391327081372	803	32	HLA-B|PANK3|MLF1|IL6R|KCNK1|CNOT3|KIF5B|RESF1
REACTOME_IMMUNOREGULATORY_INTERACTIONS_BETWEEN_A_LYMPHOID_AND_A_NON_LYMPHOID_CELL	0.187590887057683	0.640706813298749	-0.352635767661768	-1.14719969633495	1160	93	TYROBP|C3|ITGA4|MADCAM1|LILRA2|IFITM1|COL1A1|HCST|ICAM5|CD19|SIGLEC10|COLEC12|ICAM1|PILRA|CXADR|ICAM2|MICB|TREML2|NPDC1|ULBP1|ITGB1|ICAM3|CD3D|COL1A2|ICAM4|NCR3LG1|CD81|CLEC2D|NECTIN2
GHANDHI_DIRECT_IRRADIATION_UP	0.187951807228916	0.641721170395869	-0.356671909279156	-1.15152220234352	1169	87	NFKBIZ|VWCE|MT2A|CXCL1|GDF15|GPR68|NPIPB13|ZC3H12C|MMP1|MYPN|LAMB3|C2CD4B|IL1B|FAS|GPATCH2L|SLC7A11|G0S2|FGF2|PIDD1|PPP6R1|BBC3|HIP1|RELB|CDKN1A
GSE13485_DAY1_VS_DAY21_YF17D_VACCINE_PBMC_UP	0.188214070956103	0.641981139882853	-0.318617133541591	-1.12330665970952	1251	176	TPM2|SMAD7|ENG|SEC31B|PWWP2B|LINC01089|ARID5A|NBEAL2|LINC00852|APLP2|CENPT|CUL9|NXF1|SGSH|ARHGAP4|ACAP3|ATG9A|SERPINE1|IP6K2|HGS|KCNAB2|TMEM94|SUPT5H|USP36|STXBP2|STON1|MAP3K3|BAP1|C6orf136|ABL1|TNFRSF1B|MAPKAPK2|PER1|VPS11|YKT6|POLR2A|ZER1|PPP6R1|TENT4A|MAN2C1|INF2|STUB1|USP40|ULK1|PITPNM1|PEDS1|SIK3|TRIM11|AUP1|ACCS
GSE15735_CTRL_VS_HDAC_INHIBITOR_TREATED_CD4_TCELL_12H_DN	0.188230008984726	0.641981139882853	-0.317357853296305	-1.12375660623519	1256	182	RINL|METTL27|ADGRG3|QSOX1|FAM234A|LPCAT4|CCS|KCNC3|PPM1J|HCST|CLN3|NBEAL2|RGS3|DNAJC15|SLC2A9|LBP|CYTH3|LRRC75B|HDAC4|LGALS3BP|CAMKK1|EPHB6|PCED1B|SNHG17|PIP5KL1|GPR146|FRMD8|MACROD1|ACSBG1|DGKA|ARHGAP1|MYL6|IL18RAP|SLC5A3|NCKAP5L|EVL|RCN1|DCUN1D3|IL6ST|ADGRL1|CLN6|GRAMD4|TIMELESS|ABHD8|ACCS|CDKN1A|ERAP1|DNAJC1|SEPTIN9|FNTB|ARL15|FRMD4A|PRKACB
GSE29618_BCELL_VS_MDC_UP	0.188159437280188	0.641981139882853	0.294940698860854	1.10442222198154	641	170	AIM2|STAP1|ZNF43|ZNF107|FOXO1|EIF2AK3|ARID5B|BACE2|AFF4|EGR1|CKAP2|USP6NL|SYPL1|PALS2|MXI1|PIKFYVE|TSPAN13|STAG3|WASHC4|ADD3|RRAS2|HECA|MTSS1|S1PR1|IL24|PAX5|BACH2|ELL2|IFT57|PIP5K1B|GRK5|EIF1B|PELI1|PHTF2|RESF1|CD24|SNX2|TRBC1|FAM3C|MYC|CD47|TMEM243|PHF3|NUP88|PRDM2|RYK|HLA-F-AS1|EIF4A2|BTG1|GOLGA8A|FCHSD2|E2F5|PNRC1
LI_ESTROGENE_META_E2_RESPONSE_DN	0.18828376925833	0.641981139882853	-0.500451843710458	-1.22826714429082	1050	20	RAB27B|BCAS1|ENC1|PPFIBP2|EFNA1|STON1
GSE12366_GC_VS_NAIVE_BCELL_UP	0.188855421686747	0.643493117071136	0.289283865373972	1.09599948974011	626	186	PITPNC1|BCAR3|SUGCT|GNA13|DTL|RFC4|NPR2|CDCA7|ROCK2|FBXO30|SMC2|GINS1|GRPEL2|KPNA2|MPHOSPH9|TMEM106C|SYNE2|SRP9|ZFAND4|CALM2|PANK1|TYMS|ZW10|PRELID3B|CASP3|RFX7|ZNF215|ACTR2|CLIC4|SEMA4A|PRDX3|KCTD9|ZNG1A|VRK1|SEPTIN2|HMGN3|PSMD10|CUL3|CEP152|ANP32B|MASTL|C2orf88|RAD21|PCNA|RABGAP1|PSIP1|ATP6V1A|AK3|BAIAP2L1|CKAP5|NCAPG2|CENPE|EIF2D|NDC1|CCNB2|DENND1B|BUB1B|BTF3|HSBP1|MBD2|EED|AZIN1|TOP1
REACTOME_SYNDECAN_INTERACTIONS	0.188822284908322	0.643493117071136	-0.471382699873595	-1.2141559938436	1070	25	COL1A1|ITGB5|SDC4|ITGB1|ITGAV|FGF2|COL1A2|SDC3|FN1|PRKCA
GSE5503_MLN_DC_VS_SPLEEN_DC_ACTIVATED_ALLOGENIC_TCELL_UP	0.189023478390908	0.643799936306043	-0.316548384389138	-1.12247791888176	1263	185	IL21R|TCEA2|TSC22D3|CYFIP2|LRRC56|ENG|CTBP2|ENC1|FZD7|CLDN7|UVSSA|PWWP2B|NBEAL2|GTF3C1|CD48|SPMAP2L|PALD1|NRM|ICAM1|MACROH2A2|G6PD|MAPK7|CHD3|SLC12A6|TBXAS1|MAP4K1|IKBKG|CREB3L1|SHISA5|FBXW4|WDR13|CCDC157|DEF8|ERN1|RNF220|TRPT1|ZNF569|RNF24|DTNBP1|NOPCHAP1|KYAT1
VISALA_AGING_LYMPHOCYTE_DN	0.189073741007194	0.643799936306043	0.485226396951964	1.21697285896658	840	19	LGALS3|TXK|SOAT1|KDM6A|PLAAT3|FDFT1|NDUFS4|CDC16
GSE16451_CTRL_VS_WEST_EQUINE_ENC_VIRUS_MATURE_NEURON_CELL_LINE_UP	0.189291101055807	0.644321489453438	-0.318797377043142	-1.12236501223772	1254	175	SRGAP3|C3|BCAS1|AHRR|SYCE2|RASGRP3|FAAP20|TSPAN5|GDPD5|ASIC3|SLC38A10|CACFD1|GRN|TMEM63A|DBP|DTYMK|SHLD1|TMCC3|ITGAX|FOXP3|COMTD1|NLRX1|CMKLR1|LRPAP1|ACP3|CDKL4|MBOAT1|SLC12A7|CSNK1D|WDR4|POLD1|POLR1C|PLD2|SLC35D2|C19orf47|PLEKHF1|ZNF569|ZBTB43|PDLIM4|ENTPD4|POLR1G
JIANG_MELANOMA_TRM_HIGH_SURVIVAL_22_GENE_SIGNATURE	0.189456639078805	0.644666353584084	-0.488146905138972	-1.21723835471004	1052	22	PRG2|BCAS4|IFITM1|NCCRP1|HSPB6|NOTCH3
GSE25088_WT_VS_STAT6_KO_MACROPHAGE_ROSIGLITAZONE_STIM_UP	0.189530685920578	0.64469977135573	0.290339680941707	1.09601611773983	629	182	ZBTB26|EIF2AK3|TBC1D2B|UCHL3|PJA1|RANBP2|MRTFB|ABCD3|IPO7|BCLAF3|EDRF1-DT|YWHAG|RPL21|LYRM7|RPF2|SLC38A2|LINC01278|ZCWPW2|RNF125|CYTH4|SND1-IT1|SDHD|SLC25A3|MED23|PPA2|RTN3|CTNND1|SBNO1|NME7|EEF1A1|PCYOX1|RBPJ|MIR99AHG|FH|CLTC|TRDMT1|ARRDC4|OSTC|CEP152|PAPOLA|RNF14|TTC3|GTF3A|TMEM245|IPO5|MAPK9|GPI|P4HA1|MID1|ETF1|CEP85L|SRSF1|NACA|ZNF805|CHP1|LCORL|TRMO|HLA-F-AS1|NCAPG2|NUMB|TRAK2|MBTD1
GSE43955_10H_VS_30H_ACT_CD4_TCELL_WITH_TGFB_IL6_UP	0.189670794321957	0.644957802643566	-0.319394180562768	-1.12322169466809	1255	173	GAA|NFKBIZ|MXD3|ADSS1|ZFTRAF1|ENC1|MADCAM1|GTF2I|RNF5|RENBP|SLC38A10|SYNGR1|ADGRE5|ZNF692|MOGS|SREBF1|ARHGAP45|CD48|ITGAX|ABCA4|S100A5|CLCN7|OCEL1|PGS1|CACNA1A|GET3
STAMBOLSKY_TARGETS_OF_MUTATED_TP53_DN	0.189784762555518	0.645126802076629	-0.408084600544142	-1.18217189168166	1110	45	TAGLN|RAB4B|IRF7|IFITM1|MICAL3|IFI35|HERC6|LBP|RIGI|TMEM44|MX1|SP100|ISG15|SP110|TSC22D4
GSE10325_BCELL_VS_LUPUS_BCELL_DN	0.189930660235152	0.645342747222211	0.288238265926177	1.09352147157545	629	188	GPR137B|BCAR3|LGALS3|GOLPH3|REC8|LAMP2|KPNA3|SLC25A46|MGAT2|KLF10|KIF11|FNDC3B|SRP19|MRPL42|ZWILCH|SLC25A40|TMEM30A|WSB2|RAB6A|IFIT3|PJA2|APOL3|TMEM140|RSAD2|IFIT1|ACSL4|MAGT1|ELL2|PIGK|VAPA|PRKCI|DPM1|TMED5|SRP72|VRK2|IFI6|NAMPT|SEC24A|HMGN3|PSMA6|THOC7|MAN1A2|RBM47|GGH|NMI|PLSCR1|C12orf43|ASCC1|TIPARP|ITCH|PRPF40A|TRAM1|SH3GLB1|BLMH|BTG3|CDS2|EIF2AK2|SUZ12|INPP1|OPTN|STAT1|KYAT3|ATG3|IER3IP1|CANX|TOP1|DLGAP5|BCL2L11|DNAJC3|KDELR2
GSE22443_NAIVE_VS_ACT_AND_IL2_TREATED_CD8_TCELL_UP	0.189976869699306	0.645342747222211	-0.326942540861843	-1.12849128794913	1231	147	SULT2B1|WNT11|PLAT|CCR7|FAM171A1|MADCAM1|TIMP3|IL4I1|KRT12|OSBPL5|GRIA3|CSF2|CRYBG1|APOD|MST1R|SLC27A1|EFNA1|NDRG4|SGCG|ADPRM|SEMA4F|EMP2|MED10|ASNS
CUI_TCF21_TARGETS_UP	0.190359762486902	0.646015594976652	-0.449851489939602	-1.20589591450301	1089	30	CLDN6|IGFBP2|SOX11|COL6A1|LBP|DCN|MDK|STARD10|SERPINF1
GSE16385_UNTREATED_VS_12H_IL4_TREATED_MACROPHAGE_UP	0.190368014538846	0.646015594976652	-0.319331804328043	-1.12177405030415	1256	172	ASCL2|STX11|PCBP4|CUBN|DYNC2H1|PPFIBP2|ASPHD2|SYNE3|TRAIP|PDCD1|ACAP3|NICOL1|FGF12|LRGUK|CLDN12|ST6GALNAC6|NDUFS7|AQP11|TOM1|CMKLR1|ENTPD1|USP27X|STK19|YDJC|PELP1|SF3B5|ADAM15|PMF1|SFXN3|RAB11FIP3|HYAL3|DMBX1
SCIBETTA_KDM5B_TARGETS_UP	0.190313287720562	0.646015594976652	-0.50677887300502	-1.22727523501261	1056	19	MAPK8IP3|CDIPT|CD2BP2|DNAL4|CLCF1|RNASET2
SCHAEFFER_PROSTATE_DEVELOPMENT_AND_CANCER_BOX4_DN	0.190576160485188	0.646503379165365	0.416838454789196	1.18220733401865	816	32	PSMC6|TMED2|ZNF664|GCC2|PPHLN1|SSR1|CHD9|ELOVL5|BCLAF1|PRPF40A|REST|NFIA|EIF2AK2|SFPQ|IER3IP1|CANX
AMIT_EGF_RESPONSE_240_MCF10A	0.190950226244344	0.647225131801421	0.476785968401866	1.20906511590135	843	20	PTHLH|ITSN1|AKAP12|INSIG1|HERPUD1|SOCS2|B3GNT2|PTAFR|PLAU|MICAL2|STK17A|GABPB1|TNFRSF12A
FONTAINE_FOLLICULAR_THYROID_ADENOMA_DN	0.191499876451693	0.647225131801421	0.361550537602087	1.15671712041102	774	59	TENM1|PICK1|KPNA2|IGSF10|CD274|VDAC1|SYP|ZMYM6|S100A10|CLGN|COX7B|SLF2|MYC|RBBP4|CD47|ZNF217|WAS|GPI|ATR|PCSK6
GSE21033_CTRL_VS_POLYIC_STIM_DC_24H_DN	0.191532258064516	0.647225131801421	-0.328120959730542	-1.12695559141149	1234	141	RNASEK|COPS9|IFT122|UQCR11|DHRS1|NOL12|PBLD|TRAIP|PTH2|PRPF31|SLC19A1|PILRA|HDAC4|HIGD2A|PIGQ|PPP4C|KCNAB2|SMIM11|CLDN11|LRRC75A|MRPS14|WDR4|PSMB6|TONSL|RFC2|HSD17B7|PAQR7|ATP5IF1|ELOVL1|CCDC9|GNL3L|MVD|MRPS11|UQCC3|POMP|FAT1|PSMA7|ABCA5
GSE23505_IL6_IL1_IL23_VS_IL6_IL1_TGFB_TREATED_CD4_TCELL_UP	0.191047040971168	0.647225131801421	-0.320118789751934	-1.12242505877095	1258	170	GAA|TREX2|POU2F2|AQP1|PBX3|MAPK13|RNASEK|CD14|MELTF|GDPD5|ATP13A1|SRD5A3|ETHE1|MAN1B1|APLNR|IFIT2|PILRA|DDRGK1|B3GNT9|DCN|TSPAN9|NOTCH3|TMEM161A|ARMC5|ID3|ZFYVE19|LYL1|FANCA|NDUFB7|PSMB10|GPSM3|ATP13A2|FERMT3|MYBBP1A|SMCO4|DDAH2|RPL10|BLVRB|DCTPP1|BLTP2|OGFR|ERP29|MTCH1|RABL6|NDUFA7|SOCS3
GSE27434_WT_VS_DNMT1_KO_TREG_DN	0.191636582430806	0.647225131801421	0.289901728851336	1.0943628730015	636	182	CD83|PRNP|KCTD12|NMD3|MFSD14A|STT3B|CPEB2|ARIH1|PHLDA1|EGR1|PPP1CB|PIK3CA|MARCHF7|TNFAIP8|PROCR|UBE2N|ZNF644|PDE8A|IFRD1|WTAP|UGCG|EFNB2|IL1RL1|EGR2|ACSL4|ANKRD28|SLC20A1|PGM2|JAK2|SERTAD1|NFE2L2|SOCS2|CSRP1|PELI1|DDX5|CRABP2|TRA2B|SCAMP1|HNRNPK|MOB1B|HSPD1|UBE2D3|DNAAF10|SEPTIN2|MYC|LRRC58|ATP13A3|PTEN|ETF1|XPOT|HSP90AA1|TAX1BP1|DSTN|DLD|BHLHE40|MAP2K4|DNAJB6|RIOK3|TNFSF9|BTG3|SARAF|B4GALT3|ZFP36|SLC25A17|PPP3CA|TOP1
GSE32423_CTRL_VS_IL4_MEMORY_CD8_TCELL_DN	0.191623036649215	0.647225131801421	-0.316891729616707	-1.12176090710785	1280	181	RNASEK|SYCE2|CYP19A1|ELMO3|REX1BD|UBA7|SLC12A4|IFI35|SYT7|ATG9A|RIGI|IFT27|RELT|P2RX5|KDF1|SKIDA1|ARHGAP26|ACTN2|TEX22|GNMT|TPPP3|SLC26A6|HSD17B7|NDST1|SFMBT1|TAPBP|G0S2|MVD|IL15RA|KAZN|IRAG2|NUBP2|MTCH1|SLIRP|EIPR1|HOXB4|NDUFA7|PLEKHH1|POLM|AARS1|CTSZ|CLCN5|BCAP31|PFDN6|S100A13|UBL4A|HLA-E|RAB13|DHODH|YARS1|UBA1|NSMCE1|TINF2|TNNI3|DBNL
GSE37605_NOD_VS_C57BL6_IRES_GFP_TREG_DN	0.191055010129344	0.647225131801421	-0.331461806854067	-1.13161758135515	1225	134	TSGA10|TMEM81|CATSPER1|PHYHD1|AKNAD1|SLC39A3|FAM193B|CCS|PPM1J|MICALL2|SMTN|CRYBG1|MAP1LC3A|CXXC1|AXIN2|P2RX6|MS4A4A|THAP7|GNA11|PRF1|SLC25A16|NOS3|MOSPD3|MTMR10|RNF220|MVD|TSSC4|TK2|DCUN1D3|FLOT1|IFNGR1|CASC3
GSE39152_BRAIN_VS_SPLEEN_CD103_NEG_MEMORY_CD8_TCELL_DN	0.191265060240964	0.647225131801421	0.288702232907806	1.09379587950658	634	186	FCGR2B|CFL2|NMD3|SLC33A1|DOK2|ARL5A|CCL4|CD164|CLDND1|HIF1A|RARS1|TBCA|MARCHF5|PTPN2|ABCE1|RPAP3|CBX7|BCAS2|PLGRKT|CBFB|SLC39A1|UGCG|BRIX1|TGFBI|PLA2G4A|NOP58|PRRC1|SLC30A1|JAK2|SERTAD1|MFF|TRA2B|CLIC4|CRIPT|GDAP1|S100A10|VRK1|BACH1|DNAAF10|MIX23|FBXW11|IL13RA1|BMP2K|PLSCR1|CHRAC1|AMFR|BZW2|NUP54|ZNF281|OTUD4|ATF3|LYSMD2|U2SURP|STAT1|YME1L1|CDK8|MRPL33
REACTOME_AMINO_ACID_TRANSPORT_ACROSS_THE_PLASMA_MEMBRANE	0.191691603590917	0.647225131801421	-0.456337297284346	-1.20521181087222	1088	28	SLC3A2|SLC7A7|SLC43A1|SLC7A11|SLC1A5|SLC7A1|SLC38A5
REACTOME_PARASITE_INFECTION	0.190947316349246	0.647225131801421	0.36317753351409	1.15657348500703	771	58	VAV2|CD3G|SRC|ACTR3|YES1|ELMO1|VAV1|MAPK1|NCKAP1|WIPF1|ARPC3|ACTR2|PTK2|ABI1|WAS|WIPF2|NCK1
REACTOME_PIWI_INTERACTING_RNA_PIRNA_BIOGENESIS	0.191290550070522	0.647225131801421	-0.470436017610154	-1.21171759306069	1084	25	MAEL|POLR2L|POLR2F|PIWIL1|POLR2E|POLR2A|POLR2J
SCHOEN_NFKB_SIGNALING	0.191534144059869	0.647225131801421	0.422642556419389	1.1823128546982	818	30	CXCL8|CCL2|CCN1|CTSS|NUAK2|PTX3|IGFBP5|CDKN1B|TPST1
WP_BURN_WOUND_HEALING	0.191238279987068	0.647225131801421	-0.358966768321421	-1.15220101273401	1182	83	NFKBIZ|TAGLN|IL15|CXCL1|TLR6|COL1A1|GAS5|SERPINH1|MMP1|TGFB3|ICAM1|TIMP1|BRD4|DCN|IL1B|SNHG20|FGFR3
YIH_RESPONSE_TO_ARSENITE_C1	0.191436338921613	0.647225131801421	0.468263254337947	1.2035471001189	844	21	SMARCA1|TOP2A|SGPL1|PIK3CA|CCNB1|CLK1|PTK2|HSPD1|WT1|ZFP36|USP4|MNAT1|HSF2|CSDE1
VERHAAK_AML_WITH_NPM1_MUTATED_UP	0.191780821917808	0.647308638335897	-0.326424879426963	-1.12866842712943	1245	149	DPEP2|STS|PBX3|CD14|IRX5|TYMP|IFI30|MARCKS|HOMER3|RASGRP3|GDF15|KCNK5|EREG|TCIRG1|IER3|PILRA|LGALS3BP|C5AR1|IL1B|BCL6|TBXAS1|SLC16A3|CAMK1|IGF2R|CTSD|CTSL|SMCO4|GNS|G0S2|ARHGAP22|LMNA|NINJ1|S100A6|LTBP1|ABHD2|SCPEP1|HOXB3|HIP1|TNFAIP2
KAECH_DAY8_EFF_VS_MEMORY_CD8_TCELL_DN	0.191990400479976	0.647779053647282	-0.315640382659199	-1.12055750244807	1279	189	GZMM|IDUA|SMAD7|CCR7|CYFIP2|STX1A|RPGR|P2RX4|HLA-DOB|TLR6|RABAC1|SPOUT1|ATP13A1|SLC3A2|MOGS|D2HGDH|EEIG1|SUN2|NSG2|LONP1|PLEKHA1|FOS|SLC12A7|KCNN4|XPC|ZBTB20|RHOB|HEXA|RPLP1|PISD|VKORC1|PER1|RPL10|TAPBP|ERAL1|VARS1|EVL|LAMP1|C19orf48P|CHERP|IL6ST|TP53BP1|NUMA1|SKI|SOCS3|WDR74|ERCC2|NT5DC3|PKD1|IER2|LY6E|VAMP2|JUN|GSTK1|FNTB|ANTXR2|LARP1
SMIRNOV_RESPONSE_TO_IR_2HR_DN	0.192072424761439	0.647779053647282	0.369097934886316	1.16249711010377	784	54	STK38L|ST8SIA4|RAD54B|CCNG2|INSIG2|TMCC1|PMS1|TSPAN12|PLA2G4A|JAK2|FAM200C|BCL2|KDM3A|GOLPH3L|RAB3GAP2|S100PBP|SLC35A1
WP_STING_PATHWAY_IN_KAWASAKILIKE_DISEASE_AND_COVID19	0.192113791861721	0.647779053647282	-0.50597478209938	-1.22532795404303	1066	19	GSDMD|IRF3|NLRX1|IL1B|IKBKG|STING1
GSE3203_UNTREATED_VS_IFNB_TREATED_LN_BCELL_DN	0.192348565356004	0.648352887523026	-0.321974653313689	-1.1248479792142	1266	162	LAG3|ENKD1|ITGA4|BSN|ARID5A|PLXNA1|B3GAT1|MICALL2|CYP4F2|MMP1|TRIM46|SLC19A1|CACNA2D2|TADA2A|FOS|PIK3IP1|KSR1|ENTPD1|C19orf38|TMEM255A|BCL6|STOX1|NOP16|PLEC|SLC39A11|MCRIP2|TTC28|CMTR1|NCAPD3|TUBA1B|SLC25A42|SLC38A5|MXRA8|GATA2|VPS13B|S100A6|NT5DC3
MENSE_HYPOXIA_UP	0.192511949017525	0.64868578188584	0.327590890968195	1.12976587848752	724	94	TSLP|GNA13|PDK1|TC2N|INSIG2|ANGPTL4|KLHL24|BNIP3L|PFKFB3|SERGEF|FAM13A|MXI1|HK2|ELL2|INSIG1|KDM4C|ERO1A|RBPJ|NAMPT|KDM3A|PEX13|GBE1|ZBTB25|STARD4|GPI|P4HA1|LCORL|STK4|TIPARP|BHLHE40|RIOK3|ATF3|FUT11|BNIP3|MAFF|PGK1|EEF1AKMT3|CDK19|LINC00938
PID_KIT_PATHWAY	0.192653855509608	0.648946107921292	0.372569666194798	1.16149428201948	791	51	PTPN6|STAP1|FER|PIK3CA|MAPK8|VAV1|KIT|JAK2|BCL2|PTEN|SPRED1|STAT1|SOS1|GAB1|CRKL|MAP2K1|RPS6KB1|SPRED2|PTPN11|SHC1
GSE21063_CTRL_VS_ANTI_IGM_STIM_BCELL_16H_UP	0.192919291929193	0.649622224886024	0.291934983250189	1.09802167751702	642	177	CCDC120|ATXN7|GPR85|SLC49A4|PUS10|DET1|CLDND1|TMEM191C|ALDH1L2|TOP2A|ZFP82|KDSR|KIF20B|SOSTDC1|EXPH5|MTHFD2|CCNA2|CKAP2|STT3A|ECT2|NDC80|ORC2|VAV1|EIF4E|PRKCI|CENPU|INTS12|ERO1A|MORF4L2|TIPIN|CDK1|NARS1|CLIC4|PSTK|BORA|VRK1|MIS18BP1|RCOR3|RBBP4|RACGAP1|LSM3|MRPS33|CEP57|CDKN3|PRR11|SLC9A5|IPO11|CEP76|MMS22L|ASXL2|TFRC|CENPE|SDHAF3|ICE2|CIB2|CDC25C|KNSTRN|MDM1|ATF3|CCNB2
GSE7348_UNSTIM_VS_LPS_STIM_MACROPHAGE_UP	0.19304248645566	0.64967657891362	0.30147213363872	1.10732588948639	676	146	MLYCD|ARL11|ARRDC3|FOXO1|RGS2|PAOX|CAMSAP2|ACOX3|NCOA3|PDIK1L|RAB3A|STARD9|B3GALT4|MAP3K1|CPEB2|MEF2A|FAM76B|AASDH|H2BC21|ARF4|LIPT2|RHOBTB1|MFAP3|SPEG|BBS1
WILSON_PROTEASES_AT_TUMOR_BONE_INTERFACE_UP	0.193064876957494	0.64967657891362	0.499599505805413	1.21690621837139	862	17	USP25|CTSK|USP14|SERPINE2|USP33|USP53|ADAM10|USP16|USP15
WP_INFLAMMATORY_RESPONSE_PATHWAY	0.193376068376068	0.650505688458101	-0.480581352534992	-1.21295609007689	1085	23	LAMB1|COL1A1|LAMA5|TNFRSF1A|IL2RG|TNFRSF1B|COL1A2
REACTOME_SIGNALING_BY_KIT_IN_DISEASE	0.193570143884892	0.65094040345613	0.482989913253318	1.2113636423661	860	19	SRC|YES1|PIK3CA|KIT|JAK2|NRAS
GSE1460_NAIVE_CD4_TCELL_ADULT_BLOOD_VS_THYMIC_STROMAL_CELL_DN	0.193800782425519	0.651279629724593	0.288839197997576	1.09261988743805	643	184	FEM1C|YOD1|RGS2|GNG12|CAMSAP2|ERI2|STRAP|TFPI2|HDAC2|BPNT2|BCAP29|KLF10|PTGS1|PTBP3|SMAD4|ABCE1|DMXL2|HSPH1|DNA2|TWF1|WSB2|ECT2|GCLM|NDC80|ATP1B3|PLGRKT|MAD2L1|COL4A5|RECK|COPZ2|IGFBP5|RAD23B|CALM2|CTNND1|TIPIN|DSG2|SLC25A14|LRP12|CREG1|GTF2E1|CHSY1|PGM3|C10orf88|MOB1A|ALDH2|ELOVL6|TPST1|FBXW11|RAB1A|HELZ|PAPPA|BTBD3|CENPS|FABP5|ZDHHC7
HALLMARK_SPERMATOGENESIS	0.193792172739541	0.651279629724593	0.320703080516942	1.12332338926724	717	104	CCT6B|TTK|IL12RB2|TLE4|MLF1|RFC4|PIAS2|COIL|GFI1|AKAP4|PSMG1|CDK1|TSN|DBF4|BUB1|CLGN|SCG3|PCSK1N|BRAF|NEK2|NAA11|ARL4A|CDKN3|IDE
GSE11961_UNSTIM_VS_ANTI_IGM_AND_CD40_STIM_6H_FOLLICULAR_BCELL_UP	0.193950177935943	0.651563549571953	0.292130520828224	1.09864416438831	653	175	NUDT12|RAD54B|AGA|ARL5A|PKD2|RNF43|TMEM51|RUNX2|HEMGN|PBK|KLF10|MOB3B|MAPK6|PSMA1|SH3BGRL|NRSN2|TJP2|SH2D1B|NDC80|ESD|EMILIN2|CHIC1|FCER1G|SLAMF7|PRRC1|LZIC|OTUD7B|INTS12|TYMS|SNX13|TIPIN|MCU|TUBE1|BORA|DRAM1|STMN1|PFN1|CA2|KCTD11|PTPRC|PRR11|PREX1|BMP2K|ASTN1|PCNA|ACACA|OSBPL3|PSMD11|BIRC6|ERCC6L|ACOT7|TP53INP2|SNRPD1|TBC1D7|EED|FKBP1A|DLGAP5|PDSS1|KIF23|NCAPD2
GSE34515_CD16_NEG_VS_POS_MONOCYTE_UP	0.194117647058824	0.651907976305276	-0.317919801205655	-1.11927539956676	1286	175	SLC30A4|IFI30|RETSAT|FMC1|PYCARD|COX8A|NDUFA3|ANKH|SLC52A2|UQCR10|CHCHD10|ITGAX|NSG2|IER3|RECQL5|RASGRP1|ZNF585A|IER5L|TBRG4|NFIL3|IL17D|CAPN10|CCL24|NSDHL|DUSP4|KCNK6|SLC1A5|UQCRQ|PSMB10|ATP5PF|IGSF3|ACACB|WDR83OS|ELOVL1|CLUH|FASN|MCRIP2|MVD|PTGES2|ATP6V0A1|IL6ST|SSR4|NT5DC3|EAF2|CTSZ|TUFM|FAAP24|MPI|DOLK|CAVIN1|TUBA3C|TRAF5|CD52|SEPTIN9|ARL15|PFKP
REACTOME_TIE2_SIGNALING	0.194183445190157	0.651910843752104	0.499378203292051	1.21636717779684	867	17	DOK2|PIK3CA|NRAS|ANGPT1|SOS1|PIK3CB|PTPN11|SHC1|PIK3R2
GSE18791_UNSTIM_VS_NEWCATSLE_VIRUS_DC_1H_UP	0.194376194376194	0.652021979148334	0.314977103797946	1.12096745640459	711	116	CCDC120|MAP3K10|TLE6|DNAJC9-AS1|PDCL2|TCN1|PIEZO2|CCDC7|ADPRHL1|ARHGAP42|ANO7|ARMC2|LINC00471|PRSS36|PAX7|NBEAP1|TTC9B|MYLK2|SERTAD1|ITM2A|HID1|TLCD4
GSE36476_CTRL_VS_TSST_ACT_40H_MEMORY_CD4_TCELL_YOUNG_DN	0.194411414982164	0.652021979148334	0.285759096057683	1.0917516449856	653	194	AIM2|BATF|IL12RB2|CCNE2|CLIC2|DTL|CKS2|TOP2A|BATF3|RFC4|KIF11|CCNB1|STT3A|ZWILCH|HPRT1|TJP2|POLA1|NCAPG|TMEM106C|RBM4B|NUSAP1|TMEM140|CENPU|TYMS|RRM2|CDK2AP1|TARS1|FH|ALDH2|STMN1|VDR|RACGAP1|RBBP8|IPO5|SLC25A5|CDKN3|PCNA|SRSF1|YWHAH|CKAP5|PALB2|BLM|NCAPG2|CENPE|PCLAF|CENPS|CISD1|FABP5|IL1R1|DNAJB6|SRPK1|PAICS|CDC25C|HJURP|CCNB2|SORD|ACOT7|VDAC3|ZNF282|KIF23|IMMT|FEN1|NCAPH|GINS3|MRPL35|ASPM|RPA3|WARS1|BRCA1|SPRED2|TUBB6
WP_FIBRIN_COMPLEMENT_RECEPTOR_3_SIGNALING	0.194353022691841	0.652021979148334	-0.420033016115548	-1.18482813267998	1121	39	PLAT|TYROBP|CD14|LBP|IRF3|TIRAP|IKBKG
GSE40184_HEALTHY_VS_HCV_INFECTED_DONOR_PBMC_DN	0.194556602362793	0.652290973452813	-0.315562663494708	-1.11898256084886	1300	185	CCDC12|PIEZO1|APLP1|ZNF76|FAAP20|L1CAM|FLT3LG|ARID5A|ACAP1|SLC45A4|ICAM5|DNAJC15|ADM2|JAZF1|OR2T33|GPC1|SLC52A3|LGALS3BP|KATNB1|FASTK|MYO1G|MAP4K1|RAMP1|SLC12A7|YIPF3|MED10|TAP2|FKBP8|PCIF1|FBXW4|F2R|GNPTG|SDC4|MFSD10|TPGS1|IL18RAP|TP53I13|GRINA|PCYT2|EVL|FKBP2|ANAPC2|CAPG|INF2|UBE2M|SH2D2A|ATP5MG|COASY|DDX42|MICAL1|S100A6|ATP6V0A2|LY6E|ATP5MC1|NRBP1|RELB|DNAJC4|MRPS28|ARL15|TSHZ1|POLR2I|IRAK2|MLF2|BYSL|AAAS|FURIN|TUT1
GSE11057_NAIVE_VS_CENT_MEMORY_CD4_TCELL_UP	0.194633924511141	0.652332331967559	-0.318804460396536	-1.11894141529763	1283	171	MESP2|IGF1R|LEF1-AS1|CCR7|DNHD1|ZFTRAF1|LINC02175|SMPD1|PLLP|SNHG32|SREBF1|AEBP1|KRT73|ZNF436-AS1|ENSG00000274253|PIK3IP1|TPCN1|C5orf58|EFNA1|HSBP1L1|SDR39U1|COBLL1|PCED1B|CEP41|SAT2|SMOC2|GUCA1B|SLC25A25-AS1|SCARB1|PSMB5|GAL3ST4|RIN1|VPS52|NSMF|NUDT17|CENPV|ENGASE|SLC2A11|TTC28
GSE28449_WT_VS_LRF_KO_GERMINAL_CENTER_BCELL_DN	0.194860813704497	0.652874782365066	-0.321945041747278	-1.12163594703086	1273	159	STS|ACKR1|FARP1|GNRH1|S100P|ZNF76|FAM234B|ABCB4|NALF1|CXCL1|TAP1|CCS|KATNIP|RPL23|TULP3|GRIA3|DCAF11|IFT27|CCND1|CTDNEP1|TMCO6|RGS14|MGAM|PELP1|TSC1|SMG6|RBFOX2|BAP1|ZBTB7B|MOCS3|HSPBP1|ACADVL|VAC14|CLTA|FLOT1|PSMB4
GSE6259_FLT3L_INDUCED_33D1_POS_DC_VS_CD4_TCELL_UP	0.195054095826893	0.653304308945731	-0.327245928290635	-1.12619731062995	1261	143	IGF1R|POU2F2|PTPRB|IL15|RAPGEF5|PHYHD1|CD84|TMEM9|P2RX4|PLA2G15|PLOD1|TEF|PLXNA4|VSIG4|RASGRP1|TTYH2|TIGD2|STAB1|CMKLR1|FOLR2|FBLIM1|CCL24|GPR146|CTSA|ADAM15|MERTK|HPGD|DUSP7|BLVRB|LIFR|RBSN
REACTOME_TRNA_AMINOACYLATION	0.195145397740928	0.653392095571525	0.38947168670529	1.17035204535134	811	42	DARS1|RARS1|PARS2|EARS2|PPA1|PPA2|YARS2|NARS1|TARS1|DARS2|AIMP1|GARS1|FARSB|MARS2|EEF1E1|WARS1|HARS2|FARS2|IARS1|AIMP2|LARS1|EPRS1|RARS2|NARS2
GSE40274_CTRL_VS_FOXP3_TRANSDUCED_ACTIVATED_CD4_TCELL_UP	0.195593926763918	0.65427258409423	0.28592114832751	1.090880281009	656	193	DDIAS|CCNE2|ARL5A|PLK4|GNG12|EIF2A|GNB4|TOP2A|S1PR2|TRMT10A|RFC4|PPP6C|MTHFD2|ARHGAP11A|CIP2A|ZWILCH|USP6NL|SLC25A40|PALS2|DNA2|SMC2|ZRANB3|GINS1|POLA1|WSB2|ECT2|SH3BGRL2|NCAPG|NDC80|NUSAP1|MAD2L1|SLAMF7|TSNAXIP1|OTUB2|GNAL|EIF4E|ALDH9A1|RPS27L|EXOSC9|CENPU|CKAP2L|IFT57|RAPH1|DBF4|UXS1|MYB|CS|RRM1|FH|NDUFB5|HMGN3|PSMA6|THOC7|RBBP8|MASTL|PRR11|STIL|BTF3L4|MMS22L|ESCO2|XPNPEP1|ATAD5|DNASE1|NCAPG2|AKIRIN2|PCLAF|CISD1|RFC3|EIF1AX|BUB1B|RNASEH2B|RAD51AP1|PHF10|KNTC1|CPSF6|VDAC3|TOP1|RAB9A|HROB|SLC25A33
NAKAYA_PBMC_FLUAD_MALE_AGE_14_27YO_1D_POSTBOOST_VS_0D_PREIMM_MF59_ADJUVANTED_1DY_GENES_IN_BTM_M40_AND_M53_DN	0.19556556383163	0.65427258409423	-0.419444517683882	-1.18316809770387	1128	39	GZMM|LAT|PAK1
REACTOME_SYNTHESIS_OF_PIPS_AT_THE_GOLGI_MEMBRANE	0.195603907637655	0.65427258409423	0.508747960293986	1.21853082057624	880	16	PIK3C2A|PI4K2B|PIKFYVE|OCRL|TPTE|PIK3C3|SACM1L
GSE17721_CTRL_VS_POLYIC_8H_BMDC_UP	0.195740212989351	0.65449961194642	-0.314891948536218	-1.11790048035055	1304	189	ACKR1|TCN2|IFI30|ATP2A1|RNF5|CCDC167|NDUFA13|DDX41|TECR|TMEM208|BCAM|NDUFA11|FAU|NME3|NFIL3|MED22|TMEM101|PCNX3|LTBP3|CTSA|RAMP1|ADAM15|TRMT1|SFXN3|RPLP1|SDHAF2|RETREG2|MRAS|ATP5IF1|CERS5|RGS19|MYL6|NSMF|TRIM39|RGL2|NEDD8|ACADVL|TUBB2B|SMIM14|GLMP|TTI1|HAUS4|SSR4|TMUB2|TAX1BP3|UBXN1|CD81|CENPB|PDXK|DMAC1|BCAP31|GADD45GIP1|PTDSS2|SNX15|DHX16|ACRBP|SAE1|SELENON|CUEDC2|NDUFAB1|CDK5
GSE22886_CD4_TCELL_VS_BCELL_NAIVE_DN	0.195802185163887	0.65449961194642	0.2969376248756	1.10222451189357	680	158	NIPSNAP3B|DPF3|ZNF235|TRMT2B|CNR1|RMI1|TFPI2|USP2|PTGS1|CD80|MEF2C|ZNF468|TSPAN13|RHOBTB1|CCP110|RRAS2|ZNF821|HESX1|FRAS1|IL24|MYEF2|SERPINB5|ZNF536|CR2|SLC4A4|EHD3|HAUS5|DCAF17|PIP5K1B|TGFBR1|SBNO1|PHLPP2|AP1G1
GSE6875_TCONV_VS_FOXP3_KO_TREG_UP	0.195876288659794	0.654529356047607	-0.319905023985916	-1.12144272603423	1291	169	FOXD2|MESP2|NPFFR2|PDE2A|PLXNB2|RASGRP3|ITPKC|C6orf132|PPM1N|ZNF710|RIMS4|PLXNA2|CTHRC1|KIRREL1|COL6A1|DCAF11|SVOP|RDH12|STYK1|GAREM2|FAU|EMP3|AKT3|MUC1|TMUB1|BCL6|KRTCAP2|AKNA|OTX1|GMFG|IGSF3|DGCR8|ZNF354B|ARMC6|PCNT|FAM177A1|SH3BP5L|CRAT|RHEBL1|MED11|ELL|ADD1
KAECH_NAIVE_VS_DAY8_EFF_CD8_TCELL_UP	0.195972347460174	0.654632420567464	-0.314653348330604	-1.11856441774752	1303	192	IGF1R|IDUA|WFS1|SMAD7|CCR7|STX1A|MARCKS|P2RX4|HLA-DOB|TLR6|ATP13A1|EEIG1|NSG2|CYTH3|PLEKHA1|RBM38|CRAMP1|FRMD8|RAMP1|SLC12A7|DVL1|KCNN4|HSD17B7|DGKA|XPC|ARID3B|ZBTB20|PISD|EPHX1|VKORC1|RPL10|TAPBP|ZMYND11|MAP1S|EVL|PHETA1|C19orf48P|CHERP|IL6ST|DHX30|SURF6|NUMA1|SKI|WDR74|ACYP1|ITGAE|PKD1
GUTIERREZ_MULTIPLE_MYELOMA_UP	0.196055412068561	0.65469202473194	0.404794835281103	1.17249078626403	834	35	SELENOT|CNIH1|ANKHD1|YWHAZ|VDAC1|SRP72|IFI6|HNRNPK|CD47|TAF9|ETF1|MORF4L1|ATP6V0E1|BTBD3|SUCLG2|VDAC2|CANX|ILF2|UQCRFS1
FRANCO_BLOOD_SANOFI_PASTEUR_SA_INACTIVATED_INFLUENZA_VACCINE_CORRELATED_WITH_ANTIBODY_RESPONSE_AGE_18_40YO_1DY_POSITIVE	0.196445423089022	0.655776241093316	-0.337448697111042	-1.13504168625084	1248	118	STX11|IL15|TCN2|TYMP|IRF7|IFI30|MT2A|PSMB9|TAP1|IFITM1|PPCDC|IFI35|IFI16|HERC6|RIGI|TMEM208|FAM225A|FRMD3|MX1|BATF2|GBP2|ISG15|SP110|PHF11|CTSL
GSE32255_UNSTIM_VS_4H_LPS_STIM_DC_UP	0.197014925373134	0.657240219639589	0.29176648677974	1.09660957296661	659	176	VAV2|TTC39B|MYO1F|COPS2|DDIAS|CAPZA1|RUNX2|DTL|GNAI3|GNAQ|LGALS8|PLCL1|NPM1|CDCA7|GDI2|PTGES3|ATL3|FAM124B|PEAR1|P2RX7|EGR2|PLXNC1|CYTH4|EIF4E|NCKAP1|TMED7|TDRD3|PIP5K1B|SAMSN1|VWA5A|PHTF2|PLEKHA8|LCP1|ZDHHC2|EPCAM|ENDOD1|SCAMP1
GSE32255_WT_VS_JMJD2D_KNOCKDOWN_4H_LPS_STIM_DC_DN	0.196978175713486	0.657240219639589	0.303180067296131	1.10862176306767	703	139	SENP8|MEX3C|PRKCH|ITGB1BP2|MX2|CD36|EMC9|CAMSAP2|NUDT13|ZFP82|KIF20B|SRP19|NUP35|PGRMC2|IRGQ|GRPEL2|USP31|IFIT3|HOMER1|ACER2|DNAI4|DCAF17|PPA1|YTHDF2|CDK1|DDX18|TOPORS|CACYBP|PCGF5|EIF3M|SUCLG1|ANAPC10|ADH5|DLD|PALB2|HELZ2|PSMC5|FDFT1|SDHAF3|UTP25|H2AC6
BECKER_TAMOXIFEN_RESISTANCE_UP	0.19747397166752	0.657391123345398	-0.400769101074214	-1.17059510317415	1156	47	TAGLN|BCAS1|IFITM1|LGALS3BP|CXADR|MX1|IFITM3|ID3|ISG15|CTSD|PITX1|EPHX1|ID1|CACNB3
GSE24574_BCL6_HIGH_TFH_VS_NAIVE_CD4_TCELL_UP	0.197626654495664	0.657391123345398	-0.320464291213009	-1.11976964119324	1298	163	TPM2|PYGM|IL11RA|PIEZO1|PLA2G6|ABCC10|SEC31B|MT2A|UQCR11|OR2B6|UBA7|GUCY2F|RECQL5|IRF3|SLC29A2|THEMIS2|DGCR2|RBM38|ESR1|H4C2|MUC1|CCDC57|MED24|HPGD|THBD|MAP4K2|GRHPR|JUNB|GYPB|ACAA1|PER1|VPS11|DHCR7|ID2|MFGE8|ICAM3|TRAF3IP2|LPAR2|KDELR3|CTSH|MPZL1|THRA|LTB4R|MAN2B2|HIPK2|FNTB
GSE32986_UNSTIM_VS_CURDLAN_LOWDOSE_STIM_DC_DN	0.197467591196865	0.657391123345398	0.287396453140689	1.0903277930643	654	188	AIM2|MYO1F|LPXN|GPR137B|TM6SF1|CCL5|DDIAS|CLDND1|CKS2|TOP2A|TBC1D2B|PHLDA1|KDSR|MTHFD2|PLEKHA5|ELMO1|WSB2|KPNA2|SLC39A1|IDH1|NUSAP1|P2RX7|NCR3|SYT11|MAMLD1|ELL2|RAD23B|NCKAP1|DUSP10|CENPU|INSIG1|FUT8|HERPUD1|VDAC1|CPOX|WIPI1|ARHGEF12|STK24|CASP3|CTNS|TFE3|CLTC|C18orf54|PPP1R16B|STARD4|TPP1|SNTB2|GPI|CYB5B|H2BC8|CAPN1|CHP1|IDE|H3C10|REEP3|H4C8|CORO1C|TFRC|BLM|UBE2A|AKIRIN2
GSE36078_UNTREATED_VS_AD5_INF_MOUSE_LUNG_DC_UP	0.197629675234724	0.657391123345398	-0.325460314117762	-1.12533328180499	1283	149	GPR135|SRGAP3|PLXNB1|ANO8|SFN|FAM178B|PPFIBP2|ARHGAP33|CELF3|MAPK11|MAPK12|SLC52A2|LAMA5|PLXNA2|ATP1A3|SERPINE1|COMT|LTBP4|CCDC57|POU6F2|ADAM15|DIRAS1|FLYWCH2|BMP1
GSE3920_UNTREATED_VS_IFNB_TREATED_ENDOTHELIAL_CELL_UP	0.197212336892052	0.657391123345398	0.291576954370573	1.09656231221972	664	175	FOSB|PITPNC1|ST8SIA4|DCK|C2CD5|RGS2|LGALS3|SERPINI1|SFT2D2|RUNX2|TRPM7|DCBLD1|ABCC4|ALOX12|NAAA|BNIP3L|CHDH|ITSN1|MARCHF7|UAP1|SMAD4|USP6NL|PPM1A|CABLES2|ECT2|FBXO3|TXK|PDS5B|MTMR12|ZSCAN29|DUSP18|LIMK1|MCU|CELF2|RFK|PIGC|KLRG1|GABPA|DTD2|STMN1|HMX3|CA2|MFSD14B|KBTBD2|TMC7|ADGRV1|MRTFA
MALONEY_RESPONSE_TO_17AAG_UP	0.197425639241607	0.657391123345398	-0.427774440430256	-1.18880895167099	1134	36	PTPRU|IFITM2|SERPINH1|IGFBP2|MNDA|PCOLCE|NFIL3|KSR1|SMARCC2|STX5|UCP2|CTSH|HSPA1B|TAF1C
REACTOME_CALNEXIN_CALRETICULIN_CYCLE	0.197207987276904	0.657391123345398	-0.464019090900445	-1.20468885116095	1115	26	SEL1L|RNF5|MAN1B1|UBA52|PRKCSH|UBB|OS9|CALR|SYVN1
REACTOME_INTERLEUKIN_10_SIGNALING	0.197464193472646	0.657391123345398	0.404637720564899	1.17203570250041	840	35	CXCL8|CCL5|CCL2|IL10RB|CCL4|CD80
WORSCHECH_TUMOR_EVASION_AND_TOLEROGENICITY_UP	0.197649572649573	0.657391123345398	-0.478954138159796	-1.20884910678292	1109	23	CCR7|IRF7|IL4I1|IL2RG|IL17D
GSE36826_NORMAL_VS_STAPH_AUREUS_INF_IL1R_KO_SKIN_UP	0.19775617053104	0.65752780383921	-0.314635540530242	-1.11695300319042	1321	188	TCEA2|RETSAT|PBXIP1|ECM1|LPCAT3|IQCG|SLC29A1|MANEA|UBA7|DGLUCY|TSPAN4|SREBF1|SLC2A9|CFD|PLEKHA1|RBM38|LRPAP1|FOLR2|ZDHHC24|PSAP|IGF2R|CST3|UQCRQ|NDUFA1|DUSP7|ABL1|SLC37A4|GNS|SLC5A3|AAMDC|BLVRB|MCOLN1|CYBC1|SIGIRR|GCHFR|ASRGL1|PGGHG|SLC38A6|IQCK|ERP29|TMC6|ENTR1|NEU1|DPY19L1|CCDC51|GRAMD4|ERCC2|GAS6|ACP2|BRF2|PINK1|SCPEP1|DUSP14|EPB41L2|PCBD1|CNPY2|MYLIP|VGLL4|ATP6V1H|WDR7|SLC8B1|MFHAS1
GSE29618_PRE_VS_DAY7_POST_LAIV_FLU_VACCINE_MDC_DN	0.197954271961492	0.657968537069357	0.288917526983563	1.09064756579068	657	182	FOSB|ZNF225|ST8SIA4|SLC35A3|EGR3|LST1|CCN1|DOK2|RAD52|PKD2|PTER|CORO1A|PSMD5|ZNF518A|EGR1|ZNF184|NEK9|DCLRE1C|GOLGA8B|WASHC4|GYPA|FNTA|CYP2R1|IFRD1|SLC4A3|TOX|SPP1|FABP6|TPTE|MRPL15|BEST1|PRKCI|STAU2|SPATA20|PRMT3|NNT|SEC24A|CLTC|C6orf120|DARS2|SETMAR|CFAP20|SACM1L|LRRC23|TNPO1|IPO5|ORC3
KOYAMA_SEMA3B_TARGETS_UP	0.198518733662504	0.659626298743533	-0.304570747863668	-1.10763223631672	1366	239	RAB26|CYFIP2|ITGBL1|TBC1D2|RAPGEF5|DYNC2H1|CHAC1|ITPKC|AXL|GDF15|PPP1R14A|RABAC1|RNLS|ETHE1|SEMA3B|SMTN|ARHGAP45|CTHRC1|MAP3K7CL|CLIP3|CRYBG1|SRMS|TSHZ3|LGALS3BP|STC2|P2RX5|SERPINE1|KSR1|CASZ1|ST8SIA5|CCDC9B|PKP3|SP100|SPOPL|SUPT5H|KCNN4|RPS10|FBXW4|DPF1|PITX1|PDGFA|CDCP1|TSKU|HDAC7|RILPL2
GSE3982_MAC_VS_NEUTROPHIL_UP	0.198626045400239	0.659764475091859	0.285305116771664	1.08726485277065	664	192	DOP1B|AGA|PPP2R3A|ABCC3|ITFG1|DNAJC28|TOP2A|RARS1|RSL24D1|HDAC2|TBC1D2B|SGPL1|ZNF184|CCNA2|TMEM168|NEMF|CKAP2|CRYZ|PLGRKT|ODR4|CBFB|NEIL3|MRPS22|PLA2G4C|PLA2G4A|OTUB2|MYO6|APOO|SLC20A1|ERO1A|CSRP1|PAPSS1|SUPV3L1|NME7|AGGF1|CUL2|PTK2|FTO|RRM1|PRPF39|ADAM10|RIOX2|BAG2|ATP2A2|GTF3A|SDAD1|MAPK9|CEP170|RTCA|PEX2|NUP155|FUCA1|MMACHC|BZW1|ALDH18A1|EEF1E1
KEGG_COMPLEMENT_AND_COAGULATION_CASCADES	0.198704839809134	0.65980786702087	-0.399977758705998	-1.1725935745154	1165	48	PLAT|C3|C5|CFD|C8G|SERPINE1|C5AR1|THBD|F2R
CLIMENT_BREAST_CANCER_COPY_NUMBER_UP	0.19884309472162	0.65983040820351	-0.517762217253999	-1.22108265507954	1099	17	PAK1|EXT1|WNT3|CCND1|BCL6|CTTN
GSE25123_CTRL_VS_IL4_STIM_MACROPHAGE_UP	0.198803290949888	0.65983040820351	-0.315728703509807	-1.11764392613696	1328	181	PCBP4|MED14OS|SPON2|TSPYL2|UQCR10|APLP2|PLOD1|IFI16|TSHZ3|CYBA|FYN|PTK2B|TIMP1|LINC02481|ATP2A3|LRPAP1|TKTL1|WDR83|MAD1L1|MORC4|PSAP|SPOPL|IGF2R|MED10|BIN3|SHISA5|GAK|RAB11FIP5|SPHK1|NDUFB1|PDRG1|DEF8|MYL6|GNS|NSMF|BTD|LINC01003|PCNT|NUDT1|LAMP1|NNMT|IQSEC1|EMC10|S100A6|CC2D1A|RFXANK|SESN2|MGAT1|EBP|HIPK2|PDIA4|MAST3|ZNF18|ARIH2|ZNF335|APMAP|ABHD6|NDUFB4|DMAC2|USE1|NPC1|HEXIM1|PRKCA|ANXA4|PSMB7|BCL7B|M6PR
GSE20715_WT_VS_TLR4_KO_LUNG_DN	0.199037883343355	0.660258517184601	-0.316800776517138	-1.11690296785748	1323	176	EFNB1|YJEFN3|WASHC1|ABCA7|MT2A|MAPK8IP3|MINDY1|METRN|LAMA5|SLC12A4|ATP1A3|MUC5B|CFD|SCRIB|RPP25L|HS6ST1|TNK1|BCL3|BRD4|PIGR|MAPK7|MERTK|MAP3K11|DGAT1|ENDOG|SPHK1|SYVN1|B4GALNT1|FERMT3|ACAA1|SMCO4|INPP5D|RPS27|VARS1|KLF13|TBC1D17|WNK4|CLCF1|ATP6V0A1|C19orf48P|NOCT|MAN2C1|NOP53|PPP1R37|SNRNP70|MED16|ADISSP
GSE15324_ELF4_KO_VS_WT_ACTIVATED_CD8_TCELL_DN	0.199241274658574	0.660308769352531	-0.318739839825954	-1.11759007875335	1312	170	TP53I11|RAP1GAP2|CEP83-DT|EXOC3L4|MUTYH|ALKBH6|TMEM25|DDB2|GDPD5|PPM1N|ADGRE5|TRAIP|UBL5|ATP5ME|DYNLRB1|SREBF1|OSBPL5|MSI1|IRS1|ATP6V1F|TRIOBP|CAMK2N2|SDR39U1|GBP2|SLC10A3|FBXO41|IL16|BRD9|GPSM3|B4GALNT1|CC2D1B|SCYL3|ABL1|NEDD8|SLC16A9|IRAG2|MAN2C1|MED11|SH2D2A|PLEKHM2|S100A6|NMU|PIGT|URM1|ARMC7|GABPB2|LANCL2|ARHGEF3|VPS33B|ZNF646|RBM6|TSHZ1
GSE19825_NAIVE_VS_DAY3_EFF_CD8_TCELL_UP	0.199136202375443	0.660308769352531	-0.326089739376507	-1.12386909194881	1290	145	IGF1R|TCEA2|REM2|SYPL2|TRPA1|ADGRG3|PLA2G6|ACE|SEMA3F|APLP2|EPN2|LBP|PNMA3|TMEM8B|KDF1|SV2A|FMO4|MACROH2A2
GSE22886_NAIVE_BCELL_VS_NEUTROPHIL_DN	0.199250374812594	0.660308769352531	-0.316101074682887	-1.1167681679618	1328	179	HSPA6|TYROBP|S100P|SEMA4D|ADGRG3|HLX|LILRA2|CXCL1|IFITM1|TIMM8B|ADGRE5|SMIM27|IFITM2|PPCDC|GCA|MNDA|CFD|IER3|PILRA|NFIL3|BCL3|ECE1|C5AR1|GRIK5|ADAP1|FAS|NINJ2|IFITM3|AMPD2|SLC16A3|TMED1|NDEL1|TSEN34|NOP10|PISD|ACAA1|TNFRSF1B|SPATA2L|ID2|NFE2|BID|HSPA1A|FLOT1|NIBAN1|CKLF
REACTOME_TRANSPORT_OF_MATURE_TRANSCRIPT_TO_CYTOPLASM	0.19952805453592	0.661010762848702	0.335143413641177	1.13155086801089	760	82	LUZP4|RANBP2|GLE1|SEH1L|NUP153|THOC2|NUP35|NUP107|NCBP2|NUP37|NUP160|CPSF3|NUP133|EIF4E|CPSF2|NUP205|THOC1|THOC7|ZC3H11A|SLU7|NUP88|NCBP1|SRSF1|RAE1|NUP155|NUP54|NUP50|NDC1|FIP1L1|ALYREF|SARNP|NUP58
GSE21927_GMCSF_IL6_VS_GMCSF_GCSF_TREATED_BONE_MARROW_DN	0.199696048632219	0.661349038657279	0.284350162987072	1.08843943782684	656	200	SAMD9|C3orf52|BMAL2|ENOPH1|ITGB3BP|SLC25A44|PSMC6|IFT56|SLC25A46|VBP1|KIF18A|RARS1|DNTTIP2|NBN|EIF4G2|PRIM1|FASTKD1|NOL11|PPP6C|MOB4|MMADHC|INVS|SMC2|METAP2|MTCH2|PSMD6|SLC22A2|INPP4B|RAD23B|DCAF17|CPOX|SOAT1|NGDN|RFC5|DBF4|SMC6|BAG4|ACAT1|HACD3|CFAP20|GOLT1B|PSMC2|LSM3|ARL4A|AIMP1|NUP88|ANAPC10|CFAP298|CDC5L|SMC4|PPP2R1B|ATAD2|LMNB1|TTC27|FAF1|SRBD1|CISD1|GRSF1
YAO_TEMPORAL_RESPONSE_TO_PROGESTERONE_CLUSTER_7	0.199899295065458	0.661803800747714	0.34471802820902	1.13680658158097	793	70	MGAT2|FOXA2|ARL8B|WSB2|HSPA4|COPS3|SAR1B|BRIX1|SLC25A48|FZD2|SERTAD1|KIF5B|UBQLN2|PTK2|EIF2S1|DDX3X|EIF3J|PSMA2|ANP32B|ETF1|JAGN1|ZNF281|HNRNPA2B1|MAIP1|PPP1R15B|RAB7A|TM2D2|CBX4|MTERF3
GSE31082_DP_VS_CD4_SP_THYMOCYTE_DN	0.200089793475007	0.662216072173467	-0.315138436233885	-1.11733318039399	1336	186	MAPK8IP2|AKAP13|RPS21|NUP210|TSSK3|TAP1|TSPYL2|HERC6|TPD52|RP1|VSIG4|ICAM1|LGALS3BP|MIF|PTK2B|MED22|CA12|AKT3|KCNAB2|TSPAN9|NINJ2|ARHGEF10|TRIM26|TXNRD2|FRMD8|RNH1|RRP12|FILIP1L|SWSAP1|SLC26A6|ENO3|AGRN|SEC61A1|POLR1C|SPN|NR4A1|RCBTB1|NOP16|SNHG6|PARP3|MADD|RPS23|CCDC9|FASN|SAMD9L|TMC6|TMEM65|TNIP2
WP_EICOSANOID_METABOLISM_VIA_LIPOOXYGENASES_LOX	0.200320512820513	0.66276114294407	-0.477754582847213	-1.20582150715987	1124	23	TRPA1|CYP4F2|LTB4R2|HPGD|PPARD|ACAA1|PTGR2|LTB4R|EHHADH
WP_REGUCALCIN_IN_PROXIMAL_TUBULE_EPITHELIAL_KIDNEY_CELLS	0.200461893764434	0.663010375488432	0.441646504363299	1.1803552399785	867	25	PIK3CA|SMAD4|SMAD2|MAPK1|MCU|TGFBR1|CASP3|PPP3R1|BRAF
WP_HEREDITARY_LEIOMYOMATOSIS_AND_RENAL_CELL_CARCINOMA_PATHWAY	0.200539568345324	0.663048809963887	0.480146561748913	1.20423236997222	891	19	PDK1|HIF1A|LDHA|NFE2L2|PRKAA1|CUL3|ACACA|RPS6
GSE17721_12H_VS_24H_GARDIQUIMOD_BMDC_DN	0.200989950502475	0.663461528139726	-0.314231076603476	-1.11555431350031	1339	189	PNKD|DBNDD2|NUP210|EXT1|NRDE2|MRPL41|TEF|SERF2|DTYMK|ECI1|TULP3|PPFIA4|PALD1|NDUFA11|PRKCSH|FOS|TBCC|TTLL1|KCNAB2|DCN|LIG1|SELENOH|PXMP4|MYDGF|YPEL1|DDT|SRM|KMT5C|RPP14|SDF2|SELENBP1|POLR1C|DEF8|TMEM205|GNB5|CD2BP2|CYBC1|SPIRE2|DCTPP1|GPR180|PRPF6|SLIRP|SLC66A1|ZNF707|UQCRHL|ATP5F1D|POLA2|ABCD4|CIPC|PIGS|TSPAN31|ITPR3|CTSH|TUFM|MCM7|TP73|PRAF2|SMYD5|NDUFA8|ALKBH3|AKR7A2|H2AZ1|SLC25A10|MESD|CLPP|SSBP4
GSE24142_DN2_VS_DN3_THYMOCYTE_FETAL_UP	0.200961249624512	0.663461528139726	0.289514132386201	1.09135537911942	668	180	NLGN2|CD44|SNX18|IL10RB|GNG12|EGLN3|NEDD4|NRG4|LIN28A|CTSK|DOCK7|FASTKD1|SYPL1|PTGES3|CAPN2|TJP2|HSPA14|CMPK2|ARL1|ORC2|HNF4A|KCTD14|EPB41L4B|ICA1|LRRC8C|FUT8|PANK1|HBEGF|ACSL1|C1orf54|CCNH|CREG1|PLPBP|PYGL|MED7|FBXO33|ANXA1|GLUL|PTGER3|FAM111A|BMP2K|HSD17B12|MPHOSPH10|SFXN1|PLSCR1|ZWINT|PARP16|TMT1A|IDE|ASAH1|SLC4A1AP|PSMD11|RAB31|L2HGDH|BTK|GGT1|PNP|XRCC2|KIF2A|VIM|EXO1
GSE2706_R848_VS_R848_AND_LPS_2H_STIM_DC_DN	0.200854700854701	0.663461528139726	0.297629444725595	1.10004265599806	704	153	AIM2|CXCL8|RHOV|ARRDC3|EGR3|CD69|COL15A1|IFIH1|IL12RB2|CCL5|DHX58|LINC01097|CCRL2|CPEB2|OTUD1|EGR1|PLEKHF2|IFIT3|SMARCA5|C19orf73|DLK2|RSAD2|SLAMF7|IFIT1|PTX3|DGCR5|IFIT5
GSE37532_VISCERAL_ADIPOSE_TISSUE_VS_LN_DERIVED_TREG_CD4_TCELL_DN	0.200994870200529	0.663461528139726	-0.329406587018385	-1.12773063807083	1292	137	IDUA|POU2F2|POLR2L|DHH|PYCARD|GHDC|AMDHD2|EVI5L|FAM120C|HOOK2|CECR2|KRT73|LENG9|ZMYND10|BRD4|GNMT|BICRA|GAL3ST1|MAP3K11|GPSM3|PRTN3|SETD1A|GRINA|EXTL3|AP3D1|MEF2D|THOP1|NMNAT1|RPS26|INO80D|ICAM4|TAF6|SH3BGRL3|VAMP2|CRTC2|MAN2B2|KDM6B|HIPK2|CCDC107
GSE7568_IL4_VS_IL4_AND_DEXAMETHASONE_TREATED_MACROPHAGE_UP	0.200760901375476	0.663461528139726	0.294049332600279	1.09825472661372	685	167	PTPN6|ZFP69|RBM44|PLK4|CLDND1|CKS2|MNS1|MME|MRPL42|FANCB|CBFB|NEIL3|MAD2L1|PLPP3|IL1RL1|PSMG1|LARP7|EIF3C|MED23|SPDL1|LCP1|ENDOD1|BUB1|KCTD9|DNAJB11|S100A10|PSMA6|CWC15|DSCC1|RACGAP1|CENPI|IPO5|GLTP|NEK2|API5|FAM111A|GARS1|NUP155|DLD|PRPF40A|NCAPG2|LRR1|ELOF1|DSN1|PABPC1|NDUFAF2|BLMH|EIF1AX|BCAT1|RBBP7|ALYREF|HSPA5|KNTC1|VDAC3|DEPDC1|GTF2H5|PSAT1|PGK1|GNAI2|HROB|WDHD1
AMIT_EGF_RESPONSE_480_MCF10A	0.201313288405046	0.664184730898999	-0.415639547948188	-1.17818110708604	1164	40	FOXD1|LYPD3|MRM2|SMTN|SLC35G2|RHOF|CABIN1|TRIB3|HPCAL1|TIMM10|SZRD1|GIT2|MREG|SH2D2A|VEGFA
GSE11057_CD4_EFF_MEM_VS_PBMC_UP	0.201346297681376	0.664184730898999	-0.314087139582839	-1.11500618534485	1345	188	PBX4|ANO9|FAM171A1|ACE|PBXIP1|FLT3LG|ANKH|TMEM116|GON4L|TMEM63A|LDOC1|DYRK2|DBP|MRPL41|RASGRP1|LSR|TRPC1|NFRKB|PELP1|MORC4|BIN1|CCDC57|TRAF2|ICAM2|STOML2|XPC|AFDN|IL23A|NPDC1|SFMBT1|SNRPD2|MALT1|SUSD3|EVL|SIGIRR|RPSA|NOSIP|CD3D|STMN3|ST8SIA1|ZNFX1|ALDH6A1|ITPR3|CHMP7|DNAJC19|ESYT1|GSTK1|PLCD1|SLC39A13|CCDC107|EDEM1|SEC11C|KIF22|MFHAS1|ATP1A1|USP46|PPP2R1A|KLHL36|EGLN2|RABEPK|PHF1|PEX16|TMEM185B|CYB561D1|LIN52|CAMK2G|RNF126|FAM117A|JADE1|ATP8B2|CFAP36|HMOX2|EML4
GSE28783_ANTI_MIR33_VS_UNTREATED_ATHEROSCLEROSIS_MACROPHAGE_UP	0.201443174984967	0.664241611430635	-0.316470008072442	-1.11573682091297	1339	176	POU2F2|GNRH1|KHDRBS3|ADGRE5|VILL|SPOUT1|RTN2|KATNIP|ECI1|APLNR|FLT1|ATP1A3|HSPB6|EXTL1|IFT27|CCND1|ACVR1B|TOM1|NDUFS8|TIMP1|RBM38|SLC15A2|EPHB6|MAD1L1|PHKG1|SLC16A3|TSC1|ID3|ISG15|ATOX1|CDK2AP2|SULT1A1|CLSTN1|NR4A1|BAP1|ABL1|ZBTB7B|TNFRSF1B|LIFR|SIVA1|VAC14|MYBL2|PAFAH1B3|DUSP5|CD81|PSEN1|NINJ1|TIMELESS|ITPR3|SIK3
GSE40277_EOS_AND_LEF1_TRANSDUCED_VS_CTRL_CD4_TCELL_DN	0.20149588631264	0.664241611430635	-0.31401008164045	-1.11473263042468	1346	188	SPIB|ADAM19|FES|TYROBP|FARP1|BSCL2|B4GALNT4|DIAPH2|TRPV2|SLC29A1|DGLUCY|SGSH|DTYMK|TSHZ3|PDCD11|PDLIM7|APOBR|IFT27|ACVR1B|COMTD1|TTYH2|ANKRD63|ATP2A3|GALR3|ATN1|COBLL1|RRP12|MED10|MACROD1|SRM|SLC7A1|CERS4|ARHGAP1|ELOVL1|SMCO4|FASN|MCRIP2|OAS3|C12orf75|ID2|TBCCD1|MGAT4B|DTNBP1|FRRS1|PARP12|DPY19L1|MAFG|S100A6|ESYT1|LDAF1|FTSJ3|URB2|GTF2IRD1|ARAP3|MMD|ATP6V1H|MRPS26|CRELD2|ISYNA1|SLC25A10|TTLL11
MINGUEZ_LIVER_CANCER_VASCULAR_INVASION_DN	0.201630674305862	0.664249658248191	0.515225145870017	1.21631820605086	914	15	SLC38A2|ZFAND5|DEPDC7|RCL1
REACTOME_PLATELET_HOMEOSTASIS	0.20162224797219	0.664249658248191	-0.366330741303659	-1.14947362468002	1217	72	PDE2A|GNG8|SLC8A2|ATP2A1|P2RX4|GNB3|ATP2B3|PTGIR|P2RX5|ATP2A3|TRPC3|P2RX6|ORAI1|NOS3|GNB5
REACTOME_RND1_GTPASE_CYCLE	0.201702530148971	0.664268371927616	0.394473170628622	1.17173503081934	852	39	FAM135A|LEMD3|DEPDC1B|CPD|TXNL1|TMEM59|RBMX|RRAS2|KIDINS220|KIF14|ARHGAP5|TFRC|DLG5|DST|CCDC88A
YIH_RESPONSE_TO_ARSENITE_C3	0.201805137699607	0.664388314932322	0.4286065549605	1.18100025467329	871	28	GTF2IP4|CCNG1|VBP1|RFC4|SMAD4|RAP1A|CDK1|RFC5
BACOLOD_RESISTANCE_TO_ALKYLATING_AGENTS_DN	0.202225447508466	0.664464498229128	0.373889061981483	1.15456082518458	835	48	CCNG1|LRPPRC|TLN2|NREP|ATP8A1|UBXN7|MTRR|CS|MEGF9|TUBGCP4|SMPDL3A|SRSF1|ZNF124|PHF8|TSPAN3|ZC3HAV1|TCEA1|KDELR2
GSE11961_FOLLICULAR_BCELL_VS_MARGINAL_ZONE_BCELL_DN	0.202003338898164	0.664464498229128	-0.319631108095191	-1.11827926459036	1330	165	EFNB1|SPMIP8|GFAP|HBB|GPR176|RHBDF1|LENG9|RRBP1|RIPOR1|STAB1|GAS2L1|DOCK6|ECE1|BCL6|FBXO41|TXNDC17|ITGB5|SULT1A1|CPQ|PPP1R26|TEX264|ARHGAP22|TUBB2B|IFNGR1|CRAT|STARD10|FSD1|CHPF2|UBFD1|UBE2M|POLM|TNFRSF10A|CD81|GATA2|BCL6B|PITPNM1|PMP22|ATP6V0A2|MAN2A1|ASL|HABP4|GALNT2
GSE18791_CTRL_VS_NEWCASTLE_VIRUS_DC_1H_UP	0.202102620429939	0.664464498229128	-0.333113060451888	-1.12594542419963	1287	123	SPIB|ANKRD33|SEC24B-AS1|PTPRU|LAMA4|TLR6|LIMD1-AS1|TEX19|FOXH1|DSC3|SYNGR4|HFE|LINC01465|PFN4|SNX21|FOS|ZSCAN20|KDF1|DIPK1C|LINC00656|PTPN3|ZNF302|BATF2|WDR27|PROSER2-AS1|BMP1|ARHGAP39
GSE34205_RSV_VS_FLU_INF_INFANT_PBMC_UP	0.201997146932953	0.664464498229128	0.29671647034485	1.09983289829944	707	156	C1GALT1C1L|DUSP21|RPL26L1-AS1|EPB42|FZD8|SESN3|RNF11|DNAJC6|IMPG2|DAND5|STRADB|HEMGN|BNIP3L|MOB3B|GULP1|NSUN3|PPM1A|CT55|MXI1|MKRN1|ADIPOR1|GYPA|RNF182|DLK2|SLC26A4|SLC4A3|FRZB
KAYO_AGING_MUSCLE_UP	0.202098950524738	0.664464498229128	0.285870909986931	1.08619509374192	673	189	MYO1F|CD83|AIF1|FOXO1|CCL2|SMARCA1|UQCRB|EXOC5|PTHLH|AMD1|PDE3B|STXBP3|SCG2|GLUD1|GCNT2|ZNF8|KIF20B|DDR2|RFX5|NPR2|ETV3|RELN|RBMX|MAPK8|PPP3CB|HNRNPH2|SCARF1|CHIC1|MPP2|MLC1|FRZB|SGCB|MAMLD1|FUT8|RBL1|DDX18|ANGPT1|EPCAM|ELK1
REACTOME_OXIDATIVE_STRESS_INDUCED_SENESCENCE	0.202159758615214	0.664464498229128	-0.343881555211969	-1.13681685045142	1272	104	H4C4|H2AC20|H2AC7|H2AC8|H2BC13|MAPK11|H2BC17|H4C11|H4C3|CBX8|UBA52|H3C12|H4C14|FOS|CDKN2D|UBB|H3C13|H4C2|H2BC5|PHC1|H3C2|MAPKAPK2|H2BC12
GSE24142_DN2_VS_DN3_THYMOCYTE_ADULT_DN	0.202463202162812	0.664656458955877	0.289316644745149	1.09061092772565	673	180	SLAMF6|ZNF14|MORC1|RYR1|EIF2AK3|STT3B|PDCD10|DARS1|BNIP3L|MARCHF5|UCHL3|PHLDA1|EGR1|ABCE1|SNAI3|WDR26|RRAS2|RPF2|POGLUT2|QNG1|EPB41L4A|SLC35D1|NCKAP1|TIMM23|PDE12|CARD10|CCNH|TGFBR1|ZNF451|RAPGEF6|EPCAM|FAM91A1|EIF4G3|CS|IFTAP|ZMAT3|EIF2S1|KDM3A|MGA|SKP1|ZMPSTE24|POPDC3|TPST1|MIX23|DHX57|NUP88|RSL1D1|SFXN2|CHCHD3|UTP25|TASOR2|BCAT1|DEGS1|U2SURP|HIBADH|NR3C1|CPEB4|SNRK|SIMC1|PPP2R5A|RAD17|CCDC93|KLHL42|TMEM126A|PLD3|PRKCB|MTERF3|NDUFS4|CSNK2A1|ICE1
GSE4142_NAIVE_BCELL_VS_PLASMA_CELL_DN	0.202520252025203	0.664656458955877	0.290312647034978	1.09191976978164	674	177	NUDT12|TM6SF1|ZNF708|IFIH1|IL12RB2|MRPL1|ARID2|UAP1L1|CDS1|NCOA3|ONECUT2|VBP1|FAM107B|ZFP82|TBC1D2B|USP2|EGR1|PEX1|TXNL1|CFAP210|NEMF|NCAPG|UFL1|PMS1|PLRG1|P2RX7|DOCK10|CDK17|ROCK1|SFXN4|PELI1|VRK2|UBE2W|ZMAT3|PGM3|WDR81|BIRC2|PPWD1|NGLY1|LEPR|FUCA2|LRRC40|ATP11B|BMP10|GTDC1|CHCHD3|HLTF|TRMO|ETV6|ZNF281|HJURP|ATF3|ORMDL1|PPM1E|CPSF6|TBC1D7|TANC2|CD82|DNAJC21|ARMC10|SH3GL3|MAP2K1|STAG2|TRIM5|ZMYM4|TPST2|LRIF1|CALU
GSE45365_HEALTHY_VS_MCMV_INFECTION_CD11B_DC_IFNAR_KO_UP	0.202548725637181	0.664656458955877	-0.315589277835771	-1.11496001711038	1350	179	ZSWIM9|ZNF331|ANKEF1|RHOBTB2|FLT3LG|MTG1|FAM120C|NAT9|RCN3|SFI1|APOD|SEC14L1P1|STYK1|NOP2|RPAP1|HCFC1|CABIN1|LMF1|TMEM255A|TPPP3|EPHB6|BCL9L|YDJC|RPS10P7|ANKRD23|ZNF329|USP36|CAPN15|XPC|IL23A|TELO2|FAM118A|WIZ|YJU2|ANKS6|GIPC1|MEF2D|SLC16A9|NOSIP
REACTOME_RNA_POLYMERASE_III_CHAIN_ELONGATION	0.202380952380952	0.664656458955877	-0.507220733528269	-1.2124673111675	1121	18	POLR2L|POLR2F|POLR2E|POLR1C|POLR3K|POLR3GL|CRCP
GSE10463_CD40L_AND_VA347_VS_CD40L_IN_DC_DN	0.202771362586605	0.665169587465471	-0.324696846994841	-1.12025229100157	1316	146	DND1|PTPRB|AARSD1|DHH|REN|PTPRU|TDH|FGF14-AS2|KCNC4|RPS29|DBP|SMAD6|SMTN|ARHGEF17|MST1R|PKN3|CRACR2B|SKIDA1|PANX3|C2orf15|ADAMTSL4-AS2|TMEM109|TCF24|NFATC4|RAMP1|ARRDC1-AS1|SMIM1|LINC00623|CCDC157|ARHGAP22|WNK4|REPIN1|TMEM102|NUBP2|MRPL24|ZNF213|PRMT1|MXRA8|ECH1|MICAL1|CCDC28B|CTSH
WP_G13_SIGNALING	0.202915588996003	0.66542524741649	0.40049870533836	1.16815295396458	862	36	GNA13|CFL2|PPP1CB|PIK3CA|ROCK2|PAK3|RHOA|ROCK1|LIMK1|ARHGDIG|PFN1|WAS
GSE17721_12H_VS_24H_LPS_BMDC_DN	0.203298350824588	0.666027691115278	0.285566314461971	1.08503775260216	677	189	OSGIN1|SLAMF6|TRIM69|TBCEL|UQCRB|YIPF1|TP53INP1|CEP20|LRBA|NPM1|C5orf34|ARL8B|TFB2M|LRPPRC|SH3BGRL2|INTS6L|MTCH2|ODR4|NUP133|BRIX1|KIF3A|HLA-C|TPRKB|TRIAP1|PKP2|SUPV3L1|NME7|UBA2|RDH11|STK24|IREB2|FAHD1|ARMC1|COX7A2L|MED31|COQ3|HMG20A|SUGT1|EEFSEC|GTF3A|MAPK14|IVNS1ABP|METTL5|SEC62|JAGN1|TOMM40L|NSMCE3|KLHL7|WBP1|EXTL2|TRAM1|CISD1|GHITM|POT1|CAT|TMEM33|DRG1|SORD|GLO1|ACTR6|OGA|HEXB|MRPS2|CEBPZOS|DPH5|HSPA4L|CD68|DRG2|SETD6|TM2D2|ANAPC1|OSBPL9|TMEM126A|LDAH|MRPL19|SLC25A20
REACTOME_MEIOTIC_SYNAPSIS	0.203268300817075	0.666027691115278	-0.374646822027482	-1.15424797987732	1218	64	H4C4|H2AC20|H2AC7|H2AC8|SYCE2|H2BC13|H2BC17|H4C11|H4C3|SUN2|H4C14|SYCE1|H4C2|H2BC5|H2BC12|STAG1|H2AZ2|LMNA|ACD
SHIPP_DLBCL_CURED_VS_FATAL_UP	0.203283269297939	0.666027691115278	-0.444357270117812	-1.19116781559782	1163	30	APLP1|ATP2A1|MMP1|AKT3
JIANG_MELANOMA_TRM10_LAMINA_PROPRIA	0.203454575651885	0.666322032754852	-0.372403121064087	-1.15381962429357	1224	66	GZMM|LAG3|MT2A|LYST|PSMB9|HCST|PDCD1|CYTOR|CYBA|LINC00861
GSE3039_B2_VS_B1_BCELL_DN	0.203590127150337	0.666548498478499	-0.314950438531984	-1.11488895607652	1360	181	C3|HOMER3|RAPGEF5|COX8A|CPT1C|PWWP2B|METRN|KCNC3|CENPT|RNASEH2C|CHCHD10|HYLS1|MMEL1|SLC39A2|SLC16A13|SLC19A1|LRRC75B|B3GAT3|ATP2A3|FRMD6|MAD1L1|POLE|GPATCH3|HMGXB3|PPP6R2|HSD17B7|NDUFB7|SLC1A5|NDUFA1|SLC39A4|TSC22D4|MLEC|TSPOAP1|GALE|SIDT2|GPAA1|RAD54L|CLUH|PTK7|DCTPP1|LAMP1|CDC34|SKI|FANCE|VEGFA|AP2M1|KIF2C|CD320|PIMREG|CEP89|CDCA8|TICRR|COQ4|HDAC6|H2AX|SYT5|PSRC1|YARS1|DNAJB12|GSTM4|CENPM|SSNA1|BEX2|METTL1
GSE13306_RA_VS_UNTREATED_TREG_UP	0.20369284876905	0.666667367441711	0.292673113559015	1.09593111984725	694	170	NUDT12|ENKUR|TSPAN32|LGR4|RNF217|CCNE2|CNOT11|REV3L|CKMT1B|BBS2|PPM1B|CUL4B|GLE1|LZTFL1|BCLAF3|HSPH1|INTS6L|PREPL|ZDHHC6|HSD17B11|LIPC|PLA2G4C|TMEM176A|ZNF536|RSPH6A|XCL1|TMEM176B|EGR2|ZBED5|GUF1|SNAI3-AS1|PIGH|CA8|SCAMP1|UXS1|RAB2B|FAM3C|GSTCD|SLF2|BRAF|PEX5|HMX3|INPP5B|CLUAP1|ETF1|EFR3A|ALKBH8|XPOT|ECD|SAV1|LRRCC1|NCOA5|BLMH|LTA4H
BIOCARTA_INFLAM_PATHWAY	0.204085321764281	0.667516604714841	-0.514969917839354	-1.21449733797955	1128	17	IL15|CSF2|TGFB3|PDGFA
GSE339_EX_VIVO_VS_IN_CULTURE_CD4POS_DC_DN	0.204081632653061	0.667516604714841	0.288825264479386	1.08782956411908	679	179	DNAJB2|CD83|RNF11|RNF2|KPNA3|GNAI3|STXBP3|BPNT2|TBCA|PPP6C|BMX|NDFIP2|PTGES3|ARF4|WSB2|NAE1|WDR26|CWC22|AP3S1|CCNC|SMARCA5|USP14|SNX4|HSD17B11|B3GALT1|ELL2|RAD23B|RAP1B|LITAF|ANKRD28|TMED7|GOLGA4|SERTAD1|RAB5A|WAC|DNAJA2|SHD|SCIN|B3GNT2|NAMPT|CACUL1|UBE2D3|WSB1|DNAAF10|SUGT1|RO60|SEMA7A|C6orf62|PLCB1|PLSCR1|VPS4B|AEBP2|FABP5|DNAJB6|HSPA9|HNRNPA2B1|RAB10|RPL7L1
BURTON_ADIPOGENESIS_8	0.204545454545455	0.667907196654883	-0.368613572331622	-1.14958024032828	1232	69	PLXNB2|TPBG|ACTA2|SMAD6|MATN4|PDLIM7|EMP3|PSAP|CTSA|KCTD10|CPQ|F2R|MAPKAPK2|ITGAV|TAPBP|CD276|CAPG|SKI|KDELR3|SCPEP1|SERPINF1|PRAF2
CHIANG_LIVER_CANCER_SUBCLASS_CTNNB1_UP	0.204539086578874	0.667907196654883	0.302958467465772	1.10383989127786	729	137	FITM2|TBX3|CD36|C20orf204|PDK1|SLC22A4|ALDH1L1|INSIG2|HSDL2|SHLD2|FGF13|TMEM64|MME|EXPH5|RHOBTB1|KCNJ8|GSTM2|TAPT1-AS1|ABCB11|TENM2|RUNDC3B|SLC4A4|CDC14B|KCNK1|WASHC3|NUBPL|IFT70A|TMEM245|GLUL|TBCK|PANX1|PRAG1
GSE16385_MONOCYTE_VS_MACROPHAGE_UP	0.204405286343612	0.667907196654883	0.292337873277932	1.09597849100213	695	171	AIM2|TCEAL1|GJC2|STAP1|FBXO2|CAMK2B|PLEKHH2|CREBL2|ESR2|DUSP19|EIF3E|NCOA4|TSACC|NIPSNAP2|DCTN4|OCIAD1|SH3BGRL|NEIL3|SAR1B|SYTL3|LFNG|CPXM1|OTULINL|RSPH6A|EHD3|SLC35D1|FCGRT|BACH2|MORF4L2|NSUN4|CMPK1|EXOC6|PRELID3B|FTO|NNT|FAM241B|SKP1|UTP15|KLHL12|PGAP3
GSE2706_UNSTIM_VS_2H_R848_DC_DN	0.204603967893382	0.667907196654883	-0.317049855457401	-1.11375783960257	1350	172	NFKBIZ|STX11|CXCL1|TAP1|MIR3945HG|ZC3H12C|IFIT2|DNAAF1|HERC6|MFSD2A|CASQ2|ICAM1|TTYH2|CRACR2B|EFNA1|BCL3|GREB1|DCN|IL1B|MYO1G|CYB5D1|RPS6KL1|PLEKHG2|ISG15|ZC3H12A|NFKBID|SLC7A1|SLC2A3|PLK3|SDC4|RILPL2|HIVEP1|GRINA|ZBTB43|IL15RA|NFKBIB|SNHG15|DCUN1D3|CLCF1|BID|TNIP2|ESPL1|DUSP5|SOCS3|NINJ1
GSE5589_WT_VS_IL6_KO_LPS_AND_IL6_STIM_MACROPHAGE_45MIN_UP	0.204524469067405	0.667907196654883	-0.322199242400075	-1.11727550120767	1328	154	ESPN|IL21R|KRT15|C21orf58|LCA5L|CD14|ZNF169|MLXIPL|GPR68|EEIG1|MATN4|ITGAX|SVOP|PTGIR|ERO1B|CAMKK1|SH2D3C|SHFL|ATP6V1F|TNK1|ATP2A3|LRPAP1|FOLR2
SMID_BREAST_CANCER_LUMINAL_A_UP	0.204335405814149	0.667907196654883	-0.376111609357641	-1.15270435010155	1215	63	SVEP1|COL14A1|HBB|LMOD1|ITIH5|ITGA7|CILP|PPARG|CFD|STC2|FHL1|ESR1|MAP3K12|FAXDC2
KYNG_ENVIRONMENTAL_STRESS_RESPONSE_NOT_BY_GAMMA_IN_WS	0.205082950935404	0.66918327041824	-0.45497121113427	-1.19154626402297	1161	27	EFNB1|TP53I11|ATP5ME|HSD17B10|CCNL2
SUNG_METASTASIS_STROMA_DN	0.205128205128205	0.66918327041824	0.373038254481169	1.15193355118937	847	48	PITPNC1|ZNF367|DERA|MT1X|VPS50|NUP153
BRUINS_UVC_RESPONSE_VIA_TP53_GROUP_D	0.205466237942122	0.669664999657464	0.279051576915254	1.08173391968561	638	231	LRRC8E|SEMA3A|PITPNC1|BICDL1|FCGR2B|EFNA2|SLC9A2|LGALS3|ZBTB22|CAPZA1|ATP6AP2|SOCS6|FAM107B|HEMGN|UBA5|RNF138|ARIH1|PPP1CB|VPS50|TNFSF13B|STT3A|BMI1|PUS3|TSC22D2|SNAPC1|RAB3D|EARS2|PITX3|ABCB11|FLACC1|B3GALT1|SGCB|TMEM176A|PAX5|LAT2|DUSP10|SLC30A1|PGM2|VDAC1|ZFP14|SCAPER|CCSER2|PTK2|UXS1|CACUL1|DDX3X|LUC7L2|DNM1L|TIPRL|RBM25|FBXW11|ATP1B2|MFSD6|OSBPL3|TRIM59|DDX21|EXTL2|ALDH1B1|B3GALNT1|POLR3G|TGFBR3|PHKA2|ZRANB2|COPB1|FHAD1|DENND1B|MZT1
REACTOME_P130CAS_LINKAGE_TO_MAPK_SIGNALING_FOR_INTEGRINS	0.20537681798149	0.669664999657464	0.513433840093378	1.21208937939867	931	15	SRC|VWF|RAP1B|RAP1A|ITGA2B|PTK2
WP_OVERVIEW_OF_PROINFLAMMATORY_AND_PROFIBROTIC_MEDIATORS	0.205476011052499	0.669664999657464	0.349054630749238	1.13895807149734	817	66	TSLP|CXCL8|CCL5|CCL2|CTF1|CCL4|TNFSF13B|SPP1|IL24|XCL1|CXCL11
BARRIER_CANCER_RELAPSE_NORMAL_SAMPLE_DN	0.206077541040866	0.670536906634754	-0.443374101487601	-1.1885322812916	1179	30	FAAP100|TCIRG1|SPG7|RHOT2|CPSF1|SUPT5H|NFE2L1|CNPY3|CDK10|NSMF|LAMP1|HSPA1A|GNB1L|PSD4|TYK2|STK25|JUN|INTS1|CSNK1G2|SPTAN1
GSE7460_TCONV_VS_TREG_LN_UP	0.205966984703922	0.670536906634754	-0.316819171281508	-1.11294747396149	1359	172	VWCE|SLC30A4|RAB27B|ENC1|GTF2I|SNN|LYST|H2BC13|DYRK2|RCN3|ADAMTS4|SHLD1|PPFIA4|LRRC75B|CYP2S1|AQP11|NYAP1|PIK3IP1|TXNL4B|ACP3|SLC6A13|SLC16A5|SEMA4F|SLC12A7|RNF32|IL17RA|ENDOG|GATD1|WDR13|PAQR7|UBALD1|CDK10|PCYT2|PDLIM4|ZNF764|SH3KBP1
GSE9946_MATURE_STIMULATORY_VS_LISTERIA_INF_MATURE_DC_DN	0.205967276227141	0.670536906634754	-0.347588258334824	-1.13561454540438	1283	95	MESP2|YJEFN3|TRIM29|DYSF|LCAT|PTH2|SLC22A13|GALNT14|MMEL1|TPD52|VSIG2|FAM131C|ERO1B
HOEK_NEUTROPHIL_2011_2012_TIV_ADULT_7DY_UP	0.205935251798561	0.670536906634754	0.476807359501763	1.19585747831153	915	19	PTGDR2|SIGLEC8|DOK2|MIAT
WIERENGA_STAT5A_TARGETS_DN	0.206074411541382	0.670536906634754	-0.318467856659701	-1.11511405606762	1356	167	TPM2|STX11|EMILIN1|CD14|STX1A|RASGRP3|LILRA2|ANGPTL6|C5|CD84|CARD19|SLC9A1|CHST12|RUFY1|SH3PXD2A|SMAD6|CLCN2|IFI16|CAPN11|LGALSL|TMEM163|DENND2C|LOXL3|PTGIR|CCND1|TMEM44|PPM1F|CRACR2B|H4C2|CCDC9B|NDUFAF3|NINJ2|USP20|IRS2|MRPS14|BIN1|CAMK1|DLK1|ITGB5|SLC22A23|IL17RA
GSE25123_CTRL_VS_IL4_STIM_PPARG_KO_MACROPHAGE_UP	0.206168588111993	0.670615776885348	-0.313968878967993	-1.11258567290816	1376	184	SSC4D|AQP1|C1QTNF12|POLR2F|SYCE2|ABCB4|SNN|MT2A|MAPK8IP3|TRAIP|CLCN2|SAC3D1|CAGE1|LONP1|NDUFA11|ACSL6|PKMYT1|TNK1|TINAGL1|PIGQ|TEX22|TRPM1|YDJC|AREL1|GFI1B|SRM|NAA80|LSM7|SLC22A23|SPHK1|HEXA|NOS3|GALE|GPAA1|PYROXD1|TSC22D1|LIFR|MRPL2|PSMG3|TFR2|YJU2|GIPC1|GTF3C5|EGFL7|STARD10|ZNF408|CKB|DDX59|TNFAIP2|KIF2C|POLDIP2|GRAMD1A|GADD45GIP1|PTDSS2|VPS33B|SNX15|GATA1|ARAP3|TMEM177|CPNE2|GDA|KIF22|CUEDC2|SLC39A7|ZNF335
GSE23321_CENTRAL_VS_EFFECTOR_MEMORY_CD8_TCELL_DN	0.206334841628959	0.670939144888725	0.287100161613821	1.08668878495849	683	185	BICDL1|FGD4|ZBTB22|TLE4|EIF3E|BBS2|CEP20|MEF2A|TRMT10A|UCHL3|PPM1B|RMDN1|MARCHF7|AKAP12|DDX10|BCAS2|STYX|DENND6A|TCEAL8|TRMT10B|ART4|FBLN1|RSPH6A|EHD3|CNBP|HYPK|YWHAZ|MAP4K3|THOC1|SP1|TMEM230|DLG1|ZNF521|PSTK|KDM3A|NNT|PRKD3|TRIT1|SPTSSA|CD47|STARD4|MGST1|LRRC23|CCDC90B|PRXL2A|IPO11|MTIF2|PARP16|CCNDBP1|DDX20|ADH5|TMEM87A|METTL9|DIMT1|ZC3H8|MDM1|EHBP1|KIF2A|SORD|AFP|NUP58
GSE3720_UNSTIM_VS_PMA_STIM_VD1_GAMMADELTA_TCELL_UP	0.206539923954373	0.671246619835779	-0.319019515998897	-1.11523644465038	1357	164	RINL|GZMM|PDE2A|IFI30|PDLIM2|RPS20|RPS29|GSDMD|COX5B|GAS5|RNASEH2C|RCN3|RPL23|CAPN11|ITGAX|RIGI|CXXC1|NDUFS7|AURKAIP1|KLK8|GDF9|MBOAT1|CHD3|PSMB6|NDUFB7|UQCRQ|STXBP2|NDUFA1|HEXA|RILPL2|RPL27|GPC2|XPO6|TSSC4|NFKBIB|H2AZ2|RPSA|MEF2D|ERP29|RPS12|ADGRL1|RPL3|TRAF3IP2|NOP53|LY6E|RPL8|DNAJC19|PTRH2|ZNF512B|CD52|LARP1
GSE9601_NFKB_INHIBITOR_VS_PI3K_INHIBITOR_TREATED_HCMV_INF_MONOCYTE_DN	0.206563140931732	0.671246619835779	0.29403525185646	1.09577472122892	704	165	LIPG|DOP1B|CD44|IFIH1|MX2|NTS|CCL5|CCL2|CCN1|CCL4|CD164|HIF1A|TFPI2|CPEB2|MAPK6|PIAS2|TRIB1|IFIT3|HK2|EPB41L4A|ALPL|ACSL4|RAP1B|VAPA|LITAF|CXCL11|PPA1|HBEGF|EBAG9|CLIC4|PRMT6|PTPN12|SMIM3|FGD6|CYBB|VDR|TPST1|GNL2|PLSCR1|SPRED1|ALDH1A2|ADORA2B|ZFAND5|DDX21|B3GALNT1|MAP2K4
BIOCARTA_GLEEVEC_PATHWAY	0.206794345645235	0.671623857821728	0.453004728644898	1.18888567790845	906	23	MAP3K1|PIK3CA|MAPK8|JAK2|PIK3CG|MYC|MAP2K4|STAT1|SOS1|CRKL|MAP2K1
GSE14413_UNSTIM_VS_IFNB_STIM_L929_CELLS_DN	0.206813044882144	0.671623857821728	-0.351428532240944	-1.1373514305525	1280	89	CADM2|ANPEP|AQP1|SLC39A3|LDOC1|HSF2BP|SIAE|OFCC1|AFAP1|TRPM1|QTRT1|CYB561D2|NPHP4|SLC38A5|LCMT2|S100A16
SCHAEFFER_PROSTATE_DEVELOPMENT_12HR_DN	0.206938421509107	0.671813672415399	-0.418524213417472	-1.17505671975052	1192	38	PLAT|SPON2|ENC1|NSG2|CHD3|AMHR2|TUBA1B|MTCH1|TUBB3|PRMT1
GSE17580_TREG_VS_TEFF_UP	0.207103251910685	0.672131407267848	-0.314703804353045	-1.11296295215397	1381	180	PBX4|PLCB4|DND1|REM2|BSPRY|STX1A|TMEM258|ZNF467|KRTCAP3|ECM1|VILL|OTUB1|DNPH1|SYT7|NR1D1|CA12|CNTROB|LIG1|STK19|KHDC1L|ZFYVE19|TRIP6|ACSBG1|ASNS|DHRS3|TBC1D10A|FGFR3|LRRC61|F2R|RILPL2|HEMK1|EPHX1|FAM118A|TNFRSF1B|GNB5|SLC35F6|SFR1|RCN1|TTI1|SDF4
GSE20152_SPHK1_KO_VS_HTNFA_OVEREXPRESS_ANKLE_UP	0.207591933570581	0.672847216396995	0.29062475302756	1.09159391431854	699	174	AIM2|DNAJB2|CCZ1B|YOD1|BLZF1|RYR1|CDH18|POU6F1|TCF7|LTN1|PANK3|MNS1|VPS54|RSL24D1|RAPGEFL1|RALGAPB|PAQR3|TTLL7|MTHFD2|ROCK2|USP6NL|SACS|SLC44A1|PICALM|RP2|TMEM140|ICOSLG|TMED7|DBT|SYP|SCIN|RDH11|KRBOX4|BAZ1A|HPS5|ATP2A2|PPP4R3B|PRR11|NDE1|YWHAH|AVL9|DHX9-AS1|TFG|SEC63|NOTCH4|SETD3|RNASEH2B|IMPA1|GOT1|ZFHX4|DMWD|KYAT3|SMG7
KEGG_DRUG_METABOLISM_OTHER_ENZYMES	0.207510917030568	0.672847216396995	-0.439308551318541	-1.1854161796902	1187	31	TYMP|ITPA|TK2|TK1|NAT1|UPP1|UCK1|UCKL1
STREICHER_LSM1_TARGETS_UP	0.207402066810863	0.672847216396995	0.384913141982375	1.15665373987137	862	42	TCEAL1|FGF13|PDGFB|MAP3K1|FOXN3|ZBTB18|PAK3|INPP4B|RBL1|CITED2|CLOCK|IL13RA1
WP_GASTRIC_CANCER_NETWORK_2	0.207560296846011	0.672847216396995	0.421520188494969	1.17255611566257	894	29	TOP2A|RFC4|BRIX1|CHTF8|AHCTF1|FAM91A1|CACYBP|MYC|DSCC1|CTNNB1|ATAD2|RFC3
BIOCARTA_TEL_PATHWAY	0.207893779556202	0.673463563027316	-0.524156630295797	-1.21631430157009	1142	16	IGF1R|TEP1
DI_MARTINO_MATRISOME_HIGHLY_PROLIFERATIVE_HNSCC	0.20816911501254	0.673463563027316	-0.490918518513473	-1.20486934835409	1161	20	EMILIN1|ECM1
FOURNIER_ACINAR_DEVELOPMENT_LATE_DN	0.208654281830539	0.673463563027316	0.46220817477619	1.18798411630578	920	21	CKS2|ZWILCH|NCAPG|SERPINE2|RRM2|VRK1|CDKN3|ASPM|ACTB|FOXM1|CEP55
GSE3982_DC_VS_NEUTROPHIL_LPS_STIM_UP	0.208446455505279	0.673463563027316	0.286815933901286	1.0856129685401	690	185	SLC35A3|BMAL2|ABCC3|HMGN5|PTER|PECR|DARS1|PRPS2|DERA|PJA1|MT1X|NSUN3|GOLGA8B|SHQ1|INVS|NUP107|ATXN10|MRPL39|ATP1B1|RPL21|PLGRKT|ARL1|AGK|PPP3CB|USP14|NUP133|AKR7A3|TMEM176B|MRPL15|SLC35D1|MAGT1|ALDH9A1|NDUFV2|LDHB|TPRKB|TRIAP1|KDM4C|NNT|DNM1L|ACAT1|RPL7|APEX1|PAPOLA|TMEM126B|TAF9|EFL1|ADORA2B|CKAP5|PALB2|TMEM87A|FABP5|PAICS|COPB2|RIOX1|RMND1|GORASP2|MAIP1|CCDC88A|FAM149B1|SLC25A17|WDR43|PDSS1|AQP3|MELK|FDX1|MRPL35|PDCD6IP|SMARCAL1|BRCC3|GOT2|CEP83
GSE40274_CTRL_VS_FOXP3_AND_XBP1_TRANSDUCED_ACTIVATED_CD4_TCELL_UP	0.208301188088258	0.673463563027316	-0.321306747417209	-1.11450306445212	1349	155	H4C4|POLR2L|ATXN1|AXL|WHRN|KCNC3|HYOU1|SLC12A4|DNPH1|MFSD2A|KLF12|HCFC1|MAFK|WDR4|RRP12|MRPL55|POLD1|DMBX1|PGP|NOP10|MYBBP1A|RAB11FIP4|DOT1L|DDX31|RAD54L|PYCR1|SLC5A3|MIR17HG|FASN|OAS3|VAC14|RAD50|DCTPP1|THOP1|NUBP2|H1-5|SNAPC4|ESPL1|SLC25A43|EXOSC7|MCM2|CCNF|ZC2HC1C|ELAC2|TXN2|NUDC|URB2|PFKP|NEFH|CDC20|RPS19BP1|NOP56|SLC39A7|BYSL|PUSL1|TLE3
GSE43955_TH0_VS_TGFB_IL6_TH17_ACT_CD4_TCELL_4H_DN	0.207928197456993	0.673463563027316	-0.314051335253201	-1.11170623208808	1389	181	NFKBIZ|TBC1D1|IRF7|ITGA4|MADCAM1|EPB41L1|REN|PSMB9|TAP1|SYNGR1|KRT12|TWIST1|GGA1|MEF2B|SREBF1|IFIT2|ITGAX|NSG2|IRS1|SNX21|MX1|FRMD6|MAFK|HPCAL1|AGRN|DYNC1H1|RHOB|REXO1|UCP2|TAPBP|RAP1GAP|GRB7|PLXNA3|CACNB3|ISCA2|SF3A2|LMNA|PRPF6|TAX1BP3|IRF9|RNASET2|CKB|EMC6|PMP22
GSE45739_NRAS_KO_VS_WT_ACD3_ACD28_STIM_CD4_TCELL_DN	0.208622249020199	0.673463563027316	0.285711823025318	1.08393662499055	691	188	ZNF443|ARRDC3|BCAR3|COL15A1|ANKRD13C|ITFG1|STRADB|HMGN5|PLD1|RASGRP4|AMZ2|OTUD1|EIF4E3|CUL4B|H2BC21|NIPSNAP2|LYSMD3|NBR1|ERCC6|ZNF33B|GSTM2|APOL3|APPBP2|CAPRIN1|ANKRD28|PCMTD1|RBM43|KDM4C|KLHDC2|FXR1|SEPSECS|RFX7|TMEM230|AMZ2P1|FTO|ATPAF1|ADNP|DECR1|MIS18BP1|TRAFD1|GDE1|CFAP20DC|CD47|TIA1|KLHL12|RACGAP1|ITM2B|PPP2R5C|TMOD2|CSAD|SYF2|PARP4|VPS4B|CCNDBP1|RB1CC1
KEGG_PROSTATE_CANCER	0.208606664917345	0.673463563027316	0.334668301241426	1.1261457956252	794	81	EGF|FOXO1|CCNE2|TCF7|PDGFB|PIK3CA|MAPK1|NKX3-1|FGFR1|CREB3L3|SOS2|BCL2|NRAS|CDKN1B|CDK2|PIK3CG|CHUK|RB1|BRAF|CREB1|CTNNB1|PTEN
PID_PRL_SIGNALING_EVENTS_PATHWAY	0.208618331053352	0.673463563027316	0.451730982989002	1.18554280338234	914	23	SRC|EGR1|CCNA2|MAPK1|RHOA|ROCK1|PTP4A2|CDK2
REACTOME_GABA_RECEPTOR_ACTIVATION	0.208383813908408	0.673463563027316	0.376641976233722	1.15244764112459	859	46	GABRR2|GNG12|GNAI3|GNB4|KCNJ6|GABBR2|GNAL|GNG10
WONG_PROTEASOME_GENE_MODULE	0.208383813908408	0.673463563027316	0.370389531639745	1.14743822443418	859	49	USP25|UBA6|ARIH1|UCHL3|SIAH1|PSMA1|PSMA4|SIAH2|USP14
WP_EGFEGFR_SIGNALING	0.208547008547009	0.673463563027316	0.296722073537981	1.09668899919801	731	153	VAV2|FOSB|PLCE1|EGF|FOXO1|DOK2|SRC|NCOA3|NEDD4|PLD1|MAP3K1|MEF2A|MEF2C|USP6NL|SPRY2|MAPK8|EPS15|VAV1|MAPK1|RPS6KA2|SOS2|RAP1A|PRKCI|USP8|JAK2|RAB5A|ROCK1|SP1|ELK1|PTK2|PTPN12|ABI1|RICTOR|STMN1|BRAF|CAV2|CREB1|MAPK9|NCK1|PTEN|MAPK14|PLSCR1|PCNA|ATF1|ITCH|SYNJ1|STAMBP|PTPRR|STAT1|ASAP1|CRK|SOS1|FOXO4|GAB1|RPS6KA3|CRKL|SH3GL3|MAP2K1|RPS6KB1|PRKCD|PTPN11|PRKCB|MAP3K4|MAP2K5|RPS6KA5|PIAS3|SHC1
WP_GROWTH_FACTORS_AND_HORMONES_IN_BETA_CELL_PROLIFERATION	0.208333333333333	0.673463563027316	-0.474487577193288	-1.19757579728506	1169	23	IGF1R|SMAD7|FLT1|PGF|AKT3|DLK1|PDGFA|RASSF1|AKT2
GSE37605_C57BL6_VS_NOD_FOXP3_FUSION_GFP_TCONV_DN	0.208748114630468	0.67354984720689	0.289258745402972	1.08807473950474	691	178	GPR85|BMPR2|TMCC1|RASSF3|TMEM64|SFT2D2|PIK3CA|MARCHF7|GDI2|SPRY2|PIKFYVE|ZFYVE16|CIBAR1|PGRMC2|PICALM|HSPA4|GCC2|CPSF3|PDE4D|GPNMB|FCGRT|PIGK|CPOX|DBT|IFT74|WDR36|EIF1B|DDX5|TRAPPC2|WIPI1|HBS1L|SNX25|CD24|WDR11|TMEM70|CHD9|CCT4|HSPD1|SELENOF|PRKD3|FBXO33|THOC7|LRRC58|C6orf62|S100PBP|TOMM40L|RYK|EXTL2|PPID|POLR1B|CDC42SE2|POLR3G
GSE16450_CTRL_VS_IFNA_6H_STIM_IMMATURE_NEURON_CELL_LINE_UP	0.209225203497136	0.674872298426816	0.288362859670828	1.0874097540861	693	181	PITPNC1|IFIH1|GNA13|CCNG1|GPRASP2|USP38|TLE4|IMPACT|FOXN3|MARCHF5|ZNF518A|TTLL7|C3orf62|DCLRE1C|ETV3|SACS|UTRN|WSB2|EPS15|MRPS6|ATG10|CD96|LEFTY2|TMEM74|LITAF|SLC25A36|ZBED5|FLCN|LDHB|PCCA|JAK2|MFF|ANKRD46|PPFIBP1|RABGAP1L|ZFC3H1|BFAR|RPRD1A|TMEM237|SDE2|RB1|ANXA1|TTC3|CREB1|APC|INPP5B|NGLY1|NT5DC1|ZNF236|BMP2K|ERCC5|PPP2R1B|EXTL2|ETV6|POT1|YAF2|CDK6|SCN9A|UBR1
WP_CALCIUM_REGULATION_IN_CARDIAC_CELLS	0.209340659340659	0.675027799056068	0.30915175129192	1.10645182456759	761	120	GJC2|RGS5|PRKCH|CAMK2B|RGS2|RYR1|GNG12|GNAI3|GNB4|GNAQ|RGS9|PRKAR1A|YWHAQ|ADRA1D|GRK4|YWHAG|ATP1B1|ATP1B3
SIG_REGULATION_OF_THE_ACTIN_CYTOSKELETON_BY_RHO_GTPASES	0.209470492185678	0.675229544174641	0.409817359216303	1.16229460623704	897	32	CFL2|ACTR3|FSCN3|ROCK2|GDI2|PAK3|MYLK2|ROCK1|LIMK1|ACTR2|PFN1
GSE5542_UNTREATED_VS_IFNA_AND_IFNG_TREATED_EPITHELIAL_CELLS_6H_UP	0.209540532630963	0.67523848043326	0.292484095954072	1.09240867170258	715	167	PCYOX1L|PTPN6|MATCAP2|ANKRD18B|SESN3|CHN1|CAMSAP2|RASSF3|TESPA1|MAP3K1|MRPS24|ZBTB18|RNF138|AKR1E2|TAF9B|DMXL2|TAPT1|TCEA3|IL6R|NUDT11|TRABD2A|SERPINE2|CALD1|SLC40A1|FOXP1|LRRC8C|LDHB|IFT57|UBQLN2|ZNF215|PTK2|UXS1|MYB|NPAT|RPUSD4|WDR81|ATP6V0E2|METAP1D|PPWD1|UBQLN1|ABRAXAS1
GSE18804_SPLEEN_MACROPHAGE_VS_COLON_TUMORAL_MACROPHAGE_DN	0.209667852906287	0.675366192657521	0.290356614592489	1.09058677958253	706	174	DNAJB2|PITPNC1|TMEM182|MPP3|MLYCD|CAMK2B|CMYA5|SLC49A4|ALDH1L1|TBC1D32|RYR1|TMCC1|STRADB|CAVIN4|BTBD1|EEPD1|PPM1B|RMDN1|MEF2C|GNPAT|SVIP|SPEG|STYX|SAR1B|POPDC2|MRLN|HSPB8|TARS3|USP47
GSE19198_CTRL_VS_IL21_TREATED_TCELL_1H_UP	0.209714726291442	0.675366192657521	-0.323928884682881	-1.11808920098342	1359	147	SMAD7|ADSS1|EPM2A|RENBP|DEGS2|SYNE3|SMAD6|APOC1|INGX|SLC7A7|DENND11|PDLIM7|ZNF229|PALD1|DSCR10|SH2D3C|OCEL1|HRC|KLHL4|CCDC9B|MAP4K1|LZTS2|GLI4|ID3|ULBP1|ID2|GCHFR|DNASE2|MINK1|TMEM92|SKI|UBXN1|ZSCAN2
GSE17721_0.5H_VS_24H_LPS_BMDC_UP	0.209895052473763	0.675730127239139	-0.314496562818412	-1.11109951347475	1399	179	AQP1|IRX5|ENC1|POLR2F|TSPAN5|GASK1B|DGLUCY|HYOU1|CENPT|ATP5ME|CEP250|CD48|SLC7A7|LGALSL|DCAF11|RECQL4|HIGD2A|ACTN2|NDRG4|PKP3|AKR1B1|GPR146|RAMP1|RNH1|TRMT1|UXT|SIDT2|MYL6|NSMF|CENPV|CCDC9|FASN|ARMC6|TUBA1B|TK1|SSR4|FRRS1|MED25|ATP5MG|MRPL21|TRIM11|PDXK|PI4KA|NUDC|GALNT2|GADD45GIP1|DENND4B|MRPS28|CDC20|AKR7A2|RPS14|NDUFAB1|AAAS|EMC8|DAG1
GSE30083_SP2_VS_SP4_THYMOCYTE_UP	0.210101932146661	0.675904417640751	-0.318355970750869	-1.11240272602627	1380	163	PLXNB1|C1QTNF12|VANGL2|ZNF467|HDAC10|WHRN|EVI5L|MAPK12|VILL|FAM131A|TNK2|LRFN1|TPD52|EMX2OS|FGF12|CRISPLD2|STK39|ATP9A|MCAM|SLC27A1|GAS2L1|MED22|PKMYT1|KLF14|EPHB6|YPEL1|POMT1|SPTB|TONSL|KCNN4|ENO3|MEX3A|TSC22D1|CRELD1|CTTN|HCN3|H2BC18|CRAT|S100A16|BCL2L1|CCHCR1
GSE3720_LPS_VS_PMA_STIM_VD1_GAMMADELTA_TCELL_DN	0.210218528778086	0.675904417640751	-0.321248235408313	-1.11397773798061	1365	154	TRPM2|H4C4|PDE2A|IFI30|LYST|PDLIM2|TRIO|RNASEH2C|RCN3|RPL23|CAPN11|ITGAX|CXXC1|H4C14|PLEKHA1|RPL18|MIF|FAU|NME3|ADAM11|TACC3|FILIP1L|TRMT112|GPATCH3|RPS10|GMFG|GPSM3|CDIPT|THAP3|RPL27|NT5C|MRPL2|CNP|KLF13|EVL|NFKBIB|H2AZ2|RPSA|CLTA|MEF2D|CD3D|RPS26|RPL3|TRAF3IP2|NOP53|PIGS|LY6E|P3H3|DNAJC19
NAKAYA_PBMC_FLUMIST_AGE_18_50YO_3DY_IFN_SUBSET_UP	0.210201200141193	0.675904417640751	-0.452934892396629	-1.1862132497029	1190	27	CD14|IRF7|CIITA|PSMB9|IFI35|MX1|PSMB10|OAS3|SMURF2
YAUCH_HEDGEHOG_SIGNALING_PARACRINE_UP	0.210021905805038	0.675904417640751	0.31211226900555	1.10913942189401	766	115	PCYOX1L|TTC39B|TSPAN32|ZNF235|GPR174|SCN2A|PTHLH|HEMGN|RAB22A|RELN|MFSD4A|IRS3P|AGBL4|FRZB|BRINP3|GRIA2|SERPINB5|IGFBP5|SH2D4B|CPSF2|NME7|ARHGEF12|MYB|RERG|BCAS3|ARRDC4|BRWD3|PTGER3|LEPR
BUFFA_HYPOXIA_METAGENE	0.210335667713113	0.676064499681148	0.368514863157844	1.14687466791104	870	50	ANLN|LDHA|UTP11|HK2|MRPL15|MCTS1|SLC25A32|GPI|P4HA1|CDKN3|MRGBP|SHCBP1|CORO1C|SEC61G|PNP|BNIP3|MRPS17|ACOT7|PGK1
BONCI_TARGETS_OF_MIR15A_AND_MIR16_1	0.211052631578947	0.676769759483082	0.331772156302533	1.12322373900936	801	84	SNX16|AGO4|ADAMTS3|KPNA3|CPEB2|CPD|KDSR|MOB4|SPEG|RECK|EFNB2|WNT2B|BCL2|DNAJA2|BMPR1A|WSB1|HNRNPA1|WEE1|UBE4B|WBP11|PAPPA|UBE2V1|MAP2K4|SPTLC1|USP15|KIF23|CRKL|KCNQ5|RASSF5|ARL2|GPR63|CDK5R1|CCND2|PIM1|DEDD
DAZARD_UV_RESPONSE_CLUSTER_G4	0.210773680404917	0.676769759483082	-0.51255193438073	-1.20879480202153	1165	17	SULT2B1
GSE13738_RESTING_VS_TCR_ACTIVATED_CD4_TCELL_UP	0.210963455149502	0.676769759483082	-0.31575008621896	-1.11040641476171	1396	173	SLC26A11|IGF1R|FAM171A1|MGAT4A|LINC00528|FAM13A-AS1|MINDY1|HBB|SPEN-AS1|EREG|PLXNA1|TSPYL2|TMEM63A|FOXH1|GPRASP1|ZNF763|GCOM1|SEC14L4|ANXA2R|ZNF582-DT|TCP11L2|HS6ST1|PIK3IP1|PGF|TSPAN9|LINC00574|AXIN2|USP27X|CHD3|TSC1|ZNF329|FAM161B|UNKL|ZBTB20|NOL4L|LRRC37A2|PRKAB2|GPC2|FAM118A|GTSE1|XPO6|ENGASE|AFG3L1P
GSE1460_CD4_THYMOCYTE_VS_THYMIC_STROMAL_CELL_UP	0.211094452773613	0.676769759483082	-0.31421496894308	-1.11010465739405	1407	179	SHANK1|IL21R|PLLP|PIK3C2B|APBA3|REX1BD|ZNF692|ARHGAP4|SPSB3|CRYBG1|MSI1|PLEKHG6|AGER|UBOX5|STARD3|CASZ1|SIRT7|SDR39U1|MAP4K1|FHIP2B|SNRNP200|HIC2|ACSBG1|RAI1|BRD9|IL17RA|DGKA|DIAPH1|ERICH1|SPN|LINC00623|PLEC|RPS23|SNX11|INPP5D|TGIF2|POLR2A|CDK5RAP1|NOP53|STN1|C11orf71|NMU|SAFB|FAAP24|ZNF512B|TAF1C|VGLL4|RNF19A
GSE20715_WT_VS_TLR4_KO_LUNG_UP	0.210944395410415	0.676769759483082	0.290761514321409	1.09102142527459	716	172	MTMR6|PRKCH|CD36|GOLPH3|MME|RNF13|MEF2A|GLUD1|TMEM168|TNFSF13B|SYPL1|PRKAR1A|RTN4|NCBP2|ARL1|AP3S1|IFIT3|ORC2|MAPK1|SAR1B|COPZ2|NKAIN1|PLXNC1|SCFD1|EIF4E|LRRC8C|TBC1D19|ATP5F1B|SAMSN1|MBNL1|DDX5|DNAJA2|ANGPT1|RAPGEF6|CLIC4|SNX2|CRIPT|UBE2D3|SPCS2|SEPTIN2|CYBB|CHMP4C|VMP1|CUL3|ANXA1|IDH3A|SERINC1|ITM2B|DCUN1D1|KIAA1191|ATP11C|GHITM|BTG3|VIM|HSPA5|TBC1D15|TRAPPC13|GOT1|SLC35B1|RMND1|MAP1LC3B|SERPINB1
KEGG_ADHERENS_JUNCTION	0.210804020100503	0.676769759483082	0.341777693573864	1.13005039643807	838	71	PTPN6|TGFBR2|SRC|TCF7|FER|YES1|SMAD4|SMAD2|SORBS1|NLK|LMO7|MAPK1|FGFR1|RHOA|CTNND1|TGFBR1
REACTOME_NEUROTRANSMITTER_RELEASE_CYCLE	0.2109245684559	0.676769759483082	0.391365911347313	1.16250529145849	891	39	SLC18A2|SLC22A1|RAB3A|NAAA|CPLX1|SLC38A2|SLC22A2
WARTERS_IR_RESPONSE_5GY	0.210893617021277	0.676769759483082	-0.399656361558649	-1.16425817454458	1238	46	VWCE|PHLDB3|GASK1B|GDF15|DDB2|FDXR|FAS|PLK3|PIDD1|SH2D2A|NINJ1|BBC3|CDKN1A
GSE41176_WT_VS_TAK1_KO_UNSTIM_BCELL_UP	0.211267605633803	0.677013977461306	-0.315805041777469	-1.10938495953023	1394	172	FZD9|DNASE1L2|STX11|SPON2|LYPD3|SNN|KHDRBS3|ARID5A|EREG|INCENP|TSPYL2|CLCN2|AEBP1|LOXL3|ACSL6|CHD4|NRTN|ECE1|AKT3|PRDM16|STK19|TRIB3|GBP2|CSNK1D|ICAM2|LINC00115|KANK1|B4GALNT1|RPLP1|NR4A1|SZRD1|TNFRSF1B|CCDC9|RPS27|BID|TK1|TNIP2|TP53BP1|DBN1|NOP53|TPRA1|PSEN1|NINJ1
WP_SEROTONIN_RECEPTOR_467_AND_NR3C_SIGNALING	0.211305518169583	0.677013977461306	0.482998994423585	1.19628999849704	941	18	EGR1|MAPK1|RAP1A|ELK1|BRAF|CREB1|ATF1|NR3C1|MAP2K1|RPS6KA5
TSANG_PBMC_FLUVIRIN_PANDEMRIX_ADULT_CORR_WITH_CELL_FREQ_CD27HI_CD38HI_CD20_NEG_PLASMABLASTS_AND_CD38PLUS_OF_IGD_CD27PLUS_MEM_B_CELLS_7DY_POSITIVE	0.211625566180171	0.677823048282246	0.344637091609365	1.13396811746169	840	69	DTL|TOP2A|TP53INP1|PBK|KIF11|ARHGAP42|UAP1|CCNA2|SLC44A1|ELL2|CHAC2|TYMS|CDK1|RRM2|BUB1|SEC24A|SUB1|SHCBP1|PCLAF|CCNB2|HSPA5|LMAN1|B4GALT3|DLGAP5
KEGG_GLYCOSYLPHOSPHATIDYLINOSITOL_GPI_ANCHOR_BIOSYNTHESIS	0.211710677382319	0.677879355522718	0.443903980605717	1.17602596047631	921	24	PIGB|PIGA|PGAP1|PIGZ|PIGK|GPLD1|PIGH|PIGC
BROWNE_HCMV_INFECTION_14HR_DN	0.211846087332469	0.678048221339244	-0.301200039192927	-1.09922192207814	1469	247	H2AC13|TPM2|UBL3|RAB27B|RGS20|AKAP13|MARCKS|EXT1|AXL|HSPB3|DIAPH2|N4BP3|ETFB|H4C3|TRIO|SMAD6|DTYMK|TULP3|CRYBG1|ARHGEF17|IRS1|STC2|SERPINE1|TMCO6|MET|FAS|NLRP1|CPSF1|SPTB|NDUFB7|PSMB10|STON1|SPN|PLEC|GALE|PRKAB2|G0S2|BLVRB|FGF2|ZNF205|RAD50|CAND2|TK1|LMNA|NNMT|TRAF3IP2|NUMA1|ERCC2|ADD1|DESI1|MPI|ASL|SMARCE1|ABCA2|TUBA3C|APOBEC3B|HIPK2|PLCD1|RBM10
HOFFMANN_SMALL_PRE_BII_TO_IMMATURE_B_LYMPHOCYTE_DN	0.211898512685914	0.678048221339244	-0.434062482444677	-1.17714658790186	1210	32	EFNB1|GZMM|SLC3A2|KMT2B|CD151|GPAM|SMARCA4|IL6ST|SREBF2|DNMT3A|RAG1|AP4B1|CDC20
GRABARCZYK_BCL11B_TARGETS_UP	0.212414143983719	0.678237703731259	0.339471407462758	1.12873479840429	834	74	ITGB7|NUS1|CAMSAP2|TRUB1|PPIP5K2|MAPK6|RDX|ZDHHC21|ZNF814|AGPS|ZBTB16|PLEKHA8|AASDHPPT|ANKRD46|CCSER2|ATP6V0E2|SLC30A9|USO1|ACACA|SLC35A1|PRKCQ-AS1|S100A4|DENND1B|BICD2|BNIP3|USP44|SLC35F5|RPS6KA3|TMEM167A|PDCD6IP
GSE19401_RETINOIC_ACID_VS_RETINOIC_ACID_AND_PAM2CSK4_STIM_FOLLICULAR_DC_UP	0.212430697402976	0.678237703731259	0.293084252206501	1.09224297702091	727	164	AIM2|STK38L|PRNP|MORC1|PPP2R3A|NTS|EIF2AK3|CLDND1|NABP1|RUFY2|BBOF1|ME1|FOXA2|ZNF613|MAPK1IP1L|NAB1|MRPL39|PER2|RRAD|RUNDC3B|SDS|GATA6|SLCO4C1|MAGT1|RAP1B|RRP15|SOCS2|STAU2|SLC25A32|PELI1
GSE22935_UNSTIM_VS_48H_MBOVIS_BCG_STIM_MACROPHAGE_UP	0.212268188302425	0.678237703731259	0.295098411837025	1.09383527377859	743	156	TMTC3|SLAMF6|PELI2|EFCAB12|TRAPPC6B|TBC1D32|AK7|TMEM191C|NAAA|HIC1|EXPH5|AKAP11|LZTFL1|MXI1|SVIP|GRK4|RELN|LYRM7|ESD|EFHC2|P2RX7|GFI1|CA3|PSCA|PDE4D|SLCO4C1|NPAS3|ASB3|PHTF2|CELF2|TMEM230|ATG9B|KIF15|FILIP1|CFAP20DC|LMNTD2
GSE37532_VISCERAL_ADIPOSE_TISSUE_VS_LN_DERIVED_TREG_CD4_TCELL_UP	0.212268188302425	0.678237703731259	0.29493892900623	1.09324412201739	743	156	CD44|IL12RB2|DHX58|TBCEL|SGPP1|STRADB|SLC38A9|TEX15|RAB29|ABCC4|TRMT10A|PHLDA1|CD80|NSUN3|HYCC1|MKRN1|ZFYVE26|NFAT5|DYM|GLIS3|MTSS1|GPRC6A|BACH2|ZSCAN29|WASHC3|RDH11|STK24|RAPH1|PVR|ACTR10|TMEM14A|PRR3|DARS2|SVBP|SFMBT2|TPST1|GLUL|CFDP1|FBXW11|PTPRJ|PSMD11|HELZ|GABARAPL1|GYG1|DVL3|ECD|MAP2K4|USP28|CDK6|LTA4H|DOCK2|SLC35B1|ZC3HAV1|GTF2H5|FOSL2|AMPD3|HEATR5B|XPNPEP3|POU2F1|ZDHHC9
GSE43955_TH0_VS_TGFB_IL6_TH17_ACT_CD4_TCELL_30H_DN	0.212198411509066	0.678237703731259	-0.313939749729273	-1.11026084154102	1415	180	PLAT|IRF7|MAGEH1|DPM3|ZNF467|CARD19|COX6A1|COMMD4|PDE6D|TNFRSF8|ZC3H12C|CSF2|LONP1|NAPSA|RECQL5|SLC6A8|LSR|AURKAIP1|DUSP8|NME3|PLOD3|ACTN2|EMP3|IL1B|BCL6|TBXAS1|TRADD|DNAJC17|SF3B5|CTC1|PSMB6|ARID3B|CDC42EP4|COX16|TNFRSF1B|NSMF|POLR1H|RGL2|METTL26|DGUOK|THOP1|PSMA7|DICER1|TNFAIP2|VAMP2|RELB|RAC3|WDR20|ANKRD11|KIAA0319L|PTDSS2|CD52|RNF19A
MALONEY_RESPONSE_TO_17AAG_DN	0.212414143983719	0.678237703731259	0.339459563317405	1.12869541688725	834	74	ZNF43|HAT1|LDHA|ABCE1|ABCD3|PTGES3|ARF4|GNPAT|RBMX|KPNA2|MAD2L1|GNG10|ATP5F1C|CALM2|TIMM23|SSB|RRM2|PRDX3|SUB1|HNRNPA1|SEC62|NACA|WRN|CCT6A|SMAD5
SCHLESINGER_H3K27ME3_IN_NORMAL_AND_METHYLATED_IN_CANCER	0.212033747779751	0.678237703731259	0.500115638092953	1.19785506071859	954	16	MYT1|HS3ST2|GNAL|PCDHGB5
GSE4984_GALECTIN1_VS_VEHICLE_CTRL_TREATED_DC_UP	0.212950500972035	0.679681122021396	-0.313993868198307	-1.10945252246302	1423	178	KLC4|CTBP2|LYPD3|CD37|FGD3|NBPF10|THAP8|PYCARD|PDLIM2|C17orf67|DDB2|GTF3C1|MIGA2|SUN2|ARHGAP4|ZC3H6|CYTH3|FSIP1|LRCH4|TMEM107|BRD3|FRMD3|LMF1|EXD3|BCL9L|TSC1|ZSCAN16-AS1|DIAPH1|TMEM42|CLCN6|ABCD1|GNPTG|RCBTB1|RGL2|ZMYND11|RBSN|PAIP2B|SMIM14|TK2|XYLT2|TCHP|CDKN1C|METRNL|CLK3|ABCA2|SURF1|ZNF558|ACRBP|SNPH|MROH1|ARB2A|ARHGEF6|STX16|ARIH2|EIF2AK4|CTPS2|PATZ1|ALAD
GSE19941_LPS_VS_LPS_AND_IL10_STIM_IL10_KO_MACROPHAGE_DN	0.213119291447551	0.679992698808196	0.303650549104917	1.1012512822497	769	131	AIM2|TCEAL1|PRKCH|MYO3B|HERC3|GPR174|CAMSAP2|FGF13|CPEB2|TSC22D2|CBX7|ARHGAP27|PROS1|CYP2R1|ATP1B1|USP31|CHIC1|GPR183|MGMT|IL6R|ELL2|LITAF|INSIG1|TENT5A|PELI1|EXOC6|ARHGEF12|RAPGEF6|NNT|FAM3C
RAMASWAMY_METASTASIS_DN	0.213276595744681	0.679992698808196	-0.392583963578367	-1.15492789407951	1252	49	CA12|PRSS53|SLC10A3|AGRN|NR4A1|RANBP3|RAB30|INPP5E|ACADSB|ZNF646|FXN|RBM5
REACTOME_NOTCH3_ACTIVATION_AND_TRANSMISSION_OF_SIGNAL_TO_THE_NUCLEUS	0.213319088319088	0.679992698808196	-0.47250773928284	-1.192578815113	1197	23	UBA52|APH1B|UBB|JAG2|NOTCH3|NCSTN|TACC3|MIB2
TURASHVILI_BREAST_LOBULAR_CARCINOMA_VS_LOBULAR_NORMAL_UP	0.213235294117647	0.679992698808196	0.340683617652814	1.13050076268162	840	73	MEX3C|CD36|HSDL2|LAMP2|FAM76B|DERA|PPP6C|SMAD2|CRYZ|CHPT1|FBXO3|ESD|CNOT7|TRIM2|ZBTB16|PERP|GRIA2|HAUS1|PTK2|PAPOLA|MGST1|CA2|CNN1|RAB1A
LEIN_CHOROID_PLEXUS_MARKERS	0.213535777741883	0.680467345070802	-0.355106637458133	-1.13666165198216	1321	81	SLC26A11|TCN2|ACE|PBXIP1|FXYD1|ABCA4|OTX2|RSPH9|LBP|PCOLCE|LGALS3BP|SPINT2|ODAD1|CSRP2|ITGB5|ACACB|CPQ|HEMK1|EPHX1
EINAV_INTERFERON_SIGNATURE_IN_CANCER	0.213918894988489	0.680522797504244	-0.466066900749885	-1.18865771965068	1207	24	IFI30|IFI35|BRD3|MX1|SP100|ISG15|SP110|CMTR1|IRF9|LY6E
GSE37301_PRO_BCELL_VS_GRANULOCYTE_MONOCYTE_PROGENITOR_UP	0.214095536413469	0.680522797504244	-0.329365179765768	-1.11861838476842	1366	128	TGFB1I1|MC1R|PAK1|SLC30A4|PDE2A|EXT1|ITPKC|MAPK11|ITIH5|ACAP3|POR|DENND2C|TCP11L2|FOS|ESR1|CDKL5|IRS2|IFITM3|GBP2|GPR146|ID3|RAMP1|PRF1|STXBP2|RHOB|SGK1|VKORC1|TSC22D1|BTD|HSPA1A|KDM8|DUSP5|KCNH2
GSE3982_CTRL_VS_LPS_4H_MAC_DN	0.213876319758673	0.680522797504244	0.288274869229782	1.08437379414747	708	178	HSPBAP1|CD40|IFIH1|CCL5|EXOC5|ARID5B|MME|GNAI3|HIF1A|HIPK3|NBN|ARL8B|CD80|MT1X|MTHFD2|ROCK2|SIAH2|ERP44|FKBP10|IFIT5|GOLGA4|UBE2E1|IL10RA|EIF1B|LRP12|REL|CCSER2|CLIC4|BAZ1A|BACH1|KDM6A|BIRC2|TIA1|CREB1|CHMP5|TMX1|ATP13A3|USP12|DDX6|TIPARP|CDC73|ZBTB38|BTG3|BAK1|MTMR9|PPM1E|STAT1|MAFF|SFPQ|USP15|DYRK3|PGK1|WAPL|TFEB|DAPP1|TDRD7|RPS6KC1|KANSL1L|WARS1|SPRED2|TUBB6|TNFAIP3|PMAIP1|DENND5A|NFKB2|SP140L|PRPF3|GABPB1
GSE39864_WT_VS_GATA3_KO_TREG_DN	0.21390937829294	0.680522797504244	-0.311404830875516	-1.10741725263236	1420	193	UBL3|FES|TYROBP|PLXNB2|BMP8B|GTF2I|DPM3|CARD19|UQCR11|SYNGR1|NDUFA13|RUFY1|APOE|APLP2|RNASEH2C|PHPT1|ABCB8|NAA38|ROMO1|ARHGAP45|TMEM160|FAU|SLC27A1|NME3|C12orf57|HIGD2A|BRD4|CST3|RPS18|UQCRQ|HPGD|DHRS3|CDK2AP2|ATP5PF|GPSM3|ARHGAP39|MRPS21|DCTN3|MLEC|TSC22D1|RGL2|HDAC5|SFR1|RAD50|NDUFB11|MRPL24|UQCRHL|PCK2|RNASET2
GSE41176_UNSTIM_VS_ANTI_IGM_STIM_BCELL_6H_UP	0.213811821471653	0.680522797504244	0.284946551416743	1.0798914239194	708	187	FAR2|FCGR2B|C2CD5|SCRN3|SLC27A3|ABCC3|HACD2|ERI2|TMEM106B|HS2ST1|FGGY|ABHD3|RHOT1|PNPLA6|HEATR3|CRYBG3|CYP27B1|CRYZ|SLC25A40|PROCR|ARMCX5|ELMO1|POLA1|ETV5|IDH1|CARD9|OTULINL|CYTH4|TRIM24|SKAP2|FUT8|CPOX|RPE|PLPBP|TSNAX|ATP11A|TMEM230|EIF4G3|PRDX3|RRM1|C17orf75|COMMD10|MTRF1|MAPK9|AP3B1|COX15|CETN2|MTIF2|PARP4|GTDC1|CKAP5|HPF1|STX8|RFC3|SUCLG2|USP48|DSN1|NDC1|EHBP1|C1GALT1C1
GSE7460_CTRL_VS_FOXP3_OVEREXPR_TCONV_DN	0.214029850746269	0.680522797504244	0.289312492752477	1.08738619240635	716	176	VAV2|NTS|SESN3|INSIG2|FXYD7|STRADB|CAVIN4|NABP1|RAB3A|MBTPS2|BPNT2|BCAP29|ZNF8|PEAK1|TMEM168|KHK|SYPL1|LRP6|YIPF6|TMEM123|GRK4|LRRC28|ERP44|AGPS|IPMK|TMEM140|RECK|SLC22A15|LINC01160|SPATA21|TMEM176A|INPP4B|CYTH4|SOCS2|DONSON|ZNF799|SNAI3-AS1|PRMT6|CHD9|METTL4|ATPAF1|ELOVL6|NF1|SNAPC5|CHD1|ARHGAP5|WT1|NEPRO|DENND4A|HELQ|SLC35A1|MED9|ANKMY2|ZNF281|CHM|SSBP2|DDX27|NEB|EHBP1|TAF12
KYNG_NORMAL_AGING_DN	0.213970912296166	0.680522797504244	0.507841544867834	1.19888736363728	970	15	KDSR|MT1X|COG6|PICALM|PWWP2A|PTEN|BHLHE40|H2AC6
REACTOME_RHO_GTPASES_ACTIVATE_ROCKS	0.213803956834532	0.680522797504244	0.472455595860926	1.1849430303903	950	19	MYL9|PPP1CB|ROCK2|PPP1R12A|MYL12B|RHOA|ROCK1|LIMK1
GSE42724_NAIVE_VS_B1_BCELL_DN	0.214317874831157	0.681013873869945	-0.312155482775617	-1.10889849292419	1427	190	TMEM117|NUP210|PTRHD1|CCDC167|NBEAL2|COX5B|GAS5|JAKMIP3|LAGE3|STX10|AURKAIP1|CHD4|RPL13A|SPATC1L|RHOT2|HIGD2A|SEC61B|LRRC45|TBXAS1|TMCC2|TIMM44|TMEM161A|PRORP|IL16|DGAT1|IL17RA|ATP5PF|SLC39A4|RPS2|CLSTN1|SNRPD2|TMEM147|DCTPP1|RPSA|DPH2|NUDT14|MRPL24|LMNB2|RPL3|ZNF219|PRMT1|NOP53|NRGN|ATP5MG|OXA1L|MRPL4|ADISSP|RPL8|DMAC1|RPS5|ARMC7|FLNA|ARL6IP4|PPARGC1B|PES1|MTFP1|FXN|SLC9A3-AS1|LRRC8A|EIF3K|TIMM50|MAP1A|RPS17|RXRA|UQCRH|ACTR1B|EXOSC2|COX6C|RABEPK|MRPS34
AMIT_SERUM_RESPONSE_40_MCF10A	0.214602285980872	0.681559704499058	0.407827465647451	1.15665101279219	919	32	FOSB|RGS2|EGR1|TP63|NR4A2|NAMPT|CLIC4|PVR|CITED2|GLUL|WEE1|ATF3|MCL1|ZFP36
GSE14350_TREG_VS_TEFF_UP	0.214625445897741	0.681559704499058	0.282628284639435	1.07979028115443	721	194	CD83|NKIRAS1|MSL2|TSPAN32|GABRR2|CLN5|IL10RB|VPS26A|TMEM106B|MEF2A|MARCHF5|ERBIN|SCAF8|TSPAN13|MPHOSPH9|ATG10|MTSS1|SYNE1|IFIT1|APPBP2|MED17|CDK17|MTMR12|HERPUD1|VWA5A|MAP4K3|CELF2|ZNF451|ZNF507|RAPGEF6|AGGF1|TMEM230|ACTR10|SEC24A|MOB1A|FGD6|TENT4B|TOR1B|MEGF9|HMG20A|KIDINS220|MON2|SECISBP2L|PUM1|PTEN|ARHGAP5|RAB14|CLOCK|PHIP|PIAS1|CSAD|RBM22|AGO1|SYF2|ASXL2|ZNF638|HELZ2|TM2D1|SSBP2|ASH1L|TRIM33|TMX4|ARID1B|DOCK8|SCAI|ZFP1|TPGS2|MPP1|STK38|SOS1|TBC1D4|UBP1|SNRK|CRKL|ATP7A|ATG5
GSE43863_NAIVE_VS_TH1_EFF_CD4_TCELL_D6_LCMV_UP	0.214730447987851	0.681677494276423	-0.317178035388254	-1.11059775151905	1413	167	TNS2|STX11|CRIP2|COX8A|TMEM9|RPGR|LPCAT4|GRN|CCDC102B|ZNF692|HDAC8|SMAD6|SERPINH1|ZNF516|ZNF763|GCOM1|PDLIM7|PPIE|HSPB1|MCAM|KSR1|TINAGL1|FBLIM1|MAGED2|NINJ2|EXOSC5|BRD1|PSMB5|SCAP|ABHD12|HPCAL1|CPNE1|CLSTN1|RPL10|ID1|GPS1|TK2|ITGA5|NUBP2|TUBB3|RAB2A|BCL6B|PXN|RPL8|POLR1A|CAVIN1|FLNA|PDIA4|RNF19A|TLN1
GSE18791_CTRL_VS_NEWCASTLE_VIRUS_DC_6H_DN	0.215082956259427	0.681942638538149	0.285835565154677	1.08190222272904	712	185	SAMD9|FEM1C|TRIM69|PGAP1|IFIH1|GNA13|ZNF107|MX2|DHX58|RNF43|SFT2D2|NT5C3A|ST3GAL5|ANGPTL4|DTX3L|RNF138|PNPT1|NEXN|ARHGAP27|CLK1|C3orf38|CMPK2|IFIT3|HK2|TMEM140|RSAD2|IFIT1|CD274|IFIT5|RNF144A|C1GALT1|CXCL11|TENT5A|SQOR|DDX60L|B4GALT5|IFI6|NAMPT|GPBP1|ACTR10|RLF|PIWIL4|TOR1B|DERL1
GSE25123_CTRL_VS_ROSIGLITAZONE_STIM_MACROPHAGE_DN	0.214977973568282	0.681942638538149	0.290773973180735	1.0901154091873	731	171	NXPH3|HYKK|PREX2|NMD3|PLK4|BTBD1|SWT1|EIF3E|KIF18A|S1PR2|BNIP3L|ZNF8|PPP1CC|NHLRC2|MRPL42|AAK1|RIF1|SMC2|GAS2L3|HPRT1|ECT2|CWC22|RPF2|RTRAF|MAD2L1|SOX21|GNPDA2|MRPS31|CENPU|LAMTOR3|TLR5|TMEM70|DRAM1|TTC33|SVBP|PSMA2|IDH3A|CREB1|MIR1915HG|PSME4|PTPRC|MRPS33|OR51B2|TMEM181|ZNF638|MORF4L1|HPF1|CAST|RBBP7|WASHC2A|EIF3H|WDR3|GTF2H5|PGK1|KYNU|MRPS9|NCAPH|NUDCD1|SRP54|STAG2|NIPBL
GSE26351_WNT_VS_BMP_PATHWAY_STIM_HEMATOPOIETIC_PROGENITORS_DN	0.215028215028215	0.681942638538149	0.282682104475464	1.08129723550118	723	195	TTC39B|GNA13|CMYA5|FZD8|NMD3|ITGB3BP|EMSY|FGF13|SLC38A9|SOCS6|UBLCP1|KLHL24|UBA5|TRUB1|MARCHF5|RSRC2|TFB2M|CBX7|TWF1|CYP2R1|NKRF|XPO7|RNF115|SPAST|ODR4|AGPS|SEC22A|ZNF32|ATP6V1D|PRRC1|PCMTD1|TMF1|TRIAP1|ZSWIM3|YTHDF2|TMED5|MOSMO|CTNND1|QSER1|IFTAP|FAM3C|LUC7L2|MAPRE2|ANKRD50|TMEM68|TMEM243|PUM2|MON1B|CR1L|PPP2CA|CLUAP1|PIGX|PHIP
GSE9509_10MIN_VS_30MIN_LPS_STIM_IL10_KO_MACROPHAGE_DN	0.215357458075905	0.681942638538149	0.292028445147957	1.08916596472961	731	166	TTC21A|PRKCH|C3orf52|FOXO1|ABTB1|SESN3|PKD2|ZNF75A|RIMS3|TP53INP1|LHPP|MT1X|AKAP12|STAG3|CEP135|TAPT1|SIAH2|APOL3|MYOM2|PRSS36|MTSS1|DSEL|PAX5|CMTM7|SLC35D1|ACSL4|DOK3|USP53|SOCS2|GRK5|SNX25|CD24|PPFIBP1|ATG9B|ZCCHC10
GSE9946_IMMATURE_VS_LISTERIA_INF_MATURE_DC_UP	0.215161649944259	0.681942638538149	-0.343736239232897	-1.1288009090329	1350	99	PDLIM2|ZBTB46|LCAT|GOPC|COL6A1|CAGE1|SMPD3|TMTC2|CRACR2B|HSPG2|CRYGS|GET3|SLC6A16|MORC4|GFI1B|GPATCH3|PLD2|UBE2J2|COL1A2|TTC12
REACTOME_COSTIMULATION_BY_THE_CD28_FAMILY	0.215230166503428	0.681942638538149	0.359359512775063	1.1343023590547	878	55	PTPN6|TNFRSF14|CD3G|SRC|YES1|PIK3CA|CD80|PPP2R5E|VAV1|PAK3|CD274|ICOSLG
WP_G1_TO_S_CELL_CYCLE_CONTROL	0.215270935960591	0.681942638538149	0.351500462895456	1.13681757992667	873	62	CCNG2|CCNE2|PRIM1|ORC4|CCNB1|ORC2|MYT1|CREB3L3|CCNH|CDK1|CDKN1B|CDK2|MYC|RB1|CREB1|RPA2|ORC3|PCNA|WEE1|TFDP2|CDK6|ATM
WP_GPR143_IN_MELANOCYTES_AND_RETINAL_PIGMENT_EPITHELIUM_CELLS	0.215335576412254	0.681942638538149	-0.465370704409906	-1.18688213946557	1215	24	MC1R|PLCB4
GSE360_L_DONOVANI_VS_T_GONDII_DC_UP	0.215635079096913	0.682242027956465	-0.31946509834117	-1.11015156907486	1403	157	UBL3|ADAM19|FBXL2|KRT15|PLXNB2|ZNF169|LAMA4|MAG|EPN2|ABCB8|CRYBA4|HSPB6|MYH8|SORBS2|GPC1|CCND1|GAS2L1|FOLR2|ADAM11|P2RX6|MAFK|AMPD2|TBXAS1|KIF5A|ACSBG1|NDUFA6|STON1|SMG6|SFXN3|ABCD1|BAP1|IL18RAP|INPP5D|PTK7|DNAL4
REACTOME_PYRUVATE_METABOLISM	0.21578566256336	0.682242027956465	0.370848573419816	1.14187816518225	893	47	PDK1|ME1|LDHA|RMND5A|WDR26|RANBP9|DLAT|LDHB|VDAC1|FAHD1|NEK1|MKLN1
SENESE_HDAC2_TARGETS_DN	0.215673781459063	0.682242027956465	-0.342652560312043	-1.12751150811033	1353	101	TAGLN|TCEA2|AQP1|C1QTNF12|TIMP3|COL1A1|THEM6|SEMA3B|PPP2R2B|LINC01116|LOXL1-AS1|BCAM|RTKN2|TMEM255A|MGAM|KHDC1L|CCL26|UNKL|ZBTB20
VAN_DEN_BIGGELAAR_PBMC_PREVNAR_9MO_INFANT_STIMULATED_VS_UNSTIMULATED_8MO_UP	0.215534465534466	0.682242027956465	0.347421659048112	1.13095146469224	862	65	IL12RB2|TNFSF4|IL18R1|PBK|KNL1|ARHGAP11A|NEIL3|POGLUT2|NUSAP1|H2BC7|MLC1|CD274|C1S|RAB19|CKAP2L|CDK1|KIF15|ELOVL6|KIF14|NEK2|CDCA2|PCLAF|BUB1B|EXO1
WP_TCA_CYCLE_AKA_KREBS_OR_CITRIC_ACID_CYCLE	0.215791834903544	0.682242027956465	0.481577343607694	1.19276885938073	961	18	SDHD|CS|FH|IDH3A|SUCLG1|SUCLA2|DLD|SUCLG2
GSE21927_GMCSF_IL6_VS_GMCSF_GCSF_TREATED_BONE_MARROW_UP	0.21586174972998	0.682248187591165	-0.319737121830926	-1.10905857086456	1398	155	PBX4|A1BG|TP53I11|DND1|S100A2|AKAP13|RHBDD3|ACE|LDOC1|PKD2L2|DENND2C|ZNF436-AS1|GLG1|TMEM8B|TPCN1|RECQL4|RAD21L1|RTKN2|NPFF|IL18BP|ID3|RFC2|DVL1|NDUFB7|AFDN|TAB1|CEBPB|RTBDN|TRIM39|ITGAV|BLVRB
GARGALOVIC_RESPONSE_TO_OXIDIZED_PHOSPHOLIPIDS_GREEN_UP	0.216073478760046	0.682702417309834	0.442047065468511	1.1711064722465	940	24	CPNE8|RAB23|ETV5|SGMS2|ANKRD28|FAM120AOS|IDI1|GNE|CPEB4
GSE21927_UNTREATED_VS_GMCSF_IL6_TREATED_BONE_MARROW_UP	0.216255868544601	0.683063690513123	0.291617453000273	1.08976849840031	736	168	ZNF17|TCEAL1|ZBTB26|ZNF350|ADTRP|PCOTH|LINC01097|AACSP1|CNOT11|HSDL2|LSM11|UBA6|RAMAC|STARD7-AS1|KIF20B|TMEM168|MAPK6|C17orf58|CAPN2|ARMCX5|GAS2L3|PPP1R12A|SH3BGRL2|ZNF33B|PLGRKT|MTCH2|EPS15|RUNDC3B|MAMLD1|LRRC25|TSNARE1|YWHAZ|TIMM23|TRAPPC2|NDUFB5|CAND1|ATF2|TMEM68|THOC7|GLUL|RBM12B|COX15|KBTBD2
PID_WNT_SIGNALING_PATHWAY	0.216409888928699	0.683335157303015	-0.487372476321609	-1.19616623901145	1207	20	FZD9|FZD7|KREMEN2|WNT3|CTHRC1
REACTOME_MTORC1_MEDIATED_SIGNALLING	0.216532721010333	0.683366781217021	0.441987984291708	1.17094994966339	942	24	SLC38A9|EIF4E|LAMTOR3|RHEB|AKT1S1|EIF4B|RPS6|RRAGB|FKBP1A|RPS6KB1|YWHAB|RRAGC
SOBOLEV_PBMC_PANDEMRIX_AGE_18_64YO_MEDIUM_HIGH_ADVERSE_EVENT_SUBJECTS_1DY_UP	0.216556060076842	0.683366781217021	-0.439564047207186	-1.17831884642801	1239	30	CD19|VMO1|C8G|P2RX5|LINC00926
JAZAG_TGFB1_SIGNALING_VIA_SMAD4_DN	0.216624685138539	0.683368507046089	-0.377344844891058	-1.14534341959549	1289	59	POU2F2|ACKR1|C5|FLT3LG|SH3BP2|SYNGR2|GUCY2F|RPL13A|JAG2|NRG1|MAPK7|SHISA5|ABCD1|RASSF1|PTK7|TUBA1B
GSE2405_HEAT_KILLED_LYSATE_VS_LIVE_A_PHAGOCYTOPHILUM_STIM_NEUTROPHIL_24H_DN	0.216824111560954	0.683782730709662	-0.313475829716621	-1.10641187224166	1445	177	VWCE|YJEFN3|PIEZO1|VANGL2|RAB34|RAB38|FAM234A|ATAT1|APLP2|ATG9A|JMJD8|IER3|PCOLCE|RPAP1|SRR|TMEM107|CA12|LRPAP1|RIMBP3C|TSPAN9|TRPC1|DUS3L|ZDHHC24|TIMM44|SUGP2|TRIP6|PMF1|FBXL20|POLR3K|TSPOAP1|DDX31|SLC39A11|SMYD4|RGS12|ZNF764|SLC20A2|LPAR2|COG7|NUP188|ZDHHC14|CRCP|PTDSS2|TXNRD3|FRS3|PIGO|CPNE2
ZHOU_INFLAMMATORY_RESPONSE_LIVE_UP	0.216934824106899	0.683917011427467	-0.286552180468394	-1.08376879269947	1590	374	ATP2B1-AS1|SHANK1|LEF1-AS1|BFSP1|DNHD1|REM2|PDE2A|ZNF876P|BRICD5|MARCKS|ATXN1|SNN|FAAP20|ZCWPW1|CXCL1|AKNAD1|PPP1R14A|HES4|EVI5L|EREG|IQCG|MIIP|RCN3|SOD3|SMTN|ZC3H12C|ADAM22|DMRTC2|RASGEF1B|TPD52|MFSD2A|ANP32D|CDH15|IER3|GPC1|ICAM1|ZNF778-DT|HDAC4|LINC02762|SERPINE1|SEMA6A|NCAN|IL1B|SYCE1|KLHL4|CYB5D1|IQCH|USF3|ARMC5|LSS|ZC3H12A|KLC2|SLC22A23|NFKBID|KANK1|NECAP2|SELENBP1|PLK3|DYNC1H1|KICS2|SDC4|IL23A|PDP1|DOT1L|G0S2|JRK|LIFR|SLC2A11|ZBTB43|TNIP1|GSK3B|WNK4|CLCF1|HSPA1A|TMC6|TNIP2|ICAM4|DUSP5|TPRA1|DDX42|NINJ1
GAVIN_FOXP3_TARGETS_CLUSTER_P7	0.217221135029354	0.68401873242897	-0.359753873842173	-1.13836376028721	1331	75	ENC1|SNN|LYST|ECM1|ITIH5|NTRK3|AHCYL2|APOBR|CYP2S1|FOS|USP27X|IFITM3|GBP2|KCNK6|IGF2R|PRF1|RNF32|ENO3|MSRA
GSE3982_MAST_CELL_VS_MAC_UP	0.217063611697317	0.68401873242897	0.284417084248864	1.07902463092348	719	188	FBN1|PPP1R3D|ADAMTS3|ZNF10|ZBTB33|RSL24D1|FOXJ3|LGALS8|GOLGA8B|LIPT1|ZFAND1|ZFTA|SORBS1|MKRN1|SP3|POLA1|CLK1|ETV5|SLK|RPL21|IFRD1|ASS1|NCR3|MLC1|PLA2G4A|PDE4D|CHN2|DUSP10|HAUS5|RTN3|TMEM14A|HMGN1|LUC7L2|SNW1|HMG20A|PPP3R1|SLF2|MINPP1|CCNT2|APEX1|RO60|PUM2|BMP2K|PHIP|SRPRB|TFDP2|SRPK1|ZNF510|FBXO11|ALDH18A1|TMX4|ACSM3|PEX11B|NPRL2|DUSP12|ARHGAP25|MED20|CTBP1|STAG2|ZKSCAN4|PGBD5|ZCCHC24|ACTB|RPS4X|IGF2BP3|HSF2|CASP6|TUG1|WDR82|RGS10|CTR9|RCL1|TMEM74B|TMOD1|SET|N6AMT1|CDC23|SKIC8|RHOBTB3|MRFAP1L1|METTL18|STK26|JAK1
GSE4590_SMALL_VS_LARGE_PRE_BCELL_DN	0.21712158808933	0.68401873242897	-0.323919900347473	-1.11252674369177	1399	141	BHLHA15|SMAD7|CCR7|AQP1|TSC22D3|RAP1GAP2|DIPK1A|FNDC11|BTN2A2|L1CAM|WSCD2|MAPK12|HOOK2|SRMS|KLF12|SPATA6|DKKL1|ATP9A|PIK3IP1|SPINT2|ARHGAP26|AKT3|SEMA6A|ANKRD45|CCDC57
RICKMAN_HEAD_AND_NECK_CANCER_A	0.21723966118585	0.68401873242897	-0.368695636864653	-1.14233269579028	1307	66	ZNF711|SPIB|PLCB4|SLC35F3|CECR2|UCHL1|CLDN11|HPGD|CENPV|LIFR
GSE28737_FOLLICULAR_VS_MARGINAL_ZONE_BCELL_DN	0.217378752886836	0.684034303391539	0.293047049968338	1.0881675581188	752	159	LRCH2|MATCAP2|CD40|GABRG1|KAT2B|GPR174|NCOA2|USP25|SLC25A44|CNOT11|AMN1|VPS54|CGGBP1|BMX|PI4K2B|ETV3|CALB1|MEX3B|CMPK2|SCARF1|TAPBPL|NIPAL1|LIPC|FBP2|LDB3|EVPL|LRRC69|LITAF|SCIN|SNX2|DRAM1|NEU3|NET1|CITED2|BIRC2|TNPO1|CTDSPL2|MID1|PLAAT3|HELZ2|BHLHE40|FBXO11|GGT1|PARP9|BTG3|DENND1B|GOT1|KCMF1
REACTOME_SIGNALING_BY_MODERATE_KINASE_ACTIVITY_BRAF_MUTANTS	0.217380895379459	0.684034303391539	0.377732756078166	1.14736560717109	907	44	CAMK2B|SRC|MAPK1|VWF|RAP1B|RAP1A|JAK2|ITGA2B|NRAS|BRAF|BRAP|CNKSR1
MACAEVA_PBMC_RESPONSE_TO_IR	0.21767637031209	0.684749421871752	0.322881513626132	1.11314716708039	829	93	DCP1B|CD70|TNFSF4|CCNG1|RRM2B|REV3L|BRMS1L|TP53INP1|AMZ2|ZNF337|TMEM30A|CPSF3|PCNP|INKA2|ACER2|F5|TIGAR|RPS27L|TRIAP1|PANK1|ASCC3|NDUFAF6|ZMAT3|TRIM32|TMEM68|CCDC90B|PCNA|TMT1A|ANKRA2
GSE1925_CTRL_VS_3H_IFNG_STIM_MACROPHAGE_UP	0.218399401645475	0.685520073082326	-0.311242439357023	-1.10490752816503	1459	188	TYROBP|EXT1|P2RX4|REX1BD|PDCD1|ROMO1|SLC7A7|SLC19A1|RECQL5|GLG1|COMT|ECE1|KLK8|G6PD|SEMA4F|SRM|UQCRQ|GUK1|BOP1|B4GALNT1|RPLP1|TYRO3|NR4A1|NOP16|HEPH|EPHX1|VKORC1|TNFRSF1B|MAPKAPK2|PACSIN1|EXTL3|RPS27|VARS1|SLC9A8|REXO5|SLC35C2|C8orf82|MRPL17|SH2D2A|SUPT6H|IER2|UBE2O|DNMT3A|RELB|MSRB1|CD320|CNPY2|UQCC2|SMYD5|EIF4A1|CARS1|EIF4EBP1|ZSWIM7|NDUFAB1|BYSL|CMIP|FURIN|HK1
GSE34515_CD16_NEG_MONOCYTE_VS_DC_DN	0.218198144268183	0.685520073082326	-0.311755003916016	-1.10533711530732	1457	186	POU2F2|IFI30|HDAC10|NDUFB2|ADGRE5|SLC29A1|BSG|PHPT1|IFI35|ARHGAP45|NSUN5|MAP1LC3A|SLC26A10P|QRICH1|ACVR1B|TNFRSF1A|CDKN2D|PPM1F|PTK2B|CA12|CDKL4|TMCC2|UNC13D|SNHG3|RFX1|ABCD1|CPNE1|BABAM1|B4GALNT1|SELENOS|ELOVL1|PLEKHF1|RGS19|ARFRP1|ARMC6|CHERP|IFT46|QTRT2|GCAT|ADAT1|SURF1|BRD2|SLC22A5|SNAPC2|RILPL1|CDC20|TCF25|AKR7A2|UBL4A|SSBP4|TUT1|FAM219B|LPL|CISD3|MRPS34|YIF1B|HINT2|NSUN2|NOB1|CNPPD1|ZXDC|TAF8|SEPTIN6|RPAIN|BSDC1|RSRP1|FCGR2A|RACK1|TSC2|ENTPD5|RAPGEF1|GUSB|PHB2|SCAMP2|RPL19|NIN|MFSD3|NEDD4L
GSE38304_MYC_NEG_VS_POS_GC_BCELL_UP	0.218383899068789	0.685520073082326	0.286863597509692	1.08136389624713	726	180	TSPAN32|EGR3|CCNG2|TBCEL|CD3G|STT3B|ST3GAL5|MEF2A|DHX40|PGGT1B|PIK3C2A|CHDH|PPP1R3B|SIAH1|LZTFL1|MED13|BCL9|IFIT3|PLXND1|MTSS1|ART4|ATP8A1|EGR2|BACH2|MYO6|SQOR|ZBTB34|CERT1|MAP4K3|ARL5B|ZDHHC17|ITM2A|CARD6|PARD6G|SMC6|ZBTB37|ANKRD50|STMN1|TTC3|CREB1|CA2|MRGBP|BRWD1|ATP11B|S100PBP|SMC4|TRIM59|LATS1|CENPJ|ZNF281|SSBP2|MBTD1|GGT1|INPP4A|RNF130|CD46|RAB3IP|HECTD2|GALNT6|TOP2B|EMID1|KIAA0040|NR3C1
KANG_IMMORTALIZED_BY_TERT_UP	0.218148639681486	0.685520073082326	-0.365151202983757	-1.13878228907042	1314	69	IL21R|C3|IFI30|LAMB1|TRPV2|GRIA3|PPARG|ICAM1|SLC29A2|LARS2|STXBP2|HPCAL1|DOT1L|CDK10|FGF2|P4HA2|NNMT|BCL2L1|CTSZ|CDC42EP3
REACTOME_AEROBIC_RESPIRATION_AND_RESPIRATORY_ELECTRON_TRANSPORT	0.21825226000861	0.685520073082326	-0.299752669929797	-1.09594838490137	1520	251	COX6B2|PNKD|COX8A|UQCR11|COX6A1|NDUFB2|NDUFB8|NDUFA3|COX14|NDUFA13|NDUFA2|UQCR10|COX5B|ETFB|D2HGDH|ATP5ME|COX17|COX6B1|UBA52|UCP3|NDUFA11|NDUFS7|UBB|UQCC5|NDUFS8|HIGD2A|NDUFAF8|NDUFAF3|PET117|PET100|SDHAF4|TACO1|NDUFA6|FOXRED1|NDUFB7|UQCRQ|NDUFA1|ATP5PF|TRAP1|NDUFB1|PDP1|SDHAF2|UCP2|COX16|NDUFC2|NDUFC1|SDHA|ISCA2|UQCC3|SIRT4|NDUFB11|ATP5F1D|CSKMT|PDK3|NDUFA7|ATP5MG|OXA1L|NDUFB6|CYC1|ATP5MC1|DMAC1|SURF1|UQCC6|MAEA|UQCC2|FXN|TMEM177|RMND5B|NDUFA8|IDH3G|COX7A2|COA5|NDUFAB1|COX4I1|SLC25A22|MT-CYB|NDUFB4|DMAC2|UQCRH|COX6C|UBC|SDHAF1|SDHB|UQCC1|ATP5MC3|COX19|COX7C
REACTOME_DISEASES_OF_DNA_REPAIR	0.218195086353685	0.685520073082326	0.364988627450867	1.13786022387734	896	51	RMI1|NBN|RFC4|MSH2|DNA2|NEIL3|MSH3|RAD9B|HUS1|RFC5|RBBP8|RPA2|ATR|BRIP1|WRN|PALB2|BLM|RFC3|PMS2|ATM|RMI2|XRCC2|RAD51AP1|EXO1|RAD17|RPA3|BRCA1
WP_NETRINUNC5B_SIGNALING	0.218303145853194	0.685520073082326	0.383142312113622	1.14895626909958	915	41	ITGB4|CCL2|SRC|PIK3CA|CIP2A|MAPK1|NEO1|ALPL|RHOA|ARHGEF12|CASP3|PTK2|RLF|MAPK14|PPP2R1B
CHENG_RESPONSE_TO_NICKEL_ACETATE	0.219027078840163	0.686711547168939	0.37864161434146	1.14515225748088	913	43	MS4A6A|ABCC3|RNF13|PSMD5|PI4K2B|GDI2|ATP1B1|ACTR2|RBBP8|RAB1A|HSP90AA1|USP16|EIF2D|CD68|ST13|POLR2C|ACO1|RABGGTB
GSE17974_IL4_AND_ANTI_IL12_VS_UNTREATED_2H_ACT_CD4_TCELL_DN	0.219121048573631	0.686711547168939	-0.321985474700792	-1.11138122952177	1420	147	BSPRY|PHLDB3|LAMB1|ENC1|LINC01091|LINC00174|L1CAM|GNB3|PDCD1|RGS3|ZNF804B|DNAI7|COLEC12|SORBS2|CFD|PFN4|SH2D3C|COL6A3|EFNA1|SLC22A18AS|LRRC75A|ID3|DUSP4|GAL3ST4|KCNN4|RHOB|DDAH2|NCKAP5L|IL15RA|FBXO31|RHEBL1|DUSP5|NINJ1|DCUN1D4|CPT1A
GSE24671_CTRL_VS_BAKIMULC_INFECTED_MOUSE_SPLENOCYTES_DN	0.219082260772244	0.686711547168939	0.300054377510442	1.09719222631773	782	139	PITPNC1|SLC18A2|PRNP|CD69|KCTD12|MNS1|VBP1|LIN28A|CCRL2|AFF4|GLUD1|NR4A2|LZTFL1|TSC22D2|SORBS1|RPL39|SKIL|ITPRID2|LAMA2|REEP2|SYNE1|SYTL2|IGFBP5|INPP4B|SLC25A3|ATP5F1B|SAMSN1|RBPJ|SEMA4A|ZCCHC10|KLRG1
GSE27786_LSK_VS_LIN_NEG_CELL_UP	0.218946423226579	0.686711547168939	-0.311688683484465	-1.10510197414335	1462	186	FOXD2|KCNJ14|BSCL2|C6orf132|KHDRBS3|HOOK2|NBEAL2|MFSD13A|CUL9|ADAM22|SLC2A9|TGFB3|NUDT16|CCND1|TNFRSF1A|HAGHL|FDXR|SDR39U1|TIRAP|AKAP8L|GMPPA|TBXAS1|RPL38|RAMP1|STING1|TRIP6|TAP2|SORBS3|B9D2|CPQ|LENG1|TMEM42|ZBTB20|AGPAT2|RCBTB1|FAM98C|ARFIP1|VPS39|MAF1|POLR1H|RTL8C|OAS3|TGIF2|PGGHG|MFGE8|MEF2D|PAFAH1B3|HES6|C19orf48P|FLOT1|TMUB2|NOP53|SAP30L|NRBP1|ERAP1|LDAF1|TAF5L|ANTXR2|ZCCHC2|NFKBIE|INTS1|OPA3|LSM14B|HDAC6|RAB27A|ELMO2|DAG1|CTXN1|USP54|MVB12A|GSTM4|TNNI3|DBNL|EVA1B|SH3BP5
GSE40666_WT_VS_STAT1_KO_CD8_TCELL_DN	0.218965001495663	0.686711547168939	-0.31142255340696	-1.10465727917262	1463	187	ADAM19|FARP1|APLP1|IFI30|B4GALNT4|TMEM115|FAM234A|AMZ1|GDPD5|TNFRSF21|TSPAN4|ECI1|RELL2|RASGEF1B|TSHZ3|APOBR|ICAM1|IFT27|COMTD1|TTYH2|ARHGAP26|ANKRD63|ACP3|COBLL1|ACYP2|SCARB1|TXNRD2|INPPL1|RNH1|F2R|AGPAT2|SMCO4|HIP1R|TNFRSF1B|IL18RAP|MBOAT7|PTGES2|C12orf75|C1orf122|BID|DTNBP1|NR2F6|ZNF23|RNASET2|MAFG|SH2D2A|TLCD2|GCAT|GNA12|ARAP3|SMYD5|NFKBIE|RPS19BP1|EIF3B|CRELD2|MSTO1|SLC12A2|ISYNA1|FURIN|SOCS7|BEND3
GSE22886_TCELL_VS_BCELL_NAIVE_DN	0.21944847605225	0.686964253936901	0.292777665636865	1.08889191224531	755	161	VAV2|NIPSNAP3B|STAP1|DPF3|FCGR2B|TMEM156|TNFSF4|CNR1|BACE2|TFPI2|USP2|PTGS1|CD80|MEF2C|TSPAN13|RHOBTB1|CCP110|NEIL3|MAGEA4|PLPP3|HESX1|FRAS1|IL24|MYEF2|SERPINB5|FBLN1|TBC1D19|DCAF17|PIP5K1B|SNX13|SBNO1|PHLPP2|AP1G1|SAMD4A
GSE23925_LIGHT_ZONE_VS_DARK_ZONE_BCELL_DN	0.219475429605065	0.686964253936901	0.287046742395188	1.08244670591587	727	181	ZFP69|CD70|KIN|BBS12|HLA-B|MBLAC2|GPRASP2|DUSP19|VPS26A|TBCA|TRUB1|RFC4|RSRC2|ORC4|LZTFL1|SC5D|PPIP5K1|CNOT6|ICA1L|RRAD|MYOM2|TMPRSS13|ZFP37|SYTL2|RHOJ|KIT|EHD3|CATSPER3|SRP9|PCMTD1|FZD2|FAM229B|ARL5B|ETFDH|SPNS1|TRA2B|IFTAP|LUC7L2|ALDH2|KLHL6|PWWP2A|ZBTB25|RPL7|RIDA|CWC15|KLHL12|SNTB2|GTF2B|TTLL4|MID1|PSMD14|PAPOLG|CHCHD3|DALRD3|DNAJB6|RPAP2|VSIG10
KEGG_CYTOKINE_CYTOKINE_RECEPTOR_INTERACTION	0.219441916894146	0.686964253936901	-0.316094061670042	-1.1078472902281	1446	168	AMH|IL17B|IL21R|CCR7|IL11RA|IL15|OSMR|CXCL1|FLT3LG|TNFRSF21|TNFRSF8|CXCL16|FLT1|CSF2|TGFB3|ACVR1B|TNFRSF1A|RELT|IL2RG|MET|IL1B|FAS|INHBE|CCL24|AMHR2|CCL26|IL17RA|IL23A|PDGFA|TNFRSF1B|IL18RAP|LIFR|ACVR2B|IL15RA|CLCF1|CCL3L3|IL6ST|IFNGR1|CCL4L2|EPOR|TNFRSF10A
NAGASHIMA_EGF_SIGNALING_UP	0.219270707558561	0.686964253936901	0.365421430263422	1.13724743118822	907	50	FOSB|EGR3|CCN1|KLF10|EGR1|NR4A2|TRIB1|HBEGF|MYC|KBTBD2|TIPARP|BHLHE40|ATF3|MCL1|MAFF|ZFP36|NAP1L1|MIR22HG|RYBP|SPRED2
BRACHAT_RESPONSE_TO_METHOTREXATE_UP	0.219562243502052	0.687021758190024	0.44776359516585	1.17513061502448	962	23	CCNG1|TP53INP1|TOB1|TRAFD1|VMP1
GSE14769_40MIN_VS_360MIN_LPS_BMDM_DN	0.219776906843533	0.687479149546709	0.286768803200989	1.08139860356607	728	181	AIM2|ATXN7|GNA13|SLC49A4|SNX18|CCL2|KIN|TSKS|CDS1|ZNF436|SWT1|CAPZA2|NHLRC2|RFX5|PIKFYVE|SLC30A6|ARMCX6|LRIG2|TRIB1|MED21|GTF2A1|SPINK4|FCER1G|DOCK10|TTC39C|DSEL|TNS4|TXNDC9|CHAC2|RAP1B|APPBP2|CRBN|MORF4L2|USP53|WAC|ATP11A|MYB|TMEM68|KMT2E|CA2|ZNF236|SLC30A9|PLSCR1|PIAS1|PRDM2|CHORDC1|PSMD11|BAIAP2L1
GSE7460_CTRL_VS_TGFB_TREATED_ACT_TREG_DN	0.220363849765258	0.68845699469146	0.291151930573932	1.08802885054897	750	168	ELK3|NIPSNAP3B|PLCE1|LPXN|GPR158|MYO3B|CD40|IGSF11|AKAP5|SESTD1|SRC|POU6F1|P2RY1|IL18R1|ZBTB18|CPD|CHDH|SYCP2L|NDFIP2|FMNL3|LDLRAD3|DAPK2|RAB3D|SKIL|CFAP418|FKBP10|CD96|NIPAL1|KCTD14|SLC40A1|SLC18B1|CDC14B|ZSCAN29
LIANG_HEMATOPOIESIS_STEM_CELL_NUMBER_SMALL_VS_HUGE_DN	0.220247837269114	0.68845699469146	0.410362087016674	1.15541227247707	941	31	SLC9B2|DOK2|SERPINI1|MAPK8|SOCS2|APC|RSL1D1|TRAM1|ACSM3|WDR48
OVSYANNIKOVA_PBMC_FLUARIX_AGE_55_64YO_RESPONDERS_VS_NONRESPONDERS_0DY_DN	0.220357941834452	0.68845699469146	0.487538455169018	1.18752835200248	984	17	MIA2-AS1|RDX|HPRT1|AP3S1|TMED5|DUSP18|SHISA4
TSAI_RESPONSE_TO_IONIZING_RADIATION	0.220362622036262	0.68845699469146	0.301144169581201	1.09424166061588	789	134	CD83|PTPN6|BATF|CCNG2|AKAP5|CCNE2|CCNG1|LGALS3|CCL4|RRM2B|NCOA3|CD164|KIF20B|CD80|RFX5|MSH2|TNFAIP8|ZNF274|CLK1
ERWIN_COHEN_PBMC_TC_83_AGE_18_45YO_RESPONDERS_PREVIOUSLY_IMMUNIZED_24HR_DEG_CANONICAL_PATHWAY_MEMBERS_UP	0.220472440944882	0.68852951572994	-0.482335706948852	-1.19305589189203	1231	21	IL15|TCN2|IRF7|IFIT2|RIGI
GSE20715_0H_VS_24H_OZONE_TLR4_KO_LUNG_DN	0.220814479638009	0.68852951572994	0.287418049084068	1.08115078232271	731	178	MMP14|MYOM1|LGALS3|ANGPTL4|ANLN|FER|ORC4|CAPN2|PLEKHF2|RRAS2|IFRD1|KPNA2|ITPRID2|COP1|AP3S1|ORC2|RANBP9|MAPK1|MYOM2|LAMA2|ACER2|ZBTB16|FBXO15|SPP1|KCNE2|RIOK2|EIF4E|VAPA|RAP1A|USP8|KCNK1|DYRK1A|PPA1|SLC30A7|ANGPT1|PRDX6|RPRD1A|EIF3J|MYC|VMP1|SEMA7A|IDH3A|MAN1A2|GLUL|LEPR|ETF1|NDE1|ADORA2B|TRIM3|STAU1|KPNA1|HSPA5|PHF10|MAFF|GOT1|KCMF1
GSE22886_CD4_TCELL_VS_BCELL_NAIVE_UP	0.220759796589889	0.68852951572994	-0.311015752868944	-1.10321430347746	1475	187	GZMM|SMAD7|SEMA4D|SMPD1|MUTYH|XAB2|PBXIP1|FLT3LG|ARID5A|ADGRE5|TFPT|SLC3A2|MOGS|EEIG1|PLSCR3|COMT|MED15|TIMP1|CABIN1|IFITM3|CHD3|TBCD|LTBP3|GBP2|LTBP4|TSPO|TACC3|MAP7D1|MACROD1|SUPT5H|DVL1|GUK1|IL17RA|ENO3|ATP13A2|DUSP7|BLVRB|SIGIRR|ID2|GCHFR|PGGHG|NOSIP|CD3D|KLHL21|DNASE2|MAN2C1|CDC42|SOCS3|RPS6KB2|EXOSC7|PXN|UPP1|DEXI|NRBP1|TXN2|MAN2B2|ZNF512B|RSAD1|ARL6IP4|BRF1|FXN|SAE1|SERINC3|KIF22|ATP1A1|APMAP|ARRB2|ZNHIT2|AIFM1|CYTH2|LDLRAP1
GSE24634_IL4_VS_CTRL_TREATED_NAIVE_CD4_TCELL_DAY5_DN	0.22084144332984	0.68852951572994	-0.311540951586054	-1.103982026493	1474	184	PTPRB|IRF7|RPL28|MT2A|APOL1|PSMB9|TAP1|RPGR|IFITM1|ADGRE5|BTN3A1|DGLUCY|RGS3|IFITM2|IFIT2|ZNF516|HERC6|PCDHGB6|UBA52|FLAD1|OCEL1|TRPM1|MX1|GBP2|TRADD|SP100|ZC3H12A|SP110|GUK1|PSMB10|LPIN2|MICB|PHF11|SPHK1|PARP3|SFMBT1|GNB5|CNP|CMTR1|POLR1G|SLC20A2|PARP12|MED25|PDK3|STN1
GSE39556_UNTREATED_VS_3H_POLYIC_INJ_MOUSE_NK_CELL_DN	0.220814479638009	0.68852951572994	0.28744546268202	1.08125390122205	731	178	AIF1|DEPP1|LST1|TNFSF4|WDFY3|ASB9|SERPINI1|TMCC1|NEDD4|MME|HIF1A|RIMS3|GNAQ|KLF10|FOXJ3|NFYA|H2BC21|RFX5|MEF2C|AKAP12|KIF3C|RNF103|BMI1|DMXL2|MXI1|ZFYVE16|WASHC4|SIAH2|AP3S1|ZNF32|SCARF1|KCNS3|RECK|NPAS3|ROCK1|SOCS2|ACSL1|RDH11|MYB|PTPN12|WSB1|TOGARAM1|SECISBP2L|TIA1|CHD1|ZMYM2|PLSCR1|BRWD1|SEC63|H3C10|HERC4|TMEM87A
GSE3982_CENT_MEMORY_CD4_TCELL_VS_TH1_UP	0.220786846741045	0.68852951572994	0.290691637577104	1.0874455564248	751	169	TENM1|CD44|ZNF14|USP25|EMSY|TCF7|PDE3B|CTSS|IMPACT|TDRKH|ZBTB18|NHLRC2|ZNF337|LZTFL1|MKRN1|UBASH3A|RPL39|TRIM13|BBS1|FAM13B|DMTF1|FKBP10|MAGEA4|CSRP3|POPDC2|ITIH4|BACH2|HLA-C|PCF11|RABL3|TRAPPC2|RAPGEF6|IFT70A|FTO|ZNF117|ZBTB25|CCNT2|ANXA1|ZNF266|KBTBD2|CLOCK|NACA
LINDGREN_BLADDER_CANCER_WITH_LOH_IN_CHR9Q	0.220867208672087	0.68852951572994	0.312741775551411	1.10522370951265	814	110	SLC9B2|CREBL2|ABITRAM|PSMD5|GNAQ|PPP6C|DUSP22|GLE1|MRPL50|ERP44|ASS1|UGCG|TDRP|RAD23B|GNG10|ZBTB34|TRIM52|TGFBR1|TOPORS|TOR1B|PSMA2|TRIM32|ANP32B|TMEM245|MFSD14B|NMRK1|RAB14|ECPAS|RABGAP1|CUL5|ISCA1|STX17|FAM120AOS|FUBP3|PRKCQ|KIF2A|DOCK8|SLC35A5|SPTLC1|CORO2A|C9orf78|SMC5|ATP6V1G1|SECISBP2|ACO1|RBM18|SETX|FOXM1|XPA|TMEM268|IARS1|ALG2|TMOD1|FBXW2|SET|CNTRL|PABIR1
WP_CIRCADIAN_RHYTHM_GENES	0.220950704225352	0.688575960575624	0.290984726349751	1.08740401175953	752	168	EGR3|LGR4|BMAL2|NCOA2|TOP2A|HDAC2|GNAQ|USP2|KLF10|EGR1|PPP1CB|SUV39H2|PPP1CC|ROCK2|BTBD9|MAPK8|PROKR1|PER2|RBM4B|HOMER1|OPRL1|HS3ST2|DYRK1A|TYMS|DDX5|CRY1|NAMPT|PRKAA1|SKP1|CREB1|MAPK9|PTEN|OPN3|FBXW11|CLOCK
GSE10239_KLRG1INT_VS_KLRG1HIGH_EFF_CD8_TCELL_UP	0.221417797888386	0.689389533251743	-0.313889826636004	-1.10508738303057	1467	175	AARSD1|ALKBH6|HDAC10|HOOK2|TFPT|JOSD2|DNPH1|WDR46|HS6ST1|PPM1F|P3H1|SLC25A19|SLC6A13|CXADR|ALG9|DDX39A|PIN1|HMGXB3|TRMT1|STOML2|SLC7A1|ADCK5|PGP|ACAA1|SNHG6|RPL36|SUSD3|PSMG3|HSPBP1|SIVA1|NR2C2AP|ZNF428|VAC14|WNK4|DCTPP1|NEK6|C19orf48P|DHX30|SURF6|MRPL17|SENP3|TEAD3|ELAC2|CHCHD1|DDX51|EIF2B5|CHCHD5|SLC25A26|POLDIP2|GCN1|C1orf174|KARS1|RPS19BP1|CUEDC2|BUD23|FURIN|RBFA|EIF4A3|RABEPK|NOP9|NAT8L|TRIM28|TMEM69|PFKL|EMG1|TIMM13|GGA2|C1orf216|PDCD5|NUDT19|SPRYD4|NHP2
GSE11961_MARGINAL_ZONE_BCELL_VS_PLASMA_CELL_DAY7_UP	0.221391174270755	0.689389533251743	-0.3114914834022	-1.1026446458551	1479	181	IDUA|IL21R|LYRM9|SMAD7|TSC22D3|ADGRG3|STOML1|TFAP2E|FAM234B|PAK6|PHYHD1|PHYHIP|THEM6|TCL1A|DNAAF1|DENND11|RDH12|DISP2|HDAC4|DDRGK1|SLC29A2|NOP2|CA12|TSPAN9|PPP1R35|NINJ2|LSS|QTRT1|TRMT1|FOXRED1|MAP4K2|TRAP1|TRPC4AP|FAM118A|RPS27|RNF220|ARMC6
GSE42088_2H_VS_24H_LEISHMANIA_INF_DC_DN	0.221396054628225	0.689389533251743	-0.315338752208005	-1.10566492443042	1458	170	ASCL2|H2AC15|NDOR1|TCAP|ZFPL1|KHDRBS3|COMMD4|NBEAL2|AEBP1|ANKS1B|SLC7A7|RPAP1|NPAS1|NME3|PRDM12|CXADR|ACYP2|MAP3K12|LTBP4|CYREN|TONSL|TSFM|KCNN4|PALM|PGP|SOX18|PTCD1|TSSC4|TFR2|KAZN|THOP1|TMEM214|PRICKLE3|TSR2|DHX8|DBN1|TRAF3IP2|PDIA5
GSE1112_OT1_VS_HY_CD8AB_THYMOCYTE_RTOC_CULTURE_UP	0.22156862745098	0.689645234838121	-0.313814158327802	-1.10482098353115	1468	175	PIEZO1|KISS1R|EXT1|QSOX1|ZBTB46|SYNGR2|PLOD1|DYRK2|PHPT1|ADAMTSL4|KRT4|SLC23A3|HSPB1|SPINT2|STAB1|TBRG4|AKR1B1|TBXAS1|MORC4|IL18BP|KCNK6|CCL26|SLC26A6|ZC3H3|STOML2|SDC4|SNX8|EPHX1|MPV17|SLX4|WIZ|NISCH|PCSK7|EPOP|BLVRB|NEMP2|MVD|GSTP1|AP1B1|BORCS5|NFE2|BLTP2|APEX2|INF2|APOL4|ECH1|OXA1L|EIF4G1|LANCL2|ASTE1|PPP1R9B|PRPF8|LENG8|SRSF5|MFHAS1|CBX6|MTMR14|ACIN1|MAOA|AIFM1
MEISSNER_NPC_ICP_WITH_H3K4ME3	0.221861471861472	0.69034267034887	-0.499616673712561	-1.19429046359548	1229	18	STOML1|RTTN|PRPF31|PPP2R3C|WDR83OS|NOSIP|MPI|RAB13|TBC1D22B
FERNANDEZ_BOUND_BY_MYC	0.221987315010571	0.690410538957659	-0.313883746080215	-1.10384300859766	1469	173	ASCL2|TPM2|SLC2A4|IL11RA|SYNGR2|BSG|TCIRG1|AEBP1|TGFB3|UBA52|UCP3|SLC19A1|PHB1|ICAM1|IRF3|SERPINE1|RPL13A|NR1D1|BCL3|MET|ACP3|GAL|MUC1|ID3|SLC4A2|CLCN6|JUNB|NTHL1|HMGN2|PRTN3|EPHX1|ITGB1|PER1|ID2|GSK3B|MYBL2|GSTP1|LMNA|FUT1|CSTB|MAGEA3|BBC3|MCM7|VAMP2|THRA|JUN|AKR1A1|EIF4A1|FXN|CHRNB1|CASP9|ACAD10
REACTOME_TGFBR3_EXPRESSION	0.222020842772995	0.690410538957659	0.456846804942255	1.17420413024768	979	21	AGO4|SMAD4|TCF12|SP1|AGO1|TGFBR3|EP300|AGO2|AGO3|TNRC6C
GSE6269_STAPH_AUREUS_VS_STREP_PNEUMO_INF_PBMC_DN	0.222222222222222	0.690608875128999	-0.319300943237489	-1.10722520243786	1443	154	CATSPERZ|SPIB|COL18A1|CFAP45|CRIP2|PBXIP1|CARF|HLA-DOB|TRIO|RPL23|CD19|SFI1|LGALSL|DUS2|RPS9|LUC7L|ATP2A3|FHL1|SLC15A2|COBLL1|MZF1|MMRN2|TMEM161A
GSE7509_DC_VS_MONOCYTE_DN	0.222222222222222	0.690608875128999	-0.312808480732127	-1.1040564662761	1481	177	FSTL3|AQP1|C3|SEMA4D|CD14|SMPD1|PSMB9|TAP1|LPCAT3|RAB33B|IFI35|KLF7|SLC7A7|CRYBG1|PTGIR|LGALS3BP|STAB1|U2AF1L4|RGS14|KRTCAP2|GBP2|TSPO|SLC7A11|SHISA5|GMFG|AGRN|RHOB|TSKU|TSEN34|TSC22D4|ACAA1|TNFRSF1B|RAP1GAP|PRELID1|TK2|RNASET2|PDIA5|RWDD4|PSEN1|COASY|ZNFX1|PMP22|ACP2|CPT1A|IER2|LY6E|AUP1|CLCN5
GSE360_L_DONOVANI_VS_B_MALAYI_LOW_DOSE_MAC_DN	0.222571471336626	0.691052406210038	-0.311754813752201	-1.10457240961542	1486	183	PYGM|PLXNB2|RPS21|IRF7|CD37|LPCAT3|ITPA|SLC29A1|DCHS1|PDCD11|CYBA|CLCN7|NDUFS7|CHD4|STARD3|ESR1|NRG1|SEC61B|DHX38|GNA11|TSPO|AMHR2|GAK|CDK2AP2|SELENBP1|NFE2L1|ALG3|GFUS|SLC6A9|DUSP7|IQSEC2|ABL1|VPS52|ITGAV|SNRPD2|ARHGAP22|AP1B1|ZNF133|PPP6R1|POLR2J|TMEM184B|BCL2L1|SREBF2|GOLGA2|ACP2|SAFB|TNFAIP2|CCT7|PES1|DHX16|METTL13
GSE6259_BCELL_VS_CD8_TCELL_UP	0.22254844392249	0.691052406210038	0.290301181114415	1.08598490159184	757	169	AJUBA|SETDB2|LPXN|ZNF107|AGA|MMP14|ANKRD13C|CCL2|KAT2B|PIEZO2|PGAP4|NCOA3|TMEM51|CLDND1|DSCR4|EEPD1|MEF2A|L3MBTL3|EGR1|MAPK6|DDHD1|ZXDB|GPR183|RSAD2|NUDT11|TTC39C|XYLT1|HAS3|KIT|RNF144A|BMF|HBEGF|BMPR1A|CA8|SEMA4A|SMIM3|ZBTB21|DMTN|VDR|MTRF1
PATEL_SKIN_OF_BODY_ZOSTAVAX_AGE_70_93YO_VZV_CHALLENGED_POST_VACCINATION_VS_UNCHALLENGED_72HR_TOP_30_DEG_UP	0.222542311847317	0.691052406210038	-0.492325088560615	-1.19227225314866	1235	19	KLHDC7B
HOLLERN_SOLID_NODULAR_BREAST_TUMOR_DN	0.222672778561354	0.691153169820307	-0.459210359616017	-1.18280329488625	1262	25	AQP1|IFITM1|TWIST1|ICAM1
GSE3039_ALPHAALPHA_CD8_TCELL_VS_B2_BCELL_UP	0.223065250379363	0.691516054140841	-0.315000570138869	-1.10447916451573	1469	170	CCDC12|NUP210|PABPC1L|MINDY1|L1CAM|SLC52A2|APOC1|CARNS1|SIGLEC10|PPARG|EXTL1|GBA2|NLRX1|TAOK2|CNBD2|SIRT7|HSBP1L1|MYO1G|SCARB1|SPTB|FILIP1L|ORAI1|TRABD|NDUFB7|GAK|GATD1|SPN|DMBX1|B4GALNT1|OXLD1|MAP3K3|MRAS|SIDT2|FBXL6|LIFR|TSSC4|FBXO10|IRAG2|IFNGR1|CKLF|MYCL|SLC35C2|SMARCD2|DPY19L1|SPRYD3|ADISSP|MAN2A1|HNRNPM|ZFAT
GSE34156_UNTREATED_VS_6H_NOD2_LIGAND_TREATED_MONOCYTE_UP	0.222959419842617	0.691516054140841	-0.318727147062946	-1.10555531429437	1444	155	SLC8A2|RNF215|HBQ1|MINDY1|ECM1|TBKBP1|SLC29A1|NAT9|TULP3|LBP|RRBP1|CTDNEP1|ZBTB3|TOM1|RFNG|TJAP1|CCDC57|ATOX1|IKBKG|FKBP8|HPCAL1|NUDT8|NDEL1|DUSP7|MGRN1|CNPY3|PTGES2|MFGE8|DTNBP1|SAMD8|NDUFA7|LPCAT1|CD81|ELL|CDC42EP3|TSEN54|KDM6B|GSTK1|SEPTIN9|ARID3A|SPTLC2|RPS19BP1|IRAK2|SSBP4|ZFAND3|RXRA|PPDPF|POLR2G|SLC25A37|PPT2|CCDC97|NDUFB9
PEDERSEN_METASTASIS_BY_ERBB2_ISOFORM_1	0.223035166391315	0.691516054140841	0.388365266517505	1.1462383387955	944	38	ELK3|EGR3|RUNX2|PHLDA1|EGR1|TRIB1
SCHLOSSER_MYC_AND_SERUM_RESPONSE_SYNERGY	0.222981257663339	0.691516054140841	-0.426224361537306	-1.16317412805101	1272	33	SRM|PYCR1|ARMC6|CCDC85B|TMEM183A|NCLN|COG2|MRPS12|LARP1|SGTA|EIF4A1|POLR2I|ARFIP2|LIMK2|RNF126|NME4
GSE30971_CTRL_VS_LPS_STIM_MACROPHAGE_WBP7_HET_2H_UP	0.223300970873786	0.692033079849049	0.288614038249921	1.08296347300492	758	172	FSD1L|CXCL8|HECW2|CSTA|CDS1|CCL4|DNTTIP2|LINC01192|NBN|FNDC3B|PFKFB3|UAP1|NSUN3|MMADHC|PROCR|NFAT5|MAPK8|PLGRKT|WTAP|AGK|SCARF1|S1PR3|SH3PXD2B|MAMLD1|SLC20A1|PRR16|OSGIN2|SOCS2|HBEGF|ACSL1|CLIC4|CNKSR3|PTPN12|PRKD3|GOLT1B|SMPDL3A|SENP1|KBTBD2|USP12
GSE14769_UNSTIM_VS_360MIN_LPS_BMDM_DN	0.223490537699009	0.692406795500818	0.286182137898537	1.07879505925753	743	180	TTC39B|ETV2|MSL2|GNA13|TNFSF4|GNG12|RNF139|CYP26A1|NHLRC2|ORC4|PIKFYVE|SLC30A6|CABLES2|WBP4|BCL9|ASS1|TRMT1L|DDHD1|PJA2|RRAD|DOCK10|SLC4A3|ARMH4|APPBP2|RBL1|USP53|TMEM38B|MAP4K3|IL10RA|WAC|ANGPT1|ATP11A|ZNF654|MOB1A|ATF2|DMTN|ZNF217|CA2|SDAD1|LPCAT2|ETF1|PIAS1|ARFGEF1|USO1
GSE29617_CTRL_VS_TIV_FLU_VACCINE_PBMC_2008_UP	0.223788546255507	0.693116145422023	0.289542832882235	1.08549984818785	761	171	FEM1C|LIPG|CXCL8|C20orf203|CD69|RGS2|PARGP1|HIF1A|LONRF2|OTUD1|L3MBTL3|PLCL1|SIAH1|ETV3|TSC22D2|SMNDC1|ZNF92|RBM7|MED21|STPG3-AS1|GPR183|EXOC8|GOLGA4|NFE2L2|HBEGF|UBXN7|REL|NAMPT|ZNF234|DNAJB9|DHX15|SDE2|ZBTB21|CFAP20|RICTOR|BRAF|PHF3|CTNNB1|BCLAF1|KBTBD2|IVNS1ABP|ETF1|ZNF236|RAB1A|CHORDC1|TIPARP|BHLHE40|SREK1|ZNF326|MED26|ATF3|TASOR2
ACOSTA_PROLIFERATION_INDEPENDENT_MYC_TARGETS_DN	0.224251968503937	0.693806317180393	-0.332961816263882	-1.11638999984188	1423	115	HBB|CHST12|ADGRE5|TRPV2|LYPLA2|SERPINH1|ADAMTSL4|BCAM|MCAM|FDXR|ESR1|C11orf21|SLC10A3|AKR1C2|LYL1|FAXDC2|CTSD|SELENBP1|SLC2A3|JUNB|GYPB|ITFG2|SIDT2|ID1|RHCE|NFE2|TAX1BP3|NEU1|CHPF2|MINK1|EPOR|KCNH2|BCL2L1|ESYT1|ALAS2|ADAM8|STIMATE|GATA1|RHOG|SNPH|CLEC11A|USP11|SLC48A1|AKR1C1|SNCG|RAB13
GSE13306_LAMINA_PROPRIA_VS_SPLEEN_TREG_DN	0.224171539961014	0.693806317180393	-0.312528441761687	-1.10306806968468	1494	177	TSGA10|ASCL2|MESP2|ADSS1|C6orf132|AMZ1|MYL11|TSPAN4|RELL2|EXTL1|RDH12|KIFC2|LAGE3|AURKB|NYAP1|C8G|TMEM107|HRC|NFIL3|TSPAN9|MBOAT1|TIRAP|CHCHD6|LSS|SELENBP1|HPCAL1|GRHPR|RHOB|TRAPPC5|MFSD10|PGP|PLEKHF1|SPATA2L|P4HA2|SIVA1|TFR2|ZNF428|PLEKHH3|ENTPD4|OGFOD3|EGFL7|DUSP9|ERP29|NOPCHAP1|C9orf85
GSE17721_PAM3CSK4_VS_GADIQUIMOD_2H_BMDC_DN	0.224287856071964	0.693806317180393	0.283020759473123	1.07536566200763	747	189	TRAPPC2B|AKTIP|TM6SF1|TBCEL|MS4A6A|CCNE2|MFSD14A|USP38|TMEM51|CLDND1|LAMP2|CAPZA2|MGAT2|NEK9|ITSN1|MEF2C|YWHAQ|RMND5A|FNTA|SH2D1B|MSH3|RAP2A|MAPK1|ATG10|CHTF8|ANKRD28|TMED7|MED23|CNOT3|ITM2A|PIGH|TMEM230|DBF4|ACLY|ZCCHC10|FAM3C|CDK2|BACH1|WSB1|MIS18BP1|CCNT2|KMT2E|PFN1|IDH3A|TAF9|EFL1|MRPL3
GSE27859_DC_VS_CD11C_INT_F480_HI_MACROPHAGE_UP	0.224235224235224	0.693806317180393	0.281638669351298	1.07730595519966	754	195	WDSUB1|POGLUT1|PDCD10|WDR75|PRPS2|RSL24D1|FER|RPAP3|PTGES3|RDX|RIF1|PDS5A|PIAS2|GCLM|NUP37|ORC2|SMARCA5|MLC1|BEX3|HYPK|LRRC8C|TRIAP1|PDE12|CPOX|CDK1|AHCTF1|MTRR|PRMT3|FBXO45|TMPRSS5|AP4S1|HEATR1|CAND1|CLNS1A|MKLN1|PPP2CA|PTEN|HMGB1|EFR3A|PHIP|PSIP1|GNL3|BTF3L4|SSBP1|PCLAF|ANKMY2|PTPN9|ATM|RPL7L1|PNP|PEX11B|ALYREF|ERCC6L|EXO1|U2SURP|RIOX1|SARNP|PCBD2|RRN3|MRPL33|MORC3|UBE2K|WDR43|EFCAB14|POLL|DPH5|SRSF10
GSE18281_SUBCAPSULAR_VS_PERIMEDULLARY_CORTICAL_REGION_OF_THYMUS_UP	0.224614924480335	0.694604008605546	-0.310681352320346	-1.10167347232204	1501	185	TNS2|PAK1|PBX3|IL11RA|PDE2A|CRIP2|FAM193B|MAPK11|TRIO|RCN3|SPSB3|ITGAX|CIB1|GBA2|PALD1|PCOLCE|GLG1|TPCN1|RIPOR1|HIGD2A|EMP3|FHL1|TSPAN9|TMEM109|AKAP8L|PLEKHG2|DMPK|RAMP1|MXD4|MIB2|MERTK|CST3|RALBP1|ABHD12|SELENBP1|TSC22D4|PISD|ABL1|SIDT2|VKORC1|MCOLN1|SASH1|MEF2D|AP1B1|CASC3|ADD1|ABHD8|ITGAE|CCDC186|ITPR3|SH3BGRL3|FAM8A1|HABP4|GSTK1|AP1G2|PIH1D1|MAST3
JOSEPH_RESPONSE_TO_SODIUM_BUTYRATE_DN	0.224778459441036	0.694895650098282	-0.392184153427068	-1.14974547540622	1318	48	GAA|FES|AQP1|TIMP3|GRM3|COL6A3|HSPG2|EMP3
GARCIA_PINERES_PBMC_HPV_16_L1_VLP_AGE_18_25YO_7MO_CORRELATED_WITH_ANTIBODY_RESPONSE_POSITIVE	0.224873463485177	0.694975316029621	-0.506207262087343	-1.19383162195268	1243	17	ADGRB3|HIRIP3|FANCG|PFKP|ALAS1
GSE20366_EX_VIVO_VS_DEC205_CONVERSION_DN	0.22496328928047	0.695038934378996	0.289378782469964	1.08488482105752	765	171	FOSB|SPMIP4|EFNA2|RGS2|CREBL2|REV3L|ABHD17B|ANGPTL4|FAM107B|OTUD1|PAQR3|NOL11|MARCHF7|ST8SIA6|NR4A2|TFB2M|TSC22D2|PLEKHF2|ERCC6|RHOBTB1|SNX24|GRK4|PROKR1|SLC38A2|RBM4B|IL6R|IL24|SLCO4C1|INPP4B|TDRP|FOXP1|DUSP10|ZSCAN29|ZNF449|INPP5F|BCL2|TOPORS|AHCTF1|ZCCHC10|C17orf75|DNAJB9|HAPSTR1|PPP1R16B|ATP6V0E2|CHD1|SLU7|NMRK1|ETF1|RIPK2|BTK|ZYG11B|USP48|PNRC1|DDX27|KPNA1|ATF3
WP_PRIMARY_FOCAL_SEGMENTAL_GLOMERULOSCLEROSIS_FSGS	0.225160652496293	0.695434655310088	0.352037487358331	1.12982471674015	910	60	PLCE1|ITGB4|CAMK2B|MME|CD80|LRP6|UTRN|YWHAQ|COL4A5|PTK2|CDKN1B|CTNNB1|NCK1|WT1|LAMB2|PCNA
REACTOME_SIGNALING_BY_PDGFR_IN_DISEASE	0.225269784172662	0.6955577033298	0.467849070667554	1.17338962734032	1001	19	PIK3CA|GOLGA4|NRAS|ETV6|FIP1L1|STAT1|SOS1|WDR48|STRN|PIK3CB
GSE17721_PAM3CSK4_VS_GADIQUIMOD_0.5H_BMDC_DN	0.225390156062425	0.695715371019256	0.286525034847707	1.07916599446179	750	179	VAV2|BICDL1|SLC35A3|ZNF362|MS4A6A|RHBDL1|MTX1|NUDT13|ABHD3|MOB3B|SGPL1|DUSP22|MRTFB|RAB22A|PPM1A|SLC30A6|MKRN1|FAM13B|MAPK1|SYNE2|SPINK4|SYNE1|FABP6|TRIM24|PIGK|RRP15|EDC4|DUSP18|FXR1|RFK|CEP57L1|COX7A2L|PPP3R1|ATG12|TIPRL|UBE2D1|SMPDL3A|LSM3|INPP5B|SERTAD3|MAK16|IPP|ECPAS|LAMB2|FBXW11|POLR3F|PSIP1|CDC5L|ZNF148|PLAAT3|GABARAPL1|STX8|UBE2V1|BTK|MED8
KEGG_PENTOSE_PHOSPHATE_PATHWAY	0.225717566016073	0.696472550191051	0.438520266035889	1.161762992865	982	24	RPEL1|PRPS2|DERA|RBKS|FBP2|PGM2|RPE
RICKMAN_HEAD_AND_NECK_CANCER_C	0.225774225774226	0.696472550191051	0.344772987817539	1.12232932347079	903	65	AIM2|IL12RB2|PTHLH|TFPI2|CALB1|CYP27B1|ERAP2|RRAD|IL1RL1|IL24|LINC02577|CXCL11
GSE21063_CTRL_VS_ANTI_IGM_STIM_BCELL_NFATC1_KO_8H_DN	0.225960107174754	0.696570282944534	0.282192626976418	1.07665478407385	758	193	TTK|DEPDC1B|NEDD4|TOP2A|ANLN|UCHL3|PHLDA1|RMDN1|PRIM1|MTHFD2|CCNA2|C17orf58|GNPAT|SMC2|NCAPG|ZNF512|ERP44|IDH1|NCALD|MAD2L1|MGMT|SMIM20|MCTS1|CENPU|FUT8|PCCA|ARV1|TYMS|SFXN4|DONSON|NUBPL|TARS1|KIF15|DECR1|VRK1|COQ3|BIVM|RIDA|STMN1|AP3B1|ORC3|FUCA2|GGCT|PLAAT3|CHCHD3|CDCA2|TMA16|BLM|HERC4|LRR1|RFC3|HJURP|MDM1|ATF3|CCNB2|C1GALT1C1|CCDC14|BUB1B|EXO1|KNTC1|FKBP15|NAA35|MAP3K5|ALS2|MRPS9|PIBF1|SLC27A2|CDK19|NCAPH|ASPM|RPL39L|RPS6KC1|MNAT1|GATAD1|ATIC
GSE22443_NAIVE_VS_ACT_AND_IL12_TREATED_CD8_TCELL_DN	0.226138032305433	0.696570282944534	0.289083379857025	1.08377735281765	769	171	DISP1|PGM5|MYO3B|ABCC3|CEP128|DNAJC24|EGLN3|FSCN3|EEPD1|BCAP29|GCNT2|CD80|RPAP3|ATP1B3|PPP2R5E|AGPS|ACER2|IL1RL1|PDE4D|SBDS|GNPDA2|APPBP2|CENPU|CKAP2L|DCAF17|YTHDF2|RBL1|TMED5|KIF5B|PIGH|NAA50|MED7|CLIC4|CEP57L1|CLTC|COQ3|MRPS30|CUL3|TIPRL|PAK1IP1|C2orf88|TAF9|RBM25|RAB1A|TMEM181|DDX20|GABARAPL1|GTF2H1|ATF3|MAPRE1|CCDC32|BICD2|U2SURP|ALS2|CERCAM|EXOSC8|DOP1A|NUDCD1|CSMD1|XPNPEP3|ST13|USP37
LUI_THYROID_CANCER_CLUSTER_2	0.226023846552618	0.696570282944534	-0.407428230577525	-1.15490512423465	1307	40	TPM2|WFS1|TP53I11|TULP3|PPARG|SLC16A3|HIC2|ACAA1|CRELD1|ID1|ACADVL
REACTOME_SIGNALING_BY_ALK_IN_CANCER	0.226102941176471	0.696570282944534	0.324867775056163	1.10937963111034	860	89	PTPN6|AGO4|EIF2AK3|WDCP|PPM1B|PIK3CA|NPM1|RANBP2|CCNB1|PRKAR1A|MAPK8|LMO7|GCC2|MAPK1|IL10RA|KIF5B|PPFIBP1|CLTC|SKP1|RB1|MAPK9|AGO1|TFG|BIRC6|RPS6|MCL1|STAT1|STRN|PIK3CB|SEC31A|AGO2|ATIC|SHC1|FOXM1|AGO3|TPR|CUL1|PIK3R2
WP_ADIPOGENESIS	0.226152874289324	0.696570282944534	-0.334099593143048	-1.11585012728037	1431	112	SLC2A4|BSCL2|TWIST1|MEF2B|LPIN3|SREBF1|KLF7|PPARG|IRS1|CFD|MIF|SERPINE1|FAS|IRS2|TRIB3|DLK1|ID3|DVL1|LPIN2|BMP1|PPARD|CEBPB|AGPAT2|LIFR|WNT5B|MEF2D|LMNA|IL6ST|PCK2|SOCS3|GATA2
GSE17301_CTRL_VS_48H_IFNA2_STIM_CD8_TCELL_UP	0.22647146698536	0.696910050766108	0.282711315037084	1.07613235707367	757	191	MLYCD|GPR137B|ZNF14|KAT2B|PDE3B|RAB29|ABCC4|IMPACT|PSMD5|ZBTB18|KDSR|PPM1B|PJA1|SIAH1|RCHY1|ZFYVE16|ZNF274|MKRN1|TVP23B|PPP2R5E|TRIB1|MFSD1|RANBP9|SEC22A|HSD17B11|IL32|RSAD2|ATP8A1|DUSP10|SLC30A1|TMEM50A|ZNF292|AHCTF1|RDH11|EBAG9|BFAR|S100A10|LSM14A|AFTPH|MINPP1|CCNT2|PAPOLA|PUM2|PLAAT4|CLCN3|GOLGA7|LINS1|ANAPC10|USP12|SEC62|DENND4A|ASAH1|GTDC1|PAPOLG|TAX1BP1|EXT2|TM2D1|THUMPD1|PFDN5|CEP192|BNIP3|MCL1|SPTLC1|ZC3HAV1|PPP3CA|WAPL|PIBF1|PIK3CB|PPP2R5A|DOP1A|TMEM43|CALCOCO1|RAB7A|MARCHF3|LRIF1|JMJD1C|PIP4K2C|ICE1
GSE17721_LPS_VS_PAM3CSK4_0.5H_BMDC_UP	0.226463878326996	0.696910050766108	-0.31507089373632	-1.10143275167067	1488	164	PBX3|MAPK13|ENKD1|NAGK|PNKD|ITGA4|PSMB9|FAM193B|N4BP3|APOE|CHCHD10|DYNLT4|NUDT16|CYP2S1|C8G|ZNRD2|B3GAT3|PIP5KL1|TRIM26|EHBP1L1|ROM1|DACH1|ZC3H3|MBD3|IL17RA|RALBP1|B9D2|ENDOG|TSEN34|POLG|TNFRSF1B|ZNF354B|RGL2|PTCD2|DCTPP1|RPSA|TMEM214|ENTR1|CLN6|TP53BP1|STUB1|HES1|JMY|ECH1
WP_METABOLIC_REPROGRAMMING_IN_PANCREATIC_CANCER	0.226387887527037	0.696910050766108	0.379506703613996	1.14040753656959	941	42	ME1|GLUD1|LDHA|UAP1|HK2|DLAT|RPE|SOAT1|ACLY|CS|PGM3|GPI|DLD|GOT1|GOT2|MDH1|BCKDHA|PDHB
REACTOME_DECTIN_2_FAMILY	0.226683471371984	0.697348662467661	-0.49034115535646	-1.18746772750823	1258	19	MUC5B|FYN|MUC1
GSE26890_CXCR1_NEG_VS_POS_EFFECTOR_CD8_TCELL_DN	0.226924808644755	0.697766508738414	-0.310099685426469	-1.10159549583455	1511	190	VMAC|ADSS1|RPH3AL|RASGRP3|WDR25|FAM234A|KRTCAP3|DDB2|TECPR2|C1orf159|ZNF692|NXF1|IFT140|SLC41A2|LGALSL|RRBP1|NRM|HAGHL|PPM1F|HIGD2A|BCL3|CAMTA1|TEX48|EGFL6|FAS|MEAK7|CHD3|SELENOH|CALR|TMEM161A|DMPK|DUSP4|STING1|TRIP6|DHRS3|SLC2A3|GRHPR|PDRG1|B4GALNT1|PHC1|RGS19|TRMT2A|LIFR|DNAL4|BID|TK1|TCHP|CCDC137|SEMA4B|TRAF3|PHF2|CLCN5|ACCS|ZNF512B|HABP4|FLNA
GSE360_L_MAJOR_VS_B_MALAYI_LOW_DOSE_MAC_DN	0.227027835977252	0.697766508738414	-0.31024630973853	-1.09998799292251	1516	186	PRG2|STS|LYRM9|RAB4B|CYFIP2|FARP1|PYGM|ATRN|NDUFB8|ITPA|FAM131A|OTUB1|GTF3C1|DNPH1|ARHGAP45|CFD|NDUFS7|FEZ1|CHD4|TBCB|ESR1|AMHR2|GAK|NFE2L1|SPN|CPNE1|GFUS|SLC6A9|CLSTN1|NBL1|MRAS|IQSEC2|PARP3|VPS52|RASSF1|PYROXD1|SHOC2|NPHP4|ARHGEF1|PCK2|FUT1|PSMA7|SREBF2|CYC1|ATP5MC1|DNPEP|RBCK1|DHX16|MRPS12|ARID3A|PRKACB|WDR7|TCF25|MRPL58|HDAC6|AP2S1|IFT25|MBTPS1
LEIN_ASTROCYTE_MARKERS	0.227009984235418	0.697766508738414	-0.424988842240154	-1.15980237314716	1295	33	GFAP|APOE|MATN4|STAB1|NCAN|ID3|ITGB5|CST3
BIOCARTA_NUCLEARRS_PATHWAY	0.227262261109832	0.697906768245292	0.426936237270803	1.15374034923614	986	26	ABCC3|CYP26A1|ABCD3|CYP27B1|ABCB11|ABCB1|VDR
GSE27786_LIN_NEG_VS_BCELL_UP	0.227752639517345	0.697906768245292	0.286678146915384	1.07836756877344	754	178	CD44|SGO2|SCRN3|BMPR2|ASB9|DEPDC1B|ERI2|MNS1|WDR75|LANCL1|CCT8|UBE2N|FNIP2|HK2|TMEM106C|PXYLP1|SLC4A11|MGMT|FCER1G|PTPN14|SERPINE2|DMKN|LRRC8C|PPA1|RBL1|PSMG2|PLEKHA8|MRPS35|ETFDH|PARD6G|HSPD1|BORA|CFAP20|METAP1D|KLHL12|TNKS|API5|MRPL3|MRS2|MMS22L|AK3|WBP11|NUP155|DDX21|EIF4B|PTPN9|IDI1|PNP|ALDH18A1|TRMT6|BUB1B|RAD51AP1|OPTN|PAFAH2|RPRD1B|TBC1D4|PAQR8|JDP2|CALU|ECI2|ABI2|ARL2|DCAF10|CFAP68|NUP43|G3BP1|ZHX3|RABGGTB|ACSL3|LRP8|GEMIN8|DBI|SSR3|UBR7
GSE40274_FOXP3_VS_FOXP3_AND_XBP1_TRANSDUCED_ACTIVATED_CD4_TCELL_DN	0.227633069082673	0.697906768245292	0.297338405842384	1.08866635435632	803	143	SETD7|SLAMF6|PDK1|SLC49A4|CD3G|TNFSF4|KIN|KAT2B|TCF7|TTYH3|EGLN3|NABP1|LRBA|AMZ2|EGR1|PNPT1|SMAD4|TFB2M|SNAI3|ATP1B1|TAPT1|DDHD1|RCBTB2|GPR183|IL6R|TOX|PLS1|TGFBR1|NRAS|HBS1L|MYB|EIF4G3|FAM3C|CNOT6L|SEMA7A|PTEN|GOLM2|NGLY1|BMP2K|MIER1|SMC4|STK4
GSE42021_CD24INT_VS_CD24LOW_TREG_THYMUS_DN	0.227790432801822	0.697906768245292	-0.315133320266504	-1.10343818886543	1499	167	TSGA10|COL18A1|NEIL1|IRF7|RHBDD3|POLR2F|EXT1|L1CAM|H2BC13|IFITM1|TBKBP1|RABAC1|UBA7|IFITM2|IFI16|IFIT2|HERC6|RIGI|SH2D3C|CHD4|MX1|FAS|IFITM3|YPEL1|SP100|ISG15|MACROD1|HSD17B7|SP110|PHF11|UNKL|DHCR7|MALT1|PCSK7|CRELD1|NPHP4|OAS3|NFKBIB|CMTR1
HOWARD_MONOCYTE_INACT_MONOV_INFLUENZA_A_INDONESIA_05_2005_H5N1_AGE_18_49YO_1DY_UP	0.227442765225198	0.697906768245292	-0.308180514423787	-1.09857253372428	1519	196	KLHDC7B|HSPA6|ADAMTSL4-AS1|C21orf58|STX11|DYSF|TCN2|TYMP|IRF7|PRDM11|MT2A|APOL1|PSMB9|TAP1|IFITM1|HLA-DOB|IFI35|IFIT2|MAP3K7CL|VSIG2|PLEKHG6|LGALS3BP|APOL6|NR1D1|FAM225A|FRMD3|KCNJ15|MUC1|PCED1B|IFITM3|BATF2|GBP2|ISG15|FILIP1L|TAP2|PRSS21
KEGG_MEDICUS_PATHOGEN_HCMV_UL33_TO_GNB_G_RHO_SIGNALING_PATHWAY	0.227907789032483	0.697906768245292	-0.435506559686067	-1.16744212881278	1304	30	MAPK13|GNG8|MAPK11|GNB3|MAPK12|ATF6B
KEGG_MEDICUS_VARIANT_MUTATION_CAUSED_ABERRANT_SOD1_TO_RETROGRADE_AXONAL_TRANSPORT	0.227722772277228	0.697906768245292	0.448287002970258	1.16856551996407	1011	22	DNAH1|DNAH8|DCTN4|DCTN6|ACTR10
NUTT_GBM_VS_AO_GLIOMA_UP	0.227893601725377	0.697906768245292	0.376243785367026	1.13790033598276	950	43	ITGB4|LDHA|AP1S2|IGFBP5|AGL|CAP1|CLIC4|RBBP4|TMX1|GPI|LAMB2|CAPZB|SH3GLB1|VIM|STAT1
REACTOME_DRUG_ADME	0.227226975339708	0.697906768245292	0.340019318543734	1.11877414224083	902	69	VAV2|SULT1A4|SLC22A1|ABCC3|ABCC4|HPRT1|GMPS|VAV1|SLC22A2|ADK|ABCB1
REACTOME_RESOLUTION_OF_D_LOOP_STRUCTURES	0.227444496929617	0.697906768245292	0.389520656663354	1.14303704137542	962	37	RMI1|NBN|GEN1|DNA2|RBBP8|BRIP1|WRN|PALB2|BLM|ATM|RMI2|XRCC2|RAD51AP1|EXO1
REACTOME_SEMA3A_PAK_DEPENDENT_AXON_REPULSION	0.227901054929065	0.697906768245292	-0.51438162128579	-1.19363122828694	1252	16	FES|PAK1|PLXNA1|PLXNA2|PLXNA4|FYN
WP_TRANSCRIPTION_FACTOR_REGULATION_IN_ADIPOGENESIS	0.227337871730563	0.697906768245292	-0.483187508998732	-1.18589500527094	1268	20	SLC2A4|TWIST1|PPARG|IRS1|IRS2|CEBPB|PCK2
PID_PLK1_PATHWAY	0.228010661497456	0.698008850293218	0.371851408330453	1.13778948024997	940	46	PPP1CB|CCNB1|ROCK2|PPP1R12A|ECT2|NDC80|CDC14B|RHOA|CENPU|CDK1|BUB1|BORA|PPP2CA|FBXW11|WEE1|RAB1A|CENPE|CDC25C|ERCC6L|BUB1B|KIF2A|GORASP1
REACTOME_REPRODUCTION	0.228230116315624	0.698467654748852	-0.330190826704958	-1.11342239245831	1451	120	MSH5|H4C4|H2AC20|H2AC7|H2AC8|CATSPER1|CATSPER4|SYCE2|H2BC13|H2BC17|H4C11|IZUMO4|H4C3|SUN2|H3C12|H4C14|H3C13|SYCE1|H4C2
GSE37301_LYMPHOID_PRIMED_MPP_VS_RAG2_KO_NK_CELL_DN	0.228382736906773	0.698721704684605	-0.317383382081388	-1.10291753761363	1486	157	ANPEP|ZNF76|HLX|HOMER3|ENC1|PLLP|PPFIBP2|AXL|NALF1|DYNLRB1|CD48|MNDA|H3C12|ACSL6|ULK4|TBCB|CA12|GRIK5|NINJ2|PYCR3|MAD1L1|MS4A4A|ATP5PF|CARHSP1|RAB30|TTC28|HSD17B1|ARHGAP22|AFDN-DT|CAMKK2|LRFN4|HES1|MAGEA3|NUP188|RFXANK|RAC3
REACTOME_GLYCOSPHINGOLIPID_METABOLISM	0.228455559310578	0.698731536977325	-0.382768708319121	-1.14186655535074	1351	53	STS|GLB1L3|SMPD1|ARSA|GLB1L2|GBA2|SMPD3|ST6GALNAC6|ST8SIA5|ARSL|PSAP|CTSA|GAL3ST1|HEXA|B4GALNT1|SUMF2|NEU1|FUT1
GSE25123_CTRL_VS_IL4_STIM_PPARG_KO_MACROPHAGE_DN	0.228678808904308	0.698914994911092	0.291414164614417	1.08295915588508	790	160	PLA2G3|LNX2|SLAMF6|CD69|ATXN7|MS4A6A|NLGN3|DTX3L|NAP1L5|EGR1|NUP153|TSPAN13|SC5D|SKIL|MED13|CNOT6|RBM7|NEO1|BCAN|ZNF790|HES7|CHIC1|TMPRSS13|OR51B6|EHD3|FZD2|PLS1|VWA5A|UBXN7|INPP5F|BCL2|RESF1|RBPJ|CAPN7|KRR1|PIGC|TUBB1|FBXO33|ELOVL5|NDN|SFMBT2|RCN2|OR51B2|NUFIP2|NIPA2|PRKCQ|CAST|UBR1|TNFSF9|VIM|MCL1|STAT1|KYAT3|ASAP1|TRPS1|SOS1|CCDC117
GSE34156_NOD2_LIGAND_VS_TLR1_TLR2_LIGAND_6H_TREATED_MONOCYTE_UP	0.2286526095409	0.698914994911092	-0.309872157501597	-1.0988040742745	1528	185	FES|NDST2|TSC22D3|IL15|OSMR|IRF7|PSMB9|TAP1|UBA7|TWIST1|TCIRG1|IFI35|IFIT2|CRYBG1|IRS1|APOD|LGALS3BP|CCNL2|FASTK|MX1|IFITM3|AKR1B1|MAFK|TRIB3|GBP2|IL18BP|ISG15|IKBKG|TAP2|MAP3K11|SHISA5|PSMB10|FBXW4|AGRN|DYNC1H1|NFE2L1|TNFRSF1B|NISCH|TAPBP|GRINA|TFR2|CMTR1|PCNT|OGFR|IFNGR1|IRF9|TRAF3IP2|ZNFX1|LY6E|DTX2|IRF1|TOR3A|JUN|RBCK1
TONKS_TARGETS_OF_RUNX1_RUNX1T1_FUSION_ERYTHROCYTE_DN	0.228770131771596	0.698914994911092	-0.522461958157947	-1.19313716621575	1249	15	COL18A1|LRRC61|AHSP|ARHGAP22|LTBP1|HBE1
WEINMANN_ADAPTATION_TO_HYPOXIA_UP	0.22879404993802	0.698914994911092	-0.460525629701592	-1.17452525369433	1291	24	CRLF1|MARCKS|TPBG|SLC16A3|ID3|NNMT|NMU|HSPA1B
GSE42021_TCONV_PLN_VS_CD24INT_TCONV_THYMUS_UP	0.228944246737841	0.699098095204931	0.288045922258445	1.08190776080169	771	174	FGF5|PTPRN|EPB42|TNFSF4|CDC7|PGAP4|ITFG1|UBLCP1|SCOC|BNIP3L|RNF138|PIK3CA|ARL8B|ARF4|YWHAQ|CLK1|NAE1|TCF12|CTSF|TRIM13|CPSF3|SCP2|ACSL4|KIF3A|ELL2|USP33|SOS2|RAP1A|RAB5A|PPA2|TDP2|CDK1|IREB2|CLIC4|CACYBP|RFK|CS|PEX13|SMIM30|RPL7|KMT2E|MRPL30|MIX23|PARK7|FBXW11|SRSF1|WBP11|RAB31|FDFT1|RFC3|BTG1|PEPD|RPL22|KIF16B|SLC25A4|MBD2|CD82|SNRK|SRSF10|ACADM|TM7SF3|NIPBL|CEP350|ANP32A|ERGIC2|PIP5K1A|BPGM
GSE6681_DELETED_FOXP3_VS_WT_TREG_DN	0.22911051212938	0.699098095204931	0.282655784812818	1.07504877313714	764	190	CCDC159|SLC49A4|ABITRAM|ARL5A|PTHLH|HACD2|RBMXL1|FOXJ3|PIK3CA|EDARADD|PI4K2B|MEF2C|CRYBG3|NEMF|ABCD3|ROCK2|CAPN2|PDS5A|ATP1B1|ATP1B3|SNX4|BRIX1|LAMA2|FIBCD1|AUH|NOP58|RRP15|SLC25A3|CIR1|OSGIN2|WASHC3|MAP4K3|KCTD6|CCSER2|ACTL6A|RFK|MED31|HEATR1|RAB3GAP2|PUM2|WIPF2|MRPL3|RABGAP1|CSAD|GARS1|IDE|UBE4B|CEP70|SEC63|DSTN|GTF2H1|ANKRD33B|SYNJ1|PEPD|LTA4H|RAB3IP|SFPQ|CDK8|ZUP1|SCML2|PDSS1|PLA2G12A
KEGG_DILATED_CARDIOMYOPATHY	0.228993689804052	0.699098095204931	-0.360742793175384	-1.12903684670435	1378	71	TPM2|ITGA4|ITGA7|TGFB3|CACNA2D2|SGCG|ITGB5|ITGB1|ITGAV|CACNB3|ITGA5|LMNA
REACTOME_REGULATION_OF_MECP2_EXPRESSION_AND_ACTIVITY	0.229132569558101	0.699098095204931	0.408211305014549	1.14935654754706	979	31	AGO4|CAMK2B|HDAC2|CREB1|AGO1|NCOR1|NCOR2|AGO2|FOXG1|AGO3|LBR|TNRC6C
GSE17721_LPS_VS_GARDIQUIMOD_16H_BMDC_DN	0.229611796569365	0.700160899950929	0.284568908337537	1.07646625095095	762	184	PRNP|PRKCH|KCTD12|FGD4|ABCC3|TMEM135|ZBTB33|NEDD4|TLE4|CNIH1|MEF2A|AKR1E2|PTGS1|NEK9|UTP18|SLF1|PRKAR1A|SLC44A1|RAB6A|GCLM|YWHAG|TRIB1|COPS3|QNG1|SERPINB5|GNG10|RRP15|TMED7|PGM2|IRAK4|DBT|MED23|EMC2|TRAPPC2|SNRPB2|UXS1|IFTAP|CHMP4C|ANXA5|SLF2|CYRIB|ATP2A2|STMN1|TMX1|OTUD6B|OPN3|HSD17B12|PTPRJ|ACACA|RAB31|STARD7|TBC1D23|ADH5|IQGAP3|TRAM1|THUMPD1|RPAP2|HJURP|NCOR2|SLC30A5|HLCS|PAFAH2|PCBD2|FAM98A|SERPINB1|FKBP11
GSE43863_NAIVE_VS_LY6C_LOW_CXCR5NEG_CD4_EFF_TCELL_D6_LCMV_UP	0.229620410703174	0.700160899950929	-0.322379964378182	-1.10501131136181	1475	139	TRIM45|CYFIP2|SEC31B|TDH|C5|CXCL1|NDUFB8|SPEN-AS1|PTPDC1|SLC52A2|DNPH1|DNAAF1|HSPB6|ZNF462|TGFB3|SLC2A12|ZNF580|PRKCSH|MCAM|CCNL2|IL17D|B4GALNT1|PISD|DPH7|MIR17HG|UBE2Q2P13|SNHG15|C19orf48P|GRIN2D|ZNF786|ABCA5|BCL6B|MANBA|ZBTB11-AS1|TNFAIP2|MGAT1|SUGP1|NFKBIE|LENG8|EIF4EBP1|S100A13|CLASRP|COX4I1|RHPN2|SGSM2|SF3B2
HOELZEL_NF1_TARGETS_DN	0.229961215255333	0.700774340841843	-0.350549900768273	-1.12382629937227	1422	82	ARK2C|LATS2|FGF14-AS2|GABPB1-IT1|DNAJC15|NTRK3|SLITRK6|DCHS1|TMEM44|RASA4B|TMEM200B
REACTOME_SARS_COV_1_HOST_INTERACTIONS	0.229924058814025	0.700774340841843	-0.343831151068604	-1.11855639237007	1422	93	RCAN3|RPS21|SFN|PYCARD|RPS28|RPS20|RPS29|UBA52|RIGI|RPS9|IRF3|SERPINE1|UBB|FAU|STING1|RPS18|RPS15|RPS10|RPS16|RPS2|RPS23|RPS27|RPSA|RPS11|RPS26|RPS12|BCL2L1|TRAF3|RPS5|MAVS|TKFC|IRAK2|RPS14|RELA|RPS17|SMAD3|PDPK1|UBC|RPS13
BILANGES_SERUM_SENSITIVE_GENES	0.230604159788709	0.701047776233541	-0.357977171187704	-1.12623938828425	1396	73	MESP2|AQP1|IQCD|RPH3AL|CRLF1|NCEH1|TMEM9|PLOD1|LARS2|RPS18|SYT10|SIDT2|BLVRB|MRPS5|DYNC2I2|CDKN1C|ASL|JUN|HIPK2|EIF3K|TCF7L2|TLE3|SUPT16H|CDC37
BIOCARTA_P53HYPOXIA_PATHWAY	0.230629814227458	0.701047776233541	0.454163508033613	1.16730742378345	1017	21	HIF1A|HIC1|MAPK8|TAF1|ABCB1|HSP90AA1|ATM|EP300
GRYDER_PAX3FOXO1_ENHANCERS_KO_DOWN	0.230328495034377	0.701047776233541	0.257733282896542	1.0531870047898	602	405	MEIS1|PLCE1|KBTBD8|ZNF483|RNF11|WDFY3|SUMF1|ELAPOR2|C5orf15|GNG12|SLC38A9|COPS8|ANLN|TBC1D2B|FGGY|ACTR3C|PPP1R3B|ARL8B|NFYA|LDLRAD3|ETNK1|FAM199X|SATB2|TSC22D2|HSPH1|PRKAR1A|ELMO1|FCRLA|OAT|ZNF644|ZDHHC21|ETV5|PGRMC2|ZNF664|MAPK8|HSPA4|ASS1|BMERB1|ZDHHC6|MSH3|CCNC|UGCG|ZXDB|SYTL3|KCNS3|DOCK10|NKAIN1|MCC|SERPINE2|C1GALT1|CAPRIN1|VAPA|RRP15|YWHAZ|VDAC1|DBT|C10orf71|NFE2L2|CSRP1|NUP205|ZW10|CAP1|KIF5B|CNOT2|BCL2|CELF2|RBPJ|STK24|RAPH1|PRMT3|WDR11|ASCC3|CHSY1|HNRNPK|CACUL1|PIGC|PTPN12|BFAR|VRK1|ADAM10|CAND1|ATP2A2|SFMBT2|QKI|ZNF217|TPST1|RBBP8|GTF3A|SMPDL3A|GART|GOLGA7|FANCF|PCSK6|AGPAT5|SFXN1|PSIP1|SGMS1|PARP4|MIOS|ZNF264|LMNB1|STX8|EXT2|RFC3|STMP1|DLG5|SKP2
GSE21546_SAP1A_KO_VS_SAP1A_KO_AND_ELK1_KO_ANTI_CD3_STIM_DP_THYMOCYTES_UP	0.230630087428399	0.701047776233541	0.282904728600163	1.07328703959708	764	188	PITPNC1|MYLK3|ALG11|WDFY3|SELENOT|DDIAS|PGAP4|USP25|STRADB|ARHGAP23|DTL|UBLCP1|CKS2|XPR1|RAB22A|WDR35|FBXO30|HSPH1|RIF1|METAP2|EPB41L5|ABCB10|PPP3CB|IPMK|PLA2G4C|ATP8A1|ATL1|EHD3|LRRC8C|CPOX|EXOC6|ZMYM5|ZMAT3|LUC7L2|LSM14A|NEK1|MINPP1|PEX5|NMNAT3|ZNF266|TPST1|KLHL12|CA2|ATP13A3|SFXN2|ATP1B2|XPNPEP1|SEPTIN8|RYK|BLM|STX17|MEX3D|CISD1|TFDP2|TGFBR3
GSE2706_2H_VS_8H_R848_STIM_DC_DN	0.230306502434832	0.701047776233541	0.292249477475394	1.08447329075992	803	157	FSD1L|NIPSNAP3B|PGAP1|DNAJC9-AS1|TNFSF4|USP25|TTPAL|NT5C3A|WDR5B|UBA6|DTX3L|L3MBTL3|PIK3CA|PNPT1|SMAD4|RDX|ETV5|C3orf38|CMPK2|PLA2G4A|ART4|ACSL4|TMPO-AS1|JAK2|TCEANC2|INPP5F|SSB|IFI6|KLHL6|HMGN3|TRAFD1|TIA1|KLHL12|MAML2|CHMP5|BRWD3|NMI|ALDH1A2|BRIP1|STK4|ITCH|CDC73|LMNB1|BTG1|RAB10|PARP9|PIR|EIF2AK2|STAT1|USP15|SOS1|PSAT1|PARP14|TBC1D4|MAP4K5|XRN1|ARHGAP25|BCL2L11|GOLGA5|TDRD7|TRIM5|WARS1|MACC1|SLC31A1|UBE2L6
GSE41867_DAY15_EFFECTOR_VS_DAY30_MEMORY_CD8_TCELL_LCMV_ARMSTRONG_DN	0.230679498396034	0.701047776233541	0.290646453038225	1.08242309130878	790	163	SETDB2|ZNF225|KBTBD8|NUDT12|AKAP5|PLAAT1|ZNF782|TRAPPC8|USP38|AK7|BLTP3B|EEPD1|WDCP|RHOT1|DOCK7|RANBP2|PPIP5K2|HYCC1|ATG2B|ZNF514|ZFYVE16|COG6|GAS2L3|GCC2|WDR97|CEP97|TSNARE1|EDC4|DUSP18|ZBTB34|CPSF2|AGGF1|FBXO45|MIS18BP1|NPAT|EEIG2|TRIM32|ZMYM2|WT1|ERCC5|CEP76|RNF168|AP4E1|ZNF638|VPS37A|ATP1A1-AS1|SERTAD2|SUN1|PPDPFL|CCDC14|TBC1D15|ZC3H14|CDK8
GSE45365_CD8A_DC_VS_CD11B_DC_IFNAR_KO_UP	0.23065607531627	0.701047776233541	0.289606885396282	1.08013437720139	783	166	CXCL8|MEX3C|ZNF677|GPR85|CLDND1|S1PR2|B3GNT5|EAF1|PAQR3|AP1S2|TMEM168|ZNF468|VPS50|NDFIP2|GNPAT|NCBP2|ECT2|PRTFDC1|RAP2A|PCNP|PXYLP1|SYTL5|FRZB|GPNMB|CALM2|FASTKD3|KCNK1|IFT57|CRBN|ZNF700|TRAPPC2|NAA50|ERC1|ACTL6A|ADNP|SDE2|MGST1|PUDP|POLR3F|GLT8D1|ATP6V1A|ATP11B|SMC4|REEP3|ZNF136|CCDC66|IFT20|ZNF320|RBBP7|ERCC4|SUZ12|RBM12|ABHD18|IER3IP1|POLD3|RAB9A|EIF1|ZNF440|ALDH1A1|EVI5
REACTOME_SYNTHESIS_OF_GLYCOSYLPHOSPHATIDYLINOSITOL_GPI	0.230201342281879	0.701047776233541	0.483185259469247	1.17692499700457	1028	17	PIGB|PIGA|PIGZ
TURASHVILI_BREAST_LOBULAR_CARCINOMA_VS_DUCTAL_NORMAL_DN	0.230602369431003	0.701047776233541	-0.3629202015762	-1.12709967592963	1381	68	KRT15|TRIM29|SYNM|ACTA2|APLP2|FUT8-AS1|LAMB3|STC2
FRIDMAN_IMMORTALIZATION_DN	0.231027179668196	0.701464537796173	-0.446032270437542	-1.16813563686492	1308	27	TGFB1I1|IRF7|IFI16|SERPINE1|FILIP1L
GSE23502_BM_VS_COLON_TUMOR_MYELOID_DERIVED_SUPPRESSOR_CELL_UP	0.231044776119403	0.701464537796173	0.287277272881161	1.07973678202132	773	176	BATF|GPR137B|CD69|FCGR2B|ABHD17B|RAB29|RNF13|HIPK3|PRPS2|CPEB2|PFKFB3|MACIR|MAPK6|SYPL1|DMXL2|SH3BGRL2|PDE8A|TRIB1|SLC38A2|HK2|MGMT|LINC01160|CD274|OOSP2|HS3ST2|TMEM176B|EGR2|ELL2|LITAF|PCMTD1|VWA5A|PARD3B|RESF1|STK24|EPCAM|CPNE3|PTK2|SCAMP1|ACBD4|FAM241B|S100A10|TTC33|PPP1R16B|MGST1|STX7|RBM47|NIPA2|RAB31|TIPARP|ANKRD33B|ZNF281|SERTAD2|PEPD|INPP4A|VIM|SLC35F5|STK38|SOS1|FOSL2|MAP4K5|EIF1|ALS2
GSE7460_CD8_TCELL_VS_TREG_ACT_UP	0.231020166073547	0.701464537796173	0.287724109681325	1.08207253784716	778	175	CNRIP1|MYO1F|GPR160|LPXN|ZNF14|HERC3|CCL4|MBLAC2|TCF7|NEDD4|TLE4|BPNT2|AASDH|DUSP22|DAPK2|NCALD|SYTL3|FAM174B|ALPL|RSPH4A|PAK3|FCGRT|IRAK4|MOSMO|DSG2|B4GALT5|HID1|ABCB1|PDE7A|COX7A2L|BFAR|CDKN1B|LUC7L2|SMIM3|TOGARAM1|FILIP1|TRAFD1|CMAS|TTC3|SUPT4H1|FRYL|PREX1
REACTOME_GENERATION_OF_SECOND_MESSENGER_MOLECULES	0.231096157251638	0.701464537796173	-0.459482738341024	-1.17186546201099	1304	24	LAT|PAK1|CD101
GSE2770_IL12_AND_TGFB_VS_IL4_TREATED_ACT_CD4_TCELL_6H_UP	0.231233041905336	0.701667858115406	0.282807307050179	1.07291744066004	766	188	NXT2|SLC18A2|TTK|SLC10A7|PARPBP|LONRF1|PLK4|TOP2A|KIF18A|ANLN|SMARCAD1|CUL4B|CCNA2|ZWILCH|SMC2|RRAS2|BTBD9|MTCH2|INTS8|ASS1|MGMT|CSRP3|DSEL|CDH7|GATA6|WDR89|IFT57|HERPUD1|RBL1|OSGIN2|PPA2|PCYOX1|ARMT1|FBXO45|METTL4|CDK2|C4orf46|CAND1|SACM1L|TMX1|CLUAP1|GNL2|LRRC40|ECHDC1|CDC73|BUB3|BCCIP|ZC3H8|KPNA1|SCMH1|GPSM2|RIOX1|VDAC3|KYAT3|FAM98A|FAM149B1|RAP1GDS1|RAB9A|CSE1L|EXOSC8|NCAPD2|STAG2|ILF2|MRPL35|HAUS6|FAM204A
GSE27859_DC_VS_CD11C_INT_F480_INT_DC_UP	0.231577367552154	0.70250033710744	-0.309228123924752	-1.09849936813834	1542	190	MESP2|TEP1|APLP1|RPS21|SMPD1|BSCL2|KRTCAP3|TSPAN5|CHST12|CACFD1|SH3BGR|UBL5|EEIG1|KLF7|SELENOV|MAP1LC3A|NUDT16|SERPINE1|DCAF15|OS9|PGS1|CYP2F1|SDR42E1|NDRG4|SLC2A8|TBXAS1|RPL38|SEMA4F|ANKS3|ACSBG1|CTSD|IL16|RPS16|JUNB|STX5|FAM98C|ACAA1|MAF1|MED12|RPS27|CYBC1|SMIM14|HOXC6|MINK1|POLM|ZSCAN2|TPRA1|PEDS1|TYK2|METRNL|RFXANK|PI4KA
WP_PLURIPOTENT_STEM_CELL_DIFFERENTIATION_PATHWAY	0.231758652946679	0.702837872591772	0.410020067317797	1.14700232835289	990	30	EGF|PDGFB|IL6R|WNT2B|KIT
GSE19923_HEB_KO_VS_HEB_AND_E2A_KO_DP_THYMOCYTE_UP	0.232011967090501	0.702924874873304	-0.30916392683857	-1.09752882963739	1550	188	TBC1D1|COL18A1|AHRR|CD37|FAAP20|TNK2|TRIO|PDE6D|ARHGAP45|ING4|CD48|CRYBG1|SYNGR4|HSD17B10|LAGE3|STC2|TXNDC16|SLC6A13|LTBP3|PNKP|BIN1|ZFYVE19|SUGP2|ICAM2|IL16|FOXRED1|RNF181|SLC7A1|XPC|HPCAL1|MCRIP1|ATP13A2|MAP3K3|ATP5IF1|ACAA1|ABL1|ZMYND11|DGUOK|SDHA|RNF145|RAD50|TUBG1|RNASET2|NUMA1|ECH1|AARS1|TIMELESS|ACYP1|CCNF|SAP30L|DESI1|CSTPP1|STK25|CDCA7L|LTB4R|PTDSS2|PIMREG|ENTREP3|ERGIC3|PRKACB|IDH3G|SLC48A1|SIPA1|NPC1|NSMCE1|INTS3|PGLS|SPICE1|SSNA1|VAMP8|SLC11A2
GSE37534_GW1929_VS_PIOGLITAZONE_TREATED_CD4_TCELL_PPARG1_FOXP3_TRANSDUCED_DN	0.232137473620742	0.702924874873304	0.282552036779144	1.07194899352643	769	188	DEPP1|IL10RB|PIGZ|SFT2D2|SOCS6|NABP1|KPNA3|AFF4|DLC1|RALGAPB|MACIR|MRTFB|HSPH1|HIBCH|PLEKHF2|SCYL2|PGRMC2|GCLM|TBPL1|MAPK1|BRIX1|KCTD14|SLC4A4|CNBP|UBE2E3|CDC14B|PRR16|UBXN7|CRY1|BECN1|PEX13|KIF15|BFAR|RRM1|TRIT1|MAGI2|GOLT1B|RNF14|ZNF217|PLAAT4|CHMP2B|SERTAD3|CCDC90B|AGPAT5|USP12|DENND4A|HACD1|SGMS1|AVL9|RB1CC1|TMEM87A|RFC3|ATF3|SLC30A5|KPNB1|DYNC1LI2|MAFF|GLO1|PEX19|MOCOS|OSBPL2|SLC36A1|GEMIN2|TOP1|FKBP1A|RLIG1|RPS6KA3|SRSF10|OFD1|STOM|ST13|NR2F2|WARS1|ZEB2|CUTC|TOM1L1|RC3H2|ECI2|TNIK|PAK2
GSE3920_UNTREATED_VS_IFNB_TREATED_ENDOTHELIAL_CELL_DN	0.232127096204766	0.702924874873304	0.289248004668528	1.07879587514598	788	166	SGO2|SLC33A1|DET1|TTYH3|DCLRE1A|SLC39A10|CCDC15|RAB3A|TOP2A|EXD2|NAAA|AMMECR1|KIF11|AASDH|GEN1|CCNA2|ARHGAP11A|FANCB|MSH2|ADD3|NCAPG|XPO7|ZDHHC6|NUSAP1|SYT11|LRRC8C|PPA2|TIPIN|CCNH|RRM2|CASD1|CS|DNAAF10|ZMPSTE24|TMED8|TMX1|FAM20B|PREX1|FAM111A|WEE1|ESCO2|CKAP5|RYK|CEP70|SKP2|SUN1|EIF2AK2|RNASEH2B|SLC35A5|CCNB1IP1|IMMT|PYGB|VPS13C|NELFCD|RPA3|ANAPC1|KLHL42|POLH|GMCL1|ELP4|SPC25|MTPN
QUEREC_PBMC_YF_17D_VACCINE_AGE_18_45YO_3DY_UP	0.232125834127741	0.702924874873304	0.379321144916817	1.13749746158279	973	41	SAMD9|IFIH1|MX2|DHX58|PNPT1|NEXN|IFIT3|RSAD2|IFIT1|DDX60L|IFI6
QUEREC_PBMC_YF_17D_VACCINE_AGE_18_45YO_7DY_UP	0.232125834127741	0.702924874873304	0.379321144916817	1.13749746158279	973	41	SAMD9|IFIH1|MX2|DHX58|PNPT1|NEXN|IFIT3|RSAD2|IFIT1|DDX60L|IFI6
GSE22935_UNSTIM_VS_24H_MBOVIS_BCG_STIM_MACROPHAGE_UP	0.232233883058471	0.703004740090751	-0.310921332045689	-1.09846841462733	1548	179	FES|ANPEP|CDPF1|KISS1R|FZD7|GFAP|SH3BP2|TMEM116|CLDN6|RTN4R|TMEM144|MAN1B1|ABCB8|DYNLRB1|NSUN5|ITGAX|SELENOV|RGS17|COLEC12|CXXC1|CAMKK1|DUSP8|SPINT2|HGS|KIF5A|TJAP1|FKBP8|IL17RA|GRINA|SLC35F6|FNDC10|TRAF3IP2|RRP7A|EHMT2|HOXB4|NDUFA7|PEDS1|NUP188|HIP1|IRF1|CDKN1A|ERAP1|PCBD1|APOBEC3B|MSRB1|CEMIP2|SEC61A2|PNPLA2
MARIADASON_REGULATED_BY_HISTONE_ACETYLATION_UP	0.23242154723947	0.703360714859752	-0.373321422635241	-1.130998268992	1384	58	ENKD1|RETSAT|ACAP3|MCAM|ARHGEF10|ID3|ISG15|MYO9B|GAK|SLC25A16|GGT7|GNPTG|NOS3|UBR4|PPP1R12C|AAMDC|ID2|BCL2L1|CDKN1C
GSE9650_NAIVE_VS_EXHAUSTED_CD8_TCELL_DN	0.232660228270413	0.703407865553648	0.289237060906691	1.08028121146749	794	167	MYO1F|KRT27|MMP14|CCL5|ZNF436|CCRL2|ENTPD7|DOCK7|KHK|SYPL1|CRYZ|RELN|ZNF821|PERP|SCRG1|HTR2C|STRA6|AUH|LITAF|MYO6|PRRC1|CSRP1|ACSL1|IL10RA|EPCAM|CLIC4|GDAP1|KCTD9|PTPN12|VMP1|HMX3|SUB1|RPA2|BNIP2|PRXL2A|PLSCR1|PTPRJ|CIZ1|BHLHE40|EIF2AK2|ETV1|AFP|MOCOS|RHAG|MRPS2|CANX|IMMT|TERF1|CCDC47|CCDC93|DMAP1|POLR2C|OSBPL9|GNPTAB|SNRNP27|STX3|TUG1
HOLLERN_SQUAMOUS_BREAST_TUMOR	0.232717425931825	0.703407865553648	-0.339473396049657	-1.11705034509218	1460	101	KRT15|TRIM29|RDH16|SFN|MT2A|DEGS2|N4BP3|CRYBA4|SLC23A3|TGM1|JAG2|HOXC13|AXIN2|CRYM|ACP6|ID3|ACSBG1
LINDSTEDT_DENDRITIC_CELL_MATURATION_D	0.23268901394666	0.703407865553648	0.356666219953323	1.12334264372159	950	54	MTMR6|LST1|NAAA|SYPL1|NCBP2|PLPP3|RCBTB2|TGFBI|EGR2|FCGRT|CTNND1|CCNH|ANXA1|TPP1|PTGER3|ATP6V1A|RAB31|LAPTM4A|DAB2|TOP1|AQP3
REACTOME_INFLUENZA_INFECTION	0.232658072437078	0.703407865553648	-0.317936325759401	-1.10148785154559	1515	152	POLR2L|RPS21|POLR2F|RPL28|NUP210|RPS28|RPS20|RPLP2|RPS29|RPL23|UBA52|RPS9|RPL18|RPL13A|FAU|CALR|RPL38|ISG15|POLR2E|RPS18|RPS15|RPS10|RPS16|RPS2|RPLP1|RPL27|RPS23|RPL10|RPL36|RPS27|RPL37A|POLR2A|RPSA|CLTA|HSPA1A|RPS11|RPS26|RPS12|POLR2J|RPL3|RPL35|PARP1|NUP188|RPL8|RPS5|POM121C|POLR2I|RPL35A|RPS14|AAAS|RPS17|RPL26L1|RPL23A|POLR2G|RPL41|RPS13|RPL13|RPL27A|POM121
REACTOME_FGFR1_MUTANT_RECEPTOR_ACTIVATION	0.232816477667207	0.703495425293022	0.418010235282701	1.1518027165273	1005	28	FGF5|PIK3CA|FGFR1OP2|FGFR1|TRIM24|BAG4|ZMYM2|STAT1|CPSF6
GSE22033_UNTREATED_VS_ROSIGLITAZONE_TREATED_MEF_DN	0.233028622808332	0.703812016179808	-0.31053700449898	-1.09822689303277	1554	180	MTCL1|C3|CRIP2|MELTF|ABCC10|REN|ATXN1|ELMO3|PIK3C2B|TPBG|KCNK5|OTUB1|TSPYL2|NXF1|IFI35|IFIT2|ANKS1B|ECM2|RIGI|CCND1|PTK2B|SEMA6A|SLC12A6|TBXAS1|MMRN2|NCSTN|CTC1|RRP12|YIPF3|DDT|MERTK|LPIN2|GPR107|NOL3|LINC00623|CEBPB|ZBTB10|SIDT2|MALT1|MCOLN1|HMG20B|STX18|IL6ST|ZNF23|PDK3|EDEM3|SIK3|CLCN5|DESI1|CTSH|EOLA2
KEGG_PARKINSONS_DISEASE	0.23306148055207	0.703812016179808	-0.328592846811936	-1.11017560962445	1485	122	COX6B2|COX8A|UQCR11|COX6A1|NDUFB2|NDUFB8|NDUFA3|NDUFA2|UBA7|UQCR10|COX5B|COX6B1|UCHL1|NDUFS7|UBB|NDUFS8|NDUFA4L2|NDUFA6|NDUFB7|UQCRQ|NDUFA1|ATP5PF|NDUFB1|NDUFC2|UBE2J2|NDUFC1|SDHA|UQCRHL|ATP5F1D|NDUFA7|NDUFB6|CYC1|PINK1|ATP5MC1|VDAC2P5|NDUFA8|CASP9|COX7A2|NDUFAB1|COX4I1|MT-CYB|NDUFB4|UBA1|UQCRH|COX6C|SDHB|ATP5MC3|COX7C
GSE42021_TCONV_PLN_VS_CD24LO_TCONV_THYMUS_UP	0.233313198429478	0.704148492433883	-0.311997675527237	-1.09721021598056	1544	173	TPM2|STS|PTPRB|RNASEK|RETSAT|LAMA4|RNF5|TAP1|SLC38A10|KRT12|SMTN|CRYBG1|S100A5|LAGE3|HSPG2|NFIL3|ACTN2|TSPAN9|KLK8|TRAF2|TXNDC17|RNF181|MAP3K11|RFX1|SLC2A3|TOMM7|MRPS21|SDHAF2|SLC37A4|TSC22D1|NEDD8|ARHGEF1|YJU2|WNT5B|TAX1BP3|SMARCD2|ADGRL1|UQCRHL|INTS5|C8orf82|LPCAT1|SUPT6H|PITPNM1|CCNF|DICER1|TUFM|GCAT|ITPR2|PRR5|IRF1|KIF2C|TUBA3C|GSTK1|EBP
REACTOME_TRANSCRIPTIONAL_REGULATION_OF_GRANULOPOIESIS	0.233245295477055	0.704148492433883	-0.357571988909602	-1.12496463593197	1412	73	H4C4|H2AC20|H2AC7|H2AC8|H2BC13|H2BC17|H4C11|H4C3|H3C12|H4C14|H3C13|H4C2|H2BC5|H3C2|CEBPB|H2BC12
YAGI_AML_WITH_INV_16_TRANSLOCATION	0.233508142423406	0.704525017627337	-0.286142721802073	-1.07772950062007	1691	357	HSPA6|POU2F2|ANPEP|S100A2|OSMR|AKAP13|HLX|MELTF|RPS20|RPLP2|CTRL|GTF2H4|ARID5A|SLC38A10|RPS29|DOCK4|RHBDF1|OTUB1|GTF2H2C|DGKD|SMAD6|ICAM5|SAC3D1|H2AC16|FLT1|MMP1|CLIP3|RGS17|KRT4|ZIC1|IRS1|UCP3|BCAM|CPS1|ACVR1B|ACSL6|HSPB1|RPL13A|TIMP1|RGP1|CDKL5|PKP3|TMEM109|MOK|DHX38|GBP2|NLRP1|BIN1|ID3|RAMP1|VPS72|CSNK1D|USP19|RPS18|RPS16|DHRS3|CDK2AP2|MED6|RAB11FIP3|DYNC1H1|SDC4|RPLP1|NR4A1|CDK11B|MAPKAPK2|GNS|DNAH3|SFSWAP|KIFC1|TSC22D1|RPS27|ZBTB43|TUBB2B|RPL37A|H2AZ2|FKBP2|IQCK|HNRNPAB|ZBTB39|HSPA1A
GSE360_T_GONDII_VS_B_MALAYI_HIGH_DOSE_MAC_DN	0.233785822021116	0.704727351786175	-0.311938970883652	-1.09821915763715	1549	175	PYGM|S100P|ATP9B|IRF7|RHBDD3|LILRA2|TAP1|GDF15|IFITM1|UBA7|TSPAN4|VSIG4|CFD|CYBA|PTGIR|NDUFS7|LGALS3BP|RAB40B|STAB1|PTK2B|ENTPD1|KCNAB2|AMHR2|PSMB5|STXBP2|F2R|HEXA|ENTPD6|IQSEC2|LRRC37A2|PARP3|NISCH|PCYT2|HDAC5|FKBP2|CLTA|MYCL|NEU1|TMEM184B|PLEKHM2|SREBF2|TSPAN31|GAS6|SPHK2|DTX2|TRAF3|CLK3|TNFAIP2|VAMP2|IRF1|PSMD9|ABCA2|PDIA4|AKR1A1|PTPA|EIF2B4|NFKBIE|PIGO|INTS1|WDR7
KEGG_MEDICUS_REFERENCE_PDGF_PDGFR_RAS_ERK_SIGNALING_PATHWAY	0.233780760626398	0.704727351786175	0.481933157503767	1.17387517279513	1044	17	PDGFB|MAPK1|SOS2|NRAS|BRAF|SOS1|MAP2K1
LINSLEY_MIR16_TARGETS	0.233782129742962	0.704727351786175	0.279978387986369	1.07234630457951	763	202	ELK3|AKTIP|NAPEPLD|TNFSF12|NKIRAS1|PEX12|TBCEL|NMD3|ANLN|TRUB1|RNF138|EGR1|CCDC68|RAB22A|TFAP4|NUP35|DDHD2|MKRN1|ATL3|UHMK1|TVP23B|LMO7|MAPK1|CDC27|DAZAP2|GNPDA2|ASNSD1|SLC30A1|CARD10|LIMK1|PHLPP2|RFK|UXS1|CHD9|CACUL1|EIF2S1|DCP2|TMEM245|PUDP|ITPRIPL2|WEE1|FYCO1|AGO1|CDC42SE2|UBE2V1|EXT2|POLR3G|DNAJB6|THUMPD1|CDK6|LAPTM4A|BTG3|CDS2|SETD3|DYNC1LI2|HIF1AN|SFXN5|USP15|PIP4K2A|NCKIPSD|EFCAB14|FBXW7|UBTD1|KIF23|RPS6KA3
AZARE_NEOPLASTIC_TRANSFORMATION_BY_STAT3_DN	0.23409255242227	0.70501681404583	-0.502211065596672	-1.18440705202765	1294	17	FARP1|HSPG2
GSE13887_ACT_CD4_VS_NO_TREATED_CD4_TCELL_DN	0.233988180801789	0.70501681404583	-0.340593243801578	-1.1146416742957	1464	96	CADM2|GNG8|NPW|SFN|KHDRBS3|SLC39A3|PTH2|GTF3C1|SLC22A13|CAPN11|PRRT3|BRPF1|TMEM42|DEF8|MRAS|MOCS3
TANAKA_METHYLATED_IN_ESOPHAGEAL_CARCINOMA	0.234031810148952	0.70501681404583	0.33654674670456	1.11503809926948	926	72	NIPSNAP3B|EGLN3|ONECUT2|ZNF184|KIF20B|NFYA|ERCC6|RMND5A|CYP2R1|ETFA|HMX2|FRAS1|LHX9|GATA4|NIPSNAP3A|CRABP2|HMGN4|IREB2|PCGF5
DAVICIONI_TARGETS_OF_PAX_FOXO1_FUSIONS_DN	0.234267453294002	0.705331942461065	0.355166691414497	1.12368254412915	952	56	C3orf52|KCTD12|RGS2|PPP1R3D|CCL2|MAP3K9|CCL4|EXPH5|FKBP10|PDE4D
WP_OSTEOARTHRITIC_CHONDROCYTE_HYPERTROPHY	0.234363767074047	0.705410342995289	0.37447303242224	1.13254492428115	977	43	FOSB|RUNX2|HIF1A|PIK3CA|DDR2|MAPK1|SPP1|FGFR1|JAK2
GSE32034_UNTREATED_VS_ROSIGLIZATONE_TREATED_LY6C_LOW_MONOCYTE_UP	0.234550947541884	0.705762113736641	0.301476644237343	1.08868024603644	853	127	GPR137B|RNF217|TCN1|NCOA3|NT5C3A|HNRNPLL|CPD|NPR2|SLC44A1|EPB41L5|EFHB|SKIL|PXYLP1|NEO1|HESX1|SUCLG2P2|HSBP1P2|SPATA6L|TMEM176A|SPAM1|OR51B6|OOSP2|TMEM176B|SCN8A|GPLD1|ATP11A|PARD6G|CACUL1|PRKD3|CLGN
AMUNDSON_DNA_DAMAGE_RESPONSE_TP53	0.234992679355783	0.706451762553475	-0.519774332430299	-1.186999482707	1283	15	PLXNB2|DDB2|ADGRB3|CTSD|XPC
GSE15659_RESTING_VS_ACTIVATED_TREG_UP	0.235093696763203	0.706451762553475	0.296572952430448	1.08674081173736	827	144	ALX4|ANKMY1|ARHGEF16|DHX58|CSPG5|TBC1D32|PIEZO2|CSTA|CDS1|CCL4|EIF2AK3|CAMSAP2|FGF13|CCDC15|ALOX12|ARIH1|COIL|PXYLP1|LINC01588|ABHD1|DGCR5|CLTCL1|ERCC8|CARD10|BCDIN3D|DDX18|CA8|CHD9|FTO
GSE3691_CONVENTIONAL_VS_PLASMACYTOID_DC_SPLEEN_UP	0.23491124260355	0.706451762553475	0.287055160174917	1.07734144344923	793	173	NAPEPLD|LPXN|MYO3B|TGFBR2|SESN3|SLC9A2|GPRASP2|POU6F1|TCF7|CLDND1|HIPK3|MOB3B|PPP1CC|CRLF3|DMXL2|PLEKHF2|WDR26|SLK|ATXN10|NLK|ABCA13|S1PR1|TNS4|DAZAP2|MYO6|CPOX|LCP1|B3GNT2|CARD6|RAPH1|CASD1|IL17RE|SKP1|AFTPH|WDR81|TMEM104|STXBP4|MAPK9|UPF2|PTPRC|C12orf43|TMEM87A|BTG1|DOCK2|WASHC2A|TOP2B|SERPINB1|SOS1|MAP3K5|FKBP1A|RAB20|FBXW7|ALG5|BCL2L11
REACTOME_ACTIVATION_OF_THE_MRNA_UPON_BINDING_OF_THE_CAP_BINDING_COMPLEX_AND_EIFS_AND_SUBSEQUENT_BINDING_TO_43S	0.235106561503608	0.706451762553475	-0.37275483585144	-1.12928176242993	1400	58	RPS21|RPS28|RPS20|RPS29|RPS9|FAU|RPS18|RPS15|RPS10|RPS16|RPS2|RPS23|RPS27|RPSA|RPS11|RPS26|RPS12|RPS5|EIF4G1|EIF4A1|EIF4EBP1|EIF3K|RPS14|EIF3B|RPS17
SALVADOR_MARTIN_PEDIATRIC_TBD_ANTI_TNF_THERAPY_NONRESPONDER_PRE_TREATMENT_UP	0.235132032146958	0.706451762553475	0.435619170453761	1.15407717821258	1023	24	MYL9|MT-ATP8|CCL5|CCL4|MT-ND4L|SH3BGRL2|MYOM2|HLA-C
KEGG_GLYCOSAMINOGLYCAN_DEGRADATION	0.235325697924123	0.706822069348399	-0.4765829843037	-1.17882655007192	1314	21	IDUA|SGSH|HYAL3|HEXA|GNS|HS3ST3A1|HYAL2|ARSB|GLB1|HGSNAT|HPSE|GUSB
REACTOME_REGULATION_OF_CHOLESTEROL_BIOSYNTHESIS_BY_SREBP_SREBF	0.235553379040157	0.707132630129042	0.354993799584585	1.12052217905425	961	55	INSIG2|SEC24B|NCOA2|MBTPS2|GGPS1|NFYA|SC5D|SAR1B|NFYB|INSIG1|SP1|CHD9|SEC23A|SEC24A|ELOVL6|HMGCS1|ACACA|HELZ2|FDFT1|IDI1|KPNB1
WP_PKCGAMMA_CALCIUM_SIGNALING_IN_ATAXIA	0.235569985569986	0.707132630129042	-0.492890059390631	-1.17821107361582	1305	18	PLCB4|HOMER3|GRIA3|TRPC3|CACNA1A|GNA11
AZARE_STAT3_TARGETS	0.235823582358236	0.707566462167689	0.445162771247096	1.16042147509131	1047	22	TP63|TWF1|NUP160|CDK17|CLIC4|DDX3X|CHP1|MCL1
KORKOLA_YOLK_SAC_TUMOR	0.23585548738923	0.707566462167689	-0.388541656287705	-1.13906695979419	1383	48	APOA1|C5|PLXNA2|OTX2|PCDH10|DCN|NRG1|IPO5P1|MOK|SLC2A3
GSE16385_ROSIGLITAZONE_IFNG_TNF_VS_IL4_STIM_MACROPHAGE_UP	0.235932004689332	0.707584542298032	0.288495205027392	1.08028670372715	804	170	FOSB|CD69|PREX2|SNX18|TAMALIN|CCL4|DUSP19|NABP1|MGAT2|EGR1|SUV39H2|NPR2|ETV3|MAPK6|ADIPOR1|CLK1|TRIB1|RPF2|MS4A2|GFI1|GPR183|B3GAT2|CD274|EGR2|RAB19|SBDS|FAM229B|ARL5B|AGGF1|MYB|DNAJB11|HSPD1|DDX3X|MLLT11|ARRDC4|C2orf88|SUPT4H1|ZNG1B|KBTBD2|ADO|VAMP3|ETF1|SEC63|TFRC|PNRC1|RLIM|HSPA5|MAFF|TP53INP2|ZFP36|KYNU|PRKX|UBTD1|PPP1R15B|FASTKD5|SRFBP1
LEE_DOUBLE_POLAR_THYMOCYTE	0.236206110351117	0.708131052140048	0.441675355586768	1.15915236936489	1035	23	C3orf52|CALN1|CPLX1|RMND5A|EFNB2|TBC1D19
WP_PHOTODYNAMIC_THERAPYINDUCED_AP1_SURVIVAL_SIGNALING	0.236255319148936	0.708131052140048	-0.391374714779887	-1.14013251087877	1387	46	ADAMTSL4-AS1|MAPK13|MAPK11|MAPK12|CCND1|TNFRSF1A|FOS|BCL3|FAS|TRAF2|JUNB|BID|BCL2L1|CDKN1A|JUN|TRAF5
GSE22282_HYPOXIA_VS_NORMOXIA_MYELOID_DC_DN	0.23646473514779	0.708335724086398	0.288624769663931	1.07799434434393	807	167	AGO4|COPS2|PIEZO2|PTHLH|PPT1|EXD2|RBM11|PARS2|VSIR|FOXA2|FBXL8|LRP6|COG6|ABCB10|RBL2|DYM|NIPAL1|FCER1G|ZBTB16|S1PR1|ATP8A1|PLXNC1|GRIP1|RNF125|CATSPERG|WDR89|ZNF324B|CDK17|PCMTD1|TMED7|TAF1|PCNX4|SYP|B3GNT2|FAM91A1|SAMD4A|CCSER2|CNKSR3|PRDX3|PIK3CG|NET1|HYCC2|ING2|CD93|ZFYVE1|CSAD|CHP1|AMFR|VSIG10|MED26|SCN9A|SUPT3H|FHAD1|AKAP10|DENND1B
KEGG_GALACTOSE_METABOLISM	0.236408712590756	0.708335724086398	-0.457831082855299	-1.16765307739377	1334	24	GAA|MGAM|AKR1B1|GALE|B4GALT2|PFKP|HK1|PFKL|GLA|GLB1
GSE2405_HEAT_KILLED_LYSATE_VS_LIVE_A_PHAGOCYTOPHILUM_STIM_NEUTROPHIL_24H_UP	0.236774291344551	0.708628603612582	-0.312354665038934	-1.09630389279609	1561	171	TPM2|TAGLN|C3|TRIM29|CTBP2|IFI30|DBNDD2|AXL|P2RX4|GNB3|GRN|SYNGR2|APLP2|ROGDI|MAP1LC3A|NAPSA|GPC1|HFE|ICAM1|SLC6A8|IFITM3|PSAP|CSRP2|DUSP4|RNH1|CST3|ASNS|HPGD|HIP1R|GNS|TSC22D1|RGS12|MFGE8|NEK6|INF2|CSTB|S100A6|PMP22|ATP6V0B|RNF216|CDC42EP3|TNFAIP2|RELB|HSPA1B
GSE8621_UNSTIM_VS_LPS_PRIMED_UNSTIM_MACROPHAGE_UP	0.236716417910448	0.708628603612582	0.286383243316206	1.07637655586833	792	176	AJUBA|TCEAL1|AKTIP|RTL6|LONRF1|PKD2|DAND5|UCN|REC8|CNOT8|BBS2|PECR|NRSN2|EARS2|PLGRKT|UTP11|TMEM106C|PLRG1|LDHD|SH3PXD2B|FGFR1|FAM209A|ARL3|PRKCI|STAU2|LRP12|TSN|DLG1|DDX3X|CDK2|NMNAT3|MAPK14|KBTBD2|METTL5|PRXL2A|MPHOSPH10|ERCC5|CDC5L|TOMM40L|MPHOSPH6|NCOR1|EXTL2|ECD|TMA16|IMMP2L|PAICS|TM2D1|KNOP1|EHBP1|BTBD2|ZC3H7A
KYNG_DNA_DAMAGE_BY_UV	0.236657812122676	0.708628603612582	0.362075111830297	1.12683317595622	979	50	DLX4|CD69|ADAMTS3|PDCD10|MGAT2|PHLDA1|SIRT5|NFYB|CAB39|CIR1|DBT|THOC1|SEC23A|KIF14|CNN1
GSE46606_IRF4MID_VS_WT_CD40L_IL2_IL5_DAY1_STIMULATED_BCELL_DN	0.237573964497041	0.710751546282052	0.286907223904587	1.07678622655322	802	173	BATF|PLEKHM3|MEX3C|CD69|BMAL2|TRAPPC6B|SNX18|CCL4|LSM11|KPNA3|ARHGAP42|KIF3C|LZTFL1|SLC30A6|TRIM13|WTAP|ZNF572|GFI1|CORT|TPTE|ICOSLG|KIT|LRRC8C|INSIG1|IFT57|OSGIN2|SAMSN1|ZNF799|REL|SMG8|FAM227A|CRY1|ZNF800|PTPN12|ZSWIM4|WSB1|PIK3CG|RICTOR|EEIG2|RBBP8|ZDHHC5|NCK1|SPRED1|PRDM2|ADORA2B|ZFAND5|SGMS1|REST|VTA1|ANKRD33B
GSE5679_RARA_AGONIST_AM580_VS_AM580_AND_ROSIGLITAZONE_TREATED_DC_DN	0.237625243008823	0.710751546282052	-0.308898402144055	-1.09535114593515	1588	185	RAP1GAP2|SYTL1|ADGRG3|DIPK1A|NDOR1|RHOBTB2|STX1A|ITGA4|SFN|PHYHD1|L1CAM|FLT3LG|ADGRE5|PPM1J|DGLUCY|IZUMO4|DYRK2|RCN3|BEND6|IFITM2|RELL2|GCOM1|LBP|GBA2|LRRC75B|SLC29A2|RBM38|RGS14|AKT3|ENTPD1|TKTL1|FRMD6|MYO1G|IFITM3|ACSBG1|QTRT1|B4GALNT1|PPP1R18|SLC66A2|SFR1|CACNB3|ARHGEF1|PDLIM4|MRPS5|LMNA|FLOT1|CAPG
GSE32986_UNSTIM_VS_GMCSF_AND_CURDLAN_HIGHDOSE_STIM_DC_DN	0.23780305297815	0.710883343852506	-0.308555354735627	-1.09399265908169	1588	186	TSGA10|GZMM|TPM2|ANO9|DHRS12|MAPK13|PLA2G6|ABCC10|C5|TMEM9|RPGR|HELB|REX1BD|FAM120C|EPB41L4A-AS1|TMEM63A|DGKD|DYRK2|SGSH|ARHGAP45|ZC3H6|TPH1|LUC7L|GLG1|TTYH2|RGS14|CHD3|NFRKB|SLC6A16|ADPRM|CTC1|ZNF83|WDR27|SORBS3|RPS10|ING5|ZBTB20|GGT7|ZBTB10|NOL4L|PLEC|RPS23|DPH7|ENGASE
ONDER_CDH1_SIGNALING_VIA_CTNNB1	0.237810945273632	0.710883343852506	-0.358993299329856	-1.12179984176006	1433	70	TRBC2|TAGLN|ACKR1|C3|MAGEH1|CXCL1|ACTA2|ICAM1|STC2|SERPINE1|COL6A3|EFNA1|CXADR|FZD3|BIN1|CREB3L1
GRAHAM_CML_QUIESCENT_VS_NORMAL_QUIESCENT_UP	0.237969328397673	0.71114501889129	0.320629482557012	1.10164777091752	899	92	CD36|CCL5|ANKRD27|TOP2A|DLC1|AMMECR1|KIF11|SMC2|GINS1|NUSAP1|PALM2AKAP2|SERPINE2|CENPU|CPOX|CDK1|RRM2|ITGA2B|CASP3|BAZ1A|KIF15|MINPP1|ELOVL6|CA2|RACGAP1|LEPR|CDKN3|ZWINT|HBA1|PCLAF|CCNB2|RHAG|DLGAP5|AQP3|NUDT4|MELK|ASF1A|MICAL2|TUBB6|PPIF|CEP55|PDLIM1|CHEK1
GSE36888_STAT5_AB_KNOCKIN_VS_WT_TCELL_IL2_TREATED_17H_UP	0.238810453589667	0.713235973457627	0.284500666392062	1.07245656739082	794	180	BATF|SLAMF6|FCGR2B|ANKRD13C|HVCN1|POU6F1|RRM2B|TCF7|RUNX2|MRPS24|BCAP29|CMPK2|ASS1|SAR1B|HSD17B11|SYNE2|RECK|GPR183|IFIT1|TTC39C|S1PR1|POPDC2|RRP15|PCMTD1|TIMM23|SLC25A32|NFATC2|USP45|XKR8|UBQLN2|AHCTF1|RAPGEF6|PRMT3|DDX3X|DNAJB9|MOB1A|TOR1B|MYC|IKBKE|GTF3A|TOR1AIP1|PPP2R5C|PTEN|ARHGAP5|COX15|TAF4B|PLSCR1|CHMP1B|SYNJ1|USP48|SRPK1|SSBP2|LYRM2|CAST|LYSMD2|SLC35A5|IL18|SERPINB1|DUSP12|WDR43
MIKKELSEN_IPS_HCP_WITH_H3_UNMETHYLATED	0.238811128391222	0.713235973457627	-0.403820405360698	-1.14467830263137	1381	40	AHRR|RASGRP3|GIGYF1|DMRTC2|PIWIL1|PCDHB5|SH3D19|BAHCC1|DIRAS1|XYLT2|RTL8A
DARWICHE_PAPILLOMA_RISK_LOW_DN	0.239267579627635	0.714115166010167	-0.31764208499492	-1.09872384809286	1554	150	ANKEF1|ELAPOR1|FAM178B|GTF2I|MAPK8IP3|ACTA2|APOE|RTN4R|TMEM144|SOD3|ARHGAP4|CXCL16|MYO1A|MSI1|APOD|MAP1LC3A|ICAM1|TEX48|NCAN|LTBP4|ACSBG1|CPA5|TRMT1|ASNS|RNF181|PAQR7|TSC22D4|TYRO3|CRELD1|DGUOK|KLF13|GSK3B|BID|BAIAP2|PHF2|NPTXR|SRF|CHCHD5|MRPS18A|GADD45GIP1|DNAJC1|ARAP1|BRF1|SLC39A13|RNF19A|AMBRA1|PACSIN2
GSE16522_ANTI_CD3CD28_STIM_VS_UNSTIM_NAIVE_CD8_TCELL_UP	0.239423942394239	0.714115166010167	0.285494575984544	1.07379810995761	797	177	ZC2HC1A|CCL5|CD70|COPS2|GPRASP2|EIF3E|COPS8|RARS1|C5orf63|PPM1B|MTHFD2|GULP1|PALS2|NHEJ1|ATP1B1|TBPL1|GMPS|NKAIN1|CYP46A1|HPCAL4|SBDS|EIF4E|APPBP2|INSIG1|EIF3C|FXR1|ESAM|UTP3|CNOT2|NARS1|NIP7|CDKN1B|ANKRD50|SEPTIN2|LMBRD1|IPO5|SLU7|GTF2B|HNRNPA1|ZWINT|CDC5L|KLHL11|GARS1|PSMD14|HMBOX1
GSE6092_IFNG_VS_IFNG_AND_B_BURGDORFERI_INF_ENDOTHELIAL_CELL_DN	0.239238653001464	0.714115166010167	0.289482172729246	1.07666996748257	816	162	SETDB2|BATF|STAP1|MX2|SRC|GNG12|AMD1|KPNA3|PROCR|TMEM123|SC5D|TRIM13|SIAH2|CMPK2|WTAP|RRAD|RSAD2|TMEM176A|CD274|TMEM176B|SBDS|LRRC8C|IFT57|TMEM38B|XKR8|PHTF2|MOB3C|GPBP1|HBS1L|TRA2B|SEMA4A|PCGF5|MOB1B|SDE2|PSMA6|TMEM68|RNF14|UBQLN1|AP3B1|NCK1|ETF1|HSD17B12|SPRED1|ZFAND5|PLAAT3|LTV1|DDX21|STARD7|RIPK2
PID_CDC42_PATHWAY	0.239461212272387	0.714115166010167	0.338439019416412	1.11204108794778	959	68	VAV2|SRC|ACTR3|PLD1|MAP3K1|YES1|PIK3CA|MAPK8|MAPK1|LIMK1|ARPC3|DLG1|ACTR2|SEPTIN2|ATF2|BRAF|APC|MAPK9|CTNNB1|MAPK14|IQGAP3|MAP2K4|PAX6
WP_CANCER_IMMUNOTHERAPY_BY_PD1_BLOCKADE	0.239373601789709	0.714115166010167	0.479789717532723	1.1686542600457	1069	17	BATF|CD3G|NFAT5|CD274|NFATC2
GSE14350_IL2RB_KO_VS_WT_TEFF_UP	0.239940828402367	0.714800564308137	0.286654489675933	1.07583769436679	810	173	BICDL1|BATF|SLC9B2|RTL6|IFIH1|TNFSF4|RNF11|BMPR2|TBC1D32|CUEDC1|GPR174|HVCN1|RNF43|DUSP19|BLTP3B|CTSS|FOXN3|LANCL1|NEK9|MRTFB|RFX5|ST8SIA6|NR4A2|ABCD3|CLK1|ATL3|LRIG2|NFAT5|STYX|SIAH2|MAPK8
GSE15330_HSC_VS_LYMPHOID_PRIMED_MULTIPOTENT_PROGENITOR_IKAROS_KO_DN	0.239975881820923	0.714800564308137	0.281538445287546	1.06810361908974	795	188	ZNF362|PUS10|CCL4|USP25|HMGN5|EIF3E|PLD1|NUDT13|ANGPTL4|MTREX|DERA|PHLDA1|PEX3|RIMOC1|CD80|MRPL42|NBR1|PALS2|UTRN|INPP5K|NUP160|IRF2BP1|FEM1B|SMARCA5|CPSF3|SLC4A3|CD274|DKK3|TDRP|C5orf22|EIF4E|APPBP2|FOXP1|RRP15|LDHB|TRIAP1|SLC25A3|BCDIN3D|MFSD4B|EXOC6|ZNF292|EBAG9|IREB2|NNT|FBXO33|KDM6A|ELOVL6|PPP4R3B|MGST1|LSM3|DHX57|SLC30A9|ATP6V1A|GNL3|ECHDC1|BLM|TMEM87A|DALRD3|DCAF12|SERTAD2|UTP25|GHITM|POT1|SKP2|ZC3H8
GSE4142_NAIVE_VS_MEMORY_BCELL_UP	0.239766081871345	0.714800564308137	-0.316354143335395	-1.09700671988326	1557	154	TNS2|SMAD7|RCAN3|AKAP13|STX1A|ACE|DBNDD2|DPM3|KRTCAP3|AMZ1|FLT3LG|RENBP|GPR68|UBA7|DNAAF1|SIGLEC10|SLC39A2|NKX6-1|DKKL1|RHOF|PLOD3|CNTROB|TBC1D8|ZC3H12A|RPS16|NECAP2|MCRIP1|CPNE1|GCHFR|TK2|ZNF205|NNMT|CRAT|EIPR1|TMEM184B|NINJ1|NT5DC3
WP_APOPTOSIS_MODULATION_AND_SIGNALING	0.239896540575493	0.714800564308137	-0.347097543468356	-1.11410352265152	1483	83	ADAMTSL4-AS1|TNFRSF1A|FOS|FAS|TRADD|ENDOG|MADD|TNFRSF1B|PIDD1|BOK|BID|HSPA1A|TNFRSF10A|BCL2L1|TRAF3|BBC3|PTRH2|JUN|CASP9|CASP10|TNFRSF10B|AIFM1|BIRC5|AIFM2
GSE7460_WT_VS_FOXP3_HET_ACT_WITH_TGFB_TCONV_UP	0.240065976908082	0.71485680100959	-0.310249540012522	-1.09502469373053	1600	177	LAT|PCNX1|SMAD7|CYP19A1|MAPK11|HLA-DOB|ADGRE5|DOCK4|SH3PXD2A|TEF|IFITM2|KLF7|PTGIR|ACVR1B|FOS|CDKN2D|CCNL2|FASTK|C19orf38|ESR1|FRMD6|TMEM94|PCED1B|ARHGEF10|SLC12A7|HMGXB3|IL17RA|KCTD10|TREML2|ATP13A2|ZBTB20|TSPOAP1|FAM98C|ZBTB7B|SFSWAP|AAMDC|PCYT2|MVD|TBC1D17|PDLIM4|E4F1|MFGE8|ZNF668|CLN6|TMC8|TRIM56|POLM|FHIP2A|ACCS|VAMP2|THRA|PGAP6|LEMD2|FLNA|ARHGEF3
GSE2770_IL12_AND_TGFB_ACT_VS_ACT_CD4_TCELL_2H_UP	0.240305434945351	0.71492639238735	-0.308679886304765	-1.09384350495647	1604	184	SLC26A11|EMILIN1|C3|RNASEK|APBA3|TMED9|GON4L|TRIO|EEIG1|ATP13A3-DT|ITGAX|HAS1|TMEM208|HSPB1|IL2RG|IER5L|STX4|LINC00926|ZMIZ1-AS1|AKR1B1|SLC12A6|IL18BP|AREL1|KCNK6|SMG6|PPARD|TCTN1|SDC4|PDGFA|TMEM199|CC2D1B|CD2BP2|EPOP|AP3D1|TNIP1|AGAP3|PLPP5|SDF4|ITGA5|SH3BP5L|LMNA|NIBAN2|APEX2|APOL4|PAFAH1B1|ATP6V0B|TRAF3|PDXK|HIP1|DOLK|NRBP1|CDKN1A|LEMD2
GSE3982_EFF_MEMORY_VS_CENT_MEMORY_CD4_TCELL_UP	0.240345297592004	0.71492639238735	-0.313121582742697	-1.09652802928453	1586	166	TRPM2|RAP1GAP2|CRLF1|SPON2|ELAPOR1|AGBL3|RNLS|DGLUCY|HYOU1|PLA2G15|DNAAF1|COLEC12|METTL25B|TOP3B|CCND1|PCOLCE|HPS1|SDF2L1|UBB|DOCK6|STX4|KLHL4|SPATA7|B9D2|DIAPH1|SZT2|RASSF1|TNFRSF1B|NT5C|G0S2|FZR1|PTGES2|ACADVL|CCDC85B|SLC25A42
LI_CYTIDINE_ANALOG_PATHWAY	0.240193918025562	0.71492639238735	0.496094208383238	1.17115482893211	1089	15	DCK|RRM2B|NT5C3A|CMPK1|RRM2|RRM1
XIE_ST_HSC_S1PR3_OE_DN	0.240374235336452	0.71492639238735	-0.467748572265805	-1.16637327109695	1335	22	FAM178B|PNMT|PLXNA2|GAL|SELENBP1|GYPB|AHSP|TFR2
GSE11961_MARGINAL_ZONE_BCELL_VS_GERMINAL_CENTER_BCELL_DAY7_UP	0.240510083036773	0.715118546659696	0.286443172781132	1.07588779327522	810	174	VAV2|PRNP|LPXN|EGR3|CATSPER2|MRPL1|CPVL|MYOM1|STT3B|ABHD17B|ANKRD49|HIF1A|ZNF608|FGGY|UAP1|MEF2C|ABCE1|LIPT1|UNK|TSPAN13|WASHC4|RHOBTB1|GRK4|DENND6A|HSD17B11|OOSP2|ANKRD28|FAM83G|INSIG1|STAU2|IFT74|DDX18
HALLMARK_XENOBIOTIC_METABOLISM	0.240600363856883	0.715175141366713	-0.312714578704389	-1.09623626801289	1586	169	CYFIP2|RETSAT|LEAP2|MT2A|DHRS1|LCAT|PEMT|BCAR1|APOE|SLC12A4|POR|CYP4F2|LONP1|CYP2S1|TNFRSF1A|SERPINE1|SPINT2|COMT|ESR1|FAS|GNMT|AKR1C2|DCXR|DDT|SLC1A5|PSMB10|LPIN2|PPARD|EPHX1|DDAH2|PYCR1|BLVRB|RAP1GAP|UGDH|ID2|HES6|TMBIM6|ECH1|NINJ1|ACP2|UPP1|PINK1|ASL
GSE25087_FETAL_VS_ADULT_TCONV_DN	0.240829825616356	0.715411401160149	-0.310543974892258	-1.09484418258255	1601	176	SLC26A11|BEX5|REM2|PBX3|IAH1|NHLRC3|CREBRF|KISS1R|SLC46A1|ZNF559|TMEM134|IGIP|TSPYL2|EPB41L4A-AS1|CHCHD10|KLF12|APH1B|TCP11L2|ERO1B|PIK3IP1|DUSP8|PRDM12|ZDHHC23|OFCC1|TNFAIP8L2|CXADR|IRS2|LIG1|AKR1B1|BCL9L|TSPO|STING1|EID2B|KANK1|PPARD|UCP2|RPL36|ANKRD55|PAIP2B|GABPB1-AS1|DHX30|TCHP|CENATAC|NEIL2|MICAL1|NCLN|UPP1|SCPEP1
GSE37416_12H_VS_48H_F_TULARENSIS_LVS_NEUTROPHIL_UP	0.240779610194903	0.715411401160149	0.281137918694691	1.06821162029025	802	189	SAMD9|STK38L|TM6SF1|MX2|SNX18|MANSC1|ZNF410|C1orf162|KPNA3|MAP3K1|RASGRP4|L3MBTL3|ZNF277|CUL4B|TAB2|SMAD4|TNFSF13B|NBR1|MAPK1IP1L|ZNF641|NAB1|PPP1R12A|WDR26|TAPT1|SKIL|SPAST|CBFB|COP1|CNOT6|SLC19A2|MED21|MAPK1|LAT2|CAB39|CDK17|CALM2|XKR8|LCP1|UBE2W|DNAJA2|PDE7A|CNOT6L|TIA1|R3HDM4|CLIP1|TOR1AIP1|SUPT4H1|SERTAD3|ABRAXAS1|GALNT1|FRYL|PSME4|GOLM2
WP_IL1_SIGNALING	0.241008074382187	0.715411401160149	0.354607575298331	1.11685881318242	984	54	PELI2|CCL2|MAP3K1|TAB2|UBE2N|MAPK8|MAPK1|IRAK4|PELI1|REL|ATF2|CHUK|MAPK9|MAPK14|UBE2V1|MAP2K4|IL1R1
ZHAN_MULTIPLE_MYELOMA_UP	0.240973971452561	0.715411401160149	-0.37075297096286	-1.1253353036011	1434	59	H2AC8|ZNF76|SMPD1|QSOX1|ARID5A|COX17|COX6B1|UCHL1|PHB1|LSR|TSC1|EWSR1|NAA80|ALG3|ABL1|CDC34|ECH1|DNMT1|CDKN1A|RBM10|PTPA|CARS1|MRPL58|EIF3B|NAP1L4
ZHENG_IL22_SIGNALING_UP	0.241036198318751	0.715411401160149	-0.397337068007251	-1.14158374076248	1404	43	PLAT|C3|CD14|HBB|MFSD2A|TGM1|CFD|TIMP1|STING1|THBD
ONDER_CDH1_TARGETS_2_UP	0.241152383737935	0.715544672764231	-0.300935901240415	-1.08586505081311	1648	217	TRBC2|TAGLN|TCEA2|ACKR1|ANPEP|TSC22D3|CYFIP2|TRPA1|ITGBL1|CRIP2|MARCKS|SYNM|MAGEH1|ACTA2|DOCK4|COL1A1|EPS8|TWIST1|ITGA7|PPARG|RGS17|COL6A1|PCOLCE|STC2|SERPINE1|COL6A3|SRR|DCN|SV2A|MAGED2|NLRP1|BIN1
CERVERA_SDHB_TARGETS_2	0.24164661855119	0.716161239729208	0.317393117886552	1.09798629148242	903	96	CXCL8|NTS|STEAP1|TNFSF4|CCN1|CCNE2|SERPINI1|MLF1|PFKFB3|SOSTDC1|GULP1|SH3BGRL|C2|F5|HKDC1|SERPINE2
GSE16385_MONOCYTE_VS_12H_ROSIGLITAZONE_IL4_TREATED_MACROPHAGE_DN	0.242073628850488	0.716161239729208	-0.3078131165785	-1.09367912953144	1610	191	PLEKHN1|PAK1|CCR7|TSC22D3|VANGL2|GKAP1|CD37|ZNF169|AMZ1|METRN|OTUB1|CECR2|RGS3|OST4|CBX8|EEIG1|CRYBG1|QRICH1|TMEM38A|PIK3IP1|PCGF1|KLK8|NOTCH3|EMC4|CAPN10|BAHCC1|PSAP|NCSTN|PSMB5|GPATCH2L|GAK|DECR2|UNKL|JUNB|B4GALNT1|ACAA1|ITFG2|PARP3|FBXL3|MOCS3|PPP1R18|MEF2D|IFNGR1|CAPG|TTC5|PAFAH1B1|TSPAN31|ITGAE|ATXN7L3|SAFB|STK25|ELK4|NARF|STARD5|STK35|EIF4A1|UBE2Z|LENG8|RAB12|CTXN1|ARFIP2|SMAD3|CYTH1|CTPS2
GSE41978_ID2_KO_VS_BIM_KO_KLRG1_LOW_EFFECTOR_CD8_TCELL_DN	0.241431604488929	0.716161239729208	-0.31278611148466	-1.09625357780679	1591	168	FOXD2|PRG2|ADAM19|SNN|UQCR11|DIAPH2|C2orf42|SPOUT1|PNCK|MICOS10|HOOK2|SNHG11|MATN4|MPG|CAMKK1|PCDH10|DCAF15|SH2B2|SEC61B|MAGED2|DHX38|TMCC2|HIC2|UQCRQ|SEC61A1|NFE2L1|POLR3K|SIL1
GSE43863_NAIVE_VS_TFH_CD4_EFF_TCELL_D6_LCMV_DN	0.2420724801812	0.716161239729208	0.294858063394549	1.07958489929642	854	143	C14orf28|FOSB|FILNC1|TRIM69|TENM1|CCL5|LRATD1|ANO7|LMO7|PRSS36|CHIC1|OPRL1|STUB1-DT|BCAR4|LITAF|CDC14B|C10orf71|FCGR2C
HEBERT_MATRISOME_TNBC_BRAIN_METASTASIS	0.241813602015113	0.716161239729208	-0.467159466082928	-1.16490428167339	1343	22	HPX|SERPINH1|ADAM22|HCFC1|VWA1|AGRN|EGFL7
KEGG_BASAL_CELL_CARCINOMA	0.24206008583691	0.716161239729208	-0.395244462464849	-1.13889607136348	1409	44	WNT11|FZD9|FZD7|STK36|WNT3|FZD3|AXIN2|DVL1|GSK3B|WNT5B
REACTOME_DARPP_32_EVENTS	0.241730856366108	0.716161239729208	0.450490369105238	1.15786658967011	1066	21	PRKAR1A|PPP3CB|PDE4D|PPP3R1|PPP2CA|PPP2R1B|PPP3CA|PRKAR1B
REACTOME_SIGNALING_BY_ERBB2_IN_CANCER	0.241678066575467	0.716161239729208	0.439573217230158	1.15363542433733	1059	23	EGF|NRG4|ERBIN|PIK3CA|HBEGF|NRAS|PTPN12|HSP90AA1|SOS1|GAB1
REACTOME_TRAFFICKING_OF_AMPA_RECEPTORS	0.2417683628828	0.716161239729208	0.422485989420806	1.14171412597276	1049	26	AKAP5|CAMK2B|PICK1|GRIA2|GRIP1|MYO6|DLG1
WP_NUCLEAR_RECEPTORS_IN_LIPID_METABOLISM_AND_TOXICITY	0.24203233256351	0.716161239729208	0.426946512268848	1.14106768188644	1047	25	ABCC3|CYP26A1|ABCD3|CYP27B1|ABCB11|ABCB1|VDR
GSE39110_DAY3_VS_DAY6_POST_IMMUNIZATION_CD8_TCELL_WITH_IL2_TREATMENT_UP	0.242159227985525	0.716203397324307	0.281647657891597	1.06738926585321	802	187	CD83|SLC9B2|DYNC2LI1|RAD54B|LGALS3|MEMO1|DEPDC1B|DTL|REC8|ANLN|DERA|PGGT1B|KIF11|LDHA|PLCL1|CD80|CCNA2|ARHGAP11A|NR4A2|GDI2|TMX3|DNA2|SCCPDH|NDC80|HK2|MAD2L1|PERP|FBLN1|RAB19|PSMG1|POGLUT3|CDK1|CASP3|MED7|SNRPB2|RRM1|MIS18BP1|C4orf46|PIK3CG|CYBB|TRAFD1|RBBP8|NEK2|SUCLG1|STIL|BRIP1|TRIM59|SHCBP1|FARSB|TFRC|NCAPG2|PAICS|AHCY|NDC1|BLMH|EIF1AX|BUB1B|RAD51AP1|EXO1|OPTN
GSE25890_CTRL_VS_IL33_IL7_TREATED_NUOCYTES_UP	0.242520880789674	0.716639564723798	-0.312938346560435	-1.0957524963186	1596	167	METTL27|COL25A1|ATP9B|RHBDD3|LYPD3|ZNF169|C17orf99|VILL|KCNAB3|PDCD1|IFIT2|TMEM86A|PPIE|TXNL4B|MIF|TIGD2|NME3|C12orf57|EMP3|OXCT2|C2CD4B|PCNX3|DUS3L|CCL24|BRSK1|HERC2|RPUSD1|RPS10|ENTPD6|RBFOX2|RAB11FIP4|C19orf47|ZBTB7B|PPP1R18|MCRIP2|MLH3|YJU2|HOXC10|TUBA1B|HES6|IL17RC|FRRS1
REACTOME_BETA_CATENIN_PHOSPHORYLATION_CASCADE	0.242505592841163	0.716639564723798	0.478548786125346	1.16563164467346	1083	17	PPP2R5E|APC|CTNNB1|PPP2CA|PPP2R5C|PPP2R1B|AMER1|PPP2R5A
REACTOME_FORMATION_OF_THE_BETA_CATENIN_TCF_TRANSACTIVATING_COMPLEX	0.242509518291674	0.716639564723798	-0.356976170759598	-1.12012082706238	1464	72	H4C4|H2AC20|H2AC7|H2AC8|H2BC13|H2BC17|H4C11|H4C3|H3C12|H4C14|H3C13|H4C2|AXIN2|BCL9L|H2BC5|H3C2|H2BC12|H2AZ2|SMARCA4
GSE25088_WT_VS_STAT6_KO_MACROPHAGE_ROSIGLITAZONE_AND_IL4_STIM_DN	0.242664319248826	0.71664149356273	0.287779683510913	1.07542683177303	826	168	AIM2|MYL9|PTGDR2|BATF|EOGT|TRIM69|MX2|CD70|CCL4|RUNX2|AMD1|PPT1|CHDH|MT1X|RGS9|MAPK6|BMI1|PLAC1|YWHAQ|GRK4|PIAS2|NEO1|MAP3K21|GLIS3|GPR183|PITX3|F5|COPZ2|TRABD2A|CDKL2|SGCB|INPP4B|ABHD14A|OSGIN2|PIP5K1B
YAO_TEMPORAL_RESPONSE_TO_PROGESTERONE_CLUSTER_2	0.242622157716497	0.71664149356273	0.362002200691012	1.11785447087818	1002	48	GCNT2|CLK4|CLK1|TTC14|EPB41L4B|FAM133B|BCL2|ZMYM6|KLRG1|DTD2|MEG3|RAB14|TIPARP|FUBP1
GROSS_HYPOXIA_VIA_ELK3_DN	0.243144935646335	0.717128941903347	0.29640726063526	1.08385601600437	868	139	CD44|DEPP1|RAD54B|CCN1|LAMP2|ALDH1L2|RARS1|MAP3K1|EGR1|PTBP3|PFKFB3|MTHFD2|TXNL1|AKAP12|SPRY2|IFRD1|SIAH2|SKIL|EPS15|LHX9|ACSL4|RAD23B|USP47|SLC20A1|ERO1A|SAMSN1|HBEGF|RBPJ|FGD6|GBE1|MYC|TIAM2|KCTD11|CD93|IL13RA1|PRDM2
GSE17721_PAM3CSK4_VS_GADIQUIMOD_24H_BMDC_UP	0.24303683737646	0.717128941903347	-0.308324689621584	-1.09177038862868	1622	182	TEP1|TLX1|RPS21|CIITA|HEPACAM2|L1CAM|ANKH|MICOS10|LRFN1|AATK|UBL5|MRPL41|RPL23|CIB1|APOBR|RPS9|NDUFA11|CHD4|TXNDC16|FZD3|THAP7|CCL24|POLD1|PPP6R2|MAP3K11|RALBP1|SFXN3|RBFOX2|RPLP1|NOP10|HEPH|ELOVL1|NDST1|MYL6|SNRPD2|PCYT2|FASN|MVD
GSE3982_MAC_VS_EFF_MEMORY_CD4_TCELL_DN	0.243041825095057	0.717128941903347	-0.312793777597111	-1.09347235182117	1597	164	CATSPERZ|GZMM|STOML1|MAPK8IP3|PBXIP1|FLT3LG|ANKH|TNK2|HYOU1|IFI16|ABHD17A|CEP250|TMEM80|TPH1|FYN|GLG1|TNK1|DDX23|SLC10A3|FBXO41|KHDC1L|ALDH8A1|PMF1|ENO3|TRPC4AP|PLEKHF1|RASSF1|IL18RAP
HALLMARK_ESTROGEN_RESPONSE_LATE	0.243137254901961	0.717128941903347	-0.310563130082879	-1.09294169235709	1611	174	SULT2B1|WFS1|FARP1|TRIM29|PLXNB1|MAPK13|SFN|TPBG|KCNK5|SLC29A1|ETFB|SEMA3B|EEIG1|PDLIM3|CACNA2D2|CCND1|LSR|FOS|CA12|PKP3|GAL|SLC2A8|SCARB1|DCXR|EMP2|FGFR3|MICB|SGK1|GFUS|NBL1|GALE|DHCR7|BLVRB|UGDH|FLNB|ID2|MDK|IGSF1|IL6ST
YAUCH_HEDGEHOG_SIGNALING_PARACRINE_DN	0.243186582809224	0.717128941903347	0.28099942546789	1.06874900084407	811	190	C3orf18|RPGRIP1|RAD54B|SLC29A4|TMOD4|BMAL2|FAM53A|CCDC7|CEP128|RUFY2|HIF1A|ITSN1|SYPL1|GRIK1|SPEG|KCNK9|LRP2BP|MS4A2|MYOM2|POU3F1|SCRG1|B3GALT1|UPK1B|FABP6|RSPH4A|SERPINB5|GRIP1|NPAS3|RIOK2|TMED7|FASTKD3|KCNK1|NCAM2|PIP5K1B|USP53|SOCS2
GSE21360_NAIVE_VS_PRIMARY_MEMORY_CD8_TCELL_DN	0.243313464771512	0.71729238160835	-0.313737656063081	-1.09379007789171	1591	160	UBL3|TYROBP|SLC22A18|ADSS1|PWWP2B|AMDHD2|B3GNT8|PLXNA1|TRPV2|COMMD4|APLP2|PLA2G15|SUN2|APOC1|IFIT2|ATP1A3|H4C14|SLC6A8|CCND1|TTYH2|LGALS3BP|STAB1|STARD3|STX4|RNH1|RAI1|SLC22A23|ABHD12|DHRS3|PDP1|ITGAV|RGL2|OSBPL11|HDAC5|ANKRD55|PDLIM4|SAMD9L|IL6ST|SLC66A1|PCK2|IQSEC1|NUMA1|EPOR|TMEM184B|SKI|ABCD4|METRNL|ZDHHC14|DNMT3A|GNA12
REACTOME_FCERI_MEDIATED_CA_2_MOBILIZATION	0.243451824134705	0.717489550987719	0.406702091654607	1.13772052457193	1040	30	VAV2|IGHE|PPP3CB|VAV1|MS4A2|FCER1G|TXK|NFATC2|PPP3R1
GSE14000_UNSTIM_VS_4H_LPS_DC_DN	0.243740573152338	0.717708381725775	0.282184363304511	1.06808223711882	807	185	FSD1L|TTC39B|STAP1|FAM135A|IFIH1|MX2|CCL5|NXN|CCL4|POGLUT1|SFT2D2|NT5C3A|NABP1|AMD1|DTX3L|NBN|CD80|MT1X|PI4K2B|PNPT1|UBE2N|NFAT5|CMPK2|WTAP|IFIT3|HESX1|TMEM140|RECK|LINC01588|SLAMF7|IFIT1|PLA2G4A|CD274|IFIT5|ELL2|CXCL11|RAB5A|ACSL1|DDX60L|IFI6|ETV7|NAMPT|SAMD4A|TARS1|ZNG1A|PIWIL4|PPM1K|TRAFD1
GSE6092_UNSTIM_VS_IFNG_STIM_AND_B_BURGDORFERI_INF_ENDOTHELIAL_CELL_UP	0.243616701712226	0.717708381725775	0.283777163710821	1.06972924442226	810	180	FGF5|GABRG1|YIPF1|LAMP2|RAB29|CPD|SYCP2L|KNL1|LEO1|OPA1|TWF1|NCAPG|NDC80|ZDHHC6|RANBP9|COL4A5|SYT3|SYNE2|FBXO24|TMEM140|RBKS|SBDS|DCAKD|CENPU|MBOAT2|PPHLN1|CAP1|SNAI3-AS1|NAA50|PARD6G|VIPAS39|PTP4A2|GDAP1|NPAT|TMEM217|QKI|ITM2B|PSME4|KBTBD2|GGH|PRR11|HMGCS1|SLC30A9|TMEM181|VPS4B|HTATIP2|SHCBP1|RDH14|TMEM87A|MED8|VAPB|PUS7L|KNSTRN|BLMH|WASHC2A|USF1|PTPRR
PID_ERB_GENOMIC_PATHWAY	0.243719700308506	0.717708381725775	0.494491951308174	1.16737229916469	1105	15	ZNF14|NCOA2|ESR2|NCOA3
WP_CONGENITAL_GENERALIZED_LIPODYSTROPHY	0.243853940708605	0.717831629569786	-0.496939234870209	-1.1719740454349	1348	17	DGAT2|BSCL2|LPIN3|IRS1|FYN|DGAT1|LPIN2|AGPAT2|AKT2
REACTOME_DISEASES_OF_PROGRAMMED_CELL_DEATH	0.244016064257028	0.71788782327434	-0.344811265311571	-1.11322988240621	1518	87	H4C4|H2AC20|H2AC7|H2AC8|H2BC13|H2BC17|H4C11|H4C3|H3C12|H4C14|H3C13|H4C2|TRADD|H2BC5|TRAF2|H3C2|H2BC12|H2AZ2|LMNA|POLA2|GOLGA2|DNMT1|DNMT3A|JUN
SCHUETZ_BREAST_CANCER_DUCTAL_INVASIVE_DN	0.243951276489237	0.71788782327434	-0.359797196238431	-1.11740074407398	1461	68	WFS1|RAPGEF5|ELAPOR1|FAM234B|GDF15|DSC3|CFD|STC2|PEX7|MAGED2|TBC1D8|ASNS
CHOI_ATL_STAGE_PREDICTOR	0.244428468727534	0.718682928127003	0.371734732092147	1.12426329150256	1019	43	CMTM6|SLC25A46|PLEKHA5|HSPA4|NREP|UBE2E1|CFAP20|RBBP4|PUM2|CCDC90B|SRPRB|SMIM19|COMMD3|GORASP2|NAP1L1|ST13|R3HDM1|RRAGC|EIF5|TOMM70|RAB5IF|SINHCAF|MRFAP1L1
MEBARKI_HCC_PROGENITOR_WNT_UP_CTNNB1_DEPENDENT_BLOCKED_BY_FZD8CRD	0.244463971880492	0.718682928127003	-0.432535149529176	-1.15030973705712	1390	29	CRISPLD2|PDLIM7|SERPINE1|PHLDB1|KLHL4|KANK1
SENESE_HDAC1_TARGETS_DN	0.244501115715652	0.718682928127003	0.27483451748488	1.06521303945992	766	229	MEIS1|DNAJB2|MYL9|CCNG2|CFAP95|PTPRN|SESN3|SMARCA1|NXN|PKD2|ABCC3|MDP1|TMEM135|RUNX2|ARID5B|TRIM6|KLRK1-AS1|ZNF608|BNIP3L|ROCK2|UTRN|EPB41L5|PGRMC2|ASS1|INKA2|MIAT|TRIM2|SYTL5|TGFBI|NREP|FGFR1|DKK3|FBLN1|IGFBP5|FAM200C|IFT74|TCAF1|IFI6|PYGL|CCSER2|TLCD4|S100A10|CMC4|ZDHHC12-DT|TIA1|TIAM2|MIR1915HG|PARK7|CNN1|LAMB2
GSE34156_TLR1_TLR2_LIGAND_VS_NOD2_AND_TLR1_TLR2_LIGAND_24H_TREATED_MONOCYTE_UP	0.244585794335908	0.718721371060844	-0.312255627888479	-1.09349552107661	1614	166	PLEKHN1|ANPEP|TYROBP|CD14|PLXNB2|IFI30|MARCKS|CARD19|CXCL1|P2RX4|DOCK4|GRN|CXCL16|TMCC3|PPARG|RRBP1|CYTH3|NRM|PILRA|OS9|TIMP1|PSAP|MERTK|CTSD|CD151|ABCD1|CTSL|FERMT3|RGS19|GNS
GSE21774_CD62L_POS_CD56_BRIGHT_VS_CD62L_NEG_CD56_DIM_NK_CELL_UP	0.244723156928724	0.718914559335831	-0.313941822361043	-1.09375324224728	1599	159	POU2F2|TYROBP|C3|CD14|ENC1|DGLUCY|APLNR|SIGLEC10|GRIA3|ZIC1|PALD1|GPC1|APOBR|ZNF575|ODAD3|THEMIS2|NFIL3|TIMP1|CA12|TNFAIP8L2|SH2B2|G6PD|DCT|STING1|GPATCH3|FBXW4|ABHD12|TMEM79|ABCD1|B4GALNT1|PRTN3
GSE21380_NON_TFH_VS_TFH_CD4_TCELL_UP	0.244996967859309	0.719297912656256	-0.311959741458913	-1.09359014908756	1615	169	WFS1|TBC1D1|PAK1|PCBP4|IL11RA|NAGK|DGAT2|CD37|CARD19|AMZ1|DIAPH2|ITIH5|TCIRG1|TPD52|VSIG2|SLC16A13|RDH12|SPATA6|ZNF229|APOBR|CAMKK1|KLK8|FRMD6|SH2B2|IFITM3|AKR1B1|TMCC2|STING1|FILIP1L|HPCAL1|HEXA|PYCR1|SLC39A11|EPOP|TP53I13|KAZN|RNF24|ZNF764|SH3KBP1
PHONG_TNF_RESPONSE_VIA_P38_PARTIAL	0.244955953395851	0.719297912656256	0.294642195809988	1.08129855234245	861	145	CXCL8|CD44|CCNG2|C3orf52|FOXO1|RGS2|PTHLH|NBN|FNDC3B|TSC22D2|TOB1|PGRMC2|IRGQ|ITPRID2|PLPP3|NUAK2|EFNB2|NKX3-1|PTX3|HOXA5|LITAF|DUSP10|SLC20A1|INSIG1|HERPUD1|TENT5A|REL|NAMPT|BAZ1A|DNAJB9|FGD6|CITED2|VDR|BIRC2|TPST1|CREB1
GSE5142_HTERT_TRANSDUCED_VS_CTRL_CD8_TCELL_LATE_PASSAGE_CLONE_UP	0.245221027479092	0.71932456862511	0.279881451629413	1.0665958912424	820	192	RAD54B|ZNF367|SGO2|DDIAS|ITGB3BP|DNAJC24|DEPDC1B|CKS2|TEX15|TOP2A|PBK|SMARCAD1|PRIM1|CCNA2|CIBAR1|NUP107|METAP2|TJP2|POLA1|MRPL39|TCP1|POGLUT2|RPS27L|APOO|RRP15|ABHD14A|TBC1D19|MRPL47|TYMS|SAMSN1|NUP205|RRM2|CASP3|SNRPB2|HSPD1|TFE3|BORA|FH|NIFK|STMN1|DSCC1|MASTL|LSM3|TAMM41|MID1|FUCA2|WEE1|PSMD14|HSP90AA1|CORO1C|BHLHE40|CENPS|CISD1|FABP5|SEC61G|ETV6|PACRGL|PUS7L|DSN1|CDK6|AHCY|DKC1|KNSTRN|LMAN1|SNRPD1|DMWD|SLC25A4|GEMIN2|WDR43|PDSS1|KIF23|NCAPH|KCNQ5|DCUN1D5|SRP54
JIANG_TIP30_TARGETS_UP	0.245153542631669	0.71932456862511	-0.396232126041376	-1.13840914698734	1428	43	LAMB1|RAPGEF5|AXL|IFITM2|IRS1|IER3|FYN|NFIL3|BCL6
MOLENAAR_TARGETS_OF_CCND1_AND_CDK4_UP	0.245180425111221	0.71932456862511	0.346207103862926	1.11111275674233	991	60	SLC9B2|ARMCX1|RGS2|MBLAC2|TP53INP1|KLHL24|H2BC21|THNSL1|UTRN|MYT1|EIF5A2|TRAPPC2|CPNE3|TIGD1|MAGI2|STARD4|TBCK|BRWD1|MFSD6|LCORL|H4C8|ATP6V0E1
GSE12484_HEALTHY_VS_PERIDONTITIS_NEUTROPHILS_UP	0.245554477853217	0.719378164077215	-0.346096334605572	-1.11088987178615	1518	83	SSC4D|CD14|LCAT|MESP1|TMEM163|EXTL1|PPFIA4|PNMA3|SERPINE1|HSPG2|CRYGS|FRMD3|PTPN3|TBXAS1|TMCC2|RIN1|UBALD1
GSE21360_SECONDARY_VS_QUATERNARY_MEMORY_CD8_TCELL_UP	0.24564907275321	0.719378164077215	0.290272867444508	1.07594852664613	860	156	CD69|CD40|GNA13|MX2|CCL5|CCL2|CCL4|BLTP3B|HIF1A|CCRL2|CPEB2|GCNT2|PFKFB3|DMXL2|PROCR|PICALM|HK2|RSAD2|IL1RL1|PERP|SLAMF7|TTC39C|CD274|DSG3|SERPINB5|DMKN|ELL2|RAP1B|FOXP1|SAMSN1|CLIC4|PVR|ASCC3|TARS1
GSE2585_THYMIC_DC_VS_THYMIC_MACROPHAGE_DN	0.245399698340875	0.719378164077215	-0.310306284577874	-1.09203779510168	1626	174	LYRM9|POLR2L|BSCL2|ABCA7|PDLIM2|FAM193B|FLT3LG|TNK2|GSDMD|MIIP|CUL9|PPCDC|APOBR|RPL18|THEMIS2|SPINT2|HCFC1|HIGD2A|TTLL1|TBCD|MAD1L1|SLC6A16|ID3|TRAF2|MYO9B|BIN3|IL16|GUK1|SMG6|GRK6|ACAA1|MYL6|CRELD1|GRTP1|SDHA|EVL|SMIM14|SLC38A6|HES1|POLM|BCL2L1|RPL35|CCDC28B|HIPK2|CD52|AKR1A1|SAE1|KIF22|MTMR14|PKIG|RPS17|DHODH|RNASEH2A|POLR2G|RPL41|SPTAN1|VPS13D
GSE9988_ANTI_TREM1_VS_LPS_MONOCYTE_DN	0.245498199279712	0.719378164077215	0.283904497136837	1.06929601857546	817	179	CXCL8|CD83|CD40|IFIH1|SNX18|CREBL2|SESTD1|CCL4|TP53INP1|NBN|NCOA4|PSMD5|PFKFB3|TAB2|PI4K2B|CCNB1|TNFAIP8|NAB1|PLEKHF2|TMEM123|LINC01138|PTX3|CD274|PLXNC1|APOO|CENPU|TMPO-AS1|UGP2|SAMSN1|NFE2L2|ACSL1|RAP2C|EIF1B|PELI1|CDK1|NAMPT|CCSER2|CLIC4|BAZ1A|DRAM1|PPM1K|PSMA6|BIRC2|QKI
QUEREC_MODEL_PBMC_YF_17D_VACCINE_AGE_18_45_7DY_PREDICTIVE	0.245669291338583	0.719378164077215	-0.423089422147412	-1.14738842862715	1403	32	ADSS1|SPON2|HBB|CPEB3|ZSWIM5|ALDH16A1|SAT2|NAPRT|SLC39A11|C8orf82|HBZ
SCIBETTA_KDM5B_TARGETS_DN	0.245366744975202	0.719378164077215	0.329298952705648	1.10172081686372	939	78	TTK|SERINC5|PDE3B|TOP2A|PBK|MT1X|CCNB1|ECT2|NDC80|INSIG1|CDK1|EIF5B|TMEM14A|AP4S1|SPTSSA|RAB3GAP2|IPP|IVNS1ABP|PSIP1|HACD1|BUB3|FABP5|SKP2|PIR|BUB1B|SNRPD1|DLGAP5|STRN|NCAPH|SMC5|BRCA1|ASF1A
GSE2706_UNSTIM_VS_2H_LPS_AND_R848_DC_DN	0.245847176079734	0.719408002465854	-0.310454960240145	-1.09178490962055	1627	173	NFKBIZ|MIR9-1HG|CCR7|STX11|IL15|IRF7|CXCL1|HES4|MIR3945HG|CYTOR|ZC3H12C|IFIT2|DNAAF1|KLF7|HERC6|MFSD2A|ICAM1|RASGRP1|TTYH2|GRASLND|C2orf15|BATF2|ISG15|ZC3H12A|PLK3|JUNB|RILPL2|HIVEP1|IL18RAP|RAB30|ERN1|ZBTB43|IL15RA|TNIP1|SNHG15|DCUN1D3|BID|TNIP2|DUSP5|SOCS3|TLR8-AS1|ZNFX1|SRF|TMEM39A|TNFAIP2|IRF1|RELB|CDKN1A
PEDERSEN_TARGETS_OF_611CTF_ISOFORM_OF_ERBB2	0.24591811102738	0.719408002465854	0.339566246151152	1.10799766796319	978	66	ZNF185|CD44|LGR4|C3orf52|RGS2|STEAP1|TMEM156|NABP1|ANGPTL4|B3GNT5|TNFAIP8|TSC22D2|LMO7|HK2|WWTR1|HSPB8|UBE2E3|ERO1A
PEDRIOLI_MIR31_TARGETS_UP	0.245892018779343	0.719408002465854	0.287175889627355	1.0731704662947	837	168	LRRC8E|ALX4|PLCE1|C20orf203|MGARP|RGS2|GABRR2|LRATD1|RAD52|ASB9|REC8|CORO1A|KIF18A|ANGPTL4|HIPK3|ZBTB18|PELI3|ZNF555|MAPK8|LMO7|RP2|LRP2BP|ZCWPW2|HES7|PDE4D|LINC02874|TTC9B|MYLK2|DOK3
REACTOME_RHO_GTPASE_CYCLE	0.245966155057064	0.719408002465854	0.255618312307245	1.04704374588537	624	422	VAV2|ARHGAP11B|RHOV|FAM135A|GNA13|PREX2|ARHGEF16|CPNE8|ARHGAP28|FGD4|COPS2|LEMD3|SRC|CHN1|ARHGAP23|DEPDC1B|BLTP3B|MTX1|PLD1|KALRN|ANLN|RND2|CPD|MOSPD2|DLC1|ERBIN|DOCK7|PIK3CA|ARHGAP42|ITSN1|PEAK1|TXNL1|AKAP12|NIPSNAP2|TMEM59|ARHGAP11A|ABCD3|FMNL3|FAM13A|ROCK2|TWF1|ARHGAP27|RHOBTB1|ADD3|TJP2|ECT2|CCP110|SLK|PGRMC2|RBMX|RRAS2|PICALM|FAM13B|PLXND1|VAV1|OCRL|ARHGAP8|IL32|ABR|DOCK10|ARHGEF25|CHN2|PAK3|RHOJ|SCFD1|CEP97|NCKAP1|SOS2|MYO6|RHOA|DBT|ROCK1|DSG2|VRK2|WIPF1|DOCK11|ARHGDIG|NDUFA5|ARHGEF12|FAM91A1|TRA2B|WDR11|COPS4|CLTC|ABI1|ACBD5|FILIP1|NET1|WWP2|CYBB|KIDINS220|WDR81|CUL3|ARL13B|TIAM2|RACGAP1|WAS|KIF14|WIPF2|SENP1|TOR1AIP1|NCK1|ARHGAP5|VAMP3|PREX1|PHIP|CAPZB|PRAG1|EMD|BAIAP2L1|HSP90AA1|IQGAP3|LMNB1|CDC42SE2|TFRC|TMEM87A|CCT6A|CCDC115
BURTON_ADIPOGENESIS_PEAK_AT_0HR	0.246367015883745	0.719580974469395	-0.374881863650728	-1.12512539070796	1457	55	PLAT|IL11RA|MARCKS|TIMP3|ACTA2|SERF2|TGFB3|TRIB3|ISG15|MXD4|PSMB10|RAB11FIP5
GSE26727_WT_VS_KLF2_KO_LPS_STIM_MACROPHAGE_UP	0.246241731809982	0.719580974469395	-0.309436904932432	-1.09094113115272	1637	176	TPM2|PIEZO1|COL14A1|NUP210|MAPK11|PEMT|ACAP1|H4C3|TRIO|SUN2|GCA|HSF2BP|CASQ2|IRF3|P2RX5|PIK3IP1|THEMIS2|DGCR2|NME3|RGP1|RBM38|DISC1|RFNG|EPHB6|CTSA|USP19|MED24|HPGD|DGKA|TSC22D4|GYPB|MAP3K3|HMGN2|ACAA1|PER1|ID1|MVD|ID2|GIPC1
GSE6674_CPG_VS_PL2_3_STIM_BCELL_DN	0.246213246213246	0.719580974469395	0.279050023740102	1.06740403605175	828	195	TAMALIN|RNF11|TRAPPC8|EXOC5|TMEM209|BLTP3B|VSIR|UBA5|TAB2|NHLRC2|PEX1|ORC4|MTHFD2|ETV3|ATG2B|NUP153|SYPL1|PALS2|CEP295|PICALM|IFRD1|SIAH2|DMTF1|SLC38A2|UFL1|HK2|DOCK10|IL24|RAD23B|PRRC1|NFYB|RAB5A|ROCK1|LRP12|NARS1|CHSY1|NET1|CAND1|CYRIB|MYC|KDM6A|BRAF|HECTD1|TNPO1|SDAD1|CLCN3|NRF1|GOLGA7|BMP2K|SPRED1|XPOT|GARS1|OSBPL3|AP4E1|LATS1|TBL2|HSPA9|ALDH18A1|TRMT10C|SUZ12|U2SURP|RAP1GDS1|BLTP3A|DNAJC21|KCNQ5|HAUS6|SMC5|NOL10|VASP|USPL1|NAA16
WP_2Q37_COPY_NUMBER_VARIATION_SYNDROME	0.246383722778573	0.719580974469395	-0.333779375893682	-1.10615483896846	1549	106	ERFE|COPS9|KIF1A|PDCD1|DGKD|D2HGDH|DTYMK|MAP1LC3A|CYTH3|GPC1|HDAC4|COL6A3|IL1B|DISC1|CAPN10|RAMP1|ING5|PDGFA|NEDD8|BOK|HES6|MTERF4|HES1|USP40|ASB1|TRAF3|STK25|JUN|RAB27A|PASK|CYTH1|MYO5A|CYTH2|ILKAP|RNPEPL1
WP_GASTRIN_SIGNALING	0.246203904555315	0.719580974469395	0.311012683070783	1.09167604070887	907	105	CXCL8|CD44|PRKCH|FOXO1|SRC|GNAQ|EGR1|YES1|PIK3CA|MEF2C|MAPK8|MAPK1|KIT|RHOA|JAK2|ROCK1|LAMTOR3|CASP3|SP1|ELK1|PTK2|CDKN1B|ATF2|MYC|CHUK|BIRC2|CREB1|MAPK9|CTNNB1|MAPK14
BIOCARTA_MCALPAIN_PATHWAY	0.246669626998224	0.720206432753976	0.485012218825345	1.161680012738	1110	16	EGF|PRKAR1A|CAPN2
GSE21670_UNTREATED_VS_TGFB_TREATED_CD4_TCELL_DN	0.246924692469247	0.72074151294164	0.284733052426842	1.07093387845994	822	177	CCDC120|TLE6|DLG2|FOXO1|TGFBR2|ALDH1L1|HLA-B|TTC8|MBLAC2|GPRASP2|VPS54|RND2|PTGS1|YES1|TTLL7|ITSN1|NPR2|PROCR|CBX7|INTS6L|RBM4B|OCRL|LDHD|RASSF6|IFIT1|GPRASP3|LGALS4|PRRC1|CDC14B|PCMTD1|DPM1|SFXN4|ESAM|ITM2A|CADPS2|BACH1|NDN|STXBP4|TTC3|GLUL
GSE45365_NK_CELL_VS_CD11B_DC_DN	0.247209653092006	0.721363516784173	-0.309518429084827	-1.08969734528456	1638	175	NFKBIZ|STX11|OSMR|SEMA4D|CD14|ENC1|CXCL1|SH3BP2|SLC3A2|ADAMTS4|HAS1|RND1|CYTH3|IER3|ICAM1|PILRA|LTB4R2|SLC29A2|NOP2|FOS|SERPINE1|NFIL3|TIMP1|PPP4C|PGS1|IL1B|MYO1G|DDX39A|SEMA4C|NFKBID|GPSM3|SLC2A3|JUNB|SDC4|CEBPB|MYBBP1A
GSE8835_HEALTHY_VS_CLL_CD4_TCELL_UP	0.247283406754772	0.721369031387505	0.286550999698301	1.07428342664968	841	171	ELK3|ITGB7|DOP1B|PRNP|CD69|SNX18|NMD3|RYR1|HAT1|NT5C3A|ST3GAL5|USP2|ITSN1|CRLF3|NUP35|CWC22|GCLM|CTSF|TRIM13|CMPK2|IFIT3|SYNE2|SLC26A4|C2|LURAP1L|SGCB|ABCC6|ITIH4|RBM43|TENT5A|SAMSN1|XKR8|TRIP11|MED7|PTK2|SELENOF|NIFK
GSE16385_ROSIGLITAZONE_IL4_VS_IFNG_TNF_STIM_MACROPHAGE_DN	0.247608328643782	0.722107031646217	0.295141139468893	1.07994344020747	879	141	ELK3|NOS1AP|TSPAN32|AKAP5|IL12RB2|GNAT2|PPP2R3A|BMAL2|ASB9|TMEM53|SOCS6|ERI2|PLD1|GNAQ|PJA1|TP63|OPA1|GSTM2|ATG10|SCRG1|DNAI4|HAUS5|VWA5A|MTCP1|ZNF507|CLIC4|WDR11
GSE21380_NON_TFH_VS_TFH_CD4_TCELL_DN	0.247814290021103	0.722295817963419	0.28360712736872	1.06947599625391	821	181	AIM2|MEIS1|MSL2|CCNG2|AGO4|TGFBR2|DHX58|SESN3|IL10RB|AMN1|PPT1|ZNF518B|PTGS1|SGPL1|PARP11|PNPLA7|SH3BGRL|DMXL2|TSPAN13|ARMCX6|UTRN|ECT2|FAM13B|TMEM106C|FAM174B|RSAD2|PERP|F5|SERPINE2|CDC14B|PCMTD1|CELF2|CASD1|HNRNPK|MYB|CHD9|FAR1|CDKN1B|ANKRD50|HAPSTR1|STMN1
MCGARVEY_SILENCED_BY_METHYLATION_IN_COLON_CANCER	0.247816975200838	0.722295817963419	-0.428552154705391	-1.14879977963411	1418	30	ASCL2|PPP1R14A|UCHL1|ICAM1
GSE14308_TH17_VS_NAIVE_CD4_TCELL_UP	0.247978436657682	0.722556617465838	0.280581259699931	1.0671585554332	827	190	ZC2HC1A|MAP3K10|AKTIP|DEPP1|MATCAP2|BMPR2|DDIAS|PKD2|ITFG1|CNOT11|CNIH1|VBP1|ABCC4|ANLN|LRBA|MOSPD2|KIF20B|LEO1|PSMA1|ZWILCH|IPO7|CRYZ|STAG3|CRNKL1|FNTA|NDC80|SLC39A1|CFAP418|RANBP9|TRIM24|CDC14B|USP47|ZFAND4|FBXO27|CDK2AP1|CPNE3|ACTR10|NIFK|SLC36A4|RIDA|QKI|KIF14|MAPK9|AP3B1|AGBL5|PPP2R5C|NDE1|SRSF1|ACACA|TMEM181|PEX2|REEP3|RPAP2|HJURP|C11orf54|ALDH18A1
GSE7852_TREG_VS_TCONV_UP	0.248115767259572	0.722746973810674	0.283553523011315	1.06927385544712	822	181	ELK3|CD83|PRNP|FCGR2B|LONRF1|BMPR2|ARL5A|CLDND1|ARID5B|HNRNPLL|VPS54|GNAQ|CPD|PAQR3|PLCL1|CD80|SH3BGRL|TSPAN13|TMEM123|SH3BGRL2|PRKRA|NKRF|BCL2L15|SLC22A2|CYTH4|ZBED5|SNX3|PIP5K1B|VWA5A|SOCS2|INPP5F|PHTF2|TGFBR1|MED7|ENDOD1|SCAMP1|FAR1|NEU3|ARRDC4|VMP1|SACM1L|RAB3GAP2|LRRC58
GSE12839_CTRL_VS_IL12_TREATED_PBMC_UP	0.248388618141802	0.723331867974298	-0.323934497374651	-1.09836792485426	1579	127	H4C4|COX6B2|H2AC8|CRIP2|GFAP|AXL|ECM1|SLC3A2|UNC5B|HYLS1|ANO3|MFSD2A|TADA2A|MIF|SLC25A19|EGFL6|COBLL1|CRLS1|SPATA7|ASNS|UQCRQ|MTFMT|NFE2L1|PDP1|CLSTN1|PPP2R3C
GSE37301_COMMON_LYMPHOID_PROGENITOR_VS_RAG2_KO_NK_CELL_UP	0.248656120411611	0.723887987043228	-0.314186693458126	-1.09180894105837	1618	157	MTCL1|STX11|PYGM|TRIM29|MAPK13|ABCB4|PPFIBP2|PACSIN3|ICAM5|SLC22A13|GNRHR|COLEC12|FYN|THEMIS2|HOXC13|TRPM1|GDF9|SNRPB|MYDGF|BCAT2|TXNDC15|SORBS3|IGSF3|SFXN3|SEC61A1|H3C2|PLEKHF1|DDX31|P4HA2|TUBB2B|CDK5RAP1|NRIP3|MGAT4B|IFNGR1|POLRMT|EMC6|NUP188|BRF2|EOLA2|MPZL1|SLC22A5|MAEA|SYNGR3|TMEM177|PIGO
MEISSNER_BRAIN_ICP_WITH_H3K4ME3	0.248723816229537	0.723887987043228	-0.435299224036638	-1.14964910647128	1412	28	STOML1|PAK6|RTTN|PRPF31|GGT7|PPP2R3C|WDR83OS|NOSIP
WESTON_VEGFA_TARGETS_12HR	0.248990578734859	0.724454327345076	0.467914241127961	1.15892814121433	1109	18	SLC49A4|CCL2|TFPI2|SP3
GSE43955_10H_VS_60H_ACT_CD4_TCELL_UP	0.249321266968326	0.725206281607666	-0.309699123242313	-1.08990105743599	1652	174	NAGK|GKAP1|MARCKS|CIITA|ITGA4|UQCR11|BCAR1|ETFB|TRAIP|APLP2|RNASEH2C|MOGS|NAA38|MATN4|CYBA|MPG|AGER|ATP9A|PRKCSH|COMTD1|C12orf57|FHL1|DPP3|GET3|LSS|MAP7D1|EWSR1|ATP5PF|KCTD10|TRAPPC1|RBFOX2|DEAF1|EPHX1|DDAH2|RGL2|TNIP1|SMARCA4|ANAPC2|NEU1|NR2F6|AP1M1|FAM50A|CD81|GFER|TRIM11|C9orf72|BCAP31|PSMC3|PES1|ARAP3|ERGIC3|ARL14EP|RPL35A|PSENEN|CUX1|ISYNA1|CITED1|DHODH
GSE11924_TFH_VS_TH17_CD4_TCELL_UP	0.249472732750829	0.725226554113182	-0.305510507058652	-1.08668729899476	1655	194	SLC26A11|SSC4D|SPAG1|DIPK1A|ZFTRAF1|ARSA|FAM193B|NUDT18|APOE|STK11IP|KATNIP|EEIG1|MAN1B1|SMTN|SPSB3|OSBPL5|ERMARD|STX4|BRD4|GNMT|PPP1R35|TAF15|BCL9L|NAPRT|DUSP4|TXNDC15|ZC3H3|TMEM87B|MED24|FBXW4|GAK|ABHD12|SMG6|GATD1|UNKL|CLCN6|CC2D1B|REXO1|MGRN1|UBALD1|PPOX|TRIM39|H2AC25|PCSK7|RGL2|EXTL3|FHDC1|EVL|SLC9A8|MEF2D|SYS1|ZER1
REACTOME_EXTENSION_OF_TELOMERES	0.249456652982371	0.725226554113182	0.358977569442516	1.11719314986097	1032	50	RFC4|PRIM1|PPP6C|CCNA2|SHQ1|DNA2|POLA1|CHTF8|ANKRD28|RFC5|CDK2|RFC1|DSCC1|RPA2|PCNA|WRN|BLM|RFC3|POT1|DKC1|POLD4|POLD3|FEN1|TERF1|RPA3|TERF2IP
BIOCARTA_EIF_PATHWAY	0.249777975133215	0.725483597912966	0.483447248863692	1.15793166526463	1124	16	EIF4G2|EIF4E|EIF4G3|EIF2S1|EIF4A2|EIF1AX|EIF1|EIF2S2|EIF5|EIF2S3|EEF2
CAIRO_PML_TARGETS_BOUND_BY_MYC_UP	0.24977497749775	0.725483597912966	0.44003775723612	1.14706192055844	1109	22	EIF2A|LDHA|NPM1|CDCA7|CCNB1|EIF4E|DDX18
GHO_ATF5_TARGETS_DN	0.249633967789165	0.725483597912966	-0.513787424437248	-1.17332728643378	1363	15	TMED9|TECR|ID1|ITGA5|ACTN4|RRAS
GSE4748_LPS_VS_LPS_AND_CYANOBACTERIUM_LPSLIKE_STIM_DC_3H_DN	0.25	0.725708502024292	-0.318765389650509	-1.09482319724444	1611	141	ZFP42|DERL3|BDNF-AS|ATAT1|LINC00240|N4BP3|APOE|RELL2|RGL3|SYNGR4|SVOP|S100A5|DENND2C|AURKB|PCDH10|ZNF747|SHFL|C5orf58|STK19|DGKA|GTPBP3|SUSD3|PINLYP|CENPV|PTCD1|DPH2|SLC38A5|ESPL1
KEGG_MEDICUS_REFERENCE_PDGF_PDGFR_PLCG_CAMK_SIGNALING_PATHWAY	0.25	0.725708502024292	0.483267256550244	1.15750055556293	1125	16	CAMK2B|PDGFB|CALM2
GSE17322_CD103_POS_VS_CD11B_HIGH_LUNG_DC_DN	0.250075323892739	0.725717288590723	-0.305331403819507	-1.08605023673114	1659	194	TBC1D1|BCO2|RAB38|FAM234A|RNF5|MIR3945HG|THEM6|UQCR10|FAM120C|CHCHD10|PHB1|MIF|TPCN1|THEMIS2|TMCO6|MTLN|TBRG4|BCL9L|RPL38|POLD1|MYO9B|RPS15|MAP3K11|THBD|ATP5PF|TMEM79|WDR13|IL23A|MRPS21|WDR83OS|C6orf136|MAPKAPK2|G0S2|EXTL3|ARMC6|ARHGAP22|HIRIP3|CDK5RAP1|TAF1D|CARS2|TMC6|LMTK2|CCDC51|TRIM56|ABHD8|SEMA4B|C19orf53|TUFM|PARL|RSAD1|CCT7|PPARGC1B|COG2|MAEA|MRPS12|FCHO1|SLC4A7|EIF3K|STEAP3|WDR7
WANG_SMARCE1_TARGETS_DN	0.250178954903364	0.725808193445078	0.258951202665959	1.04723264642402	698	345	CXCL8|LBHD1|DCK|ZNF385D|PIGA|FGF5|MATCAP2|MX2|CD70|KAT2B|CCNE2|HLA-B|ENOPH1|ZFPM2|PALMD|TLE4|SCG2|TFPI2|MEF2A|PBK|RNF138|ABHD3|B3GNT5|CLK4|ETV3|ABCE1|MAPK6|LYPLA1|SACS|HSPH1|TSPAN13|NAA15|PDS5A|NCAPG|RRAS2|NDC80|HSPA4|RNF6|TRIB1|RP2|HK2|SMARCA5|RNF182|MAD2L1|TRABD2A|SFRP2|BDKRB1|INPP4B|EIF4E|DLAT|SHTN1|GTF2H2|APOO|NDUFV2|UBE2V2|PRR16|PPA2|IFT74|POU4F1|AASDHPPT|CACYBP|TLCD4|CASD1|EIF4G3|PRDX3|SMC3|FH|VRK1|COX7B|CITED2|ELOVL6|SACM1L|CAV2|IDH3A|AIMP1|ING2|TCERG1|MID1|OPN3|QDPR|CYB5B|BMP2K|SUCLA2|HMGCS1|SFXN1|MRS2|GLT8D1|GNL3|HACD1|MIOS|VPS4B|HPF1|B3GALNT1|SLC39A8|POLR3G|GLRX3|SRPK1|GOLGA8A|E2F5|HSPA9|CAT|FIP1L1|EIF1AX|TMEM33|ERCC6L|BNIP3|GALNT7|MRPS17|NUP58|NSMCE4A|KYNU|TBC1D4|RAB9A|CSE1L|HIGD1A|SMN1|PDCD2|EXOSC8|HSPA4L|MACROH2A1|HCCS|ACOT9|HAUS6
GSE17721_0.5H_VS_24H_POLYIC_BMDC_DN	0.250377073906486	0.726034070389319	0.283892072199155	1.06788747934043	829	178	PTPN6|PRKCH|MMP14|CCL5|KIN|C5orf15|CAPZA1|NAA30|MGAT2|STXBP3|PRPS2|FER|ETV3|ARF4|NAB1|COG6|STARD3NL|SPEG|TRMT1L|RBM7|DDHD1|DRAM2|ABR|TTC39C|DCAKD|ASB3|RBM43|IFT57|TMEM38B|RPE|BCDIN3D|SLC30A7|THOC1|PCYOX1|TRIP11|QSER1|SNX2|NEU3|MOB1A|CYBB|ANXA5|GDE1|CD47|KMT2E|MAN1A2|RBM47|BNIP2|FBXW11|TLE2|ATP1B2|SYF2|HTATIP2|RIPK2|ELOF1|FBRS|PNRC1|ATP6V1C1|SPTLC1|MSL1|MPP1|KDM1A|GUCD1|CD82
HOFFMANN_PRE_BI_TO_LARGE_PRE_BII_LYMPHOCYTE_DN	0.250546126701395	0.726034070389319	-0.364730255249107	-1.11782285199156	1490	63	TCN2|ADGRG3|ENG|CUBN|DBNDD2|MAPK8IP3|IFIT2|SIAE|FRMD6|MAGED2|BIN1|HEXA|GRB7|HSPBP1|RCN1|LRFN4|THRA|ENTREP3|CHRNB1|SSBP4|MGST2|SIPA1|NPC1
MCMURRAY_TP53_HRAS_COOPERATION_RESPONSE_DN	0.250422440013518	0.726034070389319	-0.373746417373122	-1.12171759865241	1481	55	ESPN|GCA|IGFBP2|RAB40B|MCAM|JAG2|HOXC13|NOTCH3|FAS|MMP15|DGKA|CERS4
REACTOME_GLUCAGON_LIKE_PEPTIDE_1_GLP1_REGULATES_INSULIN_SECRETION	0.250524842547236	0.726034070389319	0.398368818298765	1.12982507546074	1073	32	AKAP5|GNG12|GNB4|PRKAR1A|KCNS3|GNG10|RAP1A
WP_LEPTIN_SIGNALING	0.250645994832041	0.726113851695247	0.331854232237657	1.10252190959468	969	75	FOXO1|CFL2|SRC|PDE3B|ROCK2|MAPK8|MAPK1|EIF4E|RHOA|JAK2|ROCK1|SOCS2|REL|SP1|ELK1|PTK2|PRKAA1|CHUK|CREB1|PTEN|MAPK14|LEPR|ACACA|RPS6|STAT1|SOS1|KPNA4|MAP2K1|RPS6KB1
KEGG_MEDICUS_PATHOGEN_HIV_GP120_TO_CXCR4_GNAQ_PLCB_G_CALCINEURIN	0.250771264874394	0.726267154301549	0.492384551382191	1.1623972529777	1137	15	GNAQ|PPP3CB|CALM2|NFATC2|PPP3R1
HSIAO_LIVER_SPECIFIC_GENES	0.250861681402667	0.726301185422248	-0.308055897274888	-1.08945235525299	1673	180	HPX|C3|APOA1|ABCB4|CBS|C5|LCAT|APOE|APOC1|POR|CYP4F2|RARRES2|CPS1|LSR|C8G|SERPINE1|HMGCL|GGCX|DDT|LPIN2|EPHX1|ACAA1|RGL2|NNMT|CASC3|PCK2|ALDH6A1|ACADSB|TAF6|ASL|F12|SERPINF1|PCBD1
REACTOME_NUCLEAR_SIGNALING_BY_ERBB4	0.250927725746598	0.726301185422248	-0.443719584890481	-1.15198716484277	1419	26	GFAP|EREG|APOE|APH1B|ESR1|NRG1|ADAP1|NCSTN|MXD4
GSE17721_CTRL_VS_POLYIC_1H_BMDC_DN	0.251176202762179	0.726683872019768	-0.311250473541822	-1.08895830800077	1654	165	GZMM|REM2|ELOVL3|HLX|SEMA3F|ATXN1|LYST|HYOU1|NAA38|ZC3H12C|RECQL5|PLEKHA1|RAB40B|UBOX5|NPAS1|NFIL3|GNMT|GDF9|AMPD2|KRTCAP2|TRIM26|TBC1D8|YPEL1|TJAP1|CST3|ZBTB20|CDCP1|HIVEP1|PRELID1|NCAPH2|TAX1BP3|MED11|HCFC1R1|DTX2|SPRY4|PCBD1|POP7|TAF1C|C1orf174|OPHN1|RBM10
GSE18281_CORTICAL_VS_MEDULLARY_THYMOCYTE_DN	0.251204725633453	0.726683872019768	-0.320107307530312	-1.09589435183987	1615	137	SLC30A3|RAB4B|ACKR1|CCR7|SVEP1|BMP8B|SLC8A2|UQCR10|PNMT|MRPL41|AEBP1|ANKS1B|GCA|VN1R1|MYH7B|ENTPD1|IDI2-AS1|CRYM|CHMP4A|SLC43A1|ZC3H12A|DDT|NDUFA6
GSE13411_NAIVE_VS_SWITCHED_MEMORY_BCELL_UP	0.251436558471812	0.726935533968909	-0.31905994598957	-1.09467884322952	1618	140	OSMR|PAK6|CBS|GLB1L2|RNLS|SYNE3|CLDN6|SLC39A2|LGALSL|DCAF11|TRIM10|PCYT1B|INPP5J|ZNF446|CYP2F1|DCN|NDRG4|IQCH|NFATC4|DMPK|CCDC57|GPR107|DIAPH1|NBL1|HEPH|JRK|GRTP1|HSPBP1|FZR1|MVD|HSD17B1|PDLIM4|PLEKHH3|BOK|GUSBP11|PPP1R37|GNL1|TEAD3
GSE2706_UNSTIM_VS_8H_LPS_AND_R848_DC_DN	0.251395007342144	0.726935533968909	0.286157573791934	1.07280846780721	855	171	AIM2|BATF|TRIM69|GPR137B|PGAP1|IFIH1|CD70|SESN3|CMTM6|NT5C3A|TFPI2|CCRL2|NBN|UAP1|ETV3|C17orf58|TNFAIP8|RDX|CAPN2|SIAH2|CMPK2|HOMER1|RSAD2|IFIT1|CD274|GPR157|PLXNC1|INSIG1|CXCL11|MORF4L2|PELI1|REL|DDX60L|BCL2|NAMPT|CNKSR3|PGM3|C4orf46|TRAFD1|PSMA6|BIRC2|LYRM1
GSE17974_IL4_AND_ANTI_IL12_VS_UNTREATED_48H_ACT_CD4_TCELL_DN	0.251622874806801	0.727264732885305	-0.317415557433301	-1.09236667664819	1627	143	USP46-DT|PLAT|IRF7|IFI30|RNF215|TSSK3|SPSB2|HELB|IFI16|SLC41A2|GNRHR|MAP1LC3A|ZBTB3|TXNL4B|RIPOR1|KSR1|PIGQ|ZDHHC23|MX1|FAS|MUC1|GPR107|PHF11|IL18RAP|TSC22D1|G0S2
GOTTWEIN_TARGETS_OF_KSHV_MIR_K12_11	0.251793222854316	0.727547602478879	0.347833682418616	1.1077095281339	1017	58	SLC33A1|TLE4|SGPL1|PIK3CA|PLEKHA5|BMI1|TWF1|PICALM|USP8|CARD6|RFK|SCAMP1|MYB|FAM241B|FBXO33|C2orf88|HMGCS1|WEE1|TAF12|GPSM2|HSPA5|GALT
GSE360_HIGH_VS_LOW_DOSE_B_MALAYI_MAC_DN	0.251910684849393	0.727677540868549	-0.307946553947517	-1.08906565807696	1680	180	TSC22D3|SPRR2D|PYGM|HOMER3|ATXN1|PSMB9|KHDRBS3|P2RX4|CUL9|IFITM2|SREBF1|DCHS1|LAGE3|FLAD1|PPIE|PRKCSH|LGALS3BP|STC2|STARD3|HRC|NRTN|TRIOBP|CMKLR1|GRIK5|SEMA6A|LTBP4|AMHR2|FILIP1L|TRIP6|ITGB5|TSFM|NACC2|SLC35D2|IQSEC2|ACAA1|CNPY3|XPO6|TANK|ARHGEF1|H2AZ2|THOP1|EML2|ACYP1|NELFB|GPR3|SPHK2|CYC1|FLII|C15orf39|IRF1|SERPINF1|BRD2|RNF113A|PDIA4|VGLL4|CYB5R3
NAKAYA_PLASMACYTOID_DENDRITIC_CELL_FLUARIX_FLUVIRIN_AGE_18_50YO_7DY_UP	0.252080856123662	0.72795961846068	0.278400275535325	1.0636370389371	847	194	FAR2|CD69|CD40|SULT1A4|WDFY3|IL10RB|TMCC1|TMEM135|TLE4|HIPK3|DHX40|ARIH1|GGPS1|EGR1|LGALS8|RALGAPB|AMMECR1|CCNA2|MEF2C|SMAD2|CEP135|WASHC4|RBMX|FEM1B|PALM2AKAP2|SIGLEC6|MTSS1|IL6R|SLC35D1|CRABP2|HBS1L|DLG1|PTK2|ZMAT3|PTPN12|TASOR|BACH1|WSB1|MYC|IPO5|RBM12B|CLUAP1|PLBD1|RAD21|ZNF148|NCOR1|STX17|TFDP2|DNAJB6|TRIM33|KIF2A|SP4|CARD8|GLO1|TRPS1|KYNU|RASA2|NIPBL|PMAIP1|ELP4|PAK2|PCBP2|KLHL28|ALDH5A1|ZBED4|DEDD|RABGGTB|GABPB1|SPEN|APAF1|SCAF11|ATF7IP|BLVRA|CNOT4|PSME3|TLE5|ISG20L2|NEAT1|LPIN1|ZFP36L1|TMPO|CFLAR
CADWELL_ATG16L1_TARGETS_DN	0.252216748768473	0.728117338724137	0.343219719212978	1.11003612161631	1023	62	RGS5|MTREX|RAMAC|C5orf34|SATB2|PPIP5K1|SLC22A15|MCC|USP53|NFE2L2|CAP1|THOC1|PPFIBP1|TUBGCP4|CTDSPL2|P4HA1|POT1|FUBP1|CCDC32|GDAP2|ZNF562|HSPA4L|YTHDC2
GSE27786_CD8_TCELL_VS_NEUTROPHIL_DN	0.252280544339764	0.728117338724137	-0.306762181058433	-1.0877761238636	1686	185	SSC4D|TRPM2|EPM2A|TMEM81|GLB1L2|PDLIM2|MINDY1|INCENP|ACAP1|RHBDF1|TMEM63A|ACAP3|ING4|GPC1|ACVR1B|FBXL19|RGP1|RBM38|EGFL6|PIGU|IRS2|BATF2|MMRN2|SLC7A11|BRD9|DHRS3|CDK2AP2|HPCAL1|ARID3B|AFDN|ABCD1|DMBX1|TMEM120A|CRYZL1|PALM|TRAPPC5|PPP1R18|NISCH|ZMYND11|AKT2|BTD
BERNARD_PPAPDC1B_TARGETS_UP	0.252527627557019	0.728211281446663	0.385654978039689	1.12485757332874	1073	36	RSL24D1|DUSP22|WBP4|SCFD1|LZIC|SNX13|CNOT2|ARPC3|CCSER2|ZMAT3|COX7B|CCDC90B|ZBTB38|DENND1B|U2SURP|KYNU|ANP32A|TRRAP|NPEPPS
KEGG_GLYCEROPHOSPHOLIPID_METABOLISM	0.252407837927599	0.728211281446663	-0.355028600675283	-1.11115281962515	1519	71	PLA2G6|PLA2G2C|LPCAT4|LCAT|LPCAT3|PEMT|PLA2G15|DGKD|LYPLA2|PCYT1B|PGS1|MBOAT1|ADPRM|CRLS1|DGKA|CDIPT|PISD|PLD2|AGPAT2|MBOAT7|PCYT2|GPAM
LIU_IL13_MEMORY_MODEL_UP	0.252530730296457	0.728211281446663	-0.493386600554578	-1.1635955658972	1396	17	RAB4B|MUC5B|MAP4K1|CCL26|MAP3K11|MAPK8IP1|CDC42|SPRY4
GSE17974_0H_VS_6H_IN_VITRO_ACT_CD4_TCELL_UP	0.2526395173454	0.728315759653395	-0.309034468158632	-1.08756198630479	1674	174	TPM2|DPEP2|LYRM9|SRGAP3|TSC22D3|RAP1GAP2|IL11RA|SYTL1|GKAP1|SPON2|ENC1|ITGA4|SYNM|SNN|MT2A|FAM13A-AS1|FAM200B|DIAPH2|ACAP1|LINC00173|ROGDI|ASH1L-AS1|KLF7|KIFC2|SIAE|PTK2B|MYO1G|IRS2|BIN1|SLC2A3|ZBTB20|DCTN3|NOL4L|UCP2|PARP3|TSC22D1|G0S2|UBE2Q2P13|TTC28|ASB16-AS1|MEF2D
DELACROIX_RAR_BOUND_ES	0.252979414951246	0.728808525675313	-0.280489818275226	-1.0660276439952	1867	405	METTL27|TYROBP|ZNF76|CD37|GHDC|CELSR3|RNF5|GASK1B|IFITM1|ADGRE5|FAM120C|MYL11|ZNF710|COX17|IFITM2|ABCB8|TCL1A|GCA|IGFBP2|DENND2C|DNAJC22|ST6GALNAC6|CCND1|MAFA|LSR|PIK3IP1|PCGF1|RHOF|EFNA1|BCL3|KSR1|DISC1|TSPAN9|MUC1|LRRC75A|MOK|NDUFA4L2|CALR|ACP6|BRSK1|INPPL1|CAMK1|DUSP4|SLC12A7|BCAT2|PIGL|CTSD|GPATCH3|CST3|RAI1|ZC3H3|MBD3|SHISA5|DHRS3|STK11|PLK3|NACC2|JUNB|LRRC61|TCTN1|PHC1|NBL1|RTBDN|WIZ|PYROXD1|G0S2|CRELD1|GNL3L|GRTP1|VARS1|PIDD1|SDHA|SLC9A8|SIGIRR|MREG|SPIRE2|MYBL2|DUSP9|HNRNPAB|MDK|ITGA5|MTG2|PEF1|ZNF219|MGAT3|HOXB4|EMC10|SOCS3|SPATA33|IER2|CTSZ|FHIP2A|UPP1|POLR1A|ZSWIM1|UBE2O|AP5S1|WRAP53|KDM6B|PCGF2|ST3GAL3|UCK1|STK35|PIMREG|FXN|FOXP4|RMND5B|CNOT9
GSE360_T_GONDII_VS_B_MALAYI_LOW_DOSE_MAC_DN	0.253028263795424	0.728808525675313	-0.306610796364542	-1.08723931500742	1691	185	PYGM|IRF7|L1CAM|P2RX4|ITPA|TMEM63A|ARHGAP45|ATG9A|DCHS1|PDCD11|CYBA|PTGIR|LAMB3|PTK2B|NRTN|TBCB|NRG1|TBCD|AMHR2|RNH1|ATOX1|POU6F2|PMF1|PIN1|NDUFB7|STXBP2|GAK|GPR107|HPCAL1|SPN|ENTPD6|APBB3|IQSEC2|GPAA1|POLG|LIFR|PCYT2|FKBP2|MDK|POLR2J|TMEM184B|BCL2L1|PLEKHM2|SREBF2|OXA1L|GAS6|LY6E|FLII|C15orf39|TNFAIP2|PSMD9|RNF113A|PDIA4|SMYD5|PTPA|EIF2B4|ATP6V1H|PDE1A|ARSB|TCF25|NAP1L4
REACTOME_DEPOSITION_OF_NEW_CENPA_CONTAINING_NUCLEOSOMES_AT_THE_CENTROMERE	0.252945136317738	0.728808525675313	-0.364575383957158	-1.11418136558324	1502	62	H4C4|H2AC20|H2AC7|H2AC8|H2BC13|CENPX|H2BC17|H4C11|H4C3|CENPT
WP_CAMKK2_PATHWAY	0.253193350831146	0.729074829501734	-0.420754802025803	-1.14105710486306	1446	32	WFS1|MAP1LC3A|ICAM1|HDAC4|TSC1|CAMK1
LI_PBMC_MENACTRA_AGE_18_45YO_ANTI_POLYSACCHARIDE_ANTIBODY_CORRELATION_PROFILE_3DY_UP	0.253272101033295	0.729092443410443	0.429987522050878	1.13915736444333	1102	24	CXCL8|AIF1|FGF5|CCRL2|CARD9|C2|CFI|FCER1G|PTX3
REACTOME_PROTEIN_UBIQUITINATION	0.253564946849883	0.72951703539098	0.329865996956232	1.09803920085437	977	76	PEX12|H2BC6|UBA6|UCHL3|LEO1|UBE2N|H2BC7|RNF144A|UBE2E3|UBE2V2|UBE2E1|WAC|UBE2W|PEX13|UBE2D3|DERL1|PEX5|UBE2D1|PCNA|H2BC8|PEX2|HLTF|CDC73|UBE2A
REACTOME_TRANSCRIPTIONAL_REGULATION_BY_E2F6	0.253557266153487	0.72951703539098	0.391554329720506	1.12567071603368	1086	34	CDC7|RNF2|BMI1|CBX3|RRM2|MGA|RBBP4|RBBP8|TFDP2|YAF2|RBBP7|SUZ12|EED|BRCA1|RYBP|CHEK1|APAF1
QUEREC_MODEL_PBMC_YF_17D_VACCINE_AGE_18_45YO_3DY_PREDICTIVE	0.253731343283582	0.729786597100458	-0.394136472884124	-1.13238815432588	1478	43	GAA|TEP1|HBB|GAS2L1|SAT2|CALR|NAPRT|SLC16A5|FERMT3|CAMKK2|CRAT|NRGN|CENPB|TUFM|BCKDK|JUN
KEGG_AMINOACYL_TRNA_BIOSYNTHESIS	0.254051477597712	0.730288869451843	0.373462146804942	1.11992766467327	1065	41	DARS1|RARS1|PARS2|EARS2|TARS3|SEPSECS|YARS2|NARS1|TARS1|PSTK|DARS2|GARS1|FARSB|MARS2
VERHAAK_GLIOBLASTOMA_MESENCHYMAL	0.254022646007151	0.730288869451843	-0.303287396359673	-1.08310813664448	1704	200	TRPM2|FES|MAPK13|CD14|TYMP|ENG|IFI30|LAMB1|ITGA4|COL1A1|GRN|SYNGR2|PLA2G15|TCIRG1|CRYBG1|HFE|TNFRSF1A|SERPINE1|THEMIS2|STAB1|TIMP1|EMP3|C5AR1|ACP3|FOLR2|MS4A4A|SLC16A3|TRADD|SLC10A3|SP100|THBD|STXBP2|PLK3|PHF11|CPQ|HEXA|CDCP1|CEBPB|UCP2|TNFRSF1B|BLVRB|P4HA2|IL15RA|ICAM3|CLCF1|COL1A2|ITGA5
BEGUM_TARGETS_OF_PAX3_FOXO1_FUSION_DN	0.254589123348773	0.730370282987993	-0.393790932488514	-1.13139538690203	1483	43	WNT11|TIMP3|DGKD|SEMA3B|SMAD6|CFD|SERPINE1|JAG2|BIN1|DHRS3|BMP1|ID1|FLNB|PDLIM4
GSE1460_INTRATHYMIC_T_PROGENITOR_VS_THYMIC_STROMAL_CELL_DN	0.254257193188491	0.730370282987993	0.286053902508593	1.07009629782843	865	169	EOGT|TM6SF1|MANSC1|SMARCA1|SGPP1|CLN5|GOLPH3|DNAJC6|ATP6AP2|PKD2|LAMP2|HIF1A|RAB29|HS2ST1|TFPI2|BPNT2|ME1|BCAP29|EGR1|PTGS1|ETNK1|FBXO3|TVP23B|PRRG1|COL4A5|COPZ2|IGFBP5|RPS6KA2|TXNDC9|GNG10|MYO6|KCNK1|MORF4L2|SLC25A32|CREG1|ARHGEF12|CHSY1|PGM3|C10orf88|PTPN12|FGD6|TRIM32|TPST1|STX7|ATP13A3|CEP170|LEPR|ADORA2B|BRIP1|RAB1A|PAPPA|BHLHE40|TMCO3|TGFBR3|DLG5
GSE2405_HEAT_KILLED_LYSATE_VS_LIVE_A_PHAGOCYTOPHILUM_STIM_NEUTROPHIL_9H_UP	0.254550792718732	0.730370282987993	0.28597769705137	1.06981122156507	866	169	CD83|MORC1|LONRF1|DNAJC6|POU6F1|TCF7|TMEM51|DEPDC1B|CKS2|MNS1|HEMGN|PBK|KIF11|SGPL1|CKAP2|RMND5A|KPNA2|MED13|MAD2L1|SYTL3|RCBTB2|TMEM140|GFI1|FCER1G|RPS27L|LDHB|CKAP2L|TUBE1|RRM2|CDK2AP1|CLIC4|IFTAP|ANKRD50|STMN1|CD93|LPCAT2|MIER1|WEE1|GABARAPL1|DSTN|CENPE|PCLAF|FABP5|SSBP2|CDC25C|KNSTRN|CCNB2|BUB1B|EXO1|IL18|TP53INP2|SLC6A19
GSE27670_CTRL_VS_BLIMP1_TRANSDUCED_GC_BCELL_UP	0.254385964912281	0.730370282987993	-0.314133778065488	-1.08930726130812	1652	154	COL14A1|MELTF|MADCAM1|ANKH|SLC52A2|NDUFA13|CLN3|EEIG1|SUN2|CSF2|APOD|LBP|MST1R|CCND1|PRKCSH|COL6A3|PIGR|NDRG4|SGCG|ADPRM|CTSA|SEMA4F|KHDC1L|ATOX1|MED10|TRABD|SGK1|MRPS21|PER1|FHDC1|NFKBIB|C19orf48P|NDUFB11
GSE41867_MEMORY_VS_EXHAUSTED_CD8_TCELL_DAY30_LCMV_UP	0.254448398576512	0.730370282987993	0.284351893311778	1.0693903099685	857	175	LRRC8E|NOXRED1|SENP8|CD83|CD40|MS4A6A|TTYH3|SERPINI1|FGF13|NT5C3A|VPS54|CTSS|GGPS1|OCIAD1|ETNK1|ZFYVE26|RRAD|TAPBPL|TMEM140|LFNG|TMED6|SERPINE2|LAT2|ICOSLG|ATP8A1|USP8|WASHC3|CARD6|CYBB|HMGN3|ANXA1|CEP120|ANKRD42|CCDC90B|PIAS1|DENND4A|NFU1|ANKRA2|MYCBP2|HELZ2|SCLY|BCAT1|IL18|CORO2A|SERPINB1|FBXO4|MAP3K5|PARP14|OARD1|ALS2|ARHGAP25
KEGG_AUTOIMMUNE_THYROID_DISEASE	0.254275427542754	0.730370282987993	0.43845789663623	1.14294364228771	1129	22	CD40|HLA-B|CD80|HLA-C
WILENSKY_RESPONSE_TO_DARAPLADIB	0.254445964432285	0.730370282987993	0.435003125631413	1.1416414734911	1115	23	CCL5|NPL|CTSS
GSE11884_WT_VS_FURIN_KO_NAIVE_CD4_TCELL_UP	0.254672157111182	0.730399746594869	-0.332657230090837	-1.10193902432373	1607	105	RAB4B|ACKR1|TYROBP|CRIP2|CATSPER1|EXT1|ODAD4|PDLIM2|SH3PXD2A|ADAMTS4|MIGA2|DKKL1|CLCN7|PILRA|CRYM|SNRPB|MED10|NFKBID|CERS4|MTBP|PRTN3|UNC45A|NCKAP5L|PTCD1|WRAP73|LPAR2|PRRG2|ECH1|DEUP1|HIP1|CAVIN1
GSE4984_GALECTIN1_VS_LPS_STIM_DC_DN	0.254985754985755	0.730671286459161	0.290276825835098	1.07286727212332	894	153	TTC39B|NAPEPLD|HECW2|CHN1|ST3GAL5|BLTP3B|TEX15|RARS1|DERA|SYCP2L|AMMECR1|AASDH|TXNL1|NEMF|PTGES3|CYP2R1|HSPA4|GMPS|IBTK|MYOM2|C2|SPP1|EVPL|LRRC8C|SLC20A1|PPA1|RTN3|WDR36|ATP11A|NAA50|CDK2AP1|CUL2|CLGN|EEFSEC|PSMC2|IPO5|JAGN1|NFU1|TIMM17A
JOHNSTONE_PARVB_TARGETS_3_UP	0.255057998381441	0.730671286459161	-0.279819887165912	-1.06487759472678	1890	410	GAA|COL18A1|S100A2|C3|OSMR|PITPNM3|MARCKS|MELTF|RETSAT|PSMB9|L1CAM|PBXIP1|IFITM1|LPCAT3|RABAC1|GRN|SYNGR2|TRIO|APLP2|CYTOR|TCIRG1|IFI35|C17orf49|CRISPLD2|ICAM1|CCND1|LGALS3BP|SLC29A2|APOL6|RIPOR1|TIMP1|BCL3|TRIOBP|ARHGAP26|ECE1|CA12|MDFIC|VPS18|IFITM3|PPP1R26-AS1|SEZ6L2|BCL9L|LTBP3|MORC4|MMP24OS|PSAP|CTSA|IGF2R|SUPT5H|CTSD|CST3|TMEM87B|THBD|GPR107|ABHD12|HPCAL1|SFXN3|AGRN|DYNC1H1|NFE2L1|AFDN|RHOB|SYVN1|CDCP1|PDP1|CTSL|CDC42EP4|CEBPB|MLEC|NBL1|RETREG2|GNS|TAPBP|FLNB|SFR1|CD276|ACADVL|RNF149|TNIP1|RCN1|MGAT4B|BLTP2|TMC6|PARP12|LMTK2|NOP53|TMC8|PTPN23|RNASET2|DUSP5|S100A16|ECH1|SUPT6H|CSTB|GOLGA2|FAM219A|SEMA4B|SIK3|FLII|MPI|C15orf39|TNFAIP2|SPTBN1|EIF4G1|RBCK1|GSTK1|GCN1|FLNA|NBPF14|PLBD2|SEPTIN9|P4HB|NANOS1|PRPF8|STEAP3|IRAK2|MYO1C|STX16|HLA-E|ATP1A1|AKR1C1|RELA|DAG1|SMAD3|FN1|WDR45|SLC25A39|PPDPF|DAAM1
REACTOME_INTERCONVERSION_OF_NUCLEOTIDE_DI_AND_TRIPHOSPHATES	0.25487012987013	0.730671286459161	0.408487738624701	1.13630333533428	1098	29	RRM2B|AK7|NUDT13|AK6|TYMS|CMPK1|RRM2|RRM1
REACTOME_RNA_POLYMERASE_I_TRANSCRIPTION_TERMINATION	0.255021834061135	0.730671286459161	-0.422907934153155	-1.14116127755729	1459	31	POLR2L|POLR2F|GTF2H4|POLR2E|POLR1C|POLR1H|TAF1D|POLR1G|ERCC2|POLR1A|CAVIN1|TAF1C
BOYLAN_MULTIPLE_MYELOMA_C_CLUSTER_DN	0.255333951762523	0.730803206452998	0.407911470562497	1.13470031213624	1100	29	CD69|AK7|EGLN3|RRAS2|RECK|SPP1|RNF125|SOAT1
GSE13229_MATURE_VS_INTMATURE_NKCELL_DN	0.255465708295897	0.730803206452998	0.279862324990904	1.06442416994232	852	190	CNRIP1|KBTBD8|ZNF14|CAMK2B|POC1B|SLC49A4|SNX18|ASB9|WDR5B|ZBTB33|C5orf63|MACIR|HYCC1|LRP6|PRKAR1A|COG6|ANKHD1|CAPN2|TMED2|ZNF383|FBXO3|UHMK1|RBL2|PXYLP1|GFI1|SERINC4|CHRNA3|ATL1|SLC30A1|NFE2L2|BTBD10|DNAJA2|PCYOX1|ZNF627|FBXO45|TSG101|BFAR|ABI1|FBXO28|PUM2|ANP32B|PUM1|TNKS|FUCA2|ANAPC10|NT5DC1|RAD21|PARP16|XPOT|RBM22|AMFR|PAPOLG|TRIM3|DDX20|RB1CC1|POLR3G|ZRANB2|SPOP|MDM1|INPP4A|EP300|TAF3|SLC12A5|NAA35|MAIP1
GSE5542_UNTREATED_VS_IFNG_TREATED_EPITHELIAL_CELLS_24H_UP	0.255331931510964	0.730803206452998	0.282435365606635	1.06467118882191	849	180	AIM2|MYO1F|MPZL3|BATF|APOBEC3F|IL12RB2|RGS2|SESN3|CHN1|SNX33|CLDND1|ARID5B|TP53INP1|MAP3K1|PNPLA6|CAPN2|WSB2|EPS15|PLXND1|SYTL3|RCBTB2|APOBEC3D|GPR183|ABR|SYNE1|TOX|SYT11|BICD1|CEP97|DUSP10
GSE7768_OVA_ALONE_VS_OVA_WITH_LPS_IMMUNIZED_MOUSE_WHOLE_SPLEEN_6H_UP	0.255468066491689	0.730803206452998	0.287392776803869	1.07030577746959	875	163	MYO1F|OSGIN1|ARL11|NKIRAS1|AGA|MAP3K9|NCOA3|REV3L|SOCS6|VPS26A|RAB3A|STARD9|WDCP|PPP1CC|CDCA7|SNX24|PRKRA|PROKR1|GCC2|TTC14|IFFO2|C5AR2|GPR157|CYTH4|PCMTD1|ACER3|TDP2|SNX2|PSTK|MIS18BP1|SCLT1|NPAT|SEPTIN7|CFAP20|TMEM104|TMEM126B|ERCC5|BRIP1|HELQ|SLC35A1|ESCO2
MANALO_HYPOXIA_UP	0.255465708295897	0.730803206452998	-0.306936765436947	-1.08685578211985	1705	182	TSGA10|COL18A1|PTPRB|FAM171A1|LAMB1|CUBN|ATXN1|AXL|DIAPH2|N4BP3|TRIO|RGS3|PLOD1|SMAD6|PPARG|SORBS2|APOD|DCHS1|IER3|GPC1|SLC6A8|ACVR1B|STC2|SERPINE1|PGF|AFAP1|MAGED2|INHBE|NINJ2|BCL6|NFATC4
GSE19401_RETINOIC_ACID_VS_RETINOIC_ACID_AND_PAM2CSK4_STIM_FOLLICULAR_DC_DN	0.255726905225333	0.73133523494356	-0.306653179298803	-1.08666163016229	1707	184	TBC1D2|RHBDD3|PRDM11|KCNC4|CHST12|VILL|MZT2A|TMEM63A|SAC3D1|MICAL3|TOP3B|IRF3|RPL18|ENSG00000274253|SPECC1L|SLC10A3|LSS|TACC3|DDT|CAD|RALBP1|CPNE1|H3C2|RETREG2|SLC37A4|SNRPD2|PINLYP|AAMDC|INPP5D|NDUFC2|EXTL3|PTCD1|HIRIP3|HOXC6|MDK|LRFN4|LMNB2|EHMT2|CCNF|NMU|PSMC3|ARHGEF3|TCTA|ZNF646|AP4M1|RNFT2|PACSIN2|STEAP3|TKFC|PRAME|ELMO2|HOXB9|EML3|PPFIA3|TINF2|SLC2A4RG|ZDHHC18|METTL3|TCOF1|SETD2|DOK1|GRB2|YY1AP1|USP21|LGALS9|FAM117A|CBX5|AGFG2|RPRD2|TMED3|KRT18|PPP6R3|PIK3CD|PAXIP1
GSE16450_CTRL_VS_IFNA_6H_STIM_MATURE_NEURON_CELL_LINE_DN	0.256086564472498	0.731822424591475	-0.305503511833325	-1.08603757006462	1703	192	IL21R|DND1|TSC22D3|AKAP13|DGAT2|TMEM81|COX8A|MT2A|TSPYL2|GIGYF1|ABCB8|HYLS1|QRICH1|PPIE|DCAF15|MICOS13|OS9|KSR1|ADAP1|VPS18|PCNX3|CALR|TBC1D10A|STK11|SLC2A3|CNPY3|ITGB1|PFDN2|NEDD8|LMBR1L|RTL8C|RNF220|CMTR1|LSM6|BOK|ENTR1|CD81|ATP5MG|ERCC2|S100A6|CENPB|MR1|SAFB|C15orf39|EFTUD2|SLC22A5|NARF|PRAF2|LARP1|EIF4A1|CARS1|BRD3OS|TSHZ1|CCDC125|CASP9|IRAK2|TCF25
GSE360_CTRL_VS_M_TUBERCULOSIS_DC_DN	0.25611597704621	0.731822424591475	-0.308936782273918	-1.08644589428524	1695	173	CCR7|STX11|HSF4|TYMP|LYPD3|MT2A|FICD|WSCD2|IFITM2|H2AC16|SERPINH1|IFIT2|LBP|IER3|ICAM1|RASGRP1|AURKB|TOM1|IL2RG|PTK2B|KEL|SEC61B|ATN1|GBP2|AMHR2|TSFM|AGRN|PPARD|IQSEC2|TAPBP|G0S2|SYMPK|TNIP1|SMURF2|IRF9|TUBB3|DUSP5|EPOR|SKI|ACP2|SIK3|VEGFA|TNFAIP2|RELB|GNA12|AK4|OBSL1
REACTOME_MAP2K_AND_MAPK_ACTIVATION	0.25608890990778	0.731822424591475	0.377445377617219	1.1211560230323	1082	39	SRC|MAPK1|VWF|RAP1B|RAP1A|LAMTOR3|ITGA2B|NRAS|BRAF|CNKSR1|MAP2K1|YWHAB|ACTB
REACTOME_SIGNALING_BY_CTNNB1_PHOSPHO_SITE_MUTANTS	0.256280299691494	0.731875291124671	0.48999749021142	1.15676199626665	1162	15	PPP2R5E|APC|CTNNB1|PPP2CA|PPP2R5C|PPP2R1B|AMER1|PPP2R5A
REACTOME_SIGNALING_BY_WNT_IN_CANCER	0.25626159554731	0.731875291124671	0.407692535060996	1.13409129228801	1104	29	FZD8|RNF43|LRP6|PPP2R5E|TNKS2|FZD4|APC|CTNNB1|PPP2CA|TNKS|PPP2R5C|PPP2R1B|AMER1|FZD5|PORCN|PPP2R5A|CTBP1
GSE43955_TH0_VS_TGFB_IL6_TH17_ACT_CD4_TCELL_30H_UP	0.256365232660228	0.731909614744986	0.286018046403655	1.0682584061044	875	167	BATF|FCGR2B|CFL2|CCL2|NXN|CCL4|DCLRE1A|SCG2|FOXN3|RNF138|ABCD3|PROCR|NAB1|SORBS1|RMND5A|RAB6A|RBL2|SEMA6B|PCNP|POU3F1|HTR2C|HNF4A|PTX3|FGFR1|PAX5|SERPINE2|EPB41L4B|NOP58|LITAF|DYRK1A|JAK2|KLHDC2|CNOT2|UBE2W|CPNE3|CACUL1|BACH1|DTD2|RO60|PEX5|STX7|CD93|IL13RA1|BMP2K|PLSCR1
GSE6259_FLT3L_INDUCED_33D1_POS_DC_VS_CD4_TCELL_DN	0.256591048436542	0.732346017687236	-0.312832997514401	-1.0883456467158	1673	158	H4C4|SRGAP3|RAB4B|H2AC15|SYCE2|RPS20|ZBTB46|EVI5L|CLDN6|SERF2|TULP3|ITGAX|H4C14|PUS1|FYN|AURKAIP1|OFCC1|LIG1|MAP4K1|TBC1D8|POLE|TXNDC15|RPS15|NOP16|DNTTIP1|PRKAB2|GTSE1|CACNB3|HIRIP3|MREG|RPSA|POMP|RPS11|NOP53|CKB|MICAL1|ITGAE|CDV3|ASL
FURUKAWA_DUSP6_TARGETS_PCI35_DN	0.256672486904465	0.732370217040085	0.334151894649838	1.09795447672367	1028	68	CCNE2|DTL|PBK|RFC4|KIF11|PRIM1|KIF20B|CCNA2|CCNB1|ARHGAP11A|CKAP2|NCAPG|NUSAP1|LAT2|RRM1|RACGAP1|STIL|ADORA2B|SHCBP1|BLM|HJURP|KNSTRN|CCNB2|MAFF|WDR3|PRMT5|DLGAP5|PDSS1|NCAPD2|POLQ
CHARAFE_BREAST_CANCER_BASAL_VS_MESENCHYMAL_DN	0.257149723624129	0.733332084519706	0.371170923054797	1.11535873800458	1069	42	SEMA3A|STRADB|SCG2|GULP1|KIF3C|CIBAR1|UTRN|RNF182|FZD2|GRK5|CNKSR3
GSE360_CTRL_VS_T_GONDII_MAC_UP	0.257155702083021	0.733332084519706	-0.306983548291787	-1.08565994895391	1715	180	TSC22D3|ATP9B|ACADS|P2RX4|DNPH1|COX6B1|SRRM2|ATG9A|VSIG4|PDCD11|CYBA|PTGIR|MPG|DGCR2|NDUFS8|PTK2B|PLOD3|MED22|KCNAB2|CCDC57|CAMK1|ATOX1|POU6F2|POLR2E|MYO9B|MAP4K2|ENTPD6|LRRC37A2|GPAA1|SLC37A4|SNRPD2|HDAC5|ACADVL|GSK3B|POLR2J|ATP5F1D|TMEM184B|SREBF2|TSPAN31|GAS6|LY6E|PDXK|BBC3|VAMP2|PSMD9|CDKN1A|RNF113A|PDIA4|PTPA|DHCR24|MPHOSPH8|ARB2A|NAP1L4|AP2S1|PATZ1|TRIM14|RXRA|SIPA1|GBF1|SDHB|RPS13|POM121|FBXO7|RABGGTA|ADA|NDUFS2
GSE19888_ADENOSINE_A3R_INH_VS_TCELL_MEMBRANES_ACT_MAST_CELL_UP	0.258007117437722	0.734685324018346	0.284037718362393	1.06685284571032	869	174	SETDB2|PRNP|DCK|RPGRIP1|PLEKHM3|ZFP69|CD40|IFIH1|MX2|DHX58|STEAP1|DTX3L|MARCHF5|B3GNT5|MTHFD2|PARP11|ETNK1|BBS1|CMPK2|IFIT3|SYTL3|C2|SLC22A15|RSAD2|IFIT1|CD274|RBM43|CXCL11|JAK2|DUSP18|CLIC4|PCGF5|METTL4|PPM1K|DCP2|TMEM243
GSE34156_TLR1_TLR2_LIGAND_VS_NOD2_AND_TLR1_TLR2_LIGAND_24H_TREATED_MONOCYTE_DN	0.25778038755138	0.734685324018346	0.285456546150614	1.06786165316338	877	169	CD44|ZNF708|CAMKMT|RGS2|ARHGEF16|RTL8B|LRATD1|SMARCA1|KCNG1|UBLCP1|C5orf63|BPNT2|PAQR3|C3orf62|RAB22A|WDR44|RIC1|PXYLP1|MRLN|CNBP|SOS2|TMED7|YWHAZ|SQOR|IFT74|SSB|TAF1A|TRAPPC2|PCGF5|TSG101|FAM3C|SUGT1|CLNS1A|API5|CNN1|ANAPC10|BRIP1|ZNF124|B3GALNT1|ATXN7L1|TRMO|DCAF12|DNAJB6|ARID1B|GFM1|MBD2|DEPDC1|PIP4K2A|ANAPC4
GSE34205_HEALTHY_VS_RSV_INF_INFANT_PBMC_UP	0.258069381598793	0.734685324018346	-0.30825230989902	-1.0848093949984	1710	174	SPON2|S1PR5|CIITA|SFN|ZNF169|SELENOM|RPS28|TMEM134|UVSSA|ANKH|DBP|SUN2|SFI1|ABHD17A|DENND11|UBA52|POTEKP|ALDH16A1|RPL18|GLG1|AKT3|FZD3|AKR1B1|LTBP3|IL18BP|YPEL1|MXD4|PRF1|IL16|RPS18|RPS10|SPN|CLSTN1|RPL27|PLEKHF1|RGS19|RPS23|RPL10|TMED4|ZMYND11|RPL3|COMMD6|SRGAP2|NOP53|NUMA1|SNRNP70|STMN3|RPL35|CTSZ|RPL8|TUFM|TRIM27|TGS1|TSEN54|HIPK2|ARAP1|MAST3|UBE2Z
GSE35685_CD34POS_CD38NEG_VS_CD34POS_CD10POS_BONE_MARROW_DN	0.257899488414084	0.734685324018346	0.281035168124766	1.06309883108453	856	184	CD83|DCK|FCGR2B|IFIH1|CCL2|CCL4|CLDND1|RARS1|DNTTIP2|MARCHF5|RBMXL1|GCNT2|MACIR|PNPT1|ETNK1|CAPN2|DCAF13|GCLM|YWHAG|HK2|UGCG|TGFBI|PLA2G4A|SGCB|NOP58|LITAF|KCNK1|JAK2|SERTAD1|SOCS2|PELI1|NAMPT|CUL2|PCGF5|FH|BACH1|TRAFD1|CYRIB|VMP1|RPL7|TPST1|PAK1IP1|INPP5B|IL13RA1|BMP2K|PLSCR1|ZFAND5|BZW2|LTV1|NUP54|TIPARP|HERC4|VTA1|PMS2|ZNF281|RIOK3|PNP|TNFSF9|B4GALT3|ZFP36|ANKRD17|DAB2|GAB1|NR3C1
GSE43955_10H_VS_30H_ACT_CD4_TCELL_UP	0.257988165680473	0.734685324018346	0.284345589653426	1.06717220414703	871	173	AIF1|NKIRAS1|CCNG2|MX2|KRT27|TSKS|ENOPH1|USP25|ST3GAL5|CORO1A|AMZ2|CPD|ABCD3|RNF103|ZNF274|RPL39|YWHAG|DYM|PLPP3|RSAD2|S1PR3|CPXM1|SPP1|ALPL|SERPINE2|HSPB8|MYO6|PPA1|IL10RA|PELI1|LCP1|RFK|PCGF5|CS|RPRD1A|DHX15|ANXA5|HAPSTR1|IPO5|MAPK14|SCN1B|CKAP5|STAU1|ITCH|NUMB|EIF2D|CAT|INPP4A|LYSMD2
ONO_FOXP3_TARGETS_UP	0.257772957339118	0.734685324018346	-0.490916456887299	-1.15777001608465	1425	17	PAK1|CCR7|ADGRE5|FOS|DLK1
REACTOME_DETOXIFICATION_OF_REACTIVE_OXYGEN_SPECIES	0.258442694663167	0.73553948654065	-0.419109717418183	-1.13659575238274	1476	32	CCS|SOD3|GPX8|CYBA|TXNRD2|ATOX1|GSTP1|NUDT2|TXN2|P4HB
GSE3039_NKT_CELL_VS_ALPHAALPHA_CD8_TCELL_UP	0.258667470605969	0.735970541366984	0.282072114573156	1.0636874980803	857	181	RHOV|ZFP69|PELI2|CCNG2|FCGR2B|ZNF43|CPNE8|UBR3|TMEM53|BLTP3B|ZBTB41|FAM107B|ZNF608|CPEB2|KDM7A|USP2|PPP1R3B|CLK4|RSRC2|MARCHF7|NDFIP2|DMXL2|YTHDF3|SVIP|RAP2A|EMILIN2|TIGAR|GNG10|MICALL1|CARD10|CERT1|HBEGF|CAP1|ZNF292|FRG1|SCAMP1|ACBD4|EIF4G3|PTPN12|RLF|SMIM3|PRPF39|TTC33|ARRDC4|RICTOR|SFMBT2|CPED1|KLHL12|CTNNB1|ZMYM2|UPF2|IL13RA1|RABGAP1
CHEMELLO_SOLEUS_VS_EDL_MYOFIBERS_UP	0.258967789165447	0.736407554573018	-0.509960116278087	-1.16458693024143	1414	15	TPM2|ATP2A1|CASQ2|HSPB1|FHL1
GSE24634_TREG_VS_TCONV_POST_DAY3_IL4_CONVERSION_DN	0.258925892589259	0.736407554573018	0.283158562759932	1.06501193047671	862	177	TCEAL1|GPR137B|SERINC5|TM6SF1|CD36|KCTD12|CREBL2|CCL2|LGALS3|IL10RB|ABCC3|DNASE1L1|TMCC1|ST3GAL5|NPL|PPT1|CRYBG3|RHOBTB1|ADIPOR1|PLXND1|SNX4|HSD17B11|PLPP3|KCNS3|CARD9|PMFBP1|SLAMF7|TMEM176A|TMEM176B|RIT1|ATP6V1D|SKAP2|TENT5A|C1orf54|CREG1|SEMA4A|DNAJB9|BACH1|MOB1A|MEGF9|COX7B
KEGG_MEDICUS_REFERENCE_DNA_END_RESECTION_AND_RPA_LOADING	0.259084791386272	0.736531615954516	0.463957229208869	1.14912742974827	1154	18	NBN|DNA2|RBBP8|RPA2|ABRAXAS1|WRN|BLM|RPA3|BRCA1|BRCC3
IKEDA_MIR30_TARGETS_DN	0.259175351155415	0.736580457219154	0.444357239766293	1.14210299950547	1143	21	DNAAF9|RNF139|SATB2|PANK1|ZDHHC17|RABGAP1L|CHD9|HSPD1|ATP2A2
GSE37532_VISCERAL_ADIPOSE_TISSUE_VS_LN_DERIVED_PPARG_KO_TCONV_CD4_TCELL_DN	0.259302519606207	0.73673328384011	-0.357269534494314	-1.10955073539361	1553	68	S1PR5|SNHG11|DENND1C|CABIN1|TSHZ2|SLC43A1|DGAT1|SZT2|TBC1D17|SLC9A8|ENTPD4|SLC25A42|GNB1L|UPP1|GCN1|AMBRA1|RHBDD2|RXRA|TMEM150A|SLC44A4|PLEKHM1
SAKAI_CHRONIC_HEPATITIS_VS_LIVER_CANCER_DN	0.25938864628821	0.736769448625084	-0.421861493042592	-1.13833759424898	1484	31	EFNB1|IGF1R|ARID5A|MEF2B|APLNR
REACTOME_LDL_CLEARANCE	0.259761388286334	0.737619466935848	-0.489976455268969	-1.15555313035286	1436	17	NCEH1|LSR|CLTA|PCSK9|AP2M1|AP2A1|AP2S1|LDLRAP1|NPC1
PID_MAPK_TRK_PATHWAY	0.259855376720317	0.737677678596873	0.395995894958113	1.12309516044414	1113	32	EGR1|MEF2C|MAPK1|RIT1|RAP1B|RAP1A|NRAS|ELK1|BRAF|CREB1|MAPK14|MAP2K1|PRKCD|MAP2K5|RPS6KA5|CDK5R1
GSE21033_CTRL_VS_POLYIC_STIM_DC_6H_DN	0.260212646894236	0.738052131484335	0.29375751189528	1.07416682652037	929	139	ZC2HC1A|VAV2|MYLK3|S100A14|TBC1D10C|ARID2|DNAJC6|MBNL2|USP25|TTPAL|CD164|TBC1D2B|ZFYVE26|PIAS2|SKIL|TAPBPL|SYNE1|FUT8|KLHL8|RAB5A|SNX19|AFTPH|AZI2|BRAF|SEMA7A|SPG11|ASXL2|KLHL7|ATXN7L1|SYNJ1|BTBD7|DENND1B|DOCK2|VAMP1|PARVB|FBXL17
ONGUSAHA_TP53_TARGETS	0.260262008733624	0.738052131484335	-0.421702782433382	-1.13790933460441	1489	31	PTPRVP|COX6B2|COL18A1|TAP1|MATN4|FAS|CSRP2|DGKA|EPHX1
PID_FCER1_PATHWAY	0.260192735359526	0.738052131484335	0.344606604481848	1.10250799751145	1052	59	FCGR2B|IGHE|MAP3K1|FER|PIK3CA|MAPK8|VAV1|MAPK1|MS4A2|FCER1G|S1PR1|PLA2G4A|LAT2|NFATC2|WIPF1|PTK2|CHUK
REACTOME_SYNAPTIC_ADHESION_LIKE_MOLECULES	0.260281385281385	0.738052131484335	-0.483692844953829	-1.15622592766003	1442	18	LRFN1|GRIA3|FLOT1|GRIN2D|LRFN4
GSE11864_CSF1_VS_CSF1_IFNG_IN_MAC_UP	0.26071964017991	0.738540472128414	-0.306872930155546	-1.0841656275629	1738	179	ATP2B1-AS1|UBL3|IGF1R|FARP1|MARCKS|IFT122|FAM234A|SPEN-AS1|TNFRSF8|POR|SRRM2|VMO1|TMCC3|HFE|CHD4|IER5L|STAB1|NME3|ENSG00000272447|MIR663AHG|COBLL1|SLC12A6|TBC1D8|SLC43A1|POMT1|ID3|C2orf76|MERTK|SPATA7|SDF2|NISCH|MED12|ID1|VPS8|MCOLN1|HDAC5|SFR1|RNF145|AP1B1|IFNGR1|ITGAE|SPTBN1|SMARCE1|PARL|ERGIC3|CPNE2|TSHZ1|CLEC11A|PTGFRN|ANKZF1|FIG4|TMEM50B|TMEM218|APMAP|RHBDD2
GSE36392_TYPE_2_MYELOID_VS_MAC_IL25_TREATED_LUNG_UP	0.260559360730594	0.738540472128414	0.289092329811177	1.06978245300387	912	154	DNAJB2|TTK|MORC1|ITGB1BP2|SLC29A4|GNA13|CD70|FGD4|CSTA|CKMT1B|RND2|DLC1|PTGS1|ADPRHL1|PPP1R3B|EDARADD|MXI1|SNAI3|KATNAL2|CD164L2|MGMT|RASL10B|HNF4A|SPP1|GRIA2|FGFR1|CREB3L3|FBLN1|LHX5|HSPB8|EGR2|NRXN1
HINATA_NFKB_TARGETS_FIBROBLAST_UP	0.26074790129738	0.738540472128414	0.329337158038472	1.09503864688922	1024	74	CXCL8|CD83|FGF5|MMP14|ADAMTS3|CCNB1|TNFAIP8|MTSS1|PTX3|LITAF|EXOSC9|CCNH|SEC24A|KDM6A|BIRC2|RPA2|MAPK9
WP_HIPPOCAMPAL_SYNAPTOGENESIS_AND_NEUROGENESIS	0.260633484162896	0.738540472128414	0.449124579803441	1.13891955326273	1151	20	CAMK2B|MAPK1|NRXN1|BCL2|CREB1|MAPK14
GSE17721_LPS_VS_PAM3CSK4_16H_BMDC_UP	0.260843373493976	0.738602477611433	0.280244039673038	1.06175062369031	865	186	ELK3|ITGB7|AIF1|LPXN|GPR137B|FCGR2B|CD70|TNFSF4|LGALS3|ZNF227|LAMP2|KPNA3|RSL24D1|PFKFB3|CD80|BMI1|ARF4|MRPS6|RBM7|IFFO2|C2|ADRA2C|TGFBI|SGCB|CD274|KCTD14|ATP6V1D|HLA-C|TPRKB|RBM43|SERTAD1|CSRP1|ACSL1|WIPF1|WAC|PIGH|RFC5|CASP3|CLIC4|SMIM3|CFAP20|PSME4|MTMR2|PIAS1|SPRED1|CFAP298|ADORA2B|RIPK2|ATXN7L1|TMA16|BHLHE40|TMCO3|ETV6|GHITM|NUP50|SCNM1
BIOCARTA_CREB_PATHWAY	0.260987766198459	0.738802932064336	0.443399846025411	1.13964227159262	1151	21	PIK3CA|PRKAR1A|MAPK1|CREB1|MAPK14|SOS1|PRKAR1B|PRKCB|RPS6KA5|RAC1
GSE34156_NOD2_LIGAND_VS_NOD2_AND_TLR1_TLR2_LIGAND_6H_TREATED_MONOCYTE_UP	0.2612097502257	0.739222856714286	0.28077774137791	1.06212503810517	867	184	FOXO1|CFAP44|TTPAL|ETFRF1|MTREX|PSMD5|ALG6|PUS3|ZNF770|ZRANB3|SP3|ZNRD2-DT|RPL39|TAPT1|WDR44|COIL|PSMD6|FGFR1OP2|SYCE1L|TRABD2A|CTBP1-AS|DKK3|RIOK2|TRIAP1|KLHDC2|TRIM52|TUBE1|ZNF451|NSA2|CASD1|NDUFAF6|EIF2S1|PEX13|ARMC1|C17orf75|RPUSD4|PGBD4|KBTBD6|RPL7|UTP15|MTRF1|TMEM243|TTC3|PPWD1|MAK16|PMPCB|NUP88|LINS1|CEP85L|RPF1|MPHOSPH10|SRSF1|ZNF805|CEP76|PARP16|POLR3G|USP16|TRMT10C|NDFIP1|CDS2|SARNP|SNRNP40|PRMT5|CDIN1|ANAPC4|CCNB1IP1|RASA2|UBP1|EEF1B2|USP37|NAA16|POLR2C|SETD6|CCDC18-AS1|CFAP68|ZNF655|SNHG29|C8orf33
GSE13485_DAY3_VS_DAY21_YF17D_VACCINE_PBMC_DN	0.261659436008677	0.739811443947608	0.306840699074966	1.07703208816814	964	105	LUZP4|PPP2R3A|ALDH1L1|GABRR2|CCN1|SCN2A|EVC|MME|SLC5A5|LRRTM1|KCNK15|EFCAB5|TPRXL|CHRNA3|WDR87|FBLN1
GSE36476_YOUNG_VS_OLD_DONOR_MEMORY_CD4_TCELL_16H_TSST_ACT_DN	0.261786237188873	0.739811443947608	0.286654035225868	1.06615128619352	893	162	GPD1|ADTRP|STAP1|CCNG2|MED18|ZKSCAN8|CCNG1|IMPACT|BNIP3L|PPP1CB|NHLRC2|TMEM168|FAM13A|LIPT1|SH3BGRL|BLTP1|ZFYVE16|CBX7|ADD3|CEP295|NDC80|DMTF1|NXPH4|MMP11|TOX|RAD23B|SRP9|MBNL1|ZNF654|BAZ1A|RLF|C1D|PGAP3|ZNF254|FRYL|HMGB1|RAD21|PSIP1|NFU1|NEMP1|HLA-F-AS1|FUCA1|FCHSD2|LYRM2|CAST|AKAP10
GSE42088_UNINF_VS_LEISHMANIA_INF_DC_4H_DN	0.261630516080778	0.739811443947608	-0.306365841133552	-1.08450045153439	1748	181	MXD3|STX11|TSC22D3|S100P|CD37|RPL28|RPLP2|RPS29|SNHG32|PPCDC|MYO1A|UBA52|CFD|RPS9|RPL18|TMEM8B|ROBO3|RPL13A|FAU|PTK2B|RBM38|PRDM16|IFITM3|GBP2|NLRP1|RPL38|SP100|KHDC1L|ICAM2|USP19|RPS18|RPS16|NOS3|RPLP1|SAP30BP|NR4A1|BAP1|RPL27|KLHDC4|RPL10|ARHGEF1|SIGIRR|ICAM3|ERP29|MTCH1|RPS11|EEF1D|NOP53|OXA1L|PXN|RPL8|CLK3|SCPEP1|PRKRIP1
LE_NEURONAL_DIFFERENTIATION_UP	0.261744966442953	0.739811443947608	0.470781393735344	1.14671211414934	1169	17	CNR1|SCN2A|SYT11
VALK_AML_WITH_EVI1	0.26174981923355	0.739811443947608	-0.48943992509194	-1.15428778562266	1447	17	PIK3C2B|CFD|SORBS3|NPDC1|ADGRL1|SPTBN1|MSRB1|SMAGP
GSE32164_ALTERNATIVELY_ACT_M2_VS_CMYC_INHIBITED_MACROPHAGE_DN	0.262048192771084	0.739840450483423	0.280126474966608	1.06130521046931	869	186	KIN|MEMO1|TCF7|SERPINI1|FXYD7|MEIG1|DTL|CLDND1|CKS2|TOP2A|ANLN|AMZ2|CPD|SUV39H2|KIF11|PRIM1|NDFIP2|CKAP2|POLA1|NUSAP1|OSTF1|BRIX1|S1PR1|KIT|ACSL4|DLAT|ABHD14A|PELI1|CDK1|RFC5|BUB1|EIF4G3|MLLT11|BAG2|APEX1|ELOVL6|PFN1|CA2|RACGAP1|GART|CLCN3|NEK2|DAD1|METTL5|PLSCR1|YIPF4|ASAH1|SMC4|TRIM59|DDX21|GABARAPL1|LMNB1|PCLAF|RFC3|MBTD1|IDI1|ALYREF|KYAT3|SSX2IP|SLC25A4|PSAT1|KIF23|NCAPH|KDELR2|ASPM|SNAP23|S100A1|SLC31A1|IMPA2|RBM3|CDC6|USP3|CYP51A1|PDLIM1|DBI|RGS10|CHEK1|ERH|TKT
PID_ATR_PATHWAY	0.262000472925041	0.739840450483423	0.376107707570239	1.11718263530805	1107	39	NBN|RFC4|CCNA2|YWHAZ|TIPIN|HUS1|RFC5|CDK2|RPA2|PPP2CA|ATR|FBXW11|RFC3|CDC25C|RAD17|YWHAB|SMARCAL1|CDC6|CHEK1|BRCA2
SA_CASPASE_CASCADE	0.262153402952827	0.739840450483423	-0.475086010813321	-1.15052407791741	1455	19	SREBF1|FAS|SCAP|PRF1|SREBF2|PARP1|CASP9|CASP10
WP_ENDOTHELIN_PATHWAYS	0.262165021156559	0.739840450483423	-0.443869024400013	-1.14328811091562	1486	25	PTGIR|ECE1|RAMP1|CAD|NOS3|GNB5
WP_INTRAFLAGELLAR_TRANSPORT_PROTEINS_BINDING_TO_DYNEIN	0.262089657606777	0.739840450483423	-0.434530905053201	-1.13801415089066	1484	27	DYNC2H1|IFT122|DYNLRB1|IFT140|IFT27|DYNC1H1|DYNC2I1|DYNC2I2|IFT46|DYNLT1|IFT25|DYNLT3|DYNLT2B|DYNLL2
GARCIA_PINERES_PBMC_HPV_16_L1_VLP_AGE_18_25YO_12MO_CORRELATED_WITH_ANTIBODY_RESPONSE_NEGATIVE	0.262834417932032	0.740460517780621	-0.488938357941641	-1.15310489717082	1453	17	SRRM2|CFD|MZF1|SLC43A1|HPCAL1
GSE21063_CTRL_VS_ANTI_IGM_STIM_BCELL_NFATC1_KO_3H_DN	0.263048635824437	0.740460517780621	0.283044412213066	1.06447313638775	886	175	C14orf28|BICDL1|ZNF284|ZNF235|CATSPERB|BMPR2|CCL4|GPRASP2|POU6F1|TMCC1|ZNF283|ARID5B|KDM7A|PIK3CA|ZNF33A|WDR35|LIPT1|TSC22D2|ZFYVE16|NFAT5|INTS6L|MED13|SNRPN|HOMER1|LINC01138|CHIC1|DKK3|SYTL2|XCL1|ATP8A1|EGR2|EHD3|USP33|FOXP1|SERTAD1|KCTD21|TRIM52|SLC30A7|WIPF1|SOAT1|RAPH1|CCSER2|ZNF91|AKIRIN1|GCNA|PPP2R5C|PSME4|VAMP3|PRDM2|FYCO1|ZNF805
GSE24634_IL4_VS_CTRL_TREATED_NAIVE_CD4_TCELL_DAY3_DN	0.263046757164404	0.740460517780621	-0.307347902897611	-1.08162658280032	1743	174	C3|IL11RA|IL15|TYMP|IRF7|TEX14|NUP210|APOL1|PSMB9|CXCL1|PRKCZ|TAP1|IFITM1|UBA7|RGS3|SUN2|IFITM2|VSIG4|LGALS3BP|APOL6|TXNL4B|TMCO6|TKTL1|TMEM109|IFITM3|GBP2|SP100|ISG15|IL16|ASNS|SP110|KANK1|PSMB10|UXT|SMCO4|RPL36|TSC22D1|IL15RA|PGGHG|NOSIP|ICAM3|SMARCA4|CARS2|PARP12|LPAR2|APBA2|SRRT|DCPS|PMP22
GSE36476_CTRL_VS_TSST_ACT_72H_MEMORY_CD4_TCELL_OLD_DN	0.262729737872853	0.740460517780621	0.27736226893387	1.06000309499219	871	196	MLYCD|EGR3|EMC9|PLK4|DTL|NEDD4|TOP2A|RFC4|KIF11|CCNA2|CCNB1|ZWILCH|SMC2|NCAPG|MTCH2|TMEM106C|RBM4B|NUSAP1|MRPL15|PSMG1|CENPU|TYMS|RRM2|CDK2AP1|TARS1|MYB|CCT4|FH|CLTC|TRIM32|RIDA|STMN1|VDR|RACGAP1|RBBP8|GART|SUCLG1|NCBP1|METTL5|ZWINT|SRSF1|CEP76|GTDC1|CKAP5|CORO1C|BLM|NCAPG2|PCLAF|FUCA1|MED8|IL1R1|PAICS|HJURP|ACOT13|CCNB2|BUB1B|ACOT7|GOT1|POLD3|DLGAP5|KIF23|MELK|FEN1|NCAPH|MACROH2A1|ASPM|SMARCAL1|WARS1|GOT2|GSTO1
GSE41176_WT_VS_TAK1_KO_ANTI_IGM_STIM_BCELL_6H_UP	0.263048635824437	0.740460517780621	0.28305898938954	1.06452795821814	886	175	AIM2|EFCAB7|CD69|ABTB1|MYOM1|KIN|ZNF410|CCL4|MEIG1|SCOC|AFF4|PEX3|MOB4|MARCHF7|NSUN3|ETV3|STARD3NL|BCAS2|RBM7|CCNC|SEC22A|HNRNPH2|AKAP4|POF1B|USP33|INTS12|KLHDC2|MEAF6|MOSMO|ZNF800|BECN1|ZBTB37|SEC24A|ACBD5|UBE2D1|PLSCR1|BTF3L4|LCORL|AVL9|ALDH1B1|ESCO1|DNAJB6|CHM|PNRC1|CCDC150|TNFSF9|KBTBD3|HIF1AN|ZNF347|ZFP36|ATG3
REACTOME_NEUROTRANSMITTER_RECEPTORS_AND_POSTSYNAPTIC_SIGNAL_TRANSMISSION	0.262803628914252	0.740460517780621	0.285041037618919	1.06460934318598	897	167	DLG2|AKAP5|CAMK2B|GABRR2|SRC|GNG12|PICK1|GNAI3|GNB4|KCNJ6|PRKAR1A|GRIK1|GABBR2|KPNA2|MAPK1|NCALD|GRIA2|CHRNA3|GNAL|RPS6KA2|GRIP1|GNG10|MYO6|NRAS|DLG1|TUBB1|PRKAA1|CREB1|LRRC7
WP_ESTROGEN_SIGNALING	0.262881896944824	0.740460517780621	0.431387982573177	1.13215373189868	1152	23	PIK3CA|MAPK1|BCL2|SP1|ELK1|CHUK|BRAF|CREB1|MAPK9|MAPK14
XIE_ST_HSC_S1PR3_OE_UP	0.262620367668515	0.740460517780621	0.286019663269659	1.06591523135149	899	164	SAMD9|PITPNC1|MYL9|EGR3|CD69|LINC02454|IFIH1|MX2|CCL5|DHX58|ABCC3|CCL4|SERPINI1|KALRN|DTX3L|ALOX12|PROS1|IFIT3|SPINK4|RSAD2|FRZB|IFIT1|SPP1|IL24|IFIT5|FOXC2|BMF|CXCL11|VWA5A|HBEGF|DDX60L|IFI6
ZHU_SKIL_TARGETS_UP	0.262628111273792	0.740460517780621	-0.508840745540115	-1.1620306430144	1434	15	SEL1L|HYOU1|ECM2|SERPINE1|DCN|JUNB|VEGFA|CDKN1A
GSE17721_CTRL_VS_PAM3CSK4_1H_BMDC_DN	0.263165882531492	0.740582878848084	-0.309679080070768	-1.0834605429501	1733	165	REM2|KLC3|LYPD3|ANGPTL6|SLC39A3|TMEM175|ARID5A|TWIST1|PPP2R2B|SRMS|ICAM1|HS6ST1|MED15|RBM38|SV2A|FRMD6|SUCO|CHCHD6|TBC1D8|IGF2R|ZC3H3|GRHPR|NDEL1|IL23A|MYBBP1A|GRIPAP1|LBX2|FANCG|ICAM4|LPAR2|IQSEC1|GATA2|C11orf71|CDKN1A|GPN2|BRD2|GADD45GIP1|RNF19A|RILPL1|INTS1|ALKBH3|CLASRP
VERHAAK_GLIOBLASTOMA_CLASSICAL	0.26348323288518	0.741268131082241	-0.316068842202863	-1.08697760821985	1704	142	ADAM19|FZD7|APBA3|ADGRE5|SLC12A4|PRPF31|ITGA7|TGFB3|ZNF671|RASGRP1|IRF3|GLG1|ZNF446|SHFL|DOCK6|GRIK5|SEMA6A|KLHL4|FZD3|IRS2|TMEM161A|TMED1|TRIP6|ACSBG1|QTRT1|FGFR3|RIN1|CD151|PDGFA|SLC6A9|EXTL3|HSPBP1|TGIF2|HMG20B|AKT2|TMEM147|RGS12|POLR1G|NR2F6|ERCC2|PMP22|TEAD3|CC2D1A|RFXANK|RBCK1|GSTK1|CREB5|ARAP3
GSE36888_UNTREATED_VS_IL2_TREATED_TCELL_6H_UP	0.263756252842201	0.741412844029687	-0.308625895480575	-1.08321663961978	1739	171	NFKBIZ|CD14|ST20-AS1|IL6-AS1|ASPHD2|TMEM115|TECPR2|FCRLB|ATP13A3-DT|TNFRSF8|SLC41A2|HAS1|SLC7A7|IER3|LINC00877|LINC01465|APH1B|ENSG00000274253|TOM1|CDKN2D|KSR1|CA12|C5AR1|MYO1G|IRS2|USF3|EHBP1L1|DUSP4|ZC3H12A|EMP2|H2BC5|FANCA|SEMA4C|STXBP2|ANKRD13D|RILPL2
LAMB_CCND1_TARGETS	0.263708513708514	0.741412844029687	-0.48226485741529	-1.15281244690741	1461	18	HSD17B10|LGALS3BP|HSPG2|EFNA1|ASNS|HEXA|HSPA1A|HSPA1B|KIF22|SMAD3|LTBR
SCHERER_PBMC_YF_VAX_AGE_18_40YO_4_TO_7DY_UP	0.263713080168776	0.741412844029687	-0.287357185105219	-1.06897529437885	1874	305	AQP1|TYROBP|CTBP2|IFI30|MARCKS|MT2A|PSMB9|TAP1|IFITM1|TNK2|SMAD6|IFITM2|IFIT2|A2ML1|HERC6|TAS2R5|SLC23A3|APOD|RIGI|CACNA2D2|H3C12|PCOLCE|LGALS3BP|IL2RG|HCFC1|LBX2-AS1|RGS14|KLF14|TSPAN9|NOTCH3|MX1|SEC61B|IFITM3|KRTCAP2|SMARCC2|ISG15|LARS2|TRMT112|TXNDC15|KMT5C|SP110|SHISA5|IGSF3|JUNB|ZBTB20|GNPTG|CEBPB|HMGN2|FERMT3|RAB11FIP4|ARHGAP1|SIDT2|RBX1|NISCH|PINLYP|RNF220|OAS3|LSM6|DDA1|SAMD9L|HCN3|H2AZ2|SASH1|APEX2|PARP12|IRF9|KCNH2|CDKN1C|MCM2|LY6E|TAF6|PHF2|TNFAIP2|SPRY4|MAN2B2|APOBEC3B|GSTK1|LARP1|SYNGR3|EIF4A1|ZCCHC2|LENG8|KPTN|GDA|DYNLT1|DRAP1|RABL2B|MBTPS1|H3-3B|SDC3|SLC25A22|NCBP3
REACTOME_FORMATION_OF_FIBRIN_CLOT_CLOTTING_CASCADE	0.263834672789897	0.741425656625135	0.42674776422331	1.13057433865997	1148	24	PROCR|PROS1|F5|VWF|SERPINE2
GSE5463_CTRL_VS_DEXAMETHASONE_TREATED_THYMOCYTE_DN	0.263918146253386	0.741452659415473	0.280352524484584	1.06051652915852	876	184	DCK|IL12RB2|KCTD12|NMD3|BMPR2|TMEM191C|VPS54|DHX40|YES1|MARCHF7|MYCBP|AKAP12|RPAP3|POLA1|CRNKL1|FNTA|ESD|RTRAF|COPZ2|EDA|ELL2|CNBP|SLC25A36|TRIAP1|FUT8|PPIG|COPS5|BCL2|EMC2|NSA2|EPCAM|BUB1|SMC3|DDX3X|GOLPH3L|SPTSSA|GABPA|WDR81|PSMA6|QKI|CTNNB1|BCLAF1|CCDC90B|RSL1D1|PSMD14|MIOS|NSMCE3|DLD|LMNB1|RFC3|MDM1|SCN9A|RBBP7|H2AC21|EIF2AK2|RAD51AP1|ERCC4
GSE36891_UNSTIM_VS_POLYIC_TLR3_STIM_PERITONEAL_MACROPHAGE_UP	0.264067903175102	0.741665811995433	-0.323841806893891	-1.09201313376282	1679	120	NFKBIZ|PBX4|TRIM45|WNT11|APOLD1|FOXD1|MAGIX|ENC1|CXCL1|TMCC3|IER3|TMEM8B|FOS|CHTF18|DUSP8|SERPINE1|NFIL3|SV2A|NRG1|IRS2|DUSP4|SEMA4C|PLK3|SDC4|CEBPB|NR4A1|HEPH
GSE14415_TCONV_VS_FOXP3_KO_INDUCED_TREG_DN	0.264555052790347	0.742747920421755	0.28237164010236	1.06216822699648	876	178	PTPN6|CDC7|PLK4|DTL|VPS26A|CORO1A|PSMC1|CAPZA2|PBK|KIF11|GEN1|MTHFD2|CCNA2|KNL1|ARHGAP11A|PALS2|SMC2|GINS1|NCAPG|RRAS2|KPNA2|ORC2|MAD2L1|ATP5F1B|PPA1|TIPIN|CDK1|RRM2|NAA50|BUB1|SSR1|PRDX3|KIF15|SELENOF|RRM1|CDK2|CYRIB|STMN1|STARD4|ANXA1|DSCC1|RACGAP1|KIF14|PDIA3|API5|TCERG1|SUCLA2|BRIP1|PSMD14|ATAD2|DDX21|ATAD5|SHCBP1|NCAPG2|CENPS|RFC3|BZW1|AHCY|CDC25C|CCNB2|BUB1B|ALDOA|LMAN1|SLC35A5|KNTC1|GTF2H5|DLGAP5|WDHD1|KIF23|SMN1|NCAPD2
GSE32901_TH17_EMRICHED_VS_TH17_NEG_CD4_TCELL_UP	0.264913406029506	0.742747920421755	-0.336119410580916	-1.09671481359331	1651	94	TSC22D3|LRRC56|ACE|CCS|HCST|PANX2|CBX8|OSBPL5|MYH8|GPR173|FGF17|DNAJC22|SH2B2|AXIN2|TMEM200B|BAHCC1|HSD17B7|NUDT8|NOM1|SLC5A3|SLC66A2|ARFRP1|LMLN|CNP|TSSC4|GSTP1|KLHL21
GSE43863_NAIVE_VS_MEMORY_LY6C_INT_CXCR5POS_CD4_TCELL_D150_LCMV_DN	0.264958553127355	0.742747920421755	-0.303226260260147	-1.0789258489212	1757	195	NFKBIZ|TSPAN5|PRPF31|DNPH1|ECI1|SLC23A3|TMTC2|TADA2A|LUC7L|ZNF771|TBRG4|NFIL3|MED22|KSR1|DPP3|WDR83|PYCR3|ALG9|YDJC|WDR4|TXNDC17|SRM|MTFMT|SLC7A1|ATP5PF|AGRN|CLCN6|INTS11|THOC6|SELENOS|SCYL3|ELOVL1|DDX31|NEDD8|SNX11|MAP1S|UBE2J2|PTGES2|GPAM|WRAP73|ISCA2|GIPC1|THOP1|POLR1G|C1orf122|CHERP|RABL6|ZNF213|SUPT6H|TMEM183A|PMP22|ELAC2|PDXK|FAAP24|UQCC6|NUDC|SMYD5|MTFP1|POC5|OPA3|NDUFAB1|ACIN1|ISYNA1|DDX24|BOLA3|USP54|MAGOH|SLC16A1|NOP9|SLC41A1|LAS1L|SPRYD7|MEA1|NAT10|KCTD13|TMEM150A|WDR73|TIMM13
HOWARD_NK_CELL_INACT_MONOV_INFLUENZA_A_INDONESIA_05_2005_H5N1_AGE_18_49YO_3DY_UP	0.264903966076328	0.742747920421755	0.332239454753745	1.09167059212208	1061	68	DTL|TOP2A|KIF18A|ANLN|CCNA2|KNL1|NCAPG|NUSAP1|CENPU|CKAP2L|TYMS|CDK1|RRM2|BUB1|KIF15|STMN1|KIF14|PRR11|ZWINT|ESCO2|CDCA2|CENPE|HJURP|BUB1B|DLGAP5|KIF23|NCAPH|POLQ|ASPM
LEIN_NEURON_MARKERS	0.264705882352941	0.742747920421755	0.341969388819316	1.09751228698924	1070	60	CAMK2B|PTPRN|CHN1|GPR162|EGR1|NORAD|CPLX1|RAB6A|YWHAG|GABBR2|BMERB1|SNRPN|ATP6V1G2|LHX9|GRIA2|CALM2|TCAF1|SYP|LRP11|MEG3
REACTOME_G2_M_CHECKPOINTS	0.264680607275852	0.742747920421755	0.287574990306536	1.06712730086657	923	157	H4C5|H2BC6|CDC7|H4C12|RMI1|PSMC6|PSMC1|NBN|PSMD5|RFC4|ORC4|H2BC21|H2BC26|CCNB1|PSMA1|PSMA4|UBE2N|DNA2|YWHAQ|YWHAG|ORC2|PSMD6|H2BC7|RAD9B|UBE2V2|YWHAZ|HUS1|CDK1|RFC5|DBF4|CDK2|PSMD10|PSMA2|PSMA6|RBBP8|PSMC2|RPA2|ORC3|ABRAXAS1|PSME4|ATR|H2BC8|WEE1|BRIP1|PSMD14|YWHAH|WRN|RNF168|PSMD11|H4C8|BLM|PSMC5|RFC3|ATM|CDC25C|RMI2|CCNB2
SEKI_INFLAMMATORY_RESPONSE_LPS_DN	0.26497113997114	0.742747920421755	-0.481849381371011	-1.151819287344	1468	18	PDLIM2|DBP|SELENBP1|PALM|G0S2|SLC16A9
DANG_MYC_TARGETS_UP	0.26540810660744	0.742831034728357	0.296690096225419	1.07285549808243	955	129	CKS2|PRPS2|NBN|LDHA|NPM1|CCNB1|MSH2|DDX10|CBX3|HSPA4|RPS6KA2|PSMG1|EIF4E|SLC25A3|EIF3C|TYMS|DDX18|DDX5|NRAS|EIF2S1|PRDX3|HSPD1|HSP90AA2P|RIOX2|APEX1|MGST1|HNRNPA1|PCNA|SRSF1|GNL3|NUP155|PPID|RPL5|EIF4B|TFRC|HSPA9|HNRNPA2B1|CDC25C|DKC1|PPAT|LTA4H|BCAT1|RPL22|TOP1|SMN1|EXOSC8|NAP1L1|HSPA8
GSE17721_POLYIC_VS_CPG_8H_BMDC_UP	0.265407107512371	0.742831034728357	-0.306572651880688	-1.08204712960496	1769	177	UBL3|ESPN|PLXNB2|CTRL|B3GNT8|DGLUCY|MYL11|LPIN3|DNAJC15|OTX2|LOXL3|FYN|CHD4|RIPOR1|BRD4|ENTPD1|C5AR1|SLC15A2|BATF2|SELENOH|DBR1|BCL6|MAP4K1|TJAP1|VPS72|RNH1|MXD4|EWSR1|RFC2|B9D2|NECAP2|DGKA|DIAPH1|RIN1|ENDOG|ATP13A2|PPARD|SGK1|BABAM1|PISD|EPHX1|ATP5IF1|TAPBP|INPP5D|UGDH|SMIM14|CRAT|MED11|TPRA1|PRR14|ABHD8|ADISSP|C19orf53|TOR3A|LTB4R|PGAP6|VGLL4|TOX4|ACRBP|CASP9|SLC25A28|UBAC1|EMC8|RAB13|ANXA11|MGST2
GSE21360_NAIVE_VS_TERTIARY_MEMORY_CD8_TCELL_UP	0.26551724137931	0.742831034728357	-0.306171777162232	-1.08168849158799	1770	179	MXD3|HSPA6|MAPK8IP2|TBC1D2|GDPD5|H4C11|CHRNA10|LDOC1|SERF2|EEIG1|ATP5ME|SUN2|CYP4F2|HAS1|DCHS1|POTEKP|OCEL1|SPINT2|RHOF|PKMYT1|CABIN1|RGS14|FHL1|GRIK5|P2RX6|AKR1B1|ACP6|RAMP1|PCIF1|DHRS3|RPL27|ARHGAP1|RPL10|RGL2|ARFRP1|GTSE1|GIPC1|REPIN1|TROAP|GRIN2D|DBN1|NRGN|OXA1L|ADD1|FLII|ATXN2L|TMA7|ESYT1|DNAJC4|TRAF5|AKR1A1|ATOSB|CNOT9
GSE26928_NAIVE_VS_CXCR5_POS_CD4_TCELL_DN	0.265158371040724	0.742831034728357	0.282328854647678	1.06200728537173	878	178	DPYSL2|SETD7|LIPG|KBTBD8|PRNP|GPR137B|TENM1|RTL6|CSPG5|PTH2R|NCOA2|PTHLH|MGAT2|ERBIN|LGALS8|CLK4|YIPF6|RTN4|GAS2L3|WSB2|RAB6A|RP2|MIAT|FRAS1|COPZ2|SYT11|ATP6V1D|AGL|VRK2|RBPJ|RFC5|STK24|TLCD4|RABGAP1L|ANKRD12|HEATR1|PWWP2A|CYRIB|CHMP2B|ARHGAP5|ECPAS|ZFAND5|XPNPEP1|STARD7|CORO1C|PCLAF|BTBD7|SETD3|GDAP2|MTMR9|FDXACB1|TAF3|ANO6|RAP1GDS1|FKBP11
VERNELL_RETINOBLASTOMA_PATHWAY_DN	0.265518803806072	0.742831034728357	0.442603074961536	1.13759438187567	1171	21	NMD3|ZNF614|H2BC21|DCTN4|EHD3|PPFIBP1|CITED2|PRAG1
WINTER_HYPOXIA_DN	0.26542912246866	0.742831034728357	0.36346496257878	1.107517200756	1100	45	ATP8B1-AS1|RGS5|CHPT1|SYNE1|FRZB|ITGB2-AS1|ATP8A1|BCL2|RESF1|CELF2|ITM2A|ABCB1
WP_OVERVIEW_OF_NANOPARTICLE_EFFECTS	0.265094755398854	0.742831034728357	0.486686352704336	1.14894522555022	1202	15	CXCL8|PTGS1|BCL2|PTK2
GSE19941_LPS_VS_LPS_AND_IL10_STIM_IL10_KO_NFKBP50_KO_MACROPHAGE_DN	0.265680473372781	0.742875350759079	0.283326173122066	1.06334625070762	897	173	AJUBA|DLG2|C3orf18|PRNP|GPR137B|KCTD12|TBC1D32|KAT2B|LGALS3|TMEM64|SFT2D2|FAM107B|GNAQ|PAQR3|MARCHF7|AKAP11|SH3BGRL|FBXO30|PROS1|STYX|SKIL|SLC38A2|AP5M1|IL1RL1|INPP4B|PHETA2|KIF3A|GPLD1|EXOSC9|KLHDC2|SOCS2|DSG2|ARL5B|TUBE1|TGFBR1|RAPGEF6|BMPR1A
REACTOME_THE_PHOTOTRANSDUCTION_CASCADE	0.265682656826568	0.742875350759079	0.412236081760225	1.12614979658597	1151	27	CAMKMT|RGS9|METAP2|GRK4|FNTA
DIAZ_CHRONIC_MYELOGENOUS_LEUKEMIA_DN	0.265856236786469	0.743106221081699	0.316540959171196	1.0848847507724	1005	91	PRNP|GPR137B|MS4A6A|CSTA|HLA-B|TCF7|ME1|ADD3|RPL39|TGFBI|SGCB|FGFR1|ACSL4|FZD2|IL10RA|EEF1A1
KEGG_MEDICUS_REFERENCE_ACTIVATION_OF_PRC2.2_BY_UBIQUITINATION_OF_H2AK119_IN_GERMLINE_GENES	0.265913284132841	0.743106221081699	0.412167323719533	1.12596196282526	1152	27	RNF2|HDAC2|CBX3|MGA|RBBP4|AEBP2|YAF2|RBBP7|SUZ12|EED|RYBP
BREDEMEYER_RAG_SIGNALING_NOT_VIA_ATM_DN	0.266103127641589	0.743342639254069	-0.371201273769344	-1.11107347474901	1573	54	MSH5|PCBP4|CRLF1|RASGRP3
GSE46606_DAY1_VS_DAY3_CD40L_IL2_IL5_STIMULATED_IRF4HIGH_BCELL_DN	0.266145989786723	0.743342639254069	0.280915758181569	1.05894286142102	885	180	SETDB2|MAP10|CD40|GPR85|CCL5|BLZF1|POU6F1|HSDL2|RNF139|VPS54|RARS1|DTX3L|STXBP3|CCRL2|DHX40|OTUD1|CGGBP1|MACIR|PARP11|CFAP210|MAPK6|TRIB1|INTS8|GTF2A1|ISOC1|HNRNPH2|ZBTB16|CD274|PLXNC1|DUSP10|CXCL11|JAK2|PPA1|RBL1|TMED5|ANGPT1|CLIC4|PPFIBP1|ABCB1|FAM3C|SMIM3|PPM1K|USP12|SPRED1|RAB1A|PLAAT3|TIPARP|MYCBP2|RFC3|RIPK1|FZD5|PHKA2|RFWD3|ATF3|TNFSF9|VIM|HSPA5|INPP1|OPTN
SHIN_B_CELL_LYMPHOMA_CLUSTER_9	0.266278646780648	0.743506274376673	-0.4977795320095	-1.15510580009327	1463	16	SPIB|TLX1|CD19
GSE18804_BRAIN_VS_COLON_TUMORAL_MACROPHAGE_DN	0.266607354685647	0.743803398091862	0.283299986129864	1.06408190480788	898	174	GABRG1|SGO2|LGALS3|CHN1|ZFPM2|RNF139|TMEM64|REV3L|NAA30|NBN|PPP1R3B|PPM1A|TWF1|DCAF13|SDCBP|PRKRA|SH2D1B|TRIB1|INTS8|ITPRID2|HESX1|LAMA2|IL24|HOXA5|CD274|MRPL15|ICA1|YWHAZ|SLC25A32|COPS5|FAM91A1|EBAG9|CPNE3|CACYBP|ACTR10|NDUFAF6|PDE7A|BAG2|CHMP4C|RIDA|CA2|DSCC1|RAD21|ARFGEF1|NSMAF|BZW2|ATAD2|TRAM1|CCT6A|FABP5|BZW1|E2F5|PABPC1|EIF3H|INPP1|IMPA1|ZFHX4|MAIP1|ASAP1|MMAB|TCEA1|MED20|EEF1B2|NUDCD1|GTF3C6
GSE22196_HEALTHY_VS_OBESE_MOUSE_SKIN_GAMMADELTA_TCELL_UP	0.266506962120078	0.743803398091862	-0.305028662532152	-1.08090496381397	1779	184	SMPD1|N4BP2L1|PPFIBP2|APOL1|PSMB9|TAP1|DDB2|TRIO|ATF6B|IFI35|SPINT2|PTK2B|BRD3|HMGCL|TTLL1|MX1|TMEM109|GBP2|ATOX1|TAP2|NAA80|SORBS3|SP110|PSMB10|XPC|GNS|XPO6|VPS8|SDHA|LAMP1|IRAG2|PCK2|ZMIZ2|ECH1|VPS13B|MR1|BBC3|TNFAIP2|IRF1|RBCK1|MGAT1|RNF113A|ARAP1|CREB5|FAM168A|AKR1A1|WDR7|PSMB3|FIG4|DGCR6L|SDC3|HAX1|RRAS|SDHB|DXO|DOK1|SCO2|RABGGTA|NDUFS2|FYB1|CSK|ALAS1|RERE|TADA3|CELF1
HOSHIDA_LIVER_CANCER_SUBCLASS_S3	0.266598420590816	0.743803398091862	-0.297543854074081	-1.07362554913369	1822	217	TCEA2|COL18A1|CYFIP2|APOA1|CD14|ARSA|ABCB4|MT2A|ACADS|LCAT|COX5B|ECI1|SREBF1|RARRES2|VSIG2|LONP1|HSD17B10|CPS1|TINAGL1|FMO4|NRG1|CRYM|ISG15|ATOX1|EMP2|FANCA|LPIN2|ATP5PF|SELENBP1|RHOB|EPHX1|BLVRB|ACADVL|BTD|GCHFR|FKBP2|ICAM3|TMBIM6|NNMT|ATP5F1D|PCK2|CD81|CSTB|ALDH6A1|ACADSB|ABHD2|ASL|ITPR2
PARK_HSC_MARKERS	0.26676279740447	0.743823600096131	0.36931546714899	1.10978314242588	1109	42	MEIS1|RGS2|CLK4|BMI1|KIT|CCNH|MTCP1|CD24|PARK7|ZFAND5|CCNDBP1|ASH1L|MCL1|ANKRD17
REACTOME_INTERLEUKIN_1_FAMILY_SIGNALING	0.266741384141216	0.743823600096131	0.293305774296641	1.06866996231869	951	137	PTPN6|NKIRAS1|PELI2|PSMC6|PSMC1|IL18R1|PSMD5|PTPN2|PELI3|TAB2|PSMA1|PSMA4|UBE2N|MAPK8|PSMD6|USP14|IL1RL1|PTPN14|IRAK4|PELI1|PTPN12|PSMD10|SKP1|PSMA2|CHUK|PSMA6|PSMC2|NOD1|PSME4|HMGB1|FBXW11|PSMD14|PSMD11|RIPK2|UBE2V1|PSMC5|MAP2K4|IL1R1|PTPN9
GSE19888_ADENOSINE_A3R_INH_PRETREAT_AND_ACT_BY_A3R_VS_TCELL_MEMBRANES_ACT_MAST_CELL_UP	0.266843189173286	0.7438411366069	0.284792876580852	1.06217977502893	906	166	DPYSL2|LIPG|SETDB2|AIF1|DCK|CD40|IFIH1|MX2|CCL5|DHX58|CCL2|GNB4|DTX3L|NAAA|MARCHF5|EIF4E3|PARP11|ETNK1|CMPK2|IFIT3|TAPBPL|C2|RSAD2|SLAMF7|IFIT1|CD274|RAP1B|RBM43|CXCL11|SAMSN1|VWA5A|B4GALT5|NAMPT
GSE31082_DP_VS_CD8_SP_THYMOCYTE_UP	0.267003267003267	0.744080731310048	0.276614582485694	1.05808814426403	898	195	SGO2|TTPAL|SLC38A9|ZBTB33|ZBTB41|TP53INP1|KLHL24|PBK|EIF4E3|PAIP2|CLK4|PPP1CC|MACIR|DCTN4|TSC22D2|RTN4|TOB1|METAP2|POLA1|YTHDF3|SLK|ZNF664|INTS8|FEM1B|NUSAP1|MAD2L1|RCBTB2|PTPN14|APPBP2|UBE2E3|TCEAL9|DYRK1A|ANGPT1|FBXO45|MOB1B|RRM1|ABI1|ALDH2|MEGF9|HMG20A|SECISBP2L|PPP4R3B|CTDSPL2|NEK2|SNRNP35|BNIP2|CEP170|SLC30A9|TLE2|CDC5L|RSF1|SMC4|ESCO2|RB1CC1|CEP70|ATF1|BLM|AKIRIN2|TMEM167B|TRAK2
GSE11924_TH1_VS_TH17_CD4_TCELL_UP	0.267155738957665	0.744299002957824	-0.310254496515148	-1.08164666673396	1747	160	LAT|OSMR|CRLF1|KIF24|LRRC24|MUTYH|MLXIPL|CELF3|AMDHD2|SH3BP2|PNMT|RGS3|LPIN3|CSF2|ODAD3|ATXN7L2|GALR3|C3orf80|LZTS2|AMHR2|CPA5|FGFR3|PITX1|BABAM1|B4GALNT1|TMEM199|TSC22D1|CEL|LIFR|EXTL3|E4F1|DUSP9|IGSF1
BIOCARTA_EGF_PATHWAY	0.267326732673267	0.744482547934465	0.415993303110698	1.12416847508403	1160	26	EGF|MAP3K1|PIK3CA|MAPK8|ELK1|MAP2K4|STAT1|SOS1|MAP2K1|PRKCB|CSNK2A1|SHC1
REACTOME_PROCESSING_OF_SMDT1	0.267369952710076	0.744482547934465	-0.49745695089378	-1.15435724517326	1469	16	MICU3|PHB1|SPG7|PMPCA|SMDT1|STOML2
HOFT_CD4_POSITIVE_ALPHA_BETA_MEMORY_T_CELL_BCG_VACCINE_AGE_18_45YO_7DY_UP	0.267451931404816	0.744504294908913	-0.396929153464496	-1.1196568118736	1543	39	SMPD1|RHBDF1|TNFRSF8|HUS1B|PPP1R16A|ENTPD1|MED24|SIX5|PTGES2|ATP6V0A1|NOC4L|SAMD1|DHCR24|PTGFRN|OPA3
REACTOME_RAF_ACTIVATION	0.267553067413109	0.744579343136344	0.387761497234247	1.11476678741756	1146	34	CAMK2B|SRC|PPP1CB|PPP1CC|PPP2R5E|JAK2|NRAS|BRAF|PPP2CA|PPP2R5C|PPP2R1B|BRAP|PPP2R5A|MAP2K1|YWHAB
BIOCARTA_MPR_PATHWAY	0.267873303167421	0.744851029693787	0.446699965519296	1.13277105740766	1183	20	CCNB1|PRKAR1A|MAPK1|MYT1|CAP1|CDK1
REACTOME_CELLULAR_RESPONSE_TO_HYPOXIA	0.267861651098208	0.744851029693787	0.329335440835642	1.09114578455224	1060	72	AJUBA|PSMC6|EGLN3|PSMC1|HIF1A|PSMD5|PSMA1|PSMA4|PSMD6|CUL2|UBE2D3|PSMD10|PSMA2|PSMA6|CITED2|UBE2D1|PSMC2|PSME4|PSMD14|PSMD11|PSMC5|WTIP|EP300|HIF1AN|PSMA3|HIGD1A
ZHAN_MULTIPLE_MYELOMA_CD1_VS_CD2_UP	0.267835102443841	0.744851029693787	0.337384270526348	1.09516014100483	1084	63	SETD7|TM6SF1|ARMCX1|CPNE8|CORO1A|ALDH1L2|MTHFD2|ASS1|P2RX7|LURAP1L|NPAS3|RTN3
GSE37563_WT_VS_CTLA4_KO_CD4_TCELL_D4_POST_IMMUNIZATION_DN	0.267956215324636	0.744875239387621	-0.306085674934786	-1.08032834613466	1786	177	MXD3|ESPN|PIEZO1|BSCL2|ECM1|LPCAT3|LMF2|OTUB1|TNK2|NBEAL2|TECR|PRPF31|SMTN|CIAO2B|COMTD1|TMEM107|NFIL3|FASTK|ECE1|ENTPD1|MYO1G|COBLL1|NSDHL|YIPF3|DHRS3|TRAPPC1|MFSD10|SIRT6|ELOVL1|WIZ|GTSE1|FASN|IPPK|MRPS11|BTD|NFKBIB|VAC14|NCAPD3|SPIRE2|CDK5RAP1|SMARCA4|POMP|TMEM65|MED25|ACD|PEDS1|CCNF|ACCS|HIP1|SESN2|PRR5|MAN2B2|BCAP31|H6PD|PACSIN2|CDCA8|MYO1C|SHARPIN|BYSL|SLC25A10|H2BC4
GSE13229_MATURE_VS_INTMATURE_NKCELL_UP	0.268313458262351	0.745502096813059	0.291432568223114	1.0679047538287	944	144	AIM2|BICDL1|KDM4D|PLCE1|SLAMF6|LPXN|PPP2R3A|CPVL|STEAP1|LGALS3|PKD2|EGLN3|RAB3A|TMEM86B|KLF10|ETNK1|ZNF572|INCA1|NKX3-1|TENM2|CD274|TTC9B|KIT|PLXNC1|LDHB|CENPU|TCAF1|FAM227A|CELF2
MEBARKI_HCC_PROGENITOR_WNT_UP	0.268330252618608	0.745502096813059	-0.312782180584616	-1.08359948737112	1741	153	ADAM19|CARMN|EXT1|COL1A1|PANX2|CTHRC1|KLF7|PDLIM3|POTEF|CRISPLD2|PDLIM7|SPOCD1|POTEKP|SERPINE1|DCAF15|PHLDB1|JAG2|DCN|LINC03033|DISC1|KLHL4|FBLIM1|NDRG4|PKP3|NINJ2
WP_IL17_SIGNALING	0.268424729304925	0.745558227106485	-0.421984159450591	-1.13119326099103	1536	30	IL17B|IL17D|IKBKG|IL17RA|CEBPB|NFKBIB|GSK3B|IL17RC|TRAF3IP2|TRAF3
VART_KSHV_INFECTION_ANGIOGENIC_MARKERS_DN	0.268673355629877	0.746042363433668	-0.333223002914835	-1.09427632489481	1686	99	ANPEP|TYMP|FZD7|TIMP3|CXCL1|EREG|LAMA5|MCPH1-AS1|SLC19A1|STAB1|CFHR3|NOTCH3|FZD3|EPHB6|CHRM4|ID3|RAMP1|DVL1|FGFR3|RHOB|ID1|FGF2|DLL3|WNT5B|MDK
GSE17186_MEMORY_VS_CD21HIGH_TRANSITIONAL_BCELL_UP	0.268799272286234	0.746071956226134	-0.308176264712941	-1.08032698609304	1772	169	PTPRB|RCAN3|ZFP42|TRIM29|PDE2A|DYSF|TLX1|IRX5|RNF215|ITPKC|LHFPL5|GDPD5|PPM1N|ITIH5|TRPM4|SLC52A3|ICAM1|IFT27|ERMARD|NRTN|SH2B2|TIRAP|CHD6|DCXR|ZFYVE19|OTX1|SLC7A11|STON1|ENDOG|IL23A|NBL1
HALLMARK_ALLOGRAFT_REJECTION	0.268832662449684	0.746071956226134	0.286946840478998	1.06513898775498	934	158	ST8SIA4|PTPN6|CD40|FCGR2B|CCL5|CD3G|CCL2|GLMN|CCL4|DARS1|HIF1A|RARS1|CTSS|NPM1|CD80|ABCE1|UBE2N|RPL39|CD96|C2|ICOSLG|JAK2|EIF4G3|RPS3A|ABI1|EIF3J|CD47|UBE2D1|WAS|NCK1|GALNT1|PTPRC|MRPL3|MTIF2
TONKS_TARGETS_OF_RUNX1_RUNX1T1_FUSION_HSC_DN	0.268910110656359	0.746080622102966	-0.307916745533215	-1.080727661753	1773	171	TRBC2|PRG2|LAT|CCR7|ANPEP|TYROBP|TIMP3|HBB|CHST12|KCNK5|DYRK2|CD48|IGFBP2|APOBR|CCND1|EXOSC4|P2RX5|TPCN1|STAB1|RBM38|RGS14|C11orf21|ARHGEF10|SLC16A3|CAMK1|RAMP1|GFI1B|IL17RA|TSC22D1|TFR2|ID2|ASRGL1|NFE2|CAPG|KCNH2|GATA2|PMP22|TEAD3|PDXK|SH3BGRL3|C15orf39|MGAT1|CRCP|CD52|GATA1
ASTON_MAJOR_DEPRESSIVE_DISORDER_UP	0.269184549356223	0.746212182331585	-0.387920218861165	-1.1177912791194	1567	44	TPM2|TBC1D1|CEP250|ADAM22|PPFIA4|AHCYL2|GREB1|DDX23|TSC1|HEXA|ACD|RAB2A|LTBP1|JUN
GSE2405_0H_VS_24H_A_PHAGOCYTOPHILUM_STIM_NEUTROPHIL_UP	0.269456570826434	0.746212182331585	-0.303109515600374	-1.07791746861844	1789	193	ABRACL|C3|RPS21|RPL28|NUP210|COX6A1|RPLP2|RPS29|IFITM2|RPL23|COX6B1|CXCL16|MAP1LC3A|APOBR|RPS9|RPL18|RPL13A|C12orf57|KSR1|TNFAIP8L2|RPL38|ISG15|TRMT112|RPS18|RPS10|RPS16|PSMB10|NDUFA1|RPS2|FERMT3|RPL27|MYL6|RPS23|RPL10|OAZ1|RPL36|NDUFC2|RPS27|TGIF2|RPL37A|RPSA|TUBA1B|PSMB4|RPS11|RPS26|UQCRHL|RPL3|RNASET2|ATP5MG|S100A6|RPL35|CHCHD2|TMA7
GSE28737_BCL6_HET_VS_BCL6_KO_FOLLICULAR_BCELL_UP	0.269455690508322	0.746212182331585	-0.305818181603051	-1.07938422933228	1796	177	ZNF341|CTBP2|SELENOM|TIMM8B|TECPR2|TSPYL2|MYL11|GON4L|PLA2G15|CUL9|CDH15|APOBR|NDUFA11|HDAC4|CHD4|ZNRD2|CRYGS|GAS2L1|RGS14|ECE1|TKTL1|SEC61B|PCNX3|THAP7|SLC12A7|CSNK1D|ATOX1|RPS16|SLC1A5|TBC1D25|GFUS|MLEC|MTMR10|UNC45A|MCRIP2|CNP|DCUN1D3|NRIP3|MYCL|STARD10|DBN1|RHEBL1|PITPNM1|ITGAE|ARMCX3|PKD1|CC2D1A|ELAC2|PPARGC1B|COG2|UQCC2|MRPS28|HPS4|LRRC8A|NBAS|TKFC|ARSB|MTMR14|MINDY3|MBTPS1|PPP2R1A|USP22|MVB12A|MEN1
GSE5589_LPS_AND_IL10_VS_LPS_AND_IL6_STIM_MACROPHAGE_45MIN_DN	0.269115890083632	0.746212182331585	0.277850214555748	1.05885508132342	900	192	MYL9|BATF|PARPBP|MMP14|DOK2|CENPQ|GPR174|ACTR3|PDCD10|NABP1|CKS2|CAPZA2|ANLN|FAM107B|WDR75|ZNF608|B3GNT5|RFC4|MRPL42|PSMA1|HSPH1|ARPP19|MPHOSPH9|TCP1|SMARCA5|MAD2L1|QNG1|SCARF1|PXYLP1|EMILIN2|DOCK10|SERPINE2|RNF144A|JAK2|ACTR2|BAZ1A|FAM3C|DRAM1|RIOX2|HMGN3|TRAFD1|AZI2|CYRIB|MYC|EEFSEC|ANXA1|MAK16|ETF1|PLSCR1|BRIP1|OSBPL3|PLAAT3|ATAD5|BLM|ETV6|MED8|ZNF281|TGFBR3|ALDH18A1|TAF12|CCNB2|EEF1E1|DENND1B|BAK1|SNRPD1|ATG3|MBD2|ARG2
GSE7509_FCGRIIB_VS_TNFA_IL1B_IL6_PGE_STIM_DC_UP	0.26955223880597	0.746212182331585	0.282389666812263	1.06136662695931	902	176	SESN3|CLN5|YIPF1|AMD1|PPP1CC|DUSP22|TXNL1|TMEM123|ARPP19|RAB3D|RAB11A|MRPL50|PSMD6|ISOC1|PLRG1|CHAC2|RAP1B|CAPRIN1|RHOA|DPH6|SLC25A3|TIMM23|PSMG2|DUSP18|PPA2|UBA2|DNAJA2|RHEB|CPNE3|HNRNPK|ARMC1|SEC23A|CAND1|PSMD10|PPP3R1|CYRIB|MRPL38|SMPDL3A|GLTP|VAMP3|NCBP1|PPP2R1B|RYK|DDX21|STAU1|GYG1|RFC3|DRG1|ALYREF|KPNB1|FUNDC2|PARVB|RRN3|HIBADH|FKBP1A|RAB9A|GNAI2
REACTOME_GABA_B_RECEPTOR_ACTIVATION	0.269419174247726	0.746212182331585	0.39321363608324	1.1152043173388	1154	32	GNG12|GNAI3|GNB4|KCNJ6|GABBR2|GNAL|GNG10
VANDESLUIS_NORMAL_EMBRYOS_DN	0.26948051948052	0.746212182331585	-0.479934629444265	-1.14724223840512	1493	18	PCOLCE|CRTC1|HOXC10|HBZ|KCNH2|HBE1|ALAS2
ZHANG_ANTIVIRAL_RESPONSE_TO_RIBAVIRIN_UP	0.269052706552707	0.746212182331585	-0.44891757762108	-1.13303878073048	1510	23	IRF7|APOL1|IFITM1|MX1|IFITM3|MDK|CD81|HSPA1B
GSE17721_PAM3CSK4_VS_GADIQUIMOD_2H_BMDC_UP	0.269877328487051	0.746494522830813	-0.307593696260918	-1.08053949473874	1781	172	PLAT|BFSP1|IL11RA|ITGBL1|ADGRD1|MARCKS|CUBN|TIMP3|SEMA3F|EXT1|KRTCAP3|SLC12A4|ICAM5|LPIN3|CRYBA4|NTRK3|NSG2|LOXL3|ECE1|DCN|IRS2|DDO|POLD1|SLC22A23|HPGD|IL17RA|ENO3|SIL1|NR4A1|HEPH|RPP25|PLXNA3|LYSMD1|NFKBIB|CBX2|BCL2L1|NOL6|ZBTB48|CDC42EP3|CLK3|TMEM39A
GSE5679_CTRL_VS_PPARG_LIGAND_ROSIGLITAZONE_AND_RARA_AGONIST_AM580_TREATED_DC_UP	0.269850746268657	0.746494522830813	0.28235901464061	1.06125142022245	903	176	DCK|TENM1|PIGA|IFIH1|MX2|KAT2B|PGAP4|ARL5A|HSDL2|NAA30|HIF1A|KLHL24|BPNT2|SGPL1|LDHA|ROCK2|UTRN|DDX10|TBPL1|IFIT3|HOMER1|PLPP3|RSAD2|CPXM1|SLC22A2|PPA1|ACSL1|IL10RA|WAC|RRM2|CRABP2|NAMPT|RFC5|CUL2|CLIC4|SEMA4A|CYBB|RO60|INPP5B|CFDP1|ETF1|CAPZB|GALNT10|ARFGEF1|USO1|GARS1|SLC4A1AP|POLR1B|DALRD3|ZNF281|COPB2|ACSM3|DRG1
KAECH_NAIVE_VS_DAY15_EFF_CD8_TCELL_DN	0.269822485207101	0.746494522830813	0.282694424637193	1.06097524708526	911	173	MYO1F|TENM1|CD44|FCGR2B|MX2|CCL5|LGALS3|CCL4|CLDND1|IL18R1|KLF10|NR4A2|CHPT1|CAPN2|SORBS1|DAPK2|KCNJ8|ZNF821|HK2|RECK|PERP|IFITM10|FCGRT|ELL2|LITAF|SOCS2|IL10RA|CASP3|KCTD9|KLRG1|MAPRE2|S100A10|VMP1|CD47|STMN1|ANXA1|CR1L|RACGAP1|RPA2|SNTB2|GGH|PRXL2A|PLSCR1|IDE|DSTN|BHLHE40|SEC61G|STMP1|S100A4
CHIARETTI_T_ALL_REFRACTORY_TO_THERAPY	0.270264064293915	0.747152486197279	0.424613278350275	1.12491948781692	1176	24	CXCL8|TCF7|MME|MXI1|GFI1|FGFR1|CR2
GSE23925_DARK_ZONE_VS_NAIVE_BCELL_UP	0.270205066344994	0.747152486197279	0.279295864780897	1.05847643220616	895	187	AKTIP|SLAMF6|ARRDC3|ZNF708|MRPL1|MS4A6A|CSPG5|RAD52|DNAJC28|UBR3|CD164|VPS26A|TMEM106B|KPNA3|EIF3E|UBA6|TP53INP1|ZNF8|YES1|THOC2|WASHC4|SP3|FGFR1OP2|IL1RL1|LFNG|OTULINL|S1PR1|FCGRT|DLAT|CNBP|NFYB|CAB39|TMED7|CAP1|ETFDH|CDKN1B|DNAAF10|GOLPH3L|MAML2|MAN1A2|GPI|HNRNPA1|UPF2|JAGN1|FAM118B|TRIM59|BZW2|ZFAND6|RDH14|TFDP2|CLASP2|USF1|ORMDL1|YME1L1|ZC3HAV1|RNF146|CCDC174|CDK19|PDCD2|HMGB2|NUDCD1|TXNIP|DAPP1|TMEM43|TERF2IP|SNAP23|NSL1|KLHL42
BROWN_MYELOID_CELL_DEVELOPMENT_UP	0.270687237026648	0.747312110014456	-0.317596013026456	-1.08427946954163	1736	134	TRPM2|ACKR1|ANPEP|TYROBP|C3|DGAT2|HLX|REN|QSOX1|EREG|IL4I1|GRN|TCL1A|ITGAX|TNFRSF1A|C5AR1|IL1B|G6PD|SP100|PLK3|JUNB|KLHDC4|GNS|GRINA|ID2
ERWIN_COHEN_PBMC_TC_83_AGE_18_45YO_NON_RESPONDERS_PREVIOUSLY_IMMUNIZED_24HR_DEG_CANONICAL_PATHWAY_MEMBERS_UP	0.27060737527115	0.747312110014456	-0.485731752717655	-1.145542487458	1496	17	IFIT2|RIGI|RASGRP1|TAF15|ALDH8A1|SAMD9L
GSE34156_UNTREATED_VS_6H_NOD2_LIGAND_TREATED_MONOCYTE_DN	0.270756062767475	0.747312110014456	0.286531184953408	1.06207930835191	948	156	LIPG|SETDB2|PRNP|LPXN|TENM1|CD69|CCNG2|CSPG5|CDS1|NUDT13|MEF2C|PLEKHF2|CMPK2|CBFB|IFIT3|ISOC1|RBM43|CXCL11|TENT5A|CPSF2|ENDOD1|MYB|PCGF5|LSM14A|TRAFD1|SEMA7A|TPST1|SENP1|ZDHHC5|SERINC1|NMI|NSMAF|ATP11B|RAB1A|ALDH1B1|HELZ2|TMEM87A|CENPJ
LIU_OVARIAN_CANCER_TUMORS_AND_XENOGRAFTS_KINASES_DN	0.270451339915374	0.747312110014456	-0.44046892706772	-1.1345303678827	1533	25	AXL|MAPK11|FLT1|AKT3|PLK3
WP_ENDOPLASMIC_RETICULUM_STRESS_RESPONSE_IN_CORONAVIRUS_INFECTION	0.270768494134546	0.747312110014456	0.363619141751631	1.10449541545334	1130	44	PPP1R3D|EIF2AK3|MBTPS2|PPP1CB|PPP1R3B|PPP1CC|PPP1R12A|MAPK8|BCL2|EIF2S1|PPP1R16B
ZHOU_INFLAMMATORY_RESPONSE_LPS_UP	0.270710474585791	0.747312110014456	-0.286033099948612	-1.06514666066107	1927	309	ATP2B1-AS1|GPR135|IRX5|ZNF876P|BRICD5|IRF7|MARCKS|RAPGEF5|DYNC2H1|ENSG00000232995|SNN|CXCL1|MAPK11|EREG|RCN3|ZC3H12C|IFIT2|DMRTC2|TPD52|MFSD2A|ANP32D|DNAI7|SEC14L4|CDH15|AXDND1|FGF17|TGM1|APCDD1L-DT|RIGI|IER3|ICAM1|SIAE|VCX|STC2|LINC02762|SERPINE1|CNBD2|CYP2F1|SEMA6A|IL1B|SYCE1|PPP1R26-AS1|USF3|ISG15|ZC3H12A
WANG_CLIM2_TARGETS_UP	0.270928899082569	0.747549282295444	-0.291989097566932	-1.06818740375206	1889	252	COL18A1|C21orf58|AOC2|TIMP3|DBNDD2|LINC00205|NACA4P|KMT5AP1|DLG5-AS1|SLC12A9|SLC52A2|GALNT7-DT|TNK2|GAS5|DBP|IGFBP2|LINC01644|SLITRK6|GLYCTK-AS1|TSC22D1-AS1|DNAJC22|DUS2|HPS1|RIPOR1|SPG7|MET|CAMK2N2|ESR1|TSHZ2|SDR42E1|EXD3|SEZ6L2|PELP1|CALR|CPSF1|KIF5A|MERTK|IGSF3|ACACB|PPP1R26|LRRC37A2|SLC35E3|RPL10|NISCH|ZNF354B|TAPBP|SLC5A3|NEDD8|NDUFC2|PTCD1|MLH3|RBSN|ARMC6|CD276|ARHGAP22|ANKS6|CEP170B|IQCK|C19orf48P|MTHFD2L|NOP53|NBDY|BCL2L1
GSE43955_1H_VS_20H_ACT_CD4_TCELL_UP	0.271191553544495	0.748068374410453	0.281818927972624	1.06008914687828	898	178	ELK3|BATF|GPR137B|TENM1|CD44|PRKCH|GNA13|GPR162|GGPS1|PPM1B|PNPT1|TNFAIP8|SMNDC1|ADIPOR1|RMND5A|ATXN10|AP3S1|TCP1|FEM1B|DYM|VAV1|GTF2A1|TNKS2|RECK|EFNB2|HTR2C|RHOJ|SLC30A1|NFE2L2|DDX18|RBPJ|RFK|DNAAF10|CITED2|APC|PMPCB|GTF2B|PDIA3|PIAS1|MBD4|SLC4A1AP|PEX2|HTATIP2|VIL1|DLD|TTC27
KEGG_MEDICUS_REFERENCE_EGF_EGFR_ACTIN_SIGNALING_PATHWAY	0.271493212669683	0.748558953324714	0.445603975203939	1.12999177331483	1199	20	EGF|SRC|ACTR3|WIPF1|ARPC3|ACTR2|WIPF2|NCK1
PID_ATM_PATHWAY	0.271518544436669	0.748558953324714	0.386477811664625	1.1110763487105	1163	34	XRCC4|NBN|DCLRE1C|UBE2N|COP1|SMC3|RBBP8|ABRAXAS1|BLM|ATM|CDC25C|RAD17|CTBP1|YWHAB|BRCA1|CHEK2
DARWICHE_PAPILLOMA_PROGRESSION_RISK	0.27165883143049	0.748706535650948	-0.361843676044577	-1.10115322978624	1617	60	RINL|LAG3|SLC38A10|DOCK4|SERPINH1|CXCL16|RGS14|TRAF2|XPC|GGT7
GSE43700_UNTREATED_VS_IL10_TREATED_PBMC_DN	0.27172125018693	0.748706535650948	-0.304859851171196	-1.07717877683513	1816	178	PLAT|BFSP1|GKAP1|CDC26|RETSAT|DBNDD2|MT2A|SLC46A1|SYNGR1|PLXNA1|LYPLA2|MOGS|DTYMK|MATN4|CDKN2D|NFIL3|NR1D1|EFNA1|CYP2F1|NOTCH3|IL17D|KCNJ11|RPS10|MAP3K11|DIAPH1|PITX1|SPHK1|ENTPD6|DCTN3|DEF8|SYT10|G0S2|ISCA2|PCNT|C19orf48P|NOCT|SLC35C2|SOCS3|ABHD8|ATP6V0B|NOC4L|IRF1|RAC3
GSE15659_NONSUPPRESSIVE_TCELL_VS_ACTIVATED_TREG_UP	0.272025921925629	0.749134761121937	-0.313188483617601	-1.08162902362555	1762	148	EFNB1|AMH|ENTPD3|CUBN|HEPACAM2|GASK1B|FAAP100|CITED4|CXCL16|PRR29|LINC03040|CEACAM19|FSIP1|DOCK6|C2orf15|AFAP1|CACNA1A|INHBE|CCDC136|AMPD2|ANKRD45|FBXW9|FLYWCH2|CC2D1B|PAXBP1-AS1|GPC2|GNS|DLL3|DCUN1D3|OGFOD3|ENPP3|NELFB|GPR3|DUSP14|EXOC2|GTF2IRD1|CHCHD7|AP4B1|GPR137
HANN_RESISTANCE_TO_BCL2_INHIBITOR_DN	0.271955655638316	0.749134761121937	-0.395556932766208	-1.11578605499212	1569	39	FZD9|SYNGR4|COMTD1|HSPB1|TRIB3|DLK1|ENO3|SDC4|CEL|HSPA1A|NIBAN1|PCK2|PRSS2
HALLMARK_UV_RESPONSE_UP	0.27218021910199	0.749354097461816	-0.313125405657213	-1.08141117732444	1763	148	MAPK8IP2|TAP1|BSG|NXF1|CLCN2|NTRK3|CCK|IGFBP2|PDLIM3|ICAM1|SLC6A8|RASGRP1|FOS|STARD3|ATP6V1F|GAL|ASNS|DGAT1|SULT1A1|JUNB|RHOB|TYRO3|NR4A1|EPHX1|ACAA1|WIZ|GRINA|YKT6|CNP|BID|TMBIM6|IL6ST|CDC34|KCNH2|CDKN1C|NAT1|NPTXR|IRF1|STK25|PSMC3|MGAT1|HYAL2|POLE3|AP2S1|H2AX|RAB27A|ARRB2|FURIN|MAOA|CEBPG|DLG4|UROD
ANDERSON_BLOOD_CN54GP140_ADJUVANTED_WITH_GLA_AF_AGE_18_45YO_7DY_UP	0.272319319792159	0.749531486721604	0.37714694403467	1.10672674144146	1152	37	EXO5|TMEM156|RTL8B|QNG1|ICA1L|HECA|SIGLEC6|RASSF6|ZNF160|PCYOX1|TMEM70|IFT70A|HSP90AA2P
GSE40274_CTRL_VS_FOXP3_AND_LEF1_TRANSDUCED_ACTIVATED_CD4_TCELL_DN	0.272990696965076	0.749757047104913	-0.30899066805543	-1.07808372798843	1789	161	TSGA10|AQP1|APBB2|PIEZO1|IFT122|QSOX1|ARHGAP33|COX6A1|APOE|RPL23|TGM1|DENND2C|PCYT1B|PPIE|OCEL1|GFI1B|PMF1|PPP6R2|SLC22A23|UQCRQ|IGSF3|TREML2|MSRA|HYAL3|SIRT6|CC2D1B|TAB1|GRK6|PRTN3|CARHSP1|SPATA24|CENPV|NMRAL1|TUBGCP2|TSSC4|TMEM147|SYMPK|STARD10|EXOSC7|EMC6|PARP1|ZDHHC14|ALAS2|PES1|TAF5L|GATA1|UHRF1
GSE43863_TFH_VS_LY6C_INT_CXCR5POS_EFFECTOR_CD4_TCELL_DN	0.272975432211101	0.749757047104913	-0.307828454028387	-1.07887796704779	1799	168	NFKBIZ|LAG3|STX11|BSPRY|CATSPER1|RAB34|FAM178B|NCEH1|ARID5A|DNPH1|TMCC3|SLC23A3|TMTC2|NOP2|NFIL3|BCL3|KSR1|C2CD4B|TKTL1|ATN1|IFITM3|SLC7A1|RIN1|AGRN|BMP1|LBX2|IL15RA|NFKBIB|MYBL2|TLCD1|NIBAN1|SOCS3|CD81|JMY|BCL2L1|DUSP14|RAD23A|IRF1|CRTC2|JUN
HELLEBREKERS_SILENCED_DURING_TUMOR_ANGIOGENESIS	0.272895311712317	0.749757047104913	-0.359878558602536	-1.10295340449052	1623	63	TAGLN|QSOX1|CXCL1|APOE|SMTN|CLIP3|PDLIM3|COL6A1|IER3|ICAM1|MX1|NDRG4|IGF2R|CREB3L1|SDC4|UCP2
KANNAN_TP53_TARGETS_DN	0.272939906441166	0.749757047104913	-0.454818965245899	-1.13413212932125	1516	22	COL18A1|SLC19A1|CXADR|G0S2|APBA2|PMP22|EIF4A1
KEGG_ASTHMA	0.27287701317716	0.749757047104913	-0.502886973760395	-1.14843411932759	1490	15	PRG2|HLA-DOB
PAL_PRMT5_TARGETS_UP	0.27299880525687	0.749757047104913	0.27745249788909	1.05733942903541	913	192	TTK|CETN3|PKD2|HAT1|CKS2|AMD1|STRAP|DOCK7|KIF11|EIF4G2|PRIM1|NUP35|NCBP2|ECT2|PROS1|KPNA2|HSPA4|WTAP|INTS8|PSMD6|COPS3|TGFBI|SFRP2|RHOJ|CASP8AP2|NOP58|LARP7|UBE2E3|RBL1|TYMS|PPA2|RFC5|NNT|RRM1|SPCS2|SPTSSA|NDN|STMN1|APEX1|TIA1|ANP32B|RACGAP1|RPA2|LSM3|NUP88|CFDP1|RCN2|CETN2|NDE1|SRSF1|PSIP1|CHRAC1|SLC35A1|PCLAF|ELOF1|AHCY|CDC25C|PNP|EIF1AX|PBRM1|CCNB2
SCHAEFFER_PROSTATE_DEVELOPMENT_48HR_DN	0.272631208171892	0.749757047104913	0.260212541340177	1.04483544141279	773	320	MEIS1|CD83|SAMD5|AKAP5|TGFBR2|LONRF1|CSTA|PKD2|PTHLH|TTYH3|EGLN3|ONECUT2|REV3L|REC8|ARID5B|STARD9|FAM107B|VSIR|KLF10|FOXJ3|CHDH|PPP1R3B|LHPP|DDR2|ARHGAP42|CDCA7|CALN1|NR4A2|FAM13A|PPM1A|ARMCX6|GAS2L3|MEX3B|PER2|SLC19A2|FEM1B|CFAP418|KCNK9|ISOC1|SH3PXD2B|TGFBI|RHOJ|ZNF536|FBLN1|BACH2|DNAI4|BMF|FOXP1|MAMSTR|TENT5A|PAPSS1|TSN|RBPJ|ERC1|ZNF521|MYB|RERG|PEX13|DDX3X|PRKD3
WP_OVARIAN_INFERTILITY	0.272965879265092	0.749757047104913	-0.414415375806153	-1.12386503172721	1559	32	MSH5|SMPD1|CYP19A1|GDF9|TSC1|CEBPB
BIOCARTA_BCR_PATHWAY	0.27346843699045	0.74994607969036	0.389096355648025	1.11278659848794	1173	33	MAP3K1|MAPK8|PPP3CB|VAV1|CALM2|NFATC2|ELK1|MAPK14|BTK|PPP3CA|SOS1|MAP2K1|PRKCB|SHC1
BLANCO_MELO_COVID19_SARS_COV_2_POS_PATIENT_LUNG_TISSUE_UP	0.273546144121365	0.74994607969036	-0.323422397048484	-1.08567807396262	1730	117	TYROBP|S100P|MARCKS|CD37|CYP19A1|LINC01366|IFITM1|MIR3945HG|IFITM2|IFIT2|DNAAF1|IL2RG|PTK2B|SHFL|MX1|ARSL|CACNA1A|IFITM3|ISG15
CHIARETTI_T_ALL_RELAPSE_PROGNOSIS	0.273665320771646	0.74994607969036	0.458100502283881	1.13462151167145	1219	18	TTK|CDC7|MEF2A|NDC80|RCBTB2
GSE17721_CTRL_VS_PAM3CSK4_4H_BMDC_DN	0.273474178403756	0.74994607969036	0.283718326445878	1.06024962291706	931	168	MYL9|SNX16|GNA13|IGSF9|CCN1|SIX4|CLDND1|FAM107B|MEF2A|TRMT10A|PPP1CB|CHDH|PLEKHA5|CYP27B1|WBP4|RNF6|DMTF1|BCL9|TTC39C|RPS6KA2|ELL2|USP47|PHTF2|COPS5|AHCTF1|NAMPT|MOB1A|NET1|ANXA5|PSMA6|GDE1|CITED2|SACM1L|STARD4|ZC3H11A|CAV2|NR5A2|SNTB2|TLE2|HELQ|BTF3L4|PLAAT3|ZNF264|TMA16
GSE4535_BM_DERIVED_DC_VS_FOLLICULAR_DC_UP	0.273604826546003	0.74994607969036	0.281362866647716	1.05837362810768	906	178	TTC39B|LNX2|BATF|SLAMF6|SCRN3|UAP1L1|LAMP2|HNRNPLL|ZNF518B|TNFAIP8|UBE2N|DENND4C|ZNF821|CBFB|MRPS6|ICA1L|TMEM140|MPP2|SLC22A15|RAB19|ICA1|ELL2|LITAF|FUT8|SAMSN1|NFATC2|POGLUT3|B3GNT2|ZDHHC2|RAPH1|SNX25|ENDOD1|SNX2|PPFIBP1|ZMAT3|KCTD9|ABCB1|TFE3|MAPRE2|S100A10|VMP1|RAB3GAP2|LSM3|ANAPC10|PLSCR1|PLAAT3|TFRC|REST|S100A4|BAK1|ACOT7|TP53INP2|ASAP1|FBXO4|MPP1|POLD4|CEBPZOS|TBC1D4|DNAJC3|SH3GL3
KEGG_MATURITY_ONSET_DIABETES_OF_THE_YOUNG	0.273499638467101	0.74994607969036	-0.484395653956545	-1.14239145215975	1512	17	BHLHA15|NKX6-1|MAFA|MNX1|HES1
RAMALHO_STEMNESS_DN	0.273430927141175	0.74994607969036	-0.361606349422585	-1.10281990081954	1624	61	TYROBP|CYFIP2|ADSS1|RNASEK|HBB|ROGDI|RGS14|KCNAB2|BIN1|BMP1|B4GALNT1|PACSIN1|GRINA|EVL
REACTOME_ADP_SIGNALLING_THROUGH_P2Y_PURINOCEPTOR_1	0.273402340234023	0.74994607969036	0.431803246278947	1.1255967308149	1214	22	SRC|GNG12|GNB4|P2RY1|GNAQ|PLA2G4A|GNG10
GSE41978_ID2_KO_AND_BIM_KO_VS_BIM_KO_KLRG1_LOW_EFFECTOR_CD8_TCELL_UP	0.274000583600817	0.75065989579285	0.28473958867769	1.06114475162555	938	164	GJC2|MS4A3|TENM1|GNAT2|WDSUB1|DUSP19|LAMP2|RIMOC1|UNK|CIBAR1|CTSF|IRF2BP1|MSH3|TMEM106C|RBM4B|TAPBPL|CHIC1|MPP2|TMPRSS13|LFNG|TGFBI|GPNMB|C1S|FBLN1|IGFBP5|ATP8A1|POF1B|CASP8AP2|SKAP2|PCP2|ARHGEF12|CPNE3|CACUL1|DRAM1|ATF2|RNF25|VMP1|MGST1|POPDC3|MAML2|UPF2|LAMB2|PLBD1
GSE7852_THYMUS_VS_FAT_TCONV_DN	0.274125452352232	0.750797077956808	0.278785280147529	1.05654141680057	908	187	FOSB|MYO1F|PRNP|LPXN|RGS2|RYR1|RUNX2|IMPACT|IL18R1|PHLDA1|B3GNT5|YES1|TAB2|TSC22D2|TJP2|PROS1|RPL39|CAMTA2|SLC38A2|ABLIM3|NUAK2|EFNB2|LINC01160|ACOT11|TTC39C|RUNDC3B|TMEM176B|PLXNC1|RNF144A|LITAF|CARD10|SAMSN1|TDP2|REL|ZDHHC2|PYGL|PDE7A|KLRG1|CLTC|FAM241B|MAPRE2|DNAJB9|ARL4A|BCLAF1|FANCF|CD93|BMP2K|ITPRIPL2|DENND4A|KLHL11|SIK2|RAB6B|ATXN7L1|AKIRIN2|PTPN9|PNP|ATF3|BTG3|DOCK2|HSPA5|MAFF|TRPS1|DYRK3|CD82
GSE13522_WT_VS_IFNAR_KO_SKIN_DN	0.274238227146814	0.750901070403634	-0.311643262040497	-1.08067101337855	1781	154	ADAM19|STX11|FARP1|SYTL1|BSPRY|PNKD|B4GALNT4|AXL|CHST12|RENBP|GPR68|FAM120C|NBEAL2|CD101|PPARG|PCYT1B|LGALS3BP|KATNB1|ADAP1|COBLL1|ZC3H18|ZFYVE19|GMFG|TBC1D25|HIP1R|TNFRSF1B|SLC37A4|SUSD3|GRINA|FLNB|ID2|NIBAN2|NIBAN1|CAPG|TAX1BP3|H1-5|TRAF3IP2|LPCAT1|EML2|S100A6|ITGAE
HWANG_PROSTATE_CANCER_MARKERS	0.274482025854436	0.751363669355557	-0.443024980928014	-1.12989157292846	1549	24	HSPA6|WNT3|PHB1|MIF|MUC1|CALR|SELENBP1
GSE28737_WT_VS_BCL6_HET_FOLLICULAR_BCELL_UP	0.275177949416932	0.752885636586798	-0.306901629041702	-1.07810834620589	1816	172	CADM2|HPX|ANPEP|IL11RA|OSMR|RPH3AL|PRKCZ|GASK1B|NBEAL2|DDX41|GGA1|TCIRG1|SOX11|SLC23A3|LRGUK|APH1B|HGS|TRIM26|NAPRT|ADAM15|SCAP|PRF1|STXBP2|SLC4A2|RAB11FIP3|HYAL3|ATPAF2|RGL2|MCOLN1|HDAC5|TBC1D17|TNIP1|HOXC10|GTF3C5|NUDT14|CCDC51|POLA2|PITPNM1|NEURL4|ATP6V0B|SIK3|TYK2
REACTOME_HSF1_ACTIVATION	0.275235766678309	0.752885636586798	-0.420105508807557	-1.12615724980539	1575	30	HSPA6|TNFRSF21|SERPINH1|CRYBA4|HSPB1|UBB
TENEDINI_MEGAKARYOCYTE_MARKERS	0.275263029116712	0.752885636586798	0.347157544331655	1.09339447309715	1124	54	CXCL8|CCL5|CCNE2|PDGFB|CCNB1|IL6R|KIT|JAK2|CDK1|BCL2|ITGA2B|CASP3|MYB|CDKN1B|CDK2|MYC|MAPK14|IL1R1|BAK1|MCL1|STAT1
GSE14308_TH17_VS_INDUCED_TREG_UP	0.275531596286313	0.753209739521245	0.277853576605457	1.05678412645711	919	190	ZC2HC1A|ATG16L2|YOD1|ESF1|PIGZ|EXOC5|FXYD7|AMN1|ZBTB33|DNAH8|JKAMP|ATG4C|RASGRP4|PAIP2|ORC4|SACS|SNAI3|SNAPC1|WASHC4|MKRN1|SP3|OLA1|TCF12|MEX3B|NFAT5|STYX|FAM13B|INPP5K|PPP2R5E|RCBTB2|RAP1B|LRP12|VIPAS39|TOR1B|MAGI2|RICTOR|HYCC2|STXBP4|TIPRL|STX7|APC|C6orf62|NT5DC1|METTL5|AK3|SSBP1|SMC4|NCOR1|HSP90AA1|ITCH|GYG1|MYCBP2|CENPE|ATP11C|NEB|ATRAID|INPP1|VTI1B|VAMP1|BTF3|YME1L1|FYTTD1|MED20|SRSF10|SPPL2A|VPS26B|MTA3|TPST2|LRIF1|ZCCHC24|YIPF5|CCDC82|CFAP68|CRTC3|ING3
GSE45365_NK_CELL_VS_CD11B_DC_MCMV_INFECTION_UP	0.275480842041496	0.753209739521245	-0.306868459419926	-1.0779918253318	1818	172	CATSPERZ|MYBPHL|MC1R|PDE2A|KLC3|MGAT4A|PLXNA1|TMEM144|MOGS|JMJD4|CHCHD10|ELL3|RARRES2|RSPH9|COMTD1|HDAC4|ZNRD2|CHCHD6|ACP6|POLD1|TTC4|MAP4K2|UCP2|GPAA1|DDX31|PTCD2|GTSE1|HIRIP3|DCTPP1|OR51B4|SAPCD2|PARP1|BCL7A|ADISSP|PI4KA|MCM7|MPZL1|ZDHHC14|FAM185A|NAF1|HIPK2|CCDC107|FXN|ARVCF|RILPL1|RPS19BP1|TIMM50|PSMB3|CCT3|RHPN2|SYT5|KRBA1|MAOA|MCM6
GSE37533_PPARG2_FOXP3_VS_FOXP3_TRANSDUCED_CD4_TCELL_PIOGLITAZONE_TREATED_UP	0.275821596244131	0.75361338244481	0.283430554622813	1.05917422545961	939	168	CCT6B|TCEAL1|ITGB7|ALX4|ZNF225|MAP3K10|MTMR6|CFAP69|TCF7|XRCC4|RIMS3|RARS1|ME1|MARCHF7|RGS9|SPRY2|DDHD2|SP3|OAT|DGCR11|ISOC1|RIT1|USP8|HERPUD1|ZNF160|MBNL1|NUBPL|TMPRSS5|BAG4|CITED2|TIAM2|UBE2D1|NR5A2|WEE1|RAB1A|ZNF195|HTATIP2|REST|EIF4A2|TRAK2
REACTOME_SIGNALING_BY_RECEPTOR_TYROSINE_KINASES	0.275979557069847	0.75361338244481	-0.274336438294101	-1.05443928490519	2105	469	IGF1R|FES|PAK1|RAB4B|PLAT|CYFIP2|MAPK13|POLR2L|LAMB1|POLR2F|GFAP|AXL|PTPRU|LAMA4|PRKCZ|FLT3LG|MAPK11|MAPK12|EREG|COL1A1|BCAR1|TNK2|FGFBP3|APOE|LAMA5|TCIRG1|CILP|GABRG2|FLT1|NTRK3|COL6A1|IRS1|FGF17|UBA52|MST1R|CYBA|TPH1|APH1B|FYN|LAMB3|HSPB1|FOS|IL2RG|CHD4|UBB|COL6A3|SPINT2|PTK2B|PGF|HGS|ATP6V1F|MET|AKT3|PTPN3|ESR1|NRG1|ADAP1|SH2B2|MAPK7|IRS2|TRIB3|NCSTN|ID3|DUSP4|MXD4|LYL1|POLR2E|CTSD|FGFR3|DIAPH1|JUNB|SPHK1|SGK1|NOS3|PDGFA|RBFOX2|DUSP7|ITGB1|MAPKAPK2|ITGAV|ID1|FGF2|GRB7|DNAL4|AKT2|ID2|POLR2A|GIPC1|CLTA|MEF2D|ATP6V0A1|MDK|COL1A2|SH3KBP1|SPINT1|POLR2J|CDC42|STUB1|SH2D2A|PSEN1|NELFB|DNMT1|ATP6V0A2|ATP6V0B|ITPR3|PXN|GABRQ|BAIAP2|SRF|VEGFA|ITPR2|PRR5|HNRNPM|AP2M1
WP_PDGF_PATHWAY	0.275951761645779	0.75361338244481	0.37243429235739	1.10627119795787	1166	39	VAV2|SRC|PDGFB|MAP3K1|MAPK8|VAV1|MAPK1|PLA2G4A|RHOA|ELK1|CHUK
YIH_RESPONSE_TO_ARSENITE_C4	0.27589246364037	0.75361338244481	0.481534749802593	1.13678357457111	1251	15	CXCL8|RAB3A|EIF4E|ELK1|NPAT|NCK1|ETV6
GSE40685_TREG_VS_FOXP3_KO_TREG_PRECURSOR_UP	0.276280323450135	0.754229504158948	-0.304062014887122	-1.07667635883446	1844	182	ASCL2|TRPM2|HPX|ASPHD2|APOL1|PSMB9|TAP1|FLT3LG|IFITM1|ADGRE5|IFI35|IFIT2|AGBL2|MNDA|APOL6|THEMIS2|BCL3|ESR1|LYG2|MX1|BATF2|GBP2|SP110|IL17RA|GRIPAP1|SMCO4|TAPBP|NPHP4|ZBTB1|SAMD9L|DTNBP1|PARP12|IRF9|AARS1|ZNFX1|LY6E|IRF1|FAM8A1
MEBARKI_HCC_PROGENITOR_WNT_UP_BLOCKED_BY_FZD8CRD	0.276473406804025	0.754551402256336	-0.333076360089086	-1.09004156258104	1730	96	CARMN|EXT1|KLF7|POTEF|CRISPLD2|PDLIM7|SPOCD1|POTEKP|SERPINE1|DCAF15|PHLDB1|JAG2|DCN|DISC1|KLHL4|NDRG4|NINJ2|KANK1|CDCP1
KEGG_TRYPTOPHAN_METABOLISM	0.276855895196507	0.755389909209713	-0.416384024139857	-1.12355736690862	1584	31	OGDHL|IL4I1|TPH1
JAATINEN_HEMATOPOIETIC_STEM_CELL_DN	0.276955286376552	0.755455751262996	-0.303482183434678	-1.07614527977082	1851	185	LAT|IL21R|CCR7|TYROBP|STX11|RCAN3|CD14|SPON2|IFI30|S1PR5|HBB|TRDC|EEIG1|SGSH|CXCL16|JAZF1|MNDA|CRISPLD2|RASGRP1|ACSL6|CDKN2D|C5AR1|PSAP|IGF2R|PRF1|SELENBP1|SLC2A3|SGK1|AHSP|ANKRD9|IL18RAP|BLVRB|CTTN|ANKRD55|CD3D|ZER1
RASHI_NFKB1_TARGETS	0.277417027417027	0.755915057807105	-0.47661802088839	-1.13931417239338	1537	18	NFKBIB|TNIP1|C19orf48P|IRF1|RELB|DUSP6|NFKBIA|LCN2|CXCL3|CSF1|DUSP16
REACTOME_RHO_GTPASES_ACTIVATE_NADPH_OXIDASES	0.277201145311382	0.755915057807105	-0.457747094551553	-1.13223603453663	1548	21	PRKCZ|NOXA1|MAPK11|CYBA|PIN1
REACTOME_THROMBIN_SIGNALLING_THROUGH_PROTEINASE_ACTIVATED_RECEPTORS_PARS	0.277365491651206	0.755915057807105	0.401363622057836	1.11648595368289	1195	29	GNA13|SRC|GNG12|GNB4|GNAQ|MAPK1|GNG10
ZHU_CMV_8_HR_DN	0.277424892703863	0.755915057807105	-0.385297119980859	-1.11023282531856	1615	44	IGF1R|ENG|MARCKS|APOE|MMP1|IGFBP2|TNFRSF1A|ID2|LMNA|IL6ST|TP53BP1|AARS1
REACTOME_ER_QUALITY_CONTROL_COMPARTMENT_ERQC	0.27755905511811	0.756075385420784	-0.457517969920644	-1.13166929546476	1550	21	SEL1L|RNF5|MAN1B1|UBA52|UBB|OS9|SYVN1
GARCIA_PINERES_PBMC_HPV_16_L1_VLP_AGE_18_25YO_2MO_UP	0.277833837874201	0.756211404608851	0.265239727958659	1.04795503959436	825	277	AIM2|CD83|STAP1|EGF|CD40|LUZP4|IL12RB2|BMAL2|CD70|NMD3|CCL4|CLIC2|ST3GAL5|CKS2|TOP2A|P2RY1|BATF3|AFF4|RFC4|KIF11|MT1X|MTHFD2|PARP11|CYP27B1|SLC25A40|HSPH1|TSPAN13|POLA1|NCAPG|NDC80|NUSAP1|MAD2L1|C2|PLA2G4C|XCL1|NDUFV2|INSIG1|CXCL11|PPA1|TYMS|PIK3C3|HBEGF|ACSL1|VRK2|RRM2|AP1G1|MTRR|NAMPT|BUB1|TARS1|DNM1L|PSMA2|VDR|PLAAT4|IDH3A|GART|SUB1|CDKN3|PTAFR|ANAPC10|GNL2|PCNA|ZWINT|ALDH1A2|TIMM17A|LMNB1|BHLHE40|LNPEP|SLC39A8|RFC3|PMS2|PAICS|CDK6|IDI1
GSE12366_PLASMA_CELL_VS_MEMORY_BCELL_UP	0.27786167321051	0.756211404608851	-0.305655830171624	-1.07490768599989	1839	173	APOA1|H2AC8|DYSF|ENKD1|TLX1|STOML1|CCPG1|ANO8|CHST12|EVI5L|TMED9|TECR|SLC45A4|TSPAN4|PPCDC|ZKSCAN2|TPD52|TMEM208|CYBA|GLG1|FEZ1|ZMYND10|MYDGF|SLC43A1|YPEL1|TSC1|H2BC5|ICAM2|TXNDC15|CST3|SLC1A5|ABHD12|CDK2AP2|STX5|SGK1|SIL1|THAP3|ITFG2|GPAA1|P4HA2|AP3D1|GCHFR|GSTP1|TMEM214|CHPF2|APBA2|PTPN23|PDIA5|TMEM184B|EDEM3|ABHD8|TMEM39A|FAM8A1|GALNT2|STARD5|CNPY2
GSE17186_NAIVE_VS_CD21LOW_TRANSITIONAL_BCELL_DN	0.278287002253944	0.756211404608851	-0.302136859179828	-1.07351103429306	1851	191	IL21R|METTL27|ENG|SMPD1|TMEM9|FLT3LG|TNK2|DYRK2|DBP|DNAJC15|CARNS1|GRIA3|LRRC75B|IFI27L2|TPCN1|ACTN2|EMP3|RBM38|KLK8|SDR39U1|AXIN2|EPHB6|SNHG17|GBP2|ICAM2|ACSBG1|TRMT112|CTSD|PRF1|USP36|GMFG|XPC|DIAPH1|ENDOG|TBC1D25|CERS4|HDAC7|ARHGAP1|ARFRP1|RPS27|ZNF81|CNP|TTC28
GSE22886_NEUTROPHIL_VS_MONOCYTE_DN	0.278159545861966	0.756211404608851	0.277409540391066	1.05595130685379	930	191	CD44|KCTD12|SLC27A3|LGALS3|SHLD2|STRAP|KLF10|PTPN2|LGALS8|CCT8|FASTKD1|NIPSNAP2|UTP18|PSMA1|GNPAT|CAPN2|NAA15|ESD|RTRAF|SLC25A3|ATP5F1B|IL10RA|UTP3|MRPS35|TRA2B|NARS1|WDR11|CCT4|S100A10|DNM1L|DHX15|CYBB|TTC3|TPP1|RPS24|EIF3M|AIMP1|PARK7|OPN3|MRPL3|GNL2|MTIF2|CUL5|TIMM17A|ADH5|SEC63|PSMC5|HNRNPA2B1|METTL9|COMMD3|DRG1|SUMO3|SFPQ|VDAC2|CANX|KTN1|IMMT|SKIC3|TOMM20|NAP1L1|SEC31A|ACOT9|SMC5|YTHDC2|AQR|NDUFS4|BANF1|XPO1|RBM3|RABGGTB|EIF3L|HSD17B4|COX5A|MTO1|ATP5PO|PEA15|CERS6
GSE25123_ROSIGLITAZONE_VS_IL4_AND_ROSIGLITAZONE_STIM_PPARG_KO_MACROPHAGE_DAY10_DN	0.278185357089385	0.756211404608851	-0.303427589844282	-1.07523137431789	1857	184	UBL3|NDST2|DIPK1A|LRRC56|VANGL2|BSCL2|CIITA|ABCB4|TMEM258|LYST|ZNF467|FAM193B|FAM120C|SLX4IP|CUL9|ARHGAP45|SIGLEC10|RECQL5|TMEM86A|ERO1B|TMEM8B|STARD3|EME2|RGP1|SIRT7|LMF1|NFRKB|MAP7D1|SCAP|MYO9B|RAI1|NECAP2|DYNC1H1|ATP13A2|WDR13|TRAPPC5|GRINA|NR2C2AP|GIT2|OSTM1|SLC35C2|SLC66A1|ZMIZ2|ANKIB1|ATP6V0B|MAN2A1|DNAJC4|ARAP1|ZNF280D|CYB5R3|NFKBIE|RBM5|AMBRA1|KBTBD7|STX16|SLC8B1|ZNF18|HLA-E|TMEM231
GSE25123_ROSIGLITAZONE_VS_IL4_AND_ROSIGLITAZONE_STIM_PPARG_KO_MACROPHAGE_DAY10_UP	0.277962013867953	0.756211404608851	0.278356954679744	1.05603364538216	921	188	CNRIP1|POC1B|ZBTB22|FGF13|ERI2|CNIH1|BATF3|NBN|SUV39H2|MTHFD2|MRPL42|MSH2|PLEKHA5|LIPT1|UBE2N|SAAL1|OAT|NAE1|GCLM|UTP11|IPMK|COPS3|TRMT10B|MS4A2|TGFBI|OOSP2|PHETA2|MRPL15|CASP8AP2|SLC35D1|APPBP2|EXOSC9|NDUFV2|SLC20A1|POGLUT3|SUPV3L1|MRPS35|CNOT2|CELF2|PRELID3B|IFTAP|NIFK|SEPTIN7|IDH3A|CLIP1|PPWD1|IPO5|PTGER3|RCN2|TAF4B|OSBPL3|NUP155|DDX20|STARD7|TTC27|PCLAF|THUMPD1|DDX27|EEF1E1|RIOX1|RPL22|KNTC1|NIPA1|CDIN1|EED|PXK|CWC27
GSE557_CIITA_KO_VS_I_AB_KO_DC_UP	0.27795240233498	0.756211404608851	-0.303625830135402	-1.07577076606335	1856	183	POU2F2|IFI30|MARCKS|FGD3|EXT1|ATXN1|QSOX1|CD84|KRTCAP3|CARD19|PDLIM2|AMZ1|UVSSA|PBXIP1|P2RX4|NAT9|PPCDC|RELL2|TMCC3|KLF12|MICU3|LENG9|PPFIA4|NAPSA|AHCYL2|IFI27L2|DDRGK1|IER5L|ACP6|SLC43A1|SHISA5|GMFG|MTFMT|SDF2|AGRN|ARID3B|JUNB|CRTC1|B4GALNT1|MPV17|TNFRSF1B|NUDT17|GRB7|TBC1D17|SAMD9L|AKAP7
TOMLINS_PROSTATE_CANCER_DN	0.278251784781473	0.756211404608851	-0.405160044758828	-1.12022644396921	1597	35	TGFB1I1|TPM2|CYLD|LAMA4|SMTN|ZNF516
WP_PROGERIAASSOCIATED_LIPODYSTROPHY	0.278280542986425	0.756211404608851	0.443600655172639	1.12491162304541	1229	20	FBN1|KCNJ6|SMAD4|SMAD2|FNTA
FAELT_B_CLL_WITH_VH3_21_DN	0.27866473149492	0.75648251697503	0.354039803239436	1.09326677065657	1151	48	CCNG2|FCGR2B|RNF13|TAB2|SMAD2|MXI1|CBX7|MKRN1|IFI6|HMGN4|RABGAP1L|CDKN1B|SNW1|PSMD10|PUM1|ADARB1|ASAH1|RAB31
GSE14350_TREG_VS_TEFF_DN	0.27889591719379	0.75648251697503	0.285682988486018	1.06044760300153	969	158	MS4A3|PAOX|SCRN3|GLMN|MAP3K9|CTF1|CYP26A1|ALDH1L2|ANGPTL4|HIC1|DUSP22|PLAC1|HPRT1|POLA1|SPEG|ABCB10|RNF182|NUP133|NEO1|SYTL3|BCAN|MPP2|SH3PXD2B|SOX21|RAB36|FZD2|EIF3C|RBPJ|PCGF5|RRM1|HOXB7|NF1|SEMA7A|RPA2|SUCLG1|GPI|SLC9A5|MMS22L|UGT8|WBP11|ATP5PB|TFG|FDFT1|GLRX3
GSE28783_ANTI_MIR33_VS_CTRL_ATHEROSCLEROSIS_MACROPHAGE_UP	0.278969294861904	0.75648251697503	-0.310416569807816	-1.07672876803395	1807	155	TGFB1I1|STS|FARP1|S100P|CLDN7|PHYHIP|COMMD4|ETFB|UNC5B|CLCN2|APOC1|TULP3|GRIA3|HSF2BP|ECM2|RRBP1|SPINT2|NFIL3|DDT|IGSF3|HYAL3|SPN|UCP2|GALE|IL18RAP|RAB30|CCDC9|RTL8C
GSE30971_WBP7_HET_VS_KO_MACROPHAGE_2H_LPS_STIM_UP	0.278663857959675	0.75648251697503	0.279003691942955	1.05541417023347	925	184	DISP1|STK38L|LPXN|CCDC159|TM6SF1|FAM135A|GNA13|CD36|LST1|SLC49A4|SLC22A4|ITFG1|CAMSAP2|HAT1|HNRNPLL|PPT1|CEP20|ME1|PJA1|H2BC21|ETNK1|SPRY2|SLC25A40|SC5D|IRGQ|C5AR2|S1PR3|DOCK10|FPR3|SPP1|ITGB2-AS1|TRIM24|SKAP2|C1orf54|PAPSS1|GTF2E1|RDH11|RBPJ|RAPH1|DBF4|ZFC3H1|DECR1
GSE34515_CD16_NEG_MONOCYTE_VS_DC_UP	0.278860569715142	0.75648251697503	0.278125622860197	1.05676610120446	929	189	MTMR6|AIF1|GPR137B|CCNG2|TNFRSF14|AGA|LST1|CUEDC1|IL10RB|CMTM6|ST3GAL5|NPL|TP53INP1|ABHD3|CLK4|CRLF3|LDLRAD3|PTGES3|BLTP1|MXI1|TWF1|MKRN1|SP3|SPAST|DENND6A|ITPRID2|RP2|FCER1G|ZBTB16|PLXNC1|DAZAP2|ELL2|TMPO-AS1|DYRK1A|ZDHHC20|PAPSS1|WIPI1|ZCCHC7|KCTD9|BACH1|SMPDL3A|SNTB2|PTPRC|RAB14|SPRED1|NACA|ASAH1|REEP3|REST|LNPEP|CENPE|FUCA1|SRBD1|RIOK3|DEDD2|LTA4H|LAPTM4A|CDS2|ZBTB11
GSE40274_FOXP3_VS_FOXP3_AND_SATB1_TRANSDUCED_ACTIVATED_CD4_TCELL_DN	0.278961190545667	0.75648251697503	0.283791245831467	1.05761054326807	955	164	SETD7|KBTBD8|SLAMF6|PDK1|TRAPPC6B|SLC49A4|KIN|SELENOT|TCF7|EGLN3|RNF2|VPS54|WDR75|GGPS1|CD80|SMAD2|CRLF3|RIF1|RTN4|SNAI3|ATP1B1|TAPT1|ATG10|GPR183|IL6R|XYLT1|SCFD1|FUT8|PLS1|LAMTOR3|TGFBR1|EBAG9|PVR|MYB|HPS5|FGD6|KLHL6|CNOT6L|SEMA7A|NRF1|NGLY1|BMP2K|MIER1|STK4|ASCC1
GSE41978_WT_VS_ID2_KO_AND_BIM_KO_KLRG1_LOW_EFFECTOR_CD8_TCELL_DN	0.278770131771596	0.75648251697503	0.284590447881491	1.05847619346494	951	162	ZNF841|PIGB|SLAMF6|MX2|IL12RB2|RGS2|SESN3|ITGB3BP|PLK4|TCF7|RUNX2|UBLCP1|PPT1|TFPI2|GLUD1|CUL4B|NR4A2|ZFYVE16|STYX|NEIL3|MAD2L1|PLPP3|MPP2|PLXNC1|MYLK2|C1GALT1|RBL1|CSRP1|NME7|CPNE3|SEMA4A|STMN1|RACGAP1|TUBGCP4|FRYL|MID1|GALNT10|PTPRJ|MMS22L|ZNF124|PEX2|PAPOLG|CEP70
PEPPER_CHRONIC_LYMPHOCYTIC_LEUKEMIA_UP	0.278989667049369	0.75648251697503	0.422046739203349	1.1181200068543	1214	24	PGAP1|CSTA|DCAKD
GSE20366_EX_VIVO_VS_HOMEOSTATIC_CONVERSION_TREG_DN	0.27956665663557	0.757842316853323	0.278928079923708	1.05512814535689	928	184	SLAMF6|PARPBP|SGO2|CREBL2|TAMALIN|DDIAS|STT3B|CAMSAP2|STRADB|DTL|ALDH1L2|PBK|ZBTB18|B3GNT5|GCNT2|MTHFD2|CCNA2|ERI1|CALB1|CYP27B1|DNA2|SMC2|ZRANB3|ECT2|KPNA2|NUSAP1|IL6R|EML6|PAX7|SYT11|ABCA6|GNAL|CAPRIN1|YWHAZ|CPOX|TYMS|SOCS2|ERC1|BUB1|MYB|ACAT1|MIS18BP1|NEK1|STMN1|WAS|NOD1
GSE13485_CTRL_VS_DAY3_YF17D_VACCINE_PBMC_UP	0.279740780743712	0.758019455296805	-0.311942109244125	-1.0773245400089	1812	148	WNT11|SLC30A4|CFAP45|ADGRG3|H2AC15|LYPD3|LINC00528|CXCL1|MAPK11|KCNC3|LIMD1-AS1|HAS1|RP1|DBIL5P|NFYC-AS1|TNFRSF1A|FOS|C8G
GSE28737_WT_VS_BCL6_HET_MARGINAL_ZONE_BCELL_UP	0.279934062640492	0.758019455296805	-0.303916053276314	-1.07481162662379	1867	180	FES|SPMIP8|LCA5L|CDC26|HEPACAM2|FAM234A|AMZ1|PEMT|ARHGAP45|DYNLT4|UCHL1|SLC16A13|DUS2|RPL18|C19orf67|UQCC5|ZNF585A|STAB1|FAU|TMCO6|MACROH2A2|TIRAP|PXMP4|MAD1L1|GMPPA|INPPL1|GMFG|B9D2|DHRS3|SELENBP1|GPSM3|BORCS8|PRKAB2|SLC66A2|ERN1|CD276|SAMD9L|E4F1|NUDT14|NMNAT1|IL6ST|NUDT7|FAT1|SLC25A35|ABCA5|PIP4P1|COG7|BAIAP2|VAMP2|MAN2B2|ARMC7|C1orf174|LDAF1|CCDC107|HAND2
KEGG_RIG_I_LIKE_RECEPTOR_SIGNALING_PATHWAY	0.279918519775929	0.758019455296805	-0.373387730796514	-1.10674010610197	1648	51	MAPK13|IRF7|CYLD|MAPK11|TBKBP1|MAPK12|RIGI|IRF3|NLRX1|TRADD|ISG15|IKBKG|STING1|TRAF2|PIN1
WP_VITAMIN_D_IN_INFLAMMATORY_DISEASES	0.27992799279928	0.758019455296805	0.429837018135006	1.12047129465867	1243	22	MAP3K1|SMAD4|PPP3R1|CHUK|VDR|MAPK14|MED14|PPP3CA|NR3C1
BOYAULT_LIVER_CANCER_SUBCLASS_G23_UP	0.280117531831538	0.758044326464295	0.347700040779736	1.09106755955363	1143	53	PTH2R|CCNE2|MEMO1|DNAJC6|SMC2|TWF1|ECT2|MAPK1|CENPU|TYMS|DBF4|RRM1|NEK2|HLTF|TFRC|BUB1B|SUZ12|DLGAP5|FEN1|IGF2BP3|ARPC1A|CENPA|IARS1|SLC39A6|LYSET|SLC38A1|SLBP|SLC50A1|COCH|SLC26A2
GSE17186_NAIVE_VS_CD21HIGH_TRANSITIONAL_BCELL_CORD_BLOOD_DN	0.280095708090325	0.758044326464295	-0.303031352641271	-1.07454663755463	1872	185	TMCO4|SMAD7|POU2F2|TP53I11|ADGRG3|CD37|IGIP|MINDY1|KCNC3|DNAJC15|ARHGAP45|CARNS1|LBP|TMEM80|CDKN2D|MIF|TPCN1|RHOF|FASTK|KLK8|AXIN2|SNHG17|BCL9L|GBP2|RPL38|STING1|TRMT112|DIAPH1|TREML2|SLC39A4|CLSTN1|NOP10|ARFRP1|CNP|TTC28|GPAM|EVL|ARHGEF1|TNIP1|RPSA|KDM4B|MFSD9|IL6ST|ADGRL1|NEU1|SKI|POLR3GL|BCL7A|ASB1|FAM8A1|ELK4|AFMID
GSE22611_NOD2_TRANSDUCED_VS_CTRL_HEK293T_STIMULATED_WITH_MDP_2H_UP	0.280169799878714	0.758044326464295	-0.306565074953799	-1.07467888149894	1847	169	CCR7|TCN2|RHOBTB2|N4BP2L1|ABCB4|ADGRE5|COMMD4|ING4|IFIT2|RIGI|PDLIM7|TCP11L2|PPP1R16A|TXNL4B|NME3|MDFIC|COBLL1|PXMP4|SLC12A6|CAPN10|INPPL1|GFI1B|YIPF3|STING1|TXNDC15|CST3|SHISA5|GMFG|DHRS3|HYAL3|STX5|SGK1|RETREG2|HIVEP1|GNS|EVL|PGGHG|OSTM1|LAMP1|TMBIM6|USB1|TAX1BP3|CRAT|NEU1|AP1M1|TMEM184B|ULK1|SEMA4B|ATP6V0B|PXN|NRBP1|FAM8A1|PTPN7
KEGG_MEDICUS_REFERENCE_EGF_EGFR_RAS_ERK_SIGNALING_PATHWAY	0.28029969149405	0.758191404801206	0.480216016166088	1.13367037300501	1271	15	EGF|MAPK1|SOS2|NRAS|BRAF|SOS1|MAP2K1
BAE_BRCA1_TARGETS_DN	0.280673431734317	0.758439212277697	0.408207982820283	1.11514580396487	1216	27	HIPK3|GLUD1|NPM1|TJP2|IREB2|MYB|MAN1A2|STIL|PEX2|SMAD5|ADD2|TNFAIP3|BAG1|TKT
GSE29618_BCELL_VS_MDC_DAY7_FLU_VACCINE_DN	0.280638361939175	0.758439212277697	0.279304284100737	1.05520653208072	931	183	DPYSL2|AIF1|KCTD12|LST1|CPVL|CSTA|CLIC2|RUNX2|PPT1|GNAQ|KLF10|LDHA|AP1S2|RTN4|TOB1|ATP1B1|FCER1G|IL6R|TGFBI|OTULINL|NREP|FCGRT|SHTN1|PRKCI|SLC30A1|C1orf54|CREG1|SSR1|SEMA4A|S100A10|ALDH2|SEPTIN2|ANXA1|PARK7|SLC25A5|PLBD1|IL13RA1|CHP1|RAB31|TIPARP|BHLHE40|S100A4|SCNM1|CAT|ATF3|NDFIP1|RNF130|VIM|MCL1|ALDOA|DST|IL18|ATG3|HEXB|FKBP1A|MACROH2A1|RHOC|TMEM43|RAB7A|ACTB|APIP|NAGA|IMPA2|PPIF
GSE6092_UNSTIM_VS_IFNG_STIM_ENDOTHELIAL_CELL_DN	0.280844645550528	0.758439212277697	0.280655955734155	1.05571451435451	930	178	ZC2HC1A|PITPNC1|MYO1F|C2CD5|TNFSF4|RAD52|KAT2B|INSIG2|TTYH3|DEPDC1B|CLDND1|ARID5B|VPS54|PPT1|GNAQ|B3GNT5|TAB2|MSH2|CRLF3|TMEM35B|SH3BGRL|CBX3|KCNJ8|WDR44|EPS15|BACH2|LRRC8C|DONSON|METTL14|ZNF451|PYGL|CARD6|ANKRD46|CPNE3|S100A10|SNW1|SUGT1|CAV2|SUPT4H1|ACAT2|WRN|TRIM59|WBP1|REEP3|LNPEP|USP48|SPOP|SSBP2|ARID1B|MZT1|TSPAN3|ABHD18|MAP1LC3B|SLC37A3|PPP4R3A|HEXB|FKBP1A|FBXW7|AQP3|CDK19|TRMT13|NSD3|UBE2B|ACOT9
KEGG_MEDICUS_REFERENCE_GNRH_GNRHR_PLCB_PKC_SIGNALING_PATHWAY	0.280544607667503	0.758439212277697	-0.461697106945466	-1.13315076006261	1565	20	PLCB4|GNRH1|GNRHR|GNA11
MADAN_DPPA4_TARGETS	0.280701754385965	0.758439212277697	0.366235046814398	1.10052656136442	1167	42	MYO1F|PDCL2|KLHL13|DNAJC6|GLI1|SOHLH2
REACTOME_ION_HOMEOSTASIS	0.280833618038948	0.758439212277697	-0.3815881956527	-1.10541500094991	1643	45	SLC8A2|ATP2A1|FXYD1|ATP1A3|ATP2B3|CASQ2|ATP2A3|TRPC1|DMPK|ORAI1|KCNJ11
GSE12845_IGD_POS_VS_NEG_BLOOD_BCELL_DN	0.280986762936221	0.758454652930248	0.279644100522429	1.05564089761804	933	182	SLC27A3|GOLPH3|DNAJC24|MTX1|MGAT2|ANKRD36|ACSF2|PIK3C2A|MTHFD2|CCNB1|HIBCH|CAPN2|ATP1B1|ATP1B3|TRIB1|IBTK|USP14|MAD2L1|BRIX1|RCBTB2|EHD3|PSMG1|CEP97|DLAT|CAPRIN1|ATP5F1B|PPA1|CSRP1|SPCS1|RRM2|EMC2|CASP3|HMGN4|BFAR|DECR1|S100A10|ACAT1|ANXA5|PAPOLA|RBBP8|SEPTIN11|USO1|RAB1A|YWHAH|SHCBP1|GYG1|CORO1C|TFRC|FUCA1|FABP5|MTX2|TBL2|INTS7|BLMH|ATP6V1C1|HSPA5|VDAC3|OSBPL2|FKBP11|STK38|HIGD1A|BCL2L11|NUDT4|DNAJC3|RAD17
GSE18791_CTRL_VS_NEWCASTLE_VIRUS_DC_12H_DN	0.281066822977726	0.758454652930248	0.282464939324396	1.05770603082387	958	170	SAMD9|AIM2|FEM1C|ARMCX1|FAM135A|IFIH1|MX2|DHX58|ZNF687|DTX3L|OTUD1|CD80|PI4K2B|PNPT1|NEXN|CCP110|C3orf38|CMPK2|IFIT3|SEMA6B|HOMER1|TMEM140|PAX5|CD274|IFIT5|C1GALT1|TENT5A|SQOR|ARL5B|PELI1|ETV7|NAMPT|GPBP1|ACTR10|PCGF5|GIMAP2|TOR1B|TMEM217|MAML2|MASTL|MKLN1
GSE24142_DN2_VS_DN3_THYMOCYTE_UP	0.281077038145101	0.758454652930248	-0.303498295883251	-1.07434966544401	1878	181	FES|PAK1|TYROBP|ADGRG3|PLXNB2|GKAP1|ITGA4|P2RX4|TSPAN4|ECI1|CD48|ITGAX|PDLIM7|NAPSA|IER3|HFE|DKKL1|SH2D3C|THEMIS2|RIPOR1|COMT|GALR3|MACROH2A2|BCL9L|TMCC2|BIN1|CSRP2|RNH1|LYL1|FANCA|SELENBP1|CD151|ATP13A2|RHOB|CRYZL1|CEBPB|HIP1R|ARHGAP6|EGFL7|NFE2|NIBAN1|NUDT7|NR2F6|NRGN|S100A6|ARMCX3|CAVIN1|FLNA|LACTB|LDAF1|CD52
FUKUSHIMA_TNFSF11_TARGETS	0.281478770131772	0.758519166330932	-0.499600071326755	-1.14092787816675	1537	15	JAG2|NOTCH3|DLL3|HES1
KEGG_MEDICUS_PATHOGEN_KSHV_VGPCR_TO_GNB_G_PI3K_JNK_SIGNALING_PATHWAY	0.281293302540416	0.758519166330932	0.416160209266229	1.11223994489916	1217	25	CXCL8|GNG12|GNB4|MAPK8|GNG10|PIK3CG|MAPK9|PREX1
KEGG_MEDICUS_VARIANT_MUTATION_CAUSED_ABERRANT_HTT_TO_TRANSPORT_OF_CALCIUM	0.281431767337808	0.758519166330932	0.462990487540142	1.12773530955782	1257	17	VDAC1|MCU|CASP3|SLC25A5|VDAC3|SLC25A4|VDAC2
KORKOLA_YOLK_SAC_TUMOR_UP	0.281447963800905	0.758519166330932	0.442461097817622	1.12202185879724	1243	20	PTPN6|DERA|LRP6|LDHB|YARS2
REACTOME_ROLE_OF_LAT2_NTAL_LAB_ON_CALCIUM_MOBILIZATION	0.281208053691275	0.758519166330932	0.463141873514124	1.12810404998084	1256	17	IGHE|PIK3CA|MS4A2|FCER1G|LAT2
GAVIN_FOXP3_TARGETS_CLUSTER_P2	0.282083543029693	0.759040927565456	0.32837590575014	1.08046352737136	1120	69	TM6SF1|CCL5|FOXN3|PEX3|EPS15|LDHD|TMEM176B|GALNS|MYO6|TMEM38B|PELI1|BCL2|ABCB1|ZNF91|VDR|PTGER3|RAB6B|BTG1|OTUD4|CEP192|MTMR9|SERPINB1|KIF23
GSE11961_MEMORY_BCELL_DAY40_VS_GERMINAL_CENTER_BCELL_DAY40_UP	0.282270140760707	0.759040927565456	-0.303045492097873	-1.07307687582832	1884	182	TSGA10|CADM2|BCAS1|PIEZO1|KLC3|TMEM81|WDR25|NPB|TPBG|C1orf159|PLSCR3|SMTN|ARHGAP45|OSBPL5|ZIC1|ZNF622|SRR|STARD3|TBRG4|RHOT2|DZANK1|PKP3|DUS3L|LZTS2|TNKS1BP1|GGCX|UNC13D|ICAM2|ABHD12|HOXC8
GSE15271_CXCR4_POS_VS_NEG_GC_BCELL_UP	0.281938325991189	0.759040927565456	0.282088332026953	1.05755282747877	959	171	STAP1|RAD54B|LRATD1|KPNA3|DARS1|TOP2A|LDHA|NPM1|MTHFD2|THNSL1|LIPT2|SMC2|OLA1|ATL3|TXNDC9|RAD23B|DCAKD|MCU|DDX18|ADK|B3GNT2|AP1G1|RFC5|NARS1|ENDOD1|EIF2S1|PRDX3|HSPD1|ATPAF1|GOLPH3L|MYC|ANP32B|IPO5|PMPCB|AGPAT5|NEPRO|ZWINT|GNL3|MED14|TRIM59|DDX21|POLR1B|FUBP3|DCAF12|MTX2|SKP2|NDUFAF2|NDFIP1|MRPS17|SUMO2|WDR43|POLD3|HSPA4L|PPP1R11|ACOT9|TCF19|POLH|CTH|NUCKS1|NUP43|RASGEF1A|TARBP1|EIF3L|CHCHD4|OGFOD1|POLE2|CYB5R1|NDUFAF4|CSNK2B
GSE28737_WT_VS_BCL6_HET_MARGINAL_ZONE_BCELL_DN	0.282352941176471	0.759040927565456	0.280513585883399	1.05517897639503	935	178	CD83|NAPEPLD|MPP3|CD69|CD70|BMPR2|PKD2|SCN2A|CAMSAP2|HAT1|TOP2A|HIF1A|CD80|C3orf62|RAB22A|MAPK6|UTP18|CYP27B1|ARMCX6|OAT|TRIB1|MFSD1|ASS1|NIPAL1|TANC1|SH3PXD2B|CD274|CXCL11|SNX25|SMC3|CA2|RBM47|P4HA1|ARFGEF1|ALDH1A2|PARP4|OSBPL3|BAIAP2L1|NUP155|GYG1|ATP6V1B2|POLR1B|RIPK1|OTUD4
GSE41867_DAY15_EFFECTOR_VS_DAY30_MEMORY_CD8_TCELL_LCMV_ARMSTRONG_UP	0.282051282051282	0.759040927565456	0.280566386171297	1.05537758978327	934	178	AJUBA|NOXRED1|FEM1C|SNX16|RHOV|BCAR3|TRMT2B|LRATD1|PRMT9|VPS26A|TLE4|P2RY1|KDM7A|GCNT2|RCHY1|THAP6|USP6NL|GAS2L3|FNIP2|FEM1B|TMEM140|ACVR1C|TANC1|RAD9B|ABHD1|SPATA6L|SLC5A11|CERT1|HBEGF|LAMTOR3|RAPH1|NIP7|CDK2|BACH1|ANKRD12|HPS5|FGD6|TRIT1|ABHD5|TIA1|PGAP3|ATP13A3|CEP170|GNL2|RABGAP1|GNL3|ZFAND5
GSE43863_NAIVE_VS_MEMORY_LY6C_INT_CXCR5POS_CD4_TCELL_D150_LCMV_UP	0.282143391707828	0.759040927565456	-0.302985085980469	-1.0735005579256	1884	183	SPIB|KLC4|WNT11|TSC22D3|PURG|PDE2A|HLX|FAM234B|ABCB4|MAPK11|B3GNT8|ACAP1|APLP2|DGKD|IFT140|CD19|ING4|ABHD17A|SPATA6|SIAE|RASGRP1|AQP11|SH2D3C|KDF1|C12orf57|TNFAIP8L2|FRMD8|ID3|STING1|UNC13D|RNF181|RALBP1|HPCAL1|SFXN3|MAP4K2|SNX8|OXLD1|ZNF784|PLEC|PPOX|HIP1R|RGL2|UGDH|SMIM14|GIT2
MCCABE_HOXC6_TARGETS_DN	0.282326621923937	0.759040927565456	0.46248691531669	1.12650872673898	1261	17	SENP8|TNFAIP8|GAS2L3|SLC44A1|ARMH4|ZNF536
WP_CHOLESTASIS	0.282326621923937	0.759040927565456	0.462629139230014	1.12685515054948	1261	17	SLC22A1|ABCC3|ABCC4|TJP2|ABCB11
WP_DEREGULATION_OF_RAB_AND_RAB_EFFECTOR_GENES_IN_BLADDER_CANCER	0.282210834553441	0.759040927565456	-0.49910628589854	-1.13980022908658	1541	15	RAB27B|SYTL1|RPH3AL|UNC13D|TBC1D10A|MADD
GSE40274_CTRL_VS_EOS_TRANSDUCED_ACTIVATED_CD4_TCELL_DN	0.282554603262372	0.759242469018574	0.294771434698499	1.06459261634707	1021	128	AIM2|SLAMF6|CARMIL2|PDK1|RAVER2|WDSUB1|POU6F1|TET3|TCF7|NPM1|CBX7|PLXND1|P2RX7|GPR183|IL6R|TOX|ALPL|ANKRD61|XCL1|INPP4B|EGR2|BACH2|RNF144A|LITAF|FOXP1|VWA5A|REL|PRMT3|MYB|NET1|MYC
YANG_BREAST_CANCER_ESR1_DN	0.282579185520362	0.759242469018574	0.441717167042722	1.12013535036749	1248	20	TLE4|TRIM2|PLCH1|LDHB|FABP5|BTG3|TUBB6|LBR|RAP2B|PUM3
GSE22886_DAY0_VS_DAY1_MONOCYTE_IN_CULTURE_UP	0.282891782667265	0.759679733801191	-0.302850140640075	-1.07302243571793	1889	183	DPEP2|FES|RAP1GAP2|PIEZO1|ITGA4|CD37|NUP210|ZNF467|SLC12A9|RPLP2|RPS29|UBA7|IFITM2|CD101|MNDA|CRISPLD2|CFD|STX10|FOS|SULT1A2|RPL13A|NME3|ENTPD1|NINJ2|GBP2|C11orf21|NLRP1|INPPL1|ICAM2|CST3|RPS18|SULT1A1|NACC2|RHOB|RPS2|PDP1|RPL27|ACAA1|CNPY3|SIDT2|INPP5D|SIGIRR|ICAM3|REPIN1|IRAG2|ERP29|HAUS4|RNASET2|NRGN|OXA1L|SCPEP1|TOR3A|RPS5|FAM8A1|MAN2B2|GSTK1|MSRB1
GSE40274_FOXP3_VS_FOXP3_AND_PBX1_TRANSDUCED_ACTIVATED_CD4_TCELL_UP	0.282956259426848	0.759679733801191	0.280332523635336	1.05449789324188	937	178	MYO1F|LNX2|TM6SF1|CCNG1|LGALS3|IL10RB|ARL5A|ENOPH1|TMEM51|ZBTB33|LRBA|VSIR|KLF10|CHDH|ITSN1|PEAK1|HYCC1|ELMO1|RNF6|SNX4|CPSF3|P2RX7|MYT1|NUAK2|IL1RL1|EPB41L4A|CR2|RAP1A|IL10RA|HUS1|PLEKHA8|LCP1|EMC2|ACTR2|SSR1|KLRG1|KLHL6|ELOVL5|CYBB|WDR81|CLIP1|SDAD1|SMPDL3A|MAN1A2|CCR10|ADO
SIMBULAN_PARP1_TARGETS_UP	0.282968970380818	0.759679733801191	-0.435920056325944	-1.12281369122523	1604	25	TIMP3|CCND1|TINAGL1|DCN|CTTN|CD81|S100A6|CDKN1A
DORN_ADENOVIRUS_INFECTION_48HR_DN	0.28309428638608	0.759697057494708	0.37760252671204	1.10137061898989	1203	36	CD83|EGR3|BCAR3|CCN1|SDCBP|SERPINB5|ELL2|NFE2L2
THILLAINADESAN_ZNF217_TARGETS_UP	0.283126787416587	0.759697057494708	0.366485257869005	1.09900556855307	1187	41	SHLD2|PFKFB3|OTULINL|EIF4E|CENPU|SRP72|PRR11|ETF1|GLT8D1|BAIAP2L1|LMNB1|NUP50|CDC25C|RAD51AP1|KCTD15|BRCA1|XPO4|LBR|HAUS2
GSE20198_UNTREATED_VS_IL12_TREATED_ACT_CD4_TCELL_DN	0.283236129804098	0.759787351943755	-0.303199644554731	-1.07131267368791	1893	178	GAA|FOXD2|TRIM45|DHDH|ATP9B|GKAP1|CCPG1|HEPACAM2|TSPAN5|L1CAM|SLC39A3|DIAPH2|TRPM4|DYRK2|UBL7|ADAMTSL4|CRYBG1|GBA2|TNFRSF1A|DDRGK1|RIPOR1|ERMARD|CNTROB|ATN1|SLC2A8|PELP1|GNA11|HERC2|FBXW4|GRHPR|SPN|ITFG2|AAMDC|C12orf75|TUBG1|XYLT2|NUDT7|SLC35C2|DHX30|TTC12
BIOCARTA_G2_PATHWAY	0.283811710677382	0.760596858583731	0.420180039860074	1.11317459752253	1235	24	CCNB1|YWHAQ|MYT1|CDK1|ATR|WEE1|YWHAH|ATM|CDC25C|EP300|BRCA1|CHEK2|CHEK1
KIM_LIVER_CANCER_POOR_SURVIVAL_UP	0.28393665158371	0.760596858583731	0.441406829584765	1.11934837629643	1254	20	RGS2|PPT1|PFKFB3|ETV5
NAKAYA_MYELOID_DENDRITIC_CELL_FLUMIST_AGE_18_50YO_7DY_UP	0.28368017524644	0.760596858583731	0.256554567821834	1.03908997325706	776	358	PIGB|FOSB|DLX4|STK38L|ST8SIA4|SLC35A3|EGR3|CD36|TGFBR2|CRYL1|CREBL2|DOK2|CCNG1|NABP1|RAB29|IL18R1|MEF2A|PSMD5|ACSF2|ZNF518A|EGR1|FOXJ3|PAQR3|DCLRE1C|NR4A2|ETNK1|SHQ1|WASHC4|TWF1|IFRD1|SKIL|PLXND1|FAM124B|RAP2A|MAPK1|RTRAF|GTF2A1|RCBTB2|CHN2|GNAL|MRPL15|SOS2|FOXP1|BEST1|PRKCI|PDS5B|AGL|ASNSD1|STAU2|NUP205|TCAF1|SPATA20|HUS1|TRIP11|CCSER2|ASCC3|BUB1|SCAMP1|CAPN7|ANKRD12|EIF3J|BAG2|TTC3|TNPO1|MAPK9|TOR1AIP1|GPI|PTEN|GPD1L|IVNS1ABP|PTAFR|ANAPC10|IL13RA1|PRDM2|CDC5L|AGO1|NUP155|STX17|DDX27|SCN9A|EHBP1|ATP6V1C1|TMX4|TAF12|AKAP10|CEP192|CDS2|VAMP1|MAFF|MAP1LC3B|GORASP2|POLR3C|CRK
POMEROY_MEDULLOBLASTOMA_DESMOPLASIC_VS_CLASSIC_DN	0.28399253097946	0.760596858583731	-0.372279028131446	-1.10345385536589	1672	51	NHLH1|PBX3|QSOX1|RPS29|COL1A1|NTRK3|UCHL1|APOD|NFATC4|RPS18|RPS10|RPS23|COL1A2|RPS11
REACTOME_FOXO_MEDIATED_TRANSCRIPTION_OF_CELL_CYCLE_GENES	0.283969804618117	0.760596858583731	0.469163768539142	1.12372049910978	1278	16	CCNG2|FOXO1|SMAD4|SMAD2|RBL2
WP_IL26_SIGNALING	0.283985765124555	0.760596858583731	0.368806474767962	1.10050800267201	1196	40	CXCL8|IL10RB|CTSK|PIK3CA|SMAD2|MAPK8|MAPK1|JAK2|CASP3|MAPK9|MAPK14
GSE42021_CD24LO_TREG_VS_CD24LO_TCONV_THYMUS_UP	0.28421368547419	0.760986122910087	0.279539532476583	1.05285584457504	946	179	PITPNC1|MS4A6A|KIN|BLZF1|CCL4|ITFG1|UBLCP1|RHOT1|PPP1CC|TAB2|TNFAIP8|SYPL1|PROCR|UTRN|SMC2|YWHAQ|CLK1|PDE8A|TRIM13|ERP44|VAV1|MYOM2|RSAD2|GJC1|B3GALT1|TAC1|LAT2|RPS6KA2|TCEAL9|DBT|TIPIN|PLPBP|CDK1|CACYBP|FAM3C|AKIRIN1|CFAP20|TUBGCP4|GART|MIX23|MAPK14|CD93|PRXL2A|WRN|AMFR|KLHL7|NUP54|GABARAPL1|RFC3|RAB10|SUN1|ASH1L|EIF1AX
WARTERS_RESPONSE_TO_IR_SKIN	0.284296175752644	0.761004003254679	-0.344397019955042	-1.091546830109	1746	76	VWCE|MTCL1|POU2F2|GDF15|DDB2|FGFBP3|RTTN|MICALL2|ICAM5|NDUFAF8|LINC00926|FDXR|FAS|BTG3-AS1|STING1|PRF1
SAFFORD_T_LYMPHOCYTE_ANERGY	0.284467138856861	0.76125863498938	-0.346311039594634	-1.09149901790106	1726	74	LAG3|STX11|ADGRE5|KCNK5|ING4|S100A5|IER3|FYN|OAZ3|KCNJ11|F2R|RCBTB1|ARFIP1|NOCT|HSPA1A|RNF19A|PFKP|MMD|MYO1C|ISYNA1|ACTN4|FURIN|MICA|DDR1
HARALAMBIEVA_PBMC_TIV_AGE_50_74YO_CORRELATED_WITH_MEMORY_B_CELL_RESPONSE_28DY_NEGATIVE	0.284615384615385	0.761452353616533	0.441285663355801	1.11904111502959	1257	20	PECR|SERGEF|NDFIP2|ZNF32|TRIM2|UGP2
BANDRES_RESPONSE_TO_CARMUSTIN_MGMT_48HR_UP	0.284927280740414	0.761474985109765	0.478565186854489	1.12977317628844	1292	15	CCL2|SNAPC1|CLTCL1|GOLGA4|SNRPB2|UGT8
GSE7459_UNTREATED_VS_IL6_TREATED_ACT_CD4_TCELL_DN	0.284922394678492	0.761474985109765	-0.326985936583208	-1.08315266085662	1798	105	H2AC15|PRDM11|GFAP|KREMEN2|RTKN|AMZ1|MYO16|ECM1|H4C3|UNC5B|PTH2|GRIA3|ENTPD1|PTPN3|RSPH14|COLGALT2|STING1|SPATA7|LARGE2|CPQ|SDC4|CLSTN1
GSE8921_UNSTIM_0H_VS_TLR1_2_STIM_MONOCYTE_6H_UP	0.284857571214393	0.761474985109765	-0.303081050336154	-1.07076911923631	1899	179	GAA|CYFIP2|CDC26|POLR2F|PAK6|ACADS|COX6A1|TIMM8B|MTG1|MICOS10|ZIC1|SLC26A10P|JMJD8|SMPD3|NDUFS7|AURKAIP1|KDF1|SEMA6A|NRG1|DPP3|LIG1|AMPD2|EMC4|OTX1|PMPCA|FILIP1L|MERTK|SLC7A11|STOML2|ALG3|ANKRD13D|RBFOX2|PYROXD1|HNRNPAB|IRAG2|SPINT1|ESPL1|RRP7A|MXRA8|S100A6|NDUFB6|CTNNBL1|PES1|MTFP1|CENPW|C22orf39|CDCA8|MRPS26|TTLL12|ISY1|TSR3|COX6C|GATB|ARF1|TINF2|DDX11|NDUFB9|NSUN2|TESC|SF3A1|TMED3|RUVBL2|PABPN1|RERE|MALSU1|MID1IP1|XRCC6
PID_INTEGRIN5_PATHWAY	0.28470691934773	0.761474985109765	0.478625355890483	1.12991522039189	1291	15	FBN1|ITGB7|CCN1
GSE17721_CTRL_VS_POLYIC_24H_BMDC_DN	0.285114045618247	0.761771304209733	0.279417121591717	1.05239479702864	949	179	CD83|PTPN6|MX2|CCL5|KIN|CUEDC1|USP25|SFT2D2|FER|TAB2|DCTN4|PSMA4|ARF4|TSPAN13|WASHC4|SLC39A1|ESD|HK2|ABR|TTC39C|PTX3|DCAKD|IFT57|JAK2|UGP2|COPS5|BFAR|NEU3|MAGI2|ANXA5|GDE1|CD47|CHD1|PSMC2|NR5A2|RBM47|ZNG1B|NUP88|FBXW11
BROWNE_HCMV_INFECTION_4HR_UP	0.285271687321258	0.761786963908165	0.365606217505205	1.09636952730979	1196	41	CCT6B|IFIT3|EFNB2|RSAD2|IFIT1|PDE4D|ERVW-1|RLF|PTGER3|TFRC|RIPK1|ZC3HAV1|PTPN11|PMAIP1|UBE3A|SOD2|FKBP5
WP_MALE_INFERTILITY	0.2852402022756	0.761786963908165	-0.324760020587061	-1.08142415074053	1804	109	MSH5|DND1|TCN2|AHRR|SLC46A1|PEMT|SOD3|YBX2|PIWIL1|KLK2|CXXC1|VCX|ESR1|FAS
GSE5589_UNSTIM_VS_45MIN_LPS_AND_IL10_STIM_MACROPHAGE_DN	0.285499398315283	0.762192276672556	0.278949668680799	1.05301945610984	948	182	ADTRP|SLC9B2|PDK1|ZNF354A|FBXW8|STT3B|USP38|HAT1|UBLCP1|TFPI2|CPD|HIC1|GGPS1|GCNT2|EIF4G2|STT3A|GINS1|SVIP|SPEG|MAPK8|UTP11|VPS37D|MGMT|SGCB|GRIA2|KCTD14|ACSL4|UBE2E3|ASB3|DCTN6|TMEM14A|HNRNPK|RNPC3|CCT4|SEC24A|DNM1L|C1D|HAPSTR1|THOC7|CLNS1A|METAP1D|RBBP8|PPP2CA|FRYL|CCDC90B|MID1|ADARB1|NUP54|B3GALNT1|ZNF318|E2F5|MDM1|ATP6V1C1|SETD3|POMT2|KPNB1|CUL4A|SFXN5|SLC25A4|POLR2B|WDHD1|KPNA4|CALCOCO2|TOMM20|NAP1L1
GSE20715_0H_VS_24H_OZONE_LUNG_UP	0.285972850678733	0.762570319580049	0.280032030932587	1.0533675608856	947	178	ELK3|MYO1F|ST8SIA4|ARMCX1|CD36|PPP2R3A|RGS2|CCL5|CD3G|MS4A6A|ZBTB22|HLA-B|TCF7|CORO1A|GNB4|HS2ST1|PPT1|RNF138|RFX5|FMNL3|TSPAN13|EPB41L5|TCEA3|QNG1|MMP11|TANC1|NREP|XCL1|SLC40A1|BACH2|GNG10|FOXP1|FZD2|PKP2|SQOR|DCTN6|CSRP1|MRPS35|SNX2|BCAS3
GSE29949_MICROGLIA_BRAIN_VS_CD8_NEG_DC_SPLEEN_DN	0.286020846106683	0.762570319580049	-0.30854510230203	-1.07342806409172	1865	158	SLC30A3|SPIB|LAG3|FAM234B|TIMP3|GFAP|EXT1|L1CAM|GDF15|COMMD4|SLC12A4|COX17|FOXH1|FLT1|CASQ2|HFE|SLC6A8|AURKB|LSR|CDKN2D|GREB1|FMO4|DLK1|SEC61A1|KCNN1|MAP3K3|PPOX|RAB30|PRPF19|RGS12
GSE29949_MICROGLIA_VS_DC_BRAIN_UP	0.285972850678733	0.762570319580049	0.28007270397295	1.05352055645964	947	178	CD44|DEPP1|CPVL|BMPR2|SMARCA1|CAMSAP2|STRAP|TLE4|KALRN|ALG13|PPM1B|RALGAPB|UAP1|GDI2|TNFAIP8|LIPT1|LRPPRC|ARPP19|ATP1B1|CBFB|F5|SSUH2|CLTCL1|ELL2|EIF4E|DLAT|HBEGF|ACSL1|FXR1|ZW10|REL|NGDN|PHLPP2|S100A10|MYC|ABHD5|MINPP1|VDR|CA2|BMP2K|ZNF460|SEC62|HLTF|BHLHE40|CTDP1|MAP2K4|SREK1
GSE7219_UNSTIM_VS_LPS_AND_ANTI_CD40_STIM_DC_UP	0.285911602209945	0.762570319580049	-0.309790066457025	-1.07326520150497	1862	152	GZMM|TCEA2|METTL27|SMAD7|POU2F2|CCR7|RAP1GAP2|PDE2A|LATS2|ENC1|S1PR5|TSPAN5|HDAC10|CBX8|NSG2|CXXC1|KATNB1|C19orf38|MBOAT1|COBLL1|TNKS1BP1|PLEKHG2|WDR4|RRP12|KLK13|DGKA|SLC7A1
RIEGE_DELTANP63_DIRECT_TARGETS_UP	0.285759145862773	0.762570319580049	-0.318275195308787	-1.07761508658198	1819	125	PAK1|S100A2|RGS20|RAPGEF5|SFN|RAB38|TSPAN5|SH3PXD2A|SMTN|IFI16|KIRREL1|SLC2A9|AURKB|FEZ1|QSOX2|IL1B|NRG1|LIG1|MMRN2|RRP12|SLC1A5|NOM1|DUSP7|NDST1|MALT1|NCAPH2|OAS3|MREG|GSTP1
GSE21360_TERTIARY_VS_QUATERNARY_MEMORY_CD8_TCELL_DN	0.28657487091222	0.763410698481911	0.28726270501164	1.05961816569734	998	152	CD83|SLAMF6|CD69|CD40|CD36|LST1|MMP14|SRC|HIF1A|RIMS3|ME1|CPD|PTPN2|EAF1|PFKFB3|CD80|MTHFD2|PROCR|NAB1|CMPK2|LAMA2|SLAMF7|NOP58|IFT57|JAK2|MORF4L2|SAMSN1|ADK
KEGG_MEDICUS_REFERENCE_FANCONI_ANEMIA_PATHWAY	0.286640259272596	0.763410698481911	-0.466671431195487	-1.13014634370609	1591	19	FAAP20|FAAP100|CENPX|UBB|FANCA|FANCG|FANCE|FAAP24
REACTOME_EPHB_MEDIATED_FORWARD_SIGNALING	0.286595492289443	0.763410698481911	0.36805922084932	1.0982782182898	1207	40	SRC|ACTR3|KALRN|YES1|ITSN1|ROCK2|EFNB2|RHOA|ROCK1|LIMK1|ARPC3|ACTR2|PTK2
REACTOME_SYNTHESIS_OF_PIPS_AT_THE_PLASMA_MEMBRANE	0.286548285088786	0.763410698481911	0.349799702281322	1.09050840934388	1177	51	MTMR6|PIK3C2A|PIK3CA|BMX|PI4K2B|PLEKHA5|INPP5K|OCRL|INPP4B|RAB5A|PIP5K1B|PLEKHA8|PIK3CG|PTEN|MTMR2|RAB14|RAB4A|SYNJ1|INPP4A|MTMR9|PIP4K2A|PIK3CB|PLEKHA2|PIP5K1A|PIP4K2C
GSE32423_CTRL_VS_IL7_MEMORY_CD8_TCELL_DN	0.286788089043076	0.763448585969545	0.284136440749538	1.05591353267764	991	160	MTMR6|GPR137B|TMOD4|DNAAF9|TBCEL|SMARCA1|TET3|EIF3E|MTREX|LHPP|GULP1|ATG2B|SATB2|SNAI3|SORBS1|PROS1|CWC22|LYRM7|CNOT6|LRP2BP|AKAP4|MYO6|RHOA|GOLGA4|PRR16|DONSON|PHTF2|CRY1|ZNF627|IFTAP|CMTR2|LIN28B|CHMP4C|STXBP4|TBCK|WT1
GSE7831_UNSTIM_VS_INFLUENZA_STIM_PDC_4H_DN	0.286806596701649	0.763448585969545	-0.302899060387314	-1.07012615849359	1912	179	SPIB|FES|ADSS1|GTF2I|FLT3LG|GRN|PNCK|SH3BGR|SERPINH1|CD48|GCOM1|GBA2|EMP3|SMIM11|MX1|MYDGF|GNA11|NSDHL|RAMP1|ZFYVE19|POLD1|MAP7D1|MED10|CTSD|ASNS|TRABD|DGAT1|SEC61A1|MLEC|GRK6|SELENOS|MAPKAPK2|TSC22D1|PACSIN1|XPO6|HDAC5|FKBP2|PAFAH1B3|SPINT1|C8orf82|ECH1|AARS1|DTX2|CLCN5|MTM1|ZDHHC14|IRF1|PKN2|CHRNB1|PRSS8|SERINC3|TCF25|MRPL58|ACIN1|DAG1|MAOA|CTPS2|ALAD|PPDPF
BOSCO_TH1_CYTOTOXIC_MODULE	0.289201422567087	0.763783922093099	-0.338276499924524	-1.08578999560248	1788	83	ADAM19|IL15|IL4I1|HERC6|TSHZ3|ANXA2R|CD163L1|P2RX5|STAB1|CMKLR1|BATF2|ISG15|MERTK|PRF1|F2R|CERS4
FULLER_PBMC_F_TULARENSIS_VACCINE_LVS_AGE_22_54YO_336HR_DN	0.288189694482444	0.763783922093099	0.423378113628178	1.11113227700323	1263	23	CD83|CD44|FCGR2B|CD80
GSE10856_CTRL_VS_TNFRSF6B_IN_MACROPHAGE_DN	0.287093942054434	0.763783922093099	0.282061895370212	1.05348244476059	980	167	MEIS1|KBTBD8|ENTHD1|NUS1|SLC22A4|TTC8|DNAJC24|BPNT2|PRIM1|CALN1|RAB23|MAPK6|LYPLA1|TFB2M|PSMA4|UNK|LRP6|STAG3|ATXN10|MRPL39|FAM13B|ARL1|GMPS|CDC27|SIGLEC6|FBXO15|LINC01010|MCTS1|TRIAP1|ACER3|TMEM38B|C1orf54|PAPSS1|TUBE1|UBA2|PHLPP2|NDUFA5|UBE2NL|CRIPT|CEP57L1|BFAR|NIP7|FH|ZBTB21|TOR1B|COX7B|DERL1|CMAS|SNAPC5|FAM78B|IPP
GSE1740_MCSF_VS_MCSF_AND_IFNG_DAY2_DERIVED_MACROPHAGE_WITH_IFNA_STIM_DN	0.288909455498997	0.763783922093099	-0.311205201948158	-1.07256949694879	1872	145	TPM2|CADM2|PLEKHN1|APOA1|RNF215|FAAP20|BDNF-AS|CECR2|ANO3|CSF2|TIGD4|PLD5|DENND2C|USP35|ZMYND10|STXBP5-AS1|TMEM232|IL1B|LGSN|NDRG4
GSE17721_PAM3CSK4_VS_GADIQUIMOD_12H_BMDC_DN	0.288256227758007	0.763783922093099	0.280161833466878	1.05229492412771	971	174	LPXN|ASAH2|TBX3|TNFRSF14|CCL5|DHX58|TAMALIN|USP25|CMTM6|RNF2|GNB4|STXBP3|ATP8B3|CTSK|TAB2|RAB22A|SMAD4|CKAP2|PROCR|SMNDC1|AP5M1|SNX4|SCN4A|EML6|CD274|IGFBP5|RAP1B|GALNS|NSUN4|NR2C1|B4GALT5|ATP11A|NAMPT|TRAFD1|AFTPH|DMTN|BRAF|CLIP1|ITM2B|SPG11|YWHAH|TIPARP|TM2D1|SPOP|PNP|PARP9|NFIA|LAPTM4A|TXLNG|MORC3|POLD3|PARP14|RAB20|CCNB1IP1|KTN1|PPP1R11|RHOC|KLF15|ANP32A
GSE22025_TGFB1_VS_TGFB1_AND_PROGESTERONE_TREATED_CD4_TCELL_UP	0.2883565797453	0.763783922093099	-0.305428877785369	-1.07069588669004	1901	169	POU2F2|TP53I11|LYPD3|KIF1A|CD84|TPBG|CTRL|ECM1|SLC9A1|ADGRE5|TNK2|LAMA5|COL6A1|PPFIA4|PCYT1B|SPECC1L|COL6A3|PTK2B|MED22|MDFIC|CXADR|GNMT|EPHB6|FAM76A|GBP2|LTBP4|SLC10A3|ID3|TRIP6|PIGL|SNHG3|IL16|DHRS3|NDST1|ERN1|CEL|FLNB
GSE22886_TH1_VS_TH2_48H_ACT_UP	0.289163992052575	0.763783922093099	-0.307405265958494	-1.07171333532708	1891	160	KRT15|BFSP1|FN3K|PLXNB2|NDOR1|LPAL2|FZD7|CLDN7|LILRA2|PRKCZ|EREG|GABRG2|ABCA4|COLEC12|CRISPLD2|IER3|LAMB3|HSPB1|PEX7|ECE1|VENTX|SLC15A2|CCDC57|KCNN4|DECR2|HOXC8|SGK1|MRAS|RAP1GAP|VARS1|TFR2|TUBB2B|ZNF205
GSE29618_PRE_VS_DAY7_POST_TIV_FLU_VACCINE_MONOCYTE_DN	0.287028657616893	0.763783922093099	-0.30392597880466	-1.07000844261743	1902	175	FES|STOML1|FAM234B|ELMO3|GTF2H4|DDRGK1|RIPOR1|COMT|TAOK2|SEMA3G|LGSN|GDF9|ACP6|TJAP1|AKR1C2|SUGP2|TRIP6|GPATCH3|IL16|SLC4A2|NDUFB1|POLR3K|SDC4|UBR4|SCYL3|PPOX|NENF|TSC22D1|INPP5D|PTCD1|DYNC2I1|RNF220|DGUOK|CD3D|CRAT|GUSBP11|UBFD1|PDIA5|YIPF2|MRPL17|PSD4|ABCD4|SUPT6H|ZBTB48|IER2|SAP30L|FLII|NECTIN2|DEXI|ABCF3|TXN2|GCN1|PIH1D1|ARAP3|MTMR14|DDX24|H2BC4|PPM1G|ARFIP2|TRIP10|MEN1|SDHAF1|HEXIM1|CHFR|COQ9|KHDC4|LSM1|LETM1|ARFGAP2|PRMT2
GSE30971_WBP7_HET_VS_KO_MACROPHAGE_2H_LPS_STIM_DN	0.287727539635937	0.763783922093099	0.281502841186974	1.05307127621975	979	169	FSD1L|BATF|STEAP1|SLC22A1|NEDD4|PLD1|MGAT2|MAP3K1|KDM7A|OTUD1|PTPN2|ETV3|HYCC1|LDLRAD3|TNFAIP8|PIKFYVE|SNAPC1|ATL3|PDE8A|PLGRKT|WTAP|VAV1|ERVMER34-1|NKX3-1|PLA2G4A|IL24|PTX3|CD274|ELL2|PRRC1|SAMSN1|PELI1|B3GNT2
GSE32128_INOS_DEPENDENT_VS_INOS_INDEPENDENT_ACTIVATED_TCELL_UP	0.287685615719214	0.763783922093099	-0.301296039708638	-1.06963353329202	1917	189	GAA|ESPN|SEL1L|ADSS1|RHOBTB2|DHRS1|COL1A1|HYOU1|GPRASP1|MMP1|CFD|CYP2S1|PRKCSH|ZNF622|LSR|TPCN1|RIPOR1|SRR|GRIK5|SDR42E1|NDRG4|RFNG|AKAP8L|P2RX6|AKR1B1|SLC2A8|BCAT2|DHRS3|MCRIP1|SDC4|HDAC7|THOC6|MTMR10|BAP1|ZMYND11|TGIF2|MFGE8|ENPP3|SPRYD3|ABCD4|CSTB|CDKN1C|DNMT3A|HSPA1B|DNPEP|URM1|RDM1|APOBEC3B|TRAF5|PLCD1|RNF19A|CYB5R3|GPCPD1|UBE2Z|MMD|HMGA1
GSE38304_MYC_NEG_VS_POS_GC_BCELL_DN	0.288259958071279	0.763783922093099	-0.302398198396888	-1.07078482423703	1924	182	RINL|TBC1D1|STX11|DHDH|PDE2A|TBKBP1|PPP1R14A|GRN|HOOK2|DNAJC15|SHLD1|ZSWIM5|LGALSL|APOBR|KATNB1|B3GAT3|ARHGAP26|C19orf38|SEC61B|TMEM109|COBLL1|SLC2A8|AKNA|SEMA4F|RNH1|POLR2E|TRMT112|ASNS|NDUFB7|SIL1|RILPL2|DEAF1|ITGB1|VKORC1|CCDC9|ID2|NRARP|REPIN1|FLOT1|NIBAN1|IFNGR1|SLIRP|EMC10|MAFG|CCHCR1|SCPEP1|SURF1|PCGF2|APOBEC3B|CEMIP2|STIMATE|AP1G2|LDAF1|TRAF5
GSE40274_SATB1_VS_FOXP3_AND_SATB1_TRANSDUCED_ACTIVATED_CD4_TCELL_UP	0.288674033149171	0.763783922093099	-0.309445164786083	-1.07207029243123	1880	152	KLC4|PAK1|NHLRC3|TCTN2|ELMO3|STK36|STK11IP|MIIP|DGKD|UBL7|TIGD4|RIGI|CLCN7|LGALS3BP|SLC27A1|PLOD3|RBM38|LMF1|RFNG|CSRP2|NSDHL|IGF2R|ORAI1|SLC4A2|SLC25A16|LENG1|PPP1R12C|GRK6|MOCS1|PARP3|UNC45A|FIZ1|TTC28|ARHGEF1|NFKBIB|NUDT14|NNMT|IRF9|TMC8|DUSP5|CCHCR1|SEMA4B|AUP1|POLR1A|PRR5
GSE46606_IRF4_KO_VS_WT_UNSTIM_BCELL_DN	0.28831286948613	0.763783922093099	-0.305096945088196	-1.07083071270504	1901	171	NFKBIZ|TRPM2|ARK2C|ABRACL|DND1|C3|EXOC3L4|IRF7|PAQR6|PROB1|CLDN6|ZC3H12C|KLF7|DNAJC22|PILRA|CAMKK1|IL2RG|IL1B|FAS|ZC3H12A|FILIP1L|SLC7A11|KANK1|NFE2L1|RILPL2|HIVEP1
GSE7219_WT_VS_NIK_NFKB2_KO_DC_UP	0.287573964497041	0.763783922093099	0.280140882099298	1.05139159353934	971	173	ARRDC3|PRNP|LPXN|MEX3C|DHX58|SNX18|CCL4|NCOA2|AMD1|TOP2A|HIF1A|NAAA|PHLDA1|KLF10|EGR1|KIF11|FMNL3|TSC22D2|TOB1|NKRF|SKIL|SLC38A2|RRAD|RSAD2|PERP|ABR|TOX|PDE4D|CD274|XCL1|RNF125|HERPUD1|ARL5B|RBPJ|CASP3|CLIC4|PDE7A|HSPD1|PRDX6
GSE7568_IL4_VS_IL4_AND_DEXAMETHASONE_TREATED_MACROPHAGE_DN	0.288586802605494	0.763783922093099	0.289724970951669	1.06011755964283	1018	142	PITPNC1|TMOD4|SLC49A4|CAMSAP2|SLC38A9|TRMT61B|KDM7A|L3MBTL3|EIF4E3|PPP1R12A|BTBD9|IFIT3|NCALD|HSD17B11|TRIM2|XYLT1|ATP8A1|INPP4B|FCGRT|SLC20A1|PCMTD1|ZDHHC20|PELI1|TMEM50A|CRY1|ZCCHC7|EIF4G3|PDE7A|ANXA1|DAD1|ERCC5|PARP16|GNL3|BRWD1|SGMS1|MYCBP2|BTG1|SYNJ1|SSBP2|PFDN5|ASH1L|LAPTM4A
GSE9946_IMMATURE_VS_PROSTAGLANDINE2_TREATED_MATURE_DC_DN	0.288283378746594	0.763783922093099	0.300872190277948	1.06616147073335	1057	112	SEMA3A|TTK|PELI2|ZNF235|BBS12|HAT1|BATF3|BCAP29|PAQR3|RGS9|POLA1|NCAPG|RAP2A|NCALD|SCN4A|SYNE2|ZBTB16|LHX9|TSNAXIP1|KIT|ICA1|RAP1A|UPRT|MTCP1|ARHGDIG|PRELID3B|CASP3|KIF15|PABIR2|NEK1|PSMC2|GTPBP10|MFSD14B
HOEK_B_CELL_2011_2012_TIV_ADULT_3DY_UP	0.287350946925415	0.763783922093099	0.392278887461341	1.10449735769101	1228	31	SULT1A4|LGALS3|FNDC3B|CCNA2|TRIB1|SLAMF7|TYMS|RRM2
KANNAN_BLOOD_2012_2013_TIV_AGE_65PLS_REVACCINATED_IN_6_9_MO_VS_REVACCINATED_IN_12_13_MO_UP	0.288449848024316	0.763783922093099	0.275080436703631	1.0529566529437	948	200	FEM1C|DLX4|NAPEPLD|CAMKMT|ZNF26|IMPG2|ZBTB33|CLDND1|EIF3E|WDR75|RND2|GOLGA8B|CT55|SC5D|NAE1|DENND4C|ATXN10|GRPEL2|STYX|COIL|LYRM7|PER2|ZNF816|FKBP10|GPR183|DOCK10|FIBCD1|CLTCL1|UBE2E1|C1orf54|SRP72|WDR36|SLC30A7|ITM2A|CUL2|EIF2S1|ZFC3H1|RPS3A|ZNF566|PRKAA1|HACD3|PCSK1N|RPL6|SECISBP2L|RO60|GTF3A|TMEM126B|LSM3|ADO|MRPL3|HMGCS1|IPO11|INTS6|AK3|NUP155|CNKSR1|USP16|PAICS|ZZZ3|NDUFAF2|COMMD3|DENND1B|EIF3H|SUZ12|RBM12|RPS6|DYNC1LI2
KEGG_MEDICUS_REFERENCE_AUTOPHAGOSOME_AND_LYSOSOME_FUSION_TETHERING_FACTOR	0.28865041833394	0.763783922093099	-0.488988288597379	-1.13470557147323	1586	16	TECPR2|RAB7B|MAP1LC3A|VPS18|VPS39|VPS11
KEGG_PROTEIN_EXPORT	0.287715269804822	0.763783922093099	0.418955468871634	1.10993036603155	1252	24	SRP19|SRP9P1|SRP9|SRP72|SPCS1|SPCS2|SEC62|SRPRB|SEC63|IMMP2L|SEC61G|HSPA5|SRP54|SRP68
LOPES_METHYLATED_IN_COLON_CANCER_UP	0.289321789321789	0.763783922093099	-0.47249668582385	-1.12946247723619	1603	18	ITGA4|PYCARD|TWIST1|ESR1
MIKKELSEN_NPC_HCP_WITH_H3K4ME3_AND_H3K27ME3	0.288662969808996	0.763783922093099	-0.309785858038073	-1.07321905722844	1873	153	ASCL2|WNT11|MAPK8IP2|GNG8|SYNM|PTPRU|CELSR3|PSMB9|KCNC4|PTH2|SMAD6|SFI1|FLT1|GALNT14|RASGEF1B|PLXNA4|CAMKK1|CASZ1|C2CD4B|ESRRB|SMOC2|FOXD4
MOOTHA_TCA	0.289298401420959	0.763783922093099	0.466435007231939	1.11718468960422	1302	16	SDHD|CS|FH|IDH3A|SUCLG1|SUCLA2
PLASARI_TGFB1_TARGETS_10HR_UP	0.288207618758537	0.763783922093099	-0.305926608494039	-1.07033193610007	1898	165	WNT11|FSTL3|RAP1GAP2|SFN|TIMP3|KHDRBS3|ANKH|EREG|ACAP1|UNC5B|LPIN3|SLC41A2|FLT1|TMCC3|MFSD2A|CRISPLD2|IER3|GAREM2|SERPINE1|MCAM|PTK2B|NFIL3|CMKLR1|PLK3|JUNB|SPHK1|PDGFA|HIP1R|FLNB|FGF2|KLF13|RNF149|NRARP
REACTOME_EFFECTS_OF_PIP2_HYDROLYSIS	0.288081805359662	0.763783922093099	-0.434374927106229	-1.11883385084525	1633	25	DGKD|DAGLA|RASGRP1|TRPC3|ABHD12|DGKA|ITPR3|ITPR2|ABHD6|RASGRP2|DAGLB|DGKZ
REACTOME_G_BETA_GAMMA_SIGNALLING_THROUGH_CDC42	0.288141720896602	0.763783922093099	-0.478375987752598	-1.12819476158238	1593	17	PAK1|GNG8|GNB3
REACTOME_NRAGE_SIGNALS_DEATH_THROUGH_JNK	0.287708129285015	0.763783922093099	0.34569832977083	1.08478627773232	1174	53	VAV2|GNA13|ARHGEF16|FGD4|KALRN|ITSN1|ECT2|MAPK8|VAV1|ABR|SOS2|ARHGEF12|NET1|TIAM2|PREX1
VALK_AML_CLUSTER_8	0.289315937940762	0.763783922093099	-0.433870582350143	-1.11753479339421	1640	25	TSPAN5|DCAF11|BCAM|SLC6A8|FAXDC2|SELENBP1|GYPB|RHCE
VALK_AML_CLUSTER_9	0.289032483409012	0.763783922093099	-0.416176896380387	-1.11562600164564	1654	30	FAM171A1|CHST12|CLIP3|COLEC12|VSIG4|TPPP3|BAHCC1|DHRS3|ICAM4|CD81
WP_FOXA2_PATHWAY	0.289038031319911	0.763783922093099	0.459627751675532	1.11954448043002	1291	17	FOXA1|FOXO1|ABCC3|ABCC4|FOXA2|GSTM2
WP_PATHWAYS_AFFECTED_IN_ADENOID_CYSTIC_CARCINOMA	0.289162561576355	0.763783922093099	0.334845567379728	1.08295256405113	1173	62	ARID5B|ERBIN|PIK3CA|MYCBP|MYB|CMTR2|MGA|MAGI2|MYC|KDM6A|PTEN|NCOR1|MORF4L1|MAGI1|ATM|EP300|FBXW7|CTBP1|BRCA1|CHEK2|JMJD1C|FGFR4|CHEK1|KANSL1|KMT2C|SRCAP
WU_HBX_TARGETS_3_UP	0.289367429340511	0.763783922093099	0.453471917748391	1.12315745180604	1289	18	TFAP4|TWF1|GSTM2|TYMS|MYB|MYC|CDKN3|DAD1
HOFT_CD4_POSITIVE_ALPHA_BETA_MEMORY_T_CELL_BCG_VACCINE_AGE_18_45YO_56D_TOP_100_DEG_AFTER_IN_VITRO_RE_STIMULATION_UP	0.289592760180996	0.764177740982343	0.439883206523255	1.11548467305108	1279	20	COPS2|SBDS|ANKRD36C|TMEM70|IFT20|DAPP1
COLDREN_GEFITINIB_RESISTANCE_DN	0.290708096803107	0.764796097062053	0.276044656437636	1.05075591598044	972	191	ZNF429|SLC35A3|AKTIP|MPZL3|SPINT1-AS1|GPR160|CCNG2|JUN-DT|ZNF43|S100A14|TC2N|FGD4|SESTD1|CDS1|STAP2|KALRN|GCNT2|ZNF681|EXPH5|ZNF468|PLEKHF2|TJP2|TMEM123|SH3BGRL2|ZDHHC21|LMO7|CLDN9|SYTL5|LIPH|MYO6|CAB39|CENPU|ZNF649|ADK|ENDOD1|ZMYM6|FAM3C|ZNF91
CROMER_METASTASIS_UP	0.290545544310047	0.764796097062053	0.332691522195472	1.07992732971898	1176	63	CXCL8|DEPP1|C5orf15|CD164|PPT1|BMI1|SH3BGRL|TMEM123|MFAP3|TCF12|FCGRT|SLC25A36|SLC30A1|DYRK1A|CNOT2|ZFC3H1|WAS|CTNNB1|MTMR2|SPG11|PPID|BUB3
FERRANDO_TAL1_NEIGHBORS	0.290672451193059	0.764796097062053	-0.477682217248652	-1.12655858362126	1607	17	TRBC2|DTYMK|TNFRSF1B|MYBL2
GSE22886_NAIVE_CD8_TCELL_VS_NEUTROPHIL_UP	0.290322580645161	0.764796097062053	0.275287746026094	1.04908980967268	971	192	BATF|CD69|HACD2|TMEM106B|DARS1|MGAT2|MTREX|GLUD1|PJA1|PSMA1|SYPL1|NAA15|LRPPRC|PRKRA|MPHOSPH9|ESD|PPP3CB|ZNF32|TXK|ATP8A1|IL10RA|UTP3|ITM2A|PIGH|PRELID3B|TMEM230|WDR11|TARS1|FAM3C|MAPRE2|HMGN3|ATP2A2|PPP1R16B|CLNS1A|RPA2|TUT4|SUCLG1|FAM20B|AIMP1|NMRK1|RCN2|MPHOSPH10|FYCO1|SLC39A8|SUCLG2|EIF2D|EIF1AX|INPP4A|SUMO3|BNIP3|VTI1B|GATD3|B4GALT3|SFPQ|MAIP1|C9orf78|SMC5|MAP3K4|BANF1|HDDC2|SF3A3|SNRNP27|NUCB2|BCR|UBE3A|RGS10|THYN1|ANKRD10|PNMA1|MTR|FBXW2|GANAB|TOMM70|CYP20A1|CDC23
GSE24142_ADULT_VS_FETAL_DN3_THYMOCYTE_UP	0.289972899728997	0.764796097062053	0.278038082126941	1.05042284393221	962	183	PITPNC1|NLGN2|STAP1|ARMCX1|PELI2|DHX58|MS4A6A|CUEDC1|HLA-B|FGF13|NT5C3A|GNB4|TP53INP1|B3GNT5|EIF4E3|ERBIN|SACS|ZFYVE16|DDHD2|SLC44A1|DENND4C|INPP5K|AP3S1|ISOC1|PCNP|CD96|RSAD2|HKDC1|EPB41L4B|EHD3|ICA1|ANKRD28|HLA-C|SQOR|MAP4K3|MBNL1|CCNH|TOPORS|NAMPT|RAPGEF6|PARD6G|ZMYM5|HMGN3|HYCC2|AZI2|SFMBT2|RAB3GAP2|TIA1|CLIP1|RBBP8|PTEN|LCORL|RAB6B|SLC35A1|RB1CC1|TIPARP|REST|L2HGDH
GSE34006_UNTREATED_VS_A2AR_AGONIST_TREATED_TREG_DN	0.2907133243607	0.764796097062053	-0.301502321525466	-1.06912470602879	1943	185	ADAM19|FES|IL21R|CRLF1|NAGK|CD37|HEPACAM2|CHST12|SLC29A1|COMMD4|ETHE1|DNPH1|CHCHD10|ABHD17A|ITGAX|TMEM163|NRM|LAGE3|CDKN2D|MYO1G|MAP4K1|INPPL1|AKNA|GNA11|CTSA|EHBP1L1|DCXR|ORAI1|HPCAL1|DIAPH1|SLC2A3|ZBTB20|PGP|HIP1R|DDAH2|AP3D1|GSK3B|ENTPD4|WNK4|GRIN2D|MTCH1|TAX1BP3|SMARCD2|LPCAT1|SOCS3|SEMA4B|METRNL|PIGM|KIAA0319L|TUBA3C|CEMIP2|PDIA4|TLN1|MMD|OTULIN|OPA3|PPM1G|TLE3|PRC1|ADAMTSL5|PGLS|JUND|KLHL20|MNT|LIMD1|CTCF|RER1|CNPPD1|RHOQ
GSE3982_CTRL_VS_LPS_48H_DC_DN	0.290152403282532	0.764796097062053	0.281173729231581	1.05287102119224	989	170	AIM2|STAP1|DEPP1|MX2|CCL5|CSTA|CCL4|CHN1|POGLUT1|CD80|RFX5|NSUN3|TRIB1|IFIT3|DLK2|RSAD2|SLAMF7|IFIT1|TMEM176A|H2AP|MAMLD1|IFIT5|PPA1|SOCS2|HBEGF|NUP205|REL|TAF1A|ATP11A|IFI6|TARS1|SEMA4A|MLLT11|DRAM1|PIK3CG|ALDH2|TOR1B
GSE6566_STRONG_VS_WEAK_DC_STIMULATED_CD4_TCELL_DN	0.290704387990762	0.764796097062053	0.284288793131378	1.05564564412348	1006	159	PITPNC1|ITGB7|CD83|MS4A3|LPXN|TBC1D10C|TBCEL|ZNF527|ZFPM2|NPL|NUDT13|GNAQ|TMEM86B|PLCL1|SMAD2|UBASH3A|ZNF32|QNG1|HSD17B11|CD96|MORC2-AS1|GPR183|SYNE1|RPS27L|ABHD14A|ZSWIM3|SRSF8|CTNND1|USP45|BMPR1A|ERC1|ADCK1|PTPN12|CYP4V2|FBXO28|RPL6
HOLLERN_EMT_BREAST_TUMOR_DN	0.290286624203822	0.764796097062053	-0.329400090846837	-1.08252898989416	1822	100	KRT15|BSPRY|KLC3|CLDN7|PPFIBP2|ELMO3|EPPK1|APOC1|PLEKHG6|LSR|SPINT2|NRTN|KDF1|TNK1|CXADR|SDR42E1|PKP3|TMEM184A|TMEM79|FAM83H|CDCP1|HIP1R|GRB7|SPINT1|STARD10|PLEKHH1
PID_IGF1_PATHWAY	0.290685413005272	0.764796097062053	-0.417458786550826	-1.11021475945292	1653	29	IGF1R|PRKCZ|BCAR1|IRS1|IRS2
RADAEVA_RESPONSE_TO_IFNA1_UP	0.290741373419884	0.764796097062053	-0.37899632522009	-1.09790666476612	1701	45	IRF7|IFITM1|IFITM2|IFI35|PHB1|LGALS3BP|MX1|IFITM3|CALR|ISG15|MXD4|RFC2|CYB561D2
REACTOME_EPHRIN_SIGNALING	0.290584415584416	0.764796097062053	-0.471857750718049	-1.12793515810562	1610	18	EFNB1|PAK1|FYN|EPHB6
GSE43863_TH1_VS_TFH_MEMORY_CD4_TCELL_UP	0.290919952210275	0.764864976502551	0.275144413808654	1.04854358714413	973	192	IFIH1|NUS1|AK7|UBA6|RSL24D1|PPP6C|HEATR3|UTP18|LZTFL1|HSPH1|PLEKHF2|SNAI3|HPRT1|YWHAG|ATP1B3|MTCH2|PLXND1|ORC2|HOMER1|S1PR3|XCL1|RPS6KA2|BEX3|EGR2|EIF4E|RAP1B|ERO1A|OSGIN2|SLC25A32|NUP205|WDR36|DDX18|DNAJA2|RAVER1|B4GALT5|EIF5B|RDH11|NAA50|MTRR|TRA2B|CACYBP|EIF2S1|HSPD1|PRR3|SEPTIN2|MAK16|ZC3H15|ETF1|NCS1|XPOT|IDE|MIOS|HSP90AA1|CCT6A|FABP5|HSPA9|PPAT|LTA4H|BTG3|U2SURP|RIOX1|MAFF|WDR3|SNRPD1
SCHUHMACHER_MYC_TARGETS_UP	0.290913851793663	0.764864976502551	0.320036256721479	1.07495773084843	1110	80	PRPS2|UCHL3|LDHA|ABCE1|MXI1|DDX10|ATP1B3|AUH|SLC20A1|ACSL1|NAMPT|VRK1|MYC|MGST1|GPD1L|MRPL3|DDX21|TFRC|FABP5|GRSF1|SRPK1|PAICS|AHCY|PPAT|SORD
BIOCARTA_MAL_PATHWAY	0.29136690647482	0.76495754427127	0.445174739750515	1.11652123457644	1295	19	MAP3K1|MAPK8|MAPK1|RHOA|ROCK1|LIMK1
GSE15215_CD2_POS_VS_NEG_PDC_DN	0.291412911084044	0.76495754427127	0.274688440983671	1.0493525417678	956	198	LBHD1|PRKCH|SELENOT|IL10RB|RNF139|RARS1|PIK3CA|ETV3|PIKFYVE|SHQ1|CEP135|SC5D|NAE1|WDR26|CYP2R1|ODR4|UTP11|PSMD6|MRPS22|TNKS2|ERAP2|GFI1|MRPL15|RAP1B|RHOA|EXOSC9|GOLGA4|HERPUD1|UGP2|PSMG2|MFF|RTN3|ZDHHC17|AP1G1|DLG1|TMEM70|ZFC3H1|CLTC|C6orf120|NEK1|LMBRD1|GABPA|AFTPH|PSMA6|CA2|TUT4|SERTAD3|NCK1|TNKS|PPP2R5C|PTEN|MAPK14|NMI|CAPZB|BRWD1|GLUD2|TAX1BP1|GTF2H1|TFRC|SDHAF3|IDI1|BAG5|GOT1|GORASP1|USP15|FAM98A|POLR2B|EFCAB14
GSE27291_0H_VS_6H_STIM_GAMMADELTA_TCELL_UP	0.291191103306994	0.76495754427127	0.281744341284936	1.05229640134391	994	167	ZFP69|GPRC5D-AS1|IGSF9|ZNF485|TCN1|NECAB1|STAP2|TMEM209|TMEM106B|CNIH1|FAM227B|GLUD1|CDCA7|TMEM123|MPHOSPH9|TCEA3|ZNF32|TNKS2|PLPP3|GPRASP3|AGBL1|ACSL4|CHTF8|CDC14B|ZNF850|PPA1|KDM4C|NSUN4|CNOT3|UBA2|NSA2|IREB2|TARS1|BECN1|PRPF39|TUT4|ARHGAP5|CSAD|CHORDC1|UBE4B|WBP11|TRIM16|BTK|SDHAF3
GSE360_T_GONDII_VS_B_MALAYI_LOW_DOSE_DC_UP	0.29123937884559	0.76495754427127	0.282074638407148	1.05120136553296	993	165	AIM2|CD83|ZNF75D|MS4A3|DEPP1|BNIP3L|ZNF518A|SIAH1|STT3A|CYP27B1|CEP135|CLK1|WTAP|BCL9|IFIT3|ORC2|GFI1|GPR183|REEP2|RSAD2|NCR3|SPP1|SSUH2|CELF2|IFI6|SAMD4A|CDKN1B|ZSCAN9|GBE1|PSMA6|KDM6A|PPP1R16B|ARL4A|ADARB1|BTG1|ETV6|E2F5|THUMPD1|PNRC1|EIF1AX|TAF12|BTG3|BNIP3|POLR1F|SLC12A5|RRAGB
MOOTHA_FFA_OXYDATION	0.291488603988604	0.76495754427127	-0.4404623416443	-1.11169831481982	1636	23	ACADS|LMF2|ECI1|HSD17B10|NCAPH2|ACADVL|CRAT|CPT1A|ACADSB
REACTOME_PRE_NOTCH_PROCESSING_IN_GOLGI	0.291214750542299	0.76495754427127	-0.477284035122534	-1.12561951686134	1610	17	SEL1L|ATP2A1|ATP2A3|NOTCH3|RFNG
SLEBOS_HEAD_AND_NECK_CANCER_WITH_HPV_UP	0.291457286432161	0.76495754427127	0.325310610550554	1.07560379547916	1159	71	MEIS1|MSL2|CDC7|RMI1|PDCD10|RFC4|C5orf34|ALG6|MYNN|SLF1|ASS1|HAUS5|ACTL6A|KIF15|NDUFB5|RPA2|INPP5B|NEPRO|WEE1|RNF168|HLTF|TFDP2|RMI2
GSE40274_CTRL_VS_XBP1_TRANSDUCED_ACTIVATED_CD4_TCELL_UP	0.291673079883023	0.765041645117791	-0.310077290366078	-1.07214391323484	1894	149	UBL3|FES|IRF7|CTBP2|N4BP2L1|PIK3C2B|FAM193B|ARID5A|ROGDI|CBX8|IFT140|SGIP1|CRYBG1|TERC|RIGI|RASGRP1|THEMIS2|MET|ATP2A3|NAA60|SLC25A45|DMPK|PSAP|SP100|SLC12A7|PPP6R2|STXBP2|SLC2A3|LRRC61|PLEC|NDST1|HES1|SOCS3|PSD4|PSEN1|MICAL1|CTSH|MPZL1|TNFAIP2|RAC3|STARD5|ANTXR2|TLN1|RHOG|FRMD4A|CYRIA|SLC15A4|ZNF18
REACTOME_UNBLOCKING_OF_NMDA_RECEPTORS_GLUTAMATE_BINDING_AND_ACTIVATION	0.291610587707492	0.765041645117791	0.452887258999142	1.12170937132899	1299	18	DLG2|CAMK2B|GRIA2|DLG1|LRRC7
KEGG_MEDICUS_REFERENCE_CXCR_GNB_G_ERK_SIGNALING_PATHWAY	0.291848450057405	0.765301656655234	0.41743368646595	1.10589873826187	1270	24	CXCL8|GNG12|GNB4|MAPK1|GNG10|NRAS
BILANGES_SERUM_RESPONSE_TRANSLATION	0.292278982971775	0.765735375792214	0.381706932855579	1.09736065676828	1252	34	RAVER2|ARID5B|RPL21|EEF1A1|NSA2|RPL6|RPL4|EIF3H|RPS6|EEF1B2|RPS4X
GSE16450_IMMATURE_VS_MATURE_NEURON_CELL_LINE_6H_IFNA_STIM_UP	0.292547446381731	0.765735375792214	-0.308457177626612	-1.06993230761733	1895	155	IGF1R|LAG3|RAB27B|ADGRG3|ADGRD1|ANO8|DBNDD2|CD84|PRKCZ|WNT3|SMAD6|ELL3|TMTC2|EFNA1|KCNE5|KLC2|FBXW4|ENTPD6|MAP3K3|PACSIN1|ZNF628|EVL|HOXC10|MEF2D|XYLT2|LMNA|NNMT
GSE19825_NAIVE_VS_IL2RAHIGH_DAY3_EFF_CD8_TCELL_UP	0.29247044181705	0.765735375792214	-0.312800718561872	-1.07217684225405	1879	139	SLC2A4|TCEA2|METTL27|ADGRG3|ITGBL1|TIMP3|RASGRP3|CELF3|HLA-DOB|LAMA5|TRIO|NCCRP1|KRT73|COL6A1|LBP|KIFC2|NAPSA|RPL18|HRC|SV2A|FMO4|TBC1D8|DNAJC17|DIRAS1|FLYWCH2|ZBTB5
GSE5679_PPARG_LIGAND_ROSIGLITAZONE_VS_ROSIGLITAZONE_AND_RARA_AGONIST_AM580_TREATED_DC_DN	0.292296185489903	0.765735375792214	-0.301990936607274	-1.06901378397181	1953	181	PLAT|ADGRG3|RHOBTB2|STX1A|SFN|EPB41L1|PHYHD1|BRME1|ECM1|PEMT|MTG1|PYROXD2|DGLUCY|DYRK2|RCN3|GCOM1|PTGIR|LRRC75B|RASGRP1|NYAP1|RIPOR1|CAMTA1|AKT3|C19orf38|FRMD6|SEZ6L2|FRMD8|BCAT2|ACSBG1|QTRT1|USP36|BRD9|DGKA
GSE8685_IL2_ACT_IL2_STARVED_VS_IL15_ACT_IL2_STARVED_CD4_TCELL_DN	0.292353823088456	0.765735375792214	0.276465466676679	1.05045817186158	974	189	CAMKMT|ZNF14|ESF1|DDIAS|CCNG1|ITFG1|SHLD2|CNIH1|PLD1|PECR|DNTTIP2|NAAA|ERI1|IPO7|LRP6|OPA1|MTSS1|GPRASP3|SPP1|HOXA5|CMTM7|CNBP|RPS27L|ATP5F1B|PKP2|PSMG2|DUSP18|TUBE1|ITGA2B|ACTR10|ASCC3|PPFIBP1|ATE1|FGD6|NDUFB5|TTC33|PWWP2A|OSTC|TIAM2|IDH3A|TMX1|PPP2R5C|GOLM2|PTGER3|PSMD14|TOMM40L|ACACA|HPF1|DLD|UBE2A|BCCIP|ANXA7|SLC35B1|POLR1F|ZC3H14|NAA35|SLC25A4|PSAT1|TBC1D4|RAD17|KCNQ5|DCUN1D5|RPS6KB1
GYORFFY_MITOXANTRONE_RESISTANCE	0.292435424354244	0.765735375792214	0.404298227949255	1.10446510460951	1267	27	SLC33A1|TOP2A|WDR26|LAMA2|TENM2|SYTL2|ELOVL5|POPDC3|DOCK2|MAFF|CPSF6
THEILGAARD_NEUTROPHIL_AT_SKIN_WOUND_UP	0.292547834843907	0.765735375792214	0.325793387408619	1.07439714994281	1161	70	CXCL8|CD44|EGR3|CCL2|KLF10|MTHFD2|SKIL|TRIB1|USP14|NFE2L2|TGFBR1|EEF1A1|NAMPT|KLRG1|VDR|TPP1|CHD1|RAB1A|IL1R1|IDI1|ATP6V1C1|NCOR2|ZFP36|PLAU|AZIN1
WATANABE_RECTAL_CANCER_RADIOTHERAPY_RESPONSIVE_DN	0.29282499338099	0.766261022825438	0.315518640366475	1.07096971355113	1105	86	ZNF43|LGALS3|ARID5B|ARIH1|GLUD1|KLF10|ABCE1|RTN4|PPP1R12A|ATXN10|AP3S1|ABR|PRKCI|DSG2|PLPBP|SNX2|HSPD1|SEC23A|WSB1|ZNF117|CHUK|PSMA6|ATG12|ANXA1|CHD1|PPP2CA|PPP2R5C|KBTBD2|RCN2
EBAUER_MYOGENIC_TARGETS_OF_PAX3_FOXO1_FUSION	0.293100496490327	0.766276693121724	-0.384160696848513	-1.10035137695326	1711	42	TAGLN|ACTA2|SYNGR2|MYL11|AEBP1|MYH8|CASQ2|COL6A3|FHL1|SGCG|BIN1|MRAS|BORCS8
GSE20198_UNTREATED_VS_IFNA_TREATED_ACT_CD4_TCELL_UP	0.293147398410556	0.766276693121724	-0.302410446410762	-1.06735663958919	1954	177	GAA|KLC3|UVSSA|ARID5A|KIAA0753|FAM120C|NRDE2|ACAP3|RASGEF1B|GPR173|LENG9|PALD1|HS6ST1|TOM1|RAB40B|CYP2F1|ST8SIA5|NAA60|BCL6|TMEM161A|H2BC5|MIB2|CHID1|CPNE1|BOP1|ENTPD6|BAP1|GRINA|PTCD1|GPAM|IL15RA|DLL3|ID2|SMIM14|XYLT2|SMURF2|CKLF|SLC66A1|CRAT|IQSEC1|TRAF3|TYK2|AK4|PPARGC1B|PANK4|IGHMBP2|FRMD4A|NEFH|ULK3|TTC38|CIAO3|TTLL11|STRN3|PPP2R1A|TBC1D13|RBFA|TSR3|GBF1|MYADM|C1orf52|PEX16
GSE26343_WT_VS_NFAT5_KO_MACROPHAGE_DN	0.293212669683258	0.766276693121724	0.279346173599277	1.05078764221023	971	178	SETDB2|BATF|GNA13|UBTD2|EFNA2|CCL5|SLC22A4|CD70|HVCN1|RNF2|MARCHF5|KLF10|PTPN2|RFX5|PROCR|UBE2N|TJP2|RRAD|NIPAL1|GPR183|SLAMF7|MAMLD1|KIT|RPS6KA2|TMEM176B|SGMS2|SBDS|UBE2E3|ANKRD28|CDK17|ERO1A|OSGIN2|NFE2L2|HBEGF|ARL5B|FAM133B|B4GALT5|ATP11A|NAMPT|MAPRE2|SUGT1|IKBKE|SUB1|GTF2B|SPRED1|DENND4A|ADORA2B|RIPK2|REST|GHITM|FBRS|PNRC1|IDI1|NCOA5
HOWARD_T_CELL_INACT_MONOV_INFLUENZA_A_INDONESIA_05_2005_H5N1_AGE_18_49YO_1DY_UP	0.293094451208906	0.766276693121724	-0.397998152904562	-1.10605899325255	1684	36	TYMP|IFI30|PRPF31|IFI35|ICAM1|APOL6|BCL3|MUC1|GBP2
WP_IL19_SIGNALING	0.293161335925075	0.766276693121724	-0.429681849317808	-1.1155423205	1658	26	ACTA2|COL1A1|MMP1|TNFRSF1A
GSE17721_CTRL_VS_GARDIQUIMOD_6H_BMDC_DN	0.293321299638989	0.766361063450331	0.277898810612593	1.04905252545649	974	182	BATF|IFIH1|BMAL2|MMP14|BMPR2|PGAP4|MEMO1|HAT1|UCN|ZNF436|ME1|CPD|MOB4|TXNL1|NAE1|ATL3|RNF6|ESD|PSMD6|RAP2A|APOA2|DCAKD|USP47|NIPSNAP3A|LIN9|SAMSN1|WDR36|PELI1|THOC1|TRA2B|DNM1L|PIK3CG|GBE1|CD47|OSTC|CHD1|ZDHHC5|BNIP2|ASB12|OPN3|FBXW11|NCBP1|PLSCR1|USO1|ATXN7L1|RAB10|MDM1|ATF3|MAFF|VDAC3|RRN3|NAA35|MORC3|MBD2|ARG2|WDR43|TOP1|NR3C1|RASA2
CHIANG_LIVER_CANCER_SUBCLASS_PROLIFERATION_DN	0.293942714039756	0.766774066064352	-0.315466737952751	-1.07378523021295	1877	131	OGDHL|COL18A1|RDH16|ABCB4|DHRS1|POR|CYP4F2|ECM2|SORBS2|FMO4|ACYP2|DCXR|SELENBP1|GRHPR|RHOB|EPHX1|BTD|TFR2|SMIM14|BOK|PNPO|NUDT7
GSE11924_TFH_VS_TH1_CD4_TCELL_DN	0.294014084507042	0.766774066064352	0.281173801893185	1.05074078634915	1001	168	C3orf18|TBX3|DNAJC24|STT3B|SOCS6|NABP1|NPL|ANKRD49|EIF3E|CCT8|SRP19|VPS50|PPIL1|ARL1|PSMD6|LRRTM1|APOA2|SLC4A3|FSTL4|ACSL4|SCFD1|NFYB|HAUS5|PCCA|YTHDF2|SRP72|PCNX4|GTF2E1|TSNAX|CMTR2|C17orf75|NDUFB5|HEATR1|RPL6|TMEM104|NEPRO|PCNA|RTCA|KLHL11|RAB1A|PSMD11|RAE1|HSP90AA1|ALDH1B1|GYG1|DLD|WTIP|SKP2|ZC3H8|SUPT3H|EIF1AX|TAF12|BICD2|CCNY|CPSF6|UBE2K|GEMIN2|MRPS2|SPARC|MMAB|PRELID3A
GSE15139_GMCSF_TREATED_VS_UNTREATED_NEUTROPHILS_UP	0.293586269196025	0.766774066064352	0.277513644951876	1.04844152977308	974	183	MAP3K10|SLC9B2|SUMF1|DOK2|HAT1|CNOT8|KDSR|CGGBP1|PAIP2|CLK4|PPP1CC|ERI1|CIP2A|GINS1|NLK|PRKRA|FAM13B|PLGRKT|MRPL50|RP2|RBM7|NCALD|BCL2L15|NDUFV2|INSIG1|SAMSN1|MFF|CSRP1|WAC|ENDOD1|ZMYM5|RABGAP1L|COPS4|BFAR|NET1|CFAP20DC|MKRN3|GOLGA7|SUCLG1|PPP2R5C|MBD4|RBM48|RNF168|PEX2|ZDHHC16|GABARAPL1|ELOF1|SAV1|VAPB|CCDC150|MDM1|EHBP1|LTA4H|BTG3|FUT11|GPSM2|MSMO1|MAP1LC3B|HIBADH|GUCD1
GSE16755_CTRL_VS_IFNA_TREATED_MAC_DN	0.294011435449895	0.766774066064352	0.277343666059771	1.0491346302465	976	184	FSD1L|FEM1C|CD40|IFIH1|C3orf52|BMAL2|DHX58|SRC|SFT2D2|NT5C3A|DTX3L|NBN|RNF138|TNFAIP8|RIF1|C3orf38|RNF115|CMPK2|SRGAP2C|PXYLP1|HESX1|APOL3|CD274|ELL2|RBM43|CXCL11|JAK2|OSGIN2|TENT5A|IL10RA|PELI1|LRP12|SSB|BCL2|B4GALT5|CCSER2|AHI1-DT|UBE2D3|PPM1K|C4orf46|TOR1B|TRAFD1|RICTOR|PSMA2|PSMA6|MAML2|MASTL
GSE29618_PDC_VS_MDC_UP	0.293896572459411	0.766774066064352	-0.302527427007262	-1.06658129060621	1954	176	TPM2|SPIB|ADAM19|CYFIP2|BSPRY|IRF7|RABAC1|SLC29A1|TNFRSF21|ARHGAP4|AEBP1|TCL1A|RRBP1|RIPOR1|ATP2A3|CMKLR1|RAB15|SEC61B|COBLL1|CRYM|TBC1D8|YPEL1|DACH1|IGF2R|SLC7A11|CAPN15|SCYL3|MAPKAPK2|ERN1|FLNB|MREG|PCNT|ENTPD4|MYBL2|FKBP2|MEF2D|LAMP1|SSR4|DUSP5|NUMA1|GAS6|CCDC186
GSE9509_LPS_VS_LPS_AND_IL10_STIM_IL10_KO_MACROPHAGE_10MIN_UP	0.293720657276995	0.766774066064352	0.281243057467369	1.05099959302312	1000	168	TSLP|TBX3|FOXO1|KCTD12|DHX58|CCL2|LRATD1|CCN1|CCL4|POU6F1|NPL|CCRL2|LRBA|CPEB2|PHLDA1|GCNT2|ETV3|ARF4|TSPAN13|CMPK2|TRIB1|PLPP3|EPB41L4A|PTX3|RHOJ|BDKRB1|TDRP|LITAF|REL|EXOC6|SAMD4A|SMIM3|FGD6|TRAFD1|TPST1|TOR1AIP1|NEK2|ING2|CD93|BMP2K|PLSCR1|ADORA2B|ZFAND5
PID_CD40_PATHWAY	0.293831168831169	0.766774066064352	0.396388952436237	1.10264775696677	1266	29	CD40|MAP3K1|MAPK8|JAK3|TDP2|MYC|BIRC2|MAPK9|MAPK14|MAP2K4
GSE26669_CTRL_VS_COSTIM_BLOCK_MLR_CD8_TCELL_DN	0.294240837696335	0.767166111375536	-0.301645848504654	-1.06779221109108	1966	181	SPIB|WFS1|METTL27|REM2|ENC1|ABCA7|P2RX4|INKA1|GPR68|SH3BP2|TMEM63A|DYRK2|ROGDI|MAN1B1|SUN2|KLF7|ITGAX|MAP1LC3A|QRICH1|ACVR1B|PIK3IP1|DCAF15|STAB1|PCNX3|NFRKB|MZT2B|MXD4|LYL1|SORBS3|USP19|JUNB|SDC4|TSC22D4|EPHX1|PHRF1|PRKAB2|MAF1|NISCH|MED12|ZMYND11|POLR2A|IGSF1|BLTP2|PRPF6|IFNGR1|MAN2C1|LCMT2|CCDC137|PITPNM1|PKD1|PINK1|GXYLT1
GSE17721_12H_VS_24H_PAM3CSK4_BMDC_UP	0.294328358208955	0.767181305798834	0.279492019292952	1.05047576679291	985	176	GNA13|WDSUB1|HVCN1|PSMC6|NT5C3A|UCN|SOCS6|ZFP82|KLF10|MOB3B|RAB22A|TMEM168|MAPK6|UTP18|ETNK1|ARF4|CAPN2|KCNJ8|RRAS2|IFIT3|RBM7|VAV1|ISOC1|METTL21A|QNG1|IFITM10|SGCB|NOP58|RPS27L|PRRC1|RRP15|VWA5A|NFE2L2|MAP4K3|EXOC6|NGDN|NAMPT|SEPTIN7|MYC|SDAD1|KCTD11|GOLGA7|BCLAF1|BNIP2|SRSF1|SEPTIN11
GSE411_WT_VS_SOCS3_KO_MACROPHAGE_IL6_STIM_100MIN_DN	0.294399520814615	0.767181305798834	-0.301513932953194	-1.06765366134411	1965	182	LYRM9|CYFIP2|PDE2A|VWA7|SMPD1|TMEM258|SNN|FICD|H2BC13|CTU1|IL4I1|TMED9|EPS8|MOGS|CARNS1|NRM|PIK3IP1|STARD3|ZSCAN20|CHMP6|FRMD6|TMEM109|GPR146|STING1|IL16|RPP14|RALBP1|CDK2AP2|SDC4|ZBTB5|EPHX1|SLC37A4|PPP1R18|MED19|ZMYND11|KLF13|GDPGP1|BTD
KEGG_ALLOGRAFT_REJECTION	0.294570135746606	0.767426686380596	0.438473173394777	1.11190901860466	1301	20	CD40|HLA-B|CD80|HLA-C
GSE27786_NKCELL_VS_MONO_MAC_UP	0.29496836396505	0.767866296027274	0.273924352856182	1.04686431552994	978	196	ZC2HC1A|FAM135A|CAMK2B|TBC1D10C|CMYA5|BTBD1|SNX33|CLDND1|KLF10|PAIP2|MEF2C|NEMF|MSH2|PSMA4|ETNK1|SPRY2|PUS3|SACS|SORBS1|TWF1|DENND4C|NLK|MRPL39|RBM41|RTRAF|TTC14|RRAD|DOCK10|EHD3|SMIM20|HYPK|RRP15|NME7|MGA|ACAT1|ABI1|TOGARAM1|NDUFB5|ADAM10|ELOVL5|SEPTIN2|HMGN3|CLNS1A|TIA1|NRF1|BCLAF1|PARK7|ADO|PREX1|EFR3A|NMI|CNDP2|JAGN1|CDC5L|RBM22|AGO1|ASXL2|MIOS|ATP5PB|CCT6A|ESCO1|THUMPD1|SH3GLB1|RAB10
GSE46606_UNSTIM_VS_CD40L_IL2_IL5_DAY3_STIMULATED_BCELL_UP	0.29491423412579	0.767866296027274	0.277143779096718	1.04837849855598	979	184	FBN1|DPYSL2|LNX2|DCP1B|ARRDC3|ZNF362|CCNG2|RGS2|NCOA2|TLE4|PDE3B|TP53INP1|OTUD1|RFX5|NBR1|TOB1|ERCC6|KCNK9|NUSAP1|HSD17B11|NREP|BMF|SIRT5|RBM43|KLHDC2|FAM200C|SEPSECS|PCYOX1|ACTR10|BUB1|ENSG00000291006|PIK3CG|RCOR3|GDE1|CFAP20DC
WP_NOCGMPPKG_MEDIATED_NEUROPROTECTION	0.294882914137034	0.767866296027274	-0.392502154444652	-1.10199668098221	1699	38	PDE2A|ACTN2|IL1B|CNGB1|TSPO|NOS3|GRIN2D|CASP9|RELA|DLG4|CAMK2G
VOIGT_PBMC_FLUARIX_AGE_50_74YO_FEMALES_VS_MALES_0DY_TO_28D_UP	0.295071047957371	0.767934451489783	0.464669365553216	1.11295570202779	1328	16	STAP1|CD40|DPF3|TSPAN13|NXPH4
REACTOME_TRANSCRIPTIONAL_REGULATION_BY_SMALL_RNAS	0.295179751733032	0.768018234291389	-0.33385527129451	-1.08219246236787	1830	90	H4C4|H2AC20|H2AC7|H2AC8|POLR2L|POLR2F|NUP210|H2BC13|H2BC17|H4C11|H4C3|H3C12|H4C14|H3C13|H4C2|H2BC5|POLR2E
GSE11924_TH1_VS_TH17_CD4_TCELL_DN	0.295392953929539	0.768174733560807	0.277369336288134	1.04789633425233	980	183	SETDB2|MLYCD|ZKSCAN8P1|ZNF362|RTL8B|WDSUB1|LTN1|ARID5B|GNAI3|ZNF687|STXBP3|NAAA|RAPGEFL1|DDX19B|MRTFB|SYPL1|CRYZ|FAM199X|GRIK1|MKRN1|SLK|PPIP5K1|DRAM2|FGFR1OP2|HSD17B11|EIF2B2|APOA2|BCL2L15|GPNMB|LGALS4|ACSL4|PCCA|TIMM23|AP1G1|FAM91A1|PSTK|ZFC3H1|SEC24A|PPP3R1|GBE1|VDR|THPO|AKT1S1|PARK7|SIK2|CHP1|EXTL2|TBC1D23|AEBP2|GYG1|ATP6V0E1|PMS2|TFDP2
GSE17721_POLYIC_VS_GARDIQUIMOD_1H_BMDC_UP	0.295324283559578	0.768174733560807	-0.302961653792576	-1.06619038302131	1957	174	MAPK8IP2|CUBN|KIF1A|L1CAM|DIAPH2|NOL12|SH3BP2|HCST|FXYD1|NRDE2|NXF1|ARHGAP45|CEP250|YBX2|GPC1|PLEKHA1|SLC29A2|COMT|SPG7|STX4|ECE1|PCDHB5|BCL9L|CPSF1|NECAP2|SFXN3|ATP13A2|ZBTB20|RPL27|UNC45A|OAS3|HMG20B|HSD17B1|PDLIM4|NUDT1|ENTPD4|EGFL7|SYS1|CAMKK2|RPS11|SPINT1|MICAL1|GPANK1|PITPNM1|ABHD8|DTX2|SPRY4|REXO4|CNPY2|SNAPC2|AP1G2|CDC37L1|ANKZF1|CUEDC2|ARRB2|DNAJC10|ANXA11|RNF34
REACTOME_ACTIVATION_OF_MATRIX_METALLOPROTEINASES	0.295634920634921	0.768604851938185	-0.470596810938621	-1.12492099057885	1638	18	COL18A1|MMP1|KLK2|TIMP1|MMP15|MMP17|PRSS2
BLANCO_MELO_RESPIRATORY_SYNCYTIAL_VIRUS_INFECTION_A594_CELLS_UP	0.295863957342557	0.768769751854018	-0.289861158461107	-1.05784096374346	2052	247	NFKBIZ|ADAM19|IL21R|HSPA6|POU2F2|ANPEP|STX11|C3|OSMR|IRF7|RASGRP3|APOL1|LAMA4|CXCL1|TAP1|IFITM1|UBA7|ADM2|IFI16|IFIT2|MMP1|HERC6|TMCC3|CRYBG1|CRISPLD2|RIGI|SPOCD1|ICAM1|STC2|APOL6|THEMIS2|PGF|IL1B|ZMIZ1-AS1|MX1|BATF2|GBP2|SP100|ZC3H12A|SP110|MICB|SDC4|CDCP1|TNFRSF1B|P4HA2|OAS3|IL15RA|MREG|SAMD9L|NRIP3|ITGA5|NIBAN1|PARP12|ICAM4|TNFRSF10A|SOCS3
GSE3982_MEMORY_CD4_TCELL_VS_BCELL_UP	0.296081277213353	0.768769751854018	0.282759470220421	1.05163247191017	1019	161	DLX4|LPXN|CCZ1B|PRKCH|MYLK3|CD3G|CATSPERB|ESF1|DOK2|NXN|CHN1|POGLUT1|ZFPM2|P2RY1|PHLDA1|AMMECR1|ETV3|ADRA1D|ZNF12|UBASH3A|BCL9|EFHC2|CD96|IL32|CSRP3|BRINP3|INPP4B|PPA1|PLS1|IL10RA
GSE41176_UNSTIM_VS_ANTI_IGM_STIM_TAK1_KO_BCELL_24H_DN	0.295969402765519	0.768769751854018	0.281436085963301	1.04966009705883	1005	166	ADTRP|STEAP1|WDFY3|PKD2|CPD|MT1X|SMG7-AS1|PROCR|TSPAN13|ZFTA|ETV5|NFAT5|BRIX1|FCER1G|PTX3|LAT2|GNG10|PRR16|SAMSN1|SOCS2|CSRP1|UBE2NL|PRELID3B|ARMT1|SEMA4A|PRR3|ADAM10|RIOX2|MYC|CD47|TPST1|LYRM1|CHMP2B|SMPDL3A|GLUL|P4HA1|FBXW11|PLSCR1|MPHOSPH6|GTDC1|DDX21|SLC39A8|SRPK1|FZD5|METTL9|BTG3|RBM12|WDR3|CD82|AZIN1|EEF1AKMT3|NOL10|MXRA7|NXT1|TNFAIP3|TNIK|NETO2|ACO1
HOEK_NEUTROPHIL_2011_2012_TIV_ADULT_1DY_UP	0.296073903002309	0.768769751854018	0.411386771170885	1.0994823375981	1281	25	NXT2|SESTD1|SGPP1|APOL3|RSAD2|EGR2
KUNINGER_IGF1_VS_PDGFB_TARGETS_UP	0.29602827330865	0.768769751854018	-0.355470461711611	-1.08635574940762	1758	62	TPM2|NEIL1|PYGM|ATP2A1|PABPC1L|SMTN|PPFIA4|TMEM38A
GSE17721_0.5H_VS_8H_CPG_BMDC_UP	0.296323968918111	0.768803308348411	-0.298102661777623	-1.06308184683748	1982	197	TEP1|ANPEP|ADSS1|BSCL2|POLR2F|CHST12|ADGRE5|PLA2G15|ETHE1|TEF|DTYMK|IFT140|CHCHD10|ABHD17A|APOBR|TTYH2|NOP2|OCEL1|FBLIM1|NDRG4|EXOSC5|GMPPA|GPR146|SLC16A3|CSRP2|NSDHL|LSS|ZFYVE19|ADAM15|MYO9B|UQCRQ|GPSM3|ABCD1|TMEM205|SIDT2|CERS5|SLC37A4|PER1|RGL2|CLUH|SIVA1|RPL37A|BORCS5|CHERP|PNPO|HAUS4|IFNGR1|NUDT7|SLC35C2|ZMIZ2|SLC25A35|TPRA1|COASY|ULK1|ADD1|S100A6|SENP3|MRPL4|ELAC2|MSRB1|PPARGC1B|MAST3|DHCR24|SHKBP1|CASP9|HMGA1|GPATCH4|CUEDC2|BUD23|AP2S1|RHPN2
GSE36888_UNTREATED_VS_IL2_TREATED_TCELL_17H_UP	0.296185040552719	0.768803308348411	0.277663406481963	1.04668276381231	985	180	CNRIP1|SETD7|ARMCX1|FAM135A|CPVL|MS4A6A|LGALS3|ATP6AP2|REV3L|PPT1|PRPS2|MEF2A|ME1|MEF2C|TNFSF13B|FAM13A|GAS2L3|RHOBTB1|ATP1B1|FAM13B|PREPL|PMFBP1|GPNMB|CHN2|SDS|CMTM7|S100Z|RPS6KA2|VAPA|ABHD14A|MAP4K3|ADK|ANGPT1|RAPH1|RFX7|NARS1|AMZ2P1|IFTAP|ADCK1|NDUFB5|SEPTIN2|SPTSSA|STMN1|PFKFB2|TAF9|PLCB1|PCNA|OSBPL3|ECHDC1|SNX29|FABP5|GRSF1|ZYG11B|PFDN5|CAT
KEGG_MEDICUS_VARIANT_SCRAPIE_CONFORMATION_PRPSC_TO_26S_PROTEASOME_MEDIATED_PROTEIN_DEGRADATION	0.29631368865931	0.768803308348411	0.377705179212104	1.09402542708546	1261	35	PRNP|PSMC6|PSMC1|PSMA1|PSMA4|PSMD6|PSMA2|PSMA6|PSMC2|PSMD14|PSMD11|PSMC5
HADDAD_B_LYMPHOCYTE_PROGENITOR	0.296767874632713	0.769756053117099	0.26642766503507	1.0412858718866	908	247	ELK3|DCK|DEPP1|CD69|ZNF107|FOXO1|RAD52|KAT2B|PKD2|EIF2AK3|TMCC1|ARID5B|TLE4|MME|TOP2A|RIMS3|MEF2A|PPM1B|MEF2C|AKAP12|PPM1A|STAG3|ZFYVE16|CEP135|PLEKHF2|WASHC4|TOB1|SIAH2|MSANTD2|UGCG|LRP2BP|H2BC7|EFNB2|PAX5|SLC35D1|BACH2|PDS5B|ZNF160|VDAC1|SOCS2|POU4F1|RRM2|RFC5|ZMYM5|CD24|SNX2|PPFIBP1|UXS1|CDKN1B|RB1|CITED2|DCP2|SECISBP2L|TMEM243|TIA1|SNTB2|ZMYM2|ATR|C6orf62|EFHC1|PCNA|PRDM2|RB1CC1|H3C10|H4C8|BTG1|E2F5|SSBP2|VSIG10|ATM|H2AC6|MDM1|TASOR2
DI_MARTINO_MATRISOME_HIGHLY_PROLIFERATIVE_HNSCC_TUMOR_CELL_DERIVED	0.296852122986823	0.769775667926047	-0.493761511146056	-1.12759446117819	1621	15	EMILIN1|S100A6|LTBP1|FN1
WP_INVOLVEMENT_OF_SECRETASE_IN_NEURODEGENERATIVE_DISEASES	0.29703513909224	0.770051323917331	-0.493692146210415	-1.12743605369712	1622	15	AKT3|CEBPB|AKT2
BACOLOD_RESISTANCE_TO_ALKYLATING_AGENTS_UP	0.29740913997841	0.770198237014784	-0.445967064776432	-1.11205911677097	1652	22	HSPA6|ACKR1|ENC1|MT2A
BIOCARTA_BARRESTIN_SRC_PATHWAY	0.298589687086822	0.770198237014784	0.472630584024932	1.1157630575566	1354	15	MAPK1|PLCB1|MAP2K1|GRK2
BOGNI_TREATMENT_RELATED_MYELOID_LEUKEMIA_DN	0.298175865294668	0.770198237014784	0.392711211732561	1.09858202105607	1274	30	CCNG2|CCNG1|ZFYVE26|SRSF8|NR2C1|MYB|SEC24A|SEC62|VTI1B|CDK8
CHIARADONNA_NEOPLASTIC_TRANSFORMATION_KRAS_UP	0.298626373626374	0.770198237014784	0.29562183499048	1.05802835449047	1086	120	ITGB7|CDC7|PLK4|TOP2A|PHLDA1|MAPK6|SMC2|HPRT1|POLA1|TCF12|PLPP3|EFNB2|IL1RL1|SPP1|MYEF2|FUT8|RBL1|NFE2L2|RRM2|UBA2|RFC5|FAM3C|RRM1|BACH1|SPTSSA|SEMA7A|IVNS1ABP|PLSCR1|PCNA|ZWINT|BZW2|TIPARP|PPID|PCLAF|AHCY|PSMA3|TOP1|NCAPH|FDX1|NAP1L1|ILF2|UBE2D2|SPRED2|TUBB6|PRKCB
GSE21546_ELK1_KO_VS_SAP1A_KO_AND_ELK1_KO_DP_THYMOCYTES_UP	0.297533092659446	0.770198237014784	0.277378833118363	1.04708963938907	988	182	SAMD9|LRCH2|TRIM69|EFCAB7|MX2|DNAJC6|HLA-B|TMEM53|NT5C3A|FMR1NB|PECR|DTX3L|TBCA|PPM1B|PAIP2|SGPL1|PNPT1|CLK1|SLC25A21|CMPK2|APOL2|INTS8|ERP44|IFIT3|TMEM140|CARD9|MYT1|RSAD2|IFIT1|IFIT5|ZNF540|HLA-C|PSMG2|PIK3C3|DDX5|DDX60L|ZNF766|IFI6|AZU1|SP1|TMEM230|SCAMP1|RPRD1A|PPM1K|SUGT1|TMEM245|TBCK|PLSCR1|AVL9|VPS37A|HELZ2|USP48|SSBP2|ATM|H2AC6|PARP9|LLPH|EIF2AK2|OPTN|STAT1
GSE21670_TGFB_VS_IL6_TREATED_STAT3_KO_CD4_TCELL_DN	0.298429319371728	0.770198237014784	-0.301030165032971	-1.06561276118709	1994	181	IDUA|TBC1D1|RAP1GAP2|PDE2A|ADGRG3|FICD|CD84|L1CAM|ADGRE5|ACAP1|HCST|SH3PXD2A|TMEM63A|D2HGDH|EEIG1|ARHGAP4|CARNS1|DENND1C|NSG2|NUDT16|LRRC75B|ACVR1B|CYP2S1|TNFRSF1A|RASGRP1|TPCN1|ARHGAP26|C19orf38|AXIN2|ARHGEF10|SLC16A5|PLEKHG2|AKNA|BICRA|PRF1|RNF32|MSRA|PAQR7|MAP3K3|DUSP7|ZBTB7B
GSE24634_NAIVE_CD4_TCELL_VS_DAY3_IL4_CONV_TREG_UP	0.298340062808434	0.770198237014784	-0.300302048081446	-1.06486854645264	1994	185	DPEP2|LYRM9|SMAD7|TSC22D3|PYGM|TRAPPC6A|MAML3|MGAT4A|SMPD1|EXT1|FAM193B|CACFD1|BTN3A1|REX1BD|EPN2|SPSB3|CD48|TRIM10|PLEKHA1|FYN|PIK3IP1|SCAND1|FHL1|SDR39U1|ACYP2|NLRP1|ZNF329|IL16|FBXW4|CDIPT|SLC25A16|NBL1|SFMBT1|RPL36|LMBR1L|VPS8|RPS27|KLF13|ACVR2B|ICAM3|IQCK|DNASE2|IL6ST|SLC35C2|R3HDM2|MTERF4
GSE360_L_MAJOR_VS_B_MALAYI_HIGH_DOSE_MAC_DN	0.298245614035088	0.770198237014784	-0.301759856840751	-1.06506038591991	1988	177	PYGM|TRAPPC6A|APLP1|ATRN|SMPD1|DDB2|NDUFB8|DNPH1|ECI1|CFD|ACVR1B|NDUFS7|GLG1|STAB1|PTK2B|SLC43A1|RPL13P5|AMHR2|DGAT1|NDUFB7|ZBTB20|HEXA|IQSEC2|ACAA1|LRRC37A2|PARP3|RASSF1|DHCR7|NISCH|INPP5D|VARS1|TGIF2|ARHGEF1|MYBL2|RNASE1|NEU1|PCK2|FUT1|UBXN1|SREBF2|EXOSC7|NDUFB6|NMU|TRAF3|CYC1|ESYT1|ATP5MC1|ABCA2|APOBEC3B|SNX15|DHX16|CARS1|EIF3K|GOLGA3|AP2S1|ZNF142|PATZ1|SF3B2
GSE3920_IFNA_VS_IFNG_TREATED_FIBROBLAST_UP	0.297872340425532	0.770198237014784	0.283450975568529	1.05216243082252	1035	158	TMTC3|AJUBA|DOP1B|GPR137B|PKD2|RNF43|UBR3|SLC38A9|HACE1|LRBA|IMPACT|KDM7A|RALGAPB|TNFSF13B|TMEM37|SH3BGRL|MKRN1|PPP1R12A|KCNJ8|SLAMF7|TTC39C|CD274|SYTL2|XCL1|SAMD3|OTUD7B|SAMSN1|IL10RA|PHLPP2|B3GNT2|PTP4A2|BCAS3|RABGAP1L|PDE7A|WDR81|TMEM104|NOD1|SNTB2|FRYL|VAMP3|PREX1
GSE9316_CD4_TCELL_BALBC_VS_TH17_ENRI_CD4_TCELL_SKG_PMA_IONO_STIM_FR4NEG_UP	0.298620585114446	0.770198237014784	-0.303557984133333	-1.06542926020723	1969	171	ADGRD1|CLDN7|SLC46A1|ELMO3|TIMM8B|NDUFB2|UQCR10|MICOS10|ATP5ME|TNFRSF8|NAA38|COX6B1|NTRK3|RSPH9|CYP2S1|PPIE|SLC29A2|ESR1|EGFL6|WDR83|MORC4|CCL24|KIF5A|WDR4|MRPL55|SMDT1|FLYWCH2|TSKU|UXT|LBX2|MMP17|ARMC6|ACADVL|NUDT1|CDK5RAP1|ATP6V0A1|DUSP9|NNMT|TUBB3|EXOSC7|MRPL46|DUSP14|MRPS18A|PSMC3|C1orf174|AP4M1|PFDN6|TIMM50|GPR89B|EMC8|PASK|CLPP
KEGG_MISMATCH_REPAIR	0.297993616051072	0.770198237014784	0.420952880668994	1.10476738818763	1306	23	RFC4|MSH2|MSH3|RFC5|RFC1|RPA2|PCNA|SSBP1|RFC3|PMS2|EXO1|POLD4|POLD3|RPA3
PAPASPYRIDONOS_UNSTABLE_ATEROSCLEROTIC_PLAQUE_DN	0.298543689320388	0.770198237014784	-0.39226943299764	-1.09634093655103	1721	37	LMOD1|SOD3|SORBS2|HSPB1|MAGED2|CSRP2|EMP2
PLASARI_TGFB1_SIGNALING_VIA_NFIC_10HR_DN	0.297773654916512	0.770198237014784	0.39547057706598	1.10009308298849	1283	29	ZNF624|NR4A2|OTULINL|CCN5|INSIG1|VWA5A|CELF2|FAM111A|PHIP|DOCK2|RPL39L|PTPN18|FOXG1
REACTOME_AFLATOXIN_ACTIVATION_AND_DETOXIFICATION	0.297767203513909	0.770198237014784	-0.493189384362049	-1.12628790532445	1626	15	DPEP2|AKR7L|GGT7
REACTOME_FOXO_MEDIATED_TRANSCRIPTION_OF_OXIDATIVE_STRESS_METABOLIC_AND_NEURONAL_GENES	0.297537619699042	0.770198237014784	0.421087493401899	1.1051206718072	1304	23	FOXO1|HDAC2|SMAD4|SMAD2|ABCA6|CAT|FOXO4|NR3C1|ATXN3|SIRT3
SARTIPY_BLUNTED_BY_INSULIN_RESISTANCE_UP	0.298340548340548	0.770198237014784	-0.469581079821978	-1.12249297316067	1653	18	MT2A|IFI16|SERPINE1|NFIL3|FRMD6|JUNB|SOCS3|AK4
SMITH_TERT_TARGETS_DN	0.297833463847559	0.770198237014784	0.319718930213615	1.069669362953	1140	78	VAV2|FOSB|CCNG1|PTHLH|LAMP2|DNA2|OAT|SPEG|RAB11A|ABR|USP47|UGP2|CPOX|GRK5|ACLY|CD47|APEX1|PCNA|ASAH1|IDI1|AHCY|PNP|CAT|TNFSF9|SORD|KYNU|ARHGAP25
WP_BLOOD_CLOTTING_CASCADE	0.297360809833695	0.770198237014784	-0.47515854411634	-1.12060679072045	1644	17	PLAT|SERPINE1
WP_KIT_RECEPTOR_SIGNALING	0.297303982191442	0.770198237014784	0.338975939480921	1.07950120114952	1201	58	PTPN6|SRC|SOCS6|MAPK8|VAV1|MAPK1|KIT|JAK2|BCL2|MAPK14|BTK|EP300|RPS6|STAT1|CRK|SOS1|RPS6KA3|CRKL|MAP2K1|RPS6KB1|PTPN11|PRKCB|SHC1|GRB10|PIK3R2
WP_RAS_AND_BRADYKININ_PATHWAYS_IN_COVID19	0.297768981648075	0.770198237014784	-0.445782884138935	-1.11159984573228	1654	22	ACE|REN|SERPINE1|IL1B|NOS3
GSE37533_PPARG2_FOXP3_VS_FOXP3_TRANSDUCED_CD4_TCELL_DN	0.298996855816739	0.770955673950276	-0.300231999758541	-1.06390742476732	1996	184	FES|PCNX1|TYMP|IRF7|IFI30|CYLD|GLB1L2|APOL1|PSMB9|TAP1|ARID5A|BTN3A1|GSDMD|UBA7|KATNIP|IFI35|IFIT2|HERC6|IRS1|RIGI|APOL6|THEMIS2|MFSD12|SHFL|MX1|TRIM26|SP100|ISG15|TAP2|PIGL|RPS18|SP110|PSMB10|ENO3|PHF11|SCYL3|SIDT2|MALT1|CNP|OAS3|IL15RA|CMTR1
CHIARADONNA_NEOPLASTIC_TRANSFORMATION_KRAS_DN	0.299166797673322	0.770997770229732	-0.315492983877696	-1.06974520100909	1902	127	AQP1|CRLF1|IFI30|TIMP3|SLC39A3|COL1A1|SLC29A1|TSPAN4|SMAD6|IFI35|PCOLCE|FOS|DGCR2|FHL1|NDRG4|SEC61B|SH3D19|ID3|ISG15|EMP2|ITGB5|SLC1A5|GUK1|DHRS3|ENO3|CD151|RAB11FIP5|EPHX1|PER1
GSE22611_NOD2_TRANSD_VS_CTRL_TRANSD_HEK293_MDP_STIM_2H_DN	0.299107142857143	0.770997770229732	0.312428125705687	1.06689990653567	1138	89	DUSP21|DLG2|TMOD4|GABRG1|ZNF235|CADM4|SLC27A3|CALN1|MYOM2|C2CD6|LRRC37A|GNAL|DSG2|SHD
GSE22935_WT_VS_MYD88_KO_MACROPHAGE_24H_MBOVIS_BCG_STIM_UP	0.299474079639369	0.771591584040037	-0.299249928334568	-1.06325358961703	1992	191	TAGLN|EMILIN1|NAGK|N4BP2L1|RPL28|DBNDD2|GTF2I|NOL12|TRPV2|C2orf42|SLC52A2|TRIO|ABHD17A|GBA2|MPG|NDUFA11|LMAN2|SNX21|AURKAIP1|RIPOR1|MICOS13|SEC61B|RPL38|ATOX1|SDHAF4|MAP3K11|MCRIP1|GRHPR|TSEN34|TPGS1|RNF121|PPOX|PER1|RPL36|NENF|GPAM|TMEM214|HES6|CKLF|MTG2|ADPRS|LMNB2|RABL6|TP53BP1|HCFC1R1|FAM50A|MCM2|GAS6|PEDS1|WDR45B|ELAC2|GFER
OVSYANNIKOVA_PBMC_FLUARIX_AGE_55_64YO_RESPONDERS_VS_NONRESPONDERS_0DY_UP	0.299563318777293	0.771623452370147	-0.409116369160501	-1.10394655857112	1714	31	AHRR|GTF2H4|LIG1|ARHGEF10|DVL1|CENPV|METTL26|CCDC106|GADD45GIP1|NEK8|PKIG
GRADE_COLON_VS_RECTAL_CANCER_DN	0.29994881419553	0.771626395923815	-0.368723753731659	-1.08741529527941	1757	50	FZD9|ADSS1|FGF12|FLYWCH1|PHLDB1|TRPM1|ID3|QTRT1|CRYZL1|DUSP7|LMNB2|ESPL1|PIP4P1|ULK1|MPI|C15orf39|RAD23A
GSE17721_CTRL_VS_GARDIQUIMOD_1H_BMDC_DN	0.299882629107981	0.771626395923815	0.280547323480692	1.04839964924696	1021	168	CCNG2|SLC33A1|BMPR2|ARID5B|FAM227B|NBN|EIF4E3|PPM1B|ORC4|TXNL1|HSPH1|SCCPDH|PREPL|RAP2A|DDHD1|ATG10|HMX2|NOP58|AGL|RBL1|CARD10|TLR5|B3GNT2|TRA2B|C1D|LSM14A|FBXO33|RFC1|IPP|ZNG1B|CETN2|OR51B2|BTF3L4|HPF1|POLR1B|ETV6|PNP|UBR1|C1GALT1C1|TMEM33|XRCC2|MAFF|TRPS1|DAB2|TOP1|MAP4K5|SLC27A2|MAP2K1|HMGB2|SRP54
GSE360_L_MAJOR_VS_M_TUBERCULOSIS_MAC_DN	0.299765120375807	0.771626395923815	0.279674126911487	1.04623025654192	1020	169	DLG2|AIF1|ZNF41|PRKCH|APOBEC3F|RGS2|STEAP1|GLMN|ASB9|HDAC2|RALGAPB|RCHY1|CUL4B|ITSN1|UTP18|RRAS2|ZNF92|ARL1|ERP44|PREPL|PLXND1|ORC2|SMARCA5|NUP133|PLCH1|SPINK4|XCL1|INPP4B|SRP9|MYO6|LDHB|CSRP1|CELF2|ZNF623|RIDA|CREB1|SNTB2|CTNNB1|ARHGAP5|IL13RA1|SEPTIN11|CKAP5|RAB31|HERC4|SREK1|DRG1|BUB1B|HLCS|ZFP36|ATP5MJ|RAP1GDS1|RLIG1|ATXN3|KTN1|HMGB2|STOM|COQ2
GSE7568_CTRL_VS_24H_TGFB_TREATED_MACROPHAGES_WITH_IL4_AND_DEXAMETHASONE_DN	0.29979941367073	0.771626395923815	-0.309122289596525	-1.06758599937994	1942	148	AMH|FSTL3|PDE2A|PYCARD|CHAC1|TMEM175|GPR176|COX6B1|SLC7A7|ZNF462|RGS17|OTX2|NKX6-1|CDH15|SLC2A12|TPCN1|PHLDB1|ATXN7L2|HSBP1L1|NOTCH3|SPATA9|NDUFA4L2|OAZ3|ANKRD45|SPTB|GAL3ST1|RASSF7|PITX1
NIKOLSKY_BREAST_CANCER_20Q12_Q13_AMPLICON	0.299843014128728	0.771626395923815	-0.317528441136626	-1.0717646439599	1909	121	TCEA2|BCAS1|BCAS4|RPS21|FNDC11|ZBTB46|HMGB1P1|LAMA5|MATN4|SRMS|ATP9A|SAMD10|RBM38|TSHZ2|SDC4|CEBPB|SOX18|RGS19|MOCS3|ARFRP1|SLC9A8|SPATA2|SYS1|OGFR|PRPF6|MTG2|PSMA7|STMN3|PEDS1|CTSZ
GSE25088_WT_VS_STAT6_KO_MACROPHAGE_IL4_STIM_DN	0.300120048019208	0.771869085835718	0.27801016464083	1.04709564368284	999	179	PPP2R3A|BMAL2|PLK4|DTL|ERI2|TOP2A|RFC4|KIF11|CCNB1|SHQ1|GINS1|NCAPG|KPNA2|NUSAP1|BCAN|NUDT11|NREP|STRA6|KCNE2|CR2|BEX3|HAUS5|TCEAL9|TYMS|PIP5K1B|CTNND1|SOCS2|DONSON|CDK1|RRM2|CDK2AP1|CLIC4|MYB|MLLT11|ELOVL5|PSMA6|ANXA1|RACGAP1|GTF3A|KIF14|NEK2|CDKN3|HMGB1|PCNA|ZWINT|CKAP5|ALDH1B1|NCAPG2|PCLAF|CENPS|RFC3|PAICS|HJURP|ACOT13|CCNB2|BUB1B|RAD51AP1|EXO1|GPSM2|RHAG|DLGAP5|MELK|NCAPH|MACROH2A1|HMGB2|ALDH1A1|GINS3|ASPM
GSE11961_PLASMA_CELL_DAY7_VS_GERMINAL_CENTER_BCELL_DAY40_UP	0.300303490136571	0.772143041493569	-0.303465031424539	-1.06403237371842	1978	170	IL17B|IL21R|WIPF3|DND1|MGAT4A|RASGRP3|CHAC1|LEAP2|SNN|SLC46A1|B3GNT8|DBP|SNX30|NSUN5|SLC39A2|PIGR|HSPB9|KLHL32|LARS2|SELENBP1|ING5|SIL1|SLC6A9|SOX18|LAMTOR5|CLUH|HSPBP1|DNAL4|ZNF428|HELLS|IRF9|STMN3|MCM2|GPR3|DCUN1D4
GSE7460_FOXP3_MUT_VS_WT_ACT_WITH_TGFB_TCONV_UP	0.300415183867141	0.772232423984216	0.278811478150414	1.04855392228787	1012	175	ZC2HC1A|OSGIN1|IL12RB2|CD70|GLMN|LGALS3|PKD2|RUNX2|DUSP19|NEDD4|PDE3B|TRMT10A|CPD|HIC1|SUV39H2|KNL1|STT3A|PUS3|RIF1|CHPT1|ZNF770|NCAPG|TTC39C|BRINP3|ELL2|RAD23B|UBE2E3|LITAF|SKAP2|CARD10|DSG2|RABL3|RBPJ|CASP3|MED7|KLRG1|CLTC|SMIM3|NEU3|MEGF9|SUGT1|VMP1|PPP1R16B|ATP6V0E2|DAD1|PRXL2A|ITPRIPL2|ADORA2B|MFSD6|CHORDC1|RYK|PLAAT3|GABARAPL1
GSE7568_CTRL_VS_3H_TGFB_TREATED_MACROPHAGES_WITH_IL4_AND_DEXAMETHASONE_UP	0.300536955148452	0.772347658929894	-0.321315869455775	-1.0731541168801	1902	112	PITPNM3|CUBN|SFN|DBNDD2|PSMB9|GTF2H4|RDH12|TINAGL1|CASZ1|GAL3ST1|HPCAL1|PALM|PLD2|NT5C|UBE2J2|MVD|ISCA2|GSTP1|HOXC6|LCMT2|CKB|DNMT1|DCPS|P3H3|TSEN54|GPN2|PSMC3|PROCA1|RSAD1|PFDN6|NDUFA8
WP_T_CELL_MODULATION_IN_PANCREATIC_CANCER	0.30096402539384	0.773247219581101	0.37370059729744	1.08998968239491	1279	36	CD40|TNFSF4|LGALS3|VSIR|CD80
GSE29949_MICROGLIA_BRAIN_VS_CD8_POS_DC_SPLEEN_DN	0.301390799327526	0.774145558763997	-0.30577404900078	-1.06602638991662	1971	160	TBC1D1|APOA1|GNRH1|S100P|FZD7|RASGRP3|SEMA3F|ZNF169|EXT1|APOL1|C5|TWIST1|TRAIP|APOC1|PPARG|CASQ2|SLC19A1|LAMB3|CDKN2D|SPINT2|NFIL3|RGS14|GREB1|TRPC1|SGCG|LSS|HPCAL1|NOL3|BAP1|PPOX|RAB30
GSE19772_HCMV_INFL_VS_HCMV_INF_MONOCYTES_AND_PI3K_INHIBITION_UP	0.302018515707998	0.774173100274996	-0.304064444369093	-1.0638168645834	1989	165	CCR7|POLR2L|PLXNB2|PNKD|LAMB1|CLDN7|PRKCZ|ADGRE5|TRAIP|MEF2B|TULP3|FLT1|SRCIN1|CLCN7|C8G|CNTROB|OAZ3|KIF5A|KHDC1L|KCNJ11|MCRIP1|CD151|ARID3B|BMP1|GRK6|RAD54L|KLF13|HCN3|MYBL2|WNT5B|HS3ST3A1|TMUB2
GSE3565_DUSP1_VS_WT_SPLENOCYTES_POST_LPS_INJECTION_DN	0.30197864321608	0.774173100274996	-0.316100495997644	-1.06965435933315	1922	124	EFNB1|LAG3|TCN2|RNASEK|LRRC56|CCPG1|S1PR5|TEX14|ANKRD33|PLOD1|SRCIN1|MYH7B|TMEM163|RRBP1|STX4|EMP3|ATP2A3|AFAP1|COBLL1|DCT|ABHD12|PTCD2|VPS8|PIDD1|PTK7|KLF13
GSE37532_WT_VS_PPARG_KO_LN_TREG_DN	0.301958789112185	0.774173100274996	0.322395357031458	1.07195731459447	1186	74	TRIM69|MYOM1|TSKS|PKD2|RBM11|DAPK2|SVIP|SYTL5|KCTD14|SLC25A48|TTC9B|BEST1|ITM2A
JIANG_AGING_CEREBRAL_CORTEX_UP	0.301842780499184	0.774173100274996	0.383794541717266	1.08849055734058	1293	32	DCK|CCNG1|BCAP29|RDX|GRIA2|EGR2|SOS2|UBE2E1|TRA2B|RPS24|CDC5L|RPL5|VIM|SLC25A4
MORI_PLASMA_CELL_UP	0.301644895984519	0.774173100274996	0.348763022644414	1.07697219352767	1246	48	GPR160|MGAT2|SCFD2|STT3A|SLC44A1|TMED2|MAGT1|PRRC1|SPCS1|SLC30A7|DNAJB9|FILIP1|QPCTL|DERL1|OSTC
NGUYEN_NOTCH1_TARGETS_UP	0.30148095909732	0.774173100274996	-0.429998720222252	-1.10756191019086	1709	25	TAGLN|COL18A1|TCAP
UNTERMAN_PROGRESSIVE_VS_STABLE_IPF_MONOCYTE_DN	0.301865070227953	0.774173100274996	0.4057663083272	1.09653133514815	1310	26	CXCL8|CD83|CCL4|TMEM176A|TMEM176B|SAMSN1|ACSL1|NAMPT
WP_APOPTOSISRELATED_NETWORK_DUE_TO_ALTERED_NOTCH3_IN_OVARIAN_CANCER	0.301675977653631	0.774173100274996	-0.36669402237369	-1.09038399316424	1781	52	SMAD7|APOE|TNFRSF21|IER3|HSPB1|PTK2B|BCL3|NRG1|F2R|ABL1|ERN1|HELLS|SOCS3
KLEIN_PRIMARY_EFFUSION_LYMPHOMA_UP	0.302099334357399	0.774182567852839	-0.373070969475877	-1.08969241599298	1769	47	CTRL|PLOD1|GTF3C1|TNFRSF8|SULT1A2|MUC1|ADAM15|ALG3|AGPAT2|GPAA1|VARS1|DHX30|DPY19L1|SRGAP2|VEGFA|BCAP31|EIF4A1
BROWNE_HCMV_INFECTION_30MIN_UP	0.302229134266459	0.774279034725548	-0.385197184831598	-1.0918885075101	1748	40	MIR9-1HG|HSF2BP|COL6A1|FOS|PTK2B|TSFM|JUNB|RHOB|PTK7|ZER1|SMARCD2|APBA2|SOCS3
MULLIGHAN_NPM1_MUTATED_SIGNATURE_2_DN	0.302445516552986	0.774279034725548	-0.348661480827836	-1.0819875456536	1817	67	RPL28|BTN2A2|DGKD|PPM1F|FHL1|MAP4K1|OAZ3|LTBP4|MMP15|SORBS3|GRHPR|ARID3B|NBL1|UXT|EEF1D|GAS6|QARS1|TUFM|C15orf39|SERPINF1|SURF1|PES1
REACTOME_SEPARATION_OF_SISTER_CHROMATIDS	0.302409638554217	0.774279034725548	0.276662695299068	1.04818211166362	1003	186	SGO2|CENPQ|ITGB3BP|PSMC6|PSMC1|KIF18A|PSMD5|PPP1CC|RANBP2|KNL1|SEH1L|PSMA1|PSMA4|ZWILCH|NUP107|PDS5A|NDC80|NUP37|PPP2R5E|NUP160|PSMD6|NUP133|MAD2L1|CDC27|PDS5B|CENPU|SPDL1|UBE2E1|ZW10|AHCTF1|BUB1|SMC3|TUBB1|PSMD10|PSMA2|PSMA6|CLIP1|UBE2D1|CENPI|PSMC2|PPP2CA|PPP2R5C|PSME4|ANAPC10|RAD21|NDE1|ZWINT|PSMD14|PPP2R1B|PSMD11|CKAP5|BUB3|PSMC5|CENPE|CENPS|CLASP2|DSN1|MAPRE1|ERCC6L|BUB1B|KIF2A|DYNC1LI2|KNTC1|PSMA3|ANAPC4|WAPL|TAOK1|PPP2R5A|TUBAL3|STAG2|NUP98|ANAPC1|NSL1|TUBB6|SPC25|XPO1|NUP43|PSMF1
WP_PROSTAGLANDIN_AND_LEUKOTRIENE_METABOLISM_IN_SENESCENCE_WP5122	0.302325581395349	0.774279034725548	0.405438824231892	1.0956463514398	1312	26	ALOX12|GNAQ|PTGS1|PLA2G4A|IGFBP5|RB1|PTGER3|PLCB1|LTA4H
KEGG_ENDOMETRIAL_CANCER	0.30260277304792	0.774484098892153	0.345529903069059	1.07719721463212	1243	51	EGF|TCF7|PIK3CA|MAPK1|SOS2|NRAS|ELK1|PIK3CG|MYC|BRAF|APC|CTNNB1|PTEN
KYNG_RESPONSE_TO_H2O2	0.302928306967351	0.77511963939288	-0.354013658233379	-1.08190360216952	1799	62	ENG|TAP1|GDF15|PLXNA1|TSPAN4|SERPINH1|AEBP1|CFD|CCND1|PRKCSH|MCAM
BIOCARTA_GCR_PATHWAY	0.303063943161634	0.77512208535593	0.461755485003719	1.10597650302523	1364	16	PIK3CA|CALM2|PIK3CG|ANXA1|HSP90AA1|NR3C1
GSE13485_DAY3_VS_DAY7_YF17D_VACCINE_PBMC_DN	0.303083700440529	0.77512208535593	0.279357796771093	1.04731601527312	1031	171	SAMD9|MEIS1|TRIM69|IFIH1|MX2|DHX58|KDM7A-DT|CCL2|CCL4|NT5C3A|H2AC17|DEPDC1B|DTL|REC8|P2RY1|DTX3L|S1PR2|PBK|PI4K2B|PNPT1|H2BC21|NEXN|CMPK2|IFIT3|EIF2B2|HESX1|RSAD2|IFIT1|KCTD14|IFIT5|CXCL11|JAK2|TYMS|DDX60L|IFI6|SAMD4A
GSE15735_2H_VS_12H_HDAC_INHIBITOR_TREATED_CD4_TCELL_DN	0.303313253012048	0.775511572525456	0.276584931360975	1.04788749019774	1006	186	DPYSL2|ITGB7|DCK|ZNF367|IL12RB2|DHX58|SUMF1|CCNE2|NEDD4|STARD9|PDGFB|GNAQ|GCNT2|GEN1|ERI1|CRYBG3|GDI2|USP6NL|STAG3|SMC2|NDC80|TRIM13|MAPK8|CBFB|ISOC1|SLAMF7|RUNDC3B|TMEM74|CKAP2L|RBL1|VRK2|TLR5|ZNF623|UXS1|SMIM3|BACH1|SEPHS1|TRAFD1|BIVM|RBBP8|SMPDL3A|INPP5B|NGLY1|PREX1|IL13RA1|USP12|LRRC40|MMS22L|XPNPEP1|RAB31|TFG|CORO1C
GSE14908_ATOPIC_VS_NONATOPIC_PATIENT_RESTING_CD4_TCELL_UP	0.303515332834705	0.775816401259415	-0.299482094473004	-1.06315842215296	2028	188	NFKBIZ|ESPN|COL18A1|SMAD7|KLC3|CCPG1|CHAC1|FICD|CARD19|PABPC1L|MINDY1|PBXIP1|ASIC3|PPM1J|TMED9|C1orf159|TMEM63A|COPE|COX17|PDE6D|CIAO2B|TPD52|MICU3|SELENOH|KRTCAP2|AREL1|PSAP|BICRA|TRMT112|NDUFA6|TPGS1|NR4A1|ARFIP1|NDST1|TNFRSF1B|PPP1R18|ZNF354B|BLVRB|SMYD4|SFR1
GSE20366_TREG_VS_NAIVE_CD4_TCELL_DN	0.303587051618548	0.775816401259415	0.280985058524551	1.04644220660667	1040	163	TGFBR2|CPVL|SESTD1|RYR1|C11orf65|DNAJC6|ASB9|TCF7|RNF43|SFT2D2|PDE3B|TEX15|ANGPTL4|IL18R1|PJA1|AP1S2|TNFSF13B|PLEKHA5|AAK1|NCALD|HSD17B11|INKA2|SLAMF7|IFITM10|TDRP|EHD3|RNF144A|LITAF|GRK5|HID1|PDE7A|SMIM3|IL17RE|MEG3|SNTB2|PLSCR1|MFSD6|RAB4A|TGFBR3|SGTB|METTL9|PNMA8A|GGT1
HAN_SATB1_TARGETS_DN	0.303788716814159	0.776134166296903	-0.278788243382886	-1.04822378859703	2196	351	GAA|PLAT|APOLD1|S100A2|CYFIP2|OSMR|DYSF|SLC22A18|S100P|PLLP|CLDN7|FICD|PSMB9|CPT1C|CXCL1|KHDRBS3|SLC38A10|TRPV2|DDX41|SMAD6|IFIT2|KLF7|PRR29|METTL25B|LAGE3|LAMB3|TMEM8B|SERPINE1|SPINT2|TNK1|CA12|FHL1|IL1B|NRG1|INHBE|TMEM101|GBP2|ADPRM|SLC16A5|LSS|PAEP|CCL26|TACO1|ADAM15|IGF2R|DVL1|KCNN4|GMFG|SELENBP1|POLR1C|ABCD1|PAAF1|NOP16|ABL1|TSC22D1|G0S2|PTK7|HDAC5|SMIM14|OGFOD3|SDF4|LMNA|PNPO|ZNF226|ZNF23|MXRA8|HCFC1R1|PRSS2|ECH1|EML2|PPME1|SENP3|ALDH6A1|PXN|CDC42EP3
GSE14350_IL2RB_KO_VS_WT_TREG_UP	0.303968731208659	0.776198963081282	-0.301339902785811	-1.06239459213305	2021	176	LAT|RCAN3|RHOBTB2|MGAT4A|SMPD1|ENC1|SFN|FLT3LG|TMEM175|ADGRE5|TRIO|EEIG1|AEBP1|DENND1C|LONP1|PDCD11|ACVR1B|TRIOBP|MDFIC|ACP3|MBOAT1|GBP2|TRIM26|SLC16A5|TSPO|DACH1|RRP12|USP36|PSMB10|BORCS8|TPRN|TAPBP|SLC39A11|CLUH|MANEAL|HSPBP1|PDLIM4|TK2|C19orf48P|GOLIM4|ANKRD39|DDX59|ITPR3|BCL7A|VAMP2|ADCY3|EFTUD2|PCBD1
GSE32986_UNSTIM_VS_GMCSF_AND_CURDLAN_LOWDOSE_STIM_DC_UP	0.303959511759452	0.776198963081282	0.273623896952259	1.04396234886463	1020	193	TM6SF1|PGAP1|SGO2|SCOC|GNB4|BATF3|IL18R1|YES1|MTHFD2|NUP35|DNA2|NUP107|ECT2|ETV5|HSPA14|PRKRA|ITPRID2|HK2|SYTL3|SERPINE2|PSMG1|VDAC1|HBEGF|TIPIN|RRM2|UBA2|EIF5B|RFC5|SNX25|ENDOD1|CLIC4|ACLY|CCT4|FAM3C|RRM1|C18orf54|C4orf46|GBE1|TIPRL|UBQLN1|IPO5|GPI|ING2|HSD17B12|ADARB1|GARS1|PSMD14|WBP11|ATAD2|FARSB|B3GALNT1|BTBD3|LRR1|SRPK1|CDK6|CCDC150|NDC1|DRG1|BTG3|BNIP3|GOT1|NUP58|MPP1|RPRD1B|PRMT5|DYRK3|WDHD1|EXOSC8|HSPA4L|NUDCD1
BOSCO_INTERFERON_INDUCED_ANTIVIRAL_MODULE	0.304315290596159	0.776293999238689	0.324245235119097	1.06540322875737	1219	68	CD40|IFIH1|DHX58|MS4A6A|CCL2|ST3GAL5|PTPN2|CD80|PNPT1|IFIT3|RSAD2|SLAMF7|IFIT1|TMEM176A|CD274|IFIT5|GOLGA4|CDK1|IFI6
GSE34156_NOD2_LIGAND_VS_TLR1_TLR2_LIGAND_24H_TREATED_MONOCYTE_DN	0.304282267792521	0.776293999238689	0.276263900579822	1.04698588381351	1008	187	TMEM182|FOXO1|CFAP44|TTPAL|ETFRF1|ANKRD36|IMPACT|CLK4|ALG6|PUS3|HSPH1|ZRANB3|RPL39|COIL|SNRPN|FGFR1OP2|NUP133|CD96|CTBP1-AS|DKK3|RIOK2|DLAT|TRIAP1|WDR36|TUBE1|NSA2|ZMYM5|NDUFAF6|MIR99AHG|EIF2S1|VRK1|RPUSD4|PGBD4|KBTBD6|RPL7|CWC15|TMEM243|ZNF891|TTC3|PPWD1|PMPCB|TAF9|NUP88|LINS1|CEP85L|MPHOSPH10|ERCC5|SRSF1|HELQ|WRN|USP16|BCCIP|VAPB|TRMT10C|TTC28-AS1|NDFIP1|CDS2|ERCC6L|SARNP|DUSP12|SNRNP40|CDIN1|ANAPC4|RASA2|UBP1|SRSF10|TOMM20
GSE360_DC_VS_MAC_B_MALAYI_LOW_DOSE_DN	0.304087438239257	0.776293999238689	-0.2994224425009	-1.06103866334991	2030	184	POU2F2|CCR7|PYGM|CD14|RABAC1|BTN3A1|EEIG1|CD19|SLC6A8|PPIE|IL2RG|MIF|OCEL1|HGS|EMP3|CMKLR1|SEC61B|CHD3|MAP3K12|DHX38|MZF1|LTBP4|SLC10A3|AMHR2|TRIP6|CAD|RPP14|MBD3|CDK2AP2|WDR18|AGPAT2|HIVEP1|CNPY3|MADD|VPS11|H2BC12|G0S2|SIVA1|BTD|RRP7A|NINJ1|JTB|OXA1L|ADD1|PKD1|MPI|ATXN2L|TRIM27|BRD2|RBCK1|ILVBL|URB2|TOX4|DHCR24|ATP6V1H|NDUFAB1|RELA|TNFRSF10B|CLPP|LPL|TRIP10|PFKL|TCOF1|MNT|SLC25A1|BST2|ERCC3|DNAJC11|PMVK
REACTOME_G2_M_DNA_DAMAGE_CHECKPOINT	0.304209690230342	0.776293999238689	0.313256060521989	1.06328980441765	1148	86	H4C5|H2BC6|H4C12|RMI1|NBN|RFC4|H2BC21|H2BC26|CCNB1|UBE2N|DNA2|YWHAQ|YWHAG|H2BC7|RAD9B|UBE2V2|YWHAZ|HUS1|CDK1|RFC5|RBBP8|RPA2|ABRAXAS1|ATR|H2BC8|WEE1|BRIP1|YWHAH|WRN|RNF168|H4C8|BLM|RFC3|ATM|CDC25C|RMI2
GARY_CD5_TARGETS_UP	0.304497354497355	0.776363841616572	-0.272219337957175	-1.04367828558402	2301	454	GAA|SPIB|IL21R|TBC1D1|STS|POU2F2|CCR7|APBB2|AKAP13|CREBRF|GKAP1|CD37|NUP210|CBS|UVSSA|PBXIP1|LPCAT4|NBEAL2|SLC3A2|GAS5|TRIO|SMIM27|ETHE1|DBP|EEIG1|ACTMAP|CD48|DENND11|ALDH16A1|ICAM1|PRKCSH|FYN|AURKB|IL2RG|P2RX5|PIK3IP1|RPL13A|BCL3|TAF15|INHBE|CALR|MAP4K1|SCARB1|DMPK|PNKP|SLC43A1|LSS|TSPO|GFI1B|MACROD1|SLC7A11|ASNS|SLC1A5|SLC7A1|HPCAL1|SLC2A3|LRSAM1|SULT1A1|AGRN|NFE2L1|JUNB|CPNE1|TMEM120A|NOS3|RBFOX2|CEBPB|BAP1|UCP2|CDK10|NAT14|GNS|DAPK3|DHCR7|PPP1R18|SUSD3|TMED4|GRINA|MRPL2|MAP1S|FASN|HMG20B|GCHFR|REXO5|GSK3B|DYNC2I2|KDM4B|HELLS|SF3A2|MGAT4B|OGFR|FLOT1|TMC6|R3HDM2|TNIP2|CDC42|IRF9|ATP5F1D|PCK2|MINK1|TMC8|HCFC1R1|DUSP5|STN1|TPRA1|AARS1|SREBF2|SRRT|ALDH6A1|MAST2|METRNL|VEGFA|ATXN2L|BCKDK|ASL|SESN2|VAMP2|IRF1|RELB|TOR3A|CDKN1A|ANKRD11|KIAA0319L|GRAMD1A|KDM6B|MYLIP|LDAF1|CD52|PKN2|SH3GLB2|PILRB|TLN1|SYNGR3|CARS1|PIGO|PPP1R9B|LENG8|SAMD1|SHKBP1|RAB11B|TBL1X|HMGA1|SERINC3|TKFC|SELENOO|STX16|DHTKD1|STYXL1|HLA-E|MFHAS1|AP2A1|AAAS|ABHD6|SOCS7|ZFAND3|SIPA1|PHF14|CEBPG|ZNF581|CALML4
GSE19198_6H_VS_24H_IL21_TREATED_TCELL_UP	0.304439746300211	0.776363841616572	-0.302175541403198	-1.06266846535561	2015	173	CCR7|SYTL1|S100P|DIPK1A|CATSPER1|BSCL2|TIMP3|NUP210|LPCAT4|PPP1R14A|VILL|BTN3A1|UBA7|GORAB|SRD5A3|PHPT1|MICALL2|PDLIM7|SDF2L1|IL2RG|PPP1R16A|SH2D3C|SERPINE1|FRMD3|EPHB6|EMC4|MYDGF|SLC7A11|KCNN4|CEBPB|RAB11FIP4|G0S2|MBOAT7|LMLN|TP53I13|RAP1GAP|HMG20B|CDK5RAP1|PLPP5|BID|MYCL|TYW5
GSE3920_IFNA_VS_IFNB_TREATED_ENDOTHELIAL_CELL_UP	0.305079908675799	0.777059660818998	0.283814665355021	1.05025252347677	1068	154	DISP1|HSPBAP1|FCGR2B|SLC49A4|ABTB1|SESTD1|KAT2B|SERPINI1|GNB4|ADPRH|TDRKH|B3GNT5|EIF4E3|PNPLA7|ADD3|SH3BGRL2|FAM124B|OSTF1|NCALD|RCBTB2|SYNE2|IL6R|ACOT11|TMEM255B|OTULINL|TXK|TMEM176A|KIT|TMEM176B|TMEM50A|CD24|CPNE3|ASCC3|BCAS3|DARS2|KLHL6|IL17RE|ELOVL6|IKBKE
GSE40443_INDUCED_VS_TOTAL_TREG_DN	0.305069537909376	0.777059660818998	-0.30009276786393	-1.06033496829076	2039	178	TMCO4|SMAD7|TSC22D3|LATS2|DIPK1A|RHBDD3|IFI30|SYCE2|PSMB9|CHST12|ADGRE5|SYNGR2|RNF207|DENND2C|APOBR|IFI27L2|HDAC4|BCL3|C19orf38|TNFAIP8L2|PKP3|NINJ2|PCED1B|SELENOH|FRMD8|SEMA4F|RNH1|STING1|ITGB5|RFC2|SFXN3|SGK1|CNP|OAS3|IL15RA|PDLIM4|RCN1|SUPT7L|IFNGR1|CAPG|INF2|IRF9|DPY19L1|TRAF3IP2|SKI|SOCS3
LEE_AGING_MUSCLE_UP	0.30498687664042	0.777059660818998	-0.403540479121745	-1.09437308519054	1742	32	TGFB1I1|HSPB1|FOS|GDF9|SMARCC2|RHOB|CDC42|AP3S2|ACTR1B|DCTN1|U2AF2|PLAGL1
REACTOME_NOREPINEPHRINE_NEUROTRANSMITTER_RELEASE_CYCLE	0.304921700223714	0.777059660818998	0.455509237542862	1.1095127542168	1362	17	SLC18A2|SLC22A1|RAB3A|CPLX1|SLC22A2
GSE7764_NKCELL_VS_SPLENOCYTE_DN	0.305667713473905	0.778359337354402	-0.299329574623948	-1.0614201637201	2043	185	ACKR1|CCR7|FN3K|SAMD11|COX8A|PHYHD1|B3GNT8|RABAC1|SLC29A1|TECR|CECR2|PHPT1|SNX30|CD19|ELL3|SIGLEC10|TMEM86A|TXNDC16|RBM38|CEP41|TXNRD2|ID3|ADAM15|MERTK|HPGD|DGKA|CDK2AP2|SNX8|RCBTB1|EPHX1|NDST1|PPOX|PPP1R18|RAB30|SHOC2|MED12|TP53I13|FZR1|CMTR1|SYMPK|SASH1|UQCRHL|PRMT1|MAFG|EPOR|CD81|WDR74|PPME1|TSPAN31|CCNF|LY6E
WEINMANN_ADAPTATION_TO_HYPOXIA_DN	0.306111788263974	0.779292450061822	-0.396618354293906	-1.09660953588859	1757	35	CRLF1|MARCKS|TPBG|MMP1|IER3|STC2|SLC16A3|ID3|SDC4|NNMT|NMU|HSPA1B
GSE17186_BLOOD_VS_CORD_BLOOD_NAIVE_BCELL_DN	0.306434678266087	0.779521363516213	-0.298930856054954	-1.06123687547063	2042	189	METTL27|TMEM9|RPLP2|GPR68|RABAC1|PPM1J|DYRK2|DNAJC15|SAC3D1|OSBPL5|CHCHD10|CARNS1|SLC2A9|TMEM80|CYTH3|LGALS3BP|CDKN2D|IL2RG|MIF|TPCN1|UQCC5|FASTK|C12orf57|ATP2A3|C19orf38|GBP2|FRMD8|TSPO|ICAM2|PRF1|USP36|RPS18|HMGXB3|TRMT1|ENDOG|ZSCAN25|HDAC7|RPLP1|SIDT2|ANKRD9|IL18RAP|G0S2|NCKAP5L|TEX264|ARHGEF1|GDPGP1|SIGIRR
GSE25085_FETAL_LIVER_VS_FETAL_BM_SP4_THYMIC_IMPLANT_UP	0.306379155435759	0.779521363516213	0.274658572731707	1.04463229663726	1022	190	ITGB7|EXO5|ZKSCAN8|PUS10|DET1|MDP1|TEX15|EIF3E|CORO1A|HNRNPLL|TP53INP1|EEF1AKMT1|GFM2|AP1S2|CCNA2|UBE2N|PRIMPOL|ATXN10|SKIL|GMPS|PSMD6|NUSAP1|DOCK10|RIT1|ICA1|CKAP2L|HERPUD1|FXR1|CDK1|NSA2|RFX7|VIPAS39|ACAT1|RIOX2|STARD4|RACGAP1|NOD1|PDIA3|DHX57|CCDC90B|SPG11|ALKBH8|ZNF124|EIF4B|CENPE|PCLAF|MMACHC|MBTD1|C11orf54|RPL7L1|CCNB2|BTF3|KNTC1|OMA1|ACOT7|PAFAH2|FKBP15|USP15|MPP1|UFSP2
HE_PTEN_TARGETS_UP	0.30639431616341	0.779521363516213	0.460449268917006	1.10284791149422	1379	16	ELK3|ZNF274|ECT2|MYC|RB1
GSE27241_WT_VS_RORGT_KO_TH17_POLARIZED_CD4_TCELL_DN	0.306821480406386	0.779539821698128	0.281399798791914	1.04657561342818	1056	161	NXT2|DYNC2LI1|PTPRN|CRYL1|SUMF1|CENPQ|DNAJC6|SHLD2|PPT1|IL18R1|MOSPD2|LHPP|KHK|WDR35|RPAP3|ZFAND1|MXI1|NUP107|TMEM30A|GINS1|SAAL1|OLA1|RAB11A|ISOC1|METTL21A|INSIG1|TBC1D19|RABL3|GTF2E1|RFC5|SCAMP1|ADCK1|ACAT1|TRDMT1|MTRF1|CLNS1A|COX15|CETN2|PTPRA|NMI|HMGCS1|ACAT2|TIMM17A|SEPTIN8|ECHDC1|FDFT1|RFC3|SUMO3|RNF130|GPSM2|MSMO1|SUMO2|HIBADH
GSE360_CTRL_VS_B_MALAYI_HIGH_DOSE_DC_UP	0.306701785191689	0.779539821698128	0.279783963149682	1.04497451921633	1047	167	FEM1C|MAP3K10|ZNF75D|NTS|RGS2|ARHGEF16|KIN|ATG4A|CDC7|CETN3|PSMC1|RAB29|LDHA|RNF103|STT3A|CLK1|ETV5|IDH1|PLCH1|FABP6|BDKRB1|CDC14B|MYB|IFT70A|RRM1|TASOR|PIK3CG|ZNF217|GLUL|HNRNPA1|ABCB7|DAD1|ZNF460|CKAP5|ALDH1B1|EIF4B|BLM|PSMC5|BTK|SPOP|PNP|SETD3|ETV1|EXO1|BBS4|VDAC3|KYNU|TXNIP|STOM|PKLR|MFAP1|ANP32A|SF3B1|STIM1|JMJD1C|TUSC3|ODF2|GSE1|SMCHD1|PPP4R1|AHCYL1|KRIT1
GSE41978_WT_VS_BIM_KO_KLRG1_LOW_EFFECTOR_CD8_TCELL_DN	0.306830228683932	0.779539821698128	-0.303211430207515	-1.06182342689294	2025	166	ADAM19|COL18A1|MAGIX|LAMB1|ITGA4|AGBL3|SEMA3F|ZDHHC12|UQCR11|GASK1B|P2RX4|TRIO|ICAM5|FLT1|WDR46|SMPD3|FOS|FAU|AKT3|WDR83|ALG9|TIMM29|ATOX1|HMGXB3|CAPN15|NOL3|POLR3K|MFSD10|SAP30BP|SYT10|CERS5|PYROXD1|DAPK3|GNB5|NENF|G0S2|STAG1|AKT2|LAMP1|ERP29|ADGRL1|LMNB2|TSPAN31|ATP6V0A2|SLX9|DUSP14|PSMD9|HBE1|PPARGC1B|UCK1|BLOC1S5|EDEM1|SRSF5|TIMM50|UBAC1
ICHIBA_GRAFT_VERSUS_HOST_DISEASE_35D_DN	0.30669188933554	0.779539821698128	0.364401443632497	1.08241058854499	1296	39	BMPR2|KLF10|RSRC2|OAT|RELN|RBM4B|LIPC|ACSL1
REACTOME_SIGNALING_BY_VEGF	0.306687898089172	0.779539821698128	-0.32665302997224	-1.07350114467982	1925	100	PAK1|CYFIP2|MAPK13|AXL|PRKCZ|MAPK11|MAPK12|BCAR1|FLT1|CYBA|FYN|HSPB1|PTK2B|PGF|AKT3|TRIB3|SPHK1|NOS3|MAPKAPK2|ITGAV|AKT2|CDC42|SH2D2A|ITPR3|PXN|BAIAP2|VEGFA|ITPR2|PRR5
BIOCARTA_NDKDYNAMIN_PATHWAY	0.307158836689038	0.779623420293333	0.454902392488999	1.10803462321176	1372	17	PICALM|EPS15|PPP3CB|CALM2|SYNJ1|PPP3CA|NME2|SYNJ2
BIOCARTA_STATHMIN_PATHWAY	0.307329136690648	0.779623420293333	0.43974301209729	1.10289818114655	1366	19	CD3G|CCNB1|PRKAR1A|UHMK1|CDK1|TSG101|STMN1|RB1CC1|HSPA5|PRKAR1B
GSE20715_0H_VS_6H_OZONE_LUNG_DN	0.307276007215875	0.779623420293333	-0.301002068986699	-1.06120353579468	2043	176	TNS2|EFNB1|ZFP42|OSMR|CD14|MARCKS|AGBL3|ACE|MT2A|KCNK5|LAMA5|PDCD1|MEF2B|POR|SEC14L4|FSIP1|ACVR1B|HSPG2|BCL3|BRD4|SLC15A2|PIGR|FRMD6|POMT1|LPIN2|ZBTB20|CDC42EP4|DUSP7|ITFG2|PER1|TSC22D1|ID1|INPP5D|FASN|SASH1|HES6|SOCS3|ULK1|ITPR3|NPTXR|CLK3|PSMD9|REXO4
GSE2770_TGFB_AND_IL4_VS_IL12_TREATED_ACT_CD4_TCELL_48H_DN	0.307046476761619	0.779623420293333	0.274942422419798	1.04467121298755	1023	189	DPYSL2|PITPNC1|GPR137B|MEX3C|IL12RB2|CD70|CCL4|ABHD17B|AMD1|KIF18A|IL18R1|PHLDA1|EIF4E3|LGALS8|PJA1|MTHFD2|UTP18|RMND5A|HSPA14|IRGQ|PICALM|TRIB1|RCBTB2|BACH2|RAP1B|FOXP1|MICALL1|TENT5A|DCTN6|ZNF792|CCNH|IL10RA|RABL3|DNAJA2|QSER1|SCAMP1|RABGAP1L|DNAJB11|MLLT11|DNAJB9|SMIM3|GBE1|KDM6A|IKBKE|CLIP1|HECTD1|ITM2B|DCAF4|NSMAF|DDX6|SIK2
MANN_RESPONSE_TO_AMIFOSTINE_UP	0.307166006481815	0.779623420293333	-0.459853414557076	-1.11363503390619	1705	19	GDF15|DDB2|NME3|XPC|NEDD8|RAD23A|CDKN1A
PID_CONE_PATHWAY	0.307284040995608	0.779623420293333	-0.489858955969134	-1.11868226469749	1678	15	GNB3|GUCY2F|RDH12|GUCA1B|GNB5
KEGG_MEDICUS_REFERENCE_TELOMERE_ELONGATION	0.307539682539683	0.779960417719387	-0.466245048124756	-1.11451847780879	1704	18	TERC|CTC1|NOP10|ACD|STN1|WRAP53|TERT|TINF2|NHP2|RUVBL2
GSE17721_4H_VS_24H_POLYIC_BMDC_DN	0.307692307692308	0.780150387627023	-0.29777657468766	-1.05895247453854	2043	193	PCNX1|ANPEP|TEX14|CD37|MINDY1|CTU1|HELB|RPP21|PPCDC|DYNLRB1|ECI1|TULP3|ARHGAP45|CIAO2B|SLC22A13|CSF2|HFE|PRKCSH|COMTD1|ZNF622|TTYH2|NLRX1|TMCO6|BRD4|CMKLR1|NAA60|IFITM3|GPR146|NDUFA6|DGAT1|IL17RA|TRAPPC1|GFUS|TSC22D4|RETREG2|C6orf136|TNFRSF1B|SFSWAP|TRMT2A|ACADVL|FBXO31|SAMD8|SLIRP|PRRG2|SENP3|MR1|GRAMD1A|SUGP1|LACTB|TM9SF4|COG8|CDC37L1|RCC1L|CARS1|ATOSB|MMD|CDK5RAP2|COA5|NFKBIL1|ZKSCAN3|FBXO25|ZNHIT2|PACC1|CSNK1G2|KLHL36|EGLN2|MRPS34|TMEM11|DBNL|SSNA1|PFKL
GSE360_L_DONOVANI_VS_M_TUBERCULOSIS_DC_UP	0.307796101949026	0.780216482667757	-0.299797397695091	-1.05916815031249	2052	179	POU2F2|PLXNB2|HLX|ABCC10|LYPD3|CBS|TRIO|P2RY11|UNC5B|SMAD6|SUN2|SREBF1|CCK|CAPN11|PPARG|ATG9A|IFT27|HPS1|FYN|ECE1|ESR1|MAGED2|NDUFAF3|AKAP8L|TBXAS1|SCARB1|VPS72|ADAM15|SNU13|STOML2|SLC1A5|DCTN3|SIVA1|CCDC85B|H2AZ2|ICAM3|AP1B1|TK1|TP53BP1|DPY19L1|LPCAT1|GRAMD4|GATA2|CCHCR1|DDX51|TUFM|VEGFA|ATXN2L|TBX1|ESYT1|MGAT1|TRAF5|CYB5R3|CASP9|NBAS|UBAC1|FIG4|H2AZ1
GSE10325_LUPUS_CD4_TCELL_VS_LUPUS_BCELL_DN	0.307915205124295	0.780221703054923	-0.304719935252251	-1.06318292994599	2018	161	SPIB|TAGLN|HSPA6|IFI30|MARCKS|CD37|RASGRP3|ABCB4|BTN2A2|HLA-DOB|GRN|CD19|TCL1A|SLC7A7|TPD52|P2RX5|IGHA1|CACNA1A|SH2B2|COBLL1
SIG_CD40PATHWAYMAP	0.307961504811899	0.780221703054923	-0.398254459734513	-1.09367222379473	1759	34	MAPK8IP2|MAPK13|MAPK8IP3|MAPK11|MAPK12|IKBKG|TRAF2|TONSL|MAPK8IP1|NFKBIB|TRAF3|TRAF5|NFKBIE|NFKBIL1
SONG_TARGETS_OF_IE86_CMV_PROTEIN	0.308031341821743	0.780221703054923	0.339309441834059	1.07101519965277	1257	55	DCK|CSPG5|KIF11|MSH2|POLA1|TMEM106C|MAD2L1|CORT|TYMS|CDK1|CASP3|RRM1|PCNA|ZWINT|BLM|PCLAF|RFC3|PNP|BTG3
GSE41867_NAIVE_VS_DAY6_LCMV_EFFECTOR_CD8_TCELL_DN	0.308256057433443	0.78052170231334	-0.298870466040626	-1.0601333533158	2060	187	UBL3|RAB4B|CCR7|PDE2A|ADGRG3|AKAP13|KRTCAP3|TLR6|SH3PXD2A|ZNF692|NXF1|D2HGDH|SNX30|ELL3|KLF7|MAP1LC3A|TOP3B|RASGRP1|LUC7L|DCAF15|MED15|SPG7|ATP6V1F|ATP2A3|CHD6|TRIM26|PLEKHG2|AKNA|NCSTN|CSGALNACT2|FILIP1L|DVL1|SMG6|DYNC1H1|JUNB|F2R|CDC42EP4|SZT2|SIDT2|TRMT2A
SAKAI_TUMOR_INFILTRATING_MONOCYTES_UP	0.308305294846821	0.78052170231334	-0.431200330768262	-1.09973396750327	1740	24	NRG1|ATN1|SEMA4C|HDAC7|FLNB|NPHP4|HDAC5
GSE12392_WT_VS_IFNB_KO_CD8A_NEG_SPLEEN_DC_UP	0.308561236623068	0.780579055751602	0.27267755430089	1.04177320185305	1037	194	AJUBA|ST8SIA4|AIF1|CFAP410|UBTD2|KCTD12|LGALS3|UQCRB|CPD|DOCK7|FNDC3B|LDHA|NHLRC2|ARHGAP42|MRPL42|CAPN2|FNIP2|STARD3NL|TCF12|ERP44|AP3S1|RCBTB2|SYNE1|DKK3|LITAF|TARS3|PPA1|GRK5|KCTD6|QSER1|RABGAP1L|FGD6|ALDH2|LMBRD1|EEFSEC|SDAD1|MAN1A2|CCDC90B|VAMP3|C1orf131|ITPRIPL2|ASAH1|SGMS1|ACACA|PLAAT3|CCNDBP1|CTDP1|TFDP2|SAV1|SPOP|C11orf54|ANXA7|GFM1|INPP1|ALDOA|NUDT9|TOP1|FKBP1A|ZNF282|ALS2|FKBP4
JEPSEN_SMRT_TARGETS	0.308417743625568	0.780579055751602	-0.409998845492128	-1.09906478868457	1765	30	METRN|APOE|TIMP1|IGF2R|PDGFA|ZBTB5|PRDM15|PDLIM4|SPRY4|KDM6B|NIF3L1|HMGA1|TCF25
KEGG_MEDICUS_REFERENCE_CXCR4_GNB_G_PLCB_PKC_SIGNALING_PATHWAY	0.308535076868705	0.780579055751602	-0.424226969824863	-1.10138033311964	1745	26	PLCB4|GNG8|GNB3|BCAR1|PTK2B
REACTOME_HOST_INTERACTIONS_OF_HIV_FACTORS	0.308835672997523	0.781036776344962	0.292357073767973	1.05325748464416	1121	125	PSMC6|PSMC1|PSMD5|NPM1|AP1S2|RANBP2|SEH1L|PSMA1|PSMA4|NUP153|NUP35|NUP107|ELMO1|NUP37|NUP160|PSMD6|NUP133|NUP205|AP1G1|PSMD10|SKP1|PSMA2|PSMA6|PSMC2|PSME4|NUP88|SLC25A5|PSIP1|CUL5|PSMD14|PSMD11|RAE1|NUP155|NUP54|PSMC5|NUP50|KPNA1|NDC1|DOCK2|KPNB1|NUP58|SLC25A4|PSMA3
REACTOME_N_GLYCAN_TRIMMING_IN_THE_ER_AND_CALNEXIN_CALRETICULIN_CYCLE	0.308897788612224	0.781036776344962	-0.395667820513144	-1.09398140636085	1773	35	SEL1L|RNF5|MOGS|MAN1B1|UBA52|PRKCSH|UBB|OS9|CALR|SYVN1|MLEC|ENGASE|UBXN1|EDEM3
GROSS_ELK3_TARGETS_UP	0.309299655568312	0.781855941222543	0.411697560846924	1.09070213508809	1346	24	CCN1|CPD|RRAS2|ASS1|ZMAT3
BURTON_ADIPOGENESIS_1	0.309465595529165	0.782078461208902	-0.409649295761799	-1.09812776702043	1771	30	IER3|NFIL3|IRS2|ID3|THBD|RHOB|SGK1|CEBPB|UNC45A|PER1|TSC22D1
CREIGHTON_AKT1_SIGNALING_VIA_MTOR_UP	0.309686459975477	0.782439638870839	-0.399848131424207	-1.09119291057104	1767	33	BSG|POR|MMP15|PMPCA|CLSTN1|NEDD8|HNRNPAB|SPINT1|NEU1|CDC34|UBE2M|NECTIN2|CORO1B|DDR1|BRMS1|RNF126
GSE16450_IMMATURE_VS_MATURE_NEURON_CELL_LINE_UP	0.310055447325041	0.782977756037425	-0.299278361401256	-1.05841023849613	2068	180	PBX4|DPEP2|LYRM9|TSC22D3|AKAP13|CREBRF|FGD3|LINC00528|SNN|PBXIP1|TPBG|GPR68|BTN3A1|EEIG1|SUN2|SPSB3|ARHGAP45|SH3BP5-AS1|RASGRP1|PIK3IP1|TXNDC16|OCEL1|LINC02481|HSBP1L1|NLRP1|SLC25A25-AS1|TSC1|GAL3ST4|FBXL20|ZBTB20|SLC35D2|ITFG2|TSC22D1|ENTPD4|IRAG2|NUDT7|APBA2|PDK3|ZSCAN2|MICAL1|SAP30L|PINK1|ACCS
REACTOME_E3_UBIQUITIN_LIGASES_UBIQUITINATE_TARGET_PROTEINS	0.309980334316617	0.782977756037425	0.337416782156778	1.06752507307425	1260	56	PEX12|H2BC6|LEO1|UBE2N|H2BC7|RNF144A|UBE2V2|UBE2E1|WAC|PEX13|UBE2D3|DERL1|PEX5|UBE2D1|PCNA|H2BC8|PEX2|HLTF|CDC73|UBE2A
GSE24292_WT_VS_PPARG_KO_MACROPHAGE_DN	0.310542168674699	0.783005843734464	0.275881769091392	1.04522344432131	1030	186	ZC2HC1A|ZNF483|MX2|WDFY3|LGALS3|ENOPH1|ITGB3BP|NT5C3A|NUDT13|PRPS2|GNAQ|MARCHF5|RMDN1|PNPT1|FMNL3|CRLF3|SLC25A40|GINS1|TCF12|DENND4C|CWC22|DMTF1|TBPL1|GCC2|SLAMF7|LFNG|IFIT1|OTULINL|RUNDC3B|CXCL11|ACER3|KCTD21|VRK2|DOCK11|UBA2|RAPH1|RAPGEF6|WDR11|IFTAP|PEX13|MAPRE2|SNW1|PSMC2|PCNA|ZFAND5|BAIAP2L1|EXTL2|SNX29|ATP6V1B2|B3GALNT1|ZNF281|SYNJ1
GSE33424_CD161_HIGH_VS_NEG_CD8_TCELL_DN	0.310194902548726	0.783005843734464	-0.299293841906345	-1.05738911467894	2068	179	MATN1|LAG3|ACKR1|KIF1A|SLC46A1|SLC29A1|NDUFA2|SH3PXD2A|MRPL41|AEBP1|SRCIN1|NSG2|FYN|LAMB3|ACTN2|FAS|FRMD6|IRS2|SELENOH|SEMA4F|ID3|RAMP1|ROM1|SLC12A7|PSMB6|MRPL55|UQCRQ|DHRS3|ATP5PF|HPCAL1|F2R|SGK1|PALM|REXO1|MYBBP1A|ATP5IF1|SNHG6|ZBTB7B|CDCA3|G0S2|TP53I13|EVL|NUDT1|YJU2|MYBL2|CD3D|NFE2|COL1A2|NOCT
GSE40666_WT_VS_STAT1_KO_CD8_TCELL_WITH_IFNA_STIM_90MIN_DN	0.310615199034982	0.783005843734464	0.275564885982668	1.0443367558809	1029	187	ARMCX1|IFIH1|MX2|DHX58|PUS10|GPRASP2|CNOT11|DCLRE1A|TMEM64|CKS2|GNB4|TOP2A|ENTPD7|EIF4E3|RFC4|PPM1B|ZWILCH|ARMCX6|SMC2|ECT2|NDC80|ZNF821|CBFB|PLXND1|MAD2L1|RSAD2|EGR2|DNAI4|LITAF|TBC1D19|CKAP2L|RTN3|CDK1|RRM2|RAPH1|PARD6G|FAR1|CDK2|ALDH2|TRAFD1|CA2|DSCC1|PRR11|PCNA|WEE1|MMS22L|UBE4B|ATAD5|SHCBP1|TFRC|BLM|NCAPG2|PCLAF|LRR1|CENPS|RFC3|FABP5|RAB10|PARP9|ALYREF|EIF2AK2|VIM|EXO1|KNTC1
GSE4590_PRE_BCELL_VS_LARGE_PRE_BCELL_DN	0.310286677908938	0.783005843734464	-0.307023002917653	-1.063212067251	2023	151	EFNB1|LATS2|NHLRC3|TBC1D2|RHOBTB2|CELSR3|ARHGAP33|PWWP2B|B3GNT8|SAC3D1|PLEKHA1|SAMD10|FOS|NLRX1|PCGF1|RIPOR1|DUS3L|LYL1|MIB2|XPC|PLK3|CDIPT|GTPBP3|ARID3B|CCDC61|HDAC7|PPP1R12C|AGPAT2|GALE|ID1|MCRIP2|FBXO10|UQCC3|SLC25A42|NMNAT1|SMURF2|RUSC1|LPAR2|NR2F6|ZSCAN2|ABHD8|NT5DC3|ZBTB48|ASB1|UBE2O|VAMP2|UCK1|BRF1|METTL13
HUNSBERGER_EXERCISE_REGULATED_GENES	0.310614782408473	0.783005843734464	0.403175063540187	1.08952882890826	1348	26	SCG2|EGR1|LDHA|MAPK1|EGR2|PRKCI|ELK1
RAGHAVACHARI_PLATELET_SPECIFIC_GENES	0.310448509145578	0.783005843734464	0.324529026360959	1.06298346584268	1238	67	ZNF185|CCL5|TNFSF4|RNF11|PTGS1|H2BC21|PPM1A|TMEM140|BEX3|WIPF1|ITGA2B|ENDOD1|RABGAP1L|PTPN12|PRDX6|MFAP3L|ASAH1|RAB31|HBA1|H3C10|H2AC6|KIF2A|MPP1|PIP4K2A|SPARC|NAP1L1|DAPP1|RYBP|PRKCB
REACTOME_RSV_HOST_INTERACTIONS	0.310690603267022	0.783005843734464	-0.33751739816632	-1.07302796880269	1920	77	CD14|TLR6|UBA52|RIGI|GPC1|IRF3|UBB|MED15|HSPG2|MED22|ISG15|MED10|MED24|MED6|AGRN|SDC4|GPC2|RBX1|MED19|MED12|MED25|MED11|MED16|TYK2|BCAP31
VERHAAK_AML_WITH_NPM1_MUTATED_DN	0.310528653931586	0.783005843734464	-0.294304739690064	-1.05577400827637	2096	206	TGFB1I1|TRBC2|SPIB|FAM171A1|S100P|CIITA|IFITM1|SYNGR1|EPS8|TRDC|TNFRSF21|TRPM4|IFI16|CD19|CD48|CLIP3|ARHGEF17|DCHS1|CACNA2D2|PTGIR|ATP9A|HSPB1|P2RX5|HSPG2|FHL1|MDFIC|TKTL1|MX1|YPEL1|DLK1|RAMP1|DACH1|POLE|HPGD|DHRS3|PALM|NBL1|PRTN3|TSPOAP1|FLNB|EVL|MREG|CD3D|EGFL7|NIBAN1|ICAM4|ADISSP|VEGFA|SPTBN1|ADCY3|CAVIN1|SERPINF1|AK4|ALAS2|TRAF5
WP_OVERLAP_BETWEEN_SIGNAL_TRANSDUCTION_PATHWAYS_CONTRIBUTING_TO_LMNA_LAMINOPATHIES	0.310836961780358	0.783178067859246	0.347165536361356	1.0720391926225	1284	48	KAT2B|LEMD3|TCF7|RUNX2|CTSK|SMAD2|FNTA|SPP1|RB1|ZMPSTE24|APC|CTNNB1|EMD
REACTOME_O_LINKED_GLYCOSYLATION_OF_MUCINS	0.310978723404255	0.783338626231346	-0.36809240496798	-1.08287710537486	1826	49	B3GNT8|GALNT14|MUC5B|B3GNT6|B3GNT4|B3GNT9|MUC1
YAO_TEMPORAL_RESPONSE_TO_PROGESTERONE_CLUSTER_1	0.311174688657018	0.783635605805104	-0.352360100795172	-1.07685015378643	1848	62	TNS2|IGF1R|NAPSA|IRS2|AKAP8L|BCL6|ID3|CEBPB|NBL1|NR4A1
DIRMEIER_LMP1_RESPONSE_LATE_UP	0.311411665257819	0.783718494063869	-0.361177098760608	-1.08106928094506	1841	54	SPIB|PIEZO1|MARCKS|RPS28|ADGRE5|HSD17B10|FEZ1|MDFIC|CSNK1D|SLC7A1|TNFRSF1B|DHCR7|FASN|TNIP1
GSE22886_NAIVE_TCELL_VS_NKCELL_DN	0.311519903498191	0.783718494063869	0.275474866208445	1.04399559862988	1032	187	ZNF443|MEX3C|TM6SF1|PPP1R3D|C5orf15|NCOA2|IL18R1|ARIH1|PPM1B|YES1|NHLRC2|DUSP22|YIPF6|ZFYVE16|PPP1R12A|NFAT5|ATP1B1|RNF115|FAM13B|NUP133|TOX|SLCO4C1|LAT2|RAD23B|LARP7|HLA-C|CDK17|PCNX4|ZDHHC17|UBE2W|WIPI1|ARHGEF12|CLTC|MON2|TIPRL|STX7|TNPO1|FRYL|PSME4|PTPRC|IVNS1ABP|INTS6|ATP6V1A|ACTR8|RSF1|HELZ|ITCH|DVL3|TMEM87A|PHF21A|CLASP2|SH3GLB1|SMAD5
GSE8921_UNSTIM_VS_TLR1_2_STIM_MONOCYTE_6H_UP	0.311504956443376	0.783718494063869	0.276229896700631	1.04127899095334	1036	180	SLAMF6|ARRDC3|PGAP1|FITM2|ANKRD13C|CREBL2|WDFY3|STT3B|TMEM106B|USP2|SYCP2L|PJA1|TSACC|EXPH5|WASHC4|ATP1B3|SNX4|RNF182|HSD17B11|S1PR1|OTUB2|SLC35D1|ABHD14A|KLHDC2|ZNF250|NR2C1|BCL2|ZNF623|ITM2A|CNKSR3|PTK2|HNRNPK|FAM3C|SLC36A4|ALDH2|CITED2|BRAF|GLUL|P4HA1|GPD1L|GOLM2|POLR3F|INTS6|AGO1|SMC4|EXTL2|RDH14|BTBD7|USP28|SENP7
REACTOME_OLFACTORY_SIGNALING_PATHWAY	0.311337538411774	0.783718494063869	-0.335577266891757	-1.07265198177951	1924	80	OR8G5|OR2B6|OR2T33|OR4D9|OR5A1|OR2A4|OR2T8|CNGB1
GSE13485_PRE_VS_POST_YF17D_VACCINATION_PBMC_DN	0.311613876319759	0.78375847920264	0.275655426265378	1.04336987674171	1032	185	SAMD9|AIM2|TRIM69|IFIH1|MX2|UBTD2|DHX58|CREBL2|SLC27A3|HSDL2|C1orf162|DTX3L|PNPT1|TNFSF13B|FAM13A|CMPK2|IDH1|IFIT3|C2|RSAD2|SLAMF7|IFIT1|PLXNC1|ATP6V1D|MTMR12|CXCL11|RPE|VRK2|DDX60L|IFI6|SAMD4A|DECR1|MEGF9|RB1|EFL1|TMT1A|IDE|ZDHHC16|ECHDC1|GTF2H1|SRBD1|BTK|PARP9|EIF2AK2|STAMBP|STAT1|KIF16B|UFSP2|PARP14|CKMT2-AS1|IMMT|TDRD7|VSIG10L|SMARCAL1|TRIM5|GOT2|UBE2L6
CHNG_MULTIPLE_MYELOMA_HYPERPLOID_UP	0.312002708650753	0.78381307809311	-0.36414037308404	-1.08279058247386	1842	52	RPL28|RPLP2|UBA7|UBA52|RPS9|RPL18|RPL13A|RPS15|RPS16|RPLP1|RPS23|RPL36|RPSA|CLTA|SNRNP70|RPL35|QARS1|RPL35A|EIF3K|RPS14|RPS17|RPS13|RPL27A
GRAHAM_CML_QUIESCENT_VS_NORMAL_DIVIDING_UP	0.312001931900507	0.78381307809311	0.344887115159084	1.07334149910651	1291	50	CXCL8|CCL5|CLK4|RSRC2|NR4A2|NFAT5|RRAS2|PTX3|CXCL11|FXR1|TRA2B|SMC3|INTS6|HBA1|H2AC6|MAFF|RHAG
GSE3982_MAST_CELL_VS_MAC_DN	0.311940298507463	0.78381307809311	0.277336512343483	1.04237425526747	1044	176	ARMCX1|CD36|PPP2R3A|MAN2B1|CREBL2|CAPZA2|PPT1|CTSS|ME1|UCHL3|MRTFB|MXI1|NFAT5|GABBR2|KPNA2|MFSD1|RP2|SCARF1|TMEM140|HMGB3P30|RAB36|GALNS|CNIH3|RBL1|TMED5|FAM200C|SNX13|IL10RA|TGFBR1|ADK|DDX52|EIF5B|QSER1|EPCAM|RHEB|ARMT1|BAG4|S100A10|NEU3|PSMA6|CD47
MARCHINI_TRABECTEDIN_RESISTANCE_DN	0.312104091765109	0.78381307809311	-0.378581080553738	-1.08436968355466	1822	42	PLXNB2|ACTA2|SLC3A2|BCAM|ACTN2|NOTCH3|CALR|SLC16A3|CAD|SLC1A5|PYCR1|AKT2
ODONNELL_METASTASIS_DN	0.312027367662946	0.78381307809311	-0.458498870030381	-1.11035470980255	1732	19	MAPK13|HLA-DOB|NOL12|SMAD6
REACTOME_RNA_POLYMERASE_III_TRANSCRIPTION_INITIATION_FROM_TYPE_3_PROMOTER	0.311740890688259	0.78381307809311	-0.415062965544537	-1.09620403878192	1770	28	POLR2L|POLR2F|POLR2E|POLR1C|POLR3K|SNAPC4|POLR3GL|BRF2|CRCP|SNAPC2
GSE17721_CTRL_VS_CPG_1H_BMDC_DN	0.312517903179605	0.784459792977462	0.28167048692912	1.04521699237492	1090	157	DNAJB2|FGF5|KIN|CCN1|USP25|EMSY|ZFPM2|ARID5B|ALOX12|CCRL2|MARCHF7|MTHFD2|ETV3|LZTFL1|SLK|RBM7|PSCA|TTC39C|ITIH4|IFT57|LIN9|SAMSN1|SFXN4|CNOT2|DNAJA2|TRA2B|NDN|HCN2|DMTN|CLIP1|CHD1|GTF2B|PTAFR|INTS6|BRWD1|GINM1|CHORDC1|SGMS1|RAB4A
WP_INTEGRATED_CANCER_PATHWAY	0.312485022765397	0.784459792977462	0.356358985569428	1.07776134830868	1303	43	MSH2|SMAD2|CDK1|BCL2|CASP3|CDKN1B|CDK2|BACH1|MYC|RB1|PTEN|ATR|ATF1|BLM|ATM|STAT1|MAP3K5|POU2F1|BRCA1|CHEK2
HOFMANN_MYELODYSPLASTIC_SYNDROM_RISK_UP	0.312882331774019	0.784785818677563	-0.440807624457061	-1.0991935867851	1738	22	GDF15|IER3|CCND1|TOM1|CDK2AP2|TK1|MAGEA3|DUSP14|MLF2|JUND|MAGEA1
LIU_CDX2_TARGETS_UP	0.312732424296086	0.784785818677563	-0.42936695173123	-1.09505811486943	1765	24	ANPEP|MSI1|CFD|NOTCH3|HEPH
REACTOME_HCMV_INFECTION	0.312828438948995	0.784785818677563	-0.309270717195204	-1.06433669558908	2023	143	H2AC13|H4C4|H2AC20|H2AC7|H2AC8|H2AC11|H2AC15|NUP210|H2BC13|H2BC17|H4C11|H4C3|H2AC16|TUBA3E|H3C12|H4C14|CHMP6|H3C13|H4C2|CHMP4A|H2BC5|DYNC1H1|H2AC12|H3C2|ITGB1|H2AC25|H2BC12|TUBB2B|TUBA1B|H2BC18
REACTOME_DIFFERENTIATION_OF_KERATINOCYTES_IN_INTERFOLLICULAR_EPIDERMIS_IN_MAMMALIAN_SKIN	0.312973593570609	0.784818619101116	0.410810407461959	1.08835181732293	1362	24	EGF|ITGB4|TP63|DMKN|TFRC|FABP5|NUMB
KEGG_LINOLEIC_ACID_METABOLISM	0.313144908030507	0.785052094607949	0.445435564242071	1.10325304323585	1395	18	PLA2G3|JMJD7-PLA2G4B|PLA2G4A
GSE22140_GERMFREE_VS_SPF_ARTHRITIC_MOUSE_CD4_TCELL_DN	0.313276455620416	0.785185783150496	-0.298390746993976	-1.0572224449309	2092	183	RAB4B|TYMP|N4BP2L1|FZD7|EXT1|APOL1|PSMB9|TAP1|IFITM1|DDB2|BTN3A1|RGS3|ETHE1|IFI35|CEP250|SLC7A7|CRYBG1|ACVR1B|LGALS3BP|IL2RG|PEX7|PTK2B|SH2B2|MUC1|GBP2|TAP2|SLC1A5|PSMB10|DEAF1|SLC35D2|TAPBP|INPP5D|PRPF19|SDHA|ENTPD4|POLR2A|SASH1|SRGAP2|COASY|AARS1|IER2|MR1|SIK3|CTSH|TNFAIP2|IRF1|CDKN1A|RBCK1|AKR1A1|BRD3OS|POLR2I|EDEM1|DYNLT1|WDR7|COX7A2
GSE3400_UNTREATED_VS_IFNB_TREATED_MEF_DN	0.313783447417548	0.786254076005188	-0.309698370269423	-1.0615430239845	2016	139	RAB4B|TENT5B|APOL1|C6orf132|BTN3A1|GSDMD|HYOU1|EPN2|ARHGEF17|CRISPLD2|LBP|TGFB3|ARSL|CEP41|GBP2|IL18BP|FANCA|ICAM2|PIGL|DYNC1H1|STX5|RBFOX2|SZRD1|WIZ|ARFRP1|RHCE|HS3ST3A1|TRIM56|SPRYD3|ZNFX1|RANGAP1|DNPEP|PES1|PLEKHO1|SPTA1|KPTN|S100A13
NIKOLSKY_BREAST_CANCER_17Q11_Q21_AMPLICON	0.313859342752818	0.786254076005188	-0.322973480591175	-1.06680249153536	1976	103	CCR7|RAB34|TCAP|SLC46A1|KRT12|PNMT|RPL23|SRCIN1|TADA2A|STARD3|NR1D1|MED24|SDF2|FBXL20|ERAL1|TP53I13|GRB7|TLCD1|BLTP2|CASC3|SUPT6H|PIGS|DUSP14|THRA|SMARCE1|PROCA1|PCGF2|MIEN1|NEK8|PSMB3|GSDMB|SOCS7|RPL23A|TMEM98|KRT10|RPL23AP42
GSE2405_0H_VS_6H_A_PHAGOCYTOPHILUM_STIM_NEUTROPHIL_DN	0.314245014245014	0.786435166539879	0.282949264910811	1.04578450284768	1102	153	DNAJB2|BICDL1|ARMCX1|DHX58|CNR1|DNAJC24|ACOX3|AMZ2|GNAQ|DLC1|AKAP12|CYP27B1|GINS1|CTSF|COPZ2|CPXM1|TRABD2A|CCDC178|BMF|ZFAND4|CXCL11|ASAP3|DLG1|AMZ2P1|ARL13B|ANKRD42|MIX23|C1orf131|CTCFL|CHORDC1|ATF1|DVL3|TMA16|GIN1|SDHAF3|EFHD1|KNOP1|DIMT1
GSE6259_FLT3L_INDUCED_33D1_POS_DC_VS_BCELL_DN	0.314226314226314	0.786435166539879	0.271647355788575	1.03908783115377	1057	195	ZNF841|ST8SIA4|RFX3|DOP1B|SESN3|CLN5|NCOA2|AMN1|TM9SF1|PDE3B|DTX3L|RFX5|GDI2|NBR1|PIKFYVE|GAS2L3|ZRANB3|PRIMPOL|PPP1R12A|ZNF512|DENND6A|NEIL3|FGFR1OP2|MTSS1|PCMTD1|SERTAD1|WASHC3|TAF1|NFATC2|CARD6|UXS1|KCTD9|SFMBT2|RACGAP1|TPP1|WAS|NOD1|TUT4|BRWD3|GPI|PRR11|PHIP|S100PBP|SGMS1|VPS4B|MORF4L1|CKAP5|HELZ2|CENPE|NUMB|FCHSD2|PHKA2
ONDER_CDH1_TARGETS_3_DN	0.314048155205266	0.786435166539879	-0.384392889829727	-1.08429454923403	1812	39	KRT15|SPAG1|SPRR2D|CXCL1|CSF2|IL1B
SUBTIL_PROGESTIN_TARGETS	0.314232471465176	0.786435166539879	0.378366063500739	1.08209876210491	1348	33	EGF|DNAH1|CCN1|KAT2B|BCAS2|RASL10B
HOWARD_NEUTROPHIL_INACT_MONOV_INFLUENZA_A_INDONESIA_05_2005_H5N1_AGE_18_49YO_1DY_DN	0.31438127090301	0.786580059153643	-0.325326849387024	-1.06834602060118	1973	99	APOLD1|PNKD|HOMER3|LPCAT4|REX1BD|SYNE3|EPN2|TEF|OSBPL5|CD101|FLT1|PPFIA4|ZMYND10|IER5L|FLYWCH1|FDXR|ADAM15|ABHD12|ACACB|POLR3K|TAB1|PAQR4
TSUNODA_CISPLATIN_RESISTANCE_DN	0.314498012787282	0.786637198750972	-0.382144241961769	-1.08323456774907	1819	40	FSTL3|C3|S100P|SLC3A2|CPS1|FOLR2|SGK1|TSC22D1|ID1
WHITFIELD_CELL_CYCLE_G2	0.314560840385177	0.786637198750972	0.279650629071756	1.04217962351622	1077	164	ARHGAP11B|TRIM69|DET1|MGAT2|TOP2A|ANLN|G2E3|KIF11|CCNA2|CIP2A|CKAP2|GAS2L3|NDC80|KPNA2|NEIL3|NUSAP1|MAD2L1|CKAP2L|CDK1|KIF5B|RDH11|CASP3|ARMC1|BORA|CDKN1B|WSB1|MIS18BP1|RIDA|BCLAF1|KBTBD2|MID1|STIL|TYSND1|LIX1L|SMC4|TRIM59|FAM72B|BUB3|LMNB1|CDCA2|VTA1|ATL2|CDC25C|HJURP|NCOA5|PKNOX1|STAT1|NR3C1|KDM4A|KIF23|MELK|NCAPH|HMGB2|POLQ|FAM83D|NIPBL|DCAF7|CEP350|C2orf69|ZNF587
GSE1432_CTRL_VS_IFNG_24H_MICROGLIA_UP	0.314965371875941	0.787079048068243	0.275519118697491	1.04090624566954	1045	183	TNFSF12|SERINC5|FOXO1|ZNF573|MYOM1|DCLRE1A|REV3L|TM9SF1|EIF3E|NUDT13|RIMS3|PPT1|BNIP3L|ZNF8|ITSN1|KHK|RHOBTB1|HPRT1|OAT|RMND5A|PGRMC2|RBM41|TRIB1|PLXND1|TMEM106C|PLPP3|GPNMB|HS3ST2|RPS6KA2|ARL3|ALDH9A1|UBE2E3|FUT8|TYMS|RTN3|TLR5|CRABP2|KDM3A|GBE1|RIDA|TTC3|PGAP3|GALNT1|OPN3|BMP2K|AGO1|UBE4B|RB1CC1|EXTL2
GSE27291_0H_VS_7D_STIM_GAMMADELTA_TCELL_DN	0.315331533153315	0.787079048068243	0.277185849624158	1.04254744737963	1050	177	LNX2|MEX3C|TBC1D10C|SLC22A4|DOK2|MIR4453HG|ZBTB33|TLE4|CPD|ABHD3|PIK3CA|CLK4|DUSP22|SYPL1|UTRN|PLEKHF2|CLK1|ZNF644|WDR26|CYP2R1|DENND4C|RBMX|WDR44|ITPRID2|RANBP9|CD96|TAPBPL|GFI1|NCR3|ZBTB16|LFNG|CR2|RAP1B|PPIL4|CDK17|MEAF6|PHTF2|ZNF304|ADAM10|MEGF9|ABHD5|HAPSTR1|NF1|ZMYM2|CDKN3|FAM111A|PHIP|SEPTIN11|HELZ|ZFAND6|BHLHE40|TFRC|ATP11C|BTG1|SCN9A|ATF3|DENND1B|ZBTB11|DOCK8|SP4|TOP2B|SSX2IP|PIP4K2A|KIF23|MELK|RASSF5|TXNIP|EFNA4
GSE36888_UNTREATED_VS_IL2_TREATED_STAT5_AB_KNOCKIN_TCELL_6H_DN	0.315064390536089	0.787079048068243	0.273626783822868	1.0407080061745	1051	190	SETD7|NUDT12|ACOX3|ME1|UCHL3|GLUD1|FASTKD1|NIPSNAP2|C17orf58|UTP18|ZNF146|SPRY2|NCBP2|ATP1B1|AGPS|SPP1|COL8A2|RPS6KA2|MRPL15|GUF1|TRIAP1|UBE2V2|PGM2|RPE|ZW10|GTF2E1|MRPS35|RAPH1|PRMT3|TMEM70|CHD9|FH|COX7B|LRRC58|CA2|TAF9|SLC25A5|FUCA2|SUCLA2|EFR3A|MTIF2|ALDH1A2|GGCT|TIMM17A|SRPRB|ECHDC1|TMA16|FABP5|GRSF1|GLRX3|HSPA9|ZZZ3|NDC1|EEF1E1|GFM1|FDXACB1|GATD3|SLC35B1|NUDT9|MAIP1|ATP5MJ|RAP1GDS1|CANX|ALG5|HNRNPA3|S100A1|BLOC1S2|CHEK2|MTPAP|MTERF3|NETO2|TRUB2|MDH1|C8orf33|RABGGTB|FASTKD2|LSM12|CHCHD4|NANP|FAIM
KEGG_MAPK_SIGNALING_PATHWAY	0.315132152192855	0.787079048068243	-0.289458535108959	-1.05162992080833	2169	237	HSPA6|PAK1|MAPK8IP2|MAPK13|CD14|PLA2G6|RASGRP3|PLA2G2C|MAPK8IP3|MAPK11|MAPK12|FGF12|FGF17|TGFB3|CACNA2D2|TNFRSF1A|RASGRP1|HSPB1|FOS|DUSP8|TAOK2|AKT3|IL1B|FAS|CACNA1A|MAPK7|MAP3K12|MAP4K1|NFATC4|DUSP4|IKBKG|TRAF2|MAP3K11|FGFR3|MAP4K2|PDGFA|TAB1|MAPK8IP1|MAP3K3|NR4A1|DUSP7|MRAS|MAPKAPK2|FLNB|FGF2|CACNB3|AKT2|DUSP9|HSPA1A|CDC42|DUSP5|SRF|DUSP14|RELB|HSPA1B|GNA12|RAC3|JUN|PTPN7|ELK4|FLNA
LEE_LIVER_CANCER_CIPROFIBRATE_UP	0.315364806866953	0.787079048068243	-0.375542761998149	-1.0821256637004	1836	44	PLAT|SPON2|MT2A|BSG|IGFBP2|UCP2|RAB30|MFGE8|HOXC6|NIBAN1|ABHD2|CDKN1A|EHHADH
LI_CYTIDINE_ANALOGS_CYCTOTOXICITY	0.315116791538123	0.787079048068243	0.466492128441198	1.10127169326008	1429	15	ESR2|NT5C3A|TLE4|MGMT|INPP5F|RIOX1|TRRAP|TPMT|ARL2BP
MEBARKI_HCC_PROGENITOR_WNT_UP_CTNNB1_DEPENDENT	0.315213732749916	0.787079048068243	-0.351669379318376	-1.07473923507903	1872	62	CARMN|COL1A1|CTHRC1|CRISPLD2|PDLIM7|SERPINE1|PHLDB1|LINC03033|KLHL4|FBLIM1|PKP3|KANK1
PETRETTO_HEART_MASS_QTL_CIS_UP	0.315166975881262	0.787079048068243	0.390811996019193	1.08713415991478	1358	29	TLE6|C5orf15|RAMAC|RNF6|PXYLP1|CARD9|GPLD1|RPUSD4|TOR1B|NET1|RAB14|BHLHE40|TRAK2|VAMP1|SPARC
GSE42021_CD24INT_VS_CD24LOW_TCONV_THYMUS_UP	0.315645845967253	0.787193903659783	-0.301732954048943	-1.05773964505761	2081	169	HSPA6|NDST2|C3|PYGM|IL15|TLX1|ADGRG3|IFI30|SEMA3F|ITPKC|APOL1|PSMB9|APLNR|MAST1|SIMC1P1|AHCYL2|ICAM1|APOL6|TXNL4B|PCGF1|BCL3|FAS|MAPK7|MS4A4A|DDX23|GUK1|PSMB10|CDIPT|CTSL|CDC42EP4|CEBPB|SMCO4|LIFR|IL15RA|CBX2|CAND2|IL6ST|INO80D
MIKKELSEN_IPS_ICP_WITH_H3K27ME3	0.315707350901526	0.787193903659783	-0.388188549503466	-1.08493540949334	1820	37	ESPN|ABCA4|INPP5J|GFI1B|RTBDN
PID_BCR_5PATHWAY	0.315724512466058	0.787193903659783	0.327282939696852	1.06237089781246	1278	63	VAV2|PTPN6|FCGR2B|MAP3K1|PIK3CA|MAPK8|PPP3CB|IBTK|MAPK1
WP_LDL_INFLUENCE_ON_CD14_AND_TLR4	0.315676449534717	0.787193903659783	-0.444545974630879	-1.09958310489855	1763	21	MAPK13|CD14|MAPK11|MAPK12|IL1B|CREB3L1
GSE14769_UNSTIM_VS_80MIN_LPS_BMDM_UP	0.316463233105091	0.787275820051772	0.27208293673069	1.0380830946389	1062	193	OSGIN1|AKTIP|ARRDC3|PEX12|MBLAC2|BTBD1|PDIK1L|VPS26A|ANKRD49|ZNF687|RSL24D1|S1PR2|C8orf58|PPP1R3B|LIPT1|ZNF770|MFAP3|FGFR1OP2|TMEM140|CYTH4|RIT1|EXOC8|MED17|NATD1|SLC30A1|ZBTB34|KCTD21|MTCP1|MFSD4B|UBA2|ZNF623|ZNF627|BORA|ATPAF1|RPUSD4|PWWP2A|ATG12|ZNF217|TUBGCP4|MASTL|AIMP1|TRIM59|ASB8|CCDC115|ZRANB2|METTL9|HJURP|ACOT13|ZNF346|CDS2|SLC30A5|ORMDL1|RIOX1|DYNC1LI2|CCDC117|MRPS2|ARHGAP25|CRKL|ZNF280B|MTIF3|EPM2AIP1|TXNIP|DCAF7|ZDHHC9|ATG16L1|GAN|HPS3|BLOC1S2|NELFA
GSE15930_NAIVE_VS_72H_IN_VITRO_STIM_IL12_CD8_TCELL_UP	0.315987933634992	0.787275820051772	-0.30033813184625	-1.0573769902111	2094	175	TCEA2|TCN2|ADGRG3|FGD3|TMEM115|SPPL2B|DIAPH2|DDX41|HYOU1|RAB33B|GRIA3|MAP1LC3A|PHB1|ATP9A|NRTN|C5AR1|NOTCH3|MX1|SLC10A3|PSAP|SUGP2|TRAF2|PMPCA|ICAM2|DVL1|ARID3B|ZBTB20|SLC39A4|MAP3K3|RETREG2|REXO1|MYL6|PCSK7|CEL|RPL37A|AKAP7|AP1B1|KLHL21|SF3A2|BLTP2|C19orf48P|PNPO|ADGRL1
GSE27291_6H_VS_7D_STIM_GAMMADELTA_TCELL_DN	0.31618281115263	0.787275820051772	0.28339795275481	1.04412681001781	1099	151	GPR137B|FCGR2B|UBTD2|DNAJC6|NCOA2|PCBP1-AS1|NPL|DCBLD1|PARS2|KNL1|YIPF6|FAM13B|TRIB1|ARL1|AGK|FAM110D|PABIR3|TMEM140|C2|SH2D5|GPNMB|MRLN|ITIH4|ATP8A1|AGBL1|ERCC8|SKAP2|KCTD21|ZCCHC7|CHD9|TFE3|MON2|TUBGCP4|NCK1|NGLY1|FBXW11|HSD17B12|ADARB1|PAPPA|SEC63|DVL3|H4C8|ZZEF1|CCDC150|GGT1|C11orf54|TRIM33
GSE32034_UNTREATED_VS_ROSIGLIZATONE_TREATED_LY6C_HIGH_MONOCYTE_UP	0.316041979010495	0.787275820051772	-0.298356188880455	-1.05407643675477	2107	179	DNASE1L2|RAB4B|EXT1|MINDY1|L1CAM|SMAD6|PLXNA2|SLC19A1|PDLIM7|SLC6A8|CLCN7|IL2RG|OCEL1|ENTPD1|C5AR1|PIGU|MORC4|CSNK1D|PMF1|MERTK|KCNN4|DIAPH1|PLK3|NFE2L1|POLG|FLNB|ARHGEF1|ITGA5|ADPRS|PEF1|MRPL17|AARS1|NINJ1|TIMELESS|CENPB|TIMM17B|TYK2|MTM1|POLR1A|ATP5MC1|RAD23A|TNFAIP2|URM1|HBE1|UCK1|SEPTIN9|FXN|PFDN6
GSE3982_EOSINOPHIL_VS_BCELL_UP	0.31641878098571	0.787275820051772	0.279439046515235	1.04068456160247	1084	163	TGFBR2|SLC22A4|MANSC1|DOK2|NXN|PODNL1|EGLN3|LAMP2|ZBTB18|GCNT2|H2BC21|NR4A2|LRP6|DAPK2|MKRN1|SDCBP|TRIB1|ITPRID2|H2BC7|RRAD|EFNB2|SYNE1|FRAS1|COPZ2|GRIA2|C1S|ITIH4|LGALS4|NRXN1|CREG1|WIPI1|CRY1|ZNF669|ANXA1|GLTP|SERINC1|PTEN|PTGER3|PTAFR|ADORA2B|FUCA1|TFDP2|SMAD5|LAPTM4A|ACSM3|DENND1B|MPP1|SLC36A1|PIK3CB|AMPD3|EPM2AIP1|COQ2|FTH1|FHL3
KEGG_MEDICUS_REFERENCE_CA2_PYK2_RAS_ERK_SIGNALING_PATHWAY	0.315998237108859	0.787275820051772	0.465897073207716	1.09986691610607	1433	15	SRC|MAPK1|SOS2|NRAS|BRAF|SOS1|MAP2K1
PID_GLYPICAN_1PATHWAY	0.316461468308254	0.787275820051772	0.41576942999723	1.09116371061844	1387	23	PRNP|TGFBR2|SRC|YES1|SMAD2|FGFR1|TGFBR1
WANG_SMARCE1_TARGETS_UP	0.316133246244285	0.787275820051772	0.264958551043058	1.03439453677627	967	245	MYL9|SAMD5|SERINC5|COL15A1|FOXO1|STEAP1|SNX18|BMPR2|ALDH1L2|BACE2|KLHL24|HIPK3|ME1|PPP1R3B|GULP1|ERI1|NEXN|SLC44A1|ATL3|PROS1|GABBR2|IFIT3|PLXND1|TCEAL8|IPMK|H2BC7|CFI|S1PR3|PERP|FRAS1|TGFBI|PTX3|MCC|FIBCD1|C1S|RHOJ|IGFBP5|CALD1|BEX3|RNF144A|BICD1|TCEAL9|NIPSNAP3A|MFF|SOCS2|DSG2|TGFBR1|PCYOX1|ITM2A|CD24|ZNF521
WP_17Q12_COPY_NUMBER_VARIATION_SYNDROME	0.316462039589075	0.787275820051772	0.323534915879543	1.05972729175923	1262	67	CCT6B|PEX12|CCL5|CCL2|RFFL|CCL4|ARHGAP23
BERTUCCI_INVASIVE_CARCINOMA_DUCTAL_VS_LOBULAR_DN	0.316733537880576	0.787557902711226	0.365130432612983	1.0776620274901	1341	38	TGFBR2|ALDH1L1|NECAB1|FOXN3|MARCHF7|VWF|ABCA6
GSE4142_NAIVE_VS_GC_BCELL_UP	0.316730149428655	0.787557902711226	0.279132223771362	1.04023593347367	1080	165	PRNP|MYO3B|COL15A1|AKAP5|CCN1|SESTD1|EIF2AK3|POU6F1|EEF1AKMT1|IL18R1|TDRKH|ZBTB18|UCHL3|KLF10|MOB3B|AP1S2|NPR2|SLC44A1|ATXN10|ATP1B1|SKIL|NIPAL1|SLC4A11|TXK|TMEM176A|SPAM1|TMEM176B|RIT1|KLHL8|PRR16|CTNND1|CARD6|QSER1
GSE24634_IL4_VS_CTRL_TREATED_NAIVE_CD4_TCELL_DAY5_UP	0.317043740573152	0.787598442823593	-0.300230861554062	-1.05699933207626	2101	175	GAA|TPM2|IL21R|DYSF|PLXNB2|ATRN|MARCKS|HLX|LYPD3|SFN|SYNGR2|PLOD1|TSPAN4|POR|SLC19A1|PILRA|NFIL3|FDXR|MAFK|SLC2A8|TBXAS1|MS4A4A|CCL24|TBC1D8|CTSA|RAMP1|ATOX1|TRIP6|CYREN|CST3|MSRA|BLVRB|GTSE1|MCOLN1|ARHGAP22|RNASE1|WNT5B|GSTP1|AP1B1|CAMKK2|BID|LMNA|IFNGR1|CAPG|NEU1|ICAM4|CD81|NINJ1|GAS6|CCDC28B|TNFAIP2|EPB41L2|SERPINF1
GSE24634_TEFF_VS_TCONV_DAY10_IN_CULTURE_UP	0.317299073797431	0.787598442823593	0.272751563595334	1.03822085433289	1061	191	DCLRE1A|DTL|CKS2|RUFY2|PSMD5|PBK|PHLDA1|PTBP3|MYCBP|CCNA2|BMI1|NAB1|DNA2|CAPN2|SMC2|HPRT1|ECT2|HSPA14|KPNA2|BMERB1|POGLUT2|MAD2L1|GPR183|NCR3|F5|TOX|COPZ2|SYT11|LARP7|CDC14B|FAM200C|SLC25A32|IFT74|GRK5|NME7|ITM2A|AASDHPPT|ZFC3H1|SMC3|VRK1|COQ3|STMN1|GGH|CEP57|CDKN3|SFXN1|PCNA|ZWINT|HACD1|ASXL2|SMC4|NUP54|CDC73|SHCBP1|BUB3|TRAPPC11|RFC3|DLG5|SCLY|DKC1|SUPT3H|BUB1B|GPSM2|SLC35B1|TPGS2|RAP1GDS1|ARG2|POLD3|DLGAP5|WDHD1|KIF23|RPS6KA3|HMGB2|POLQ|BRCA1|AQR|CTH|NETO2|SPC25|GPN1|FANCL|CDC6|FOXM1
GSE37301_PRO_BCELL_VS_CD4_TCELL_UP	0.317239420619142	0.787598442823593	0.281867274163152	1.04460977522819	1116	155	DISP1|CD83|MPZL3|DCK|MYO3B|PDK1|SESN3|MEMO1|TCF7|FGF13|RNF43|MT-ND4L|SLC25A40|ARHGAP27|CYP2R1|NLK|ISOC1|TNKS2|PXYLP1|P2RX7|IL6R|EHD3|EIF4E|RBL1|ITM2A|SCIN|ENDOD1|SEMA4A|CASD1|NF1|IKBKE|RPL4|AGBL5|SFXN1|CNDP2|PRDM2|SMC4|PSMD11|TGFBR3|PUS7L|SSBP2|PRKCQ|INTS7|DKC1
IVANOVA_HEMATOPOIESIS_EARLY_PROGENITOR	0.317189360857483	0.787598442823593	0.250640629341975	1.02698690053638	798	426	PITPNC1|SLC10A7|SMN2|CD69|ZNF14|SUGCT|TRMT2B|PAOX|ABITRAM|POGLUT1|LSM11|DUSP19|SOCS6|TESPA1|GNB4|MGAT2|ABCC4|BBOF1|TDRKH|L3MBTL3|SUV39H2|FASTKD1|SOSTDC1|ZNF845|TFB2M|LDLRAD3|ZNF493|SLF1|PALS2|SNAPC1|ZRANB3|ZNF383|UBASH3A|PRKRA|TRIM13|STYX|SPAST|CBFB|ESD|GMPS|POGLUT2|MFSD4A|CFAP418|CPSF3|ATG10|NXPH4|TOX|SH2D5|CHN2|TIGAR|ZNF536|CMTM7|DLAT|UFM1|TDRD3|PPA1|PANK1|DBT|CSRP1|WDR36|PARD3B|SUPV3L1|XKR8|LRP12|DDX18|BCL2|RFX7|CUL2|PRMT6|SNRPB2|PPFIBP1|MTMR4|MYB|FBXO45|IFTAP|CCT4|PGM3|CMTR2|SMIM30|BFAR|ATPAF1|PRR3|MIS18BP1|MRPS30|RIOX2|ELOVL5|CAND1|DCP2|MTRF1|RPL4|GTPBP10|SDAD1|GART|CTDSPL2|TTLL4|SEC23IP|COX15|PTGER3|OPN3|QDPR|C1orf131|CYB5B|SFXN2|SUCLA2|ZWINT|ARCN1|WEE1|SEPTIN11|MED14|GGCT|LCORL|SLC35A1|NPEPL1|BZW2|EXTL2|PPID|PRPF40A|MARS2|RMDN2|RIPK1|ICE2|HSPA9|VAPB|ZZZ3|CDK6|DIMT1|AHCY
NAKAMURA_METASTASIS_MODEL_DN	0.317262830482115	0.787598442823593	-0.381569308134964	-1.08160484753618	1835	40	TGFB1I1|PLAT|C3|ENKD1|DDB2
REACTOME_ANTIVIRAL_MECHANISM_BY_IFN_STIMULATED_GENES	0.316851378232452	0.787598442823593	0.284631062560815	1.04455899486027	1114	145	MX2|NEDD4|KPNA3|ARIH1|EIF4E3|PTPN2|PPM1B|EIF4G2|NPM1|RANBP2|ABCE1|FANCB|SEH1L|NUP153|UBE2N|NUP35|NUP107|SUMO1|PRKRA|NUP37|KPNA2|NUP160|NUP133|IFIT1|EIF4E|PDE12|UBE2E1|NUP205|CDK1|EIF4G3|EIF2S1|BECN1|TUBB1|CHUK|PPP2CA|NCK1|NUP88|FANCF|PPP2R1B|RAE1|NUP155|NUP54|EIF4A2|CENPS|NUP50|KPNA1|NDC1|EIF2AK2|KPNB1|STAT1|NUP58|KPNA4|DNAJC3|PPP2R5A|HSPA8|TUBAL3|ILF2|NUP98|UBE2L6|TUBB6|FANCM|EIF2S2|KPNA5|RNASEL|NUP43|FANCL
REACTOME_G_ALPHA_Q_SIGNALLING_EVENTS	0.31706941665384	0.787598442823593	-0.306485677424651	-1.05972531286169	2059	149	NPFFR2|PLCB4|GNRH1|GNG8|KISS1R|GNB3|GPR68|TRIO|P2RY11|RGS3|DGKD|CCK|RGS17|DAGLA|GNRHR|RASGRP1|LTB4R2|NPFF|TRPC3|MAPK7|GNA11|ABHD12|DGKA|F2R|RGS19|GNB5
BERENJENO_ROCK_SIGNALING_NOT_VIA_RHOA_UP	0.317795637198622	0.788156488494168	0.409342194066341	1.08446210886298	1383	24	ITGB7|GPR137B|RND2
GSE1448_ANTI_VALPHA2_VS_VBETA5_DP_THYMOCYTE_DN	0.317813157104236	0.788156488494168	0.275846969420609	1.03983550443536	1057	180	SEMA3A|FOSB|PITPNC1|PRNP|MMP14|RGS2|SRC|FMR1NB|TLE4|WDR75|ADPRH|CTSK|FER|NR4A2|FMNL3|BMI1|AAK1|HSPH1|HSPA4|RECK|EGR2|CCN5|EIF4E|LARP7|ABHD14A|NCAM2|KLHDC2|TENT5A|IL10RA|BCL2|LCP1|SEMA4A|EIF4G3|CS|LUC7L2|MAPRE2|BAG2|SEPTIN7|ELOVL5
GSE2770_UNTREATED_VS_TGFB_AND_IL4_TREATED_ACT_CD4_TCELL_2H_DN	0.317852834740651	0.788156488494168	0.275001467357689	1.04220151003157	1053	187	BATF|STAP1|CAMKMT|FCHSD1|TBCEL|LONRF1|ABITRAM|KCNG1|TMEM64|ETFRF1|CORO1A|HIF1A|NAAA|PAIP2|RALGAPB|MACIR|PEAK1|SMAD2|CRLF3|BLTP1|PRKAR1A|LRPPRC|NAE1|NFAT5|RRAS2|SH2D1B|MFSD1|MTSS1|LFNG|RAB19|DAZAP2|SLC25A3|PHTF2|WIPF1|METTL14|AHCTF1|SNX2|SMC6|CHD9|PRR3|HMG20A|HMGN3|EEIG2|ABHD5|UBE2D1|TMEM245|SLC9A5|CAPZB|DENND4A|NCOR1|SNX29|ATXN7L1|REEP3|STX17|FAM120AOS|ANKMY2
GSE43863_NAIVE_VS_MEMORY_TFH_CD4_TCELL_D150_LCMV_UP	0.317916479568927	0.788156488494168	-0.2978118224959	-1.05517126881552	2123	183	TSGA10|WNT11|TP53I11|AQP1|TYROBP|TSC22D3|CYFIP2|PDE2A|CREBRF|HLX|MAPK11|HLA-DOB|B3GNT8|ACAP1|HCST|UBA7|IZUMO4|DGKD|DENND1C|SPATA6|ZNF229|TMEM86A|AGER|TCP11L2|BCL3|AKT3|TNFAIP8L2|PLEKHG2|SEMA4F|BICRA|DGKA|MAP4K2|ARID3B|ATP13A2|ABCD1
KEGG_TYPE_II_DIABETES_MELLITUS	0.317721736146852	0.788156488494168	-0.376439257158375	-1.08154252386255	1851	43	SLC2A4|PRKCZ|IRS1|MAFA|CACNA1A|IRS2|KCNJ11
GSE45365_HEALTHY_VS_MCMV_INFECTION_BCELL_IFNAR_KO_DN	0.318291215403129	0.788890671658422	0.275290336010943	1.03920567918026	1057	182	C1GALT1C1L|DPYSL2|ZNF43|CSPG5|KAT2B|CENPQ|ENOPH1|ITFG1|SERPINI1|PDCD10|BBS2|RNF13|KDSR|SIAH1|ZNF468|ALG6|NDFIP2|HPRT1|OAT|NAE1|CCP110|DENND6A|ZNF32|SNX4|PRRG1|SLC2A10|MYEF2|DCAKD|USP33|PKP2|ZNF700|ZMYM6|FTO|SELENOF|NIP7|LMBRD1|PUDP|PIGX|CYB5B|MPHOSPH6|VPS37A|SHCBP1|B3GALNT1|C16orf46|LRRCC1|RMI2|ATRAID|ZNF232|RBBP7
CHOW_RASSF1_TARGETS_DN	0.318629173989455	0.789407872034603	-0.409134609858732	-1.08807694819683	1812	29	DDB2|EXOSC4|PRKCSH|NDUFS8|BCL3|LRPAP1|PYCR1|KLHL21|EEF1D|NINJ1|LY6E|P4HB
GSE10325_LUPUS_CD4_TCELL_VS_LUPUS_BCELL_UP	0.318801897983393	0.789407872034603	0.276615147769194	1.03897348304858	1074	174	AKTIP|ADTRP|SERINC5|PRKCH|CREBL2|CD3G|ABITRAM|TCF7|TESPA1|TBC1D2B|GNAQ|CPD|KDSR|FBXL8|PLCL1|MT1X|UBASH3A|HECA|IL32|TXK|INPP4B|BEX3|RNF144A|LDHB|UGP2|ITM2A|B3GNT2|RAPGEF6|CCSER2|UXS1|TRBC1|ZMYM6|ZBTB25|ANXA1|ATP6V0E2|PLAAT4|GOLGA7|ITM2B|NMRK1|CLUAP1
GSE8868_SPLEEN_VS_INTESTINE_CD11B_POS_CD11C_NEG_DC_UP	0.318879855465221	0.789407872034603	0.275099075991084	1.03931933192427	1058	183	MYO1F|ITGB7|YOD1|RGS2|PPP1R3D|MFSD14A|PDIK1L|SWT1|CORO1A|RAB29|NAAA|BNIP3L|RAMAC|RALGAPB|C5orf34|SMAD2|SATB2|CBX7|SP3|SVIP|WTAP|TBPL1|HECA|SLC22A15|LFNG|COL8A2|PHETA2|SOS2|LDHB|UGP2|CAP1|RESF1|B3GNT2|PYGL|IREB2|FBXO45|TENT4B|ZBTB9|CD47|PPP4R3B|MON1B|INPP5B|MFSD14B|SERTAD3|PUM1|KCTD11
REACTOME_ABC_TRANSPORTER_DISORDERS	0.318893098336353	0.789407872034603	-0.339973621812612	-1.07152481987029	1935	74	APOA1|SEL1L|ABCB4|DERL3|PSMB9|RNF5|UBA52|UBB|ABCB6|OS9|PSMB5|PSMB6|KCNJ11|PSMB10|ABCD1|PSMD2|PSMB4|PSMA7|ABCD4|PSMD9|PSMC3|SEM1
WP_VITAMIN_D_RECEPTOR_PATHWAY	0.318817795944034	0.789407872034603	-0.31244875421101	-1.05942310117447	2027	127	SLC2A4|STS|DND1|S100A2|CD14|TIMP3|CBS|ADGRE5|SEMA3B|CCND1|CYP2S1|RASGRP1|CDKN2D|CRACR2B|G6PD|BCL6|MYO9B|THBD|JUNB|ABCD1|PPARD|G0S2|ID1
GSE22432_UNTREATED_VS_TGFB1_TREATED_COMMON_DC_PROGENITOR_UP	0.319306184012066	0.790235570787259	-0.299886631574875	-1.05578742848915	2116	175	SLC26A11|STOML1|GKAP1|IRF7|WDR25|PWWP2B|GNB3|HOOK2|UBL7|TCIRG1|SPSB3|ZC3H6|RIGI|RRBP1|LOXL3|LGALS3BP|ELMOD3|FLYWCH1|STX4|SLC25A19|MAPK7|INHBE|PCED1B|TSPO|ANKRD23|FANCA|STXBP2|MAP4K2|SPHK1|TMEM120A|TAB1|TPGS1|TSPOAP1|PER1|DAPK3|P4HA2|CNP|OAS3|ZBTB43|PDLIM4|SYMPK|YJU2|STX18|TMUB2|TTC12|CDC34|NBDY|ACP2|EAF2|BAIAP2|VEGFA|DNMT3A|SURF1|AFMID|RDM1|PTDSS2|TAF5L|RNF31|TOM1L2|RAB13|ZNHIT2|LIMK2|CLN8|TMEM39B|UBC|PEX16|DXO|MNT|GAB2|BST2|MAD2L1BP|PHOSPHO2|FBXO7|FOXK1|GLA|GTPBP2|TAF8|PRKD2|ATG2A|IFT22
GSE37301_COMMON_LYMPHOID_PROGENITOR_VS_CD4_TCELL_UP	0.31953195319532	0.790406933854021	0.27655567994675	1.04017726221509	1064	177	PRNP|CD44|SERINC5|ITGB1BP2|TGFBR2|CADM4|SLC25A44|BLTP3B|EVC|KLF10|RANBP2|ABCE1|SMNDC1|ARF4|UBE2N|SLC30A6|DDX10|SDCBP|NFAT5|TVP23B|UTP11|MRPS22|RRAD|TSNAXIP1|CDH7|UFM1|PPA1|TENT5A|ACSL1|EIF5B|MTRR|RFK|UXS1|CCT4|NIP7|PRR3|MAPRE2|DNAJB9|RIOX2|TTC33|EIF3J|CCNT2|RPL4|TAF9|BCLAF1|PSME4|NUP88|LINS1
PLASARI_TGFB1_SIGNALING_VIA_NFIC_1HR_DN	0.319532908704883	0.790406933854021	0.30449663276191	1.05186550994401	1203	95	RGS5|FOXA1|SNX18|CADM4|SESN3|SLC27A3|ST3GAL5|CPD|THOC2|ATP1B1|CTSF|HSD17B11|PERP|GOLGA4|CAP1|RESF1|ENDOD1|RCOR3|NET1|RICTOR|PFN1
GSE29618_BCELL_VS_PDC_DAY7_FLU_VACCINE_UP	0.320117474302496	0.791657848496787	0.277183580729324	1.03916485104027	1089	171	CD83|STAP1|CD69|FCGR2B|ZNF43|FOXO1|ARID5B|BACE2|EGR1|MOB3B|PIK3CA|PPP1CC|CKAP2|TNFAIP8|SYPL1|PIKFYVE|STAG3|PLEKHF2|ADD3|RRAS2|HK2|MTSS1|S1PR1|IL24|PAX5|LAT2|BACH2|CDC14B|IFT57|KDM4C|FCGR2C|PELI1|PHTF2|RAPGEF6|CLIC4|CD24|WDR11|SNX2|TRBC1|CDKN1B|AFTPH|MYC|CD47|PLAAT4|NUP88|USP12|WEE1|MBD4|MYCBP2|BTG1|ZNF318|SSBP2|ATM
WP_NOVEL_INTRACELLULAR_COMPONENTS_OF_RIGILIKE_RECEPTOR_PATHWAY	0.320209530246705	0.791690459265129	-0.361113681735966	-1.07726579234919	1894	53	MAPK13|IRF7|CYLD|MAPK11|TBKBP1|MAPK12|RIGI|IRF3|NLRX1|TRADD|ISG15|IKBKG|STING1|TRAF2|PIN1
GSE37416_CTRL_VS_48H_F_TULARENSIS_LVS_NEUTROPHIL_DN	0.320451843043995	0.791704553402812	0.271587524096202	1.03760870705492	1077	194	SETDB2|TRIM69|PRNP|COPS2|WDFY3|TRIM23|CD164|VPS26A|GCC1|RNF13|INTS13|GGPS1|MOB4|H2BC21|TXNL1|TMEM59|MAPK6|ARF4|YIPF6|ANKHD1|C18orf32|CBX3|WBP4|ZDHHC6|DYM|SCARF1|MAGT1|APPBP2|TMED7|MORF4L2|RAB5A|RTN3|UBE2E1|GRK5|ZNF766|EMC2|SP1|CAPN7|ARMT1|CRIPT|PRDX6|CLTC|AKIRIN1|SLC36A4|DERL1|ATG12|RBBP8|CTNNB1|CEP170|RABGAP1|ARCN1|ATP11B|WBP11|TBC1D23|ATP6V0E1|AKIRIN2|DNAJB6|FBRS|GOLGB1|NDFIP1|COPB2|HSPA5|NUP58|SARAF|MORC3|CRK|UFSP2|HEXB|BTAF1|RASA2|CSE1L|CCDC93|SRP54|MIR22HG|FTH1|RAB1B|TNFRSF14-AS1|ATP6V1G1|TPST2
HALLMARK_ANDROGEN_RESPONSE	0.320329087048832	0.791704553402812	0.304317638516541	1.05124718496789	1206	95	HERC3|ARID5B|GNAI3|ABCC4|NCOA4|SRP19|UAP1|AKAP12|TNFAIP8|SLC38A2|NKX3-1|INPP4B|ELL2|APPBP2|VAPA|CDC14B|INSIG1|TMEM50A|PGM3|DNAJB9|ELOVL5|GPD1L|NGLY1|HMGCS1|PIAS1|MYL12A|RAB4A|CDK6|IDI1|LMAN1|SORD
KEGG_MEDICUS_REFERENCE_TRANSCRIPTIONAL_ACTIVATION_BY_ACETYLATION_OF_H3K27	0.320405464962539	0.791704553402812	0.464774486325335	1.0972167681584	1453	15	RNF2|H3-3A|PCGF5|YAF2|FBRS|EP300|DCAF7|RYBP
WP_ZINC_HOMEOSTASIS	0.320559930008749	0.791776716886767	-0.399607513367047	-1.08370716172163	1831	32	SLC30A3|SLC30A4|MT2A|SLC39A3|SLC39A2
GSE43863_DAY6_EFF_VS_DAY150_MEM_LY6C_INT_CXCR5POS_CD4_TCELL_DN	0.320689655172414	0.791902277643466	-0.297873112557719	-1.05236975397785	2138	179	TP53I11|TYROBP|PDE2A|CREBRF|ITGA4|N4BP2L1|ABCA7|CHST12|ARID5A|HLA-DOB|ACAP1|N4BP3|HCST|UBA7|ARHGAP45|SIGLEC10|DENND1C|GCOM1|SPATA6|TMEM86A|TCP11L2|BCL3|EMP3|RBM38|AKT3|C19orf38|TNFAIP8L2|SLC12A6|DMPK|AKNA|BICRA|KMT5C|GMFG|DGKA|MAP4K2|ARID3B|ATP13A2|ABCD1
GSE4984_UNTREATED_VS_LPS_TREATED_DC_UP	0.320928931169558	0.792298231942947	0.286974314663274	1.04368092077199	1146	135	TMEM182|SLC18A2|PAQR9|BCAR3|CREBL2|POU6F1|NAA30|EXD2|PDGFB|TBC1D2B|TDRKH|PPP1R3B|AKAP11|LZTFL1|LRIG2|SH3BGRL2|IL24|PAX5|STRA6|CYTH4|NRXN1|DUSP10|AGL|NFE2L2|PELI1|MOB3C|PRMT3|ZMYM5|CASD1|SNX19|RLF|FBXO28
GSE13484_UNSTIM_VS_12H_YF17D_VACCINE_STIM_PBMC_DN	0.32128876844324	0.792709955312768	0.27491014274007	1.03860554552017	1066	183	FBN1|NXT2|DHX58|PPP1R3D|TCN1|ARID5B|LAMP2|GNAI3|KIF18A|NBN|CGGBP1|SGPL1|LDHA|MT1X|NSUN3|MRPL42|ETNK1|ARF4|SP3|WSB2|SDCBP|TRIB1|ERP44|TIGAR|ARL3|TXNDC9|C1GALT1|SRP9|FASTKD3|CERT1|LAMTOR3|ZW10|VRK2|TMEM50A|ARPC3|TTC33|EIF3J|TRAFD1|LMBRD1|PSMA2|MYC|PPP1R16B|NF1|GLUL|TMX1|CLUAP1|C6orf62|HMGCS1|FYCO1|SGMS1|TIMM17A|GTDC1|FKRP|RAB31|LNPEP|CENPS|GLRX3
GSE32901_TH1_VS_TH17_NEG_CD4_TCELL_DN	0.321332616872649	0.792709955312768	0.302109307903649	1.05206663828383	1195	100	DNAJB2|CD83|MS4A3|BCAR3|CFAP44|LY6G5C|CLN5|CCL4|BACE2|TNFAIP8|SVIP|PGRMC2|NDC80|ZCWPW2|ACOT11|COPZ2|SLC4A4|EGR2|FASTKD3
WP_MAPK_SIGNALING	0.321313868613139	0.792709955312768	-0.290352623900282	-1.04908098525209	2200	220	HSPA6|PAK1|MAPK8IP2|MAPK13|CD14|RASGRP3|MAPK8IP3|MAPK11|MAPK12|FGF12|FGF17|TGFB3|CACNA2D2|TNFRSF1A|RASGRP1|HSPB1|FOS|DUSP8|TAOK2|AKT3|IL1B|FAS|CACNA1A|MAPK7|MAP3K12|MAP4K1|DUSP4|IKBKG|TRAF2|MAP3K11|FGFR3|MAP4K2|PDGFA|TAB1|MAPK8IP1|NR4A1|DUSP7|MRAS|MAPKAPK2|FLNB|FGF2|CACNB3|AKT2|DUSP9|HSPA1A|CDC42|SRF|RELB|HSPA1B|GNA12|RAC3|JUN|PTPN7|ELK4|FLNA
GSE21670_STAT3_KO_VS_WT_CD4_TCELL_TGFB_TREATED_DN	0.32145599754262	0.792793061590821	-0.304240559190642	-1.05724580217212	2092	157	CATSPERZ|MXD3|SAMD11|PAK6|SEMA3F|FCSK|LHFPL5|NALF1|PLPPR3|SLC39A3|INCENP|MTG1|DGLUCY|TMEM116|ITGAX|ABCA4|ATP2B3|MST1R|SRR|CAPN12|FHL1|HOXC13|ADAM11|INHBE|TRIB3|TIMM44|DACH1|POLR1C|POLR3K|PDGFA
GSE2770_UNTREATED_VS_IL4_TREATED_ACT_CD4_TCELL_48H_DN	0.321524263173564	0.792793061590821	0.271487117681573	1.03580985512677	1079	193	TTK|SERINC5|MEMO1|ST3GAL5|HMGN5|CKS2|PRPS2|NBN|DHX40|KIF20B|TXNL1|KNL1|ERI1|CIP2A|CKAP2|GINS1|SCCPDH|PPIL1|C3orf38|RELN|RBKS|SLAMF7|TMED6|BACH2|CAPRIN1|APOO|TIMM23|TSTD2|CPSF2|UBE2E1|TIPIN|CCNH|NME7|ADK|DBF4|SSR1|MYB|TSG101|BAG2|ATAD1|THOC7|ANP32B|IDH3A|NEK2|TAF9|OTUD6B|CFAP298|BRIP1|MBD4|AK3|ATP5PB|IQGAP3|PRPF40A|CISD1|GRSF1|MED8|DSN1|BUB1B|MTMR9|OPTN|NSMCE4A|DMWD|ZC3H14|SSX2IP
GSE40068_CXCR5POS_BCL6POS_TFH_VS_CXCR5NEG_BCL6NEG_CD4_TCELL_DN	0.321901323706378	0.793527870177952	0.274953691220057	1.03793486385261	1069	182	ARRDC3|TSPAN32|EGR3|UBTD2|PDK1|GABRR2|MBNL2|STT3B|TCF7|NCOA3|GNB4|HIPK3|PPM1B|CHDH|PPP1R3B|GEN1|ST8SIA6|THOC2|TSPAN13|ATP1B1|MED13|NIPAL1|MTSS1|ART4|ATP8A1|EGR2|BACH2|ATP6V1D|FOXP1|MYO6|DUSP10|LDHB|ITM2A|PTK2|SMC6|MYB|SFMBT2|CUL3|TTC3|CREB1|MRPL30|PTEN|MTMR2|SPRED1|BTF3L4|AMER1|ZNF281|TGFBR3|USP28|MBTD1
GSE2706_UNSTIM_VS_2H_LPS_AND_R848_DC_UP	0.32202881152461	0.793647240384	0.275511073071161	1.03768308173876	1072	179	LNX2|ZBTB26|ANKRD20A11P|ZNF14|LUZP4|ZNF227|TRIM23|PDIK1L|ZBTB41|KLHL24|PARS2|ZNF184|RBAK|PALS2|ZNF641|ZNF813|ZNF770|GRPEL2|MSANTD2|ZBED5|ZNF850|ZNF449|KCTD21|ZNF250|KCTD6|THOC1|ZNF766|ITM2A|ZNF451|MTHFSD|TSPYL6|MTMR4|CDKN1B|DNAAF10|KBTBD6|TRIM32|RNF25|MTF2|ZC3H15|CFAP298|GNL3|FAM118B|ZNF148|TRIM59|ASB8|GTF2H1|LNPEP|CCDC66|RFWD3|ERCC4|VAMP1|FDXACB1|ANKRD17|KDM4A|ZNF280B|FKBP4|TRMT13|ZNF7|USP37|PRPF38B|ZKSCAN4
BOWIE_RESPONSE_TO_TAMOXIFEN	0.322662786467807	0.793650833267298	-0.476400201044304	-1.10549470198259	1773	16	IRF7|IFITM1|IFI35|IFI16|IFIT2|MX1|ISG15|IFNGR1|IRF9|IRF1
GSE1791_CTRL_VS_NEUROMEDINU_IN_T_CELL_LINE_0.8H_UP	0.322338830584708	0.793650833267298	-0.297660249350713	-1.05161771966745	2149	179	S100P|PIEZO1|KISS1R|PPFIBP2|APOL1|QSOX1|ZBTB46|GSDMD|SYNGR2|PLOD1|PRPF31|PHPT1|ARHGAP45|CRYBG1|HSPB1|APOL6|SPINT2|RHOF|AKR1B1|COMMD1|MS4A4A|SCARB1|NAPRT|DCXR|KCNK6|CCL26|SNRNP200|ORAI1|ZC3H3|RNF181|XPC|B4GALNT1|RBX1|NISCH|EPOP|MRPL2|NDUFC2|MCRIP2|TSSC4|MREG|GSTP1|BLTP2|INF2|APOL4|POLRMT|KCNH2|CCDC137|ECH1|PYM1|CPT1A|CHCHD1|NOC4L|SURF1|UQCC6
GSE29949_CD8_NEG_DC_SPLEEN_VS_DC_BRAIN_UP	0.322515839901097	0.793650833267298	-0.307856236442869	-1.05873401893077	2086	142	SLC30A3|PCNX1|WNT11|NHLH1|FOXD1|IFI30|POLR2F|EXT1|L1CAM|EPS8|APOE|SLC12A4|MAST1|ADAM22|DSC3|ZIC1|PPIE|KSR1|PTPN3|RFNG|GUCA1B|SGCG|KIF5A|DHRS3|SMG6
GSE36527_CD62L_HIGH_CD69_NEG_VS_CD62L_LOW_CD69_POS_TREG_KLRG1_NEG_UP	0.322657176749703	0.793650833267298	0.275990296864514	1.03794402658903	1087	175	ZNF841|AIM2|PLCE1|MMP14|CFAP95|PUS10|CENPQ|PALMD|FSCN3|HDAC2|RAMAC|SGPL1|SIAH1|DCTN4|EPB41L5|RBMX|NUP37|MTCH2|CBFB|CCNC|CA3|PSCA|POF1B|TDRP|ATP6V1D|SCFD1|DUSP10|HAUS5|SLC20A1|UBE2V2|CRBN|RPE|PAPSS1|DNAJA2|FZD4|DBF4|MYB
GSE37336_LY6C_POS_VS_NEG_NAIVE_CD4_TCELL_DN	0.322631166797181	0.793650833267298	-0.311433890259938	-1.05771859530649	2059	128	MATN1|ENSG00000291228|ADSS1|ENG|CPT1C|HDAC10|ECM1|ZNF710|RNF207|CCK|LINC00334|CRISPLD2|MIR3150BHG|CEACAM19|RDH12|ZNF671|ACSL6|FBXL19|TINAGL1|VWA1|ODAD1|FOLR2|BAHCC1|ACSBG1|IQSEC2|LRRC37A2|CCDC9|NCKAP5L
GSE39556_UNTREATED_VS_3H_POLYIC_INJ_MOUSE_NK_CELL_UP	0.322252171308775	0.793650833267298	-0.298000786758505	-1.05521369427241	2151	182	MTCL1|SLC30A3|SPIB|ADAM19|TBC1D1|STS|APBB2|MARCKS|RAPGEF5|RDH16|NUP210|DDB2|GRN|LAMA5|CD19|RARRES2|IRS1|RASGRP1|CDKN2D|EMP3|ATP2A3|SLC15A2|TRIM26|CTSA|POLD1|FANCA
HOFMANN_MYELODYSPLASTIC_SYNDROM_LOW_RISK_DN	0.322637517630465	0.793650833267298	-0.423702100578884	-1.09134349894455	1829	25	GDF15|IER3|CCND1|CDK2AP2|UBE2M|MAGEA3|DUSP14|ILF3|MAGEA6|H4C9|TUBB2A|KRT8|HRAS
ROVERSI_GLIOMA_COPY_NUMBER_UP	0.322248995983936	0.793650833267298	-0.329825869506137	-1.06484924033172	2005	87	KLC3|PACSIN3|DDB2|APOE|APOC1|CEACAM19|BCAM|BCL3|MZF1|CHRM4|CREB3L1|SLC7A11|DPF1|MAPK8IP1|ARHGAP1|MADD|ZNF324|POLR1G|MDK|UBE2M|ZNF408|ERCC2|ACP2|NECTIN2|RELB|PSMC3|CLASRP|ZBTB45|CLPTM1|SLC27A5|SPI1|PEX16|TRIM28
FARMER_BREAST_CANCER_CLUSTER_5	0.32306654676259	0.794221880562199	0.43534324517966	1.0918633385284	1436	19	RNF43|DHX40|MED13|SMG8|MTMR4|VMP1|SUPT4H1
MITSIADES_RESPONSE_TO_APLIDIN_UP	0.323010584084673	0.794221880562199	0.250896722669156	1.02504890681071	823	414	ELK3|FOSB|FEM1C|AKTIP|MTMR6|STAP1|PIGA|SUGCT|ZNF165|C3orf52|FOXO1|RGS2|KIN|RNF11|CCN1|SRC|H4C12|EIF2AK3|PTHLH|ST3GAL5|CLDND1|ARID5B|PDE3B|CTSS|PDGFB|KDM7A|ARIH1|YES1|ZNF184|CLK4|PFKFB3|MOB4|RSRC2|NEMF|FAM13A|ETNK1|ARF4|ARMCX6|ZNF274|MKRN1|SC5D|CLK1|WDR26|ZNF34|PDE8A|BCAS2|THAP9-AS1|IFRD1|ATP1B3|SKIL|DMTF1|TRIB1|ODR4|TRMT1L|H2BC7|PLPP3|NUAK2|FBP2|IFIT1|POPDC2|TIGAR|SLCO4C1|RPS6KA2|TMF1|IFT57|TSTD2|HERPUD1|TENT5A|PIP5K1B|SAMSN1|NFE2L2|HBEGF|MAP4K3|ZNF250|DDX18|TRAPPC2|NAMPT|ZNF215|KDM3A|PEX13|PGM3|C6orf120|RPGRIP1L|BACH1|WSB1|NEK1|HAPSTR1|CCNT2|ATG12|VDR|CLCN3|GTF2B|NMRK1|PLSCR1|SEC62|INTS6|DENND4A|NFU1|ASCC1|CCNDBP1|ANKRA2|GABARAPL1|TRMO|ATP6V0E1|OTUD4|DNAJB6|PNRC1|SPOP|IDI1|RIOK3|DDX27|TRIM33|LAPTM4A|TNFSF9|BTG3|NCOR2|ETV1|SPTBN4|MCL1|N4BP2L2|MAFF|IMPA1|NUDT9|MAP1LC3B|SLC35F5|SFPQ|MORC3|ARG2|UFSP2|RAB9A|EIF1|SNRK|SMN1|BCL2L11|OFD1|NAP1L1|STOM|UBE2B|ACOT9|MIR22HG
WP_EXTRACELLULAR_VESICLEMEDIATED_SIGNALING_IN_RECIPIENT_CELLS	0.323132313231323	0.794221880562199	0.415794146164122	1.08386524568175	1435	22	TGFBR2|SMAD4|SMAD2|TGFBR1|NRAS|APC|CTNNB1|TGFBR3
KEGG_MEDICUS_ENV_FACTOR_NNK_NNN_TO_RAS_ERK_SIGNALING_PATHWAY	0.323490230905861	0.794712417482388	0.454920763279389	1.08960627705647	1456	16	MAPK1|CHRNA3|BCL2|NRAS|MYC|BRAF
WANG_HCP_PROSTATE_CANCER	0.323417117403754	0.794712417482388	-0.324477308798992	-1.06369486173251	2032	97	H2AC11|S100P|RPS21|RPL28|MAPK8IP3|TWIST1|PNMT|DGKD|LONP1|ZNF580|STC2|B3GAT3|MUC1|CTSA|PITX1|SGK1|RETREG2|SIDT2|CDK10|CD2BP2|TAF1D|CRAT|NOP53|UBXN1|ABCA5|CDKN1C
REACTOME_LAGGING_STRAND_SYNTHESIS	0.323755656108597	0.795169874239809	0.429577368907697	1.08935045439342	1430	20	RFC4|PRIM1|DNA2|POLA1|RFC5|RFC1|RPA2|PCNA|RFC3|POLD4|POLD3|FEN1|RPA3
GSE3720_UNSTIM_VS_LPS_STIM_VD1_GAMMADELTA_TCELL_UP	0.324088031353633	0.795402361547131	0.274353601926756	1.04084568211984	1074	188	ITGB7|SETDB2|AKTIP|NAPEPLD|FOXO1|MS4A6A|LEMD3|TRAPPC8|RRM2B|SFT2D2|FAM76B|MACIR|MRTFB|TFAP4|CRLF3|TAPT1|EPS15|MED13|AP3S1|SLC4A11|IFITM10|OTULINL|TDRP|RNF125|WDR89|UBE2E3|FOXP1|SLC20A1|TENT5A|CEP44|DDX5|GTF2E1|UBE2W|CHSY1|SEMA4A|CS|CDKN1B|CNOT6L|ATAD1|RO60|KMT2E|MAPK14|AGPAT5|TAF4B|ZFYVE1|DENND4A|RBM48|HERC4|AMER1|TMCO3|BTG1|CHM|FBRS
PID_AURORA_B_PATHWAY	0.324050035402407	0.795402361547131	0.363638625566551	1.07325904252175	1372	38	KLHL13|NPM1|PPP1CC|SMC2|NCAPG|NDC80|RHOA|BUB1|STMN1|CUL3|RACGAP1|SMC4|VIM|PSMA3|KIF23|NCAPH|NCAPD2|EVI5
REACTOME_ACTIVATION_OF_THE_PRE_REPLICATIVE_COMPLEX	0.32401583973911	0.795402361547131	0.375862998857416	1.07494018364534	1390	33	CDC7|PRIM1|ORC4|POLA1|ORC2|DBF4|CDK2|RPA2|ORC3
GSE1566_WT_VS_EZH2_KO_LN_TCELL_DN	0.324468898058994	0.796142458742651	-0.302988314692551	-1.05631442679361	2122	160	TGFB1I1|SUZ12P1|ZNF341|POU2F2|SPMIP8|PDE2A|RPL28|NUP210|TSPAN5|PPM1J|RTTN|SLC45A4|PDE6D|NSUN5|PDLIM3|RP1|ZNF836|TGFB3|SPOCD1|SLC29A2|PRSS30P|SEMA6A|SLC25A45|PNKP|POU6F2
KOBAYASHI_RESPONSE_TO_ROMIDEPSIN	0.324585015702109	0.796232743797108	0.441059486566073	1.09241439136104	1446	18	CXCL8|EFNB2|SYT11|FABP6|GTF2B|KLHL7|RB1CC1|RAB3IP
LEE_CALORIE_RESTRICTION_NEOCORTEX_UP	0.324886725960732	0.796778146883417	-0.352642463665816	-1.06835019850656	1935	58	UBA7|LONP1|STK39|ZNF771|SERPINE1|KMT2B|NAA80|ATP13A2|BMP1|TSC22D1|E4F1|GAS6|HOXB3|RELB|POLE3|SLC12A2|BAG6|HOXB9|OSBP2|KIAA2013|HINT2|KHDRBS1|CSK|LDB1|NFKBIA|ZBTB7A|KLC1
GSE21927_SPLEEN_MONOCYTE_VS_GMCSF_GCSF_BONE_MARROW_UP	0.325431665203395	0.797514718341987	0.277973556683331	1.03821277131104	1111	167	SETDB2|NUDT12|CD40|MANSC1|BBS12|ITGB3BP|CYP26A1|SLC39A10|GNB4|HEMGN|ALG13|GULP1|AKAP12|HYCC1|MXI1|TSPAN13|TMEM123|CYP2R1|BTBD9|SLC19A2|ZC3H12B|TAPBPL|MTSS1|TRABD2A|FLACC1|SLC40A1|ZBED5|KIF27|FAM229B|TENT5A|TIPIN|SLC25A14|VIPAS39|ABCB1|CLGN|GVQW3|CAV2|PRR11|EBLN3P|ERCC5|NDE1|H2BC8|KIAA1586|ADARB1
GSE3039_ALPHAALPHA_VS_ALPHABETA_CD8_TCELL_DN	0.325385908604616	0.797514718341987	-0.302905847611578	-1.05602692010393	2128	160	PRG2|SPIB|SYTL1|S1PR5|ITGA4|RASGRP3|ABCB4|PPP1R14A|HLA-DOB|ZNF710|ROGDI|SERF2|APOC1|SFI1|TRIM10|PTGIR|SLC15A2|TMCC2|TRAF2|SCAP|ICAM2|PIGL|MERTK|HPGD|XPC|SPN|ARHGAP39|ENTPD6|AHSP|RAB30|MED12
GSE7831_UNSTIM_VS_INFLUENZA_STIM_PDC_1H_UP	0.325504861630516	0.797514718341987	-0.296356084995008	-1.05206111995829	2175	188	VMAC|IFI30|PAK6|SH3BP2|CECR2|IFITM2|SREBF1|ABHD17A|CSF2|MAP1LC3A|TGM1|S100A5|APOBR|AURKB|HRC|ARHGAP26|ACTN2|ACP3|FRMD6|PIGU|COBLL1|USP20|TMEM101|CTSA|NSDHL|KCNK6|H2BC5|DDT|STING1|SLC26A6|NECAP2|CDK2AP2|GGT7|F2R|POLR3K|SGK1|PGP|GRK6|NDST1|MBOAT7|CNP|MVD|ID2|DDA1|DTNBP1|USB1|TMC6|ATP5MG|SAPCD2|ABHD2|METRNL|SH3BGRL3|ASL|ABCF3|DUSP14|EBP|MYLIP|CD52|PILRB|PLEKHO1|CDCA8|DYNLT1|SERINC3|KIF22|SHARPIN
NELSON_RESPONSE_TO_ANDROGEN_UP	0.325502479770295	0.797514718341987	0.315267556949424	1.05477660198763	1246	78	HERC3|ABCC4|CPD|SRP19|UAP1|AKAP12|TNFAIP8|SLC38A2|PALM2AKAP2|NKX3-1|INPP4B|ELL2|APPBP2|VAPA|CDC14B|PGM3|DNAJB9|ELOVL5|HMGCS1|PIAS1|MYL12A|RAB4A|IDI1|LMAN1|SORD
BOYLAN_MULTIPLE_MYELOMA_D_UP	0.32563025210084	0.797627250021531	-0.331484416690071	-1.06270435248143	2014	82	CCR7|CLBA1|PTPDC1|DGLUCY|NAPSA|CCND1|HSPB1|PIK3IP1|CHD4|ZNF839|AKT3|AFAP1|YDJC|NSMF|SUSD3|BLVRB|DYNC2I2|LMNB2|MXRA8|AARS1|CLEC2D|POLR1A|ADAT1|TGS1|DHCR24|NEFH|OBSCN
GSE43260_BTLA_POS_VS_NEG_INTRATUMORAL_CD8_TCELL_UP	0.325979288608735	0.798287411333125	-0.295931866560301	-1.05126585610174	2171	190	TBC1D1|S100P|HOMER3|FICD|UQCR11|RABAC1|GRN|TMED9|TSPYL2|BSG|HYOU1|POR|ZNF516|PPARG|RRBP1|CYBA|HCFC1|NOTCH3|SEC61B|MYDGF|TSPO|RRP12|EWSR1|CTSD|IL16|NDUFB7|GMFG|GUK1|NDUFA1|STX5|HEXA|ENTPD6|CTSL|BLVRB|NUDT1|FKBP2|LAMP1|GSTP1|ITGA5|LMNA|MOAP1|GOLGA2|ATXN2L|JUN|BCAP31|PSMC3|EIF4G1|PDIA4|P4HB
GSE17721_CTRL_VS_PAM3CSK4_2H_BMDC_DN	0.326106065045415	0.798403092908749	0.278379730276051	1.03743163247628	1112	165	PTGDR2|CD44|PLAAT1|GABRG1|GNAT2|CD70|RNF11|KLHL13|ST3GAL5|RNF2|ARID5B|AFF4|DDX19B|ATL3|DMTF1|MED21|ZBTB16|TTC39C|WNT2B|PTX3|ICOSLG|RPS6KA2|BEX3|RAD23B|USP47|OSGIN2|SAMSN1|SFXN4|THOC1|B3GNT2|AHCTF1|WIPI1|FBXO33|IL17RE|NDN|STARD4|MTF2|PTPRA|PLSCR1|HSP90AA1|NUP54|BHLHE40
CHIARADONNA_NEOPLASTIC_TRANSFORMATION_CDC25_DN	0.326540136901058	0.799179422385812	-0.30778156227292	-1.05497284360146	2098	139	TNS2|AQP1|PNKD|IFI30|TIMP3|SEMA3F|DBNDD2|CARD19|SLC29A1|NAA38|GPC1|EMP3|FHL1|KLK8|NDRG4|ACYP2|TRIB3|TSPO|ASNS|SLC1A5|GUK1|ENO3|AGRN|CD151|NFE2L1
PHONG_TNF_RESPONSE_NOT_VIA_P38	0.32666200139958	0.799179422385812	-0.279306450951105	-1.04218044738297	2333	318	LAT|PLCB4|FSTL3|SEL1L|CYLD|PSMB9|APBA3|ADGRE5|PLXNA1|DOCK4|N4BP3|SYNGR2|TNFRSF21|TRIM62|TRIO|HYOU1|RGS3|KLF7|MMP1|CSF2|CRYBG1|PPARG|COL6A1|ICAM1|DUSP8|TPCN1|SERPINE1|RIPOR1|RHOF|EFNA1|BCL3|ECE1|CA12|KCNAB2|CXADR|IRS2|TRIB3|GBP2|SP100|NECAP2|IGSF3|PHF11|NFE2L1|SDC4|SGK1|CDCP1|CEBPB|ZBTB10|MAP3K3|TNFRSF1B|G0S2|GRINA|TANK|P4HA2|MVD|PDLIM4|ID2|GCHFR|TNIP1|MREG|DDA1|MGAT4B|BID|OGFR|HSPA1A|FLOT1|NIBAN1|IL6ST|IFNGR1|TNIP2|PARP12|INF2|HES1|ZMIZ2|GATA2|EML2|PPME1|IER2|TRAF3|CCDC28B|CDC42EP3|TNFAIP2|IRF1|RELB|HSPA1B|JUN
REACTOME_PI_3K_CASCADE_FGFR2	0.326603858232391	0.799179422385812	0.440325440343942	1.09059630858218	1455	18	FGF5|PIK3CA
BOYAULT_LIVER_CANCER_SUBCLASS_G5_DN	0.327089591800672	0.799722265028692	-0.417979936016037	-1.08516175045806	1850	26	IFI16|CYBA|ICAM1|THEMIS2|BCL3|EMP3
HASLINGER_B_CLL_WITH_6Q21_DELETION	0.327122895019706	0.799722265028692	-0.446020909162339	-1.09467641147861	1825	20	H2AC11|H2AC15|H2BC17|H2AC16|H2BC5|ARHGAP1|CAPG
WP_TRANSCRIPTIONAL_ACTIVATION_BY_NRF2_IN_RESPONSE_TO_PHYTOCHEMICALS	0.327016306743059	0.799722265028692	0.46250220055452	1.09185246757147	1483	15	PIK3CA|GCLM|MAPK8|NFE2L2
GSE29949_MICROGLIA_VS_DC_BRAIN_DN	0.327258921791951	0.799860008996252	-0.300625670694752	-1.05263970600551	2154	167	PCNX1|LAG3|COL18A1|SLC30A4|STX11|IRF7|CTBP2|PLA2G6|DHH|PPFIBP2|ACADS|PBXIP1|SYNGR1|ATG9A|LBP|N4BP2L2-IT2|SERPINE1|RFNG|MUC1|BCL6|TIMM44|MMP15|TMED1|LYL1|CDIPT|WDR13|ZBTB7B|PYROXD1|G0S2|JRK|ERN1
GSE37533_PPARG1_FOXP3_VS_PPARG2_FOXP3_TRANSDUCED_CD4_TCELL_PIOGLITAZONE_TREATED_DN	0.327650665470316	0.800622536511935	-0.296202470787479	-1.05033147971604	2190	185	FES|NDST2|IL15|IFI30|CYLD|APOL1|PSMB9|TAP1|CTRL|IFITM1|ARID5A|BTN3A1|UBA7|IFI35|IFIT2|HERC6|RIGI|AHCYL2|HDAC4|APOL6|SHFL|BCL3|MX1|BCL6|GBP2|DDX23|SP100|ISG15|TAP2|SP110|PSMB10|PHF11|CLCN6|SCYL3|MALT1|TANK|OAS3|IL15RA|CMTR1|OGFR|NNMT|PARP12|IRF9
GSE2585_CD80_HIGH_VS_LOW_MTEC_UP	0.32778469197262	0.800755107817269	-0.308084401959572	-1.05496513946124	2106	138	TSGA10|ANO9|YJEFN3|HAPLN2|BCAS1|IRX5|PROB1|ASPHD2|MLXIPL|EREG|HYLS1|ATP1A3|IRS1|FGF17|TPH1|HSPB1|CAMKK1|IER5L|HRC|OS9|HSBP1L1|INHBE
GSE41867_NAIVE_VS_DAY15_LCMV_EFFECTOR_CD8_TCELL_UP	0.32795371498173	0.80097308783129	0.27096084662702	1.03511255191303	1076	198	COPS2|CETN3|DET1|GNG12|SCOC|IFT56|RAB29|DTX3L|RSL24D1|MRPS24|PARP11|MSH2|HIBCH|YWHAQ|LRPPRC|GCLM|ERP44|AGK|NUP133|APOA2|SLAMF7|IFIT1|DCAKD|RAP1A|PCCA|ARV1|KLHDC2|DBT|HAUS1|ESAM|XKR8|SPCS1|DDX52|RAVER1|ARHGDIG|VIPAS39|SEC23A|NIP7|NPAT|RFC1|BAG2|TOR1B|STARD4|THOC7|CLNS1A|ZNF217|TMX1|GOLGA7|EFL1|PSME4|HNRNPA1|NCBP1|SUCLA2|CUL5|RAE1|ADH5|FAF1|PMS2|FABP5|MED8|UTP25|RAB35|AFP|POLR2K|WDR3|CWF19L1|PCBD2|ACTR6|PEX19|POLD3|ALG5|CSE1L
WP_1Q211_COPY_NUMBER_VARIATION_SYNDROME	0.328138834779529	0.801230265997789	-0.424493884856494	-1.08262983783515	1852	24	KIRREL1|ACP6|CHD1L|AFDN|LINC00624|PRKAB2
FIGUEROA_AML_METHYLATION_CLUSTER_2_UP	0.328340425531915	0.801299006041445	-0.367129368612632	-1.06950222650195	1928	46	DHRS12|MATR3|IL11RA|TIGD3|RECQL5|OAZ3|SAP30BP
GSE20152_SPHK1_KO_VS_WT_HTNFA_OVERXPRESS_ANKLE_DN	0.328258221680877	0.801299006041445	0.270894976086239	1.03486091620842	1077	198	PCYOX1L|TTK|DOP1B|LBHD1|ZNF14|GLMN|YIPF1|CD164|PTER|ANKRD27|MAP3K1|IMPACT|BNIP3L|PEX3|GGPS1|ORC4|GDI2|TNFAIP8|SLC30A6|ZFTA|FNTA|XPO7|TRMT1L|SCP2|NUP133|OTULINL|TRIM24|DLAT|TDRD3|FAM200C|CSRP1|FXR1|TCAF1|ETFDH|MTRR|EBAG9|SMC3|FTO|C17orf75|BAG2|GOLPH3L|MEGF9|CAND1
REACTOME_PHASE_0_RAPID_DEPOLARISATION	0.328406466512702	0.801299006041445	0.402776437451993	1.07647014929218	1421	25	CAMK2B|SCN2A|FGF13|SCN4A|SCN8A
GINESTIER_BREAST_CANCER_ZNF217_AMPLIFIED_UP	0.328887770508304	0.801888618013688	0.319351399944316	1.05076996823684	1306	69	SLC35A3|BMPR2|GNB4|SIAH1|HEATR3|WASHC4|UFL1|SLC25A36|MORF4L2|TRIP11|SP1|WSB1|PWWP2A|ATG12|CREB1|SLU7|ATP6V1A|GINM1|TRAK2|ICE2|ZBTB38|DNAJC21|MINDY2|SRSF10|SPPL2A|STAG2|SF3B1|YIPF5|POLK|CHURC1|SCAF11|DNAJB14|CYP20A1|SNX9|KCTD20
GSE29618_PDC_VS_MDC_DAY7_FLU_VACCINE_DN	0.328834907782276	0.801888618013688	-0.297918164791194	-1.05150114692861	2192	177	PAK1|IFI30|MARCKS|CIITA|APOL1|LYST|SH3BP2|TRIO|APLP2|IFITM2|ARHGAP45|ITGAX|CRYBG1|MNDA|APOBR|PILRA|FYN|PPM1F|TIMP1|EMP3|ENTPD1|IL1B|IFITM3|AKR1B1|BCL6|C11orf21|RNH1|LINC00115|CST3|GMFG|DHRS3|SLC2A3|NACC2|SGK1|CEBPB|SLC35D2|OAS3|EVL|ID2|ICAM3|CNIH4|ITGA5|LMNA|NIBAN1|CKLF
TIAN_TNF_SIGNALING_VIA_NFKB	0.328773369813042	0.801888618013688	0.41209193050305	1.08151231803315	1441	23	CXCL8|CD83
HAN_JNK_SINGALING_UP	0.328968903436989	0.8018916592279	0.381210760281226	1.07333402564391	1406	31	CCL5|CCN1|IMPACT|IFIT3|EFNB2|IL1RL1|TGFBI|FOXP1|FAM3C
SCHUETZ_BREAST_CANCER_DUCTAL_INVASIVE_UP	0.329119318181818	0.80206353870092	-0.282836067779216	-1.04408726976386	2316	279	TGFB1I1|ADAM19|SMAD7|TYROBP|ITGBL1|COL14A1|SPON2|IFI30|LAMB1|TIMP3|AXL|PSMB9|LAMA4|PDLIM2|COL1A1|TWIST1|APOE|TRDC|SERPINH1|IFI16|AEBP1|CILP|MMP1|SLC7A7|ECM2|RARRES2|COLEC12|MNDA|COL6A1|CRISPLD2|FYN|COL6A3|EMP3|AKT3|ENTPD1|DCN|FAS|TRPC1|AKR1B1|MS4A4A|SLC16A3|MERTK|SLC2A3|CPQ|SPHK1|F2R|SGK1|NBL1
GSE360_CTRL_VS_M_TUBERCULOSIS_MAC_DN	0.329213144407597	0.802097462029966	0.274839724645641	1.03641432093983	1091	181	AIM2|BICDL1|IFIH1|MX2|NTS|IL10RB|COPS8|HDAC2|BNIP3L|DLC1|PTPN2|NORAD|PRPH|SCAF8|TSC22D2|RTN4|ZFYVE26|RRAS2|PRKRA|IFRD1|DMTF1|TRIB1|IBTK|PRRG1|LINC01138|CD96|SPINK4|RSAD2|FCER1G|ABCB11|MCC|DGCR5|GRIP1|SRP9|UBE2V2|KCNK1|ACSL1|SSB|RHEB|BECN1|TFE3|HPS5|BAG2|ATP2A2|CREB1|PPWD1|UBE2D1|NR5A2|INPP5B|MKLN1|ATP13A3|FRYL|QDPR
CHAUHAN_RESPONSE_TO_METHOXYESTRADIOL_UP	0.329754601226994	0.803221714903316	-0.364510914961033	-1.06861731038954	1934	48	TRBC2|WNT11|SLC3A2|TIMM44|ITGB5|SRM|ASNS|HMGN2|UBE2M|CKB|AARS1|CHMP7|NBPF14|CARS1|CBX6|YARS1|UBE2S|AHSA1
BOYLAN_MULTIPLE_MYELOMA_D_DN	0.330232558139535	0.803759866736473	0.317567951102264	1.05505848611445	1277	75	MAP10|CD44|RPGRIP1|ZNF14|ST3GAL5|HNRNPLL|PRKRA|CMPK2|HSD17B11|PXYLP1|CYTH4|CSRP1|ATP11A|DRAM1|PIWIL4|CYBB|PPP1R16B
FLETCHER_PBMC_BCG_10W_INFANT_BCG_STIMULATED_VS_UNSTIMULATED_10W_DN	0.330822711471611	0.803759866736473	-0.288473205743429	-1.04714715555185	2283	233	SLC26A11|TYROBP|C3|PIEZO1|PNKD|ENG|IFI30|LILRA2|NCEH1|CD84|HCST|APOE|TNFRSF21|ICAM5|APOC1|CXCL16|ITGAX|PPARG|DAGLA|MNDA|PDLIM7|FOS|SERPINE1|THEMIS2|MFSD12|STAB1|C5AR1|TKTL1|G6PD|TBXAS1|SLC16A3|CAMK1|TSPO|IGF2R|CTSD|CST3|KCNN4|IL17RA|CD151|CPQ|SPHK1|CEBPB|MRAS|SMCO4|GPC2|LINC00520|GLMP|SLC38A6|NEK6|LMNA|NIBAN2|CAPG|SPINT1|INF2
GSE17721_POLYIC_VS_CPG_0.5H_BMDC_UP	0.331096538050938	0.803759866736473	-0.30158954314605	-1.05226083701302	2170	161	TNS2|TPM2|KLC3|RHOBTB2|TMEM258|QSOX1|ACADS|ADGRE5|JOSD2|LYPLA2|MEF2B|MAP1LC3A|EXTL1|ZNF598|TMCO6|RECQL4|FBXL15|STK19|GGCX|MIB2|SLC26A6|TRMT1|DGKA|RIN1|SDHAF2
GSE24634_TEFF_VS_TCONV_DAY7_IN_CULTURE_UP	0.331042724828204	0.803759866736473	0.271533642975434	1.0335848750929	1107	191	ATG4A|PLK4|DCLRE1A|DTL|CLDND1|NEDD4|CKS2|EGR1|RFC4|THG1L|KIF11|PRIM1|CCNA2|CCNB1|CAPN2|OLA1|NCAPG|NDC80|TRIB1|MPHOSPH9|NEIL3|GMPS|NUSAP1|NCALD|MAD2L1|CD96|RBKS|IL32|SYT11|FASTKD3|FUT8|FAM200C|STAU2|CDK1|RRM2|VIPAS39|SMC6|MYB|KIF15|STMN1|VDR|PPP1R16B|RACGAP1|RBBP8|INPP5B|GGH|STIL|PCNA|ZWINT|HACD1|CKAP5|BLM|CENPE|FAF1|RFC3|SRPK1|GOLGB1|CDC25C|HJURP|CCNB2|RAD51AP1|KNTC1|SNRPD1|TPGS2|DLGAP5|SLC27A2|MELK|FEN1|NCAPH|HMGB2|GINS3|POLQ|ASPM
GSE36078_UNTREATED_VS_AD5_T425A_HEXON_INF_MOUSE_LUNG_DC_DN	0.330727600721588	0.803759866736473	-0.298255987417984	-1.05152203599599	2199	176	SLC30A4|TYROBP|TSC22D3|RAP1GAP2|TMEM81|S1PR5|AARSD1|NPB|TBKBP1|INCENP|SH3BP2|TSPAN4|RNASEH2C|EEIG1|DNAJC15|IFITM2|SPSB3|CRYBA4|CRYBG1|MATCAP1|ZSCAN20|RECQL4|B3GAT3|FBXL15|ZNF593|ADAP1|FRMD6|TRPC1|COLGALT2|NDUFA4L2|KCNK6|DDX39A|UNC13D|HPGD|ARID3B|CYB561D2|ULBP1|PLEKHF1|PPP1R18|SNX11
GSE39382_IL3_VS_IL3_IL33_TREATED_MAST_CELL_UP	0.330973184694185	0.803759866736473	-0.294553014533338	-1.04771198495162	2196	194	DPEP2|SRGAP3|PBX3|POLR2L|CD37|MRM2|RASGRP3|UQCR11|GASK1B|NDUFB8|DGLUCY|DBP|ARHGAP4|SNHG32|POR|DENND1C|KLF7|SLC2A9|APH1B|PILRA|HPS1|SPINT2|STAB1|HIGD2A|SLC2A8|MS4A4A|SCARB1|RAMP1|TACC3|SNRNP200|RPP14|UQCRQ|ABL1|RASSF1|RPS23|NENF|SLC5A3|SLC66A2|OSBPL11|HDAC5|SIGIRR|BLTP2|CARS2|IFNGR1|PCK2|ATP5MG|MICAL1|MCM2|ITGAE|ALDH6A1|PDXK|EPB41L2|FAM8A1|SURF1|PARL|MGAT1
GSE42724_NAIVE_BCELL_VS_PLASMABLAST_UP	0.330149253731343	0.803759866736473	0.27534099241718	1.03487405783773	1105	176	SAMD9|AIM2|ITGB7|FILNC1|FCHSD1|IFIH1|ZNF107|MX2|DHX58|SLC22A4|NT5C3A|SWT1|DTX3L|RBM11|PNPT1|PSMA4|NEXN|GCLM|CMPK2|IFIT3|DDHD1|HESX1|TAPBPL|TMEM140|RSAD2|IFIT1|KCTD14|ITIH4|CXCL11|TENT5A|HUS1|SSB|DDX60L|B3GNT2|SAMD4A|PCGF5|DNAJB9|PPM1K|TRAFD1|STARD4|PLAAT4|MASTL
GSE46606_IRF4HIGH_VS_IRF4MID_CD40L_IL2_IL5_DAY1_STIMULATED_BCELL_DN	0.330153223474993	0.803759866736473	0.279493749835749	1.03866027170563	1141	160	GJC2|STAP1|CD40|EPB42|C22orf23|CCL4|GFM2|DDR2|PNPT1|RFX5|KNL1|PRPH|ETNK1|CMPK2|FAM110D|ARMC2|SGCB|MAMLD1|PAX5|TSNAXIP1|PLXNC1|JAK2|PPA1|RBL1|STAU2|TUBE1|DNAJA2|EPCAM|BMPR1A|SNX2|TMEM104|NF1|TUBGCP4|PSMC2|CHMP5|SUB1|INPP5B
GSE6092_CTRL_VS_BORRELIA_BIRGDOFERI_INF_ENDOTHELIAL_CELL_DN	0.330559045226131	0.803759866736473	-0.311580184387323	-1.05435804983429	2104	124	KRT15|TEX14|CUBN|PWWP2B|ARID5A|SLC3A2|NXF1|PLD5|MST1R|PRKCSH|IER5L|CCNL2|FZD3|MUC1|IRS2|MAFK|DUSP4|ISG15|ACSBG1|HIP1R|PER1|CCDC9|GRB7|KLHL2|MEF2D|POLR1G|METTL6|LONRF3|DTNBP1|PRPF6|MED11|MAFG
HATADA_METHYLATED_IN_LUNG_CANCER_DN	0.330571227080395	0.803759866736473	-0.421964508605491	-1.08686792589124	1874	25	TRIM29|SHISA7|TCL6|BAHCC1
LANDIS_ERBB2_BREAST_PRENEOPLASTIC_DN	0.330553191489362	0.803759866736473	-0.363104826204337	-1.06820433630517	1941	49	PTPRB|RAB34|UQCR10|ETFB|APLP2|CHCHD10|COL6A3|BCAT2|DGAT1|ACAA1|GPAM
MISSIAGLIA_REGULATED_BY_METHYLATION_UP	0.330974842767296	0.803759866736473	-0.31569970268178	-1.05687220248715	2104	113	PLAT|S100P|MELTF|TAP1|CCS|COL1A1|GRN|RRBP1|SLC6A8|SERPINE1|TIMP1|RBM38|IL1B|MMP15|PSAP|ISG15|ATOX1|MXD4|SP110|SDC4|IL23A|CTSL|PISD|H2BC12|P4HA2|MFGE8|IFNGR1|SPINT1|NEU1|DUSP5|TMEM184B|PSEN1|MAGEC1|LY6E|TNFAIP2|CDKN1A
PID_RAS_PATHWAY	0.330705009276438	0.803759866736473	0.386783846392721	1.07592892797515	1425	29	PLCE1|CAMK2B|LGALS3|SYNGAP1|RASGRP4
WP_PREIMPLANTATION_EMBRYO	0.330987124463519	0.803759866736473	-0.37163319128985	-1.07086024408482	1927	44	ZFP42|FOXD1|IRX5|CELF3|SOX11|ZAR1|MACROH2A2
DORN_ADENOVIRUS_INFECTION_32HR_DN	0.331298426860765	0.804055514707051	0.3690269350683	1.06888883834293	1410	35	CD83|EGR3|BCAR3|CCN1|SDCBP|SERPINB5|ELL2|NFE2L2|SRSF1|RAB1A|FUBP3|FUBP1|MCL1
REACTOME_NOD1_2_SIGNALING_PATHWAY	0.331408573928259	0.804128417957907	-0.39274803894982	-1.07855068700451	1893	34	MAPK13|CYLD|MAPK11|MAPK12|UBA52|UBB|IKBKG|TAB1
GSE9601_UNTREATED_VS_PI3K_INHIBITOR_TREATED_HCMV_INF_MONOCYTE_DN	0.331668054399112	0.804550703903784	0.287795401218852	1.04219054527511	1194	130	PLAAT1|C3orf52|KCNRG|CFL2|SLC49A4|INSIG2|TCF7|NCOA3|BBS2|ABCD3|PLAA|MRPL39|PRKRA|TRIM13|MRPL50|DRAM2|SCP2|PJA2|USP33|FASTKD3|PKP2|OSGIN2|CPSF2|KCTD6|SYP|ZMYM5|TRDMT1|BRAF|ELOVL6|PGAP3|ABRAXAS1|DCUN1D1|ERCC5|ARL6IP6|LIX1L|AP4E1|MORF4L1|RAB31|SEPTIN8|DCAF12|TM2D1|PABPC1|LETM2|HLCS|SLC35B1|ASAP1|MT-ND2
REACTOME_RHOA_GTPASE_CYCLE	0.33174291327533	0.804550703903784	0.284318612413437	1.03989905351544	1181	140	VAV2|ARHGAP11B|PREX2|ARHGAP28|ARHGAP23|DEPDC1B|PLD1|KALRN|ANLN|DLC1|ERBIN|ARHGAP42|ARHGAP11A|ABCD3|FMNL3|FAM13A|ROCK2|TJP2|ECT2|SLK|PGRMC2|VAV1|ARHGAP8|ABR|ARHGEF25
GSE15930_NAIVE_VS_72H_IN_VITRO_STIM_TRICHOSTATINA_CD8_TCELL_UP	0.332133753186385	0.805109542256684	-0.297528472408101	-1.05012572899107	2214	177	KLC4|TBC1D1|WNT11|PYGM|TCN2|ADGRG3|ARSA|FGD3|TMEM115|MAPK8IP3|RAB33B|OSBPL5|LGALSL|MAP1LC3A|ZNF622|MX1|BCL6|THAP7|TSC1|TRAF2|PMPCA|ICAM2|DVL1|FBXW4|DIAPH1|NFE2L1|ZBTB20|SLC39A4|RETREG2|POLG|MYL6|PCSK7|RPS27|RPL37A|YJU2|AKAP7|KLHL21|C19orf48P|IRF9|HCFC1R1|ANKIB1|ERCC2|PKD1
REACTOME_RETROGRADE_TRANSPORT_AT_THE_TRANS_GOLGI_NETWORK	0.332123850991776	0.805109542256684	0.342585474409675	1.05789606664202	1372	48	SCOC|NAA30|GCC1|VPS54|USP6NL|COG6|RAB6A|RIC1|ARL1|GCC2|TMF1|GOLGA4
BIOCARTA_41BB_PATHWAY	0.332371225577265	0.805122376668153	0.452858152895586	1.08466600305114	1496	16	MAP3K1|MAPK8|ATF2|CHUK|MAPK14|TNFSF9|MAP3K5|MAP4K5
GSE339_CD4POS_VS_CD4CD8DN_DC_UP	0.332234377341526	0.805122376668153	-0.296421652126302	-1.04830736860984	2216	180	ASCL2|GNAS-AS1|MC1R|SHF|PTPRB|RAB34|SYNGR1|SLC29A1|PRPF31|RCN3|PHPT1|SMTN|HFE|LAGE3|TOM1|MICOS13|OS9|ACTN2|ESR1|G6PD|NAA60|GBP2|MXD4|AGRN|SPN|PDRG1|CDCP1|PCSK7|PHETA1|TNIP1|NUDT1|RAD50|WNT5B|PNPO|SPINT1|DPCD|PTPN23|LPCAT1|CD81|GAS6|ACP2
REACTOME_CYTOSOLIC_SENSORS_OF_PATHOGEN_ASSOCIATED_DNA	0.332379670144732	0.805122376668153	-0.348617458388677	-1.06541223830762	1974	62	POLR2L|IRF7|POLR2F|DDX41|IFI16|UBA52|IRF3|UBB|IKBKG|POLR2E|STING1|POLR1C|POLR3K
MURAKAMI_UV_RESPONSE_6HR_DN	0.332508992805755	0.805241319610174	0.432414052004974	1.08451677079289	1478	19	ITGB7|EGR1
MIKKELSEN_IPS_ICP_WITH_H3K4ME3_AND_H327ME3	0.33285140562249	0.805876123887736	-0.328645993738575	-1.05861111564076	2071	85	REM2|CIITA|LAMA4|PHYHIP|ITIH5|TNFRSF8|OSBPL5|GRM3|CIMIP2B|TRIM46|TGM1|EXTL1|TGFB3|MST1R|LOXL3
GSE13547_CTRL_VS_ANTI_IGM_STIM_BCELL_12H_UP	0.333033303330333	0.806094894248005	0.274938403333368	1.03409438458164	1109	177	TTK|TSPAN32|RBM44|SGO2|TOP2A|PBK|KIF11|PRIM1|PPP6C|CCNA2|KNL1|ARHGAP11A|CKAP2|DNA2|SMC2|GINS1|ECT2|NCAPG|NDC80|NEIL3|NCALD|MAD2L1|EIF5A2|EIF3C|CPOX|TIPIN|TUBE1|CDK1|RRM2|BUB1|KIF15|RRM1|MIS18BP1|STMN1|LRRC58|RACGAP1|KIF14|CDKN3|PRR11|NDE1|BRIP1|PPP2R1B|ESCO2|ATAD5|SHCBP1|LMNB1|CENPE|LRR1|CENPS|RFC3|CDC25C|GGT1|CCNB2|BUB1B|RNASEH2B|RAD51AP1|VIM|CORO2A|DEPDC1|GNAI2|KDM4A|DLGAP5|WDHD1|KIF23|USP4|NCAPH|NCAPD2|HMGB2|TCF19|ASPM|BRCA1|HNRNPA3
REACTOME_FANCONI_ANEMIA_PATHWAY	0.333102373116231	0.806094894248005	-0.379471341386541	-1.07041185709292	1922	39	FAAP20|FAAP100|CENPX|UBA52|UBB|EME2|FANCA|SLX4|FANCG|FANCE|ATRIP|FAAP24
GSE22611_UNSTIM_VS_6H_MDP_STIM_MUTANT_NOD2_TRANSDUCED_HEK293T_CELL_DN	0.333333333333333	0.806283591607771	0.277483610436231	1.03491871863478	1132	166	ST8SIA4|AKTIP|MTMR6|ZNF350|KCTD12|GNAT2|SLC22A4|ARHGAP28|RAB3A|CORO1A|KIF18A|TBC1D2B|ABHD3|MEF2C|KIF3C|CT55|BLTP1|DAPK2|LRIG2|MAPK1|INKA2|SLC26A4|ADRA2C|MAMLD1|ALDH9A1|USP33|SOS2|PLS1|NUP205|SLC25A14|CNOT2|TOPORS|B3GNT2|NKX3-2
GSE40274_CTRL_VS_IRF4_TRANSDUCED_ACTIVATED_CD4_TCELL_UP	0.333487582909147	0.806283591607771	-0.305561222844696	-1.05311750903247	2161	145	ANPEP|COL14A1|CTBP2|CCPG1|ABCB4|PYCARD|FNDC11|PDLIM2|MTG1|TFPT|LYPLA2|OSBPL5|SGIP1|IFIT2|CD48|CCND1|NDUFS7|NME3|MET|SCARB1|TBC1D8|PSAP|TACO1|CTSD|WDR18|PHF11|GFUS|MLEC|DUSP7|ELOVL1|MRPL57|TAPBP
LI_PBMC_MENOMUNE_A_C_Y_W_135_AGE_18_45YO_3DY_UP	0.333408273381295	0.806283591607771	0.431810403728721	1.08300278974575	1482	19	CXCL8|IMPG2|CARD9|C2|PTX3
REACTOME_RHOG_GTPASE_CYCLE	0.333501640999748	0.806283591607771	0.317457659956448	1.05179262382565	1320	72	VAV2|ARHGEF16|LEMD3|DEPDC1B|PLD1|KALRN|ERBIN|ITSN1|PGRMC2|VAV1|DSG2|VRK2|ARHGDIG|NDUFA5|ARHGAP5|VAMP3|PREX1|EMD|TFRC|VAPB|DOCK2|LMAN1
GSE22886_DC_VS_MONOCYTE_UP	0.333583096058744	0.806286327531345	-0.296090036936956	-1.04713459784886	2225	180	DIPK1A|MGAT4A|RASGRP3|ACE|CD84|ECM1|TRPV2|P2RY11|RNF170|SERF2|MICALL2|DNPH1|DAGLA|COLEC12|COL6A1|LONP1|SLC6A8|HSPB1|SPINT2|MFSD12|CALR|ID3|RAMP1|POLD1|FILIP1L|TRIP6|NDUFA1|POLR3K|SLC37A4|NENF|RAP1GAP|MAP1S|EVL|HMG20B|DCTPP1|LMNA|SPINT1|TAX1BP3|CD81|AARS1|DNMT1|GAS6|DOLK|EPB41L2|ADCY3|PCBD1|EBP|ILVBL|ZCCHC2|PFKP|DHCR24|SLC48A1|APMAP|ISYNA1|ABHD6|NT5DC2|MAOA|ANXA11|MCM6|AIFM1|SLC16A1
GSE17721_CTRL_VS_GARDIQUIMOD_0.5H_BMDC_DN	0.333932046100883	0.806935454684801	-0.296034433312268	-1.04887383581117	2230	183	CATSPERZ|MEIS3|FOXD1|ELAPOR1|ATP2A1|DHH|PHYHD1|SLC12A9|RABAC1|RUFY1|UBL7|MIGA2|NAA38|ZC3H12C|IER3|TMEM38A|KCNAB2|MAPK7|MAP3K12|FAM76A|GPR146|VPS72|CSNK1D|STOML2|STK11|ABCD1|ACAA1|RBX1|LAMTOR5|CDCA3|SHOC2|MRPL2|PRELID1|PRICKLE3|SH3BP5L|NDUFB11|DNLZ|MRPL4|GPR3|ACADSB|FANCE|TMA7|F12|CDKN1A|LARP1|PFKP|LINGO1|ATOSB|BLOC1S4|CDK5|ZNHIT2|DNAJB12|RFXAP|PPDPF|PPP2R2D|SDHAF1|HEXIM1|SPTAN1|B2M|GET4|SF3B4|LIMD1|PMVK|NDUFS2|LETM1|PTDSS1|TNPO2|B3GNTL1
GOTZMANN_EPITHELIAL_TO_MESENCHYMAL_TRANSITION_DN	0.334235860409146	0.807286853439829	0.273916009719895	1.03401767400943	1110	182	GPD1|ITGB4|LGALS3|PTHLH|RNF2|AMD1|CNIH1|PSMC1|CAPZA2|TOP2A|EGR1|PPP1CB|FOXA2|MTHFD2|ABCD3|GDI2|ARF4|MXI1|YWHAQ|TOB1|FNTA|EPS15|TCEA3|H3-3A|SCP2|OSTF1|SERPINE2|CALM2|ATP5F1B|YWHAZ|VDAC1|ROCK1|COPS5|CASP3|ABCB1|SEC23A|ATF2|MYC|PFN1|CLNS1A|CLCN3|CTNNB1|MAPK14|WT1|SRSF1|ATP6V1A|YWHAH|SLC35A1|PSMC5|FDFT1|IL1R1|AHCY|ANXA7|PTPRR|SOS1|CD82|TCEA1|PDCD2|ACADM|STOM|HCCS|POLR2C|SNAP23|PIGF|NHERF1|SEC22B
GSE25123_CTRL_VS_IL4_AND_ROSIGLITAZONE_STIM_PPARG_KO_MACROPHAGE_DN	0.334238310708899	0.807286853439829	-0.298449844321188	-1.05031230799696	2215	174	PAK1|IL11RA|MGAT4A|ENC1|GTF2I|AMZ1|HLA-DOB|THEM6|FGFBP3|TRIO|DYRK2|TULP3|RP1|CASQ2|DENND11|LBP|PLEKHA1|TOM1|PIK3IP1|CA12|ACP3|GUCA1B|SLC16A5|MIB2|MACROD1|USP36|TRMT1|ZC3H3|TREML2|ZBTB20|AFDN|ARHGAP39|REXO1|NCKAP5L|DPH7|TTC28
GSE2770_UNTREATED_VS_TGFB_AND_IL4_TREATED_ACT_CD4_TCELL_4H_DN	0.33433242506812	0.807319914080776	0.294415530727277	1.04328184986773	1226	112	ARMCX1|CCDC33|AKAP5|ABTB1|CDS1|CAMSAP2|ATG2B|CRYZ|ARF4|BBS1|COIL|GPRASP3|CREB3L3|CYTH4|CAPRIN1|ALG10B|CARD6|DBF4|ACBD4|ACLY|CYBB|ATF2|DERL1|BRAF|CEP152|CEP57|CETN2|ADORA2B|ATP6V1A|ATP6V0E1|CISD1|ANKRD33B|BZW1|DLG5|BTBD2|BAG5|DST
TERAO_AOX4_TARGETS_SKIN_UP	0.334448160535117	0.807405155231242	-0.408596490010044	-1.07912572251177	1899	28	EFNB1|H2AC8|SFN|FGD1|RPS18|SMG6|TRPC4AP
WINZEN_DEGRADED_VIA_KHSRP	0.334557858829704	0.80747578430694	0.311930959032364	1.04963552489611	1274	81	TSLP|STK38L|CXCL8|CCN1|PTHLH|SERPINI1|TRIM6|CCDC68|NR4A2|SPRY2|GPR183|IFIT1|SERPINE2|SLC4A4|CXCL11|HBEGF|B3GNT2|CAV2|SMPDL3A|TMC7|PAPPA|ANKRA2|ZFAND6
WOOD_EBV_EBNA1_TARGETS_UP	0.334762585358107	0.807775680727086	-0.319655685081749	-1.05673003868884	2107	104	C3|SPON2|SLC29A1|HYOU1|SERPINH1|ZNF580|ICAM1|PRKCSH|LGALS3BP|SLC29A2|P2RX5|DGCR2|FHL1|SCARB1|AKR1C2|EMP2|IGF2R|CTSD|FGFR3|TYRO3|EPHX1|ITGAV|UGDH|FASN|ID2|HOXC10|SF3A2|HOXC6|HSPA1A|CHERP
KOBAYASHI_EGFR_SIGNALING_6HR_DN	0.334849036013096	0.807790104181556	-0.471916710356601	-1.09509068621858	1840	16	IER3|CCND1|DUSP4|G0S2|DUSP5|VEGFA|JUN
GSE17974_IL4_AND_ANTI_IL12_VS_UNTREATED_1H_ACT_CD4_TCELL_DN	0.334940883634101	0.807817537222274	-0.306753806946469	-1.05145004011945	2152	139	RAP1GAP2|ZFP42|NPW|IL6-AS1|ZNF554|HSPB3|CHST12|GPR68|EREG|COL1A1|TCL1A|SRCIN1|USP30-AS1|MST1R|ZNF229|TEKT4P2|EFNA1|GRIK5|EGFL6|RAB15|SDR42E1|CHRM4|CAMK1|ID3|DUSP4|KCNN4|SLC25A21-AS1|PDGFA
BYSTROEM_CORRELATED_WITH_IL5_DN	0.335054080629302	0.807896435588982	0.332017272167271	1.05044200963185	1362	56	CD44|RNF2|KPNA3|PLD1|RNF13|CLK4|AP1G1|SNX2|ADAM10|CYBB|CAND1|PAPOLA|MAPK9|SRSF1|PTPRJ|WRN|TRAM1|RAB10|PKNOX1|NR3C1|SF3B1|PIM1|FOXM1|ZNF22|SSR3
GSE12845_IGD_NEG_BLOOD_VS_PRE_GC_TONSIL_BCELL_DN	0.335239241649112	0.808119274323354	0.273580736431796	1.03490023347813	1113	184	KDM4D|LBHD1|LPXN|RAD54B|PKD2|ERI2|RARS1|HS2ST1|CGGBP1|CCNB1|SMC2|METAP2|GINS1|TJP2|SC5D|POLA1|OLA1|NDC80|SIAH2|SKIL|MTCH2|NEIL3|RAP2A|GPNMB|SERPINE2|HAUS5|INSIG1|SLC25A3|ZNF160|SPDL1|HBEGF|CREG1|MYB|RRM1|CLTC|ALDH2|RACGAP1|TNPO1|SMPDL3A|SNTB2|MTF2|IPP|HNRNPA1|CEP170|PRR11|ZC3H15|STIL|NCBP1|PSMD14|XPNPEP1|POLR1B|FUCA1|FABP5|DSN1|AHCY|BUB1B|RAD51AP1|ACOT7|SNRPD1|ZFP36|SPARC|RASA2|CSE1L|UBP1|KIF23|KTN1
GSE37301_COMMON_LYMPHOID_PROGENITOR_VS_RAG2_KO_NK_CELL_DN	0.335444947209653	0.808119274323354	-0.297815365634551	-1.04849528435665	2223	175	POU2F2|CCR7|FAM171A1|DYSF|PLXNB2|LYPD3|CYLD|NALF1|L1CAM|MYO16|IFITM1|DIAPH2|RTN2|KLF7|CD48|CAPN11|KLK2|RIGI|IER3|COL6A3|PHLDB1|CA12|C5AR1|TPPP3|SLC22A18AS|TBCD|CCL24
HOWLIN_CITED1_TARGETS_2_DN	0.335468521229868	0.808119274323354	-0.479011591352146	-1.09391032929064	1832	15	SLC41A2|STC2|ZNF519|BID|CITED1|GALC|AMACR|PHGDH
KONG_E2F3_TARGETS	0.335369091874668	0.808119274323354	0.303351450854176	1.04617108660083	1262	94	DCK|CDC7|CENPQ|TOP2A|PBK|KIF11|PRIM1|CCNA2|CCNB1|DNA2|SMC2|NCAPG|MAPK8|NUSAP1|RBL1|TYMS|SPDL1|BUB1|MYB|FBXO45|RACGAP1|RBBP8|FAM111A|PSIP1|SHCBP1|IQGAP3|LMNB1|NCAPG2|PCLAF|NUP50|SKP2|HJURP|ERCC6L|BUB1B|RAD51AP1|DEPDC1|RPRD1B|DLGAP5|MELK|FEN1|NCAPH|NCAPD2|HMGB2
GREENBAUM_E2A_TARGETS_DN	0.335576573299382	0.808185614870248	-0.471221204324903	-1.0934767527409	1844	16	CYFIP2|GBP2|EVL|DESI1|SERINC3|EID1|XRCC6
KIM_GLIS2_TARGETS_UP	0.335745540222147	0.808398592648097	-0.347888388590971	-1.06318412303007	1994	62	COL18A1|C3|OSMR|COL14A1|PYCARD|PSMB9|COL1A1|IGFBP2|ICAM1|SERPINE1|DCN|IFITM3|ISG15|CDCA3|TSC22D1|BOK|COL1A2|SOCS3|S100A6|BBC3|IRF1|ADAM8
PETROVA_ENDOTHELIUM_LYMPHATIC_VS_BLOOD_UP	0.335980284775466	0.80876980781202	0.292733620228478	1.04027438377753	1226	115	TTK|CCNE2|HACD2|ARID5B|TOP2A|KALRN|KIF11|PAQR3|CCNA2|MEF2C|CCNB1|ADD3|GINS1|RMND5A|PDE8A|RELN|NDC80|SLC26A4|SOCS2|CDK1|PYGL|BUB1|DMTN|CDKN3|PCSK6|SMC4|RAB31|LMNB1|BTBD3|PCLAF|PNP|CCNB2|BUB1B
FINAK_BREAST_CANCER_SDPP_SIGNATURE	0.336465324384788	0.809743209344161	0.445652197437467	1.08550333615372	1503	17	PLAAT1|FRZB|SPP1|SLC40A1|LCP1|MIR99AHG
GSE1791_CTRL_VS_NEUROMEDINU_IN_T_CELL_LINE_12H_DN	0.336556169429098	0.809767696243836	-0.303259029103521	-1.05063847495621	2192	152	NHLH1|PLAT|AURKC|EXT1|MCF2L2|APOL1|PSMB9|HLA-DOB|BTN3A1|GSDMD|HYOU1|ARHGAP45|USP30-AS1|LOXL1-AS1|DUSP8|PTPN3|ARSL|IQCH|GMPPA|MMRN2|IL18BP|DDX39A|SMIM24|DYNC1H1|RBFOX2|CCDC157|PCYT2|MVD|RNF24|TMEM214|TXNDC11|TRIM56|SPRYD3|FAM219A|ZNFX1|DNPEP|RBCK1|DNAJC1|PLEKHO1|SPTA1|RNFT2
GSE17186_NAIVE_VS_CD21LOW_TRANSITIONAL_BCELL_CORD_BLOOD_DN	0.337051552607778	0.810376882653144	0.27300784775978	1.03574014530875	1117	188	AIM2|NOXRED1|TTK|GPR137B|ZNF367|PAOX|PUS10|TTC8|ST3GAL5|WDR5B|TEX15|EEPD1|CD80|ARHGAP42|CCNA2|TMEM35B|SYPL1|SH3BGRL|STAG3|SLC44A1|TJP2|TMEM123|MFAP3|STARD3NL|YWHAG|POGLUT2|GTF2A1|MAD2L1|ABHD1|GNG10|PRRC1|TYMS|TGFBR1|RBPJ|MTMR4|PTP4A2|FAR1|ABCB1|SMIM3|QKI|NOD1|GOLGA7|RAB14|PLSCR1|S100PBP|RAB31|ATAD5|IQGAP3
GSE4748_CTRL_VS_LPS_STIM_DC_3H_UP	0.33704572098476	0.810376882653144	0.275875136780706	1.0330301403963	1149	170	ELK3|FBN1|PDK1|NMD3|CCN1|ANGPTL4|LRBA|CGGBP1|AMMECR1|AKAP12|TWF1|IFIT3|SLC38A2|FEM1B|CCNC|RAP2A|SNX4|TRIM2|IL1RL1|DKK3|RHOJ|EGR2|CAB39|MORF4L2|HBEGF|UBQLN2|RESF1|ZNF292|PYGL|TARS1|MOB1B|SEC23A|RLF|CMAS|GPR153|LRRC58|HECTD1|SERTAD3|KCTD11|GTF2B
GSE9037_CTRL_VS_LPS_4H_STIM_IRAK4_KO_BMDM_UP	0.336927223719677	0.810376882653144	-0.295768732549054	-1.0473100434338	2249	182	NDST2|IL11RA|MELTF|KIF24|PYCARD|FAM234A|PWWP2B|NDUFB2|SYNE3|TNFRSF21|TECR|OST4|MRPL41|SGSH|SNX30|TPD52|LBP|NUDT16|TMEM86A|DCAF15|MFSD12|PTK2B|TBXAS1|SCARB1|INPPL1|CAMK1|LYL1|ITGB5|CST3|TMEM87B|LPIN2|TRAPPC1|SNX8|MLEC|SELENOS|C19orf47|CERS5|NAT14|SLC39A11|MED12|CNP|MMP17|PCNT|GIPC1|TTC12|CLN6|EMC1|NR2F6|BCL2L1|MR1|PINK1|PROSER2|PTTG1IP|BRF1|PLBD2|PLEKHO1|ARL15|STEAP3|SHARPIN|SLC8B1|CBX6|FURIN|PATZ1|SIPA1|DMAC2
WANG_BARRETTS_ESOPHAGUS_UP	0.337307758769656	0.810798678766717	-0.377371980181951	-1.06970700836545	1951	40	TCN2|S100P|ACADS|MUC5B|COL6A1|ST6GALNAC6|ATP2A3|PLEC|PCSK7
REACTOME_ELASTIC_FIBRE_FORMATION	0.3375520110957	0.81119154593695	-0.383235796669706	-1.07109312349421	1946	37	EMILIN1|TGFB3|LOXL3|LTBP3|LTBP4|ITGB5|ITGB1|ITGAV|ITGA5|LTBP1
GSE2770_IL12_AND_TGFB_ACT_VS_ACT_CD4_TCELL_48H_UP	0.337707390648567	0.811370700653499	-0.297978809755275	-1.04865463113271	2238	174	MAEL|S100P|PIEZO1|ZNF876P|KISS1R|PPFIBP2|ZBTB46|GSDMD|SYNGR2|PLOD1|PHPT1|ST7-OT4|PCED1B-AS1|APOL6|SPINT2|STAB1|RHOF|AKR1B1|COMMD1|SNRPB|TBXAS1|MS4A4A|SCARB1|DCXR|CCL26|SORBS3|ZC3H3|STOML2|ASAH2B|SDC4|GFUS|EPHX1|NISCH|MRPL2|ZNF569|ACADVL|MREG|RNASE1|GSTP1|BLTP2|INF2|SNAPC4|ECH1|OXA1L|SENP3|NEURL4|DCPS|CPT1A
HOUSTIS_ROS	0.337887545980032	0.811609281298769	-0.392259988000607	-1.07048472749479	1928	33	HPX|MT2A|SOD3|TXNRD2|SDC4
GSE1460_DP_THYMOCYTE_VS_THYMIC_STROMAL_CELL_DN	0.338230884557721	0.812024138105898	0.272094631594622	1.03385074712605	1127	189	EOGT|FOXO1|PREX2|BMAL2|SLC22A4|COPS2|MANSC1|DNAJC6|CAMSAP2|FGF13|ARID5B|LAMP2|NBN|MLF1|CTSK|DDR2|NHLRC2|ABCE1|IPO7|SACS|SMNDC1|CHPT1|PLGRKT|SLC19A2|FKBP10|TRIM2|MAMLD1|MYEF2|APOO|PCCA|KCNK1|MORF4L2|UBE2E1|XKR8|CREG1|PYGL|NARS1|FTO|EIF3J|BAG2|NEK1|HACD3|RIDA|ELOVL6|SNTB2|TMX1|ATP13A3|AIMP1|PARK7|CEP170|GGH|RTCA|ASAH1|SRPRB|MAGI1|TRIM16|HLA-F-AS1|TMA16|FUCA1|MTX2|GOLGA8A|ZZZ3|ATF3|EEF1E1
LI_PBMC_MENACTRA_AGE_18_45YO_ANTI_DT_ANTIBODY_CORRELATION_PROFILE_3DY_UP	0.338383838383838	0.812024138105898	-0.456640758964567	-1.09156025492084	1875	18	TYROBP|SFN|CFD|STAB1|C5AR1|TBC1D8
MA_MYELOID_DIFFERENTIATION_DN	0.338377867108063	0.812024138105898	0.357083308646452	1.06067295019116	1430	39	VAV2|GNA13|YES1|SMAD4|HNF4A|HBEGF|RBPJ|CITED2|MID1|ZFAND5
REACTOME_TRANSCRIPTIONAL_REGULATION_OF_PLURIPOTENT_STEM_CELLS	0.338255033557047	0.812024138105898	0.444901129339633	1.08367391192881	1511	17	LIN28A|SMAD4|SMAD2|GATA6|FOXP1
GSE12845_IGD_NEG_BLOOD_VS_NAIVE_TONSIL_BCELL_DN	0.338612368024133	0.812131779716493	-0.297915559028609	-1.04843203756139	2244	174	MTCL1|TBC1D1|SMPD1|MUTYH|MAPK8IP3|ARID5A|SH3BP2|ZNF692|LDOC1|TGFB3|CLCN7|PLEKHA1|PPM1F|SPG7|PGF|RHOT2|KCNAB2|TMEM109|CHD3|NLRP1|FBXO41|DUSP4|SUGP2|POLE|RBM23|FILIP1L|PDP1|NR4A1|AGPAT2|SLC66A2|LMBR1L|NCAPH2|MMP17|ZBTB43|ARHGEF1|CMTR1|POLR2A|R3HDM2|WDR74|ITPR3|DNMT3A|PRKRIP1|CDKN1A|ANKRD11|CSRNP2|ASTE1|DENND4B|CHP2|TACC1|KDM2A|ZNF611|IKZF5|RXRA|EIF4A3|MATK|PHF1|DDR1
GSE5542_UNTREATED_VS_IFNG_TREATED_EPITHELIAL_CELLS_24H_DN	0.338671411625148	0.812131779716493	0.274536784088371	1.03116709655846	1141	174	TCEAL1|ARMCX1|TSPAN32|RAD54B|CCNG1|TLE4|FGGY|ZNF550|TFB2M|SYPL1|PALS2|LMO7|TCEA3|MFSD4A|CFAP418|METTL21A|GPRASP3|TRABD2A|TXK|ATL1|CYTH4|BACH2|CHAC2|EIF4E|FAM229B|USP53|NFE2L2|POGLUT3|WDR36|ZNF300|IFI6|ZCCHC7|RAPGEF6|HBS1L|NARS1|ARRDC4|ZBTB9|MYC|NMNAT3|CLNS1A|TPST1|MRPL30|ABRAXAS1|CLUAP1|FANCF|MRPL3|QDPR|KIAA1586|AK3|MRTFA
WP_MITOCHONDRIAL_COMPLEX_I_ASSEMBLY_MODEL_OXPHOS_SYSTEM	0.33855746545332	0.812131779716493	-0.352578689283143	-1.06175290358412	2008	56	NDUFB2|NDUFB8|NDUFA3|NDUFA13|NDUFA2|NDUFAF3|NDUFA6|FOXRED1|NDUFB7|NDUFA1|NDUFB1|NDUFC2|NDUFC1|NDUFB11|NDUFA7|NDUFB6|DMAC1|NDUFA8|NDUFAB1|NDUFB4|DMAC2|NDUFB9|NDUFS2|MT-ND1|NDUFS3
GSE10325_LUPUS_BCELL_VS_LUPUS_MYELOID_DN	0.338830584707646	0.812319419463901	-0.295725543401168	-1.0447825071615	2259	179	GAA|HSPA6|ANPEP|TYROBP|TBC1D2|PLXNB2|CTBP2|LILRA2|QSOX1|APLP2|PLOD1|SLC7A7|CRISPLD2|CFD|APOBR|ACVR1B|PILRA|TNFRSF1A|STAB1|TIMP1|ARHGAP26|C5AR1|TBXAS1|SLC16A5|TBC1D8|PSAP|CTSA|CAMK1|TSPO|CTSD|CST3|NACC2|TSEN34|CEBPB|SMCO4|TNFRSF1B|GNS|BLVRB|MCOLN1
BOQUEST_STEM_CELL_CULTURED_VS_FRESH_UP	0.338962108731466	0.812388935685276	-0.274254561002694	-1.03530450484317	2468	368	TPM2|HSPA6|COL18A1|APOLD1|TSC22D3|FOXD1|CRLF1|AKAP13|COL14A1|ENG|ITGA4|N4BP2L1|SYNM|CYLD|CBS|CXCL1|GDF15|IFITM1|APOE|FXYD1|APOC1|AEBP1|CILP|ADAM22|MMP1|PPARG|ECM2|UCHL1|COLEC12|SPATA6|RND1|STC2|PIK3IP1|SERPINE1|MET|DCN|SEMA3G|ESR1|MX1|MEAK7|G6PD|NINJ2|TRIB3|GBP2|SLC16A3|LTBP4|SLC43A1|EMP2|FAXDC2|SLC7A11|ASNS|SLC7A1|SELENBP1|IGSF3|ACACB|SLC2A3|CPQ|NACC2|JUNB|ZBTB20|RHOB
GSE12366_GC_BCELL_VS_PLASMA_CELL_DN	0.339021443672606	0.812388935685276	-0.29764786230187	-1.0467458603033	2244	173	SHANK1|ENKD1|IRF7|SPON2|ATRN|CCPG1|CDNF|ACE|SELENOM|TMEM115|APOL1|CELF3|BTN3A1|TMED9|TSPYL2|MANEA|MAST1|TPBGL|LGALSL|ERO1B|ROBO3|HSPG2|LRPAP1|CRYM|SEZ6L2|YIF1A|DIRAS1|SLC1A5|ABHD12|LINC03011|ALG3|TAB1|ITFG2|GPAA1|ERN1|AP3D1|HOXB4|PTPN23|TMEM184B|SOCS3|AARS1|LINC01569|EDEM3|TMEM39A|VEGFA|SPTBN1|ANKRD11|MGAT1|RNF113A|CNPY2|STIMATE
GSE22935_UNSTIM_VS_48H_MBOVIS_BCG_STIM_MYD88_KO_MACROPHAGE_DN	0.339209074187615	0.812644555297203	-0.301226284654522	-1.04796590572269	2212	158	TREX2|ADAM19|YJEFN3|VASN|HAPLN2|ENG|CD84|CARD19|HDAC10|P2RX4|TNK2|TECR|DYNLRB1|LGALSL|JMJD8|RPAP1|KDF1|CLDN11|CCL24|MXD4|SEMA4C|NDUFA6|TRMT1|DGAT1|ATP5PF|NOS3|SIRT6|PYROXD1|PRELID1|DYNC2I1|PLXNA3|SIRT4|IRAG2|SUMF2
GSE17721_POLYIC_VS_GARDIQUIMOD_4H_BMDC_DN	0.340412802871672	0.814944840263736	-0.294842824394215	-1.04584677190436	2275	187	PCNX1|PCBP4|CYFIP2|LATS2|APBB2|FGD3|COX6A1|TPBG|TWIST1|SLC3A2|RGS17|GPC1|PILRA|RASGRP1|IRF3|ZMYND10|ZNF598|SERPINE1|TJAP1|NCSTN|ID3|ROM1|H2BC5|MED10|CAD|MAP3K11|MTFMT|SLC4A2|B4GALT7|LENG1|NOP10|RANBP3|TNFRSF1B|TRMT2A|PDF|CLCF1|ZNF764|RRP7A|RAB2A|EDRF1|ACYP1|NDUFB6|ARMCX3|FHIP2A|MAN2A1|CLCN5|EIF2B5
GSE20151_CTRL_VS_FUSOBACT_NUCLEATUM_NEUTROPHIL_UP	0.340331659820478	0.814944840263736	-0.299246698624286	-1.04563090969799	2236	163	EPM2A|IRF7|KHDRBS3|FAM120C|MYL11|TRIO|DENND1C|TCL6|DSC3|FGF17|NPHS1|SLC6A8|HMGCL|ECE1|KLHL4|PHKG1|SPATA1|FBXO41|CCDC57|ZC3H12A|BCAT2|BIN3|MAP3K11|MBD3|SLC39A4|PAQR4|SZT2|EPHX1|SFSWAP|MOCS3|PTCD2|GRB7|TSSC4|SMIM14|CAMKK2|APEX2|RRP7A|LY6E|SRF|TXN2|PCBD1|ARAP1|SETD5|AKR1A1|FHOD1|ATP1A1|ZNF335|SMAD3|ZNHIT2|RRAS|USE1
MORI_IMMATURE_B_LYMPHOCYTE_DN	0.340380549682875	0.814944840263736	0.305338810378724	1.04649148744036	1287	91	TTK|DCK|DTL|TOP2A|PRIM1|MTHFD2|CCNA2|CDCA7|CCNB1|SMC2|NDC80|KPNA2|SMARCA5|NUSAP1|CDK1|RRM2|RRM1|RBBP4|STMN1|NEK2|CDKN3|HMGB1|PCNA|SMC4|CKAP5|IQGAP3|LMNB1|HJURP|CCNB2
GSE13493_DP_VS_CD8POS_THYMOCYTE_UP	0.340642835686392	0.81497574530835	0.27356742193403	1.03124249935153	1133	180	SETD7|NKIRAS1|SERINC5|ARMCX1|ALG11|CEND1|PKD2|ETFRF1|GNAI3|P3H4|BBOF1|L3MBTL3|PIK3CA|MRTFB|RAB22A|RFX5|RBAK|WSB2|TCF12|MEX3B|DENND4C|PRKRA|PLGRKT|RP2|MED13|CNOT6|SLC2A13|TRIM24|ATP6V1D|NATD1|ERO1A|ZBTB34|PIP5K1B|ZDHHC17|RDH11|RBPJ|RABGAP1L|WWP2|KIDINS220|PEX5|ZCCHC9|FBXW11|MIER1|CHMP1B|UBE4B|LIX1L|LCORL|B3GALNT1|CDC42SE2|BTK
GSE17721_POLYIC_VS_GARDIQUIMOD_12H_BMDC_UP	0.340562719812427	0.81497574530835	0.275690028727942	1.03233699276449	1161	170	NLGN2|PTGDR2|LPXN|BCAR3|CLDN23|MX2|NTS|TNFSF4|KAT2B|TMEM51|ANKRD27|NUDT13|PTGS1|PTPN2|RCHY1|C3orf62|PNPT1|RAB22A|RFX5|SEH1L|UTRN|PLEKHF2|EPB41L5|RNF115|ATP1B3|SLAMF7|CD274|LRRC8C|USP47|ASB3|NSUN4|SPDL1|ACSL1|BFAR|ADNP|RBBP8|AP3B1|SLU7|ARL4A|ING2|USP12|TLE2|WEE1|ADGRV1
GSE40273_EOS_KO_VS_WT_TREG_DN	0.3406692794694	0.81497574530835	0.272620788706004	1.03427171645628	1129	188	ELK3|VAV2|PITPNC1|GPR137B|EXO5|FOXO1|TGFBR2|USP25|REV3L|PDIK1L|CKS2|STARD9|S1PR2|CEP162|OTUD1|C8orf58|SLC25A40|CIBAR1|INVS|SH3BGRL2|LMO7|NUAK2|OTUB2|ATP8A1|BACH2|IFT57|STAU2|INPP5F|VRK2|POU4F1|METTL14|BMPR1A|BTBD8|PTK2|FH|ATE1|TASOR|FGD6|HMGN3|ZBTB9|ZBTB25|DCP2|TAMM41|DCUN1D1|BMP2K|PRXL2A|FYCO1|PTPRJ|ZNF148|HPF1|ATXN7L1|CORO1C
GSE17721_LPS_VS_CPG_1H_BMDC_UP	0.340800477897252	0.815036995664016	0.270269317754039	1.02996515905969	1140	192	NKIRAS1|TM6SF1|IL12RB2|PDCL2|SELENOT|CCN1|CENPQ|SOCS6|PTER|CNIH1|JKAMP|RSL24D1|NAAA|RNF138|MOSPD2|RAB23|PALS2|METAP2|PROS1|PROKR1|TRIB1|QNG1|VAPA|NFYB|MRPS31|PGM2|KCNK1|CCNH|THOC1|EIF5B|DHX15|SUGT1|CEP152|GTF3A|NR5A2|BRWD3|GOLGA7|OGFOD2|OPN3|ABCB7|ARCN1|ADGRV1|GARS1|LTV1|CHCHD3|ALDH1B1|RUSF1|MYCBP2|TRAM1|VTA1|MMACHC|MED8|PAICS|DIMT1|NDC1|TMEM33|BTG3|ZFP1|ABHD18|WDR43|CSE1L|AFG1L|FKBP4|PDCD2|TANGO2|EVI5
WP_ANGIOGENESIS	0.340857273141815	0.815036995664016	0.408499162842554	1.07208329942578	1494	23	SRC|HIF1A|PDGFB|PIK3CA|MAPK1|ANGPT1|PTK2|MAPK14
HENDRICKS_SMARCA4_TARGETS_DN	0.340960698689956	0.815090138949698	-0.397383476411288	-1.07228689508917	1951	31	EFNB1|NPFFR2|HCST|PLEKHG2|ID3|ASNS|HPGD
GSE24574_BCL6_HIGH_VS_LOW_TFH_CD4_TCELL_UP	0.341269841269841	0.815440768071094	-0.295212656529281	-1.04534099148094	2278	182	TPM2|CCR7|MATR3|PYGM|IL11RA|ENC1|RPLP2|IFITM1|BTN3A1|UBA7|SUN2|ARHGAP45|CD48|DSC3|LGALS3BP|PIK3IP1|DUSP8|RBM38|LRPAP1|MAGED2|EPHB6|MAD1L1|IKBKG|SORBS3|PPP6R2|THBD|DGKA|JUNB|CLSTN1|GYPB|PER1|RPL10|EXTL3|FASN|ZBTB1|GIPC1|MFGE8|BID|RPS12|LPAR2|UBXN1|MOAP1|KDELR3|CENPB|VAMP2|SERPINF1|PLCD1|SEPTIN9|JOSD1
WP_EICOSANOID_METABOLISM_VIA_CYCLOOXYGENASES_COX	0.341243137949354	0.815440768071094	-0.420916340518349	-1.0735056634128	1926	24	PLA2G6|CYP4F2|PPARG|PTGIR|AKR1B1|TBXAS1|HPGD|PPARD|ACAA1
GSE17721_CTRL_VS_CPG_0.5H_BMDC_DN	0.341661557326793	0.816182463694991	-0.300806961208883	-1.04650707992664	2228	158	SYTL1|HLX|CDC26|CIITA|FOXD3|SPSB2|CHST12|OTUB1|RPP21|NRDE2|ICAM5|SDF2L1|SCAND1|OCEL1|CNBD2|RECQL4|TINAGL1|FBXL15|FGD1|ACP3|ZFYVE19|YJU2B|TRMT1|DGKA|PGP|SYT10|UNC45A|NDUFC1|ID2|ZNF428|TNIP1|FKBP2|TRAF3IP2|GNL1|MRPL4|ACADSB|CDKN1A|DNAJC1|CDC20|MRPS26|CUEDC2|SLC48A1|HLA-E|RHPN2|DHDDS
KEGG_P53_SIGNALING_PATHWAY	0.341873901029892	0.816495412452547	0.321078358657896	1.04767207182318	1360	66	CCNG2|SESN3|CCNE2|CCNG1|RRM2B|SIAH1|RCHY1|CCNB1|COP1|PERP|SERPINB5|CDK1|RRM2|CASP3|ZMAT3|CDK2|PTEN|ATR
GSE40441_NRP1_POS_INDUCED_TREG_VS_NRP1_NEG_NATURAL_TREG_UP	0.342082239720035	0.816798649455212	0.277062790534289	1.03183492893794	1172	163	ST8SIA4|BATF|SLAMF6|MYO3B|CAMK2B|ARHGEF16|FGD4|CCNG1|RNF43|TMEM209|TMEM143|PDGFB|TAF9B|SH3BGRL|TJP2|DENND4C|UBASH3A|ASS1|P2RX7|IL6R|PSCA|SYT11|INPP4B|CYTH4|RNF144A|LIPH|SQOR|SOAT1|PPFIBP1|S100A10|FGD6|CYP4V2|ARRDC4|TMEM243|CREB1|DOC2A|FAM111A|PARP16|IDE|BZW2
GSE15930_NAIVE_VS_48H_IN_VITRO_STIM_IL12_CD8_TCELL_UP	0.342185128983308	0.816850017772758	-0.297865846085117	-1.04440008053581	2254	170	KLC4|TCN2|CD14|LYST|MAPK8IP3|QSOX1|FLT3LG|RGS3|RAB33B|OSBPL5|ING4|NTRK3|MAP1LC3A|SPATA6|ATP9A|SLC27A1|NRTN|FRMD8|GNA11|PSAP|SLC7A11|IL16|DVL1|FBXW4|SLC4A2|DIAPH1|ARID3B|ZBTB20|SLC39A4|ABCD1|PHC1|RETREG2|PHRF1|GRINA|RPS27|MFGE8|AP1B1|KLHL21|ADGRL1|IRF9|METTL17|ERCC2|LTBP1|RFXANK|P3H3|ABCA2|KIAA0319L|ALAS2|HIPK2
BIOCARTA_AKT_PATHWAY	0.342986425339367	0.817095061778905	0.422664125833746	1.07181939938676	1515	20	FOXO1|PIK3CA|PIK3CG|CHUK|PPP2CA|YWHAH|HSP90AA1
FIGUEROA_AML_METHYLATION_CLUSTER_5_DN	0.343116701607268	0.817095061778905	0.371928318375923	1.06368729051082	1472	33	AIM2|CD3G|ARID5B|TMEM37
GOLDRATH_EFF_VS_MEMORY_CD8_TCELL_DN	0.34259954921112	0.817095061778905	-0.293844048385569	-1.04404616225756	2279	191	CCR7|ADGRG3|DBNDD2|GTF2I|RTKN|DIAPH2|RABAC1|RTTN|ZNF692|DBP|ADAM22|NSG2|PLEKHA1|CCNL2|BRD3|C12orf57|PHLDB1|CA12|ACP6|SLC12A7|RPP14|RPS18|TRMT1|SHISA5|RPS16|DGKA|XPC|NACC2|WDR13|ZBTB20|PDRG1|TSEN34|PAQR7|RPLP1|PISD|C6orf136|VKORC1|PPOX|RPS23|TMED4|LYSMD1|EVL|TNIP1|TK2|LAMP1|IL6ST|TMC6|MAN2C1|TRAF3IP2|NDUFA7|SUPT6H|CIPC|SEMA4B|DDX51|ITPR2|ABCA2|FAM8A1|JUN|GSTK1|TAF1C|TRAF5|CHCHD7|ENTREP3|PRKACB|B3GALT6
GSE11961_MARGINAL_ZONE_BCELL_VS_MEMORY_BCELL_DAY7_UP	0.343037214885954	0.817095061778905	0.273574948929053	1.03039087658702	1142	179	FCHSD1|GABRG1|IFIH1|HERC3|C11orf65|NABP1|ATG2B|CALB1|SCAF8|RTN4|LRPPRC|ZNF664|CMPK2|TRIB1|AGK|FGFR1OP2|RSAD2|F5|KIT|TRIM24|DYRK1A|SERTAD1|ROCK1|CEP44|CAP1|ZNF451|ERC1|WDR11|ATG9B|VRK1|ABI1|HCN2|MINPP1|PFN1|HECTD1|ATP13A3|PDIA3|PTPRA|ARFGEF1|MPHOSPH6|EIF2AK2|VIM|SMURF1|TAF3|PARVB|FBXL17|PSMA3|ANAPC4|SRSF10|AFG1L|USP4|DCUN1D5|COQ2
GSE15930_STIM_VS_STIM_AND_TRICHOSTATINA_48H_CD8_T_CELL_UP	0.343834383438344	0.817095061778905	0.274076857740977	1.03085395163975	1145	177	MYO1F|BATF|PRNP|LGALS3|BTBD1|NEDD4|FAM107B|IL18R1|FGGY|XPR1|PJA1|LDHA|NDFIP2|PLEKHA5|OAT|SLK|RRAD|IL1RL1|NKAIN1|LHX9|SERPINB5|JAK3|KIT|ANKRD28|SKAP2|SQOR|ACSL1|PLPBP|CRABP2|RBPJ|ACLY|ZMAT3|S100A10|COX7B|CMAS|THPO|STX7|GPI|YIPF4|CNDP2|S100PBP|TAX1BP1|GABARAPL1|DSTN|IL1R1|S100A4|SPOP|AHCY|CAST|CDS2|ERCC4
GSE40274_HELIOS_VS_FOXP3_AND_HELIOS_TRANSDUCED_ACTIVATED_CD4_TCELL_UP	0.343203230148048	0.817095061778905	-0.294797851212779	-1.04535071047259	2294	185	STX11|BCAS1|TRAPPC6A|SYTL1|C1QTNF12|DYNC2H1|FAM234A|KRTCAP3|TMEM175|CCS|SYNGR2|HOOK2|RTN4R|ITIH5|ADAMTSL4|CHCHD10|CYTH3|ALDH16A1|IFI27L2|SHFL|TEX48|C3orf80|USF3|CSRP2|ANKRD23|RNH1|SPTB|IGF2R|STON1|ENO3|RILPL2|PLEC|PPP1R3F|SNX11|IL15RA|TNIP1|RCN1|IRAG2|FBXO31|IRF9|AP1M1|TMEM184B|NINJ1|NT5DC3|ITGAE|ASL|WDR59|LACTB|ARHGEF3|TXNRD3|PIH1D1|CHRNB1|SLC4A7|TOM1L2|MYO1C|USP11|MGAT5|SLC12A2
GSE46606_IRF4_KO_VS_WT_UNSTIM_BCELL_UP	0.343486127864897	0.817095061778905	0.272806103503851	1.03388151252202	1138	187	TCEAL1|ARID2|TBC1D32|NCOA2|MBLAC2|CAMSAP2|SLC38A9|LRRC27|PDE3B|KIF18A|VPS54|ZNF608|MEF2A|USP2|AFF4|PAIP2|RMDN1|KIF11|DCLRE1C|MSH2|PNPLA7|CBX7|GAS2L3|GINS1|FNIP2|CLK1|ECT2|CBX3|ZNF12|HSD17B11|GPR183|BEX3|BMF|ALDH9A1|MED17|ZNF250|TGFBR1|CARD6|MED7|VIPAS39|WDR11|RPS3A|DDX3X|RPL6|TRIM32|ZBTB25|MON2
GSE4984_LPS_VS_VEHICLE_CTRL_TREATED_DC_UP	0.343311217404722	0.817095061778905	-0.303155952746296	-1.04698063411429	2224	148	POU2F2|FSTL3|RCAN3|AGBL3|PPFIBP2|FCSK|HBB|AMDHD2|MFSD13A|AEBP1|KRT73|SLC19A1|DNAJC22|RECQL5|SPG7|TBRG4|ARHGEF26|RRP12|GAL3ST4|IGF2R|USP19|DHRS3|WDR24|RANBP3|ARFIP1|LMLN|WRAP73|GDPGP1|THOP1|SLC25A42|RRP1|TMEM259|PTGR2|BAIAP2|CHMP7|SPTBN1|EPB41L2
GSE8621_LPS_STIM_VS_LPS_PRIMED_AND_LPS_STIM_MACROPHAGE_DN	0.34363047955281	0.817095061778905	0.274189996129929	1.02884028882526	1167	172	MYO1F|CD44|PIGA|TBX3|GNA13|KCTD12|POC1B|CDS1|MBNL2|ABHD17B|UBLCP1|LRBA|MAP3K1|BPNT2|VSIR|B3GNT5|SGPL1|WASHC4|NAA15|WDR26|DOCK10|SH2D5|ACSL4|LITAF|FOXP1|UBE2V2|LIN9|SAMSN1|WIPF1|METTL14|LCP1|EIF2S1|PDE7A|ARMC1|GBE1|MAK16|AIMP1|LPCAT2|FAM111A|NMI|LRRC40|CHORDC1|RNF168|ADH5|B3GALNT1|TFRC|SRBD1|PFDN5|DIMT1|RFWD3|CCNB2|RPS6|SMG7|HEXB|TRPS1|PRMT5|CD82|EED|POLD3|KPNA4|SNRK|TCF19|EVI5|ASPM|TMEM43
GSE9239_CTRL_VS_TNF_INHIBITOR_TREATED_DC_DN	0.343534353435344	0.817095061778905	0.274112211891338	1.0309869251637	1144	177	DCK|RBM44|FOXO1|EPS8L3|SUMF1|DDIAS|CENPQ|CCNE2|CEP128|TTPAL|ERI2|BRMS1L|KIF18A|LONRF2|SCFD2|GEN1|SRP19|CIP2A|SACS|GINS1|FCRLA|CCP110|PPP2R5E|PLXND1|TRIM2|MMP11|PAX5|MYEF2|CKAP2L|CPSF2|TUBE1|TRAPPC2|ENDOD1|CLGN|MIS18BP1|TMEM243|ATP6V0E2|MASTL|GPD1L|PRR11|LRRC40|ARL6IP6|ASXL2
JIANG_MELANOMA_TRM2_CD8	0.342794158170295	0.817095061778905	0.289447736633437	1.03950665500667	1243	123	FOSB|PRNP|CD44|CD69|RGS2|CCL5|HLA-B|CCL4|CKS2|PHLDA1|GLUD1|NR4A2|HSPH1|CLK1|SDCBP|RBKS|XCL1|HLA-C|SERTAD1|SAMSN1|CCNH|REL|LCP1|ITM2A|NAMPT
KEGG_MEDICUS_REFERENCE_WNT_SIGNALING_MODULATION_WNT_INHIBITOR	0.342806394316163	0.817095061778905	0.449505453387327	1.0766357641081	1543	16	FRZB|WNT2B|TRABD2A|SFRP2
KYNG_DNA_DAMAGE_BY_4NQO_OR_UV	0.34251436296046	0.817095061778905	-0.353026278777011	-1.0595306637966	2026	55	TCEA2|MIR9-1HG|SEMA4D|TGFB3|ADAM11|BAP1|ITGB1|KIFC1|PCYT2|PAFAH1B3|IFNGR1|PRMT1|DUSP5|ATP6V0B
REACTOME_S_PHASE	0.343740965596993	0.817095061778905	0.27781078990499	1.03240602229941	1188	160	CCNE2|PSMC6|PSMC1|PSMD5|RFC4|PRIM1|ORC4|CCNA2|PSMA1|PSMA4|DNA2|GINS1|PDS5A|POLA1|RBL2|ORC2|PSMD6|CDC27|PDS5B|LIN9|UBE2E1|CCNH|RFC5|SMC3|CDKN1B|CDK2|RFC1|PSMD10|SKP1|PSMA2|MYC|PSMA6|RBBP4|RB1|UBE2D1|PSMC2|RPA2|ORC3|PSME4|ANAPC10|LIN54|RAD21|PCNA|WEE1|PSMD14|PSMD11|ESCO2|PSMC5|RFC3|ESCO1|TFDP2|E2F5|SKP2|PSMA3|ANAPC4|POLD4|POLD3|WAPL|FEN1|GINS3|STAG2|MNAT1|RPA3
SCHERER_PBMC_APSV_WETVAX_AGE_18_40YO_5_TO_7DY_UP	0.343468873695574	0.817095061778905	-0.43092335656987	-1.07454627292557	1908	22	IRF7|LILRA2|APOL1|ZNF671|ATOX1|TNFRSF1B|IRF1|SPTLC2|FN1|LIMK2
STONER_ESOPHAGEAL_CARCINOGENESIS_UP	0.343363657569396	0.817095061778905	0.369484854574138	1.06222367942899	1471	34	PDCD10|TXNL1|TMED2|AP3S1|USP14|DDX5|PVR|BUB1|SEPTIN7|PSMA6|GOLGA7|USO1|RAB1A|PCLAF|CCDC115|RLIM|RRAGB|CRK
TONKS_TARGETS_OF_RUNX1_RUNX1T1_FUSION_GRANULOCYTE_UP	0.343833292948873	0.817095061778905	0.339663067788609	1.05225000740114	1418	49	MEIS1|ARID5B|TAF9B|MEF2C|MTSS1|NUDT11|TMEM176A|TMEM176B|CDK17|SOCS2|ANGPT1
WP_MICROGLIA_PATHOGEN_PHAGOCYTOSIS_PATHWAY	0.34383018427805	0.817095061778905	0.369372975496596	1.06190204079096	1473	34	VAV2|PTPN6|PIK3C2A|PIK3CA|VAV1|FCER1G|PIK3C3|PIK3CG|CYBB
WP_SUDDEN_INFANT_DEATH_SYNDROME_SIDS_SUSCEPTIBILITY_PATHWAYS	0.343177467869839	0.817095061778905	0.290349216370815	1.03790580818138	1254	119	NOS1AP|CXCL8|ESR2|HIF1A|EGR1|NFYA|MEF2C|PRKAR1A|YWHAQ|SP3|KCNJ8|YWHAG|IL6R|NKX3-1|TAC1|YWHAZ|CASP3|SP1|MYB|HSPD1|CREB1|CTNNB1|GPD1L|YWHAH|BHLHE40|REST|EP300|PKNOX1|ALDOA|SLC25A4|NR3C1|PRKAR1B|ACADM|YWHAB
LI_INDUCED_T_TO_NATURAL_KILLER_UP	0.344034090909091	0.817376143087681	-0.281270986344118	-1.03850836220337	2421	281	SULT2B1|TMEM238|FES|LAG3|TYROBP|STX11|ADGRG3|IFI30|BSCL2|B4GALNT4|MINDY1|CASTOR1|IFITM1|GDPD5|ANKH|GPR68|B3GNT8|SH3BP2|IFITM2|ECI1|CRYBG1|PDLIM7|NAPSA|IER3|GPC1|SLC52A3|APOBR|LGALS3BP|SDF2L1|COMT|RHOF|NFIL3|KLK8|MYO1G|SEC61B|PKP3|TIRAP|IFITM3|GBP2|TSPO|ROM1|DCXR|MED10|KCTD10|JUNB|SLC39A4|F2R|TMEM120A|SGK1|PDGFA|MFSD10|SELENOS|ELOVL1|SMCO4|MYL6|SUSD3|EPOP|ID2|SAMD9L|GSTP1|LMNA|NIBAN2|CAPG|SRGAP2|MED11|DUSP5|NRGN|CSTB|S100A6|ITGAE|PRR7|UPP1|SH3BGRL3|CDKN1A|LTB4R|FAM185A
AKL_HTLV1_INFECTION_DN	0.34445268099827	0.817388186077134	0.328720498295393	1.05168320514794	1393	59	STAP1|CPVL|CD3G|REV3L|PTPN2|LANCL1|MEF2C|UFL1|CCNC|CD96|VAPA|FAM3C|RIOX2|ANXA1|SERINC1
GSE22601_CD4_SINGLE_POSITIVE_VS_CD8_SINGLE_POSITIVE_THYMOCYTE_UP	0.344527736131934	0.817388186077134	0.271474947664465	1.03149619609938	1148	189	TRMT2B|PAOX|RNF11|RAD52|HERC3|ZBTB22|TTC8|STRADB|PTER|AMZ2|CPD|PHLDA1|LANCL1|NPM1|CIP2A|TMEM35B|PRIMPOL|PRKRA|KPNA2|NUP160|MPHOSPH9|NEIL3|PLRG1|CDC27|CD96|TRIM24|ATP5F1B|MED23|SPDL1|RTN3|GRK5|TDP2|MRPS35|TSN|PRELID3B|HSPD1|MAPRE2|S100A10|DARS2|SLC36A4|GTF3A|NEK2|FAM111A|PCNA|CDC5L|BRIP1|MBD4|EMD|AMFR|TRIM59|FDFT1|FABP5|MED9|SRPK1|AHCY|HJURP|C11orf54|PNP|SUMO3|ALDOA|NUDT9|IL18|SNRPD1|TPGS2|WDHD1|KIF23|MRPL45|FEN1|NCAPD2
GSE25123_WT_VS_PPARG_KO_MACROPHAGE_UP	0.344493392070485	0.817388186077134	0.274772087806069	1.03012413269114	1172	171	RHOV|PRKCH|UBTD2|RGS2|NT5C3A|PCBP1-AS1|ANKRD36|ERBIN|FNDC3B|PFKFB3|TAB2|FMNL3|NBR1|SNAPC1|PPP1R12A|ETV5|SKIL|PLXND1|HK2|PLPP3|RSAD2|SLAMF7|PTX3|BMF|RAP1B|SND1-IT1|INSIG1|IFT57|SAMSN1|LCP1|RESF1|IFI6|AFTPH|MAML2|ATP13A3|SCN1B|PIAS1|NSMAF|PTPRJ|SLC39A8|ANKRD33B|BTG1|IL1R1|SGTB|PNRC1|ATP6V1C1|TNFSF9|EIF2AK2
HASLINGER_B_CLL_WITH_17P13_DELETION	0.344358858178523	0.817388186077134	0.415262564776592	1.06732281680191	1519	21	RYR1|TBC1D2B|RRAS2|SCP2|VDAC1
RASHI_RESPONSE_TO_IONIZING_RADIATION_2	0.344182389937107	0.817388186077134	-0.313168547774543	-1.04942861500139	2188	114	NFKBIZ|CD14|TIMP3|CLDN7|ACTA2|TRDC|SNHG11|SLC7A7|ICAM1|CXADR|PKP3|TRIB3|CSRP2|RNPS1|NFE2L1|JUNB|B4GALNT1|HIVEP1|MAPKAPK2|NFKBIB|TNIP1|C19orf48P|TRAF3|IRF1|RELB|CDKN1A|PCGF2|HIPK2|RNF19A|GPCPD1|S100A13|TCF25|RELA
REACTOME_G_ALPHA_12_13_SIGNALLING_EVENTS	0.344221105527638	0.817388186077134	0.315673743659908	1.04374055380204	1369	71	VAV2|GNA13|ARHGEF16|FGD4|GNG12|GNB4|KALRN|ITSN1|ROCK2|ECT2|ADRA1D|VAV1|ABR|GNG10|SOS2|RHOA|ROCK1|ARHGEF12|NET1|TIAM2
GSE1925_CTRL_VS_IFNG_PRIMED_MACROPHAGE_24H_IFNG_STIM_UP	0.344652206432311	0.817490276032027	-0.294494172851218	-1.04247608757456	2303	181	COX6B2|NDST2|ZFP42|C1QTNF12|PPFIBP2|PSMB9|STK36|SH3BP2|EPS8|PDCD1|ITIH5|COX17|TNFRSF8|GRIA3|CRYBG1|IRS1|PTGIR|ICAM1|COMTD1|LGALS3BP|MRPS14|GBP2|ADPRM|SHISA5|RAB11FIP5|NR4A1|PRTN3|EPHX1|SNHG6|PER1|GNB5|YKT6|NDUFC1|PCNT|TAF1D|SSR4|UBFD1|RBM26|ANKIB1|S100A16|ATP5MG|TRAF3|DDX51|HOXB3|IRF1|RELB|DNAJC1|ALAS2|CD320
BIOCARTA_AMI_PATHWAY	0.345717423133236	0.817575650922637	-0.47409875281822	-1.08269096651233	1888	15	PLAT|F2R|AHSP
CAIRO_HEPATOBLASTOMA_DN	0.345262845262845	0.817575650922637	-0.291095325462492	-1.04139075223904	2324	202	OGDHL|HPX|CD14|RDH16|N4BP2L1|EXT1|CBS|ACADS|DHRS1|ECM1|CPEB3|LCAT|PEMT|FXYD1|EEIG1|VSIG4|C8G|SERPINE1|STAB1|NFIL3|ARHGEF26|NRG1|GNMT|ZC3H12A|DDT|HPGD|LPIN2|ENO3|ACACB|ENDOG|TSKU|AGPAT2|ACAA1|SLC37A4|SIGIRR|TFR2|ID2
GSE22886_CD8_TCELL_VS_BCELL_NAIVE_UP	0.34555522298713	0.817575650922637	-0.294187613189397	-1.04305138213439	2308	186	GZMM|MT2A|XAB2|FLT3LG|TIMM8B|H4C3|ETHE1|GTF3C1|MOGS|EEIG1|PLSCR3|STK39|LRCH4|MED15|TIMP1|CABIN1|KCNAB2|MAGED2|IFITM3|LTBP3|GBP2|CTSA|TACC3|MAP7D1|PRORP|PRF1|TRABD|NDUFB7|IL17RA|NACC2|ATP13A2|CYB561D2|DUSP7|SLC35D2|PLEKHF1|MRPL57|HMG20B|SIGIRR|PCNT|CLTA|NOSIP|KLHL21|NIBAN1|MRPL17|CPT1A|PXN|RANGAP1|DEXI|NRBP1|PRR5|TXN2|FAM8A1|EIF4G1
GSE27786_NKTCELL_VS_NEUTROPHIL_UP	0.345383925903795	0.817575650922637	0.270057753833923	1.02796694621579	1155	191	SETDB2|KDM4D|ZNF708|MX2|TSKS|ITGB3BP|MDP1|REV3L|TMEM135|KDSR|PJA1|SCFD2|RFX5|LZTFL1|ZDHHC21|NLK|POGLUT2|SMARCA5|COPS3|RCBTB2|LINC01160|S1PR1|MYEF2|MRPL15|SLC30A1|JAK2|TENT5A|PPA2|SOCS2|MTCP1|RFC5|CCSER2|SNRPB2|TMEM70|C10orf88|PABIR2|ATPAF1|PRPF39|RBBP4|MAN1A2|IPO5|INPP5B|GALNT1|ANAPC10|GNL2|TAF4B|NMI|ERCC5|CNDP2|PSIP1|CHORDC1|ASXL2|NUP155|AEBP2|CCT6A|KNOP1|PARP9|UBR1|EEF1E1|RLIM|NSMCE4A|ZC3HAV1|FAM98A|DUSP12
GSE2826_WT_VS_BTK_KO_BCELL_DN	0.345371775417299	0.817575650922637	-0.297519919816238	-1.04318716731389	2275	170	MAPK13|CD14|PLXNB2|AHRR|COL14A1|GKAP1|DBNDD2|PLA2G2C|AXL|HBB|SLC29A1|TNFRSF21|AATK|TSPAN4|PPARG|GNRHR|ZIC1|S100A5|PALD1|HFE|TNFRSF1A|COMT|ADAM11|PSAP|SLC12A7|TRAF2|MAP7D1|CPQ|ARHGAP39|PAQR7|TYRO3|FHDC1|P4HA2|AGAP3|HOXC6|FLOT1|GOLIM4|CKB|ZNFX1|TUFM|PINK1
GSE28408_LY6G_POS_VS_NEG_DC_DN	0.345667870036101	0.817575650922637	0.272888016769033	1.0301370579	1148	182	DPYSL2|TTK|GPR137B|RAD54B|CD36|EMC9|CDC7|SLC27A3|ARID5B|KIF18A|PPT1|CCRL2|IL18R1|EGR1|PRIM1|ALG6|SEH1L|PSMA4|SHQ1|HPRT1|RBMX|MFSD1|TCP1|NCR3|TOX|OTULINL|PSMG1|SPDL1|SQOR|ETFDH|RFC5|CCT4|CYRIB|ATP2A2|PSMA6|KIF14|NUP88|CD93|WEE1|MBD4|GGCT|YWHAH|NUP54|SHCBP1|GYG1|BUB3|BHLHE40|FDFT1|PRKCQ|IDI1|DKC1|PIR|RBM12|SFPQ|HEXB|TRPS1|PIP4K2A|RAB9A|SLC27A2|NCAPH|MACROH2A1|COQ2|FTH1|TRIM5|NHERF1|TOM1L1|PRKCB|ECI2
GSE42021_CD24HI_VS_CD24INT_TCONV_THYMUS_UP	0.345399698340875	0.817575650922637	0.274000172139165	1.03067814080864	1144	178	AKTIP|C3orf18|MEX3C|TGFBR2|MBNL2|SOCS6|EVC|DLC1|FER|AP1S2|MARCHF7|SYPL1|AAK1|TOB1|PLAA|WBP4|DCAF6|IRF2BP1|UFL1|TMEM106C|SMARCA5|ABR|SYNE1|ZBED5|ANKRD28|APOO|SLC20A1|CERT1|HBEGF|TSN|TFE3|C6orf120|AKIRIN1|RPRD1A|NDUFB5|RFC1|MEGF9|DERL1|GDE1|VAMP3|GALNT10|SRSF1|BRWD1|ZFAND5|RYK|BHLHE40|NUP50|METTL9|CDC25C|DDX27
GSE5455_HEALTHY_VS_TUMOR_BEARING_MOUSE_SPLEEN_MONOCYTE_DN	0.345427286356822	0.817575650922637	-0.295009032473827	-1.04225111242817	2303	179	SMAD7|RAP1GAP2|ADGRG3|STX1A|ITGA4|PHYHD1|AXL|ANGPTL6|L1CAM|ADGRE5|PPM1J|IZUMO4|RCN3|DNAJC15|IFITM2|CRYBG1|LBP|SLC52A3|LRRC75B|PIK3IP1|ACTN2|ENTPD1|TKTL1|KLK8|FRMD6|ROM1|ACSBG1|QTRT1|SLC2A3|MEX3A|B4GALNT1|CDC42EP4|SNHG6|ITGB1|IL18RAP|KLF13|MRPS5|LMNA|CKLF|CAPG|INF2|DPY19L1
NGO_MALIGNANT_GLIOMA_1P_LOH	0.345747025121199	0.817575650922637	0.455561650048002	1.07546755699642	1568	15	HNRNPK|SEPTIN2|STMN1|PARK7|VIM|HSPA5|PGK1|GAPDH
REACTOME_COMMON_PATHWAY_OF_FIBRIN_CLOT_FORMATION	0.345306302335831	0.817575650922637	0.456112953520484	1.07676904714304	1566	15	PROCR|PROS1|F5|SERPINE2
ROSS_ACUTE_MYELOID_LEUKEMIA_CBF	0.345412617361226	0.817575650922637	-0.335397570185609	-1.05710207474907	2096	74	CRIP2|CIITA|SYNGR1|TRIO|GALNT14|CACNA2D2|PTGIR|DISC1|C11orf21|JUNB|RHOB|RCBTB1|IL15RA|KDM4B|EGFL7|DEXI|PI4KA|C15orf39|CD52|HYAL2|SLC8B1|CIAO3|PRAME
SCHAEFFER_SOX9_TARGETS_IN_PROSTATE_DEVELOPMENT_UP	0.345637583892617	0.817575650922637	0.442592405914466	1.07805040778211	1544	17	FOXA1|TRIM2|HMGN3|SLC39A8
WP_OXIDATION_BY_CYTOCHROME_P450	0.345581802274716	0.817575650922637	-0.388869549345678	-1.06789971688567	1974	34	CYP19A1|POR|CYP4F2|CYP2S1|CYP2F1
ZHAN_V1_LATE_DIFFERENTIATION_GENES_UP	0.345889808132371	0.817720653328484	-0.405828340252689	-1.07181488729913	1964	28	TCN2|MARCKS|APLP2|SPINT2|CST3
REACTOME_CYCLIN_A_CDK2_ASSOCIATED_EVENTS_AT_S_PHASE_ENTRY	0.346052631578947	0.817912954035666	0.307158898179473	1.03989487824452	1314	84	CCNE2|PSMC6|PSMC1|PSMD5|CCNA2|PSMA1|PSMA4|RBL2|PSMD6|LIN9|CCNH|CDKN1B|CDK2|PSMD10|SKP1|PSMA2|MYC|PSMA6|RBBP4|RB1|PSMC2|LIN54|WEE1|PSMD14|PSMD11|PSMC5|TFDP2|E2F5|SKP2
JEON_SMAD6_TARGETS_UP	0.346380090497738	0.81830156470141	0.421623068961401	1.06917941912005	1530	20	FBN1|CXCL8|SERINC5|TRIB1|PTX3|DKK3
LIU_PROSTATE_CANCER_DN	0.346350659843792	0.81830156470141	-0.272227168679803	-1.0344273825425	2571	398	TGFB1I1|TPM2|TAGLN|CARMN|WFS1|TBC1D1|KRT15|TSC22D3|TRIM29|VANGL2|COL14A1|LAMB1|MELTF|FZD7|PLLP|TIMP3|RAB34|ZBTB47|LYST|LAMA4|LPCAT4|DDB2|LCAT|LMOD1|ACTA2|SYNGR1|UBA7|SH3PXD2A|UNC5B|ITIH5|GPRASP1|AEBP1|CCK|JAZF1|MFSD2A|RARRES2|KIRREL1|DSC3|SORBS2|COL6A1|CRISPLD2|TGFB3|CFD|FYN|LAMB3|FEZ1|HSPB1|MCAM|HSPG2|PGF|KSR1|MET|FHL1|FRMD6|CCDC136|AKR1B1|GBP2|NLRP1|TMEM200B|CSRP2
LIEN_BREAST_CARCINOMA_METAPLASTIC	0.346509971509972	0.818415786827552	-0.423308584726488	-1.06840334756525	1945	23	COL18A1|TIMP3|RARRES2|MCAM|PDGFA
CARRILLOREIXACH_MRS3_VS_LOWER_RISK_HEPATOBLASTOMA_UP	0.346893617021277	0.819129176113755	-0.362863375827429	-1.05707475768012	2037	46	SEMA4G|ZSWIM5|GREB1|MEG8|ARSL|USP27X|DLK1|TRAP1|SLC35D2|CENPV|CLUH|FASN|COASY|SREBF2|AK4|EBP|DHCR24
GSE21927_SPLENIC_C26GM_TUMOROUS_VS_BONE_MARROW_MONOCYTES_UP	0.347210657785179	0.819684991262377	0.285840157452097	1.03511004100441	1250	130	MYL9|SERINC5|SLC22A4|GLI1|STT3B|PANK3|ARL8B|BMX|RGS9|RNF103|USP6NL|HSPH1|RAB3D|ZBED3-AS1|NBEAP1|DGCR5|SAMD3|PDS5B|INSIG1|RBL1|EEF1A1|PRKCZ-AS1|HYCC2|NF1|PHF3|CLCN3|MIR1915HG|EBLN3P|PCNA|NPEPL1|ANKRA2|ETV6|NUMB|USP48
GSE26023_PHD3_KO_VS_WT_NEUTROPHIL_HYPOXIA_DN	0.347864768683274	0.820843100151082	0.273832323606283	1.02852112519121	1172	174	GJC2|CCZ1B|MATCAP2|PREX2|ADAMTS3|SCRN3|DNAJC6|GNG12|H2AC17|FSCN3|ACSF2|CCDC68|CTSK|RFX5|ZNF337|ATG2B|GDI2|PLAC1|OPA1|RRAS2|MED21|COL4A5|SCNN1D|GJC1|CHRNA3|NCAM2|HBEGF|TIPIN|PHTF2|CHST3|BAZ1A|CCT4|RRM1|TASOR|ATP2A2|PAPOLA|FBXW11|ETF1|POLR3F|PSMD14|SSBP1
PID_TELOMERASE_PATHWAY	0.347815230961298	0.820843100151082	0.321458366679174	1.04432042335292	1392	64	EGF|HDAC2|NBN|PTGES3|SP3|MAPK1|HUS1|SP1|CDKN1B|MYC|RBBP4|TNKS|WT1|WRN|HSP90AA1|BLM|POT1|ATM|DKC1|RBBP7|TERF1|RPS6KB1|TERF2IP|NR2F2
WP_16P112_DISTAL_DELETION_SYNDROME	0.348154657293497	0.821334065784284	-0.400911677320894	-1.06620839167435	1980	29	LAT|C3|ATP2A1|IFITM1|CD19
GSE19923_WT_VS_E2A_KO_DP_THYMOCYTE_UP	0.348242811501597	0.821348999495544	-0.298364995233531	-1.0425500525898	2288	163	MESP2|IL15|LATS2|ADGRG3|HLX|ITGA4|FICD|GDPD5|MIIP|COPE|DNPH1|ECI1|RPL23|AEBP1|FLT1|LBP|HFE|PTGIR|CLCN7|TNFRSF1A|ERO1B|SCAND1|MED22|C12orf57|TBCB
REACTOME_PERK_REGULATES_GENE_EXPRESSION	0.348375029226093	0.821467827900287	0.377048644686124	1.06161520563056	1489	31	CXCL8|CCL2|EIF2AK3|NFYA|NFYB|EXOSC9|HERPUD1|EIF2S1|DCP2
GSE9650_GP33_VS_GP276_LCMV_SPECIFIC_EXHAUSTED_CD8_TCELL_UP	0.348468523934123	0.821495313116658	-0.301040138692218	-1.04519180591474	2263	156	SMAD7|POU2F2|TYROBP|ZNF467|BCAR1|NDUFA13|RPP21|DBP|SERPINH1|PDLIM7|CPS1|COMTD1|DDRGK1|NOP2|MCAM|BCL3|CYP2F1|FHL1|SLC15A2|CLDN11|TRPC1|TNKS1BP1|INPPL1|NDUFA1|ARID3B|ATP13A2|TRAPPC5|WIZ|P4HA2|ACADVL
DACOSTA_ERCC3_ALLELE_XPCS_VS_TTD_DN	0.34940036900369	0.821559642477699	0.389212795845575	1.06325460158312	1514	27	LPXN|PPP2R3A|DLC1|GULP1|PLPP3|HMGN3|CNN1|FABP5|SSBP2|STAMBP
GSE15330_HSC_VS_LYMPHOID_PRIMED_MULTIPOTENT_PROGENITOR_UP	0.34869109947644	0.821559642477699	-0.293805894303589	-1.04003965930657	2330	181	WFS1|COX6B2|ZFPL1|SPSB2|ECM1|ARID5A|SYNGR2|HOOK2|B3GAT1|IFITM2|IFI35|GPX8|DYNLT4|LAGE3|ICAM1|CDKN2D|SHFL|PGS1|GRIK5|MUC1|IFITM3|GPR146|IL18BP|ISG15|LYL1|NECAP2|SGK1|UXT|RNF121|AHSP|SFMBT1|SLC66A2|SIGIRR|ID2|RNF149|BORCS7|DTNBP1|PARP12|IRF9|LPAR2|INTS5|C8orf82|SOCS3|CIPC|PTGR2|EAF2|SAP30L
GSE18893_TCONV_VS_TREG_2H_CULTURE_DN	0.349805330937406	0.821559642477699	0.270452884376118	1.0286364446158	1167	190	C3orf18|CD40|ZNF367|TGFBR2|CFL2|KAT2B|ARL5A|SCOC|NABP1|MNS1|VPS54|DTX3L|STXBP3|ATG4C|ADPRH|TBC1D2B|ZBTB18|PIK3C2A|CGGBP1|PPP1CC|RFX5|ETNK1|RPAP3|TWF1|SPAST|SLC19A2|FEM1B|SYTL3|SYNE2|TAPBPL|ABR|TMEM176A|ICOSLG|TMEM176B|GPLD1|RAD23B|MYL12B|HLA-C|RBM43|MOSMO|NFE2L2|TUBE1|NAMPT|SNX2|ACBD5|SEPTIN2|TRAFD1|ARRDC4|CD47|SEMA7A|BRWD3|CTNNB1|ARL4A|RAB14|VAMP3|RAB1A|ZDHHC16|PLAAT3|STAU1|LATS1
GSE23502_WT_VS_HDC_KO_MYELOID_DERIVED_SUPPRESSOR_CELL_COLON_TUMOR_DN	0.348941430999846	0.821559642477699	-0.304478619840676	-1.04711821526551	2257	142	ZNF711|BFSP1|TRIM29|IRX5|PLA2G6|CD84|HSPB3|MICALL2|ADAMTSL4|STYK1|GAREM2|RIMBP3C|ST8SIA5|MDFIC|DNAAF6|NRG1|COBLL1|ESRRB|SUCO|MORC4|DDO|ADGRB3|LARGE2|HOXC8
GSE24634_NAIVE_CD4_TCELL_VS_DAY5_IL4_CONV_TREG_UP	0.349752957029495	0.821559642477699	-0.29396412506982	-1.04169647315588	2335	184	AMH|FAM171A1|IL11RA|TRAPPC6A|MGAT4A|RPL28|NBPF10|ABCA7|SNN|PRKCZ|CHST12|NOL12|BTN3A1|REX1BD|SGSH|SPSB3|CRISPLD2|CXXC1|TRIM10|DNAJC22|ZNF551|SCAND1|NME3|SH2B2|MAGED2|STK19|BCL6|NLRP1|TMEM161A|ZC3H12A|RPS10|ZBTB20|IL23A|PRKAB2|GRB7|SLC2A11|RNF220|ZBTB1|PGGHG|IQCK|SMURF2|TMUB2|ADGRL1|MTERF4
GSE32533_WT_VS_MIR17_KO_ACT_CD4_TCELL_UP	0.34875018709774	0.821559642477699	-0.294248233347038	-1.04254518549811	2329	183	CADM2|SEL1L|SMPD1|FAM234B|SFN|TIMP3|CELF3|PBXIP1|LMOD1|SLC3A2|SH3PXD2A|NSUN5|KLF7|PLXNA4|UCHL1|ARHGEF17|IRS1|SLC2A12|MST1R|CLDN12|BCAM|IER3|ATP9A|DOCK6|TRPM1|TPPP3|EMP2|MAP7D1|KANK1|PALM|EPHX1|GIT2|DDA1|WNT5B|ADGRL1|TRAF3IP2|RRP1|SOCS3|PRR14
GSE32901_NAIVE_VS_TH17_NEG_CD4_TCELL_DN	0.348985785018368	0.821559642477699	-0.320866419590681	-1.05008272966854	2184	96	DNASE1L2|BFSP1|TSC22D3|BCAS1|IFI30|HEPACAM2|TULP3|MAST1|ANKS1B
GSE39382_IL3_VS_IL3_IL33_TREATED_MAST_CELL_DN	0.349775112443778	0.821559642477699	-0.294270664012035	-1.03964249619622	2332	179	PCNX1|FSTL3|STX11|DIPK1A|TYMP|STOML1|IRF7|CYLD|APOL1|PTPRU|DNAJC15|IFIT2|HERC6|POTEKP|ICAM1|LAMB3|B3GNT4|UBB|MX1|IFITM3|TRADD|ISG15|CTC1|TSFM|KCNN4|SP110|PSMB10|DIAPH1|TRPC4AP|TSKU|G0S2|CD2BP2|OAS3|CMTR1|ID2|TNIP1|VAC14|RCN1|CLSTN3|POMP|TUBB3|NINJ1|CLEC2D|LY6E|DESI1|TNFAIP2|IRF1|CTNNBL1|AK4|CSRNP2|LARP1|TMEM158|RHOG|DYNLT1|SLC25A28|STEAP3|RELA|ELMO2|PKIG|LIMK2|AP3S2
GSE8621_UNSTIM_VS_LPS_STIM_MACROPHAGE_UP	0.349139865370232	0.821559642477699	-0.293726095897576	-1.03975718196825	2333	181	METTL27|RAB27B|VMAC|INAFM1|XAB2|RTKN|CHST12|B3GNT8|SCRN2|RHBDF1|GSDMD|UBA7|TMEM116|RTN4R|ST6GALNAC6|DKKL1|HAGHL|MFSD12|DOCK6|DCN|USP27X|BRSK1|VPS72|GFI1B|TREML2|ATP13A2|AFDN|MFSD10|HEPH|CNPY3|VKORC1|VPS39|SLC39A11|CCDC9|MRPL2|RNF149|RCN1|DCTPP1|THOP1|SIRT4|TMEM102|FLOT1
KEGG_MEDICUS_REFERENCE_FGF_FGFR_RAS_ERK_SIGNALING_PATHWAY	0.349721706864564	0.821559642477699	0.382567842207374	1.06420113503399	1507	29	FGF5|MAPK1|FGFR1|SOS2|NRAS|BRAF
REACTOME_MRNA_DECAY_BY_5_TO_3_EXORIBONUCLEASE	0.349052446011459	0.821559642477699	0.453822064236257	1.07136082829583	1583	15	DCP1B|EDC4|DCP2|LSM3|DDX6|PATL1|XRN1
SANA_TNF_SIGNALING_DN	0.34940671547589	0.821559642477699	0.314785978524224	1.04294087703204	1383	72	PRKCH|KCTD12|ARL5A|PALMD|HDAC2|PHLDA1|BMX|ATP1B3|ITPRID2|VWF|RHOJ|CDK2AP1|ZNF521|RPS3A|PPP1R16B|ANXA1
WANG_RECURRENT_LIVER_CANCER_DN	0.349467140319716	0.821559642477699	0.447001132139901	1.0706375235985	1573	16	PGGT1B|SAR1B|ELL2|INSIG1|NUDT9|SLC27A2|CDC42SE1
WP_10Q22Q23_COPY_NUMBER_VARIATION	0.349155860044042	0.821559642477699	0.331941496721913	1.0454705762079	1426	54	SHLD3|SHLD2|GLUD1|PDS5A|CDHR1|RSPH4A|RSPH6A|SH2D4B|LDB3|PDS5B|BMPR1A|CCSER2|SMC3|ADAM10|RAD21|PRXL2A
WP_ARYL_HYDROCARBON_RECEPTOR_PATHWAY_WP2586	0.349703440094899	0.821559642477699	0.35354931560206	1.05498107484169	1473	40	CD36|SRC|MAPK1|NFE2L2|NRAS|CDKN1B|CDK2|MYC|RB1|NF1|HSP90AA1|EP300|NCOR2
WP_TGFBETA_SIGNALING_IN_THYROID_CELLS_FOR_EPITHELIALMESENCHYMAL_TRANSITION	0.349259757738896	0.821559642477699	0.431758044099367	1.06937661545885	1556	18	RUNX2|SMAD4|SMAD2|MAPK1
GSE40274_FOXP3_VS_FOXP3_AND_XBP1_TRANSDUCED_ACTIVATED_CD4_TCELL_UP	0.349976224441274	0.821576553073319	-0.315669216591134	-1.04773128750764	2207	107	S1PR5|ATP2A1|RETSAT|KCNC4|SLC45A4|SPIN3|FLT1|TRAPPC3L|INPP5J|ENTPD1|SYCE1|TPPP3|BCL6|SLC16A3|ZFYVE19|TRIP6|ZNRF3|SLC66A2|NMRAL1|PSMG3|ID2|CLSTN3|ESPL1|NUDT2|ELL|HIP1|ADAM8|PLCD1|RIPOR3|SYNGR3
LIANG_SILENCED_BY_METHYLATION_UP	0.349920311669913	0.821576553073319	-0.41807726341573	-1.06626487693068	1975	24	AQP1|C3|TIMP3
GSE6875_TCONV_VS_FOXP3_KO_TREG_DN	0.350164326262324	0.82182593103138	0.269749794514229	1.02679470806699	1171	191	ELK3|TM6SF1|ATXN7|PTHLH|CD164|CNIH1|PLD1|PECR|TRUB1|BCAP29|PEX3|TAF9B|DUSP22|ZFAND1|NAB1|DNA2|UTRN|SLC44A1|RHOBTB1|SVIP|NUP160|EPS15|ATG10|QNG1|SYNE1|TMED6|DSEL|FGFR1|ATP8A1|GTF2H2|SIRT5|MCTS1|PGM2|TDRD3|FAM229B|WASHC3|CLIC4|CHSY1|ZMAT3|SNX19|DECR1|MGA|DARS2|SLC36A4|CYBB|RB1|MINPP1|RAB3GAP2|ITM2B|ZKSCAN5|PRXL2A|NSMAF|KLHL7|CHCHD3|HLTF|RUSF1|IMMP2L|ETV6
GSE17721_LPS_VS_POLYIC_1H_BMDC_UP	0.350381336922387	0.821854672333517	-0.29485382007201	-1.04182389393078	2342	178	TCN2|FMC1|MT2A|CD84|EREG|PHPT1|ZC3H12C|PPARG|RGS17|SYNGR4|CRYBA2|MST1R|ICAM1|FOS|DUSP8|TIMP1|FRMD6|ACYP2|MAP3K12|IL18BP|BIN3|ATP5PF|ACACB|JUNB|IL23A|SIL1|CDC42EP4|DHCR7|FLNB|NDUFC1|BCL2L1|KDELR3|ACYP1|NDUFB6|DCPS|GPR3|TIMM17B|DUSP14|TNFAIP2|CDKN1A|ARHGEF3|SH3GLB2|ZNF600|AP4M1|NANOS1|SLC4A7|AKR7A2|ACSS2|MRPL58
GSE36476_YOUNG_VS_OLD_DONOR_MEMORY_CD4_TCELL_UP	0.350295857988166	0.821854672333517	0.273833412039883	1.02771914363744	1183	173	ZC2HC1A|ARMCX1|MYLK3|PPP1R3D|CATSPERB|PIEZO2|NEDD4|MNS1|TOP2A|P2RY1|ENTPD7|PBK|CEP162|AFF4|UAP1|SNAPC1|SNX24|RPL21|PER2|ERAP2|ERVMER34-1|EPB41L4A|SPP1|XYLT1|CR2|VAPA|CENPU|PRR16|FBXL4|RABL3|ARPC3|WT1-AS|CDK2AP1|SPTSSA|AZI2|RPL7|ELOVL6|CDKN3|KLHL11|MED14|SHCBP1|TRAM1|TMCO3|UBE2A|FDFT1|PCLAF
GSE45365_NK_CELL_VS_CD8_TCELL_MCMV_INFECTION_UP	0.350422195416164	0.821854672333517	0.272154164428902	1.03141079156592	1161	187	PCYOX1L|PRNP|CD69|CD36|KCTD12|TGFBR2|ARL5A|CORO1A|HS2ST1|PPT1|PRPS2|KDM7A|LGALS8|MOB3B|PRIM1|MRTFB|ZNF468|TMEM59|CHPT1|ADIPOR1|OAT|DENND4C|PICALM|COIL|MFSD1|SLC19A2|FPR3|TGFBI|CYTH4|SLC25A36|NFYB|SKAP2|FZD2|RHEB|CPNE3|SSR1|TMEM70|EIF4G3|WSB1|ACAT1|MYC|CD47|TMEM243|TTC3|TPP1|GPD1L|ADORA2B|RAB1A|NIPA2|HACD1|SRPRB|RAB31|HLTF|GYG1
GSE3039_NKT_CELL_VS_ALPHABETA_CD8_TCELL_UP	0.350723763570567	0.822369805821385	0.272129195462093	1.03131616408933	1162	187	ELK3|FOSB|TTK|ESF1|DOK2|EEF1AKMT1|CTSS|MRPL42|PSMA1|WDR35|RDX|PRKAR1A|HSPA14|SAR1B|RPS27L|HYPK|MCTS1|ANKRD28|CKAP2L|CXCL11|HAUS1|NFE2L2|SPCS1|SCIN|NAMPT|PRDX3|SEC24A|S100A10|COQ3|TRIM32|STMN1|CEP152|LRRC58|TPST1|SHB|GART|NEK2|CCDC90B|CFDP1|ETF1|SFXN1|LCORL|ZDHHC16|DSTN|FARSB|FDFT1|PCLAF|CCDC115|BCCIP|FZD5|GGT1|MAFF|PARVB|SLC35B1|SSX2IP|HIBADH|WDR43|RAB9A|WDHD1|IMMT|NCAPD2|ATG5|GTF3C6|INTS2
GSE27241_WT_VS_RORGT_KO_TH17_POLARIZED_CD4_TCELL_TREATED_WITH_DIGOXIN_DN	0.350877192982456	0.822473073526277	-0.30101970357692	-1.04383218806479	2279	154	LAG3|FN3K|SLC30A4|TCN2|MGAT4A|TASP1|ITPKC|PPFIBP2|GTF2H4|B3GNT8|EVI5L|RNASEH2C|DNAJC15|NSG2|TNFRSF1A|ATP9A|CAMKK1|SPINT2|RGS14|SLC16A5|SLC43A1|BIN1|DUSP4|SLC7A11|NFKBID|SHISA5|HPCAL1
HARALAMBIEVA_PBMC_FLUARIX_AGE_50_74YO_CORR_WITH_28D_MEM_B_CELL_RESPONSE_AT_0DY_NEGATIVE	0.350931677018634	0.822473073526277	0.249742115374665	1.01740016295459	903	398	TTC3P1|SETD7|CXCL8|PLEKHM3|PELI2|CLDN23|LGR4|RNF217|SLC22A4|CADM4|ABITRAM|MEMO1|TET3|RRM2B|SFT2D2|PANK3|BLTP3B|KPNA3|MTX1|MME|MEF2A|DHX40|DERA|GNAQ|MAP1LC3B2|BNIP3L|UCHL3|KLF10|LGALS8|PEAK1|NIPSNAP2|MAPK6|BMI1|LDLRAD3|USP6NL|CHPT1|NAB1|GAS2L3|SDCBP|ATP1B1|RNF6|RIC1|ITPRID2|SRGAP2B|DYM|MRPS22|OCRL|UGCG|AP5B1|PJA2|HNRNPH2|MAP3K21|SIGLEC6|GLIS3|S1PR3|PTENP1|CTAGE7P|GPR157|GALNS|TSNARE1|NATD1|TMED7|SLC30A1|KLHL8|PIP5K1B|DSG2|VRK2|REL|AZU1|ERC1|SNX2|TFE3|NEU3|BACH1|MOB1A|CSNK1A1P1|SLC36A4|ALDH2|LRRC58|PAK1IP1|IDH3A|AP3B1|TOR1AIP1|SERINC1|BNIP2|CEP170|OPN3|DCUN1D1|ABCB7|PLBD1|GNL2|ERCC5|GINM1|ASAH1|GLUD2|NPEPL1|SNX29|RIPK2|RDH14|ATP11C|ZDHHC7|ZNF281|ELOF1|SERTAD2|FCHSD2|PHKA2|RPL7L1|SCN9A|LTA4H|IFT20|MAPRE1|WASHC2A|EIF2AK2|RNF130|NCOR2|VIM|NUP58|IL18|CDK8|ZFP36|TBC1D12|CCDC88A|ASAP1|BLTP3A|PXK|RAB20|SCML2|UGGT2|PIK3CB
WANG_RESPONSE_TO_GSK3_INHIBITOR_SB216763_UP	0.351052443810203	0.822564059516065	0.251751244702488	1.01710576224277	983	342	PITPNC1|ITGB7|ZNF429|DCP1B|ARRDC3|SERINC5|ATG16L2|IFIH1|CD36|RPL21P93|ZNF573|MYOM1|SESN3|PUS10|IL10RB|CSTA|NABP1|TMEM106B|BBS2|PLD1|ATG4C|CTSS|ALG13|FGGY|RASGRP4|ACSF2|ZNF277|RHOT1|THG1L|SYCP2L|MTHFD2|ST8SIA6|TNFSF13B|ZNF555|DMXL2|ZNF641|BLTP1|ZFAND1|ZFYVE16|ELMO1|C18orf32|PROS1|RPL21|SNRPN|DYM|RCBTB2|SIGLEC6|OTULINL|TXK|LRRC37A|RNU105C|ADCY10P1|ARL3|SND1-IT1|AGL|ERV3-1|NCAM2|ACER3|CTNND1|PAPSS1|IL10RA|ARL17A|SCAPER|TRAPPC2|KRBOX4|ZNF577|AMZ2P1|ZMAT3|ZNF91|GIMAP2|ZNF117|ALDH2|RCOR3|ANXA5|CD47|MGST1|ABRAXAS1|ANKRD20A8P|PTPRC|EFHC1|PLSCR1|ATP6V1A|USO1|ASAH1|ITCH|EIF4B|PHF21A|ZYG11B|TRAK2|RFT1|SGTB|SSBP2|SENP7|PARP9|LTA4H|TAF12|STAC3|TCAIM|WASHC2A|RNF130|ORMDL1|OMA1|IL18|PAFAH2|HEXB|KRCC1|KDM4A|CCNB1IP1|DPH5|CPEB4|AMPD3|SKIC3|ATP7A|AFG1L|PAQR8|CD68
GSE22886_DAY1_VS_DAY7_MONOCYTE_IN_CULTURE_UP	0.351327035537562	0.822935456401229	-0.295564791905866	-1.04319492535327	2342	177	CCR7|ANPEP|NOTCH2NLA|AKAP13|IRF7|MARCKS|HLX|NBPF10|GON4L|NXF1|ARHGAP45|MMP1|IER3|PTGIR|ICAM1|RASGRP1|TOM1|TXNL4B|MET|EMP3|TJAP1|DUSP4|ZC3H12A|IL16|PLK3|ARID3B|IL23A|UBR4|RGL2|ZBTB43|IL15RA|TNIP1|ENTPD4|KLHL21|PSMB4|TNIP2|TP53BP1|LPCAT1|NINJ1|SIK3|UPP1|C15orf39|RELB|BRD2|STARD5|DHX34|ARID3A|RBM5|RHOG|SMAGP|HLA-E|PKIG|CYTH1|LIMK2|WDR45
GSE22935_WT_VS_MYD88_KO_MACROPHAGE_DN	0.351414406532517	0.822935456401229	0.276195809795918	1.02860612651795	1204	163	SEMA3A|MYL9|MLYCD|PLAAT1|FBXO2|EMC9|CTF1|DNAJC28|ZFP82|CHDH|AKAP12|NPR2|CPEB1-AS1|MYOM2|POPDC2|NREP|HOXA5|TIGAR|ARMH4|EPB41L4B|KIT|LDHB|SLC25A3|KLHL8|TMEM38B|EXOC6|ZDHHC17|BCL2|TSNAX|ANGPT1
GSE6259_33D1_POS_VS_DEC205_POS_SPLENIC_DC_DN	0.351456893962151	0.822935456401229	0.272786268120215	1.02829785409501	1169	180	AJUBA|SETDB2|LPXN|SLC22A4|DOK2|CLN5|SLC22A1|NCOA3|TMEM51|DSCR4|ANKRD27|EEPD1|RARS1|MBTPS2|L3MBTL3|EGR1|NORAD|MAPK6|YIPF6|LRIG2|MFSD1|RSAD2|FCER1G|MTSS1|TTC39C|CHN2|XYLT1|HAS3|KIT|ARL3|RNF144A|SQOR|ATP11A|BMPR1A|CA8|SEMA4A|C10orf88|SMIM3|RFESD|ZBTB21|ARRDC4|HAPSTR1|VDR
GSE13547_CTRL_VS_ANTI_IGM_STIM_ZFX_KO_BCELL_2H_UP	0.351646660510926	0.823187774768815	-0.30090978453111	-1.04345102684267	2284	154	H4C4|PRG2|LAG3|H2AC15|DERL3|RNF5|INCENP|CCS|COX5B|COPE|CYBA|NRM|H4C14|LGALS3BP|PIGQ|PPP4C|LIG1|GET3|GMPPA|SP100|TACC3|POLE|FKBP8|UQCRQ|NECAP2|TRPC4AP|SAP30BP|EPHX1|H2AC25|PFDN2|CD2BP2|NUDT1|FKBP2|ERP29|TENT4A|H1-5|CDC42
GSE13485_CTRL_VS_DAY7_YF17D_VACCINE_PBMC_DN	0.352923538230885	0.823488255872064	-0.293993592842026	-1.03866361859121	2353	179	KLHDC7B|IL15|TCN2|NAGK|TYMP|IRF7|MARCKS|MT2A|AXL|PSMB9|TAP1|IFITM1|IL4I1|ATP13A1|MRPS18C|IFITM2|IFI35|IFI16|IFIT2|HERC6|RIGI|LGALS3BP|APOL6|SHFL|TMEM255A|MX1|IFITM3|BATF2|MS4A4A|SP100|ISG15|TRIP6|SP110|SHISA5|PHF11
GSE13485_CTRL_VS_DAY7_YF17D_VACCINE_PBMC_UP	0.3522378908645	0.823488255872064	-0.299307075743736	-1.04128898007933	2297	158	SLC26A11|DPEP2|SLC30A4|CFAP45|ADGRG3|EXOC3-AS1|SYCE2|CXCL1|RPLP2|ENSG00000257711|VSIG2|PKD2L2|CASC11|DBIL5P|FOS|C8G|KCNJ15|EIF3LP3|TMEM184A|RPS16|ZSCAN25|RPL10|JRK|TTC28|CACNB3|ICAM3|KLHL21|SYS1
GSE17301_CTRL_VS_48H_ACD3_ACD28_IFNA5_STIM_CD8_TCELL_UP	0.352539352539353	0.823488255872064	0.268373772041287	1.02656593111099	1186	195	CNRIP1|FEM1C|CCNG2|MAN2B1|FGD4|SFT2D2|ANGPTL4|TP53INP1|KLHL24|FAM107B|MEF2A|FAM174A|RAMAC|ZNF277|TAB2|AP1S2|MARCHF7|CIP2A|MXI1|ZRANB3|CLK1|RANBP9|ALDH9A1|CEP97|ZFAND4|CDK17|ASNSD1|USP45|EXOC6|UBQLN2|CASP3|RAPH1|RAPGEF6|SAMD4A|RABGAP1L|IFTAP|PDE7A|CEP57L1|MED31|MAPRE2|ANKRD12|RPL7|KBTBD2|CDKN3|SEC62|TLE2|MBD4|SGMS1|SMC4|CDCA2|PHF21A|AKIRIN2|ZZZ3|SPOP|BLMH|CCNB2|AKAP10|CDS2|NCOR2|STAMBP|DOCK8|EXOC4|TBC1D12|MPP1|PIP4K2A|DYRK3|FOXO4|TOP1|C9orf78
GSE23308_WT_VS_MINERALCORTICOID_REC_KO_MACROPHAGE_CORTICOSTERONE_TREATED_UP	0.352720168319808	0.823488255872064	-0.292162125729758	-1.03861013966206	2346	192	SMAD7|EMILIN1|PURG|APBB2|NAGK|MRM2|DBNDD2|GTF2I|ZDHHC12|DHRS1|NDUFA3|TRPV2|IFT140|ABHD17A|GBA2|MPG|SIAE|NDUFA11|SNX21|SCAND1|OCEL1|COMT|CHMP6|CRAMP1|THAP7|DNAJC17|DCXR|YIPF3|CTSD|RFC2|CHD1L|GPSM3|DHRS7B|TPGS1|RETREG2|ABL1|VPS11|HSPBP1|KLF13|NHSL3|GLMP
GSE24634_TREG_VS_TCONV_POST_DAY5_IL4_CONVERSION_DN	0.352790346907994	0.823488255872064	-0.295724094613787	-1.0411327099008	2338	175	DHRS12|TBC1D1|TYROBP|TSC22D3|TRAPPC6A|PLXNB2|TYMP|ENG|IFI30|MARCKS|HLX|CD84|MINDY1|FAM193B|BTN3A1|GRN|SYNGR2|TSPAN4|SPSB3|CD48|SLC7A7
GSE33424_CD161_HIGH_VS_INT_CD8_TCELL_UP	0.352409638554217	0.823488255872064	0.271486662383146	1.02857185988758	1169	186	GPR137B|KCTD12|RYR1|MFSD14A|EIF2AK3|SERPINI1|HSDL2|LAMP2|PRPS2|MAP3K1|BCAP29|NPM1|SYPL1|TSPAN13|TMEM123|OAT|KPNA2|DMTF1|EPS15|SLC38A2|HK2|DRAM2|HOMER1|HSD17B11|LIPC|LGALS4|ARL3|LITAF|RAP1A|ABHD14A|CPSF2|UBE2E1|IL10RA|HUS1|PHTF2|EPCAM|CLIC4|S100A10|BAG2|SEPTIN2|CFAP20|HYCC2|MYC|RIDA|LRRC58|TRNT1|MGST1|TPST1|CHD1|RBM25|ABCB7|PLBD1|PLSCR1|WEE1|XPOT|PSMD14|RAB31|TIPARP
GSE37301_LYMPHOID_PRIMED_MPP_VS_PRO_BCELL_UP	0.352201257861635	0.823488255872064	-0.293764172186493	-1.04021194289326	2351	182	KLC4|BSCL2|PTPRU|CARD19|NDUFB8|TNK2|NDUFA2|ZNF692|MIGA2|SUN2|DNAJC15|SRCIN1|SYT7|DCAF11|ST6GALNAC6|RPL13A|ELMOD3|HMGCL|B3GAT3|TMEM109|ATN1|PYCR3|ADPRM|DLK1|POLR2E|KMT5C|SELENBP1|XPC|WDR13|SIX5|PAQR7|DEF8|TMEM205|PPP2R3C|LAMTOR5|RPL10|TMED4|CEL|PTCD2|TEX264|GPAM|MFGE8|AP1B1|MAN2C1|HCFC1R1|PRRG2|CHRD|KDELR3|CENPB|GFER|RFXANK
GSE37605_C57BL6_VS_NOD_FOXP3_FUSION_GFP_TREG_DN	0.351961229744056	0.823488255872064	-0.296757516348396	-1.042473303819	2323	172	NFKBIZ|TNS2|APOLD1|CD14|PLXNB2|NAGK|RAB34|ETFB|PLA2G15|TMCC3|IER3|FOS|SERPINE1|NFIL3|CMKLR1|SCARB1|CCL24|INPPL1|TBC1D8|ID3|ATOX1|ITGB5|SEMA4C|ABHD12|DHRS3|FAM98B|PLK3|TRAPPC1|JUNB|TMEM120A|SDC4|TMEM199|CEBPB|NR4A1|SELENOS
GSE42724_MEMORY_BCELL_VS_PLASMABLAST_UP	0.352485858886573	0.823488255872064	0.268966921235607	1.02619450270092	1183	193	DOP1B|PRNP|SERINC5|EGF|DHX58|SLC49A4|ARHGAP28|CREBL2|STAP2|HAT1|NT5C3A|PDCD10|VPS54|ADPRH|ARIH1|SIAH1|ETV3|MAPK6|ETNK1|ARF4|MXI1|MEX3B|NFAT5|CMPK2|ETFA|MRPS6|NIPAL1|GPR183|SLC4A11|CD274|CXCL11|SAMSN1|GRK5|PPHLN1|REL|ATP11A|GPBP1|CLIC4|PCGF5|MED31|PPM1K|SFMBT2|VDR|ARL13B|SEMA7A|INPP5B|SLU7|HNRNPA1|PLSCR1|PIAS1|PSIP1|EMD|GTDC1
KUMAR_PATHOGEN_LOAD_BY_MACROPHAGES	0.351997483485373	0.823488255872064	0.264903622810159	1.0273241358228	1118	226	ZNF416|ST8SIA4|AKTIP|TLE6|KBTBD8|GPR158|RBM44|CATSPER2|LST1|PDK1|TRMT2B|LRATD1|KLRF1|SLC9A2|PGAP4|TMEM254|REV3L|AMN1|BBS2|TOP2A|PARS2|PEX1|UAP1|CCNB1|ARPP19|NKRF|RBM7|EFHC2|GPR183|SYTL5|PPY|DCAKD|ATP5F1C|PDE12|ACSL1|SBNO1|ZNF286A|TRIP11|TLCD4|IFTAP|GOLT1B|THOC7|CLNS1A|CHMP2B|GTPBP10|DCAF4|MIR1915HG|CNN1|MRPL3|STIL|FUCA2|CEP76|KLHL11|ACAT2
REACTOME_INTERLEUKIN_37_SIGNALING	0.352742805755396	0.823488255872064	0.42554576131985	1.06729074309985	1568	19	PTPN6|IL18R1|PTPN2|PTPN14|PTPN12
REACTOME_VXPX_CARGO_TARGETING_TO_CILIUM	0.352293165467626	0.823488255872064	0.42573241650376	1.06775888393933	1566	19	EXOC5|PKD2|ARF4|RAB11A|EXOC8|EXOC6|RAB3IP|EXOC4|ASAP1
WP_POLYCYSTIC_KIDNEY_DISEASE_PATHWAY	0.352023888520239	0.823488255872064	-0.337977477412529	-1.05403669010836	2121	69	IGF1R|WNT11|FZD9|FZD7|WNT3|FLT1|CCND1|FOS|FZD3|GNA11|TSC1|DVL1|KCNN4|STK11|PRKAB2|GSK3B|WNT5B
YAO_TEMPORAL_RESPONSE_TO_PROGESTERONE_CLUSTER_9	0.352911730352077	0.823488255872064	-0.338899149170303	-1.05249892274865	2114	68	ANPEP|TYROBP|IRF7|MARCKS|DBNDD2|FAAP20|PSMB9|MAN1B1|CHCHD10|SMIM11|MDFIC|ISG15|PFDN2|H2AZ2|IRF9|HES1|RNASET2|NCBP2AS2
GSE2706_R848_VS_LPS_2H_STIM_DC_DN	0.353013910355487	0.823507699778847	-0.303849148671058	-1.04567869142939	2283	143	KIF23-AS1|BTN2A3P|MINDY1|LZTS3|HES4|LINC02693|ATP13A3-DT|MICAL3|GPX8|IFIT2|HERC6|ZNF804B|DOK6|TSC22D1-AS1|FOXD2-AS1|IL1B|CDIPTOSP|CYB5D2|GBP2|TRIM26|ANKRD45|ISG15|ANKS3|ERICH1|RHOB|NOL4L|GRTP1|CTTN|CACNB3|ANKRD55|RNF149|NOCT|TENT4A|ZNF599
WP_SPHINGOLIPID_PATHWAY	0.353158990974312	0.823654728485163	0.384278997689372	1.05885826729498	1525	28	ASAH2|KDSR|SGPL1|UGCG|SGMS2|CERT1|SERINC1|PPP2CA|ASAH1|SGMS1|UGT8
GSE8685_IL2_ACT_IL2_STARVED_VS_IL21_ACT_IL2_STARVED_CD4_TCELL_DN	0.353295050587914	0.823744720380271	0.289255956729412	1.03399775378452	1291	119	PITPNC1|SLC49A4|IGSF9|GABRR2|CDC7|ENOPH1|STT3B|CCDC15|IL18R1|LONRF2|PARP11|PNPLA7|CRLF3|NUP153|THOC2|NLK|AGK
LEE_LIVER_CANCER_CIPROFIBRATE_DN	0.35336170212766	0.823744720380271	-0.361763524983683	-1.05387072927277	2075	46	TRPV2|KRT4|CYP2F1|BCL6|SELENBP1|SLC37A4|MAPKAPK2|ACADSB|MCM7|AKR1C1|TNFRSF10B|HBP1|MCM10|KRT13
GSE13485_CTRL_VS_DAY21_YF17D_VACCINE_PBMC_DN	0.353800251256281	0.824523412469637	-0.308113999543112	-1.0426288062051	2252	124	METTL27|PTPRB|IL6-AS1|CFAP70|ACADS|PTH2|REDIC1|CLIP3|GALNT14|SRCIN1|HSPB6|PPARG|ABCA4|VN1R1|NSG2|ZNF747|LINC00656|PRDM16|RSPH14|C6orf163|KCNJ11|TMEM79|KIF9-AS1|THOC6|MNX1
GSE17721_PAM3CSK4_VS_GADIQUIMOD_24H_BMDC_DN	0.35386001802343	0.824523412469637	0.272621174448042	1.02767551533144	1177	180	ELK3|AIF1|DCK|EPB42|MEMO1|HLA-B|CCL4|ACTR3|NT5C3A|VPS54|TMEM143|CCRL2|DHX40|RAB22A|OCIAD1|PALS2|SMNDC1|RAB6A|RRAS2|RANBP9|MRPS22|PLPP3|TAPBPL|PTPN14|SGCB|CD274|MRPL47|DBT|MAP4K3|RABL3|STK24|SNX2|FAM3C|RIOX2|CFAP20|HEYL|PEX5|ANXA1|TPST1|MTMR2|TCERG1|MORF4L1|TMA16|NCAPG2|GRSF1|RIOK3|EEF1E1|CDS2|STAMBP|SPTLC1|CDK8|RRN3|ATG3|FAM149B1|MRPS2|AZIN1|SMN1|SLC13A3
BONOME_OVARIAN_CANCER_SURVIVAL_SUBOPTIMAL_DEBULKING	0.354458851548029	0.824525816530896	-0.26841779700068	-1.02864689431059	2678	451	MSH5|TREX2|TGFB1I1|UBL3|AMH|WFS1|DNASE1L2|TYMP|CCPG1|HOMER3|SEMA3F|MAPK8IP3|PACSIN3|ZFPL1|FAAP100|LMOD1|GPR68|OTUB1|EPS8|HOOK2|NBEAL2|SLC12A4|GPRASP1|SFI1|CILP|ECM2|RARRES2|IRS1|DCAF11|DCHS1|STK39|RND1|TADA2A|HDAC4|VCX|FEZ1|CDKN2D|DCAF15|ZNF839|GAS2L1|ECE1|SIRT7|DCN|CNGB1|PKP3|TRPC1|ARHGEF10|CPSF1|IL18BP|CSGALNACT2|BCAT2|SUGP2|POLD1|FILIP1L|ADAM15|MYO9B|MERTK|SPATA7|FKBP8|TRMT1|STXBP2|MICB|MAP4K2|CPQ|F2R|BOP1|TELO2|CDC42EP4|OXLD1|MAPK8IP1|NBL1|GRK6|DUSP7|RANBP3|CDK11B|HEPH|WIZ|TRMT2A|ARHGAP6|RAD54L|FZR1|ARMC6|ARHGEF1|VAC14|MYBL2|AKAP7|CLCF1|ZER1|OGFR|DNASE2|IL6ST|LRFN4|APEX2|CLN6|ESPL1|LPAR2|EHMT2|RRP1|RAB2A|YIPF2|PSD4|ELL|KDELR3|EDEM3|SRRT|CCDC106|TCF15|CC2D1A|BAIAP2|TRAF3|MAN2A1|ATXN2L|FKBP14|REXO4|CAVIN1|SUGP1|ADAM8|OBSL1|AP1G2|MAST3|SH2D3A|NBR2|FRMD4A|FCHO1|CYRIA|ZNF696|CDK5RAP2|SMAGP|PDE1A|HMGA1|ARB2A|TFAM|CBX6|BYSL|ASPSCR1|SLC25A10|AAAS
GSE25123_ROSIGLITAZONE_VS_IL4_AND_ROSIGLITAZONE_STIM_MACROPHAGE_DAY10_DN	0.354682454251884	0.824525816530896	0.298948173583283	1.03504337625137	1317	97	TMEM182|CD44|SERINC5|GNA13|FOXO1|RAVER2|CYP26A1|RHBDL1|RMND5A|SPEG|RASGEF1C|MED21|CARD9|GLIS3|OTUB2|KIT|EDC4|JAK2|VWA5A|NNT|UBE2D3|TMEM104|GLUL|SCN1B|H2BC8
GSE3720_UNSTIM_VS_PMA_STIM_VD1_GAMMADELTA_TCELL_DN	0.354623450905624	0.824525816530896	-0.319637644264259	-1.04892860287761	2231	98	SRGAP3|AQP1|IQCD|TASP1|CXCL1|MYO16|TBKBP1|CASKIN1|CRISPLD2|PGF|DIPK1C|OFCC1|MUC1|ANKS3|TMEM87B|NBL1|RTBDN|IL18RAP|FHDC1|DPY19L1|AP1S1|PRSS2|GAS6
GSE46606_DAY1_VS_DAY3_CD40L_IL2_IL5_STIMULATED_IRF4_KO_BCELL_UP	0.354271740791686	0.824525816530896	-0.29879899162059	-1.04170910313978	2317	160	TFAP2E|AKNAD1|TRAIP|COX6B1|RIMS4|SLC26A10P|UCP3|PALD1|ZNF580|SLC29A2|C19orf67|CCNL2|NDUFS8|ZDHHC23|GALR3|KLHL4|MZF1|DLK1|VPS72|SORBS3|HSD17B7|NECAP2|HYAL3|RAB40C|SIRT6|GALE|ELOVL1|MNX1|ERAL1|LMBR1L|SLC38A5|ENTR1|UBE2M|RWDD4|CCDC137|SPATA33|CTSH|MINDY4|SRF
KUUSELO_PANCREATIC_CANCER_19Q13_AMPLIFICATION	0.353999301432064	0.824525816530896	-0.396904756339145	-1.06396407441142	2026	30	LRFN1|SELENOV|PLEKHG2|SUPT5H|EID2B|GMFG|RPS16|C19orf47|AKT2|DLL3|ZNF780A|TIMM50|ZNF546|DYRK1B
LIM_MAMMARY_STEM_CELL_DN	0.354538087520259	0.824525816530896	-0.272122447992604	-1.03266588805112	2624	390	SULT2B1|ANO9|PAK1|TRAPPC6A|SLC22A18|MAPK13|NHLRC3|CD14|ELAPOR1|SNORC|LYPD3|DBNDD2|CLDN7|NUP210|PPFIBP2|ALKBH6|ELMO3|ZDHHC12|PACSIN3|PRKCZ|HDAC10|P2RX4|SYNGR1|CACFD1|SH3BP2|VILL|PYROXD2|TCIRG1|IFI35|MARVELD3|ELL3|GCA|TPD52|DENND11|SORBS2|CIB1|LGALS3BP|LSR|TPCN1|CRACR2B|ZSCAN20|OS9|TMEM139|BCL3|CASZ1|ESR1|MBOAT1|DHRS4|MUC1|TIRAP|ZDHHC24|SLC16A5|TBC1D8|POMT1|ORAI1|RFX1|STXBP2|RASSF7|SMIM1|SIL1|MRPS21|SNX8|OXLD1|RAB11FIP4|SCYL3|SLC35D2|GALE|DHCR7|SLC39A11|GRTP1|GRB7|SIGIRR|NHSL3|TK2|NUDT1|GIPC1|WNK4|PAFAH1B3|PNPO|CAPG|SPINT1|STARD10|NEU1|NUDT2|NDUFA7|SLC25A35|TMEM128|COASY|C11orf71|NAT1|GSTO2|MPI|ADAT1|CHCHD5|TNFAIP2|KIAA0319L|GSTK1|AP1G2|SNX15|FNTB|EHHADH|PIGO|TMEM158|DHCR24|CCDC125|RALGPS1|ACAD10|SERINC3
REACTOME_RND2_GTPASE_CYCLE	0.354448398576512	0.824525816530896	0.352266120593816	1.05115205753268	1493	40	LEMD3|DEPDC1B|BLTP3B|RND2|TXNL1|RBMX|PLXND1|KIDINS220|KIF14|ARHGAP5|PRAG1|TFRC|DLG5|DST|KTN1|PKP4|ANKRD26|PIK3R2|VANGL1
VALK_AML_WITH_11Q23_REARRANGED	0.354419021982952	0.824525816530896	0.429912553986923	1.06480571284966	1579	18	NXT2|CD70|HIF1A|ACSL4|C1orf54
VERHAAK_GLIOBLASTOMA_NEURAL	0.35412147505423	0.824525816530896	0.294732981150249	1.03453316035732	1305	105	TCEAL1|CRYL1|SLC30A10|CHN1|SERPINI1|PLCL1|ORC4|ADD3|HPRT1|FBXO3|SPAST|AKR7A3|S1PR1|HPCAL4|ACSL4|USP33|SHTN1|SIRT5|BEST1|CALM2|KCNK1|CCDC121|CRBN|PPA1|MORF4L2|TSNAX|ANKRD46|CYRIB|POPDC3|LYRM1
YAO_HOXA10_TARGETS_VIA_PROGESTERONE_UP	0.354394693200663	0.824525816530896	-0.336690771037335	-1.0521078091898	2136	70	TNS2|AQP1|PBX3|CRIP2|APOE|DBP|FLT1|RARRES2|CFD|SLC27A1|CYP2F1|AKAP8L|THBD|NBL1|NR4A1|ID1
REACTOME_REGULATION_OF_ENDOGENOUS_RETROELEMENTS_BY_KRAB_ZFP_PROTEINS	0.35486469072165	0.824758454610771	-0.324015293424872	-1.04728106511389	2202	88	H4C4|H2AC20|ZNF331|H2AC7|H2AC8|ZNF224|H2BC13|H2BC17|H4C11|H4C3|H3C12|H4C14|CHD4|H3C13|ZNF534|H4C2|CHD3|H2BC5|MBD3|H3C2|H2BC12|H2AZ2|ZNF324|ZNF519
SA_B_CELL_RECEPTOR_COMPLEXES	0.35499316005472	0.824866051071591	0.405185073526173	1.06338565661013	1556	23	VAV2|MAP3K1|VAV1|MAPK1|ELK1|ATF2|PAPPA|SOS1|RPS6KA3|MAP2K1|SHC1|BCR|RAC1
GSE15930_STIM_VS_STIM_AND_IL12_48H_CD8_T_CELL_DN	0.355223880597015	0.825020202089967	0.273345717870421	1.02737478267141	1189	176	BATF|PRNP|IL12RB2|TNFSF4|RNF11|LGALS3|ARL5A|EIF2AK3|SCOC|CLDND1|NEDD4|LRBA|IL18R1|UBA5|LDHA|PLEKHA5|NAB1|OAT|SLK|ABCB10|RRAD|IL1RL1|NKAIN1|KIT|ANKRD28|SKAP2|HERPUD1|CPOX|SQOR|ACSL1|CRABP2|RBPJ|DBF4|RFK|TSG101|ZMAT3|TASOR|STX7|SUB1|CD93|GGH|YIPF4|TAX1BP1|DSTN|CISD1|FABP5|SPOP|LYSMD2|CDS2|ERCC4
GSE40274_CTRL_VS_FOXP3_AND_SATB1_TRANSDUCED_ACTIVATED_CD4_TCELL_DN	0.355157795572303	0.825020202089967	-0.308186833300523	-1.04345794440048	2261	125	AQP1|CDPF1|IFI30|COPS9|ANAPC11|LHFPL5|CCS|DGKD|CUL9|ARHGAP45|LENG9|ACVR1B|STAB1|NRTN|TIMP1|AFAP1|UQCC4|SDHAF4|IGSF3|TSEN34|POLG|TSC22D1|PACSIN1|RNF220|ABCD4|MICAL1|GAS6|CENPB|BCL7A|TBX1|HABP4
BRUECKNER_TARGETS_OF_MIRLET7A3_UP	0.355489773950484	0.825062160107209	0.298848422312514	1.03469800905663	1320	97	PITPNC1|RHOV|FOXA1|LGR4|GLMN|FAM107B|AKAP12|IPO7|ETNK1|RAB3D|ATP1B3|SLC38A2|GLIS3|PERP|PLA2G4A|OSGIN2|NFE2L2|B4GALT5|TMEM230|PTPN12|LRP11
GSE13306_TREG_VS_TCONV_SPLEEN_UP	0.35554903112155	0.825062160107209	0.273991211303706	1.02497109209973	1210	169	TSPAN32|RTL6|RGS2|MYOM1|ABITRAM|ELAPOR2|IL10RB|CYP26A1|STARD9|FAM107B|ZNF608|FGGY|MLF1|DOCK7|PROCR|OAT|RELN|TCEA3|TCEAL8|MAP3K21|BACH2|SNX3|SLC25A3|ZSCAN29|SOCS2|HBEGF|NFATC2|KIF5B|BCL2|SEC24A|CNOT6L|ELOVL6|ARHGAP5|VAMP3|CNDP2|ALDH1A2|PTPRJ|RSF1
LEE_LIVER_CANCER_ACOX1_UP	0.355570721719843	0.825062160107209	-0.356809431659	-1.0522783779434	2083	50	PLAT|SPON2|MT2A|IGFBP2|SORBS2|LGALS3BP|TBC1D8|SGK1|CTSL|RPL36|RAP1GAP|MFGE8|HOXC6|NIBAN1|CSTB|LY6E|ABHD2
SESTO_RESPONSE_TO_UV_C5	0.355351976856316	0.825062160107209	0.344154132319595	1.04867500446509	1473	45	ITGB4|TGFBR2|MME|YES1|SLK|EPS15|CBFB|NFE2L2|MYC|CLIP1|SHB|RBBP8|PUM1|ZNF148|CKAP5|EIF2AK2|NCOR2|MCL1|STAT1
GSE12198_CTRL_VS_HIGH_IL2_STIM_NK_CELL_UP	0.355934762911507	0.825270219609417	-0.29572870813798	-1.03999672170442	2356	173	PLEKHN1|POU2F2|ANKEF1|CLBA1|GTF2I|TSPAN5|HSD17B13|TCL1A|HAS1|CASQ2|KIRREL1|SRMS|KLF12|COL6A1|APOD|RSPH9|SLC52A3|AGER|JAG2|BCL3|PGS1|PIP5KL1|SMOC2|CTC1|IL17RA|TTC4|NDEL1|ENTPD6|OAZ1|SLC66A2|ARFRP1|RNF220|PDLIM4|WNT5B
GSE19374_UNINF_VS_LISTERIA_INFECTED_MACROPHAGE_UP	0.356348074179743	0.825270219609417	0.279153005660029	1.02701058122292	1248	149	EXO5|PPP2R3A|ZNF573|DHX58|CCDC7|CDH18|ZFPM2|RUNX2|EGR1|MEF2C|HIBCH|DAPK2|KCNJ8|RNF115|C19orf73|SCARF1|SYCE1L|CA3|SGK2|GATA4|RNF144A|HAUS5|PCF11|PPIG|ITGA2B|TMEM230|ACTR2|TUBB1|GTF3A|DCAF4|GPD1L|CD93|MID1|HMGB1|ZNF148|ASCC1|BZW2|VIL1
GSE21063_CTRL_VS_ANTI_IGM_STIM_BCELL_8H_UP	0.356485355648536	0.825270219609417	0.283682661908856	1.03079328245595	1277	134	DNAJB2|STAP1|PPP1R3D|SESN3|HERC3|GPR174|NCOA3|EGLN3|TMEM64|AP1S2|RFX5|ETNK1|NAB1|GRIK1|ETV5|PROKR1|TRIB1|FAM124B|P2RX7|GPR183|SH3PXD2B|CD274|EGR2|SAMSN1|ANGPT1|ITM2A|EPCAM|CLIC4|CHSY1|HMGN3|EEIG2
GSE41867_LCMV_ARMSTRONG_VS_CLONE13_DAY15_EFFECTOR_CD8_TCELL_DN	0.355800590153751	0.825270219609417	-0.303943894700476	-1.04281642130118	2290	140	GLYCTK|IQCD|PAQR6|PLLP|CLDN7|NALF1|CASC15|FAAP100|TECPR2|PNCK|TEX19|LAMA5|DBP|CBX8|ABCA17P|INGX|ZNF763|MYH7B|JMJD8|NAPSA|PLEKHA1|GUCA1B|SLC25A25-AS1|MMP15|CSGALNACT2|MIB2|SLC22A23|HDAC7|DOT1L|ITFG2
GSE45365_NK_CELL_VS_BCELL_DN	0.356424884542244	0.825270219609417	0.292169080682778	1.03377627026694	1311	111	PDK1|CD3G|DOK2|SLC9A2|FXYD7|PDE3B|CNOT8|TRIM6|TMEM143|CCRL2|NOL11|BMI1|FAM199X|MXI1|UGCG|VPS37D|SLC4A11|ACVR1C|OPRL1|PLA2G4A|PDE4D|PIN1P1|RAB19|ARL5B|ANGPT1|SCIN|TMEM70
HALLMARK_INTERFERON_GAMMA_RESPONSE	0.356044618631293	0.825270219609417	0.272475029238534	1.02749710859817	1180	181	ITGB7|ST8SIA4|PTPN6|CD69|CD40|IFIH1|MX2|CCL5|DHX58|CCL2|HLA-B|NCOA3|ST3GAL5|ARID5B|HIF1A|EIF4E3|PTPN2|PNPT1|MTHFD2|CMPK2|IFIT3|ISOC1|RSAD2|SLAMF7|IFIT1|PLA2G4A|CD274|C1S|XCL1|CXCL11|JAK2|IL10RA|PELI1|NAMPT|CASP3|RAPGEF6
HOFT_PBMC_TICE_BCG_RBCG_AG85A_AG85B_AGE_18_40YO_CORRELATED_WITH_WHOLE_BLOOD_BACTERICIDAL_ACTIVITY_NEGATIVE	0.356193142057383	0.825270219609417	0.371802826268773	1.05448051391058	1526	32	IL12RB2|CCL5|KLRF1|SH2D1B|SYNE1|SLC4A4
KEGG_MEDICUS_REFERENCE_VGCC_CA2_APOPTOTIC_PATHWAY	0.356564748201439	0.825270219609417	0.424269139684932	1.06408891011916	1585	19	VDAC1|MCU|CASP3|SLC25A5|VDAC3|SLC25A4|VDAC2
KEGG_TYPE_I_DIABETES_MELLITUS	0.355889145496536	0.825270219609417	0.396042703798084	1.058473408178	1540	25	PTPRN|HLA-B|CD80|ICA1|HLA-C|HSPD1
MATZUK_SPERMATID_DIFFERENTIATION	0.356099278296075	0.825270219609417	-0.402631022159248	-1.06337059499109	2022	28	YBX2|PIWIL1|CIB1|H1-7|SLC4A2|SIX5|LMTK2|PAFAH1B1|HIP1|SLC12A2|IP6K1|CELF1|PARP2
REACTOME_SIGNALING_BY_SCF_KIT	0.356291706387035	0.825270219609417	0.349627849932475	1.04845405305326	1494	41	PTPN6|SRC|SOCS6|FER|YES1|PIK3CA|VAV1|KIT|JAK2|NRAS
MARTINEZ_RESPONSE_TO_TRABECTEDIN	0.356917858008238	0.825897062860004	0.341128774418755	1.04378448554726	1472	46	XRCC4|LRBA|ME1|GNAQ|DDX10|POLA1|TCF12|MGMT|PCCA|ADK|EIF4G3|FTO|GBE1|AP3B1
COWLING_MYCN_TARGETS	0.357305336832896	0.826178514572263	-0.390446780736351	-1.05886390621111	2041	32	TAGLN|PBX3|GRIA3|APH1B|NLRX1|PRSS30P|DDAH2|SAMD9L|TK2|MFGE8
GSE1460_INTRATHYMIC_T_PROGENITOR_VS_DP_THYMOCYTE_UP	0.357752280082377	0.826178514572263	0.275373501725262	1.02704873669278	1215	166	ZC2HC1A|ARMCX1|TNFSF4|PKD2|PDE3B|IMPACT|NBN|ZNF550|BMX|DUSP22|ABCE1|RRAS2|PLPP3|PLA2G4C|MYEF2|XYLT1|RNF144A|ABHD14A|SAMSN1|SOCS2|MTCP1|XKR8|NUBPL|WT1-AS|CD24|DRAM1|RIOX2|APEX1|RBM47|GPD1L|PTGER3|OPN3|ETF1|GNL2|ZNF460|PCNA|XPOT|BRIP1|EMD|HACD1|TFRC|PAICS|INTS7|SCN9A|RNF130|VIM|WDR3
GSE17580_TREG_VS_TEFF_DN	0.357809208546494	0.826178514572263	0.271387984432335	1.02660549903959	1188	184	MEIS1|DOP1B|SLC22A4|ARID2|NXN|HVCN1|TCF7|ZNF436|BLTP3B|VSIR|ABHD3|DOCK7|ETV3|ATG2B|PLEKHA5|PNPLA7|NUP153|YWHAG|ATP1B1|UHMK1|IBTK|DYM|RAP2A|TNKS2|SYNE2|TANC1|IFITM10|TXK|OTUB2|FCGRT|ZFP14|NFE2L2|EIF5B|ZNF521|PRKD3|HEATR1|PIK3CG|CD47|PEX5|ZDHHC5|KBTBD2|HMGCS1|ATP6V1A|ATP11B|CHP1|STARD7|ANKMY2|FZD5|NUP50|INTS7
GSE27786_CD4_TCELL_VS_MONO_MAC_DN	0.35759209344115	0.826178514572263	-0.292985948004858	-1.0374562695858	2387	182	TSGA10|TRPM2|LRRC56|MADCAM1|FGD3|AXL|TSPAN5|DHRS1|PWWP2B|KCNC4|RENBP|TECR|NCCRP1|TPD52|RDH12|GPC1|TMEM86A|ACSL6|FBXL19|ARHGEF26|TPPP3|FBLIM1|NDUFAF3|IRS2|BATF2|COMMD1
GSE41176_WT_VS_TAK1_KO_UNSTIM_BCELL_DN	0.357220581377273	0.826178514572263	-0.30475495266309	-1.04333522997465	2297	137	ACKR1|MAPK13|ADGRG3|DYNC2H1|ARHGAP33|H2BC13|SLC35F3|ADM2|SVOP|CFD|DUS2|NPAS1|ELMOD3|JAG2|ANKRD63|PRDM16|SLC6A16|LRRC20|HOXC8|GGT7
GSE5455_EX_VIVO_VS_POST_24H_INCUBATION_MONOCYTES_FROM_TUMOR_BEARING_MOUSE_UP	0.357217651458489	0.826178514572263	-0.292604662567615	-1.03874360808582	2387	188	COX6B2|VWA7|BRME1|DHRS1|TIMM8B|NDUFB2|UQCR10|MFSD13A|MRPL14|DNAJC15|NAA38|CHCHD10|KLF7|TPD52|PHB1|ST6GALNAC6|PTGIR|NDUFA11|ZBTB3|MIF|TMEM107|NDUFS8|PSMG4|TBCB|PHLDB1|CAMK2N2|SDR39U1|COBLL1|LRRC75A|LIG1|ACYP2|PXMP4|CHCHD6|PELP1|MZT2B|SF3B5|SMDT1|SEMA4C|UQCRQ|NTHL1|CDC42EP4|RAB11FIP4|RNF121|ITGB1|SFMBT1|MAPKAPK2
HALLMARK_REACTIVE_OXYGEN_SPECIES_PATHWAY	0.357740228707971	0.826178514572263	-0.359956647407479	-1.05138716453131	2095	47	FES|CDKN2D|G6PD|TXNRD2|ATOX1|NDUFA6|MSRA|JUNB|SELENOS|LAMTOR5|ERCC2|STK25|PTPA|PFKP|NDUFB4|EGLN2
KEGG_MEDICUS_REFERENCE_MICROTUBULE_DEPOLYMERIZATION	0.357862540482188	0.826178514572263	-0.426565330887771	-1.06367914265143	1988	22	TUBA3E|AURKB|TUBB2B|TUBA1B|TUBB3|KIF2C|TUBA3C
KEGG_MEDICUS_VARIANT_MUTATION_ACTIVATED_FGFR3_TO_RAS_ERK_SIGNALING_PATHWAY	0.357682060390764	0.826178514572263	0.44508705439912	1.06605300847086	1610	16	MAPK1|SOS2|NRAS|MYC|BRAF|SOS1|MAP2K1|RPS6KA5
LASTOWSKA_NEUROBLASTOMA_COPY_NUMBER_UP	0.35777477882741	0.826178514572263	-0.294695723869027	-1.04012755268019	2385	177	CCR7|ANAPC11|DPH1|SLC38A10|TRPV2|NAT9|EPN2|SGSH|RPL23|PHB1|CTDNEP1|SRR|KSR1|NDUFAF8|ATP2A3|SLC25A19|AXIN2|RPL38|CTC1|TACO1|ICAM2|PIGL|MCRIP1|TRAPPC1|NDEL1|DHRS7B|ATPAF2|TMEM199|PYCR1|SLC35F6|GPS1|ACADVL|HSD17B1|CBX2|TK1|SMURF2|MINK1|PAFAH1B1|NEURL4|PMP22|BAIAP2|FLII|SCPEP1|ATP5MC1|UBE2O|TSEN54|PTRH2|ARMC7|FTSJ3|P4HB|NEK8|CHRNB1|TOM1L2|MYO1C|MRPL58|ZNF18|SLC25A10|NCBP3|BIRC5
KEGG_MEDICUS_VARIANT_MLL_AF4_FUSION_TO_TRANSCRIPTIONAL_ACTIVATION	0.358262108262108	0.826910793914703	-0.420076066330542	-1.06024468128749	2011	23	IGF1R|PBX3
GSE22886_IGM_MEMORY_BCELL_VS_BM_PLASMA_CELL_UP	0.358371040723982	0.826942937751573	0.271216186072038	1.02656712572714	1187	185	DCK|TENM1|C2CD5|TGFBR2|ZNF573|WDFY3|SGPP1|USP25|CORO1A|ZBTB18|RFX5|AKAP11|TNFAIP8|SYPL1|SACS|OPA1|ADD3|PPP1R12A|RPL39|FAM13B|RBL2|ESD|NCR3|S1PR1|PAX5|CR2|SLC4A4|CASP8AP2|BACH2|NFYB|AGL|TDP2|REL|MRPS35|EEF1A1|STK24|ENDOD1|BAZ1A|KLRG1|MAPRE2|SEPTIN7|ELOVL5|PPP1R16B|TIA1|APC|RPA2|MTF2
GSE360_CTRL_VS_B_MALAYI_LOW_DOSE_DC_UP	0.358440797186401	0.826942937751573	0.273672640348042	1.02478276723463	1222	170	ZNF75D|CETN3|ASB9|ARIH1|MT1X|CBX7|TMED2|CLK1|SDCBP|RPL21|PLCH1|NCR3|WNT2B|MYEF2|PPY|IGFBP5|IFIT5|TMF1|NCAM2|RRM2|CELF2|RBPJ|ZFC3H1|CDKN1B|S100A10|C1D|AP4S1|ZSCAN9|RFC1|SNW1|CAND1|GBE1|RPL7|RPS24|MAPK9|MKLN1|PPP2CA|P4HA1|ZMYM2|KBTBD2|CDKN3|RAB14|CETN2|ZNF460|ASTN1|AVL9|ALDH1B1|BLM|ETV6|SERTAD2|THUMPD1|SKP2|NFIA|PHF8|EXO1|MCL1|CARD8|VDAC3|TBC1D4|KTN1|CCDC69|ZNF7|RHOC|MFAP1|HNRNPA3|DDX17|STIM1|ZCCHC24
HALLMARK_E2F_TARGETS	0.358989960450259	0.828019582490739	0.268251338444225	1.02573585687888	1179	199	DCK|PLK4|CKS2|BRMS1L|TOP2A|NBN|MTHFD2|MSH2|IPO7|NUP153|NUP107|GINS1|CCP110|KPNA2|ORC2|MAD2L1|PDS5B|DONSON|TIPIN|NUP205|HUS1|ZW10|CDK1|RRM2|TRA2B|SMC6|EIF2S1|SMC3|CDKN1B|RFC1|MYC|STMN1|DSCC1|RACGAP1|RPA2|CDKN3|RAD21|PCNA|SRSF1|PSIP1|WEE1|MMS22L|SMC4|ATAD2|LMNB1|TFRC|CENPE|RFC3|PMS2|PAICS|CCNB2|RBBP7|BUB1B|RAD51AP1|DEPDC1|EED|POLD3|DLGAP5|CSE1L|MELK|EXOSC8|NCAPD2|HMGB2|NAP1L1|GINS3|TCF19|RPA3|BRCA1|ASF1A
GSE24142_EARLY_THYMIC_PROGENITOR_VS_DN3_THYMOCYTE_FETAL_DN	0.35910447761194	0.828093440447658	0.273046390735774	1.02624975626784	1202	176	LIPG|TM6SF1|ITGB4|EIF2AK3|HSDL2|CD164|REC8|DNAH8|TBCA|DHX40|EDARADD|WSB2|SH3BGRL2|RRAS2|ATP1B1|LMO7|PPP3CB|SYTL3|SYNE2|GFI1|SYNE1|TXK|ATP8A1|EHD3|SLC35D1|TRIM24|DNAI4|DUSP10|LDHB|NATD1|DSG2|TGFBR1|ANKRD46|TMEM230
GSE15930_NAIVE_VS_72H_IN_VITRO_STIM_CD8_TCELL_DN	0.359360868254447	0.828140698591936	0.270857936086844	1.02758378699598	1191	188	DCK|LGALS3|IL10RB|PLK4|HSDL2|MNS1|TOP2A|ANLN|IL18R1|NBN|RFC4|NDFIP2|CKAP2|SH3BGRL|NCBP2|SAAL1|CMPK2|HK2|MRPS22|NUSAP1|MAD2L1|XCL1|PDS5B|SKAP2|RBL1|CDK1|DDX52|RBPJ|RFC5|BUB1|DECR1|RIOX2|TTC33|DTD2|RIDA|STMN1|RNF14|RACGAP1|TAMM41|ECPAS|RCN2|CYB5B|NSMAF|AK3|ZDHHC16|HTATIP2|CKAP5|HPF1|LMNB1|FDFT1|PCLAF|CISD1|DCAF12|ELOF1|IDI1|BLMH|CCNB2|RNASEH2B|MSMO1|ACOT7
WP_COMPLEMENT_AND_COAGULATION_CASCADES	0.359241544243253	0.828140698591936	-0.362278449276846	-1.04947699355978	2102	45	PLAT|C3|CFD|C8G|SERPINE1|C5AR1|THBD|F2R
WP_LNCRNA_IN_CANONICAL_WNT_SIGNALING_AND_COLORECTAL_CANCER	0.359372472909591	0.828140698591936	-0.328882779273878	-1.04557697628533	2221	77	WNT11|FZD9|CSNK2A3|CTBP2|FZD7|WNT3|CCND1|MACROH2A2|FZD3|AXIN2|DVL1
REACTOME_PI_3K_CASCADE_FGFR1	0.359680284191829	0.828659787174107	0.444470768354213	1.06457690714246	1619	16	FGF5|PIK3CA|FGFR1
JIANG_MELANOMA_TRM3_CD8	0.360016198704104	0.829188758489217	-0.270980330581102	-1.02929293170381	2666	397	LAG3|ZNF331|TYMP|ANAPC11|TMEM258|COX8A|MT2A|LYST|PSMB9|COX6A1|TAP1|IFITM1|RABAC1|CCDC167|BSG|COX5B|PDCD1|UBL5|COPE|CYTOR|COX17|PHPT1|DNPH1|IFITM2|ROMO1|IFI16|COX6B1|HSD17B10|MPG|IFI27L2|IL2RG|UBB|ENTPD1|TSHZ2|MX1|FAS|SEC61B|PCED1B|IFITM3|GET3|SNRPB|GBP2|CALR|SP100|SF3B5|TSPO|DUSP4|ISG15|PSMB6|TXNDC17|EWSR1|CTSD|PRF1|NDUFA6|RNF181|GMFG|CDK2AP2|ATP5PF|TRAPPC1|RILPL2|DCTN3|HMGN2|CARHSP1|WDR83OS|ATP5IF1|RBX1|TNFRSF1B|MYL6|OAZ1|CD2BP2|TANK|MIR4435-2HG|ID2|NUDT1|H2AZ2|CLTA|TUBA1B|CD3D|LMNA|NDUFB11|NIBAN1|POMP|RPS26|ATP5F1D|PSMA7|SH2D2A|ATP5MG
PID_AVB3_OPN_PATHWAY	0.360157699443414	0.829188758489217	0.379937793401701	1.05688504461708	1552	29	CD44|MAP3K1|PIK3CA|ROCK2|MAPK8|MAPK1|SPP1|RHOA
SHEN_SMARCA2_TARGETS_DN	0.360127684271619	0.829188758489217	-0.285277580319224	-1.03473375807367	2481	231	CATSPERZ|ADD3-AS1|POU2F2|NHLH1|C3|TLX1|RHBDD3|CHST12|TLR6|ACTL8|GABRG2|HSF2BP|TCL6|LBP|B3GNT4|CA12|SLC6A13|PRDM16|TSHZ2|DCT|CPSF1|IL18BP|RPL13P5|AMHR2|SPTB|CSNK1D|MTMR8|DIAPH1|CPNE7|DPF1|BMP1|CCDC9|GNL3L|MYBL2|CLCF1|FBXO31|TROAP|NOCT|ESPL1|MIER2|GOLGA2|CCNF|GPR3|C15orf39|TNFAIP2|ALAS2|CRCP
WANG_METASTASIS_OF_BREAST_CANCER_ESR1_DN	0.360333256190697	0.829402711681315	0.382254118148729	1.05327883033699	1556	28	ETV2|CD44|LST1|TESPA1|CAPN2|BICD1|ORC3|SLC35A1|CNKSR1|EIF4EBP3
REACTOME_PEROXISOMAL_PROTEIN_IMPORT	0.360513960958735	0.829628413595548	0.325504375308482	1.04139378739467	1458	59	MLYCD|PEX12|PAOX|ACOX3|PECR|PEX1|GNPAT|IDH1|AGPS|SCP2|PEX13|UBE2D3|PEX5|UBE2D1|TYSND1|IDE|PEX2|ZFAND6
BONOME_OVARIAN_CANCER_POOR_SURVIVAL_DN	0.361488904795991	0.831226204973946	-0.429691554674691	-1.06284074269304	2019	21	IL18BP|BOP1|GRK6|DNASE2|CLN6|LPAR2|EHMT2|SRRT|FCHO1|ASPSCR1|PPAN|COLGALT1|TWNK
CASORELLI_ACUTE_PROMYELOCYTIC_LEUKEMIA_UP	0.361768901569187	0.831226204973946	0.276923376913209	1.0264662419425	1267	156	FOSB|ZNF185|CD44|RGS2|JMJD7-PLA2G4B|RNF11|WDFY3|FGF13|ST3GAL5|PDE3B|ZBTB18|ABHD3|KLF10|FNDC3B|NFYA|AP1S2|H2BC21|NR4A2|PLEKHA5|PSMA1|SPRY2|DMXL2|AAK1|ATP1B1|TRIB1|COL4A5|CD96|GFI1|GPR183
GOTZMANN_EPITHELIAL_TO_MESENCHYMAL_TRANSITION_UP	0.361787934800874	0.831226204973946	-0.342282285462751	-1.04902446401339	2152	63	COL18A1|TIMP3|ACTA2|COL1A1|TGFB3|GLG1|SERPINE1|TIMP1|PDGFA|ITGB1|KIFC1|RPSA|PAFAH1B1|GATA2|TRAF3|MCM3|JUN|CHRNB1|FURIN|FN1|SNAI1
GUO_HEX_TARGETS_DN	0.361652115513768	0.831226204973946	-0.343421375940499	-1.04509096698412	2153	60	ADAM19|ENG|HBB|C17orf49|STAB1|IFITM3|LIG1|GFI1B|SMIM1|SOX18|KIFC1|TMED4|RNF149|DCTPP1|POLR2J|BCL6B|CAVIN1|GSTK1|GATA1|FXN
REACTOME_CA_DEPENDENT_EVENTS	0.361558199206905	0.831226204973946	0.36513318622658	1.0497131661926	1549	34	CAMK2B|PRKAR1A|KPNA2|MAPK1|PLA2G4A
SCHMIDT_POR_TARGETS_IN_LIMB_BUD_UP	0.36150126640571	0.831226204973946	0.390237151857844	1.05456578421992	1569	26	CYP26A1|AASDH|SC5D|INSIG1|ACLY|ELOVL6|STARD4|HMGCS1|ACAT2|FDFT1|IDI1|MSMO1
WP_FATTY_ACIDS_AND_LIPOPROTEINS_TRANSPORT_IN_HEPATOCYTES	0.36156533892383	0.831226204973946	-0.275630379762479	-1.03011257646972	2586	325	SSC4D|RINL|APOA1|APLP1|ATP9B|CUBN|RAB34|APOL1|CPT1C|ACADS|PACSIN3|LCAT|TNK2|CLN3|RUFY1|HOOK2|APOE|DGKD|EPN2|APOC1|ECI1|OSBPL5|SGIP1|DENND1C|CLIP3|CD163L1|LOXL3|HSD17B10|AGER|APOBR|ATP9A|ACSL6|LGALS3BP|LSR|TOM1|STARD3|PEX7|MTLN|SLC27A1|G6PD|USP20|SCARB1|INPPL1|BIN1|NSDHL|LSS|BIN3|HSD17B7|RALBP1|NECAP2|STON1|RIN1|ABCD1|PPARD|SELENOS|ACAA1|ABL1|HIP1R|DHCR7|PACSIN1|LMBR1L|CTTN|MVD|CLTA|SH3KBP1|CDC42|PCSK9|BCL2L1|ECH1|ABCD4|CPT1A|CLCN5|C9orf72|HIP1|SESN2|AP2M1|EBP|CSNK1G3|CD320|MYLIP|OPHN1|EHHADH|CYB5R3|PACSIN2|DHCR24|ATP6V1H|FCHO1
GSE26912_TUMORICIDAL_VS_CTRL_MACROPHAGE_UP	0.361944777911164	0.831396265600062	0.272209552013196	1.02524825468203	1205	179	NKIRAS1|DPF3|TBCEL|CFL2|CRYL1|PKD2|PLD1|JKAMP|HIC1|PTGS1|XPR1|ARPP19|PGRMC2|GCLM|PLGRKT|RNF6|CFAP418|FBXO15|WWTR1|COPZ2|SERPINB5|SLC4A4|TDRP|NCKAP1|SLC25A36|PDS5B|LDHB|PCYOX1|NDUFA5|RAB28|ANKRD46|BMPR1A|FZD4|SCAMP1|KDM3A|AKIRIN1|ATP2A2|DMTN|RIDA|ELOVL6|MGST1
GSE20727_H2O2_VS_ROS_INHIBITOR_TREATED_DC_DN	0.362218890554723	0.831455116256187	0.26989212169397	1.02548209062961	1207	189	ZBTB26|CAMKMT|EGR3|FOXO1|TGFBR2|RAD52|HVCN1|CAMSAP2|TCF7|TMCC1|BBS2|GGPS1|ERBIN|RMDN1|PPP1R3B|NPM1|NIPSNAP2|TSPAN13|UTRN|CLK1|SKIL|HSD17B11|S1PR1|TXK|RUNDC3B|ATP8A1|FLCN|LDHB|ZDHHC17|ITM2A|CARD6|PRMT3|ZMYM5|BFAR|CDKN1B|HEATR1|KLHL6|BRAF|PFKFB2|IKBKE|MTMR2|USP12|RABGAP1|BZW2|MYCBP2|ATXN7L1|RPL5|EIF4B|AMER1|BTG1|ZYG11B|CCDC66|ZC3H8|ARID1B|LETM2|CCDC28A|TBC1D15
WINTER_HYPOXIA_METAGENE	0.362138638483059	0.831455116256187	0.266802073382716	1.02674425038069	1164	211	TCEAL1|CXCL8|EGF|CCNG2|HERC3|HIF1A|BACE2|BATF3|ANGPTL4|PDGFB|BNIP3L|EGR1|PTGS1|LDHA|PFKFB3|MXI1|HSPH1|CLK1|SIAH2|TBPL1|HK2|CNOT7|COL4A5|SPP1|TGFBI|IGFBP5|CALD1|ELL2|LDHB|SLC20A1|INSIG1|HERPUD1|CDK1|RBPJ|ABCB1|HSPD1|CDKN1B|ACAT1|ANXA5|GBE1|CITED2|BIRC2|ANXA1|GPI|P4HA1|ARHGAP5|ADORA2B|AK3|TIMM17A|BHLHE40|TFRC|CCT6A|FABP5|BTG1|PAICS|RIOK3|DKC1|PNP|PPAT|VIM|HSPA5|BNIP3|ALDOA|PSMA3|PLAU|PGK1|NR3C1|VPS51|FKBP4|TXNIP|ALDH1A1
WP_CHRONIC_HYPERGLYCEMIA_IMPAIRMENT_OF_NEURON_FUNCTION	0.362059905412507	0.831455116256187	-0.385722668199613	-1.05264426142691	2066	33	C3|TRPA1|PRKCZ|MMP1|AGER|TKTL1|MMP15|SLC2A3|MMP17
GSE21063_CTRL_VS_ANTI_IGM_STIM_BCELL_3H_UP	0.362770695745661	0.831676730168904	-0.298739185735184	-1.03812835114114	2361	157	A1BG|RCAN3|ENKD1|RASGRP3|SNN|CARD19|HELB|KCNK5|SYNE3|EEIG1|SNX30|ADAMTSL4|MICU3|LSR|CAPN12|NCAN|HSBP1L1|MBOAT1|AXIN2|FBXO41|DUSP4|CTC1|FBXW9|RASSF7|ZBTB20|B4GALT2|SNHG12|TUBG1|CAPG|ST8SIA1|RPL35|MRPL4|NCLN|MPI
GSE22935_WT_VS_MYD88_KO_MACROPHAGE_UP	0.362805334931815	0.831676730168904	-0.292687292432101	-1.03510065190616	2420	180	TGFB1I1|FES|TYROBP|STX11|SEMA4D|IFI30|CD37|HEPACAM2|SLC38A10|TRPV2|TMED9|GSDMD|SRD5A3|TCIRG1|CD48|ITGAX|SIAE|PILRA|LGALS3BP|ERMARD|PTK2B|PLOD3|PKP3|SLC25A45|CREB3L1|KMT5C|KCNN4|SHISA5|IL17RA|MFSD10|PISD|CNPY3|PPP1R18|INPP5D|PDLIM4|LAMP1|AP1B1|ITGA5|NIBAN2|CKLF|FRRS1|ESPL1|AP1S1|CSTB|PEDS1|METRNL|SH3BGRL3
GSE8921_3H_VS_24H_TLR1_2_STIM_MONOCYTE_DN	0.362520580751385	0.831676730168904	-0.29252306029604	-1.03643275845646	2421	183	ZNF341|TRIM29|MAPK13|ADGRG3|PROB1|PYCARD|UQCR11|MINDY1|TRIO|PRPF31|MICALL2|KLF7|SEC14L4|MAP1LC3A|CAGE1|LSR|MIF|UQCC5|TMCO6|ELMOD3|WDR83|TRIB3|GPR146|TRADD|DUSP4|SMDT1|DGAT1|TRPC4AP|TSC22D4|GALE|PER1|PRELID1|UBE2J2|KLF13|IL15RA|SPINT1|TAX1BP3|MAFG|AARS1|CCNO|MIER2|S100A6|UPP1|SH3BGRL3|CAVIN1|NUDC|DNAJC1
KEGG_MEDICUS_REFERENCE_BCR_PLCG_CALCINEURIN_SIGNALING_PATHWAY	0.362639821029083	0.831676730168904	0.436028438445154	1.06206213570062	1620	17	PPP3CB|CALM2|NFATC2|PPP3R1|BTK|PPP3CA
LANDIS_BREAST_CANCER_PROGRESSION_DN	0.362812552441685	0.831676730168904	-0.344966056810115	-1.04509409173243	2161	58	COL18A1|LAMB1|RAB34|COL1A1|ETFB|COL6A3|DGAT1|THBD|SULT1A1|HEPH|ACAA1|GPAM|S100A6|GAS6|UCK1|H6PD
ZHAN_V1_LATE_DIFFERENTIATION_GENES_DN	0.362554904831625	0.831676730168904	-0.468266968498064	-1.06937302343708	1980	15	H2AC8|DDB2|ARHGAP45|SNRPB|MAP4K1
GSE360_CTRL_VS_T_GONDII_DC_DN	0.362905671822869	0.83170025884885	-0.29632278171591	-1.03855285677433	2392	168	MATN1|CCR7|STX11|SEMA4D|N4BP2L1|FICD|APOL1|MAG|TAP1|AATK|IFI35|KLF7|LBP|AURKB|TMEM109|GAL|USP20|IFITM3|DCT|TIMM44|DUSP4|AGRN|B4GALNT1|ZBTB5|KIFC1|GNB5|IL15RA|PAIP2B|ICAM4|DUSP5|SOCS3|POLA2|PITPNM1|NMU|MPZL1|TNFAIP2|RELB|GNA12|GALNT2|AK4|ALAS2|OBSL1|TRAF5|PKN2|GATA1|H6PD|EFNA3
GSE21927_HEALTHY_VS_TUMOROUS_BALBC_MOUSE_MONOCYTE_DN	0.36341059602649	0.831925382804607	0.283348042380104	1.0292207310474	1316	132	CCDC120|ZC2HC1A|TMEM182|LUZP4|TNFSF4|PIGZ|DSCR4|HIPK3|RBM11|AMZ2|HAND2-AS1|ZNF514|PUS3|DDX10|DAPK2|HSPA14|IGFL2|ZBTB16|PCDHGA8|SLC22A2|IGFBP5|HAS3|RNF157-AS1|FOXC2
GSE4142_GC_BCELL_VS_MEMORY_BCELL_UP	0.363346975898136	0.831925382804607	-0.294882788535521	-1.03498101733094	2396	171	MATN1|ADAM19|ZNF341|SLC30A4|PLXNB2|STOML1|S1PR5|PAK6|DBNDD2|GDF15|ECM1|RENBP|ZNF692|ING4|MMP1|IGFBP2|MSI1|DCAF11|HDAC4|RHOF|SLC15A2|FILIP1L|MYO9B|GPR107|UNKL|GGT7|STX5|SPHK1|CPNE1|ACAA1|VPS39|NISCH|GIT2|RNF145|TK2|HSPA1A|MYCL|TNIP2|SRGAP2|PIP4P1|PINK1|PI4KA|CLEC16A|SERPINF1|SUGP1
GSE43863_NAIVE_VS_MEMORY_TFH_CD4_TCELL_D150_LCMV_DN	0.363418290854573	0.831925382804607	0.269781765682783	1.02506278193562	1211	189	LIPG|BATF|CD44|NUS1|PUS10|RSL24D1|NBN|HIC1|NOL11|UAP1|HPRT1|TRIB1|MRPL50|PLXND1|SLC19A2|ORC2|HOMER1|SYTL3|GFI1|FRAS1|XCL1|RPS6KA2|EGR2|SOX21|EIF4E|RAP1B|APOO|FASTKD3|ERO1A|SLC25A32|NUP205|DDX18|B4GALT5|NAA50|MTRR|CACYBP|HSPD1|BAG2|CITED2|SEMA7A|IDH3A|MAN1A2|MAK16|ETF1|AGPAT5|SLC9A5|WEE1|MIOS|TMA16|FABP5|PPAT|ATF3|BTG3|TRMT6|RIOX1
KEGG_ALANINE_ASPARTATE_AND_GLUTAMATE_METABOLISM	0.36325532658051	0.831925382804607	-0.394541758593924	-1.0576296965319	2079	30	ADSS1|IL4I1|CPS1|DDO|CAD|ASNS
KEGG_NOD_LIKE_RECEPTOR_SIGNALING_PATHWAY	0.363102520185955	0.831925382804607	0.329125063805603	1.03660004398176	1483	54	CARD18|CXCL8|CCL5|CCL2|ERBIN|TAB2|MAPK8|MAPK1|CARD9|CARD6|SUGT1|CHUK|BIRC2|NOD1|MAPK9|MAPK14|HSP90AA1|RIPK2
GAL_LEUKEMIC_STEM_CELL_DN	0.363501263189181	0.831925599610807	-0.289149958412763	-1.0338549299549	2445	201	TEP1|COL18A1|STX11|MAPK13|S100P|CD14|TYMP|IFI30|HOMER3|ENC1|TEX14|LILRA2|LAMA4|CXCL1|LYPLA2|MOGS|SAC3D1|DNAAF1|IGFBP2|MNDA|VSIG4|SPATA6|PILRA|P2RX5|CA12|IL1B|LIG1|MS4A4A|TMEM161A|H3C2|MOSPD3|NR4A1|PRTN3|KIFC1|G0S2|GTSE1
GSE27786_BCELL_VS_ERYTHROBLAST_DN	0.364306558132391	0.833578580016627	-0.29856206300585	-1.037512843917	2371	157	TREX2|ESPN|FAM171A1|FARP1|LRRC56|VANGL2|IRF7|SPPL2B|C6orf132|CITED4|ANO3|HAS1|SLC39A2|LOXL3|UNC13A|APOL6|PCGF1|CRYGS|DHRS4|KCNE5|RPUSD1|SULT1A1|SIX5|NENF|RTL8C|REXO5|PLPP5|RNF24|AP1B1|HOXC6|IL17RC|PNPO|TMEM92|TPRA1|CCHCR1|PYM1
BARRIER_COLON_CANCER_RECURRENCE_DN	0.364422038170688	0.833652784675789	-0.440599850393463	-1.06700834178776	2023	19	SPPL2B|ARHGAP33|BSG|EPPK1|CTSA|CDK10
GSE41978_KLRG1_HIGH_VS_LOW_EFFECTOR_CD8_TCELL_UP	0.364614918132201	0.833903975441111	-0.295653704351741	-1.03642853756786	2404	169	FOXD2|UBL3|ESPN|C1QTNF12|TCTN2|ACE|PPFIBP2|RNF5|P2RX4|ECM1|RHBDF1|SPOUT1|LAMA5|SNHG11|CITED4|KLF7|TGM1|CAMKK1|SERPINE1|KSR1|PHKG1|CAPN10|SCARB1|GPR146|ADAM15|HIC2|HYAL3|ABL1|NDST1|MAPKAPK2|RDH13|CRELD1
GSE22033_UNTREATED_VS_MRL24_TREATED_MEF_DN	0.36478745854688	0.834108544167102	0.270367797065673	1.02572429224088	1209	188	SAMD9|AIM2|STK38L|IFIH1|BMAL2|CCL5|TET3|HAT1|ST3GAL5|DNTTIP2|AFF4|LGALS8|AMMECR1|PFKFB3|RAB22A|AKAP12|ETNK1|SATB2|CEP135|CAPN2|NKAIN1|MAMLD1|GATA6|GATA4|EIF4E|GALNS|LITAF|PRKCI|PRR16|SLC25A32|UBE2W|SYP|TOPORS|RAPGEF6|RHEB|PPFIBP1|GDAP1|TASOR|TOR1B|AFTPH
GSE14308_NAIVE_CD4_TCELL_VS_NATURAL_TREG_DN	0.364941669159438	0.834271117062727	-0.291912808199121	-1.03545361417511	2439	187	UBL3|TRIM45|PAK1|RCAN3|PDE2A|TBC1D2|APLP1|RETSAT|SELENOM|HELB|PPM1J|SCAF1|CD48|SLC2A9|TRIM46|LONP1|MICU3|ICAM1|NLRX1|RBM38|SDR39U1|EXOSC5|MAP4K1|BRSK1|INPPL1|MZT2B|KCNK6|TAP2|ZNF490|SLC39A4|ACAA1|SLC37A4|OAZ1|DHCR7|METTL26|ERN1|AKAP7|FBXO31|TAX1BP3|ZNF213|NUDT2|PLEKHM2|NCLN|LY6E|EPB41L2|NAF1|FTSJ3|SEPTIN9|SGTA|NFKBIE|MAVS
CUI_TCF21_TARGETS_DN	0.365126939351199	0.834321811711778	-0.409679557817327	-1.05522517226977	2070	25	PTPRVP|RHPN1|SGIP1
GSE13306_RA_VS_UNTREATED_TREG_DN	0.365130077590142	0.834321811711778	-0.296449511021082	-1.03585694784116	2399	163	SLC26A11|SHF|PAK6|EPB41L1|PYCARD|PDLIM2|KRT12|GABRG2|NTRK3|IGFBP2|TMCC3|DUS2|ZNF575|APH1B|TTYH2|AURKAIP1|CDKN2D|C8G|FAU|GAS2L1|DOCK6|C19orf38|TRPM1|MOK|SLC12A7|IL17RA|FGFR3|SPHK1
GSE21033_CTRL_VS_POLYIC_STIM_DC_12H_UP	0.365477888730385	0.834926501382705	0.278236398134971	1.02363836022591	1280	149	PITPNC1|MYO1F|TSPAN32|TNFRSF14|FOXO1|IL12RB2|CUEDC1|CDH18|RASSF3|TLE4|MGAT2|TMEM59|RAB23|UTRN|UBASH3A|RRAS2|MFSD1|NIPAL1|RUNDC3B|ART4|CYTH4|SLC20A1|TRIAP1|HERPUD1|IRAK4|INPP5F|LCP1|NRAS|SCAPER|CARD6
CLASPER_LYMPHATIC_VESSELS_DURING_METASTASIS_DN	0.365774907749078	0.835156746666151	0.385191996779116	1.05227055081427	1585	27	FBN1|RDX|EMILIN2|LAMA2|S1PR3|FOXC2
DELACROIX_RAR_TARGETS_UP	0.36582827406765	0.835156746666151	-0.374449751736672	-1.0513124041122	2108	38	TCIRG1|TGFB3|CA12|DHRS3|STK11|JUNB|CEBPB|MAST2|TYK2|HMGA1|PRSS8
FISCHER_DIRECT_P53_TARGETS_META_ANALYSIS	0.365704535759989	0.835156746666151	-0.278274976917396	-1.03019819841321	2571	293	VWCE|EFNB1|KRT15|POU2F2|S100A2|CYFIP2|SYTL1|PLXNB2|RETSAT|SFN|ITPKC|NCEH1|SLC46A1|GASK1B|GDF15|DDB2|SLC9A1|ACTA2|PBLD|SLC12A4|SEMA3B|PHPT1|SAC3D1|APOD|IER3|GPC1|SCRIB|SERPINE1|ABCB6|NDUFAF8|GREB1|LRPAP1|FDXR|FAS|COBLL1|MAP3K12|BCL9L|BCL6|SLC25A45|TRIP6|EID2B|KCNN4|DGKA|DHRS3|XPC|PLK3|RIN1|TSKU|MGRN1|RCBTB1|FAM98C|PRKAB2|CEL|PIDD1|MFGE8|TLCD1|BORCS7|LMNA|SUPT7L|NOPCHAP1|ZNF219|HES1|PRRG2|TNFRSF10A|BCL2L1|EML2|NINJ1|TEAD3|BBC3|DUSP14|SESN2|TGS1|CDKN1A
GSE14415_TCONV_VS_FOXP3_KO_INDUCED_TREG_UP	0.366037735849057	0.835255010787186	0.275383660740295	1.02420053214215	1260	161	MED18|CDC7|FBXW8|MEMO1|KCNG1|DEPDC1B|TMEM106B|MTX1|RARS1|FAM107B|ADPRH|NOL11|SNAPC1|LRPPRC|PLAA|RBMX|RRAS2|RBM41|HSPA4|RPF2|GMPS|RAD23B|CAB39|EXOSC9|SDHD|DDX52|DNAJA2|SSR1|GDAP1|HSPD1|NIFK|ANKRD50|SEPTIN2|CAND1|MYC|SDAD1|API5|TCERG1|ETF1|POLR3F|MIER1|DDX21|STARD7|PSMC5|UTP25|BZW1|HSPA9|AHCY|NCOA5|PPAT|BLMH|EIF1AX
GSE19888_ADENOSINE_A3R_ACT_VS_TCELL_MEMBRANES_ACT_IN_MAST_CELL_UP	0.365979381443299	0.835255010787186	-0.295430504625372	-1.03564609999789	2413	169	TYROBP|KISS1R|BMP8B|PSMB9|LAMA4|SLC38A10|ADGRE5|TRPV2|HCST|EPS8|RCN3|RARRES2|COL6A1|HFE|APOBR|PCOLCE|TMEM160|IFI27L2|APOL6|TIMP1|DCN|MYO1G|GMPPA|GBP2|SLC25A45|SLC12A7|FANCA|GPSM3|CHID1|SDHAF2|FERMT3|GNB5|PPP1R18|BLVRB|CD276|CLTA|IL6ST|CTSZ|FAAP24|MPI|HIP1|IRF1|MGAT1|TLN1|FXN|ERGIC3|EDEM1|DYNLT1
VANTVEER_BREAST_CANCER_METASTASIS_UP	0.366172924560799	0.835373594713932	-0.368394291411999	-1.04959235826897	2125	41	RAB27B|ELAPOR1|ACADS|TGFB3|IP6K2|INPP5J|CCDC74B
GSE14769_UNSTIM_VS_120MIN_LPS_BMDM_DN	0.366265060240964	0.835393927448033	0.270065434154367	1.02318730305607	1215	186	FEM1C|EGR3|CD69|CCNG2|IFIH1|GNA13|KCTD12|CLN5|HLA-B|RFFL|GPR174|HIF1A|PDGFB|OTUD1|EGR1|MAPK6|RNF103|ARF4|SLC44A1|SIAH2|RBM7|MED21|RSAD2|SLAMF7|TTC39C|GRIA2|CD274|RPS6KA2|EGR2|ELL2|MTMR12|HERPUD1|HBEGF|MAP4K3|DNAJA2|B4GALT5|B3GNT2|NAMPT|CLIC4|ZNF800|SDE2|CITED2|IKBKE|GTF2B|NCK1|FBXW11|SPRED1|DENND4A|SGMS1|TIPARP|BHLHE40|ANKRD33B|USP16|ZNF281|FZD5
GSE7460_CTRL_VS_FOXP3_OVEREXPR_TCONV_1_UP	0.36653970114269	0.835830422551186	0.274903853577029	1.02447815905141	1250	165	PTPN6|TLE6|SUGCT|ZNF367|SCN2A|WDR5B|NPL|STRAP|PDE3B|UBA6|HEMGN|MLF1|FBXL8|ALG6|ADD3|SCCPDH|ECT2|KPNA2|HK2|ABHD1|GATA4|DCAKD|ZNF324B|C1GALT1|PDE12|LIN9|IFT70A|RB1|ANP32B|DSCC1|LRRC23|MAN1A2|INPP5B|NGLY1|ABCB7|BMP2K|HMGCS1|MTIF2|ESCO2|PAPPA|BUB3|NCAPG2|LRR1|ATP11C|METTL9|DKC1|GGT1
REACTOME_NEUREXINS_AND_NEUROLIGINS	0.366786140979689	0.836202426335254	-0.35791828326494	-1.04543336450694	2148	47	SHANK1|STX1A|HOMER3|EPB41L1|APBA3|SYT7
WP_B_CELL_RECEPTOR_SIGNALING	0.36696760488582	0.836426162089888	0.298772460612924	1.03037947860708	1381	94	VAV2|PTPN6|FOXO1|MEF2C|MAPK8|VAV1|MAPK1|LAT2|CR2|PIP5K1B|NFATC2|REL|ELK1|PIK3CG|ATF2|MYC|CHUK|BRAF|CREB1|MAPK9|NCK1|MAPK14|PTPRC|BTK|CRK|SOS1|GAB1|CRKL|MAP2K1|DAPP1|ILF2|PTPN18|PRKCD|PTPN11|PRKCB|PIP5K1A|RAC2|SHC1
GSE29618_BCELL_VS_PDC_UP	0.367236723672367	0.836617323607839	0.271940513261992	1.02281876338498	1223	177	AIM2|CD83|STAP1|CD69|FCGR2B|FOXO1|PDK1|EIF2AK3|ARID5B|HIF1A|RAB29|BACE2|KDM7A|EGR1|PPP1CC|NR4A2|CKAP2|USP6NL|SYPL1|PIKFYVE|PLEKHF2|RRAS2|HK2|APOL3|MTSS1|IL24|PAX5|LAT2|BACH2|IFT57|FCGR2C|EIF1B|PELI1|PHTF2|BCL2|RESF1|CLIC4|CD24|SNX2|PTPN12|CDKN1B|BACH1|MYC|PAPOLA|PLAAT4|PTPRC|FAM111A|BMP2K|PRDM2|MRGBP|MBD4|RYK|MYCBP2|HLA-F-AS1|BTG1|ZNF318|TRAK2
REACTOME_FOXO_MEDIATED_TRANSCRIPTION	0.367301508780608	0.836617323607839	0.324955221900189	1.03485088911689	1484	58	CCNG2|FOXO1|KAT2B|HDAC2|NFYA|SMAD4|SMAD2|YWHAQ|YWHAG|RBL2|ABCA6|NFYB|YWHAZ|CDKN1B|CITED2|BTG1|CAT|EP300|FOXO4|NR3C1|ATXN3|BCL2L11|TXNIP|YWHAB|SIRT3|FOXG1
REACTOME_RESOLUTION_OF_ABASIC_SITES_AP_SITES	0.367215958369471	0.836617323607839	-0.37410194163628	-1.0503358857112	2116	38	NEIL1|MUTYH|MPG|LIG1|PNKP|POLE|POLD1|RFC2|NTHL1|ADPRS|NEIL2|PARP1
GSE2405_0H_VS_1.5H_A_PHAGOCYTOPHILUM_STIM_NEUTROPHIL_UP	0.367430566095007	0.836721420703648	-0.295958121077576	-1.03545562871061	2420	165	TAGLN|AQP1|SPON2|AXL|PSMB9|HBB|SCRN2|PYROXD2|IFITM2|APOC1|CHCHD10|RARRES2|CFD|IFI27L2|HRC|HSPG2|ANKRD45|RNH1|CST3|PSMB10|IGSF3|SPHK1|NOP10|FASN|RCN1|BOK|LAMP1|EGFL7|COL1A2|PSMB4|CAPG|APBA2|CSTB|NOL6|S100A6|TSPAN31|CPT1A|MAN2A1|IRF1|RAC3|ALAS2
BUCKANOVICH_T_LYMPHOCYTE_HOMING_ON_TUMOR_UP	0.368023046453007	0.837310820556501	-0.439045325606218	-1.06324372199948	2043	19	C3|CCDC102B|LINC00926|ESR1
GSE23502_BM_VS_COLON_TUMOR_HDC_KO_MYELOID_DERIVED_SUPPRESSOR_CELL_DN	0.367906066536204	0.837310820556501	-0.290239775104583	-1.0321501225504	2443	193	SEL1L|ITGA4|PBXIP1|TIMM8B|LPCAT4|ECM1|MAPK11|ANKH|DGLUCY|TECR|NAT9|ZNF692|APLF|RCN3|PPCDC|DYNLRB1|CHCHD10|LONP1|ACVR1B|HS6ST1|COMT|TBCB|COBLL1|LRRC45|MXD4|MAP7D1|SWSAP1|MTFMT|IL17RA|ABHD12|TTC4|B4GALNT1|PAQR4|MGRN1|MADD|NENF|PAFAH1B3|NUDT14|SH3KBP1|BORCS7|LMNA|ERP29|IL6ST|TRAF3IP2|NINJ1|PMP22|IER2|SAP30L|RFXANK|SPTBN1
GSE30083_SP1_VS_SP2_THYMOCYTE_UP	0.368009621166566	0.837310820556501	-0.293708121733652	-1.03548822213956	2447	176	GAA|ZNF711|CATSPERZ|SLC2A4|FAM171A1|MARCKS|TASP1|REN|RTKN|SLC3A2|CITED4|CEP250|TMEM163|HFE|ICAM1|NOP2|FOS|C8G|ARHGAP26|PIGR|VPS18|LSS|PLK3|GGT7|SGK1|CNPY3|GALE|HCN3|PAFAH1B3|FLOT1|C8orf82|HES1|RNF216|KAT5|TNFAIP2|SMARCE1|DIPK1B|PLEKHO1|TCF7L2|MYO1C|USP11|TMEM120B|BYSL|PAPLN|CYTH2|TBC1D13|GSS|CALML4|PPAN
REACTOME_RUNX1_REGULATES_GENES_INVOLVED_IN_MEGAKARYOCYTE_DIFFERENTIATION_AND_PLATELET_FUNCTION	0.367941415785191	0.837310820556501	-0.328390359211202	-1.04081462633485	2260	76	H4C4|H2AC20|H2AC7|H2AC8|H2BC13|H2BC17|H4C11|H4C3|H3C12|H4C14|KMT2B|H3C13|H4C2|H2BC5|H3C2|SETD1A|H2BC12|H2AZ2|NFE2
CERIBELLI_GENES_INACTIVE_AND_BOUND_BY_NFY	0.368365553602812	0.837520595031716	-0.395630939197667	-1.0521644822057	2095	29	LCA5L|RIMBP3|GAS2L1|RBM38|CXADR|MX1|P2RX6
DELPUECH_FOXO3_TARGETS_UP	0.368261964735516	0.837520595031716	-0.343050594268655	-1.04125111566679	2192	59	IGF1R|SPAG1|S100P|GTF2I|TNFRSF21|PIK3IP1|BCL6|AKR1C2|HPGD|GNB5|GRB7
GSE17721_0.5H_VS_24H_CPG_BMDC_UP	0.368326603858232	0.837520595031716	-0.29177319679527	-1.0346253112498	2462	185	TYROBP|IL11RA|C1QTNF12|HLX|CIITA|PYCARD|UQCR11|ADGRE5|EPS8|ETFB|CENPT|TSPAN4|ETHE1|CHCHD10|PALD1|TNFRSF1A|SDF2L1|COMT|NDUFS8|MICOS13|RGS14|NSDHL|RAMP1|ZFYVE19|FANCA|UQCRQ|GUK1|ABCD1|PGP|HEMK1|SIDT2|TEX264|FKBP2|IRAG2|NFE2|PNPO|HAUS4|SLC35C2|SPINT1
ABE_VEGFA_TARGETS_30MIN	0.369284064665127	0.838873506513339	0.393225002329828	1.05094275037839	1598	25	EGR3|CCN1|EGR1|TRIB1|C2|TAC1|PPY|EGR2|HBEGF
GSE17721_CTRL_VS_PAM3CSK4_0.5H_BMDC_UP	0.369545591333133	0.838873506513339	0.270120084558085	1.02180929191989	1227	184	ADTRP|CD44|ZNF14|KAT2B|HSDL2|USP38|CMTM6|GNAI3|MGAT2|NCOA4|ME1|GCNT2|PIK3C2A|CGGBP1|RIMOC1|VPS50|UBE2N|STARD3NL|PLAA|PIAS2|UHMK1|EPS15|RP2|TBPL1|TTC14|SOX21|ANKRD28|AGL|TMED7|VRK2|AHCTF1|IREB2|FAR1|CLTC|CDK2|C6orf120|RPRD1A|CNOT6L|CYBB|SACM1L|TIA1|CHD1|SERTAD3|BNIP2|NMRK1|PSME4|FBXW11|DAD1|POLR3F|SRSF1|ATP6V1A|SEPTIN8|ECHDC1|DLD|SEC61G|OSR2|PRKCQ|FBXO11|SCLY|ZC3H8|HJURP
GSE2128_C57BL6_VS_NOD_CD4CD8_DP_THYMOCYTE_UP	0.369165913881361	0.838873506513339	0.270349997339661	1.02137739870086	1225	183	NXT2|GPR160|PRKCH|PELI2|YOD1|PDK1|ITGB3BP|GNG12|TTPAL|CLDND1|NEDD4|SWT1|BNIP3L|EAF1|NSUN3|YIPF6|CAPN2|NFAT5|SLC19A2|SLC38A2|HK2|EIF2B2|PLPP3|RSAD2|IL24|RNF144A|ZBED5|TMEM38B|SOCS2|HUS1|DDX60L|CARD6|STK24|BTBD8|RAB2B|TSG101|MED31|STARD4|ZC3H11A|RBBP8|CHMP2B|KIAA1191|SEC62|MPHOSPH6|STAU1|PNPLA8|PNP|BCAT1|STAT1|CARD8|VCF1|USP15|TRPS1|CD82|SPARC|FBXW7|EIF1
GSE5503_MLN_DC_VS_SPLEEN_DC_ACTIVATED_ALLOGENIC_TCELL_DN	0.369467028003613	0.838873506513339	0.270293417410039	1.02116364075041	1226	183	RBM44|FOXO1|MRPL1|YOD1|SUMF1|SGPP1|CCNE2|TRAPPC8|TMCC1|TMEM209|NABP1|RARS1|MTREX|CCT8|MOB4|MYCBP|MTHFD2|ST8SIA6|WDR35|HSPH1|RIF1|HIBCH|NUP35|ZNF274|GAS2L3|RRAS2|MPHOSPH9|PAX5|TRIAP1|FXR1|B3GNT2|TRAPPC2|HBS1L|ENDOD1|ACTL6A|DBF4|RNPC3|EIF2S1|FAM3C|AKIRIN1|MEGF9|RB1|TMEM245|MAN1A2|FRYL|PRR11|BMP2K|CHP1|CENPE|GIN1|ATL2|ZC3H8|RAB35|ATP6V1C1|DENND1B|RAD51AP1|GPSM2|MBD2|SNRNP40|KIAA0040|HROB|PAIP1|CSE1L|SRFBP1|PPP1R11|ILF2|YTHDC2|POU2F1
KAPOSI_LIVER_CANCER_MET_UP	0.369223867205025	0.838873506513339	0.425456281240694	1.05376843414218	1645	18	PLCE1|CKS2|CAP1|FGD6|ANXA5
KEGG_MEDICUS_REFERENCE_P4_PR_RAS_ERK_SIGNALING_PATHWAY	0.369449378330373	0.838873506513339	0.440560633808002	1.05521152422397	1663	16	SRC|MAPK1|SOS2|NRAS|BRAF|SOS1|MAP2K1
REACTOME_COMPLEX_III_ASSEMBLY	0.369534555712271	0.838873506513339	-0.408298345403548	-1.05166753782241	2095	25	UQCR11|UQCR10|UQCC5|UQCRQ|UQCC3|CYC1|UQCC6|UQCC2|FXN|MT-CYB|UQCRH|UQCC1|LETM1|BCS1L|HSCB
KEGG_MEDICUS_REFERENCE_GPI_ANCHOR_BIOSYNTHESIS	0.369813041495668	0.839177886120678	0.401502400629287	1.0537206867176	1621	23	PIGB|PIGA|PGAP1
REACTOME_SEMAPHORIN_INTERACTIONS	0.369846878680801	0.839177886120678	-0.342572236751943	-1.04477004002162	2197	61	FES|PAK1|TYROBP|PLXNB1|SEMA4D|PLXNA1|PLXNA2|PLXNA4|RND1|FYN|MET|SEMA6A|RHOB|ITGB1|MYL6|PLXNA3|GSK3B
GSE15659_CD45RA_NEG_CD4_TCELL_VS_ACTIVATED_TREG_UP	0.370004628915291	0.839179958145645	-0.298628469238451	-1.03583988439165	2397	155	EFNB1|DNASE1L2|ENTPD3|CDC26|CUBN|FAAP100|CCS|B3GAT1|CECR2|CITED4|CXCL16|PRR29|LINC03040|CEACAM19|FSIP1|FOS|MFSD12|C2orf15|FHL1|AFAP1|CACNA1A|SUCO|ANKRD45|CSNK1D|FBXW9|CST3|FLYWCH2|AGRN|CC2D1B|DLL3|DDA1|OGFOD3|NOCT|ENPP3|EEF1D
GSE5455_HEALTHY_VS_TUMOR_BEARING_MOUSE_SPLEEN_MONOCYTE_UP	0.370014992503748	0.839179958145645	-0.291992101041988	-1.0315924552522	2467	179	SLC26A11|PBX3|HSF4|ZNF76|TASP1|SLC46A1|GDPD5|KIAA0753|TLR6|SLC45A4|PLA2G15|MEF2B|SGSH|SGIP1|NTRK3|RDH12|STK39|TMEM86A|FYN|DOCK6|KSR1|KLHL4|FAS|CYB5D2|TIRAP|PXMP4|BCL6|ADPRM|AREL1|SLC43A1|LYL1|DHRS3|GGT7|SIX5|SNX8|MGRN1|SMCO4|DHCR7
REACTOME_FERTILIZATION	0.370246085011186	0.839514389279937	0.433544029987807	1.05601070437295	1654	17	CATSPER2|CATSPERB|HVCN1|SPAM1|CATSPERG|CATSPER3
COATES_MACROPHAGE_M1_VS_M2_DN	0.370389213940473	0.839568904658621	0.311101647828247	1.03440598537944	1455	74	MYO1F|RPGRIP1|HLA-B|EGLN3|LRRC27|AKR1E2|CTSK|C5orf34|FAM199X|PROCR|TJP2|RRAS2
GSE29618_PRE_VS_DAY7_FLU_VACCINE_MDC_DN	0.370437405731523	0.839568904658621	0.271848096128888	1.02258289880995	1227	178	ZNF225|ST8SIA4|DEPP1|HSPBAP1|KCTD12|LST1|CREBL2|DOK2|RAD52|LEMD3|PKD2|AMD1|KPNA3|GNAI3|EGR1|ZNF613|RMDN1|LDHA|EIF4G2|FNTA|IFRD1|FAM13B|MAPK8|EPS15|TCP1|UFL1|SLC4A3|TOX|FABP6|DCAKD|ALDH9A1|BEST1|PRKCI|ZNF250|CMPK1|EIF4G3|C10orf88|SEC24A|C6orf120|DARS2|CITED2|GOLT1B|SACM1L
DOANE_RESPONSE_TO_ANDROGEN_UP	0.370625095521932	0.839804674683782	-0.296694024614338	-1.03437051313876	2424	160	FARP1|S100P|LAMA4|SYNGR1|SMIM27|EPN2|MICALL2|SERHL2|TPD52|RRBP1|RND1|BCAM|PLEKHA1|TMEM8B|ARHGAP26|SLC15A2|IL1B|CALR|H2BC5|GAL3ST4|ZC3H3|ENDOG|SIL1|TSKU|GFUS|PISD|NBL1|ACAA1|SLC37A4|DDX31|DNAH3|GNB5|FLNB|FASN|GPS1|AKT2|KDM4B|TTC12|GUSBP11|PDIA5|MAFG|SERHL|EAF2|ZNF552|PDXK|PINK1
FISCHER_G1_S_CELL_CYCLE	0.371419957793187	0.840635918566741	0.269861471397904	1.02380338840968	1231	188	FOSB|H4C5|AKAP5|ZNF367|CCN1|CDC7|INSIG2|CENPQ|CCNE2|DNAJC6|MBNL2|RMI1|TMCC1|DCLRE1A|H2AC17|DTL|ARID5B|MNS1|TP53INP1|RFC4|PRIM1|TTLL7|H2BC21|CDCA7|MSH2|SVIP|SLC38A2|HSPB8|CASP8AP2|C1GALT1|LIPH|DUSP10|TCEAL9|OSGIN2|USP53|TIPIN|RRM2|SP1|MYB|RNPC3|PEX13|NPAT|TMEM243|DSCC1|RBBP8|MAN1A2|MASTL|RPA2|IVNS1ABP|PCNA|BRIP1|ARL6IP6|ATAD2|ANKRA2|H4C8|BLM|ZRANB2|SSBP2|H2AC6|MDM1|PEX11B|H2AC21
GSE17974_0H_VS_2H_IN_VITRO_ACT_CD4_TCELL_UP	0.371578160059836	0.840635918566741	-0.291193960996431	-1.03079371060514	2483	181	NFKBIZ|TPM2|LYRM9|RAP1GAP2|ABCC10|ITGA4|SNN|PRKCZ|FAM200B|LMF2|ACAP1|LINC00173|ETHE1|DYNLRB1|TPD52|KIFC2|SIAE|FOS|CNBD2|U2AF1L4|NFIL3|EXD3|PET117|ADPRM|SLC16A5|PNKP|ALDH8A1|PCIF1|SLC2A3|WDR13|JUNB|ZBTB20|BMP1|ZBTB10|HEMK1|UCP2|PARP3|TPRN|TSC22D1|G0S2|MCOLN1|EVL|R3HDM2|ZBED10P|SOCS3|ANKRD39|S100A6|MELTF-AS1|POLR3GL|RFXANK|CTSH|C9orf72|FKBP14|ZDHHC14|ABCA2|JUN|MAN2B2|GSTK1
GSE29618_MONOCYTE_VS_MDC_UP	0.371532514779445	0.840635918566741	-0.294129289355225	-1.03233638231492	2450	171	STS|TYROBP|IL15|SEMA4D|CD14|IFI30|MARCKS|EXT1|ATXN1|LILRA2|GASK1B|APLP2|KLF7|MAP3K7CL|SLC7A7|CRISPLD2|CFD|IER3|PILRA|PIK3IP1|SULT1A2|C5AR1|IRS2|TBC1D8|PSAP|IGF2R|CTSD|GMFG|SDF2|NACC2|CTSL|CEBPB|GRK6|TNFRSF1B|GNS|G0S2
HALLMARK_PI3K_AKT_MTOR_SIGNALING	0.37155840684309	0.840635918566741	0.29721053510691	1.02816688466505	1389	96	PDK1|ACTR3|SMAD2|UBE2N|PIKFYVE|MAPK8|MAPK1|RIT1|EIF4E|CAB39|IRAK4|CDK1|ARPC3|ACTR2|CLTC|CDKN1B|CDK2|UBE2D3|PFN1|NOD1|MAPK9|AKT1S1|NCK1|PTEN|PLCB1|ACACA|PPP2R1B|ATF1|RIPK1|RPS6KA3|PLA2G12A|DAPP1|YWHAB|CAB39L|PTPN11|PRKCB|ARHGDIA
LI_ESTROGENE_MCF7_E2_RESPONSE_DN	0.37140225650472	0.840635918566741	0.387079229556353	1.04603190477629	1612	26	ST8SIA4|RNF43|KCNJ8|S1PR3|BMF|DRAM1
REACTOME_GROWTH_HORMONE_RECEPTOR_SIGNALING	0.371318531943815	0.840635918566741	0.4081774267223	1.04911233951122	1638	21	PTPN6|MAPK1|JAK2|SOCS2
WP_NRF2ARE_REGULATION	0.371181030551756	0.840635918566741	0.400939105871699	1.05224235100189	1627	23	SRC|YES1|PIK3CA|GCLM|MAPK8|NFE2L2|CUL3
BIOCARTA_AGR_PATHWAY	0.371880492091388	0.840971673693916	-0.394751218803572	-1.04982490139634	2115	29	PAK1|LAMA4|NRG1|DVL1|AGRN|ITGB1|CTTN|GIT2|CDC42|JUN|ARHGEF6|DAG1
GSE27786_CD4_TCELL_VS_NKTCELL_UP	0.372022912270124	0.840971673693916	0.27113953232941	1.02246098027294	1233	181	DPYSL2|SLAMF6|CARMIL2|FCGR2B|GABRG1|TGFBR2|LONRF1|ARL5A|HNRNPLL|DNTTIP2|RWDD2A|L3MBTL3|PIK3C2A|CRLF3|LZTFL1|SH3BGRL|NBR1|WASHC4|PDS5A|MEX3B|FAM13B|ATP1B3|RNF6|TRIB1|MTSS1|POPDC2|AP3B2|KIF3A|SRP9|OTUD7B|DCTN6|MCU|INPP5F|KIF5B|TMEM50A|ATP11A|DHX15|RIOX2|HMG20A|SFMBT2|MON2|THOC7|CHMP5|P4HA1|RAD21|MIER1|S100PBP|SMC4|NCOR1|TRIM59|AP4E1|CDC42SE2|FDFT1|ZNF326|PEPD|INPP4A|SETD3|SP4|ZFP1|POLR1F|MAP1LC3B|POLR3C
GSE34515_CD16_NEG_VS_POS_MONOCYTE_DN	0.37206168588112	0.840971673693916	-0.2912765089837	-1.03217258925528	2484	184	SPIB|RAB4B|H2AC11|CIITA|LINC00205|BTN2A3P|FAAP20|RPLP2|GTF2H4|ETHE1|TULP3|PALD1|RPL18|PPP1R16A|SPINT2|COMT|NDUFS8|CAMTA1|SEC61B|SDR39U1|ACP6|MAP4K1|SLC43A1|SPINDOC|POLR2E|RPS18|CHD1L|MTFMT|POLR1C|ATPAF2|TMEM205|TP53I13|MVD|TGIF2|LMNA|RPL3|GAS6|CCDC106|BCL7A|CLCN5|ATP5MC1|ADCY3|RPS5|SEC61A2|ANTXR2|MRPS28|SYNGR3|EIF3K|PTGFRN|EFCAB2|COQ4|AP2S1|PKIG|RAB13|ARFIP2|BOLA3|NCBP3|PACC1|CLK2|TM7SF2|PRKCA
PID_TOLL_ENDOGENOUS_PATHWAY	0.37190970978144	0.840971673693916	-0.431774007741874	-1.05971000833188	2075	20	CD14|TLR6|TIRAP|IKBKG
GSE41867_MEMORY_VS_EXHAUSTED_CD8_TCELL_DAY30_LCMV_DN	0.372162485065711	0.841010136220082	0.267502516534865	1.01942119912567	1245	192	TRAPPC2B|TMEM182|FBXO2|IL10RB|ITFG1|EIF2AK3|PANK3|HACD2|HNRNPLL|PBK|GNAQ|CPD|FER|LHPP|UAP1|SMAD4|TSPAN13|CAPN2|SLC44A1|OAT|RAB3D|ETV5|RELN|INTS6L|SKIL|ERP44|DCAF6|DRAM2|ZCWPW2|CFI|IL6R|ABCB11|ICA1|RAP1A|TCEAL9|SPCS1|CREG1|SEPSECS|CASP3|EPCAM|CPNE3|SELENOF|PRR3|ANXA5|CMAS|CA2|IL13RA1|ACTR8|S100PBP|ZNF148|PEX2|ECHDC1|TRAM1|CDC42SE2|UBE2A|DCAF12|TM2D1|SMAD5|NDFIP1|TXLNG|IL18|CCDC88A|FKBP11|DYRK3|PGK1
ERWIN_COHEN_PBMC_TC_83_AGE_18_45YO_NAIVE_NOT_PREVIOUSLY_IMMUNIZED_24HR_DEG_CANONICAL_PATHWAY_MEMBERS_UP	0.372405153901217	0.841274641616795	-0.426000950908455	-1.05371204559574	2080	21	IL15|IRF7|IFIT2|RIGI|OAS3|SAMD9L
FRANCO_BLOOD_SANOFI_PASTEUR_SA_INACTIVATED_INFLUENZA_VACCINE_CORRELATED_WITH_ANTIBODY_RESPONSE_AGE_18_40YO_1DY_NEGATIVE	0.372447151558581	0.841274641616795	-0.431572514952724	-1.0592154812843	2078	20	ANKRD33|PIK3IP1|MXD4|CARHSP1|MEF2D|KYAT1
NAKAYA_MONOCYTE_FLUMIST_AGE_18_50YO_7DY_DN	0.372822299651568	0.841932563307635	-0.282695570974306	-1.02835007889103	2567	240	SMAD7|RPH3AL|AKAP13|PLXNB2|IRF7|IFT122|CYLD|PPFIBP2|CD84|HLA-DOB|SH3BP2|PLXNA1|COL1A1|SLC29A1|OTUB1|TSPYL2|TFPT|APLP2|PLSCR3|TCL1A|MYO1A|VSIG4|RECQL5|AGER|SIRT7|TPPP3|PXMP4|CALR|TMCC2|NLRP1|BIN1|FAXDC2|THBD|LPIN2|DHRS3|RASSF7|DIAPH1|BRPF1|TYRO3|MLEC|SZT2|ZBTB7B|MAPKAPK2|JRK|FLNB|ZBTB43|ID2|KAZN|POLR2A|MEF2D|LMNA|SMURF2|FLOT1|IQSEC1|HES1|HCFC1R1|RAB2A|NUMA1|SOCS3|ELL|COG7|CCDC186|KLHL26|LY6E|VEGFA|MPZL1|TNFAIP2|ERAP1|EIF4G1|KDM6B
BIOCARTA_MEF2D_PATHWAY	0.373037236428892	0.842054158081718	0.424230069355854	1.05073135739707	1662	18	HDAC2|CAPN2|PPP3CB|CALM2|NFATC2|EP300|PPP3CA|PRKCB
KEGG_MEDICUS_REFERENCE_GF_RTK_PI3K_SIGNALING_PATHWAY	0.373043917213529	0.842054158081718	-0.341919720519461	-1.04278000890646	2216	61	IGF1R|FLT3LG|EREG|FLT1|FGF17|PGF|EFNA1|MET|AKT3|FGFR3|PDGFA|FGF2|AKT2
GSE23114_PERITONEAL_CAVITY_B1A_BCELL_VS_SPLEEN_BCELL_UP	0.373518090839107	0.842934936115773	-0.299912028316041	-1.03474098972482	2425	146	GAA|MXD3|ZNF341|SRGAP3|SYNM|XAB2|SYNGR1|GPRASP1|MYO1A|CIMIP2B|GGN|SLC19A1|TMEM86A|CRB2|SULT1A2|PPP4C|VENTX|IFITM3|SEZ6L2|LTBP3|THAP7|PLK3|CPNE7|PRDM15|MOCS3|SPATA24|JRK|FGF2|MVD|MYBL2|CD3D
HUANG_FOXA2_TARGETS_DN	0.373620599054125	0.842976752822052	-0.382492611959844	-1.04382937849366	2132	33	STS|PLAT|CRIP2|SMAD6|COL6A1|GAS2L1
GSE17974_IL4_AND_ANTI_IL12_VS_UNTREATED_24H_ACT_CD4_TCELL_UP	0.373767412740648	0.843118491930478	-0.303705807505236	-1.03375339202278	2387	131	SLC26A11|RAB27B|FNDC11|PPP1R14A|ASIC3|HCST|PPARG|SORBS2|DCHS1|TRIM10|USP35|APOBR|DSCR10|SPINT2|ZNF839|TIMP1|NRAV|CSRP2|RAMP1|DHRS3|CLCN6|GGT7|ATPAF2|RHOB|SGK1|JRK|MBOAT7|FKBP2|NEK6|CHPF2
GSE24972_MARGINAL_ZONE_BCELL_VS_FOLLICULAR_BCELL_IRF8_KO_UP	0.374207188160677	0.843538466492771	-0.293383288963415	-1.03174852602559	2477	173	CREBRF|CCPG1|AXL|MAPK8IP3|PBXIP1|TMEM63A|SERF2|ADAMTSL4|GPX8|LGALSL|PDLIM7|TPH1|APOBR|CCND1|PCOLCE|PRKCSH|MIF|RIPOR1|NFIL3|TIMP1|ECE1|FDXR|FOLR2|IL18BP|GGCX|CAD|SLC7A11|GMFG|PLK3|ADCK5|MAP4K2|F2R|DEF8|METTL26|ID1|ZNF569|BOK|SUMF2|LMNB2|JTB|CLK3|EIF2B5|IRF1|PROCA1|METTL13|UHRF1|RAB24|ACAD10|DDX24|PRC1|RXRA|LIMK2|EZR|TRIP10|LTBR|EVA1B|NAT8L
GSE37534_GW1929_VS_ROSIGLITAZONE_TREATED_CD4_TCELL_PPARG1_FOXP3_TRANSDUCED_DN	0.374065554916619	0.843538466492771	0.275245886996613	1.02170536176631	1300	158	RFX3|CUEDC1|EGLN3|SNX33|VPS54|WDCP|ZFP82|PTPN2|PAIP2|SLC30A6|CABLES2|NAA15|PDS5A|RAB6A|WDR26|PIAS2|CNOT6|IFIT3|RAP2A|ARMC2|SLC2A10|GPNMB|PHETA2|AUH|PIGK|PCF11|MTCP1|EXOC6|RAVER1|ITM2A|PSTK|ATPAF1|FBXO28|NEK1|RICTOR|RAB3GAP2|ATP13A3|ARL4A|ABCB7|PIGX|DAD1|ATP1B2|BRWD1|RAB4A|GYG1|SCLY|DRG1|ZMAT5|CCDC28A|NPRL2|SARAF|SLC37A3
GSE3982_MAC_VS_NEUTROPHIL_DN	0.374373766509792	0.843538466492771	-0.295545201313389	-1.03251426484162	2465	162	PAK1|S100P|ADGRG3|MADCAM1|MAPK8IP3|PDLIM2|MYO16|BTN3A1|ZNF692|UNC5B|ADAMTSL4|TCL1A|FOXP3|ERO1B|CDKN2D|SH2D3C|CABIN1|SV2A|GNMT|SH2B2|EXD3|SPATA1|PSAP|DACH1|EWSR1|TAP2|MYO9B|RASSF7|JUNB|CERS4|PISD|ULBP1|ARHGEF1|GSK3B|HAUS4|PPP6R1|EEF1D|LPCAT1|CKB|MED16|DICER1
REACTOME_POST_TRANSLATIONAL_MODIFICATION_SYNTHESIS_OF_GPI_ANCHORED_PROTEINS	0.374147942438778	0.843538466492771	0.310632852729352	1.02918084655281	1481	72	PIGB|PIGA|PGAP1|PIGZ|RECK|PSCA|ALPL|ART4|PIGK|GPLD1|DPM1|PIGH|PIGC
ZHOU_TNF_SIGNALING_4HR	0.374305723255252	0.843538466492771	0.332446162324825	1.03462334937431	1549	50	FBN1|CCL2|CCN1|KALRN|GDI2|CCNC|IL32|KIT|CMPK1|PRELID3B|ACLY|ELOVL5
GSE41978_ID2_KO_VS_ID2_KO_AND_BIM_KO_KLRG1_LOW_EFFECTOR_CD8_TCELL_UP	0.374634446667693	0.843747044121674	-0.29776980403832	-1.03383741643797	2433	156	TPM2|NPFFR2|IDUA|LATS2|FGD3|CHAC1|AXL|PNCK|DGLUCY|UNC5B|SNHG11|SRCIN1|MST1R|CXXC1|AHCYL2|TIMP1|MZF1|LIN7B|DNAJC17|RAMP1|VPS72|PSMB6|LRRC20|MSRA|HYAL3|UBR4|RTBDN|VPS39|EPOP|MLH3|WRAP73|STX18|LMNA|ENPP3|ITGAE|PMP22|METRNL|TUFM
REACTOME_MITOTIC_G2_G2_M_PHASES	0.374554102259215	0.843747044121674	0.266678536629181	1.01885376551055	1259	194	AJUBA|NEDD1|PLK4|PSMC6|PSMC1|PSMD5|PHLDA1|PPP1CB|CCNA2|CCNB1|PSMA1|PSMA4|CEP135|PPP1R12A|CCP110|YWHAG|PSMD6|HAUS5|LIN9|HAUS1|CCNH|CDK1|NME7|BORA|TUBB1|CDK2|PSMD10|SKP1|PSMA2|PSMA6|RBBP4|CEP152|CEP78|TUBGCP4|PSMC2|NEK2|PPP2CA|PSME4|CEP57|FBXW11|CETN2|LIN54|NDE1|WEE1|CEP76|PSMD14|PPP2R1B|PSMD11|CKAP5|HSP90AA1|CEP70|PSMC5|CENPJ|CDC25C|CCNB2|EP300|CEP192|MAPRE1|MZT1
BURTON_ADIPOGENESIS_PEAK_AT_2HR	0.374909877433309	0.843799405756852	0.344614500539294	1.03555739564987	1559	42	FOSB|RGS2|CCN1|PHLDA1|NR4A2|HK2|RHOJ|FOXC2|SLC20A1|MYC|CAPN1|EMD|DNAJB6
JIANG_MELANOMA_TRM1_CD8	0.374890254609306	0.843799405756852	0.273150505256438	1.02019899457689	1280	167	FOSB|CD44|CD69|RGS2|PRMT9|NABP1|CKS2|ALG13|PHLDA1|LDHA|RANBP2|NR4A2|PTGES3|HSPH1|TOB1|CLK1|SDCBP|BCAS2|SLC38A2|RBKS|GPR183|XCL1|INSIG1|CALM2|SERTAD1|SAMSN1|NFE2L2|CCNH|REL|CACYBP|HSPD1|DDX3X|CDKN1B|WSB1|CITED2|ANXA1|GTF2B|IVNS1ABP|ZFAND5|CHMP1B|HSP90AA1|TIPARP|GABARAPL1|EIF4A2|BTG1|DNAJB6|PNRC1|TNFSF9|VIM|RALGAPA1|HSPA5|MCL1|SARAF|ZFP36|FOSL2|NR3C1|EIF1
ZHAN_MULTIPLE_MYELOMA_CD1_AND_CD2_DN	0.374788698382033	0.843799405756852	0.332321202529444	1.03423445536172	1551	50	UQCRB|CAMSAP2|SERPINI1|MRPS24|DMXL2|IL6R|LINC00342|BMPR1A|ADAM10|ELOVL5|MYC|HOXB7|CDK6|H2AC6|RNF130|ZC3HAV1|RASSF5|UBE2B|ANP32A|GSTO1
BURTON_ADIPOGENESIS_3	0.375134843581446	0.843876479157923	0.295367445115441	1.02466186064312	1390	98	TTK|DCK|CDC7|CCNE2|DTL|CKS2|TOP2A|KIF11|PRIM1|CDCA7|CCNB1|SMC2|POLA1|KPNA2|NUSAP1|MAD2L1|TYMS|CDK1|RRM2|RFC5|BUB1|RRM1|RACGAP1|IL13RA1|PCNA|PCLAF|BZW1|PNP|CCNB2|RAD51AP1|DLGAP5|FEN1|NCAPH|HMGB2|TCF19|ILF2|BRCA1|TUBB6
MELLMAN_TUT1_TARGETS_DN	0.37527820578668	0.843876479157923	-0.363519290799831	-1.04122820335886	2191	42	APLP1|PACSIN3|CPEB3|APOE|KLF7|KLF12|EID3|PACSIN1|TXNDC11|RAC3|GSTK1|AKR1A1|BLOC1S5|AKR7A2
PELLICCIOTTA_HDAC_IN_ANTIGEN_PRESENTATION_DN	0.375090865035135	0.843876479157923	0.332973467225076	1.03152614039871	1547	49	HLA-B|PSMC6|PSMC1|PSMD5|PSMA1|PSMA4|ERAP2|TAPBPL|HLA-C|PSMA2|DERL1|PSMA6|PSMC2|PDIA3|PSME4|NGLY1|HMGCS1|PSMD14|PSMD11|PSMC5
WP_SEROTONIN_RECEPTOR_2_AND_ELKSRFGATA4_SIGNALING	0.375280394795873	0.843876479157923	0.423406617379692	1.04869183480035	1672	18	GNAQ|MAPK1|HTR2C|GATA4|NRAS|ELK1
GSE15750_DAY6_VS_DAY10_TRAF6KO_EFF_CD8_TCELL_DN	0.37586000598265	0.843969126771932	-0.290789449762042	-1.03146891216473	2512	187	GAA|TCEA2|SMAD7|PDE2A|LATS2|CREBRF|ZNF76|S1PR5|GSDMD|GGA1|DBP|NXF1|TEF|IFT140|RELL2|SFI1|CARNS1|TSHZ3|PIK3IP1|CCNL2|ELMOD3|NR1D1|C19orf38|NOTCH3|MAFK|BCL6|GUCA1B|NFKBID|FBXW4|ENO3|CPNE7|TELO2|PISD|AGPAT2|MGRN1|PPP1R3F|UNC45A|IL18RAP|SNHG12|ARFRP1|CLCF1|RABL6|SRGAP2|SOCS3|CCDC137|CIPC|ATP6V0B|FHIP2A|PDXK|TUFM|FAM8A1|JUN|LEMD2|MYLIP|COG8|SMYD5|HYAL2
GSE25085_FETAL_LIVER_VS_ADULT_BM_SP4_THYMIC_IMPLANT_DN	0.375705375705376	0.843969126771932	0.266551180984915	1.01959427411713	1264	195	TTK|PARPBP|TRMT2B|CCNE2|PLK4|CEP128|EIF2A|SERPINI1|HMGN5|KIF18A|G2E3|CEP20|RBM11|DHX40|MLF1|ZNF277|FBXL8|KIF20B|KNL1|ARHGAP11A|CIP2A|NHEJ1|NUP107|POLA1|ECT2|MPHOSPH9|NEIL3|CENPU|ZFAND4|CEP44|FXR1|CCT4|PABIR2|BORA|VRK1|C4orf46|RPA2|AIMP1|HNRNPA1|STIL|SUCLA2|LRRC40|WEE1|SMC4|TRIM59|NUP155|ATAD2|ATAD5|CENPE|SLC39A8|PMS2|ATL2|PAICS|AHCY|CDC25C|RFWD3|ERCC6L|EIF3H|RAD51AP1|NPRL2|STK38|POLD4|NTPCR|WDHD1|MELK|CDK19|NCAPH|NCAPD2|TERF1|ACADM|TXNIP|NELFCD|CEP95|CEP83|TPMT|IMPA2|NUCKS1|MDH1|PIAS3|FOXM1|CEP55|USP3|EIF3L|TTC9C|GEMIN8|GRK2|CHEK1|UEVLD
GSE28737_WT_VS_BCL6_KO_FOLLICULAR_BCELL_UP	0.37547427530733	0.843969126771932	-0.294914600943842	-1.03180471083002	2473	165	MTCL1|SLC30A4|YJEFN3|CLBA1|SYCE2|PLLP|RASGRP3|CHAC1|BSN|PACSIN3|EPS8|HYOU1|SNX30|SAC3D1|NSUN5|ZNF516|GRM3|CAPN11|SELENOV|TRIM46|NKPD1|MGAM|HOXC13|LYG2
GSE29614_CTRL_VS_TIV_FLU_VACCINE_PBMC_2007_UP	0.375886524822695	0.843969126771932	-0.30691582648814	-1.03335284790894	2384	119	TRPA1|TEX14|SNORC|ZBTB49|ASIC3|WASIR2|MESP1|PANX2|SMTN|MATN4|PDLIM7|FRMD6|EPHX3|FGFR3|IGSF3|CPQ|ULBP1
GSE43956_WT_VS_SGK1_KO_TH17_DIFFERENTIATED_CD4_TCELL_UP	0.375513307984791	0.843969126771932	-0.295217957995985	-1.0320303597775	2468	164	PRG2|ZFTRAF1|HLX|FZD7|SFN|ACADS|WNT3|TRAIP|HYOU1|LYPLA2|SNHG11|RCN3|ATP9A|FEZ1|TBRG4|EFNA1|PIGR|FGD1|EXOSC5|IKBKG|SUGP2|YIPF3|KCNJ11|PSMB10|POLR1C|TIMM10|IL18RAP|INO80C|CYBC1|CHERP|HS3ST3A1|SLC38A5|SLC35C2|DHX30|PCK2|CIPC|TMEM259|BAIAP2|UPP1
GSE8921_UNSTIM_0H_VS_TLR1_2_STIM_MONOCYTE_3H_DN	0.375925925925926	0.843969126771932	-0.30062743652843	-1.03568847599927	2435	144	SYPL2|SNORC|FOXD3|DOCK4|CCDC167|ADAMTSL4|GABRG2|TEKT5|SELENOV|SLC39A2|KIRREL1|NKX6-1|ARHGEF26|ZAR1|NCAN|BATF2|ESRRB|KIF5A|CCDC24|HYAL3|NOL3|PDGFA|FAM98C|MUL1|GRB7|NRIP3|CRAT|ZMIZ2|PIP4P1|NMU
SCHEIDEREIT_IKK_TARGETS	0.375994215473608	0.843969126771932	-0.448414659738286	-1.05753441453068	2079	17	CYLD|IRS1|CCND1|ESR1|NFKBID|NFKBIB
WONG_EMBRYONIC_STEM_CELL_CORE	0.375700280112045	0.843969126771932	0.252121482988298	1.0147840382083	1072	326	TTK|LBHD1|CDC7|PLK4|HAT1|HMGN5|DTL|CKS2|VBP1|TOP2A|KIF11|PRIM1|MTHFD2|CCNA2|CDCA7|LYPLA1|CKAP2|MSH2|UTP18|NUP107|SMC2|SUMO1|NCBP2|CBX3|HSPA14|MRPL39|NDC80|KPNA2|ETFA|CCNC|NUSAP1|MAD2L1|BRIX1|FGFR1|MRPL15|RAD23B|DLAT|SDHD|UBE2V2|HAUS1|CDK1|DDX18|SSB|RRM2|CRABP2|PRMT3|DBF4|BUB1|HNRNPK|RRM1|NIP7|FH|VRK1|COQ3|DARS2|NIFK|MRPS30|MYC|APEX1|ELOVL6|RACGAP1|GART|RPA2|MTF2|NEK2|HNRNPA1|SLC25A5|CDKN3|ABCB7|RCN2|PCNA|WEE1|GNL3|GARS1|PSMD14|SMC4|WBP11|ADH5|BUB3|LMNB1|EIF4B|BLM|CISD1|RFC3|HSPA9|PABPC1|CCNB2|EEF1E1|BCAT1|ERCC6L|BUB1B|EXO1|BTF3|RPL22|MRPS17|GLO1|SNRPD1|MAIP1|GEMIN2|SNRNP40|MRPS2|DLGAP5|WDHD1|CSE1L|KIF23|SRSF10|PDCD2|NCAPH|NCAPD2|TERF1|HMGB2|NAP1L1
FIRESTEIN_CTNNB1_PATHWAY	0.37639146567718	0.844105793670137	0.375644572397516	1.04494245519492	1622	29	PLK4|FER|DAPK2|SLK|SYT11|NRAS|LATS1|DKC1|CDK8|FOXO4|TAOK1|MAP2K1|CHEK2|PKN1
GSE22935_24H_VS_48H_MBOVIS_BCG_STIM_MYD88_KO_MACROPHAGE_DN	0.376236117450175	0.844105793670137	-0.295052319967065	-1.03097486840787	2472	163	ADAM19|AHRR|HBB|LCAT|NUDT18|PPM1J|CLDN6|AATK|SOD3|MIGA2|APOC1|ROMO1|FOXH1|CSF2|ARHGEF17|LIAT1|GDF2|PNMA3|CYP2S1|MATCAP1|TMEM139|MET|SV2A|NKPD1|YIF1A|SELENBP1|HYAL3|FAM98C|OAZ1|JRK|DYNC2I1|DGUOK|HOXC6|CAMKK2|USB1
GSE36476_YOUNG_VS_OLD_DONOR_MEMORY_CD4_TCELL_40H_TSST_ACT_DN	0.37621540762902	0.844105793670137	-0.29012158431246	-1.0299287052634	2514	188	TBC1D1|TSC22D3|PBX3|BSCL2|COX8A|COX6A1|PRKCZ|RPS20|H4C11|SYNGR2|GON4L|SLC35G2|LAGE3|PLEKHA1|LUC7L|HDAC4|P3H1|SIRT7|LRPAP1|ACYP2|MAD1L1|BCL6|C11orf21|LIN7B|TBC1D8|KCNN4|KANK1|DHRS3|F2R|BABAM1|HIVEP1|RASSF1|TNFRSF1B|SNRPD2|H2BC12|LMBR1L|GPS1|DGUOK|H2AZ2|BID|ZNF133|PSMB4|CSTB|MICAL1|TRAF3|TYK2|UPP1|FLII|MPI|PI4KA|BCKDK|SURF1|DPM2|CSRNP2|NFKBIE|RBM6|CDK5|CDK11A|DMAC2|ANKLE2|UCKL1|CLK2|POLR2G|HEXIM1|GSTM4|CBY1|PRKCA|UBR2|ERMAP|SSNA1|YY1AP1|MBD1|ERCC3|ATP6AP1|RALGDS|NDUFS3|FHIT|WASF2|GARRE1|APEH
REACTOME_CYTOSOLIC_TRNA_AMINOACYLATION	0.376349024110218	0.844105793670137	0.395218718166394	1.04704506590735	1638	24	DARS1|RARS1|PPA1|NARS1|TARS1|AIMP1|GARS1|FARSB|EEF1E1|WARS1|IARS1|AIMP2|LARS1|EPRS1
MORI_LARGE_PRE_BII_LYMPHOCYTE_UP	0.37648927720413	0.844136556751186	0.301380224716755	1.0247182571393	1421	87	TTK|DTL|PSMC1|TOP2A|CCNA2|CDCA7|CCNB1|SMC2|NDC80|KPNA2|CALM2|CDK1|RRM2|RRM1|RBBP4|STMN1|RACGAP1|PPP2R5C|CDKN3|HMGB1|RAD21|IDE|SMC4|BUB3|LMNB1|CENPE|HJURP|CCNB2|ALYREF
GSE18791_UNSTIM_VS_NEWCATSLE_VIRUS_DC_10H_UP	0.376639035418237	0.844283751122881	-0.288762222358487	-1.02746056897318	2498	195	IGF1R|CCDC12|ENC1|SFN|ATXN1|ZNF559|NOL12|PLXNA1|TRPV2|PTPDC1|TFPT|PDE6D|SNX30|CXXC1|GBA2|NUDT16|HSD17B10|NME3|ATP2A3|PET100|IL16|TRMT1|MTFMT|THBD|TBC1D10A|FAM98B|ENDOG|NACC2|POLR1C|ATPAF2|SGK1|INTS11|PRDM15|PRKAB2|CD2BP2|HMG20B|ACVR2B|ZNF251|KLHL21|IFNGR1|DHX30|SURF6|LCMT2|NAXD|EXOSC7|ASB1|TRAF3|BRF2|FKBP14|GXYLT1|TAF5L|ASTE1|URB2|FHOD1|POLR2I|ZC3HC1|RPS19BP1|ZCCHC17|UBAC1
GSE10273_LOW_IL7_VS_HIGH_IL7_AND_IRF4_IN_IRF4_8_NULL_PRE_BCELL_DN	0.376982939239749	0.844421542930871	-0.290562973865305	-1.03020011006436	2518	186	SMAD7|CLDND2|ATP9B|L1CAM|DIAPH2|RABAC1|COMMD4|UBA7|DBP|DNAJC15|FLT1|PKD2L2|TSHZ3|TMEM80|PDLIM7|NUDT16|COL6A3|ZNF585A|RGP1|RIMBP3C|FGD1|DZANK1|RFNG|G6PD|TMEM18|DBR1|ZDHHC24|IKBKG|TRAPPC1|SLC39A4|STX5|TMEM120A|NR4A1|PARP3|DDX31|GSK3B|ZNF251|BORCS7|LMNA|SMURF2|FLOT1|ANAPC2|PRR14|EML2|MIER2|ZBTB48|ITPR3|TRAF3|FAAP24|GXYLT1|EXOC2|GALNT2|GCN1|SEPTIN9|FHOD1|NFKBIE|MROH1|CYRIA|TACC1|SSBP4|AP5Z1|ANKLE2|UCKL1|CISD3|PHF1|VPS13D
GSE13306_RA_VS_UNTREATED_TCONV_UP	0.37736131934033	0.844421542930871	-0.291291972759964	-1.0291189395274	2516	179	TAGLN|PCNX1|PDE2A|IRF7|MS4A13|KCNK5|MRPL14|CYTH3|TOP3B|PUS1|TTYH2|DDRGK1|COMT|HRC|NR1D1|EPHB6|CHD6|PXMP4|LRRC45|NDUFA4L2|CHRM4|TRADD|POLE|PRF1|BRD9|SHISA5|FBXW4|ADCK5|APBB3|CERS5|NENF|GRB7|DCTPP1|LAMP1|NBDY|PIGS|CYC1|P3H3|PI4KA|ABCF3|RPS5|POP7|PES1|IGHMBP2|ENTREP3|FOXP4|TBL1X|RALGPS1|SLC25A28|ZSWIM7|CUEDC2|TMEM50B|MFHAS1|CDK5
GSE24142_EARLY_THYMIC_PROGENITOR_VS_DN2_THYMOCYTE_FETAL_UP	0.377524143985953	0.844421542930871	0.272959359919934	1.01948507944085	1289	167	MEIS1|TCEAL1|CD44|MAN2B1|IL10RB|ARL5A|TMEM51|RNF2|CTSS|IL18R1|PTGS1|B3GNT5|GCNT2|PAIP2|DOCK7|MEF2C|TJP2|PER2|OTULINL|S1PR1|PLA2G4A|KCTD14|TMEM176B|PLXNC1|ICA1|HLA-C|SKAP2|GRK5|ESAM|PCYOX1|PYGL|PTK2|CASD1|PIGC|SNX19|PTPN12|CMTR2|TOR1B|NDN
GSE29618_LAIV_VS_TIV_FLU_VACCINE_DAY7_PDC_DN	0.377541729893778	0.844421542930871	-0.293656661151335	-1.02964151341034	2487	170	TREX2|S100A2|HLX|CBS|PHYHIP|BRME1|H2AC16|IFI16|APOD|CCND1|PRKCSH|IRF3|STC2|IP6K2|RECQL4|PKMYT1|TNK1|HIGD2A|FOLR2|AKAP8L|BCL6|LIN7B|SCARB1|SLC16A5|H2BC5|HSD17B7|HPCAL1|STX5|PRTN3|PFDN2|SIRT4|CHPF2|IER2|ATXN2L|SH3BGRL3|RAD23A|PTRH2|EIF4G1|DPM2|FLNA
GSE32986_CURDLAN_LOWDOSE_VS_GMCSF_AND_CURDLAN_LOWDOSE_STIM_DC_UP	0.377054078279056	0.844421542930871	0.267618519630914	1.01868207252053	1261	191	MYO1F|SENP8|KAT2B|WDSUB1|NCOA2|RASSF3|TMEM51|LRRC27|NPL|STARD9|BBS2|ABCC4|ATG4C|MBTPS2|NBN|DHX40|RWDD2A|PNPLA6|PRIM1|PFKFB3|LYSMD3|ZFYVE26|METTL21A|P2RX7|LAT2|RIT1|RBL1|SQOR|HAUS1|C1orf54|MTCP1|CELF2|CTNS|BCAS3|CACUL1|CDKN1B|ALDH2|GABPA|EEIG2|PHF3|CLIP1|DSCC1|APC|SMPDL3A|MFAP3L|SPG11|PTPRA|ZFYVE1|FYCO1|GLT8D1|CHMP1B|LIX1L|RAB6B|HTATIP2
KEGG_CHEMOKINE_SIGNALING_PATHWAY	0.377058489494605	0.844421542930871	0.278251653974518	1.01960555009967	1327	144	VAV2|CXCL8|CCL5|CCL2|CCL4|GNG12|GNAI3|GNB4|PIK3CA|ROCK2|ELMO1|GRK4|VAV1|MAPK1|JAK3|XCL1|RAP1B|GNG10|SOS2|RAP1A|RHOA|CXCL11|JAK2|ROCK1|GRK5|NRAS|PTK2|PIK3CG|CHUK|BRAF|TIAM2|WAS|CCR10|PREX1|PLCB1
REACTOME_CD209_DC_SIGN_SIGNALING	0.37720561757292	0.844421542930871	-0.436048471921773	-1.05598618916654	2094	19	PAK1|FYN|ICAM2|ICAM3|RELB|PRKACB|RELA
SUH_COEXPRESSED_WITH_ID1_AND_ID2_UP	0.377181208053691	0.844421542930871	0.431341200681859	1.05064513325195	1685	17	MYO1F|SKIL|GABARAPL1|BHLHE40|PLAU|RAB20|GZF1
TSAI_RESPONSE_TO_RADIATION_THERAPY	0.376977152899824	0.844421542930871	-0.393430659876353	-1.04631292833706	2144	29	PLAT|HBB|IFITM1|IFIT2|COL6A1|LGALS3BP|SERPINE1|COL6A3|ISG15|TSC22D1|OAS3
WP_PHOSPHODIESTERASES_IN_NEURONAL_FUNCTION	0.377461447212337	0.844421542930871	0.347308809299138	1.03635958200751	1590	40	PDE3B|PDE8A|PDE4D|PDE12|PDE11A|PDE7A|CREB1
RIGGINS_TAMOXIFEN_RESISTANCE_UP	0.377654196157735	0.844484923375216	-0.344152334296202	-1.03637783939007	2240	56	H2AC8|LAMA4|ETFB|RGS3|COLEC12|ARHGAP26|CTSA|CTSD|SEC61A1|FASN|PMP22|ARMCX3|WDR45B|SPRY4
GSE11864_CSF1_PAM3CYS_VS_CSF1_IFNG_PAM3CYS_IN_MAC_DN	0.378009995456611	0.844528006764625	-0.294298523591471	-1.03061110405884	2495	166	TGFB1I1|TAGLN|PAK1|DND1|DYSF|TCN2|ITGBL1|EXOC3-AS1|ASPHD2|ZBTB46|CTRL|CFAP58|RGS3|ARHGAP45|RELL2|SMPD3|AHCYL2|ENTPD1|FMO4|SH2B2|LIG1|LIN7B|TAP2|ICAM2|NFE2L1|UBR4|PDP1|GRK6|MALT1|SMIM14|TUBA1B|ATP6V0A1|FLOT1|POMP
GSE21063_3H_VS_16H_ANTI_IGM_STIM_BCELL_UP	0.377973568281938	0.844528006764625	0.271530162383625	1.01797011209643	1286	171	CCDC120|MYO1F|TNFRSF14|SLC49A4|IGSF9|TNFSF4|RAD52|PUS10|MBNL2|HACD2|CNNM2|HIF1A|PPT1|PDGFB|AMMECR1|KIF11|RINT1|SMNDC1|MSANTD2|DDHD1|DOCK10|GNAL|ICOSLG|ERO1A|ZFP14|SRP72|PELI1|UTP3|B3GNT2|SP1|NARS1|ATG9B|CDKN1B|ANKRD50|RCOR3|MYC|TUT4|ZCCHC9|FUCA2|GALNT10|ADGRV1|MPHOSPH6|PARP4|USP16|MTX2|METTL9|CCDC66|NEB|ATF3|CCDC32|OPTN|HIF1AN|PATL1|PXK|KTN1|MRPL45|SMN1|NEK4|HSPA4L|TERF1|GPATCH8
GSE41867_NAIVE_VS_DAY8_LCMV_CLONE13_EFFECTOR_CD8_TCELL_DN	0.378009995456611	0.844528006764625	-0.294281097932883	-1.03055008072438	2495	166	KHDRBS3|DHRS1|MRPS18C|MOGS|ABCA17P|COX17|TPD52|KIRREL1|B3GNT6|FMN2|LGALSL|S100A5|GPC1|TIGD2|B3GNT9|DPP3|SAT2|EMC4|PELP1|SPTB|MAP7D1|SCAP|IGF2R|HSD17B7|SOCS2-AS1|ARID3B|PARP3|VKORC1|AFG3L1P|EVL|CD276|FKBP2|MEF2D|AGAP3|SLC16A9|ZNF674-AS1|ZBTB48|GNA12|CSRNP2|PILRB|ENTREP3|CHRNB1|MAVS|ZC3HC1|ZCCHC17|SLC15A4|KDM2A|CTXN1|RNF34|ARHGAP17|HCG18|EML3|USP22|HBD|PBDC1|STX6|EXOC1|CDCA4|CHMP4B|PIK3R1|ARHGEF11|ATP6AP1
KEGG_PYRIMIDINE_METABOLISM	0.37776708373436	0.844528006764625	-0.317049038554908	-1.03583907441029	2354	95	POLR2L|ENTPD3|TYMP|POLR2F|ITPA|DTYMK|NME3|ENTPD1|TXNRD2|POLE|POLR2E|POLD1|CAD|POLR1C|POLR3K|ENTPD6|POLR1H|NT5C|TK2|ENTPD4|POLR2A|TK1|POLR2J|NUDT2|POLA2|POLR3GL|UPP1|POLR1A|UCK1|POLR2I|POLR2J3|POLE3|DHODH|CTPS2|UCKL1|POLR2G
GSE2585_AIRE_KO_VS_WT_CD80_HIGH_MTEC_DN	0.378685825475228	0.845330849497149	-0.290537376329042	-1.02939732026141	2529	183	LAG3|PAK1|PDE2A|MAPK13|TBC1D2|ENC1|FAM234B|NCEH1|ANKH|AMDHD2|SYNGR1|SUN2|JMJD4|NSUN5|APH1B|LMAN2|MFSD12|MED22|TBCC|TINAGL1|EMP3|SCARB1|CTSA|CAMK1|NSDHL|LSS|RNF181|MBD3|ABHD12|CAPN15|TMEM120A|PDP1|PISD|MAPK8IP1|TPGS1|ARHGAP1|LMLN|MAP1S|TEX264|GSK3B|TUBA1B|IRAG2|DTNBP1|IL6ST|MTCH1|INF2|MICAL1|S100A6|CHMP7|PI4KA|MPZL1|HIP1
GSE43863_LY6C_INT_CXCR5POS_VS_LY6C_LOW_CXCR5NEG_EFFECTOR_CD4_TCELL_DN	0.37861578070574	0.845330849497149	-0.293060206497667	-1.02948510098337	2499	172	GAA|SULT2B1|LAG3|SYCE2|FAM178B|RENBP|CLN3|SYNGR2|SLC3A2|TRIO|ROGDI|TPD52|SLC23A3|ST6GALNAC6|CPS1|HGS|MDFIC|ATN1|CRYM|ZDHHC24|DUSP4|RNH1|IGF2R|DVL1|SLC7A1|PLK3|CLCN6|RILPL2|GRIPAP1|NSMF|ITGAV|MALT1|PACSIN1|CENPV|SLC66A2|IL15RA|LAMP1|SH3KBP1|TNIP2|SH2D2A|CCNO|PMP22|ATP6V0B|IER2|PDXK|DUSP14
GSE7831_1H_VS_4H_INFLUENZA_STIM_PDC_UP	0.378706199460916	0.845330849497149	-0.290407677770794	-1.02832667604306	2528	182	RAB27B|AQP1|IL11RA|C1QTNF12|ADGRD1|B4GALNT4|GTF2I|GHDC|FAAP20|CARD19|ZFPL1|APBA3|RHBDF1|JOSD2|NAT9|AFAP1L1|PDCD11|PKN3|NOP2|HMGCL|SDR39U1|IFITM3|AKAP8L|GBP2|INPPL1|DUSP4|GFI1B|GPR107|TTC4|JUNB|AFDN|TRPC4AP|SGK1|CERS4|CDCP1|CDC42EP4|TMEM205|CNPY3|TAPBP|CRELD1|TSSC4|TNIP1|CCDC85B|FLOT1|KYAT1|INF2|CCDC51|ZNF23|PITPNM1|S100A6|CTSH|TUFM|FKBP14|RAD23A|VAMP2|RBCK1|BRF1|AP4B1|UBE2Z|ERGIC3|C22orf39|SMAGP|ACSS2|SLC48A1|TTC38|RELA|FKBP9
PECE_MAMMARY_STEM_CELL_DN	0.378521617852162	0.845330849497149	0.281115745475359	1.02146609905155	1356	134	MMP14|CHN1|PANK3|CNOT8|BPNT2|KDM7A|GLUD1|MARCHF7|NEMF|GDI2|COG6|SHQ1|CBX3|DENND4C|EPS15|ZDHHC6|FGFR1OP2|QNG1|PALM2AKAP2|NREP|CALD1|ACER3|SLC30A7|TMEM230|RAB2B|DDX3X|DERL1|CUL3|RO60|TIA1|PUM2|PDIA3|ZCCHC9|PLBD1|CDC5L|NSMAF|BTF3L4|SEC63|GOLGA8A|IDI1|DEGS1|KPNB1|MAP1LC3B|SFPQ|UBE2K|KCNQ1OT1|RNF146|TXNIP|PURB|SLC7A6|SEC22B|JMJD1C|NPEPPS|KLHL28|TUG1|XRCC5
DARWICHE_PAPILLOMA_RISK_HIGH_UP	0.378985393434899	0.845577990508894	-0.304408998544327	-1.03181310937807	2412	126	FES|ENG|HOMER3|ELAPOR1|SFN|AXL|COX5B|SNHG9|CXCL16|ICAM1|MCAM|HRC|NCAN|IL1B|IFITM3|TRAF2|SRM|SNHG3|TRMT1|HEXA|CRELD1|ID1|KLF13|GSK3B|BID|TMEM65|EEF1D|LY6E|TP73|MRPS18A|LTB4R|MGAT1|HBE1|DNAJC1
REACTOME_SIGNALLING_TO_RAS	0.378968253968254	0.845577990508894	-0.443168045704468	-1.05935489867096	2100	18	MAPK13|MAPK11|MAPK12
WP_FOCAL_ADHESION_PI3KAKTMTORSIGNALING	0.379107475964988	0.845662409719233	-0.280596951314116	-1.0259117147246	2641	251	IGF1R|SLC2A4|TBC1D1|OSMR|GNG8|LAMB1|ITGA4|PIK3C2B|LAMA4|GNB3|COL1A1|LAMA5|ITGA7|ATF6B|SREBF1|TCL1A|FLT1|ITGAX|PPP2R2B|FGF12|IRS1|FGF17|LAMB3|IL2RG|PIK3IP1|PGF|EFNA1|MET|AKT3|IRS2|TSC1|IKBKG|ITGB5|CREB3L1|STK11|FGFR3|SLC2A3|F2R|NOS3|PDGFA|STRADA|PPP2R3C|ITGB1|ITGAV|FGF2|AKT2|GSK3B|COL1A2|ITGA5|LPAR2|RAB2A|EPOR|RPS6KB2|ULK1|ITGAE
GSE17721_CTRL_VS_CPG_6H_BMDC_UP	0.379263711495116	0.845757617160814	-0.289510042483063	-1.02864716998743	2523	191	IAH1|PLXNB2|RHBDD3|SELENOM|PDLIM2|SLC12A9|N4BP3|APLF|ROMO1|SLC7A7|COL6A1|PALD1|PLEKHA1|TTYH2|HCFC1|ADAM11|PCNX3|TBCD|FAM76A|CPSF1|RAMP1|ZFYVE19|RNF181|DGAT1|STXBP2|SELENBP1|ZBTB20|FAM98C|CERS5|COX16|SLC39A11|MRPL2|NDUFC2|ARMC6|CYBC1|TUBB2B|MGAT4B|SSR4|TAX1BP3|FRRS1|COMMD6|GOLIM4|HCFC1R1|FAM50A|TPRA1|MANBA|NINJ1|PIGS|ZBTB11-AS1|CPT1A|POLR3GL|SRF|SH3BGRL3|DPM2|TMEM179B|EBP|MIEN1|RBM5|MMD|CUEDC2|AKR7A2|TMEM50B|FBXO25|ELMO2|CYTH1|SLC41A3|AIFM1
GSE40666_NAIVE_VS_EFFECTOR_CD8_TCELL_WITH_IFNA_STIM_90MIN_UP	0.379487179487179	0.845757617160814	0.269365622891489	1.01956264950931	1257	185	PITPNC1|ITGB7|MS4A6A|GABRR2|TAMALIN|MFSD14A|PDCD10|DNAH8|CAPZA2|B3GALT4|ATP8B3|MACIR|SOSTDC1|PNPLA7|CRLF3|LIPT1|ATL3|C3orf38|RBM7|P2RX7|TAPBPL|GPR183|IFITM10|DAZAP2|MYL12B|MYO6|CDC14B|FBXL4|PELI1|EBAG9|PRMT3|ACBD4|PPM1K|PCSK1N|RPL6|TIAM2|NOD1|GPD1L|LPCAT2|NSMAF|SGMS1|ZNF124|PLAAT3|STARD7|RIPK2|TRMO
REACTOME_HDR_THROUGH_HOMOLOGOUS_RECOMBINATION_HRR	0.379405840886203	0.845757617160814	0.310731093870115	1.02472491632846	1506	70	RMI1|NBN|RFC4|GEN1|DNA2|RAD9B|HUS1|RFC5|RFC1|RBBP8|RPA2|ATR|PCNA|BRIP1|WRN|PALB2|BLM|RFC3|ATM|RMI2|XRCC2|RAD51AP1|EXO1|POLD4|POLD3|RAD17|RPA3|BRCA1|POLH|POLK|CHEK1|BRCA2|POLE2
WP_PROSTAGLANDIN_SIGNALING	0.379453040662109	0.845757617160814	-0.420674352811358	-1.04898945725985	2108	22	IRF7|PYCARD|CXCL1|IL1B
CHESLER_BRAIN_HIGHEST_EXPRESSION	0.380221855086146	0.846080022468351	0.350364471352627	1.03408111960521	1610	38	KCTD12|ANKRD13C|UQCRB|PPP1CB|MARCHF7|SP3|GRIA2|ACSL4|CSRP1|ATP11A|KMT2E|ATP13A3|PPID|ZRANB2|HNRNPA2B1
DAWSON_METHYLATED_IN_LYMPHOMA_TCL1	0.379871817079508	0.846080022468351	-0.368984289724231	-1.04083000671058	2192	39	PLCB4|FOXD3|TSHZ3|STK39|PCDH10|ARHGEF26|ESR1
GSE25088_WT_VS_STAT6_KO_MACROPHAGE_UP	0.38020365378856	0.846080022468351	-0.290224470295501	-1.02767794273291	2538	182	TMCO4|PAK1|AKAP13|ATRN|FAM234A|SLC39A3|DDB2|PPM1J|GRN|NBEAL2|GAS5|SNHG11|SNHG32|LINC01592|SH3BP5-AS1|AURKB|PRORSD1P|SPECC1L|APOL6|HIGD2A|MIR663AHG|RAMP1|TRMT1|SLC22A23|RPS10|RPS2|KCNN1|HMGN2|MRAS|SFMBT1|RPS23|MALT1|MED12|HMG20B|RPS12|PARP12|LMNB2|UBXN1|KCNH2|MANBA|MICAL1|CLCN5|CLEC16A|RELB|TOR3A|ARL6IP4|JOSD1|ERGIC3|KMT2D|MYL5|COX4I1|MCM6|PLEKHG4|RPL41|RPS13|HEXIM2|TRAF7|RXYLT1|GALC|ZDHHC18
GSE26488_WT_VS_HDAC7_DELTAP_TG_OT2_THYMOCYTE_WITH_PEPTIDE_INJECTION_UP	0.379890809827116	0.846080022468351	-0.294287171320584	-1.03141844416149	2504	168	MESP2|KLC4|WNT11|PLAT|IL15|PNKD|MELTF|EPS8|MICOS10|ICAM5|PDLIM7|COL6A3|PHLDB1|SLC6A13|DPP3|SGCG|ADPRM|KMT5C|PSMB10|PDRG1|B4GALNT1|TMEM199|DCTN3|PAQR7|EPOP|RAP1GAP|CEL|MVD|ENTPD4|WNT5B|CAPG|NAT1|CTSZ|NMU|DTX2
KEGG_MEDICUS_REFERENCE_CA2_CAM_CAMK_SIGNALING_PATHWAY	0.379991027366532	0.846080022468351	0.421405513919948	1.04373550966823	1693	18	MYLK3|CAMK2B|MYLK2|CALM2
KEGG_STARCH_AND_SUCROSE_METABOLISM	0.379964850615114	0.846080022468351	-0.392614174525065	-1.0441415185666	2161	29	GAA|PYGM
WANG_MLL_TARGETS	0.380144927536232	0.846080022468351	-0.282576096099962	-1.02674157627174	2622	235	ADAM19|FES|EMILIN1|MAPK13|FOXD1|CD14|GNG8|SVEP1|COL14A1|SPON2|B4GALNT4|RENO1|ZCWPW1|NKX6-1|COL6A1|RSPH9|TGM1|MST1R|CYBA|CYP2S1|LGALS3BP|ARHGAP26|CYP2F1|KCNJ15|ESR1|HOXC13|CACNA1A|PKP3|SMOC2|NFATC4|TBC1D8|GAL3ST1|THBD|DGKA|DHRS3|CPQ|HOXC8|DMBX1
REACTOME_GASTRIN_CREB_SIGNALLING_PATHWAY_VIA_PKC_AND_MAPK	0.380328596802842	0.846129976663769	0.437033358751762	1.04676314957851	1712	16	MAPK1|RPS6KA2|HBEGF|NRAS|CREB1|SOS1|RPS6KA3
DELLA_RESPONSE_TO_TSA_AND_BUTYRATE	0.380772005772006	0.846366119118555	-0.442443377878747	-1.05762264288554	2110	18	POR|ICAM1|HSPB1|RNH1|NR4A1|CDK10|HSPA1A|GATA2|CDKN1A|CDC20|DDR1
GSE43955_1H_VS_60H_ACT_CD4_TCELL_WITH_TGFB_IL6_DN	0.380769230769231	0.846366119118555	0.271016068430648	1.0171454231413	1286	173	DNAJB2|RGS5|NEDD1|MX2|IL12RB2|FZD8|RNF11|ARL5A|WDSUB1|DNASE1L1|DUSP19|KPNA3|FAM107B|CCRL2|PHLDA1|GLUD1|RNF103|TOB1|RPL39|CMPK2|ARL1|LMO7|ZDHHC6|PPP3CB|GFI1|RSAD2|EGR2|LDHB|SLC20A1|FZD2|MAP4K3|SYP|STK24|SP1|CLGN|CNOT6L|NF1|GLUL|IPO5|LAMB2|WRN|CDC73|CCT6A|ANKRD33B|NUMB|DNAJB6|PNP|CAT|MAPRE1|KCMF1|SARAF|TPGS2|CCDC88A|TOP1|NEK4|AGO2|TANGO2|RPL39L|PRKCD|POLR2M
KEGG_ABC_TRANSPORTERS	0.380745880312229	0.846366119118555	-0.370591922244136	-1.04048108701386	2194	38	ABCC10|ABCB4|ABCA7|TAP1|ABCB8|ABCA4|ABCB6|TAP2|ABCD1
TRAYNOR_RETT_SYNDROM_UP	0.380729653882133	0.846366119118555	0.372249885132121	1.04134289760189	1627	30	LRCH2|DNASE1L1|AKAP12|RNF182|PLA2G4A|SYTL2|FBLN1|CNKSR3|PTGER3|PLCB1
GSE8835_HEALTHY_VS_CLL_CD4_TCELL_DN	0.381238447319778	0.8468710058789	-0.297344189237589	-1.03011626310812	2474	153	CATSPERZ|EFNB1|FBXL2|NEIL1|EMILIN1|MAPK13|FOXD1|ADGRD1|ZNF76|CIITA|ZNF169|CELSR3|INCENP|B3GAT1|LBP|EXTL1|HFE|ZSCAN20|TMEM139|DNAAF6|NRG1|MBOAT1|SNHG17|TBC1D8|BIN3|USP19|MYO18B|RCBTB1|LMLN|C12orf75|KDM4B|HELLS|HOXC6
MARIADASON_RESPONSE_TO_CURCUMIN_SULINDAC_5	0.381252249010435	0.8468710058789	-0.419998513847565	-1.04730419182095	2118	22	SMPD1|BCL2L12|ACADS|STC2|PSMB5
REACTOME_SIGNALING_BY_CYTOSOLIC_FGFR1_FUSION_MUTANTS	0.381112606550022	0.8468710058789	0.420951438518268	1.04261085750981	1698	18	PIK3CA|FGFR1OP2|TRIM24|ZMYM2|STAT1|CPSF6|BCR|CNTRL
GSE27896_HDAC6_KO_VS_WT_TREG_DN	0.381431445817764	0.847081604672282	0.276832039757687	1.01993593028174	1326	151	KDM4D|LPXN|SESN3|HERC3|NPL|AMD1|PPT1|NAAA|GNAQ|UCHL3|BCAP29|PEX3|CCT8|CDCA7|WDR35|NUP107|TRIM13|RNF182|RIOK2|EXOSC9|INSIG1|UTP3|ANGPT1|ITM2A|B3GNT2|EPCAM|CLIC4|CHSY1|SCAMP1|SELENOF|RFC1|ALDH2|RIDA|COMMD10|CLNS1A|CYB5B|HMGCS1|PSMD14|TOMM40L|EXTL2|DLD|FDFT1|RFC3|BCCIP|ALYREF|EIF2AK2|RNF130|CCDC32|MSMO1
GSE4811_CLASSSICALY_ACTIVATED_VS_TYPE_2_ACTIVATED_MACROPHAGE_UP	0.381660847123121	0.847403579611124	-0.294681878965015	-1.02949816904344	2513	162	VWCE|FES|SYPL2|VASN|EPM2A|KIF24|PTPRU|MUTYH|WHRN|INCENP|DGLUCY|CLCN2|TOM1|MATCAP1|BRD3|EFNA1|CYP2F1|LIG1|COMMD1|ZC3H18|FRA10AC1|CAD|TMEM79|AFDN|POLR3K|CDC42EP4|CLSTN1|MLEC|SELENOS|RPP25|PYROXD1|VPS39|NUDT17|MBOAT7|GTSE1
GSE25123_IL4_VS_IL4_AND_ROSIGLITAZONE_STIM_PPARG_KO_MACROPHAGE_DAY10_UP	0.381858198396479	0.847419047024009	-0.303998918335361	-1.03077215855702	2428	127	NAGK|BSCL2|N4BP2L1|ACE|PLOD1|CD19|MAST1|ECM2|ACSL6|RELT|SPECC1L|TBCB|MRPS14|ACP6|TACC3|PIGL|WDR18|TSEN34|PISD|DYNC2I1|ID2|STX18|POLR1G|INTS4|RPL3|MAFG|MAGEA3|MPI|BCKDK|ATP5MC1|PCBD1|LDAF1|UCK1|SNX15|SH3GLB2
GSE37301_HEMATOPOIETIC_STEM_CELL_VS_PRO_BCELL_DN	0.38192107678189	0.847419047024009	-0.295254947943395	-1.02864936622319	2496	159	LAT|PLCB4|RHBDD3|BRME1|TMEM9|IZUMO4|MIIP|DNAJC15|DYNLRB1|NTRK3|FSIP1|SPINT2|MAGED2|WDR83|LRRC45|PMF1|ICAM2|LSM7|MTFMT|GNPTG|CDK11B|DNTTIP1|EPHX1|FAM118A|MUL1|MAF1|NT5C|ZMYND11|WRAP73|NDUFB11|RPS26|EEF1D|SPHK2|PRKRIP1|CTNNBL1|PRAF2|NLE1|CCDC107|BLOC1S5|POLR2I|C22orf39|BLOC1S4|MRPL58|NAP1L4|MESD|RPL23A|CLK2|CNEP1R1|ANAPC15
ZHENG_GLIOBLASTOMA_PLASTICITY_DN	0.381919756221432	0.847419047024009	-0.349692437653246	-1.03982888534548	2255	52	EMILIN1|TIMP3|PPFIBP2|ITGA7|SERPINH1|RAMP1|MXD4|MERTK|NISCH|TSC22D1|PDLIM4|RNASE1|ITGA5
GSE14308_TH2_VS_TH1_DN	0.382273138378052	0.847979261056688	0.270245538633711	1.01908975047621	1267	181	AIM2|MORC1|TBC1D10C|DHX58|SESN3|RAD52|ACOX3|RRM2B|SFT2D2|DEPDC1B|GNB4|VSIR|KLF10|C5orf34|MACIR|PI4K2B|PNPT1|ERI1|NDFIP2|CIBAR1|HARBI1|MAPK1|PLCH1|MTSS1|FLACC1|SFRP2|CYTH4|TXNDC9|C1GALT1|ANKRD28|CDC14B|HERPUD1|ZDHHC20|RBL1|SOCS2|FAM133B|B3GNT2|CPNE3|RFESD|CITED2|PAK1IP1|TUT4|GOLGA7|TTLL4|CLUAP1|PTPRC|HSD17B12
PEART_HDAC_PROLIFERATION_CLUSTER_DN	0.382426988922457	0.847979261056688	0.310279085338806	1.02323428853626	1518	70	CXCL8|AIF1|LST1|CDC7|CETN3|CCNE2|PLK4|NBN|PMS1|GFI1|BEST1|TUBE1|CDK2AP1|MYC|NF1|WT1|RAD21|ZWINT|USP16|TFDP2|RIOK3|CCNB2|BCAT1|EIF2AK2|KNTC1
REACTOME_SIGNALING_BY_FGFR2_IIIA_TM	0.382395382395382	0.847979261056688	-0.441472721005567	-1.05530237154942	2119	18	POLR2L|POLR2F|POLR2E|FGF2|POLR2A|POLR2J
PID_ERBB2_ERBB3_PATHWAY	0.382571223366052	0.848111735898505	0.339936949608398	1.03256060882	1597	44	SRC|DOCK7|PIK3CA|MAPK8|PPP3CB|MAPK1|USP8|JAK2|NRAS
GSE40274_CTRL_VS_FOXP3_AND_PBX1_TRANSDUCED_ACTIVATED_CD4_TCELL_UP	0.382784731880699	0.848397690134346	-0.299778512335631	-1.03095429484044	2476	142	TRPM2|MEIS3|PIK3C2B|HDAC10|ADAMTS14|FAM193B|MAPK11|TNFRSF21|PLA2G15|DGKD|TGM1|RIGI|CYTH3|PCYT1B|RASGRP1|ACSL6|THEMIS2|MBOAT1|BCL6|PRF1|SLC2A3|CERS4|SNX8|CNP|RNF145|PGGHG|SLC16A9|IFNGR1|CKLF|HES1|PSD4|MICAL1|CLK3|FKBP14|PRR5|GABPB2|GTF2IRD1|TLN1
GSE14415_INDUCED_TREG_VS_FOXP3_KO_INDUCED_TREG_IL2_CULTURE_DN	0.383176100628931	0.849077637552584	-0.307330653070589	-1.02986581472266	2436	114	RINL|ABRACL|CATSPER1|S1PR5|CD84|WNT3|ARHGAP45|ZC3H6|ITGAX|KLF12|TCP11L2|RASGRP1|ACSL6|FRMD3|SLC25A45|YPEL1|CTSA|EID2B|SFXN3|ARID3B|SPN|F2R
GSE15330_GRANULOCYTE_MONOCYTE_PROGENITOR_VS_PRO_BCELL_UP	0.383427383427383	0.849446937727671	0.265911011295057	1.01714553857662	1290	195	PIGB|NLGN2|RPGRIP1|COPS2|EGLN3|MTX1|HDAC2|NBN|GLE1|LYPLA1|STT3A|UTP18|YWHAQ|SAAL1|ARPP19|INTS8|FEM1B|MED21|MYOM2|LHX5|SERPINE2|CHAC2|EIF4E|TPRKB|ATG9B|TARS1|ACLY|ZCCHC10|NIP7|MAPRE2|CDK2|C1D|ADAM10|CFAP20|GBE1|PFN1|TPST1|RACGAP1|SENP1|NUP88|RTCA|MTIF2|GNL3|MBD4|BZW2|ATP5PB|GTF2H1|LMNB1|TMA16|IMMP2L|UTP25|INTS7|KNSTRN|BLMH|TNFSF9|DRG1|CUL4A|IMPA1|HSBP1|GORASP1|PEX19|KRCC1|ALG5|ARMC10|SMN1|INTS9|ERGIC2|CUTC|TAF11|VWA8|LDAH|NDUFS4|TUSC3|GPN1|CPPED1|STK16|LRP8|CBR4|CTR9|GTF3C4
GSE25088_CTRL_VS_IL4_STIM_MACROPHAGE_UP	0.383619391749473	0.849497342682817	0.269488137481332	1.0181213077491	1273	183	AJUBA|DPYSL2|ARL11|C3orf18|CCNG2|ARID2|TAMALIN|LEMD3|HVCN1|GNB4|FOXN3|GCNT2|SYPL1|SP3|DENND4C|RBM41|TCEA3|CD96|TOX|OTULINL|NREP|TENM2|CHN2|SLCO4C1|CYTH4|USP33|UBE2E1|NFE2L2|SOCS2|DSG2|B3GNT2|ZNF654|EPCAM|ZNF234|PTPN12|KLHL6|EEIG2|TIA1|CREB1|CHD1|GLUL|BRWD3|CD93|CEP85L
NAKAJIMA_EOSINOPHIL	0.383554281619491	0.849497342682817	-0.428091961315425	-1.05067310157212	2140	20	SMAD7|S100P|SLC29A1|CFD|CAMK1
GOLDRATH_NAIVE_VS_MEMORY_CD8_TCELL_DN	0.383710407239819	0.849511483871483	0.270770800304743	1.01853054640278	1271	178	MYO1F|AIF1|CD44|FCGR2B|KCTD12|CCL5|LGALS3|IL10RB|CCL4|POU6F1|CLDND1|IL18R1|RNF138|TMEM37|PLEKHA5|CHPT1|CAPN2|DAPK2|RAB3D|DENND4C|KCNJ8|GCLM|OSTF1|HSD17B11|RECK|IFITM10|FCGRT|ELL2|NCKAP1|SOS2|LITAF|SKAP2|SOCS2|CPNE3|SEMA4A|ABCB1|KLRG1|MAPRE2|S100A10|CYP4V2|CYBB|VMP1|ABHD5|ANXA1|STX7|GGH|PLBD1|PLSCR1|ASAH1|KLHL7|DSTN|POLR1B|BHLHE40
GARGALOVIC_RESPONSE_TO_OXIDIZED_PHOSPHOLIPIDS_RED_UP	0.384139687158967	0.849670335520449	-0.452964758270221	-1.05111236173888	2111	16	STX11|CHAC1|NCEH1|STC2
GSE14413_UNSTIM_VS_IFNB_STIM_L929_CELLS_UP	0.38403451995685	0.849670335520449	0.29455500921484	1.02184343195259	1423	98	LNX2|KDM4D|LGR4|ACBD7|CUEDC1|CCL4|PODNL1|BTBD1|CCDC68|NFYA|RFX5|SNAI3|AP3S1|IDH1|RTRAF|EMILIN2|BDKRB1|SERPINE2|GNAL|SLC4A4|KIF27|FBXO27|MRPL47|B4GALT5|DDN
GSE2770_TGFB_AND_IL4_VS_IL12_TREATED_ACT_CD4_TCELL_6H_DN	0.38429003021148	0.849670335520449	0.26593105102847	1.01685514023092	1271	197	SETD7|BICDL1|ZBTB26|LONRF1|RNF11|GLMN|MEMO1|EGLN3|TMEM209|HACD2|PECR|TRUB1|GNAQ|BCAP29|BMI1|LIPT1|GNPAT|RMND5A|HARBI1|KPNA2|TBPL1|PLXND1|SLC19A2|MRPL15|DLAT|UBE2E3|GTF2H2|HYPK|CDC14B|PDS5B|DPH6|CPOX|NUP205|B3GNT2|RDH11|CDK2AP1|CLIC4|NDUFAF6|FBXO45|PRDX3|CCT4|PGM3|SPTSSA|TRIM32|TMEM68|MRPL38|THOC7|AKT1S1|IPO11|SEPTIN11|SSBP1|HPF1|ADH5|ECD|L2HGDH|MMACHC|FABP5|SAV1|KNOP1|SUPT3H|RPL22|HLCS|PHF10|AFP|ACOT7|EXOC4|DUSP12|TANC2|CDIN1
GSE32986_UNSTIM_VS_CURDLAN_HIGHDOSE_STIM_DC_UP	0.38429003021148	0.849670335520449	0.26592641699799	1.0168374208345	1271	197	SEMA3A|ARHGAP11B|RAD54B|NEDD1|BMAL2|CCNE2|GNB4|NBN|YES1|C5orf34|MTHFD2|FANCB|GNPAT|RIF1|DNA2|SMC2|CEP295|ETV5|HSPA14|XPO7|COIL|ITPRID2|MPHOSPH9|CBFB|MAD2L1|PXYLP1|LAT2|PRKCI|JAK2|SOCS2|HBEGF|GRK5|NME7|EIF5B|ENDOD1|PRR3|C18orf54|SEPHS1|GBE1|CHUK|TIPRL|DSCC1|ORC3|ING2|MID1|METTL5|CKAP5|HLTF|B3GALNT1|BTBD3|LRR1|SRPK1|CDK6|CCDC150|RFWD3|BTG3|USP44|GOT1|POLR2K|NUP58|CCDC88A|PRMT5|DNAJC21|POLD3|FEN1|HSPA4L|NUDCD1|ILF2|MNAT1
JAZAG_TGFB1_SIGNALING_VIA_SMAD4_UP	0.384083601286174	0.849670335520449	-0.317499537984423	-1.03224709884139	2388	92	RAB4B|TP53I11|CELSR3|MYL11|IFI35|FGF12|PILRA|HDAC4|VCX|TOM1|C5AR1|TPPP3|RAMP1|FKBP8|CDIPT|GRHPR|TSPOAP1|CNPY3|MYBL2|NOSIP|CBX2|NOCT|HS3ST3A1|LPAR2|MRPL4|STK25|POP7|PCGF2|PAX9|SEM1|COG2
LEE_AGING_CEREBELLUM_UP	0.383989370536456	0.849670335520449	-0.334216679059206	-1.03550625989081	2311	66	AMH|TBC1D1|IRF7|GFAP|AXL|APOE|MYH8|LGALS3BP|FOS|ITGB5|CTSD|NOS3|TRAPPC5|NR4A1|ACADVL|RPSA|CTSZ|CTSH|EIF2B5
GSE22601_IMMATURE_CD4_SINGLE_POSITIVE_VS_CD8_SINGLE_POSITIVE_THYMOCYTE_DN	0.384407796101949	0.849743549277993	0.267877511425968	1.01782737756697	1281	189	AJUBA|KBTBD8|PRNP|GNA13|IL12RB2|SLC49A4|KAT2B|ARL5A|EGLN3|TMEM64|ABHD17B|NABP1|BLTP3B|HIF1A|VPS54|DTX3L|MAPK6|TNFAIP8|YIPF6|ARMCX6|TWF1|PROS1|RRAS2|PICALM|WDR44|SLC39A1|SLC38A2|IL24|GPLD1|PDE12|JAK2|PPA1|KLHDC2|SAMSN1|NFE2L2|FAM133B|RAPGEF6|CHSY1|PCGF5|SEC24A|APEX1|ELOVL6|PPP1R16B|SEMA7A|BMP2K|PLSCR1|ADORA2B|GNL3|RBM48|MFSD6|SGMS1|TIPARP|BHLHE40|ZNF281|SYNJ1|PUS7L|SMAD5|ZFP1|STAT1|SLC35F5|SERPINB1|ZFP36|GUCD1|CD82|FOSL2|PARP14
GSE1740_UNSTIM_VS_IFNA_STIMULATED_MCSF_DERIVED_MACROPHAGE_UP	0.384579799537394	0.849776989715885	-0.298270291513827	-1.02952471263027	2493	147	RAB4B|ZNF76|MROH8|ZDHHC12|ZNF467|GASK1B|SLC35F3|P2RY11|DCAF4L1|DTYMK|HSF2BP|ZNF804B|LOXL1-AS1|DCAF11|HDAC4|RPAP1|PCGF1|LINC03006|GDF9|VPS18|COMMD1|SORBS3|RPP14|MAP3K11|PCIF1|PHRF1|TMEM147|RHCE|GCHFR|DYNC2I2|ZNF324|SIRT4|LMNA|CHPF2
GSE18804_SPLEEN_MACROPHAGE_VS_BRAIN_TUMORAL_MACROPHAGE_DN	0.384592235931387	0.849776989715885	0.268996023507489	1.017557197789	1277	184	ARMCX1|ZNF165|LONRF1|CDS1|UQCRB|ITFG1|RNF139|EIF3E|FAM107B|SIAH1|AP1S2|MRTFB|HSPH1|ZNF813|DDHD2|OAT|NAE1|CCP110|CBFB|RBL2|UFL1|SLC2A13|HOXC4|HOXA5|ABCC6|IQCH-AS1|UBE2V2|SFXN4|MBOAT2|ZNF700|PHLPP2|ANKRD46|CACYBP|SSR1|CHD9|ARMC1|ZNF91|TENT4B|LMBRD1|CYRIB|RIDA|MON1B|DSCC1|MAN1A2|CFDP1|AGPAT5|RSL1D1|JAGN1|MPHOSPH6|C16orf46|FABP5|ZDHHC7|RFT1|PNMA8A|EIF3H|ERCC4|DYNC1LI2|MAP1LC3B
BHAT_ESR1_TARGETS_VIA_AKT1_DN	0.385539023753589	0.85007857829789	0.306278565318599	1.02470253366484	1476	78	ST8SIA4|BCAR3|INSIG2|ARID5B|ZNF277|ATP1B1|GABBR2|RBL2|PLPP3|CLDN9|EFNB2|S1PR3|PSCA|PTPN14|SYTL2|NPAS3
CROONQUIST_NRAS_SIGNALING_DN	0.385254151987922	0.85007857829789	0.310229352950037	1.02075546686905	1530	69	PLK4|TOP2A|KIF11|CCNA2|CCNB1|SMC2|GINS1|NDC80|CDK1|STMN1|CDKN3|STIL|PCNA|ZWINT|WEE1|SMC4|PCLAF|RFC3|CDC25C|CCNB2|BUB1B|POLD3|CSE1L|NCAPH|HMGB2|CHEK2|SPC25|CDC6|FOXM1|CENPA|EIF5|CHEK1
FULLER_PBMC_F_TULARENSIS_VACCINE_LVS_AGE_22_54YO_18HR_UP	0.385139901246179	0.85007857829789	0.354413476939364	1.03373405330188	1637	36	DCP1B|CD44|FCGR2B|CD80|FCER1G|IRAK4|TLR5
GSE7852_LN_VS_THYMUS_TREG_UP	0.385231316725979	0.85007857829789	0.269874298271228	1.01494298532545	1298	175	LPXN|CCNG1|HLA-B|HVCN1|POU6F1|FGF13|TMEM209|REC8|HNRNPLL|ABCC4|ATG4C|FOXN3|GNAQ|PLCL1|UNK|CBX7|CYP2R1|PEAR1|NUAK2|TANC1|ACOT11|IFIT1|RUNDC3B|SH2D4B|RPS6KA2|PLXNC1|PIGK|ATP6V1D|RBM43|CRBN|MFF|TDP2|PHLPP2|ARHGEF12|ABCB1|FGD6|CYP4V2|NMNAT3|KLHL12|WIPF2|BCLAF1|BMP2K|GALNT10|PTPRJ|RAB6B|SEPTIN8
SCHERER_PBMC_YF_VAX_OR_APSV_WETVAX_AGE_18_40YO_JOINT_TO_VACCINIA_AND_YELLOW_FEVER_DN	0.38557034904642	0.85007857829789	-0.418664071000971	-1.04397663817277	2142	22	RPS21|TSPAN4|C12orf57|RPS10|ICAM3|CD3D|TMC6|KIF22|RPL23A|RPL13
WANG_RECURRENT_LIVER_CANCER_UP	0.384841628959276	0.85007857829789	0.41063798079055	1.04132271237385	1700	20	CUL4B|RBM41|MPHOSPH9|KCNK1|PABIR2|RACGAP1|CETN2|ZBTB38|R3HDM1|PTPN11|SSR3|PARD3
WANG_RESPONSE_TO_BEXAROTENE_UP	0.38526021655606	0.85007857829789	-0.388720749615877	-1.04202558917226	2205	30	TLX1|LAMB1|MPG|FGD1
WP_BLADDER_CANCER	0.385451110061408	0.85007857829789	0.352790232460119	1.03525267951546	1631	37	CXCL8|EGF|SRC|DAPK2|MAPK1|HBEGF|NRAS|MYC|RB1|BRAF
WP_PARKINSONS_DISEASE_PATHWAY	0.385575589459085	0.85007857829789	-0.37057127055227	-1.0356974559846	2223	37	MAPK13|MAPK11|MAPK12|UBA7|UCHL1|UBB
WP_PROLACTIN_SIGNALING	0.385529715762274	0.85007857829789	0.308387427543671	1.02455796093914	1491	75	VAV2|PTPN6|SRC|PIK3CA|YWHAG|MAPK8|VAV1|MAPK1|RPS6KA2|YWHAZ|JAK2|SOCS2|CASP3|ELK1|PTK2|PIK3CG|MYC|MAPK9|MAPK14
CHIANG_LIVER_CANCER_SUBCLASS_CTNNB1_DN	0.385761589403974	0.850301896011657	0.280883094442486	1.02026716462415	1397	132	AIM2|MYL9|KCTD12|MYOM1|TNFSF4|LGALS3|BACE2|EGR1|TNFSF13B|TNFAIP8|UGCG|HOMER1|NCALD|GLIS3|DRAIC|GPR183|SLC22A15|LURAP1L|MCC|GPNMB|GATA6|SERPINE2|EGR2|LGALS4|ACSL4
GSE20727_DNFB_ALLERGEN_VS_ROS_INH_AND_DNFB_ALLERGEN_TREATED_DC_UP	0.385962217785286	0.850557352827378	-0.295709321065779	-1.0275994732315	2512	157	VMAC|BCAS1|SELENOM|RPLP2|INKA1|SPIN3|GPRASP1|CD48|HSF2BP|RPL13AP20|ABCA4|SLC2A9|TGFB3|S100A5|HUS1B|SPECC1L|ZNF446|EGFL6|LINC00574|FZD3|TRPC1|GUCA1B|SEMA4F|DDO|RPS18|SP110|ZSCAN25|GNB5|RPS27|AFG3L1P|SMYD4|SIVA1
BOYLAN_MULTIPLE_MYELOMA_C_D_DN	0.38607780052647	0.850606757496595	-0.283907356857987	-1.02442106511755	2639	217	TRBC2|PRG2|IGF1R|PLCB4|C3|BSCL2|RNF215|RASGRP3|CLDN7|SELENOM|ZNF467|ATAT1|CPEB3|TRDC|IFI16|CRYBA4|CEP250|SLC41A2|GCA|GPC1|FOS|NFIL3|KDF1|ENTPD1|MDFIC|MGAM|IFITM3|SLC16A5|TBC1D8|SEMA4F|ITGB5|DHRS3|ZBTB20|F2R|RHOB|CERS4|PRTN3|ARHGAP6|IL18RAP|P4HA2|CTTN|CACNB3|ID2|CD3D|ATP6V0A1
XU_GH1_EXOGENOUS_TARGETS_UP	0.386154113758915	0.850606757496595	-0.373478201262608	-1.03791668447605	2219	36	POU2F2|NHLH1|CENPT|CASQ2|RSPH14|SLC26A6|SPATA7|ZNF668|CDC34|EPOR
BIOCARTA_MTOR_PATHWAY	0.386813681368137	0.850988774951723	0.398598448441277	1.03904061477008	1718	22	PIK3CA|EIF4G2|EIF4E|RHEB|EIF4G3|PPP2CA|PTEN|EIF4A2
GAZDA_DIAMOND_BLACKFAN_ANEMIA_PROGENITOR_UP	0.386594288411612	0.850988774951723	0.348968546432112	1.02996112536288	1637	38	CD83|LST1|GGPS1|RRAS2|NAMPT|ANXA5|SDAD1|WIPF2|SUPT4H1|CHMP1B|ATP6V1B2|MAP2K4
GSE14308_TH2_VS_NATURAL_TREG_UP	0.386836200448766	0.850988774951723	-0.28935273887867	-1.02427599240686	2585	181	NFKBIZ|TMEM30A-DT|FSTL3|PCBP4|EXOC3L4|AHRR|AGBL3|CARD19|MINDY1|SPSB2|EPS8|UBL5|CEP250|DENND11|NAPSA|TMEM86A|DKKL1|EXOSC4|PRKCSH|HAGHL|HS6ST1|SRR|MFSD12|MTLN|MDFIC|G6PD|YDJC|MZT2B|POLE|B9D2|STK11|TRAPPC5|TMEM199|SAP30BP|PLEKHF1|VPS39|UBE2J2|WRAP73|BORCS5|BLTP2|BORCS7|GRIN2D|WDR74|COASY|WDR53|CDV3|TIMM17B|GCAT|CHCHD2
GSE3039_CD4_TCELL_VS_ALPHABETA_CD8_TCELL_UP	0.386484434320425	0.850988774951723	-0.293168489018358	-1.02652841115392	2544	167	TRPM2|PRG2|ADAM19|PCNX1|COX6B2|CYFIP2|PURG|PDE2A|LATS2|C1QTNF12|S1PR5|HCST|UBA7|APOE|SUN2|SFI1|SIGLEC10|NRM|TINAGL1|ATP2A3|PPP1R35|TMCC2|TNKS1BP1|SEMA4F|DACH1|SP110|THBD|SLC2A3|TBC1D25|ANKRD13D|NR4A1|HEPH|OAZ1|GRINA
NABA_MATRISOME_POORLY_METASTATIC_MELANOMA	0.386526684164479	0.850988774951723	-0.377714898033313	-1.03726721043595	2208	34	COL18A1|ECM1|HCFC1|PLOD3|VWA1
WP_INFLAMMATORY_BOWEL_DISEASE_SIGNALING	0.386757750919601	0.850988774951723	-0.379488419514195	-1.03563088201199	2207	33	IL21R|FOXP3|IL2RG|IL23A|IL18RAP|IFNGR1|JUN
REACTOME_MRNA_SPLICING_MINOR_PATHWAY	0.386964681794916	0.851084898303541	-0.350345650293383	-1.03321582867398	2267	50	POLR2L|POLR2F|SNRPB|DDX23|SF3B5|POLR2E|SNRNP200|SNRPD2|POLR2A|PDCD7|PRPF6|POLR2J|DDX42|EFTUD2|PRPF8|POLR2I|SF3B2|POLR2G|SF3B4|SNRPF|SNRNP25|GTF2F1|GTF2F2|SNRPD3|SF3B3|ZRSR2|TXNL4A
GSE24634_IL4_VS_CTRL_TREATED_NAIVE_CD4_TCELL_DAY3_UP	0.387330316742081	0.851329476561641	-0.291669369052019	-1.02645028640511	2567	174	FARP1|DIPK1A|SFN|PPFIBP2|RAB38|QSOX1|CD84|PHYHIP|RNF5|DHRS1|SYNGR2|APLP2|PLA2G15|TSPAN4|PLXNA2|OCEL1|SPINT2|STARD3|NFIL3|TINAGL1|CCL24|RAMP1|RNH1|CYREN|MSRA|MLEC|WDR83OS|GNS|BLVRB|LMBR1L|ACADVL|TK2|RNASE1|WNT5B|TUBA1B|SDF4|BLTP2|LMNA|GAS6|BCL7A|PDXK|SPRY4|EPB41L2|TOR3A|BCAP31|OBSL1|ILVBL|NFKBIE|MMD|FIG4|APMAP|DAG1|MAOA|FN1|RXRA
GSE3982_BCELL_VS_TH2_DN	0.387307236061684	0.851329476561641	0.26970389003137	1.01430211419102	1305	175	STAP2|SFT2D2|CKS2|IFT56|HEXA-AS1|YES1|AKAP12|MRPL42|ARHGAP11A|HPRT1|NCAPG|AGK|UTP11|POGLUT2|TMEM106C|CFI|INPP4B|MRPL15|RAD23B|PSMG1|CENPU|OTUD7B|TYMS|DSG2|LRP12|RRM2|PYGL|CDK2AP1|TMEM70|MYB|RRM1|MIS18BP1|BAG2|CEP152|PAK1IP1|CENPI|CDKN3|MRPL3|SFXN1|NCS1|YIPF4|DDX6|HACD1|BHLHE40|CENPS|SCLY|ACOT13|BTG3|BUB1B|ACOT7|ABHD18|MPP1|TBC1D4|DLGAP5|RPS6KA3|GINS3|ACOT9
WP_SARSCOV2_INNATE_IMMUNITY_EVASION_AND_CELLSPECIFIC_IMMUNE_RESPONSE	0.387313307601947	0.851329476561641	-0.341398338636101	-1.03183853434899	2307	57	LAG3|IRF7|CXCL1|IFITM1|BSG|IFIT2|CSF2|RIGI|IRF3|MX1|TRADD|TRAF2
GSE22140_GERMFREE_VS_SPF_ARTHRITIC_MOUSE_CD4_TCELL_UP	0.388086642599278	0.85243188586686	0.269779075616409	1.01840097827999	1289	182	ELK3|ZNF101|BCAR3|COL15A1|MX2|BLZF1|CCNE2|DNASE1L1|ATP8B3|MAP3K1|CTSK|ITSN1|ABCE1|IPO7|CAPN2|TCF12|GCLM|IFIT3|IBTK|CCNC|HESX1|RSAD2|MTSS1|IFIT1|S1PR1|GPNMB|PPY|RPS6KA2|IFIT5|ELL2|BEST1|TMF1|CXCL11|SRP72|RAP2C|TLR5|SCAMP1|EIF2S1|DNAJB9
GSE2826_XID_VS_BTK_KO_BCELL_UP	0.388059701492537	0.85243188586686	0.270371812772118	1.0161973070268	1299	176	FCGR2B|GNA13|MMP14|TSKS|UQCRB|STT3B|PTHLH|ZNF436|ANGPTL4|WDR75|ZNF518B|ENTPD7|RNF138|NDFIP2|ROCK2|CYP27B1|YWHAQ|CBX7|TOB1|SLC44A1|METAP2|FCRLA|OAT|GRPEL2|CPSF3|MYT1|FBP2|VWF|TMEM176A|AKAP4|LGALS4|FOXC2|ALDH9A1|SRP9|HAUS5|PGM2|WIPF1|TMEM230|PRDX3|CCT4|KCTD9|SFMBT2|CD47|PAPOLA
GSE37416_CTRL_VS_48H_F_TULARENSIS_LVS_NEUTROPHIL_UP	0.387973402717548	0.85243188586686	0.273514815452413	1.01644123598567	1341	160	SAMD9|SLAMF6|ENKUR|CD3G|TCN1|ELAPOR2|TCF7|DAND5|SHLD2|C19orf84|ABCD3|ZWILCH|SATB2|RDX|SORBS1|SMC2|PRIMPOL|ATP1B1|SH2D1B|AGK|IFIT3|RSAD2|GRIA2|ENSG00000237870|TMEM176A|RNF125|VRK2|ARMC1|RRM1|GIMAP2|ACAT1|GSTCD|RACGAP1|NOD1|WT1|OR51B2|GGCT|PSMD14|PAPPA
YAO_TEMPORAL_RESPONSE_TO_PROGESTERONE_CLUSTER_14	0.388259046435782	0.852624000901855	-0.299098972630714	-1.0261937340804	2499	140	COL18A1|RAB34|ATAT1|DDX41|GGA1|ATF6B|DTYMK|SERPINH1|PDLIM3|TPD52|LMAN2|TBCB|JAG2|PIGQ|SEC61B|MYDGF|PSMB5|CTSD|SEC61A1|MLEC|NOP16|RGS19|YKT6|TANK|VARS1|GPS1|TMEM147|RCN1|DCTPP1|THOP1|SMARCA4|UBFD1|TUBB3|PRMT1|UBE2M|WDR74|EIF2B5|ASL|EFTUD2|EIF4G1|PES1|PDIA4|UQCC2|PSMB3|CCT3|SLC39A7
GSE27786_CD4_TCELL_VS_NKTCELL_DN	0.38865671641791	0.853166939329089	0.270250037350569	1.01573961192104	1301	176	PCYOX1L|PTPN6|SH2D6|TM6SF1|PIGA|TRAPPC8|C17orf100|PDE3B|ENTPD7|MEF2A|VPS50|PLEKHA5|ZWILCH|SPRY2|TRIM13|COIL|ZDHHC6|OSTF1|TNS4|GALNS|SLC25A36|USP47|PDE12|TENT5A|NUP205|EXOC6|DNAJA2|ZNF507|RFX7|VIPAS39|PDE7A|PTPN12|PPP3R1|WAS|AKT1S1|HSD17B12|EFR3A|METTL5|ACACA|OSBPL3|GTDC1|POLR1B|BLM|CENPJ|DALRD3|THUMPD1|PABPC1|ALDH18A1|MAPRE1|KIF2A|RAD51AP1
GSE37533_PPARG1_FOXP3_VS_FOXP3_TRANSDUCED_CD4_TCELL_PIOGLITAZONE_TREATED_DN	0.388706304152973	0.853166939329089	0.266524508043501	1.01451774939086	1300	191	RGS2|REV3L|VBP1|VPS54|CTSS|NOL11|MRTFB|TMEM168|ABCE1|ATG2B|KHK|LIPT1|MFAP3|RMND5A|PIAS2|RBMX|GCLM|XPO7|TRIB1|ORC2|P2RX7|RNF144A|YWHAZ|SNX13|CTNND1|VRK2|CACYBP|MTMR4|KIF15|DRAM1|BACH1|MEGF9|HMG20A|SEPHS1|ATP2A2|CPED1|RBBP4|CUL3|POPDC3|PLAAT4|APC|CLUAP1|API5|RAB14|MRS2|SIK2|UBE4B|HPF1|CCT6A|ZNF318|TRAK2|NUP50|NDC1|SLC30A5|ETV1|KIF2A|U2SURP|SFPQ|CCDC88A|PPP3CA|POLR2B|KDM1A|ANKRD17|TOP1|PDSS1|UBP1|SNRK|CRKL|HCCS|NELFCD|AMIGO2|MFAP1|PKP4|PAK2|ACO1|SNRNP27|CTDSP2|SLC23A2|KCTD3
REACTOME_TRANSCRIPTIONAL_REGULATION_OF_BROWN_AND_BEIGE_ADIPOCYTE_DIFFERENTIATION	0.388761265241209	0.853166939329089	-0.399949980933404	-1.03835228442331	2199	26	ELOVL3|PPARG|CHD4|PRDM16|CHD3|MBD3
GSE11924_TFH_VS_TH2_CD4_TCELL_UP	0.389196468651803	0.853354016390645	-0.286880483976973	-1.0226442146996	2600	196	PCNX1|RPH3AL|WASHC1|IFT122|FCSK|CARF|TRPV2|STK11IP|SRRM2|SCRIB|CYP2S1|GLG1|HGS|FAS|TMEM101|AKR1B1|BCL9L|NAPRT|ZC3H18|SLC16A5|FHIP2B|STING1|TRAF2|ZC3H3|RPS10|MAP3K11|TMEM87B|FBXW4|HPCAL1|FBXL20|B4GALT7|BRPF1|UNKL|CRTC1|HDAC7|STRADA|CC2D1B|FBXW5|WDR83OS|PPOX|UNC45A|NISCH|GRINA|MEF2D|PDCD7|PRPF6|TENT4A|TCHP|PPME1|NEURL4|FAM219A|NCLN|ATXN7L3|URM1|NBEAL1|SNAPC2|ARAP1|AP1G2|MAEA|PLBD2|ZNF646|NEK8|OPA3|RAB27A|ISY1|DMAC2|EPC1|EGLN2|MAPKBP1|RPTOR|CCDC97|KLHL20|ST3GAL2|EI24|COG4|EID1|HSF1|HP1BP3|MYH9
GSE29618_BCELL_VS_MDC_DAY7_FLU_VACCINE_UP	0.389019377568996	0.853354016390645	0.271275950188892	1.01481359786134	1324	169	CD83|STAP1|CD69|ZNF43|EIF2AK3|ARID5B|BACE2|ANKRD36|CKAP2|SYPL1|MXI1|PIKFYVE|STAG3|PLEKHF2|ADD3|RRAS2|S1PR1|IL24|PAX5|BACH2|ZBED5|FUT8|IFT57|PCF11|PIP5K1B|EIF1B|PELI1|PHTF2|ITM2A|CD24|WDR11|SNX2|SMC6|TRBC1|FAM3C|MYC|CD47|PPP1R16B|NUP88|SEC62|PRDM2|DDX6|MBD4|ATAD5|ISCA1|EIF4A2|BTG1|FCHSD2
GSE360_L_DONOVANI_VS_M_TUBERCULOSIS_MAC_DN	0.389356584485869	0.853354016390645	-0.290866008914407	-1.02546815754976	2589	176	PCNX1|SMAD7|NDST2|SPAG1|TSC22D3|PYGM|ABCC10|PSMB9|CXCL1|IFITM1|FAM131A|TWIST1|RIMS2|MMP1|LAMB3|FOS|THEMIS2|COMT|MX1|AMPD2|GBP2|RPL13P5|DUSP4|AMHR2|YIPF3|SP110|THBD|RIN1|SLC25A16|PDGFA|SLC35D2|IQSEC2|UCP2|SLC37A4|GNB5|YKT6|STAG1|IL15RA|AP1B1|IQSEC1|ECH1|COASY|VEGFA|TNFAIP2|IRF1|HNRNPM|CDKN1A
GSE36891_POLYIC_TLR3_VS_PAM_TLR2_STIM_PERITONEAL_MACROPHAGE_UP	0.38935134286163	0.853354016390645	-0.30283759792758	-1.02648674989397	2478	126	NFKBIZ|APOLD1|PRDM11|ITPKC|MT2A|CXCL1|GDF15|RPS29|ADM2|MYO1A|DNAI7|AGBL2|IER3|HUS1B|FOS|SERPINE1|FBXL19|NFIL3|NRG1|DUSP4|SEMA4C|PLK3|JUNB|RHOB|SDC4|SGK1|CEBPB|NR4A1
PID_PTP1B_PATHWAY	0.389035192722049	0.853354016390645	0.338551215292332	1.02835143217502	1624	44	EGF|SRC|PDGFB|FER|YES1|PIK3CA|SPRY2|RHOA|JAK2|ITGA2B
SHIN_B_CELL_LYMPHOMA_CLUSTER_2	0.389261744966443	0.853354016390645	0.37528535808225	1.03407682019968	1681	28	FOSB|TNFSF13B|BMI1|MXI1|SOCS2|PIK3CG|MYC
COULOUARN_TEMPORAL_TGFB1_SIGNATURE_DN	0.389700109907364	0.853920476588107	-0.303484698206062	-1.02753747120111	2481	125	COL18A1|DGAT2|CBS|PPFIBP2|DHRS1|SH3BP2|TNK2|GSDMD|TSPYL2|REX1BD|SORBS2|TGM1|ACVR1B|CXADR|TRIB3|SLC2A8|HPGD|LPIN2|SELENBP1|GRHPR|NDEL1|STX5|RHOB|MOSPD3|ARHGAP6|DHCR7|METTL26|CLUH|PCYT2
GSE31082_DN_VS_DP_THYMOCYTE_DN	0.389876468815908	0.85404956270399	0.265706876824582	1.01545935890047	1293	196	VAV2|SETD7|CCNG2|ATXN7|GNA13|TBCEL|KAT2B|MDP1|ZNF687|HIF1A|TP53INP1|ENTPD7|GGPS1|DCLRE1C|LYSMD3|LZTFL1|NBR1|PLEKHF2|TOB1|TCF12|SLK|NFAT5|IRGQ|RNF6|TDRP|KIF5B|TMEM50A|TRIP11|GPBP1|SNX25|ZMYM5|RLF|BACH1|BRAF|SECISBP2L|KMT2E|PHF3|CHD1|BRWD3|BNIP2|FRYL|PTPRC|PREX1|SLC30A9|YIPF4|SEC62|RSF1|SYF2|SMC4|TRAM1|LATS1|ZYG11B|TRAK2|SENP7|ANXA7|EP300
GSE3565_CTRL_VS_LPS_INJECTED_SPLENOCYTES_UP	0.390014265335235	0.85404956270399	0.274327945570862	1.01684580943913	1366	156	TTC39B|MYO1F|CD44|PLEKHM3|FCGR2B|IL12RB2|CCL5|LGALS3|RUNX2|UBA6|PPT1|IL18R1|MEF2A|CD80|SH3BGRL|AAK1|CHPT1|DAPK2|KCNJ8|OSTF1|CHIC1|IL1RL1|TTC39C|SYTL2|ELL2|SOS2|LITAF|ZFAND4|SLC20A1|CALM2|B4GALT5|ZDHHC2|BMPR1A|CLIC4|S100A10|PIK3CG
PID_TNF_PATHWAY	0.389989750597882	0.85404956270399	-0.356379246009453	-1.03238771286472	2282	45	SMPD1|CYLD|PRKCZ|TNFRSF1A|TRADD|IKBKG|TRAF2|MAP4K2|TAB1|MAP3K3|MADD|TNFRSF1B
MARTIN_INTERACT_WITH_HDAC	0.390133460438513	0.854124247738668	0.342089298832144	1.025847660408	1636	41	RUNX2|HIF1A|YWHAQ|PPP1R12A|CAMTA2|KPNA2|MAPK1|ZBTB16|PPA1|NR2C1|ATF2|NCOR1|REST|ETV6|NCOR2
BIOCARTA_CSK_PATHWAY	0.390921110621419	0.854171987030432	0.439777713034296	1.0382056141219	1773	15	CD3G|PRKAR1A
GSE26928_CENTR_MEMORY_VS_CXCR5_POS_CD4_TCELL_DN	0.390864411679676	0.854171987030432	0.27310288676067	1.01491041833003	1351	160	TC2N|PTHLH|ONECUT2|PARS2|ERBIN|AMMECR1|LANCL1|NSUN3|NAB1|SDCBP|ZNF33B|ASS1|PLXND1|MAPK1|S1PR3|GARIN1A|ZNF225-AS1|ADGRF3|TAC1|TMEM176A|HOXA5|POF1B|NPAS3|TMEM254-AS1|FOXP1|AGL|DPH6|RBM43|TSTD2|TENT5A|QSER1|BACH1|CYRIB|SFMBT2|CREB1|PUDP|ZMYM2|NT5DC1|RAD21|ZFAND5|AK3|ATAD2|SNX29
GSE3982_BCELL_VS_EFF_MEMORY_CD4_TCELL_DN	0.390747879722436	0.854171987030432	-0.297543039841137	-1.02701449424568	2533	147	CATSPERZ|GZMM|SLC30A3|H4C4|TRIM45|LAMA4|GGA1|ANKS1B|H3C12|APOBR|TNFRSF1A|STAB1|CMKLR1|ARHGEF26|MUC1|CREB3L1|SEMA4C|LPIN2|SLC2A3|RAB11FIP5|BMP1|STRADA|PLEC|TAS2R14|CCDC9|LIFR
REACTOME_SIGNALING_BY_FGFR1	0.390790742526519	0.854171987030432	0.336931866414143	1.02666797616182	1620	45	FGF5|SRC|PIK3CA|SPRY2|MAPK1|FGFR1|NRAS|BRAF|PPP2CA|SPRED1|TGFBR3|SOS1|GAB1|SPRED2|PTPN11|SHC1
SMID_BREAST_CANCER_ERBB2_UP	0.390531613715005	0.854171987030432	-0.304934859410281	-1.02567821415478	2482	118	HPX|LAMA4|LPCAT3|PNMT|TRPM4|SERHL2|CRYBG1|APOD|LBP|STARD3|G6PD|MUC1|MMP15|IGF2R|MED24|NOL3|TSKU|UCP2|CDK10|FASN|GRB7|BLTP2|RRP7A|UBE2M|SUPT6H|SERHL|GCAT|KIAA0319L|P4HB|EFNA3|SPTLC2|SNPH
WP_NETWORK_MAP_OF_SARSCOV2_SIGNALING	0.390783689555859	0.854171987030432	-0.292387823177505	-1.0262241760203	2577	171	TRPM2|APOA1|CD14|APOL1|CXCL1|HBB|IFITM1|BTN3A1|APOC1|CXCL16|APOD|LBP|RIGI|IRF3|FYN|LGALS3BP|FOS|SERPINE1|IL1B|MX1|VPS18|IFITM3|NLRP1|IKBKG|CCL26|TRAF2|CTSD|IL16|JUNB|CTSL|CEBPB|VPS11|IL18RAP|GTSE1|FGF2
WP_REGULATION_OF_ACTIN_CYTOSKELETON	0.390516039051604	0.854171987030432	0.279718164628212	1.0163878297656	1399	134	EGF|FGF5|GNA13|CFL2|GNG12|FGF13|PDGFB|PIK3C2A|PIK3CA|MAPK6|ROCK2|RDX|PPP1R12A|RRAS2|VAV1|MAPK1|PAK3|FGFR1|BDKRB1|NCKAP1|SOS2|RHOA|ROCK1|PIP5K1B|PIK3C3|LIMK1|NRAS|PTK2|PIK3CG|BRAF|PFN1|WAS|APC
YAO_TEMPORAL_RESPONSE_TO_PROGESTERONE_CLUSTER_5	0.390815154994259	0.854171987030432	0.391189517294277	1.03637058441449	1701	24	COL15A1|IL18R1|USP2|KLF10|RELN
ZHANG_BREAST_CANCER_PROGENITORS_DN	0.39024772656005	0.854171987030432	-0.301088892770122	-1.02505424597026	2488	132	NFKBIZ|PTPRB|BSCL2|RENO1|COL1A1|LAMA5|IFI16|CXCL16|AEBP1|TSHZ3|HPS1|SPECC1L|ZNRD2|SRR|PLOD3|MDFIC|TIRAP|CSNK1D|MXD4|TRPC4AP|POLR3K|CRYZL1|ATP5IF1|MALT1|TAPBP|HELLS|C1orf122|SOCS3|JMY|PMP22|PTGR2|DESI1|TNFAIP2|SPRY4|REXO4|DNPEP|BCAP31
WP_HEAD_AND_NECK_SQUAMOUS_CELL_CARCINOMA	0.391206030150754	0.854608515920189	0.308572329136397	1.02026050683452	1556	71	AJUBA|TGFBR2|PIK3CA|TP63|SMAD4|FGFR1|EIF4E|NFE2L2|REL|NRAS|RHEB|PRKAA1|PIK3CG|RICTOR|RB1|CUL3|BIRC2|CTNNB1|PTEN|NUMB|CDK6|RPS6|GAB1|FKBP1A|PIK3CB
BLANCO_MELO_HUMAN_PARAINFLUENZA_VIRUS_3_INFECTION_A594_CELLS_UP	0.391483113069016	0.854701842862871	0.270253636270708	1.01318439908815	1332	171	SAMD9|IFIH1|MX2|PSMB8-AS1|RGS2|DHX58|CCL4|NT5C3A|RUNX2|ALDH1L2|DTX3L|CTSS|OTUD1|PHLDA1|EGR1|PNPT1|TNFSF13B|CMPK2|IFIT3|HK2|ERAP2|APOL3|TMEM140|EFNB2|RSAD2|IFIT1|PTX3|CD274|CLMP|C1S|IFIT5|CXCL11|JAK2|DDX60L|ETV7|FZD4
GSE21546_ELK1_KO_VS_SAP1A_KO_AND_ELK1_KO_ANTI_CD3_STIM_DP_THYMOCYTES_UP	0.391734052111411	0.854701842862871	-0.28884488726599	-1.02279287205588	2615	182	TRIM45|UVSSA|PBXIP1|RENBP|MAPK12|NOL12|INCENP|PBLD|SLC52A2|FGFBP3|TMEM63A|GRIA3|QRICH1|RPP25L|EXOSC4|ZNF585A|HCFC1|TMEM18|CHD6|ANKS3|WDR24|LENG1|TBC1D25|TAB1|SZT2|TMEM205|SCYL3|SLC35D2|SOX18|RBX1|MUL1|DYNC2I1|FZR1|ARMC6|ZNF569|WRAP73|GTF3C5|SIRT4|TP53BP1|IRF9|CCDC51|HOXB4|NUMA1|PRR14|VPS13B
GSE26488_WT_VS_HDAC7_KO_DOUBLE_POSITIVE_THYMOCYTE_DN	0.391812865497076	0.854701842862871	-0.295852343159508	-1.02591356989152	2545	154	SHANK1|PLCB4|RDH16|SLC8A2|C5|KHDRBS3|TIMM8B|HLA-DOB|TRIM62|LYPLA2|SERHL2|IFIT2|NYAP2|TOP3B|ACTN2|SNRPB|SLC16A3|SF3B5|ADGRB3|NDUFB7|RAB11FIP5|NOS3|PISD|RPS27|LINC00668|NR2C2AP|AKT2|RGS12|CLCF1|MDK|SLC20A2|FLOT1|KYAT1
GSE27241_CTRL_VS_DIGOXIN_TREATED_RORGT_KO_CD4_TCELL_IN_TH17_POLARIZING_CONDITIONS_UP	0.391749473050286	0.854701842862871	0.268662990424989	1.01500391709904	1300	183	MIER3|SLC35A3|PTGDR2|EFCAB7|GNA13|H2BC6|TMCC1|EGLN3|ERI2|SLC25A46|TOP2A|EEPD1|ANLN|ATP8B3|ZBTB18|PTPN2|KIF11|GEN1|ARHGAP11A|TCF12|ZNF33B|RIC1|PLXND1|DYM|H2BC7|SYNE2|HKDC1|ITIH4|BMF|SRP9|INSIG1|TMPO-AS1|CKAP2L|CRY1|RFC5|RHEB|CAPN7|C18orf54|C4orf46|CEP152|C8orf88|LYRM1|RACGAP1|SLC25A5|RCN2|EFHC1
GSE36888_UNTREATED_VS_IL2_TREATED_TCELL_17H_DN	0.391844777929362	0.854701842862871	-0.292305573047627	-1.02593549412225	2584	171	NFKBIZ|S100A2|ST20-AS1|STX1A|HLX|ASPHD2|TMEM115|MT2A|CXCL1|GPR68|MIR3945HG|TECPR2|SLC41A2|HAS1|SLC7A7|MFSD2A|PDLIM7|ICAM1|ACVR1B|LAMB3|TOM1|CDKN2D|MET|CA12|KCNJ15|BCL6|ZC3H12A|SLC7A11|AFDN|RILPL2|NOL4L|SLX4|G0S2|IL15RA|TNIP1|DCUN1D3|CNIH4
REACTOME_DNA_DAMAGE_TELOMERE_STRESS_INDUCED_SENESCENCE	0.391623560820958	0.854701842862871	-0.332167579788123	-1.03159308825335	2346	68	H4C4|H2AC20|H2AC7|H2AC8|H2BC13|H2BC17|H4C11|H4C3|H4C14|CABIN1|H4C2|H2BC5|H2BC12|RAD50|H2AZ2|H1-5|ACD
ZAK_PBMC_MRKAD5_HIV_1_GAG_POL_NEF_AGE_20_50YO_CORRELATED_WITH_CD8_T_CELL_RESPONSE_3DY_NEGATIVE	0.391571404197236	0.854701842862871	-0.349712576664285	-1.03134881050563	2294	50	GNG8|NPB|FOXH1|TGFBR3L|PRR29|NKX6-1|ANKRD63|PIP5KL1|CSRP2
BASSO_CD40_SIGNALING_UP	0.392989909718534	0.855100508186765	0.295294382113555	1.01838459560018	1479	94	CD83|BATF|CD44|CD40|CCL4|ARID5B|MEF2C|TNFAIP8|RNF115|GPR183|ICOSLG|CR2|PLXNC1|ELL2|LITAF|BCL2|MTMR4|MYB
BIOCARTA_NTHI_PATHWAY	0.393068855449156	0.855100508186765	0.394790515690473	1.03610571854851	1723	23	CXCL8|TGFBR2|SMAD4|TGFBR1|CHUK|MAPK14|EP300|NR3C1
DURCHDEWALD_SKIN_CARCINOGENESIS_DN	0.393390530664125	0.855100508186765	0.261775060710716	1.01450880442817	1237	227	GPR137B|CD44|BCAR3|YOD1|SPRED3|CCNG1|CAMSAP2|LTN1|ZNF436|TMEM106B|PLD1|HIPK3|PHLDA1|AFF4|PTBP3|EAF1|CD80|RAB22A|PEAK1|CRYBG3|MAPK6|TMX3|UTRN|DAPK2|TWF1|MED13|ESD|AGPS|RANBP9|UGCG|TGFBI|DSG3|ELL2|FAM83G|YWHAZ|LIN9|PIP5K1B|CTNND1|NFE2L2|BTBD10|KIF5B|CRABP2|DLG1|PTPN12|DDX3X|ADNP|NET1|RBBP4|HAPSTR1|COMMD10|PFN1|QKI|CLIP1|TNPO1|TPP1|ZDHHC5|ATP13A3|RBM25|HMGCS1|PIAS1|ADARB1|DDX6
GSE12198_NK_VS_NK_ACT_EXPANSION_SYSTEM_DERIVED_NK_CELL_DN	0.392333033842468	0.855100508186765	0.266913707576624	1.01517559265153	1309	190	TRIM69|CFAP410|PIGA|PELI2|LRATD1|PUS10|CENPQ|SLC22A1|SERPINI1|CNIH1|NUDT13|NAAA|LDHA|HIBCH|SCCPDH|C3orf38|RBMX|PPP3CB|EIF2B2|IL6R|LFNG|HKDC1|TTC39C|CNIH3|NCKAP1|MYO6|MRPS23|TCEAL9|CIR1|MORF4L2|RTN3|IFT74|MBNL1|HUS1|ETFDH|ADAM10|RNF14|LSM3|RAB14|FUCA2|WEE1|EXTL2|HERC4|SUCLG2|ELOF1|PAICS|PTPN9|INTS7|ALDH18A1|TMEM33|CASKIN2|XRCC2|UBE2K|GEMIN2|CCDC117|ANAPC4|OARD1
GSE17721_LPS_VS_POLYIC_16H_BMDC_UP	0.392652815417043	0.855100508186765	0.268556245808352	1.01460063786863	1303	183	OSGIN1|STRAP|CEP20|LANCL1|PPP6C|SLF1|DDHD2|LRPPRC|POLA1|ZNF644|IDH1|UTP11|ZDHHC6|QNG1|CNOT7|TANC1|LFNG|TGFBI|HYPK|MCTS1|NDUFV2|DPH6|ATP5F1B|RTN3|LCP1|CDK2AP1|SCAMP1|IFTAP|CRIPT|SMIM30|ZNF566|COQ3|EIF3J|ATP2A2|STMN1|STARD4|HECTD1|UPF2|RPF1|METTL5|ARFGEF1|ALDH1A2|SEC63|TRAM1|MMACHC|SEC61G|BLMH|C1GALT1C1|DRG1|RBBP7|ETV1|GLO1|SNRPD1|PCBD2|HIBADH|FAM149B1|OSBPL2|HEXB|PRMT5|AZIN1|MAP4K5|WDHD1|MRPL45|SRSF10|SPPL2A|MRPL35|ST13|MNAT1|ANP32A
GSE17721_LPS_VS_POLYIC_6H_BMDC_UP	0.392469879518072	0.855100508186765	0.267943687673731	1.01514871764403	1302	186	NLGN2|TNFSF4|NMD3|MFSD14A|POGLUT1|SFT2D2|HMGN5|CKS2|EIF3E|MGAT2|RSRC2|TNFAIP8|ZFYVE16|YWHAQ|OAT|SH3BGRL2|TBPL1|UTP11|BRIX1|SGCB|CLMP|EIF4E|LRRC8C|USP47|TMED7|TMED5|FAM133B|LCP1|UBE2W|ACLY|CS|MOB1B|SMIM30|MAPRE2|FBXO33|QPCTL|GABPA|ATP2A2|MAK16|SERINC1|GTF2B|SEC23IP|CCDC90B|ALDH1A2|SEPTIN11|MPHOSPH6|STK4|VPS4B|PLAAT3|TBC1D23|OTUD4|HJURP|DDX27|TNFSF9|KPNB1|TBC1D15|PRDX5|NUDT9|IER3IP1|PSMA3
GSE18791_CTRL_VS_NEWCASTLE_VIRUS_DC_14H_DN	0.393197907048323	0.855100508186765	-0.295663206344031	-1.0252577088512	2554	154	DND1|IRF7|EXT1|ZFPL1|ARID5A|HES4|ZC3H12C|IFIT2|HERC6|TMCC3|TGM1|DKKL1|FEZ1|APOL6|PTK2B|ELMOD3|SHFL|SEMA6A|NRG1|CACNA1A|CRYM|STK19|BATF2|CSRP2|ISG15|ASAH2B|RIN1|PITX1|RBFOX2|ZBTB5|KCNN1|SELENOI|PIDD1|OAS3|IL15RA|TENT4A|DUSP5|EPOR|BCL6B|CHRD|NINJ1|TMEM39A|IRF1|KDM6B|STARD5|DIPK1B|CREB5|FUZ|SLC25A28|IRAK2|USP11|CERS1
GSE18893_TCONV_VS_TREG_2H_TNF_STIM_DN	0.392424015571193	0.855100508186765	-0.28912021410189	-1.02453150457213	2620	184	SLC26A11|ASCL2|ATP2B1-AS1|UBL3|NOTCH2NLA|LATS2|AKAP13|CREBRF|GKAP1|MGAT4A|CCPG1|NBPF10|ZNF585B|BTN3A1|ZNF701|APLP2|NXF1|TULP3|TMCC3|ATP9A|TCP11L2|PIK3IP1|THEMIS2|SLC27A1|ARHGAP26|ZDHHC23|MGAM
GSE3982_MEMORY_CD4_TCELL_VS_TH2_UP	0.393382910912126	0.855100508186765	-0.292979272480819	-1.02503366246972	2591	165	ANKEF1|TSC22D3|IL11RA|ZNF224|SEC31B|N4BP2L1|ABCA7|PBXIP1|GDPD5|ANKH|GSDMD|DGKD|PLSCR3|SUN2|ARHGAP45|CD48|TMEM80|AHCYL2|RASGRP1|CAMTA1|AKT3|PRSS53|FAS|BIN1|FBXW4|RIN1|CPQ|LINC00623|CLSTN1|DGCR8|TSC22D1|SASH1|BID|ITGA5|CARS2|TMC6|TMUB2|R3HDM2|TTC12|ADGRL1|IRF9|GUSBP11|PAFAH1B1|ABCA5
GSE4590_SMALL_VS_VPREB_POS_LARGE_PRE_BCELL_DN	0.392997330821165	0.855100508186765	-0.30292453282997	-1.02564086515341	2502	125	ESPN|ADAM19|BSPRY|MAGIX|CATSPER1|EXT1|ZDHHC12|TIGD3|ADGRE5|APLP2|KLF7|DNAI7|NSG2|CD163L1|PGF|TBCB|C19orf38|LIG1|IL18BP|KCNJ11|PLK3
GSE46606_DAY1_VS_DAY3_CD40L_IL2_IL5_STIMULATED_IRF4HIGH_BCELL_UP	0.392931392931393	0.855100508186765	0.265104799653585	1.01406167014155	1322	195	TRAPPC2B|KBTBD8|ZNF708|RGS2|CREBL2|BBS12|POGLUT1|BTBD1|PDIK1L|FAM107B|WDR75|EIF4G2|MRPL42|DDX10|CBX7|NLK|RPL39|POGLUT2|MTSS1|AGL|TRIAP1|KLHDC2|PSMG2|C1orf54|ZNF799|DTWD2|TSN|SEPSECS|NAA50|ZNF507|CDK2AP1|PARD6G|CASD1|HNRNPK|PSTK|CCT4|MAPRE2|ZNF566|NIFK|RFC1|ATP2A2|BIVM|APEX1|CLNS1A|SDAD1|AGBL5|MAPK14|GNL3|XPOT|HELQ|C12orf43|PSMD11|FARSB|TFRC|CCDC115|VAPB|ZZZ3|PABPC1
HALLMARK_CHOLESTEROL_HOMEOSTASIS	0.393200663349917	0.855100508186765	-0.3301767361201	-1.0317524338861	2370	70	CBS|ETHE1|SEMA3B|GPX8|CXCL16|PPARG|NFIL3|TRIB3|NSDHL|LSS|HSD17B7|STX5|DHCR7|PCYT2|FASN|MVD|NIBAN1|PDK3|ECH1|SREBF2|ABCA2|EBP|ANTXR2
KEGG_MEDICUS_REFERENCE_E2_ER_RAS_ERK_SIGNALING_PATHWAY	0.393068855449156	0.855100508186765	0.394774957928409	1.03606488806854	1723	23	SRC|ESR2|MAPK1|CREB3L3|NRAS|ATF2|BRAF|CREB1
OHGUCHI_LIVER_HNF4A_TARGETS_UP	0.392300962379703	0.855100508186765	-0.376470277993088	-1.03384927917642	2241	34	SLC2A4|ELAPOR1|REN|SLC27A1|EMP2
REACTOME_SIGNALING_BY_NODAL	0.393064876957494	0.855100508186765	0.426722068076727	1.03939401885862	1756	17	DAND5|SMAD4|SMAD2|MAPK1|ACVR1C|LEFTY2
WP_PROSURVIVAL_SIGNALING_OF_NEUROPROTECTIN_D1	0.393301610541728	0.855100508186765	-0.457857294269527	-1.04560063385668	2148	15	TNFRSF1A|TRADD|TRAF2
REACTOME_RESPONSE_OF_EIF2AK1_HRI_TO_HEME_DEFICIENCY	0.393667642752562	0.855517600768612	-0.457512036503395	-1.04481217478083	2150	15	CHAC1|TRIB3|ASNS|CEBPB
WESTON_VEGFA_TARGETS_6HR	0.393754402441888	0.85552092894192	0.355630123524968	1.03008488945123	1676	35	SLC49A4|CCL2|TFPI2|SP3|ART4|C1S
GAUSSMANN_MLL_AF4_FUSION_TARGETS_F_DN	0.393890303170562	0.855611467052541	0.374281888475428	1.03131181848074	1701	28	ALDH1L2|MYOM2|TSPAN12|ERO1A|OPN3|HTATIP2|GHITM|AMPD3|SH3GL3|CTH
GSE3982_CENT_MEMORY_CD4_TCELL_VS_TH2_DN	0.393966547192354	0.855611467052541	0.265835071372114	1.01306675816823	1318	192	TTK|LBHD1|IL12RB2|ESF1|BLTP3B|TOP2A|PHLDA1|EGR1|RMDN1|MTHFD2|HEATR3|STT3A|TFB2M|ETNK1|TJP2|NCAPG|MRPL39|WBP4|MTCH2|POGLUT2|MED21|CNOT7|CFI|EXOSC9|TPRKB|ATP5F1B|VDAC1|TYMS|PIP5K1B|DCTN6|TIPIN|DSG2|CDK1|RRM2|CDK2AP1|MYB|PRDX3|COQ3|FGD6|PSMA2|ATP2A2|GOLT1B|PAK1IP1|CA2|MKLN1|GGH|NCBP1|GGCT|SMC4|BLM|SEC61G|GLRX3|KNOP1|CCNB2|BTG3|KIF2A|GPSM2|TSPAN3|ACOT7|SLC35F5|VDAC2|DLGAP5|WAPL|POLQ|UQCRFS1|RPA3|BRCA1|MICAL2|MXRA7|SPRED2|TUBB6
GSE46606_UNSTIM_VS_CD40L_IL2_IL5_1DAY_STIMULATED_IRF4_KO_BCELL_DN	0.394128113879004	0.855777202491334	0.269212258658318	1.01245318742533	1328	175	ZC2HC1A|PITPNC1|TTK|NXPH3|CD40|RGS2|CD70|TAMALIN|CLDND1|FAM107B|IL18R1|PAIP2|PPM1A|TSPAN13|IFRD1|MED13|SEC22A|TRABD2A|PDE4D|ENSG00000268472|LINC00410|XCL1|PLXNC1|OTUD7B|ZNF449|PIP5K1B|FXR1|DSG2|ZNF250|HUS1|RAPGEF6|KRBOX4|ZNF627|AMZ2P1|MLLT11|CDK2|ANKRD50|ALDH2|SEMA7A|TPST1|GCNA|USP12|TMOD2|GLT8D1|RNF168|DSTN|LINC00294
REACTOME_SIGNALING_BY_TYPE_1_INSULIN_LIKE_GROWTH_FACTOR_1_RECEPTOR_IGF1R	0.39450643776824	0.856228242663264	-0.35693873197782	-1.02851819107562	2297	44	IGF1R|FLT3LG|CILP|IRS1|FGF17|IRS2|TRIB3|FGFR3|FGF2|AKT2
WP_DNA_DAMAGE_RESPONSE_ONLY_ATM_DEPENDENT	0.394468313641246	0.856228242663264	0.291255889770813	1.01669234968207	1468	101	CCNG2|PDK1|TCF7|MAP3K1|PIK3C2A|PIK3CA|SMAD4|MAPK8|PPP2R5E|RBL2|MAPK1|SCP2|WNT2B|SOS2|RHOA|PIK3C3|BCL2|NRAS|CDKN1B|PIK3CG|MYC|APC|MAPK9|CTNNB1|PPP2R5C|PTEN|HMGB1|DVL3|ATM|CAT|BAK1|PLAU|SOS1|WNT10B|PIK3CB|BCL2L11|MAP3K4|PMAIP1|RAC2|NFKB2|CCND2|SHC1
HOFT_CD4_POSITIVE_ALPHA_BETA_MEMORY_T_CELL_BCG_VACCINE_AGE_18_45YO_56D_TOP_100_DEG_AFTER_IN_VITRO_RE_STIMULATION_DN	0.394777265745008	0.85663082437276	-0.351782134993464	-1.02751046301656	2312	47	CXCL1|PLXNA1|SLC29A1|ZNF763|PTGIR|MFSD12|TMEM94|HDAC7|ARMC6|MGAT4B|INTS5|ARAP1|MYO1C|MFHAS1|EIF3B|AP2A1|TLE3|ARHGAP17|GBF1|NOC2L|TRAF7|ARHGEF11|RPRD2|WASF2
GSE17721_POLYIC_VS_PAM3CSK4_2H_BMDC_DN	0.395292331055429	0.857007433938315	-0.292210611424552	-1.02317440620017	2602	167	NFKBIZ|LAG3|PLAT|ITGBL1|MARCKS|EXT1|MT2A|SLC12A4|ICAM5|CRYBA4|KLF7|NSG2|MET|RPS6KL1|SNRPB|AMHR2|C2orf76|IL17RA|GRHPR|CHID1|DPF1|RHOB|BOP1|NPDC1|FBXL3|TSC22D1|PLXNA3|TSSC4|NFKBIB|REPIN1|MGAT3|SRGAP2|TNFRSF10A|CD81|POLA2|TMEM39A|KIF2C|ARHGEF3|AP4B1|HAND2|MMD|ATP6V1H|TBL1X|BLOC1S4
GSE7596_AKT_TRANSD_VS_CTRL_CD4_TCONV_WITH_TGFB_DN	0.39525184472249	0.857007433938315	-0.31467085273675	-1.02806924231149	2463	95	TBC1D1|EZHIP|CHAC1|SNN|ZDHHC12|WNT3|HAS1|TPD52|NSG2|TSHZ3|TMEM86A|FAU|NRTN|C19orf38|TRPM1|CCDC136|RPUSD1|TRMT1|DYNC1H1|SIX5|CTSL|TMEM205
OLSSON_E2F3_TARGETS_DN	0.395089674386209	0.857007433938315	-0.373185835425815	-1.03182099707681	2268	35	TIMP3|CXCL1|NAPA-AS1|H4C2|TAF6L|THBD|H2AC25|MYBL2
WP_AUTOPHAGY_IN_PANCREATIC_DUCTAL_ADENOCARCINOMA	0.395248868778281	0.857007433938315	0.407861010134441	1.0342806881309	1746	20	PRKN|NFE2L2|BECN1|TFE3|VMP1|HMGB1|MAP1LC3B|TFEB
GSE6259_FLT3L_INDUCED_DEC205_POS_DC_VS_BCELL_DN	0.395794966236955	0.857911870241105	-0.29584522710297	-1.0249534173653	2578	152	H4C4|TBC1D1|ANPEP|H2AC8|RASGRP3|NUP210|LYST|TDH|GPR68|SOD3|H4C14|RPL18|ARHGAP26|EPHX3|PCNX3|TBC1D8|AKNA|SP100|TACC3|ATOX1|CST3|SMG6|RPL27|KLHDC4|RAB30|LMBR1L|VARS1|MREG|NCAPD3|MYCL|AP1M1|CKB|ITGAE|TYK2|ABHD2|MCM7
GSE22229_RENAL_TRANSPLANT_IMMUNOSUPP_THERAPY_VS_HEALTHY_PBMC_DN	0.396417910447761	0.857971945957378	0.269600308443554	1.01329759417209	1327	176	AJUBA|PCYOX1L|AIF1|MS4A3|UBTD2|SLC22A4|RYR1|LGALS3|ATP6AP2|RASSF3|ZNF518B|FAM76B|NAAA|SYPL1|SATB2|SCCPDH|SVIP|AGPS|ABCA13|PDE4D|KCTD14|RPS6KA2|DMKN|SGMS2|HERPUD1|TMEM38B|ATP11A|CRY1|RAPH1|CHSY1|PPFIBP1|SEMA4A|SLC36A4|RFC1|CYBB|R3HDM4|CREB1|BNIP2|MTMR2|PLBD1|PLCB1
GSE22313_HEALTHY_VS_SLE_MOUSE_CD4_TCELL_UP	0.396420988777677	0.857971945957378	-0.292113636828649	-1.0238006348158	2613	168	WFS1|FZD7|CBS|ZBTB47|LZTS3|PPP1R14A|CLN3|ADAMTSL4|RGL3|PPARG|NUDT16|GAREM2|G6PD|SLC6A16|LZTS2|SLC16A5|GPR146|SLC10A3|ARRDC1-AS1|SLC26A6|FAM86DP|DMBX1|SDC4|CC2D1B|CEBPB|AGPAT2|UBALD1|SLC35E3|WIZ|CENPV|SLC39A11|PCYT2|LYSMD1|ACADVL|RNF149|TNIP1|SPIRE2|RNF24|PARP12|INF2|RRP1|ATP6V0A2|PDXK|AP2M1|JUN|SLC22A5|PCBD1|MGAT1|ZNF646|EIF4A1|UBE2Z|MFHAS1|TMEM120B|DAG1|MAOA|CYTH1|C7orf50|ANKLE2|NPC1|UQCRH
GSE2770_IL12_AND_TGFB_VS_IL4_TREATED_ACT_CD4_TCELL_48H_UP	0.396316813894296	0.857971945957378	-0.288738878807139	-1.02318019807669	2646	184	MEIS3|TEP1|SRGAP3|TCEA2|APOLD1|STOML1|PBXIP1|CHST12|ARID5A|HLA-DOB|EVI5L|SH3BP2|GSDMD|DGKD|DYRK2|PPCDC|RASGEF1B|SRMS|ACVR1B|HPS1|RIPOR1|RHOF|EMP3|AKT3|SLC12A6|AKNA|SEMA4F|TSPO|ZC3H12A|ORAI1|FBXL20|MAP4K2|ATP13A2|CERS4|CDC42EP4|ZBTB10|APBB3|PLEC|CDK10|TNFRSF1B|TAPBP|KLF13|SIGIRR|TK2|STARD10|IRF9|IQSEC1|ANKIB1|SH2D2A|SOCS3|TSPAN31|CLCN5|PINK1|SCPEP1|GRAMD1A|PPARGC1B|HIPK2|TXNRD3
GSE39152_CD103_NEG_VS_POS_MEMORY_CD8_TCELL_DN	0.396350583308406	0.857971945957378	-0.288277648272209	-1.02255921770226	2649	187	SHF|RAB4B|SMPD1|BMP8B|MT2A|APBA3|TLR6|ITPA|EPS8|SYNGR2|SLC3A2|TSPAN4|CLIP3|UCP3|RRBP1|IER3|CDKN2D|NFIL3|TIMP1|C5AR1|MUC1|KRTCAP2|IL18BP|MZT2B|SLC12A7|ASNS|STOML2|HOXC8|STX5|C6orf136|RDH13|GPS1|CD3D|AP1B1|UBE2M|SOCS3|BCL2L1|CENPB|TIMM17B|NOC4L|BCKDK|ATP5MC1|PTRH2|LTB4R|GPN2|GALNT2
KORKOLA_EMBRYONIC_CARCINOMA_VS_SEMINOMA_UP	0.396141767608793	0.857971945957378	0.41615559323125	1.03073252687675	1765	18	SP8|CALB1|CD24|BCAT1|NAP1L1
LEE_CALORIE_RESTRICTION_NEOCORTEX_DN	0.39634297010131	0.857971945957378	0.319299334367667	1.02154185428265	1603	59	ITGB4|CCL2|GNG12|DDR2|MSH3|ZBTB16|IRS3P|PTPN14|NFE2L2|KIF5B|ACLY|EIF2S1|SEC23A|SKP1|ATP2A2|ATP5PB|BUB3|TFRC|FZD5
LU_IL4_SIGNALING	0.39593165174939	0.857971945957378	-0.323344462552069	-1.02482194293691	2432	76	NFKBIZ|MTCL1|SPAG1|HLX|RASGRP3|ATXN1|QSOX1|SPINT2|NFIL3|SLC15A2|MOK|BCL6|CTSD|RPS2
RIZKI_TUMOR_INVASIVENESS_2D_DN	0.396543044134922	0.858051105200765	-0.338780064350426	-1.02635327928583	2362	58	SULT2B1|ENG|BCAR1|PPP4C|POU6F2|CTSD|MBD3|NBL1|NCAPH2|RCN1|SLC20A2|IFNGR1|ULK1|OXA1L|MED16|CEMIP2|COG2
GSE28783_ANTI_MIR33_VS_CTRL_ATHEROSCLEROSIS_MACROPHAGE_DN	0.396729776247849	0.858195934884693	0.275011936038962	1.01442908573416	1382	152	ZNF20|APOBEC3F|STEAP1|PLK4|TRIM23|SERPINI1|DNTTIP2|KIF11|GULP1|SMG7-AS1|NUP153|DMXL2|SCAF8|RNF6|SPAST|PER2|SLC19A2|MAGEA4|RSAD2|BGLAP|IFIT1|SDS|SLC35D1|BICD1|FXR1|SCAPER|ANGPT1|CD24|BAZ1A|STMN1|HOXB7|SMPDL3A|ZKSCAN5|IL13RA1|ZNF460|PANX1|ZWINT|TMT1A|CUL5|IDE|UGT8|ADH5|CENPE|BTK|SUCLG2|SYNJ1|TRIM33|TNFSF9|RNASEH2B
HOWARD_DENDRITIC_CELL_INACT_MONOV_INFLUENZA_A_INDONESIA_05_2005_H5N1_AGE_18_49YO_1DY_DN	0.396780965710287	0.858195934884693	0.362758863095356	1.02883067410006	1700	32	ZNF443|PTGDR2|BMERB1|FIBCD1|ANGPT1
REACTOME_ION_TRANSPORT_BY_P_TYPE_ATPASES	0.397152170183565	0.858813762236671	-0.35780101511197	-1.02799324344106	2314	43	ATP9B|ATP2A1|ATP13A1|FXYD1|ATP1A3|ATP2B3|ATP9A|ATP2A3
GSE24142_ADULT_VS_FETAL_EARLY_THYMIC_PROGENITOR_UP	0.397240164415737	0.858819033040096	0.270636801738604	1.01242261355937	1352	169	CCDC120|PITPNC1|ASAH2|SESN3|HLA-B|PKD2|FGF13|TP53INP1|P3H4|CTSS|ZFP82|IL18R1|KDM7A|B3GNT5|EIF4E3|PIK3CA|DUSP22|ITSN1|SPRY2|SLC44A1|MKRN1|RMND5A|CAMTA2|FAM13B|RNF6|TANC1|MTSS1|SYNE1|RPS6KA2|TMEM176B|GRIP1|ZNF623|TRAPPC2|RAB2B|DNAJB9|CYP4V2|TOR1B|ATG12|KMT2E|CA2
GSE18791_UNSTIM_VS_NEWCATSLE_VIRUS_DC_6H_DN	0.397686832740214	0.859204091267853	0.269208616530918	1.01115436460912	1340	174	SAMD9|AIM2|TRIM69|SP8|PGAP1|IFIH1|ZNF107|MX2|DHX58|RNF43|SFT2D2|NT5C3A|SWT1|DTX3L|PI4K2B|PNPT1|PARP11|CCNA2|NEXN|ARHGAP27|CMPK2|IFIT3|PABIR3|RSAD2|IFIT1|CD274|IFIT5|EVPL|C1GALT1|CXCL11|TENT5A|DDX60L|IFI6|ETV7|GIMAP2|TOR1B|TRAFD1|DERL1|IKBKE|MASTL|GTF2B
GSE24671_CTRL_VS_SENDAI_VIRUS_INFECTED_MOUSE_SPLENOCYTES_DN	0.397846245886928	0.859204091267853	-0.288130800915598	-1.02203833056793	2659	187	ZSWIM9|UBL3|NUP210|L1CAM|CASTOR1|SLC9A1|TMEM52|RABAC1|TNK2|ZNF692|NXF1|SUN2|SPSB3|WDR46|TNFRSF1A|NDUFS7|TPCN1|STX4|PIGQ|PCNX3|CHD3|CPSF1|ZC3H18|MIB2|FILIP1L|SLC7A11|RAI1|SHISA5|RFX1|NECAP2|F2R|APBB3|RGL2|LMBR1L|TK2|ZBTB6|IL17RC|MAN2C1|SNAPC4|METTL17|QTRT2|C8orf82|PRR14|SNRNP70|ABHD8|TRAF3|CDC42EP3|DEXI|DHX16|H6PD|MAST3|ENTREP3|KMT2D|PRKACB|STX16|RPS14|CIAO3|HGH1|SSBP4|HIRA|CLK2|TRIM65|ZBTB14|PHF1|VPS13D
GSE26669_CD4_VS_CD8_TCELL_IN_MLR_DN	0.397713598074609	0.859204091267853	0.269103655773571	1.01585130600788	1321	182	MEIS1|LPXN|EFCAB7|PRKCH|SLC49A4|CD3G|BLZF1|CUEDC1|CENPQ|PRKN|EIF2A|EGLN3|CD164|PECR|KALRN|BPNT2|VSIR|GLE1|SNAI3|LRPPRC|SAAL1|ADIPOR1|DENND4C|STYX|UFL1|DOCK10|ART4|RSPH6A|RNF125|DCAF17|WASHC3|MOSMO|LIMK1|DDN|SEMA4A|BACH1|PIK3CG|GSTCD|GABPA|IDH3A|GTF3A|PTEN|PTPRC|GOLM2
GSE45365_WT_VS_IFNAR_KO_CD8A_DC_UP	0.397768395657419	0.859204091267853	0.267657365003926	1.01436880558653	1318	187	PCYOX1L|PIGB|ADTRP|PELI2|ZNF43|TGFBR2|SLC27A3|EIF3E|CORO1A|PECR|AMZ2|BMX|MRPL42|FAM13A|MXI1|ADD3|RMND5A|NKRF|BCL9|IDH1|RBL2|ZNF816|SIGLEC6|SLC25A36|LDHB|TRIAP1|SPDL1|MTHFSD|ACAT1|RCOR3|GDE1|CLNS1A|WAS|MAPK14|GPD1L|SLC25A5|HMGB1|PLBD1|IL13RA1|SEPTIN11|S100PBP|SLC35A1|PEX2|MTX2|SCNM1|CAT|ATRAID|INPP4A|CCDC28A|GALNT7|PARVB|PEX19|PPP2R5A|RAD17|CTBP1|ACADM|TMEM223|ANP32A|ATIC|CHKB|SIRT3|PIGF|COX11|ACTB|PECAM1|HDDC2|MDH1|GSTZ1|PIAS3
REACTOME_ABC_FAMILY_PROTEINS_MEDIATED_TRANSPORT	0.397700047915668	0.859204091267853	-0.312705551675308	-1.02337508457445	2489	96	APOA1|SEL1L|ABCC10|ABCB4|DERL3|ABCA7|PSMB9|RNF5|ABCB8|ABCA4|UBA52|UBB|ABCB6|OS9|PSMB5|PSMB6|KCNJ11|PSMB10|ABCD1|PSMD2
GSE22886_CD8_TCELL_VS_BCELL_NAIVE_DN	0.397968069666183	0.859282315188028	0.272248121672231	1.01253890787065	1370	161	ZC2HC1A|VAV2|CD83|STAP1|DPF3|CNR1|POU6F1|BACE2|USP2|PTGS1|CTSK|CD80|MEF2C|TSPAN13|NAB1|RBM4B|MAGEA4|PLPP3|FRAS1|IL24|CR2|SLC4A4|EGR2|HAUS5|DCAF17|PIP5K1B|SBNO1|PHLPP2|ATP11A|SP1|SAMD4A|FZD4|PRR3|DRAM1|HEYL|NOD1|MID1|TAF4B|HMGCS1
SABATES_COLORECTAL_ADENOMA_SIZE_UP	0.398353614889048	0.859929803495971	-0.418974640886565	-1.03633248930515	2225	21	TIMP3|CABIN1|BCL6|FBXL6|PGGHG|STMN3|SLC9A3-AS1|ZNF697|STX16
GSE9988_LOW_LPS_VS_CTRL_TREATED_MONOCYTE_UP	0.398507462686567	0.860076953439639	0.269327441691899	1.01227201959253	1334	176	NXT2|CXCL8|CD83|ADTRP|HECW2|PIGA|EGR3|KDM7A-DT|CCL4|PLD1|CCRL2|NBN|PSMD5|OTUD1|EGR1|PFKFB3|NR4A2|TSC22D2|PLEKHF2|SIAH2|WTAP|PTX3|CD274|ELL2|NFE2L2|ACSL1|ARL5B|EIF1B|PELI1|CDK1|REL|DDX5|B3GNT2
GSE20366_EX_VIVO_VS_HOMEOSTATIC_CONVERSION_TREG_UP	0.39891615234081	0.860191035393816	-0.286717892821989	-1.01962561164118	2649	193	SLC26A11|LAG3|TASP1|FGD3|P2RX4|GSDMD|TRPM4|SPSB3|ARHGAP45|CARNS1|CRYBA2|TOP3B|SLC52A3|ICAM1|RPS9|HDAC4|PIK3IP1|CCNL2|HSBP1L1|PIGU|LRRC45|TRAF2|FKBP8|BRD9|SMG6|PLK3|ADCK5|AGRN|PITX1|STX5|F2R|TELO2|UCP2|NSMF|PTCD1|TBC1D17|TRPT1|REXO5|TK2|TBCCD1|AKAP7|SLC35C2|NR2F6|RRP1|ANKIB1
GSE22886_NAIVE_CD4_TCELL_VS_12H_ACT_TH1_UP	0.39898005099745	0.860191035393816	-0.287186448078694	-1.0195429567181	2659	189	ANKEF1|HPX|IL11RA|TRAPPC6A|SMPD1|ARHGAP33|PDLIM2|RPS20|PBXIP1|HLA-DOB|RPS29|CLN3|HOOK2|SPSB3|GRIA3|DCAF11|RPS9|ZNF671|LRCH4|STARD3|CABIN1|LTBP3|NLRP1|CTC1|ZNF83|SP110|PCIF1|GPSM3|RAB40C|PHC1|APBB3|MALT1|SHOC2|VPS8|DNAL4|ARHGEF1|AKT2|ERP29|CARS2|TENT4A|R3HDM2
LOPEZ_MBD_TARGETS_IMPRINTED_AND_X_LINKED	0.399074482150727	0.860191035393816	0.436646057052168	1.03081255456981	1810	15	NXT2|SDHD|MEG3|UBE2A|EIF1AX
PID_TGFBR_PATHWAY	0.398929700802724	0.860191035393816	0.326929022417514	1.01920855243653	1639	51	TGFBR2|EIF2A|STRAP|TAB2|SMAD4|SMAD2|ZFYVE16|SKIL|RHOA|TGFBR1|CTNNB1|PPP2CA|ITCH|TGFBR3|SMURF1|SOS1|DAB2|FKBP1A|RPS6KB1
SIG_PIP3_SIGNALING_IN_CARDIAC_MYOCTES	0.398924550495715	0.860191035393816	-0.334657459734811	-1.02565594901229	2373	63	SLC2A4|PAK1|SFN|PAK6|IRS1|CYTH3|MET|AKT3|IRS2|INPPL1|TSC1
TERAO_AOX4_TARGETS_SKIN_DN	0.399055755395683	0.860191035393816	0.412615458126777	1.03486087501554	1774	19	SAMD5|SPMIP4|KLHL13|ZNF845
GSE17721_PAM3CSK4_VS_CPG_16H_BMDC_DN	0.399696509863429	0.860411849983563	-0.29152743176062	-1.02217584597526	2633	170	TGFB1I1|SELENOM|AXL|PSMB9|C5|P2RX4|EPS8|SYNGR2|SRD5A3|MIGA2|POR|TULP3|RGL3|SOX11|SLC6A8|SAMD10|B3GNT4|SH2D3C|THEMIS2|CCNL2|MET|G6PD|IL18BP|INPPL1|SHISA5|PSMB10|LPIN2|AGRN|ATP13A2|FIZ1|VPS39|GRINA|SDHA|PDLIM4|TUBB2B|SF3A2|LMNA|DTNBP1|APTX|TNFRSF10A|JMY|ZNFX1|PXN|TYK2|ABHD2|AP2M1|TP73|JUN|APOBEC3B|PTTG1IP|PES1|DENND4B|RBM6|CARS1
GSE17974_IL4_AND_ANTI_IL12_VS_UNTREATED_4H_ACT_CD4_TCELL_UP	0.399849170437406	0.860411849983563	-0.289987511873692	-1.0205314517054	2650	174	SLC26A11|RAB27B|FARP1|BSCL2|PLLP|TMEM9|DDB2|NBEAL2|ETFB|SGSH|PPARG|GCOM1|GBA2|ALDH16A1|APOL6|SPINT2|PLOD3|MACROH2A2|CCDC9B|IRS2|STK19|MZF1|MAP4K1|POMT1|KCNK6|ZFYVE19|GPATCH3|HPGD|NECAP2|LRSAM1|TREML2|C12orf76|SNX8|GPAA1|RAB30|PYCR1|PINLYP|TBC1D17|SPIRE2|RNF24|AP1B1|SYS1|BLTP2|HAUS4|ACD|STN1|RPS6KB2|ABCD4|ULK1
GSE24634_IL4_VS_CTRL_TREATED_NAIVE_CD4_TCELL_DAY10_UP	0.399408284023669	0.860411849983563	0.269501664001512	1.01146173972429	1349	173	RFX3|STAP1|LGR4|FOXO1|PREX2|GLMN|ONECUT2|CKS2|TOP2A|LRBA|TDRKH|KIF11|CKAP2|TSPAN13|ZFTA|OLA1|AGK|POGLUT2|LRP2BP|CD96|GFI1|GPR183|REEP2|VWF|IL24|INPP4B|PLXNC1|ICA1|CEP97|CPOX|TYMS|PIP5K1B|RRM2|BCL2|ITM2A|BUB1|MYB|TRBC1|MLLT11|GOLPH3L|TRIM32|STMN1|TUT4|MTMR2|CD93|CDKN3|STIL|DAD1
GSE27786_BCELL_VS_NKCELL_UP	0.400119796346211	0.860411849983563	0.266435299239641	1.01335602155705	1335	190	ATG16L2|PEX12|UBTD2|KRT27|CNR1|REV3L|BTBD1|ENTPD7|MAP3K1|GGPS1|RBMXL1|EDARADD|PPP1CC|CBLL1|GEN1|NUP35|CABLES2|ZNF383|PPP2R5E|SLC2A13|COL4A5|SYT3|PAX5|C1GALT1|FASTKD3|YTHDF2|PDE11A|TYMS|EIF1B|PHTF2|ADK|B3GNT2|RDH11|SNX25|ELK1|RABGAP1L|MED31|ADNP|MGA|ACAT1|TTC33|CFAP20DC|CCNT2|CEP152|CLNS1A|TRNT1|PARK7|SRSF1|S100PBP|ZNF124|IMMP2L|PHF21A|DCAF12|USP28|CCDC150|SCLY|ERCC6L|ZBTB11|ETV1
GSE34156_NOD2_LIGAND_VS_NOD2_AND_TLR1_TLR2_LIGAND_24H_TREATED_MONOCYTE_UP	0.400057028799544	0.860411849983563	0.275682125374825	1.01259758575898	1402	146	SLC9B2|PRKCH|CATSPERB|ALDH1L2|CPD|ZNF277|ARHGAP42|ARMCX5|TOB1|RNF6|DYM|ZXDB|TMEM225B|UPK1B|OOSP2|C5orf22|TCEANC2|DNAH14|FXR1|ZNF250|LRP12|TMEM50A|TAF1A|LCP1|SP1|SEMA4A|FBXO45|ZBTB37|DNAJB11|PIK3CG|ANXA5|PDIA3|PTEN|CYB5B|CHRAC1|CIZ1|MAP2K4|PNPLA8|DDX27|RFWD3
GSE36888_UNTREATED_VS_IL2_TREATED_TCELL_2H_DN	0.399730820995962	0.860411849983563	-0.288953967358716	-1.02097760635044	2672	178	TIMP3|EPB41L1|FMC1|AXL|TMEM134|CD84|EPS8|FAM120C|DGLUCY|SLC35F3|TNFRSF21|COX5B|ATP5ME|APOC1|ECI1|CHCHD10|HSF2BP|SPOCD1|ACSL6|RAB40B|ABCB6|PLOD3|FHL1|SEMA3G|GAL|ARHGEF10|NRAV|CAMK1|POLD1|ATP5PF|SIL1|RAB11FIP4|TSC22D1|PINLYP|TEX264|EVL|HMG20B|GCHFR|KAZN|NRIP3|SPINT1|ADPRS
GSE7219_UNSTIM_VS_LPS_AND_ANTI_CD40_STIM_NIK_NFKB2_KO_DC_UP	0.39926795790758	0.860411849983563	-0.292606278948385	-1.02091778378533	2617	161	GZMM|METTL27|CCR7|RAP1GAP2|PDE2A|S1PR5|ITGA4|PHYHD1|CD84|HDAC10|MAPK11|CENPT|NSG2|NRM|PIK3IP1|KATNB1|ARHGAP26|C19orf38|TNFAIP8L2|FAS|COBLL1|TIRAP|GPR146|WDR4|ICAM2|RNF32|DGKA|SFXN3|B4GALT7|ARID3B|GRK6|ARHGAP1
GSE7460_CTRL_VS_TGFB_TREATED_ACT_FOXP3_HET_TCONV_DN	0.399970028472951	0.860411849983563	-0.288509613873737	-1.02032611979961	2668	180	RINL|SYTL1|CCPG1|CD37|PYCARD|PBXIP1|GPR68|DIAPH2|CCS|ACAP1|SLX4IP|KATNIP|DBP|SUN2|SGIP1|FOXP3|CYBA|ZNF839|C12orf57|TBCB|CHD6|BCL9L|ID3|RAMP1|TSPO|B9D2|DHRS3|SFXN3|ADCK5|CD151|ZBTB20|NDEL1|TRPC4AP|SGK1|DNTTIP1|PACSIN1|AAMDC|CNP|KLHL2|RNF149|GSK3B|NRARP|NUDT14|CAPG
KEGG_GLYCOSAMINOGLYCAN_BIOSYNTHESIS_CHONDROITIN_SULFATE	0.399606299212598	0.860411849983563	-0.418544583713572	-1.03526874420667	2232	21	CHST12|B3GAT1|B3GAT3|CSGALNACT2|B4GALT7|XYLT2|CHPF2
KEGG_MEDICUS_REFERENCE_PRNP_PI3K_NOX2_SIGNALING_PATHWAY	0.399676000925712	0.860411849983563	0.372631123165359	1.02676323136971	1726	28	PRNP|EGR1|PIK3CA|MAPK1|CREB3L3|CYBB|ATF2|CAV2|CREB1
REACTOME_NCAM1_INTERACTIONS	0.400046652670865	0.860411849983563	0.356902011918811	1.02604954872363	1714	34	ST8SIA4|PRNP
EBAUER_TARGETS_OF_PAX3_FOXO1_FUSION_UP	0.400355871886121	0.860497483443	0.268740148231148	1.01067767501298	1349	175	PLA2G3|ITGB1BP2|CD36|CAMK2B|RGS2|MYOM1|CTF1|SPAG6|EGLN3|SOHLH2|PALMD|XRCC4|P3H4|FER|TP63|MEF2C|FAM13A|UTRN|IRGQ|ABLIM3|BCAN|IL32|MTSS1|WWTR1|RSPH6A|LAT2|INPP4B|LDB3|BICD1|AGL|HBEGF|ACSL1
GSE39556_UNTREATED_VS_3H_POLYIC_INJ_MOUSE_CD8A_DC_DN	0.400355871886121	0.860497483443	0.268737958292731	1.01066943909482	1349	175	AIF1|DEPP1|SERINC5|LST1|TNFSF4|ASB9|SERPINI1|TMCC1|GNAQ|KLF10|KDSR|NFYA|H2BC21|MEF2C|AKAP12|BMI1|LIPT1|DMXL2|MXI1|ZFYVE16|WASHC4|SIAH2|AP3S1|VAV1|SCARF1|CD96|KCNS3|RECK|RSAD2|SYT11|AUH|PRKCI|SRSF8|SOCS2|ACSL1|CREG1
GSE3982_DC_VS_NEUTROPHIL_UP	0.400416790711521	0.860497483443	0.26510792465964	1.01147120121088	1344	193	DPYSL2|ARMCX1|AGA|CD36|PPP2R3A|ENOPH1|ITFG1|TMEM209|H2AC17|PTER|TRMT61B|RARS1|ACSF2|GLUD1|PTGS1|NOL11|CCNA2|GOLGA8B|CRYZ|NUP37|HSPA4|MTCH2|AGK|UTP11|NUP133|TGFBI|OTUB2|MRPL15|TRIAP1|SSB|BCL2|ETFDH|BMPR1A|CUL2|PTK2|FTO|PRDX6|RRM1|FH|CLTC|S100A10|RIOX2|IDH3A|CA2|TPP1|GTF3A|MTIF2|OSBPL3|NUP155|RPL5|TMA16|LNPEP|FUCA1|GRSF1|INTS7|ATF3|KIF13B|LMAN1|ACOT7|DST|ZC3H14|DUSP12|KYNU|SPARC|RAB20|CSE1L|PIBF1|EEF1B2|ALDH1A1|MRPL35|ST13|FAM204A|ATIC|R3HDM1|MAP3K4|ECI2|BANF1
GSE46606_UNSTIM_VS_CD40L_IL2_IL5_DAY3_STIMULATED_BCELL_DN	0.400653400653401	0.860547909696965	0.264472888624831	1.01164452509538	1348	195	BATF|CD69|PDK1|DDIAS|TET3|SHLD2|ACTR3|BATF3|FNDC3B|LDHA|MYCBP|MSH2|PALS2|FBXO30|UBE2N|ENTPD1-AS1|DDX10|GRPEL2|ZNF664|CBFB|RPF2|MRPS6|FEM1B|MAP3K21|CNBP|RRM2|TAF1A|SNX25|CHSY1|NDUFAF6|HSPD1|NIP7|EIF3J|TRNT1|IVNS1ABP|PTGER3|ADO|ADORA2B|GNL3|FARSB|ZNF473|RFC3|OTUD4|PNMA8A|DKC1|DHX33|EEF1E1|LYSMD2|TRMT6|SETD3|KIF2A|HSPA5|GNE|IMPA1|POLR1F|SLC25A17|ZNF584|FOSL2|PDSS1|PPP1R15B|ZNF280B|GINS3|WARS1|ZDHHC9|BAG1|PKP4|CDK5R1|RBM18|CCND2|CDC6|EGLN1|RABGGTB|NAA20|CHCHD4|AMMECR1L|SPEN|NANP
GSE6259_DEC205_POS_DC_VS_CD8_TCELL_DN	0.400688683675067	0.860547909696965	-0.300155744809186	-1.02166969370934	2559	131	COX6B2|GLYCTK|VANGL2|ENG|MELTF|MADCAM1|ACE|CFAP70|CPEB3|EPS8|ZC3H12C|AFAP1L1|GUCY2F|IER3|FBXL19|FHL1|GRIK5|EHBP1L1|MAP4K2|SLC39A4|MEX3A|MYO18B|PHC1|ZBTB10|RPL27|HOXC6|XYLT2|NEK6|ADGRL1|INF2|KCNH2|LGALS12|DNMT3A|ABCA2|AHDC1|ARAP3|RIPOR3
WP_NUCLEOTIDE_EXCISION_REPAIR_IN_XERODERMA_PIGMENTOSUM	0.400697442710063	0.860547909696965	-0.328378666815531	-1.02774503474595	2412	71	H4C4|XAB2|UVSSA|DDB2|GTF2H4|H4C11|H4C3|SLX4IP|GTF2H2C|H4C14|H4C2|LIG1|POLE|POLD1|RFC2|CHD1L|XPC|SLX4|RBX1|GPS1
GSE14415_INDUCED_TREG_VS_FOXP3_KO_INDUCED_TREG_UP	0.400970319634703	0.860581584026759	0.273706958936148	1.01284908570971	1404	154	BICDL1|PDK1|SESN3|ESF1|TCF7|EIF3E|WDR75|TDRKH|RIMOC1|ABCD3|CRLF3|PIKFYVE|RRAS2|TTC14|TANC1|ART4|INPP4B|NOP58|CEP97|FOXP1|ARV1|DOCK11|QSER1|RAPGEF6|PRMT3|PTK2|PRDX3|MYC|SFMBT2|PEX5|CLIP1|TTC3|LRRC23|ABRAXAS1|MIX23|GOLM2|AGPAT5|GALNT10|BRWD1|LTV1|TGFBR3|USP28|SSBP2|METTL9|DKC1|PALS1|RAB3IP|RPL22|AFP|SLC6A19|TOP2B
REACTOME_FC_EPSILON_RECEPTOR_FCERI_SIGNALING	0.400884711086536	0.860581584026759	0.281543669719327	1.01681939523423	1449	128	VAV2|IGHE|PSMC6|PSMC1|MAP3K1|PSMD5|RASGRP4|PIK3CA|TAB2|PSMA1|PSMA4|UBE2N|MAPK8|PPP3CB|PSMD6|VAV1|MAPK1|MS4A2|FCER1G|TXK|LAT2|NFATC2|NRAS|PSMD10|PPP3R1|SKP1|PSMA2|CHUK|PSMA6|UBE2D1|PSMC2|MAPK9|PSME4|FBXW11|PSMD14|PSMD11|UBE2V1|PSMC5|MAP2K4|BTK|PRKCQ
YAMASHITA_LIVER_CANCER_WITH_EPCAM_UP	0.400822447992259	0.860581584026759	0.330278278670713	1.01989172922498	1656	48	TTK|ABHD3|GNPAT|XPO7|NREP|TRIM24|CPOX|DSG2|EPCAM|RPS3A|PTPN12|RPL6|RPS24|HNRNPA1|MRPL3|VIL1|SRPK1|AHCY|AFP
BIOCARTA_PAR1_PATHWAY	0.401528776978417	0.861411810923136	0.41217481812899	1.03375572714797	1785	19	GNA13|GNAQ|PIK3CA|RHOA|ROCK1|PIK3CG|PLCB1
GSE15735_CTRL_VS_HDAC_INHIBITOR_TREATED_CD4_TCELL_2H_UP	0.401526489075127	0.861411810923136	-0.287632116026178	-1.01980866194457	2682	186	TEP1|POU2F2|TYROBP|ADSS1|STOML1|MARCKS|HEPACAM2|MAPK11|B3GNT8|SH3BP2|N4BP3|GRN|RUFY1|APOE|RASGEF1B|GCOM1|RDH12|RECQL5|TXNDC16|TRIOBP|ATP2A3|AKT3|SLC25A19|COBLL1|BCL6|ZDHHC24|MAP4K1|INPPL1|PSAP|DUSP4|RNH1|H2BC5|FILIP1L|PMF1|RFC2|ABHD12|ATP13A2|CNPY3|NDST1|SZRD1|SFMBT1|SLC66A2|NMRAL1|VARS1|TUBB2B|POLR2A|OGFOD3
GSE10239_NAIVE_VS_KLRG1INT_EFF_CD8_TCELL_DN	0.402170636116973	0.862172970930091	0.26727819366112	1.01400292120544	1333	188	MPZL3|LGALS3|PLK4|ANLN|PBK|UCHL3|KIF11|LHPP|CCNA2|ALG6|CIP2A|PALS2|SCCPDH|PPIL1|AP3S1|MRPS22|MAD2L1|NEO1|HOXC4|SLAMF7|SGCB|TIGAR|SCN8A|MRPL15|SLC35D1|RPS27L|LZIC|ZFAND4|TYMS|HAUS1|B4GALT5|RFC5|RAPH1|ENDOD1|DBF4|COPS4|MAPRE2|C17orf75|SMIM3|DECR1|STMN1|GTF3A|NEK2|PLSCR1|NDE1|WEE1
GSE26495_PD1HIGH_VS_PD1LOW_CD8_TCELL_UP	0.402240638428484	0.862172970930091	-0.294687907538466	-1.02094389301286	2620	152	GNAS-AS1|PTPRB|KCNJ14|PBXIP1|LPCAT4|UBA7|TRAIP|PDCD1|NAT9|RTN4R|SLC35G2|TCL1A|MYO1A|MMEL1|JMJD8|FYN|P2RX5|ZNF839|EME2|TMCC2|SCARB1|TIMM44|ANKRD23|ZNF329|KHDC1|USP36|RPS16|STON1|ING5|GTPBP3
GSE27786_NKTCELL_VS_ERYTHROBLAST_DN	0.402313030069391	0.862172970930091	-0.296292433969964	-1.02269784023499	2608	147	MESP2|SEMA4G|METTL27|LRRC56|VANGL2|EXT1|TSSK3|PLPPR3|MIIP|SMAD6|ICAM5|SMTN|CITED4|TRIM46|LOXL3|COL6A3|GRIK5|EPHX3|FBLIM1|MMRN2|GNA11|GAL3ST4|STOML2|STK11
HALLMARK_COAGULATION	0.402022756005057	0.862172970930091	-0.306738376812948	-1.02141355960268	2543	109	PLAT|C3|APOA1|CRIP2|TIMP3|APOC1|KLF7|MMP1|CFD|FYN|C8G|SERPINE1|TIMP1|KLK8|SH2B2|DCT|MMP15|THBD|CPQ|BMP1
ZHANG_ANTIVIRAL_RESPONSE_TO_RIBAVIRIN_DN	0.402081526452732	0.862172970930091	-0.36597392525724	-1.02751550887698	2317	38	IL15|RGS20|AXL|IL2RG|SERPINE1
MURATA_VIRULENCE_OF_H_PILORI	0.402597402597403	0.862301421934158	-0.435155339377051	-1.0402012169427	2231	18	L1CAM|MMP1|COL6A1|MUC1|BCL6|CTTN|GAS6|CDKN1A
WP_IMMUNE_INFILTRATION_IN_PANCREATIC_CANCER	0.402460456942003	0.862301421934158	-0.386933628260061	-1.02903433551443	2289	29	IL17B|CXCL1|CSF2|TGFB3|IL1B|IL17D|IL23A
ZHAN_MULTIPLE_MYELOMA_HP_UP	0.402630679877007	0.862301421934158	-0.353570974780082	-1.02425248966063	2356	45	LAG3|PAK1|SEMA4D|EPB41L4A-AS1|RIGI|ZFAS1|RPL13A
HARALAMBIEVA_PBMC_FLUARIX_AGE_50_74YO_CORR_WITH_28D_MEM_B_CELL_RESPONSE_AT_3DY_POSITIVE	0.402823018458198	0.862354941193335	0.248734357311234	1.00666909477003	1112	352	MIER3|FEM1C|PLEKHM3|PELI2|BMAL2|UAP1L1|MFSD14A|MEMO1|SEC24B|USP38|SFT2D2|PANK3|ZNF614|BLTP3B|KPNA3|HIF1A|FOXN3|GNAQ|MAP1LC3B2|KLF10|EGR1|LGALS8|FNDC3B|EAF1|ZNF184|PFKFB3|DCTN4|ETV3|MAPK6|USP6NL|TSC22D2|CHPT1|NAB1|TWF1|YTHDF3|MEX3B|SLK|MAPK8|KPNA2|COIL|SKIL|PPP2R5E|SRGAP2B|MED21|DYM|MRPS22|UGCG|AP5B1|PJA2|ARSG|HOXA5|ICOSLG|GALNS|TSNARE1|DUSP10|NATD1|TMED7|ZDHHC20|EIF3C|SNX13|HBEGF|ACSL1|ARL5B|PELI1|VRK2|REL|METTL14|KRR1|DDX3X|ZNF304|MOB1A|ZBTB21|ATP2A2|KDM6A|STARD4|AP3B1|TOR1AIP1|SERINC1|ZNG1B|BNIP2|OPN3|DCUN1D1|GINM1|GLUD2|ZNF124|NPEPL1|DDX21|SNX29|RIPK2|BHLHE40|TMEM167B|ATP11C|ZNF281|SERTAD2|FCHSD2|PNPLA8|RPL7L1|MED26|MAPRE1|WASHC2A|EIF2AK2|VTI1B|SMURF1|POLR1F|CDK8|ZFP36|ASAP1|GUCD1|PXK|FOSL2|FOXO4
WEST_ADRENOCORTICAL_CARCINOMA_VS_ADENOMA_UP	0.402827487473157	0.862354941193335	-0.417129383322915	-1.03176825038057	2250	21	CELF3|TRAIP|DLL3|LONRF3|FAT1|NLE1
GSE21380_TFH_VS_GERMINAL_CENTER_TFH_CD4_TCELL_UP	0.403452975920036	0.863214763911509	-0.290363257698263	-1.02001104566797	2663	172	BHLHA15|TAGLN|PLXNB1|BCAS1|BSPRY|GFAP|PAK6|SELENOM|RAB38|TBKBP1|ADGRE5|TNK2|APOE|APLP2|TMEM144|CHCHD10|KIRREL1|NPHS1|ECE1|SAT2|TBC1D8|SLC12A7|TRIP6|ICAM2|MDGA1|RNF181|CAPN15|RAB11FIP5|F2R|TMEM120A|NOP10|SLC66A2|CTTN|ZNF628|C12orf75|SASH1|NFE2|POLM|NBDY|SOCS3|NOL6|PITPNM1|NDUFB6|BAIAP2|MPZL1|AP2M1|URM1|SGTA|CLEC11A|SMAGP|SLC48A1|NDUFAB1|CITED1|DAG1|FKBP9|ANXA11|MGST2|LDLRAP1
GSE41867_DAY6_VS_DAY15_LCMV_ARMSTRONG_EFFECTOR_CD8_TCELL_UP	0.403487116185774	0.863214763911509	-0.294204492135619	-1.02049462296217	2614	155	OGDHL|ERFE|DNASE1L2|STX11|LATS2|KLC3|MARCKS|SNN|APOL1|EREG|IL4I1|MIR3945HG|ZC3H12C|DNAAF1|KLF7|RASGEF1B|RIGI|RASGRP1|TTYH2|SP2-AS1|RPS6KL1|LSS|KANK1|ZBTB10|THAP3|IL18RAP|LIFR|ZBTB43|IL15RA|ARHGAP22|SAMD9L|SASH1
PID_P38_MKK3_6PATHWAY	0.403407782638729	0.863214763911509	0.379412494568966	1.02531353812184	1751	26	MAP3K10|CAMK2B|MAP3K1|TAB2
AMIT_EGF_RESPONSE_40_MCF10A	0.403803131991051	0.863338836831986	0.423512893298744	1.03157722821373	1804	17	EGR3|CCN1|HSDL2|EGR1
REACTOME_GAP_JUNCTION_TRAFFICKING_AND_REGULATION	0.403641522818633	0.863338836831986	0.343379607010484	1.01996775537862	1706	39	GJC2|SRC|GJC1|CLTCL1|MYO6|TUBB1|CLTC
REACTOME_SARS_COV_1_INFECTION	0.403771232663238	0.863338836831986	-0.298642439069472	-1.01957156933797	2590	134	RCAN3|RPS21|SFN|PYCARD|RPS28|RPS20|RPS29|MOGS|UBA52|RIGI|RPS9|PRKCSH|IRF3|SERPINE1|UBB|FAU|CHMP6|CHMP4A|STING1|RPS18|RPS15|RPS10|RPS16|RPS2|CTSL|RPS23|RPS27|GSK3B|RPSA|RPS11|RPS26|RPS12|BCL2L1|TRAF3|CHMP7|RPS5|MGAT1|ST3GAL3|MAVS|TKFC|IRAK2|RPS14|RELA|RPS17|SMAD3|PDPK1|UBC|PIK3R4|RPS13|ST3GAL2|BST2|CHMP4B|RPS8
GSE15330_HSC_VS_LYMPHOID_PRIMED_MULTIPOTENT_PROGENITOR_IKAROS_KO_UP	0.404152873909118	0.86390258694628	0.267513629547775	1.01194960320824	1342	184	RTL6|ZNF362|TBX3|PPP2R3A|TAMALIN|USP25|RASSF3|PICK1|ERI2|ENTPD7|NOL11|CD80|TMEM168|SIAH2|MAPK8|NUP160|EPS15|MRPS6|MAPK1|CPSF3|DLK2|TOX|XCL1|ATP8A1|C5orf22|EIF4E|FOXP1|TPRKB|SLC25A3|GRK5|RAP2C|VRK2|PLPBP|EXOC6|EPCAM|EBAG9|IREB2|MAPRE2|EEFSEC|STARD4|THOC7|BCLAF1|PRXL2A|ZFAND5|PLAAT3|TMA16|IMMP2L|PTPN9|SPOP|GGT1|RAB3IP|GNE|IMPA1|ZFHX4|ATG3|SLC25A17
GSE1460_NAIVE_CD4_TCELL_ADULT_BLOOD_VS_THYMIC_STROMAL_CELL_UP	0.404786836200449	0.864014476981929	-0.287511399484594	-1.01775785906368	2705	181	PRG2|IL21R|TSC22D3|PYGM|SNN|PRKCZ|BRME1|PBXIP1|LAGE3P1|NSUN5P2|BTN3A1|TSPYL2|FXYD1|TCIRG1|CYP4F2|STARD3|ZNF446|STK19|TRIM26|DDX23|MMP15|SLC43A1|DUSP13B|CTC1|GAL3ST1|POLD1|GAL3ST4|HSD17B7|RFX1|LPIN2|HPCAL1|DIAPH1|ERICH1|SPN|BAP1|SCYL3|PCSK7|INPP5D|HIRIP3|CDK5RAP1|IRAG2|DNASE2|IRF9|NOP53
GSE24671_BAKIMULC_VS_SENDAI_VIRUS_INFECTED_MOUSE_SPLENOCYTES_UP	0.404582454024721	0.864014476981929	0.266854380300843	1.0123950534648	1341	188	SLC9B2|IFIH1|COPS2|PLK4|CEP128|DTL|CKS2|KIF18A|SCG2|TFPI2|RND2|UCHL3|RFC4|KIF11|CRYZ|PALS2|GINS1|CCP110|NDC80|ITPRID2|SLC35D1|SHTN1|CENPU|ASNSD1|SLC25A3|CKAP2L|INTS12|HAUS1|TIPIN|SRP72|SCIN|TMEM14A|CCT4|NDUFB5|COMMD10|CAV2|DCAF4|GGH|SCN1B|PRR11|SLC9A5|LRRC40|SMC4|ESCO2|EXTL2|DSTN|IQGAP3|CDCA2|TFRC|NCAPG2|SEC61G|MTX2|GLRX3|KNSTRN|SUPT3H|BCAT1|ERCC6L|RNASEH2B|RAD51AP1|OPTN|SLC35F5|POLR3C|VDAC2|DEPDC1
GSE37301_MULTIPOTENT_PROGENITOR_VS_COMMON_LYMPHOID_PROGENITOR_UP	0.404893813481071	0.864014476981929	-0.294039313998256	-1.01962661201492	2630	154	SLC26A11|LAT|PAK1|AOC2|STX1A|ANAPC11|PYCARD|NDUFA3|TSPYL2|CHCHD10|PIK3IP1|RBM38|FBXL9P|GPR146|ID3|PRF1|NDUFA6|TRMT1|SFXN3|CDIPT|TREML2|GRHPR|ARID3B|PISD|EPHX1|KLF13|EVL|ARHGEF1|CD3D|CLCF1|ATP6V0A1|NUDT14|USP40|KCNH2|RWDD4|DNAJC19|ARMC7|RBCK1|PPARGC1B|UCK1|TCTA
GSE5589_LPS_VS_LPS_AND_IL10_STIM_MACROPHAGE_180MIN_DN	0.404826546003017	0.864014476981929	0.267279968167148	1.01166833978306	1341	185	TTC39B|ADTRP|BCAR3|CD36|HSDL2|RUNX2|SLC39A10|SCOC|BLTP3B|ANGPTL4|TFPI2|ZNF608|RASGRP4|ABHD3|DMXL2|RBMX|SH2D1B|ETFA|MFSD1|SYNE2|GLIS3|TMEM176A|RAP1B|PKP2|CMPK1|TRMT11|NAA50|STK24|MED7|SAMD4A|RNPC3|ABCB1|ELOVL5|MEGF9|CD47|CLNS1A|CAV2|SDAD1|CTNNB1|TCERG1|DAD1|SRSF1|NIPA2|IDE|HPF1|AEBP2
RUAN_RESPONSE_TO_TNF_TROGLITAZONE_DN	0.404624277456647	0.864014476981929	-0.375964066196751	-1.02601285693671	2309	33	SLC2A4|PLA2G6|FXYD1|PPARG|CFD|DHRS3|SELENBP1|FASN|GPAM
SMID_BREAST_CANCER_RELAPSE_IN_BRAIN_DN	0.4045356011339	0.864014476981929	-0.331510436515045	-1.02134925257066	2425	64	RAB27B|ELAPOR1|SLC9A1|INPP5J|ZNF446|CA12|GREB1|ESR1|DACH1|TSFM|SELENBP1|NPDC1|EVL|KDM4B|IL6ST|CCNO
WP_EBSTEINBARR_VIRUS_LMP1_SIGNALING	0.404815481548155	0.864014476981929	0.393572707503963	1.02593983885486	1798	22	CXCL8|CCL5|MAPK8|MAPK1
ZHAN_VARIABLE_EARLY_DIFFERENTIATION_GENES_DN	0.40472293663783	0.864014476981929	0.364817163534571	1.02717634326923	1730	31	BTF3P13|CCNB1|NUP160|PPP3CB|DYRK1A|VDAC1|FXR1|ATP13A3|PSMC5|GATD3|GNAI2|NAP1L1|ATIC|SF3A3
GSE3565_CTRL_VS_LPS_INJECTED_SPLENOCYTES_DN	0.405018967026554	0.864097851437311	0.270617468639426	1.00851556286391	1387	164	BICDL1|SLAMF6|CARMIL2|CD69|FOXO1|PDK1|SESN3|STT3B|TCF7|NCOA3|PRPS2|ACSF2|THG1L|ETV3|TSPAN13|WDR26|RRAS2|TANC1|TOX|INPP4B|RNF144A|DUSP10|KLHDC2|USP53|PELI1|ITM2A|RAPGEF6|MYB|COX7A2L|FAM3C|ELOVL5|MYC|IKBKE|SMC4|TRIM59|DDX21|EIF4B|TFRC|ZYG11B|ICE2|TGFBR3|FCHSD2|USP28|SSBP2
GSE16450_IMMATURE_VS_MATURE_NEURON_CELL_LINE_6H_IFNA_STIM_DN	0.405171102661597	0.86423874384129	-0.291444350239133	-1.01883848690703	2663	164	FZD7|HEPACAM2|MYO16|SLC12A9|LMF2|NOL12|TRPV2|TRAIP|NSUN5|KLF7|PNPLA1|ALDH16A1|ZNF580|HAGHL|DCAF15|RGS14|MX1|TMEM161A|RNH1|RPUSD1|RNF32|STOML2|ADCK5|BRPF1|HYAL3|BOP1|SGK1|MAPK8IP1|TYRO3|CDK11B|GPAA1|ZBTB7B|ANKRD9|CLUH|CMTR1|SLC16A9|EIPR1|DPCD|KCNH2|RPS6KB2|GNL1|PITPNM1|MED16|ITPR3|GABRQ|POLR3GL|VEGFA|HIP1|C15orf39|RAC3|RBCK1|COG2|PLBD2|CREB5|TLN1
MURAKAMI_UV_RESPONSE_6HR_UP	0.405599300087489	0.864699234758875	-0.378449359754356	-1.02632775359769	2317	32	PLAT|TRAIP|PGF|TIMP1|TRIP6|TNFRSF10A|TRAF3|CDKN1A|CASP10|CYTH2|CDC37
REACTOME_THROMBOXANE_SIGNALLING_THROUGH_TP_RECEPTOR	0.405527865881287	0.864699234758875	0.398761284907756	1.02491063230866	1789	21	GNA13|GNG12|GNB4|GNAQ
THEILGAARD_NEUTROPHIL_AT_SKIN_WOUND_DN	0.405645417063115	0.864699234758875	0.26216565906986	1.01189508480763	1278	221	PIGB|ST8SIA4|ZNF185|FOXO1|GNAT2|LST1|RGS2|CSTA|PDE3B|CORO1A|NCOA4|GNAQ|EIF4G2|PPP1CC|PEX1|MYCBP|GDI2|NUP153|PPM1A|PRKAR1A|DAPK2|TOB1|ADD3|PPP1R12A|SPAST|TBPL1|RBL2|RCBTB2|SRP9|CALM2|SLC25A3|ROCK1|GTF2E1|COPS5|CELF2|ARPC3|STK24|CPNE3|ACLY|PRDX3|ADAM10|CITED2|RO60|ZMPSTE24|ATP6V0E2|ZNF217|WAS|GTF2B|CAPZB|SRSF1|MBD4|HTATIP2|MAP2K4|RIPK1|PHKA2|DOCK2|CD46|VIM|SPTLC1|HSBP1|USP15|STK38|MAP3K5|FOXO4|FKBP1A|GNAI2|HMGB2|CCZ1|CDK13|SNAP23|GNB2|TPST2|PRKCB|TNPO3|NPEPPS|RPS6KA5|SLC23A2|ME2|PHKB|XRCC5|IDS|LBR|HHEX|GRK2
GSE15330_LYMPHOID_MULTIPOTENT_VS_GRANULOCYTE_MONOCYTE_PROGENITOR_IKAROS_KO_DN	0.405964333882811	0.865162787992707	-0.287884889907915	-1.01811675779106	2708	180	UBL3|FES|TBC1D1|EMILIN1|PCBP4|ANKRD33|TMEM134|PLXNA1|HOOK2|MEF2B|SMTN|POR|CASQ2|TMEM163|IER3|UNC13A|STAB1|NFIL3|TNK1|STX4|B3GAT3|EMP3|IL17D|MAPK7|FRMD8|TSPO|SLC12A7|TXNDC17|SMDT1|RPS16|NECAP2|SGK1|PLEC|GALE|PPP1R3F|NDST1|MYBL2|XYLT2|HAUS4|SLC66A1|MED11|TMEM184B|GRAMD4|FAM50A|NCBP2AS2|PRR14|ERCC2|ATP6V0B|PXN
GSE5589_LPS_VS_LPS_AND_IL10_STIM_IL6_KO_MACROPHAGE_180MIN_DN	0.406035255452644	0.865162787992707	0.265297972420356	1.00984897739284	1358	191	FEM1C|ITGB7|MRPL1|SLC22A4|SRC|HSDL2|LTN1|HAT1|NABP1|HDAC2|MOB3B|NOL11|SCFD2|MRTFB|BMI1|OAT|SMARCA5|QNG1|ACOT11|NKAIN1|CD274|AUH|PIGK|PDE12|TMED5|COPS5|B4GALT5|RFK|PTK2|TMEM14A|EIF2S1|PRKAA1|DHX15|EIF3J|SLC36A4|SEPTIN7|SUGT1|DCP2|LYRM1|TPP1|GALNT1|DCUN1D1|LIN54|PLCB1|NIPA2|MMACHC|RIPK1|SERTAD2|TGFBR3|TM2D1|SGTB|SCLY|LTA4H|ANXA7|TRMT6|CCDC32|RNASEH2B
PID_WNT_CANONICAL_PATHWAY	0.406235980260206	0.865406784773334	0.412955276489775	1.02280599503289	1810	18	LRP6|PIP5K1B|CUL3|KLHL12|APC|CTNNB1|DVL3|FZD5|PPP2R5A
GSE26928_NAIVE_VS_CENT_MEMORY_CD4_TCELL_DN	0.406373292867982	0.865515619310164	-0.290750562310942	-1.0194519267127	2677	170	LATS2|STX1A|MARCKS|POLR2F|AMDHD2|COL1A1|SLC52A2|EPS8|BSG|TRIM62|CYTOR|DNAJC15|CXCL16|MMP1|TMEM38A|ATP6V1F|TKTL1|KLHL4|CYB5D1|MBOAT1|POMT1|TMED1|NAA80|SDF2|SLC2A3|DHRS7B|NPDC1|RILPL2|FERMT3|SCYL3|SMCO4|GNS|INPP5D|AFG3L1P|MMP17|C12orf75|HELLS|HES6|LMNA|TXNDC11|TYW5|NEU1|TP53BP1|TUBB3|CIPC|ST8SIA1|CCNF|CTSH|ASL|F12
KEGG_FOCAL_ADHESION	0.406540654065407	0.86568839319231	0.268765285160306	1.01087614092878	1354	177	VAV2|ITGB7|MYL9|EGF|ITGB4|MYLK3|SRC|PDGFB|PPP1CB|PIK3CA|PPP1CC|ROCK2|CAPN2|PPP1R12A|RELN|MAPK8|VAV1|MAPK1|TLN2|LAMA2|VWF|SPP1|PAK3|MYLK2|MYL12B|RAP1B|SOS2|RAP1A|RHOA|ROCK1|BCL2|ITGA2B|ELK1|PTK2|PIK3CG|BRAF|BIRC2|CAV2|MAPK9|CTNNB1|PTEN|ARHGAP5|LAMB2
GSE16522_MEMORY_VS_NAIVE_ANTI_CD3CD28_STIM_CD8_TCELL_UP	0.406994271932469	0.865755765854899	0.266556339082652	1.01126434144619	1349	188	ZC2HC1A|TM6SF1|C2CD5|TRMT2B|SESN3|SUMF1|CETN3|HERC3|ITFG1|EIF2AK3|SCOC|NABP1|CNIH1|MGAT2|HEMGN|BPNT2|TBCA|PHLDA1|GLUD1|B3GNT5|MOB3B|PAQR3|UAP1|RBM7|AP5M1|OCRL|FGFR1OP2|KCTD14|SERPINE2|RIT1|ASNSD1|HBEGF|EIF1B|PLEKHA8|BMPR1A|EBAG9|TMEM14A|SEMA4A|CASD1|MYB|TSG101|KLRG1|NDUFB5|SPTSSA|CYRIB|COMMD10|GALNT1|PTGER3|BMP2K|NIPA2|PEX2|RAB4A|EXT2|RMDN2|ZYG11B|MTX2
GSE360_T_GONDII_VS_M_TUBERCULOSIS_MAC_UP	0.406764441783897	0.865755765854899	-0.287172921364096	-1.01818057291063	2717	186	CCR7|RPS21|KHDRBS3|DHRS1|FAM131A|SAC3D1|CEP250|MYO1A|SLC6A8|SPECC1L|PIK3IP1|PCGF1|BRD3|H4C2|USP20|SLC16A5|ID3|ASNS|STOML2|SLC1A5|RIN1|CDIPT|TRAP1|HEXA|CLSTN1|NBL1|ABL1|RASSF1|B4GALT2|H2BC12|SLC5A3|FLNB|GSK3B|KLHL21|IQCK|CHERP|LPAR2|FUT1|HES1|TMEM184B|GATA2|CDKN1C|MCM2|NUP188|BRD2|TRAF5|NEFH|HMGA1|ARB2A|TCF25|NAP1L4|MCM6|PATZ1|EZR|PIK3R3|TMEM11|HEXIM1|STK10|TRIM28|PFKL|MNT|C1orf216|CNPPD1|NHP2|TXLNA|DDIT3|UBTF|CDK4|RUVBL2|PTDSS1|GLB1
GSE5589_LPS_VS_LPS_AND_IL6_STIM_IL10_KO_MACROPHAGE_45MIN_UP	0.40700353248349	0.865755765854899	-0.292904543551962	-1.01785278048153	2649	157	BCO2|BFSP1|GLB1L3|PAQR6|ZBTB49|ETHE1|D2HGDH|ING4|TCL1A|MARVELD3|SLC22A13|ADAM22|MMEL1|KRT4|DSC3|SVOP|DUS2|TMCO6|SHFL|ATP6V1F|TNK1|PXMP4|BRAT1|OTX1|ANKRD13D|ATP5IF1|OAZ1|CEL|RPS27
LIM_MAMMARY_LUMINAL_MATURE_UP	0.40692989524577	0.865755765854899	0.291628024369614	1.01362879440315	1514	99	MEIS1|LNX2|PTPN6|BATF|FOXA1|TBX3|H4C12|FGF13|TRIM6|BBOF1|YIPF6|TSPAN13|PXYLP1|ACOT11|SLC40A1|DUSP10|RABL3|HID1|MYB|LMNTD2|ATP6V0E2|FBXO36|IL13RA1|FYCO1|SGMS1|H4C8|TMCO3|ANKMY2
REACTOME_NEGATIVE_REGULATORS_OF_DDX58_IFIH1_SIGNALING	0.406999125109361	0.865755765854899	-0.373091898099383	-1.02457169254592	2325	34	CYLD|UBA7|UBA52|RIGI|IRF3|NLRX1|UBB|ISG15|PIN1
GSE7460_FOXP3_MUT_VS_WT_ACT_TCONV_UP	0.407164179104478	0.865913989375158	0.268490164765447	1.00912509924912	1363	176	LPXN|PPP2R3A|RNF217|GLMN|DOK2|LGALS3|RUNX2|NEDD4|NABP1|CEP162|HIC1|TNFSF13B|BMI1|TAPBPL|SPP1|AUH|KIF3A|ELL2|SHTN1|UBE2E3|RAP1A|USP47|SKAP2|TMED5|SAMSN1|STAU2|DSG2|XKR8|SOAT1|SCIN|RBPJ|SMIM3|SUGT1|VMP1|KCTD11|PSME4|SMPDL3B|GGH|PRXL2A|ITPRIPL2|ADORA2B|RAB1A|RYK|CDC73|TRMO|DNAJB6|FCHSD2|CIB2
GSE37301_HEMATOPOIETIC_STEM_CELL_VS_GRAN_MONO_PROGENITOR_DN	0.407407407407407	0.86591814071067	0.271630463599874	1.01160390236981	1396	163	TMTC3|ZC2HC1A|MYO1F|NIPSNAP3B|DOP1B|BATF|STAP1|MANSC1|BLTP3B|GNB4|NAAA|MLF1|AFF4|GLUD1|KLF10|KDSR|AKAP12|FBXO30|RTN4|TMEM30A|SORBS1|SDCBP|WDR26|IFFO2|SYNE2|GFI1|ACOT11|KIT|HERPUD1|TENT5A|MCU|IL10RA|RBPJ|RAPH1|EPCAM|BAZ1A|ACLY
MASSARWEH_TAMOXIFEN_RESISTANCE_DN	0.407423708920188	0.86591814071067	-0.282105317728396	-1.01653161183255	2776	214	IGF1R|APBB2|IRX5|COPS9|PYCARD|MT2A|KANSL1-AS1|PABPC1L|TPBG|MYO16|MIR503HG|TSPYL2|SH3BGR|NSUN5|GPR173|IRS1|LAGE3|ZNRD2|HCFC1|TMCO6|CA12|GREB1|ESR1|PPP1R26-AS1|MAP3K12|SCARB1|RPL13P5|FAXDC2|SEMA4C|HPGD|HPCAL1|RAB11FIP3|TSKU|ZBTB10|NT5C|SUSD3|MBOAT7|FLNB|TUBB2B|GCHFR|KAZN|MREG|HOXC10|KDM4B|IGSF1|CBX2|APTX
REACTOME_INTERLEUKIN_12_SIGNALING	0.407424923149681	0.86591814071067	0.342634433807523	1.0177543081509	1722	39	IL12RB2|CAPZA1|TCP1|RAP1B|JAK2|LCP1|LMNB1|HSPA9|HNRNPA2B1
GSE7460_CTRL_VS_TGFB_TREATED_ACT_FOXP3_HET_TCONV_UP	0.407530120481928	0.865958372014731	0.266692662775148	1.0104090041148	1352	186	ALG11|PSMC6|EGLN3|PANK3|HIF1A|TDRKH|TFAP4|SCCPDH|WSB2|SIAH2|HSPA4|APOL2|SLC19A2|HK2|SMARCA5|EMILIN2|AGBL4|GPNMB|PLXNC1|CHAC2|SOS2|SDHD|INSIG1|PCCA|HBS1L|ANKRD46|SNX25|NARS1|DBF4|CHSY1|BAZ1A|PTP4A2|CCT4|UBE2D3|ATF2|PPP3R1|ATP2A2|OSTC|TPST1|STX7|IPO5|GPI|TCERG1|CYB5B|ADORA2B|GLT8D1|MMS22L|ACACA|RYK|ECHDC1|NUP54|SEC63|CASKIN2|KPNB1|ALDOA|LMAN1|PHF10|CPSF6|YME1L1|GORASP2|EED|FOSL2|DNAJC21|RAB9A|LACTB2|WAPL|IMMT|DCUN1D5|PTCD3|SLC31A1|CEP83|EIF2S2|HDDC2|PCBP2|FAM117B|PAFAH1B2|LRP8|FOXK2|SSR3
GSE42724_B1_BCELL_VS_PLASMABLAST_DN	0.407859481988687	0.866108203977669	0.264520575323499	1.00923027635238	1369	193	CNRIP1|TCEAL1|GPR160|LONRF1|PKD2|EMSY|EIF2AK3|STT3B|ZBTB33|IMPACT|RWDD2A|PAIP2|SCFD2|AKAP11|NBR1|LRP6|ZFAND1|PRKRA|FBXO3|TMEM106C|ZNF32|S1PR1|TRIM24|RAP1A|ABHD14A|LDHB|TRIAP1|TDRD3|NR2C1|UBQLN2|EMC2|ETFDH|MTRR|FAM91A1|TMEM14A|SMC3|ATE1|GOLPH3L|RCOR3|SLF2|HYCC2|BIVM|UTP15|TMEM104|ZNF266|C6orf62|ZFYVE1|TMT1A|ZNF124|HTATIP2|ECHDC1|FUCA1|MEX3D|PEPD|ATP6V1C1|DOCK2|WASHC2A|ZBTB11|FBXL17|RMND1
REACTOME_REGULATION_OF_PYRUVATE_METABOLISM	0.407744343363658	0.866108203977669	0.360101087052351	1.02129288027581	1747	32	PDK1|ME1|LDHA|RMND5A|WDR26|RANBP9|DLAT|NEK1|MKLN1|DLD
RIGGI_EWING_SARCOMA_PROGENITOR_DN	0.407819634703196	0.866108203977669	0.272964379035444	1.01010117832578	1428	154	LPXN|FAR2|CD44|PDK1|BMAL2|PIEZO2|RUNX2|MME|TOP2A|ANLN|PBK|PTGS1|CUL4B|GULP1|NUSAP1|PLPP3|LURAP1L|SCRG1|NREP|C1S|BDKRB1|GATA6|FBLN1|HAS3|RPS6KA2|CCN5|CARD10|RRM2|ZDHHC2|NAMPT|ZNF521
REACTOME_HIV_ELONGATION_ARREST_AND_RECOVERY	0.4082239720035	0.866698864418597	-0.378144177432429	-1.02550012084095	2332	32	POLR2L|POLR2F|POLR2E|SUPT5H|POLR2A|POLR2J|ELL|NELFB|POLR2I|SUPT16H|POLR2G
NGUYEN_NOTCH1_TARGETS_DN	0.408349641226354	0.866782342700389	-0.323199626507225	-1.02269570644178	2503	75	IGF1R|PBX3|MARCKS|EXT1|GTF2I|PSMB9|LAMA5|TRIO|SLC12A4|SERPINH1|STC2|NOP2
GSE40274_CTRL_VS_FOXP3_AND_IRF4_TRANSDUCED_ACTIVATED_CD4_TCELL_DN	0.408587257617729	0.867103359823839	-0.293507523716537	-1.01778254730167	2654	154	GLYCTK|AQP1|ADSS1|RHOBTB2|ABCB4|DPM3|APOE|RTTN|TSPAN4|GTF3C1|PHPT1|GIGYF1|ACAP3|IFT140|FAM131C|TMEM86A|TXNDC16|ABCB6|AKAP8L|TBCD|SLC12A6|TMCC2|CSGALNACT2|ZC3H12A|GFI1B|SPATA7|PPP6R2|RAI1|SLC22A23|STK11|FBXL20|GNPTG|CC2D1B|TAB1|PRTN3|HIP1R|TPRN|AP3D1|KDM4B|ENPP3|DBN1|LPCAT1|JTB|COG7|MAGEA3|BCL7A
ACEVEDO_LIVER_CANCER_WITH_H3K9ME3_UP	0.408876050420168	0.867532824797643	0.296063779290745	1.01101787087968	1556	89	ZC2HC1A|TNFSF12|MS4A3|IGSF11|PPP2R3A|MME|MLF1|NCALD|RPL35P1|ABCA13|OTULINL|UPK1B
REACTOME_TELOMERE_C_STRAND_LAGGING_STRAND_SYNTHESIS	0.409037968786396	0.867692969289486	0.35670274914848	1.02014329647255	1755	33	RFC4|PRIM1|DNA2|POLA1|CHTF8|RFC5|RFC1|DSCC1|RPA2|PCNA|WRN|BLM|RFC3|POT1|POLD4|POLD3|FEN1|TERF1|RPA3|TERF2IP
NAKAJIMA_MAST_CELL	0.40931924476009	0.868106186119118	-0.36236425173386	-1.02215621929516	2362	39	PRG2|PLAT|GDF15|TSPAN4|TIMP1|HPGD|CAPG|GATA2|DUSP14|CAVIN1
GSE24492_LYVE_NEG_VS_POS_MACROPHAGE_DN	0.409460912302258	0.868223201877918	-0.292570704674844	-1.01669267956542	2665	157	IDUA|BCO2|BFSP1|RAB27B|TCN2|STOML1|IFI30|ITGA4|LZTS3|ANKH|NUDT18|RTN4R|HFE|UNC13A|UBOX5|HSPG2|USF3|RABL2A|AREL1|CTSA|HIC2|LARGE2|RPP14|HEXA|DMBX1|ZNF784|SIDT2|PLPP5|AP1B1|FSD1|MGAT3|LPCAT1|POLM|PSD4|CKB|GABRQ|MR1|NMU|MAN2A1|VEGFA
KAECH_DAY8_EFF_VS_DAY15_EFF_CD8_TCELL_DN	0.409651232711966	0.868443310234999	-0.288628736061013	-1.01758049793814	2724	176	IGF1R|IDUA|SMAD7|PLXNB2|ADGRD1|MUTYH|HBB|P2RX4|HLA-DOB|SPOUT1|SLC3A2|D2HGDH|SUN2|SLC7A7|NSG2|LONP1|RECQL5|PLEKHA1|HPS1|IL1B|CRAMP1|BCL6|DVL1|XPC|ARID3B|ZBTB20|RHOB|PISD|CDK11B|VKORC1|POLG|PER1|TAPBP|TSC22D1|RGL2|ERAL1
NABA_MATRISOME_HIGHLY_METASTATIC_BREAST_CANCER	0.40997375328084	0.868943525218132	-0.372220882191645	-1.02217973965878	2342	34	S100A2|PLXNB2|TIMP1|TINAGL1|LTBP3|CST3|AGRN|MFGE8|P3H3|SERPINF1
GSE21380_NON_TFH_VS_GERMINAL_CENTER_TFH_CD4_TCELL_UP	0.410166919575114	0.869094416564521	-0.290168934515679	-1.01741257871696	2702	170	TLX1|EXOC3L4|IFI30|PAK6|CPT1C|C17orf99|RENBP|NUDT18|SCRN2|CLCN2|PLXNA2|TEKT5|ZNF462|KLF12|TMEM163|C8G|MICOS13|GAS2L1|TBCB|SH3D19|CCDC136|TMEM184A|TRAF2|ICAM2|PRSS21|HEPH|TPRN|RAB30|CRELD1|NRIP3|IL17RC|COL1A2|SIK3|LTBP1|ZSWIM1|CAVIN1|ALAS2|RIPOR3|HYAL2|TMEM158|FUZ|SMAGP|MPHOSPH8|TMEM231|RAB13|FKBP9|PSRC1|USP54|LPL|TM7SF2|GMPPB|TNNI3
GSE24814_STAT5_KO_VS_WT_PRE_BCELL_DN	0.410218105766358	0.869094416564521	0.264916824282337	1.00839814814638	1372	191	ST8SIA4|MTMR6|DCK|CSPG5|CLN5|HERC3|PDE3B|HS2ST1|FOXN3|PPP6C|ABCD3|PPP1R12A|PDE8A|GCLM|MAD2L1|GPR183|GPNMB|TXNDC9|SCFD1|EIF4E|ALDH9A1|ABHD14A|IL10RA|SSB|AGGF1|DLG1|BUB1|ACLY|SEC24A|MAPRE2|BACH1|BAG2|PPP3R1|CREB1|WIPF2|AIMP1|RCN2|ANAPC10|ACAT2|RYK|TRAM1|FDFT1|IL1R1|SERTAD2|GOLGA8A|YAF2|NUP50|BLMH|PHF8|KIF2A|KPNB1|ERCC4|MSMO1
GSE17721_CTRL_VS_CPG_6H_BMDC_DN	0.410934214478823	0.869871309704442	0.268341167021219	1.01154155637947	1367	180	BATF|MMP14|DHX58|CCL2|NMD3|PTH2R|CUEDC1|SIX4|SFT2D2|HAT1|UCN|VPS54|RARS1|STXBP3|PSMA4|RAP2A|HOMER1|ICOSLG|RBM43|ATP5F1B|NIPSNAP3A|AHCTF1|AP1G1|TRA2B|ENDOD1|CACYBP|RNPC3|TMPRSS5|BFAR|DHX15|EIF3J|HCN2|CD47|ATAD1|ANXA1|TMEM243|ZC3H11A|ZDHHC5|ZNG1B|BNIP2|NUP88|HSP90AA1|TIPARP|ALDH18A1|ATF3|ANXA7|RAB3IP|INPP1|MAFF|NUDT9|CORO2A|USP15|MORC3|SOS1|PARP14|PPP2R5A|MACROH2A1|CHST7|SLC31A1|ERGIC2|PTPN11|CCNJ|PKP4|EIF2S2
GSE23321_EFFECTOR_MEMORY_VS_NAIVE_CD8_TCELL_UP	0.410773899848255	0.869871309704442	-0.290042825284833	-1.0169704048572	2706	170	MIR9-1HG|TYMP|ITGA4|FZD7|SEMA3F|CD84|LAMA4|MAG|CXCL1|GRM3|CAPN11|APOD|UCP3|CLCN7|HPS1|MCAM|STAB1|STARD3|CMKLR1|CYP2F1|SV2A|H4C2|SLC16A5|KIF5A|SLC10A3|HMGXB3|STON1|CDIPT|AFDN|TSPOAP1|IL18RAP|LIFR|KAZN|LMNA|NEU1|ICAM4|MINK1|SOCS3|CCHCR1|LY6E|RFXANK|GALNT2|FLNA|PRAF2|TCTA|EFNA3
REACTOME_AQUAPORIN_MEDIATED_TRANSPORT	0.410717342920733	0.869871309704442	-0.356266157047709	-1.02045305437344	2398	42	AQP1|GNG8|GNB3|AQP11
WP_DYRK1A_INVOLVEMENT_REGARDING_CELL_PROLIFERATION_IN_BRAIN_DEVELOPMENT	0.410921670373116	0.869871309704442	0.31631688679075	1.01200003975285	1662	59	FOXO1|GLI1|TFAP4|SPRY2|RBL2|H3-3A|DYRK1A|RBL1|LIN9|CASP3|CDKN1B|RBBP4|CREB1|AKT1S1|LIN54|REST|TFDP2|E2F5|CDK6
WP_GENES_RELATED_TO_PRIMARY_CILIUM_DEVELOPMENT_BASED_ON_CRISPR	0.411018093437753	0.869871309704442	0.288961043059551	1.01066803495314	1521	103	EFCAB7|DYNC2LI1|BBS12|TTC8|EVC|IFT56|BBS2|CEP20|CEP162|RAB23|WDR35|LZTFL1|CIBAR1|CEP295|BBS1|ARL3|KIF3A|CEP97|IFT57|CEP44|IFT74|TUBE1|RPGRIP1L|SCLT1|ARL13B|CEP120
GSE30971_WBP7_HET_VS_KO_MACROPHAGE_DN	0.411160058737151	0.869981071010625	0.268624538764611	1.00707689133896	1399	171	FSD1L|BATF|STEAP1|INSIG2|SLC22A1|PANK3|PLD1|MAP3K1|PTPN2|PFKFB3|ETV3|HYCC1|LDLRAD3|TNFAIP8|SNAPC1|ATL3|PLGRKT|WTAP|IBTK|VAV1|AGBL4|NKX3-1|IL24|PTX3|CD274|MRPL15|CAB39|SAMSN1|FAM200C
REACTOME_FCERI_MEDIATED_MAPK_ACTIVATION	0.411243293678563	0.869981071010625	0.359275822926371	1.01895232534133	1762	32	VAV2|IGHE|MAP3K1|MAPK8|VAV1|MAPK1|MS4A2|FCER1G
GSE5589_LPS_AND_IL10_VS_LPS_AND_IL6_STIM_MACROPHAGE_45MIN_UP	0.411345411345411	0.870013746119941	0.263748208084559	1.00887252413595	1384	195	TM6SF1|PGAP1|TGFBR2|CDS1|DAND5|RASSF3|ARHGAP23|WDR5B|SNX33|TRPM7|CNOT8|SLC25A46|FOXN3|RWDD2A|AFF4|ERBIN|PPP1R3B|PAQR3|TMEM37|RNF103|ZFAND1|PIKFYVE|CIBAR1|INVS|TCF12|WDR26|DENND4C|IRGQ|PRRG1|RCBTB2|GLIS3|CDKL2|ANKRD28|PRKCI|IRAK4|PANK1|ZDHHC20|SQOR|BCAS3|CDKN1B|RIDA|SECISBP2L|PEX5|NF1|QKI|KBTBD2|SPG11|GINM1|ASXL2|TRAM1|TMCO3|FUCA1|DALRD3|TFDP2|PEPD|TMX4|PIR|ETV1|TRAPPC13
ANDERSON_BLOOD_CN54GP140_ADJUVANTED_WITH_GLA_AF_AGE_18_45YO_3DY_UP	0.412329724065665	0.870233254946245	-0.381588259035379	-1.02290585422949	2360	30	SCX|BMP8B|MROH8|CASTOR1|COL6A3|NECAP2|CLUH|EML2|MPI|HBE1
GSE14415_ACT_VS_CTRL_NATURAL_TREG_UP	0.412811387900356	0.870233254946245	0.267669595857857	1.00665154274083	1391	175	NIPSNAP3B|DCK|TSPAN32|MRPL1|CCL2|TTC8|CKS2|CEP20|PBK|UCHL3|LDHA|H2BC26|GINS1|NUP37|KPNA2|PSMD6|ISOC1|PCNP|ACOT11|BEX3|ARL3|FCGRT|DLAT|EXOC8|MORF4L2|PSMG2|CDK1|DDX18|RRM2|RFC5|NDUFAF6|NIP7|LSM3|SFXN1|ACAT2|TIMM17A|BUB3|ATP6V0E1|PCLAF|CENPS|CISD1|GLRX3|SF3B6|RPL7L1|NDUFAF2|TAF12|EEF1E1|RBBP7|ALYREF|MSMO1|MAFF|OMA1|GLO1|VDAC3|KYAT3
GSE17186_CD21LOW_VS_CD21HIGH_TRANSITIONAL_BCELL_DN	0.413023816701839	0.870233254946245	0.265949632297937	1.00896261064058	1369	188	CD40|IL12RB2|BMPR2|HAT1|ST3GAL5|WDR5B|EEPD1|CCRL2|PDGFB|FAM174A|RASGRP4|RFC4|CCNA2|ALG6|SH3BGRL|SMC2|SLC44A1|TJP2|STARD3NL|OAT|NCAPG|YWHAG|CAMTA2|POGLUT2|NUAK2|DOCK10|SPP1|PLA2G4A|GNG10|UBE2E3|RAP1A|HAUS5|CENPU|ASNSD1|UBE2E1|ACSL1|CDK1|REL|RBPJ|WDR11|UXS1|FAR1|ABCB1|FH|BACH1|MOB1A|TRIT1|STMN1|NOD1|GOLGA7|IVNS1ABP|LPCAT2|ADORA2B|S100PBP|ESCO2|ATAD2|ATAD5|CORO1C|NCAPG2|PHKA2|SKP2|KNSTRN|CCNB2|BUB1B
GSE17721_LPS_VS_GARDIQUIMOD_4H_BMDC_UP	0.411888007186705	0.870233254946245	-0.286685601137928	-1.01590416701025	2750	184	PCNX1|SHF|PLAT|IRF7|ABCB4|PYCARD|PSMB9|ATP13A1|TRIO|ETHE1|PRPF31|LOXL3|STK39|SERPINE1|BCL3|RGS14|ENTPD1|SLC15A2|MDFIC|AXIN2|PHKG1|TNKS1BP1|HPGD|RHOB|SDC4|PLEKHF1|ARHGAP6|ITGAV|AKT2|CLCF1|OGFR|SH3KBP1|SLIRP|ENPP3|BCL2L1|CKB|TIMELESS|CPT1A|ACADSB|TIMM17B|NECTIN2|DEXI|HOXB3|TOR3A|RBCK1|APOBEC3B|LARP1|RNF19A|AP4B1|TOX4|SPTLC2|PFDN6|TBL1X|SMAGP
GSE17974_IL4_AND_ANTI_IL12_VS_UNTREATED_72H_ACT_CD4_TCELL_UP	0.413267661997845	0.870233254946245	-0.294024106729305	-1.01663735516383	2684	149	OGDHL|RAB27B|TRIM29|S100P|ANO8|ATXN1|PPP1R14A|ANKH|KCNK5|SLC52A2|ETFB|SH3BGR|SUN2|SHLD1|CARNS1|MMEL1|SLC39A2|CASQ2|SVOP|TRIM10|USP35|SPINT2|TIMP1|PTPN3|GPR146|CAMK1|SHISA5|IGSF3|GATD1|YKT6|ID2|TMEM102|TMC8|ECH1|EML2|ATP6V0A2|NMU|MAGEA12|SCPEP1|C15orf39|THRA|TSEN54
GSE21033_CTRL_VS_POLYIC_STIM_DC_3H_UP	0.412236412236412	0.870233254946245	0.263633586220743	1.00843408002326	1387	195	PCYOX1L|TTK|LST1|CDC7|CLN5|CD164|ANKRD27|RNF13|IMPACT|KIF11|ZNF184|PRIM1|GDI2|PSMA4|STAG3|ELMO1|AP5M1|CENPU|FUT8|TDRD3|PSMG2|FXR1|GRK5|TDP2|CREG1|TRAPPC2|PIGH|RBPJ|NARS1|VIPAS39|EBAG9|MTMR4|PRDX3|FTO|ADAM10|TTC33|BAG2|MEGF9|HMGN3|RPS24|TUT4|PUDP|RBM25|PTPRA|PLCB1|HELZ|RAB4A|RUSF1|ZDHHC7|THUMPD1|ZZZ3
GSE21927_UNTREATED_VS_GMCSF_GCSF_TREATED_BONE_MARROW_UP	0.412922173274596	0.870233254946245	0.26847227422064	1.00650604958225	1405	171	STK38L|EGR3|ZNF570|COPS2|PRMT9|STRADB|AMN1|CNIH1|CAPZA2|ANLN|RSL24D1|ZNF608|DOCK7|NBR1|SACS|RHOBTB1|LRPPRC|SP3|EPB41L5|OLA1|RPF2|INKA2|NREP|RAD23B|KIF27|PRRC1|SKAP2|SQOR|ZBTB34|PAPSS1|SUPV3L1|CREG1|B4GALT5|CCT4|C1D|PIWIL4|NDUFB5|NIFK|C4orf46|HMGN3|TMEM68|ATP13A3|PARK7|PARP16|AK3|ATF1|BTBD3|RFC3|ANKMY2|ALDH18A1|PPAT|NDFIP1|IFT20|SH3YL1|GFM1|RALGAPA1|ZFP1|DPY19L3-DT|SLC25A17|ANAPC4|EED
GSE22886_IGA_VS_IGM_MEMORY_BCELL_UP	0.412628487518355	0.870233254946245	0.268486089388717	1.00655784282714	1404	171	AIM2|MYO1F|EOGT|TENM1|COL21A1|LGALS3|EIF2AK3|CAMSAP2|UCN|HMGN5|ARID5B|B3GALT4|RARS1|RGS9|UBE2N|ECT2|GCLM|ZDHHC6|NUP133|HOXC4|APOL3|ZFP37|TOX|HKDC1|VWF|SPP1|PCDHGB5|POF1B|PIN1P1|SLC35D1|ATP6V1D|CDK17|TMEM38B|XKR8|ADK|UBE2NL|AGGF1
GSE24142_EARLY_THYMIC_PROGENITOR_VS_DN2_THYMOCYTE_FETAL_DN	0.412078694524935	0.870233254946245	-0.291140551082365	-1.01580378674471	2701	161	CD27-AS1|SLC2A4|SPIB|CLBA1|KRTCAP3|EREG|DEGS2|PDCD1|GPX8|YBX2|PPARG|GCOM1|FOXP3|IRS1|MST1R|TMEM38A|COL6A3|MCAM|SPINT2|SEC61B|PKP3|GAL|MMP15|LSS|KHDC1L|POLD1|LRRC20|MAP7D1|HPCAL1|SELENOS|UNC45A|G0S2|GTSE1|GRB7|TUBB2B|CD3D|TMEM214
GSE27859_MACROPHAGE_VS_CD11C_INT_F480_INT_DC_DN	0.413255360623782	0.870233254946245	-0.287873791407382	-1.01604956531504	2755	177	MTCL1|TBC1D1|STS|MAGEB16|ABCC10|EXT1|CD84|GPR68|FAM120C|CLDN6|NRDE2|DCAF4L1|CD101|SLC41A2|ICAM1|CCND1|MATCAP1|PPM1F|MRPS14|CAMK1|BCAT2|CYREN|IL16|NDUFA6|RPP14|TRAP1|SFMBT1|RAB30|GNL3L|RBSN|ARHGAP22
GSE360_CTRL_VS_L_DONOVANI_DC_DN	0.412749125209189	0.870233254946245	-0.290722842741522	-1.01584676430289	2712	163	ADAM19|SMAD7|STX11|PDE2A|HSF4|TYMP|LYPD3|MT2A|PHYHIP|FLT3LG|UNC5B|MICAL3|IER3|AURKB|IL2RG|TBCB|EMP3|KEL|MX1|GAL|USP20|IRS2|AKR1B1|SLC16A5|AMHR2|GAL3ST1|CTSL|IQSEC2|G0S2|VPS8|IL15RA|MEF2D|SF3A2|HOXC6|DUSP5|GPR3|GCAT|TRIM27|RELB|KDM6B|ALAS2|ADAM8|OBSL1|H6PD|RNFT2
GSE39556_CD8A_DC_VS_NK_CELL_DN	0.412997903563941	0.870233254946245	-0.286562842180125	-1.01471220471354	2757	182	MTCL1|SPIB|ADAM19|TBC1D1|STS|SMAD7|APBB2|RAPGEF5|CYLD|ABCB4|LYST|MAPK12|GRN|LAMA5|APLP2|CD19|AEBP1|IRS1|RASGRP1|SPINT2|EMP3|SH2B2|CRYM
GSE39820_CTRL_VS_IL1B_IL6_CD4_TCELL_DN	0.413313609467456	0.870233254946245	0.268316243505419	1.00701275985723	1396	173	DLG2|MGARP|LPXN|KAT2B|PSMC6|EGLN3|VPS54|KLHL24|AMZ2|ARIH1|RSRC2|DUSP22|MARCHF7|DCTN4|MXI1|TAPT1|SLC19A2|RANBP9|REEP2|MTSS1|BCL2L15|EGR2|SKAP2|JAK2|RAB5A|NFE2L2|PAPSS1|GRK5|ANKRD46|BTBD8|DNAJB9|SMIM3|RIOX2|DNAAF10|KLHL6|ARRDC4|WDR81|ATG12|STX7|UBQLN1|CHMP5|FYCO1|PTPRJ|CWF19L2|RAB4A|PHF21A|ETV6|ESCO1|CHM
GSE40277_EOS_AND_LEF1_TRANSDUCED_VS_GATA1_AND_SATB1_TRANSDUCED_CD4_TCELL_UP	0.413056558363418	0.870233254946245	0.267785890372069	1.0108768150435	1372	182	TTC39B|LNX2|SNX16|CFAP410|TSPAN32|ABTB1|IGSF9|CREBL2|TAMALIN|BMPR2|IL10RB|ARL5A|NCOA3|TEX15|BBS2|RIMS3|CPD|PLCL1|MRTFB|FBXO30|TCEAL8|HK2|PMS1|HSD17B11
GSE43863_NAIVE_VS_TFH_CD4_EFF_TCELL_D6_LCMV_UP	0.412108496927918	0.870233254946245	-0.287276997585002	-1.01596692158018	2749	180	DIPK1A|CRIP2|RPGR|GPR176|TWIST1|ZNF692|SMAD6|IGFBP2|HSPB1|SH2D3C|SIRT7|NDRG4|BRD1|FILIP1L|ADAM15|SCAP|CAD|RPP14|TRAPPC1|CPNE1|TCTN1|MEX3A|SELENOS|NOP16|ITFG2|B4GALT2|PPP1R18|ID1|FLNB|RNASE1|GABPB1-AS1|ITGA5|SLC20A2|NUBP2|MTERF4|NEU1|DPY19L1|YIPF2|ALDH6A1|ABHD2|C19orf53|MPI|POLR1A|ADAT1|GALNT2|FLNA|RNF19A|TLN1|POC5|LRRC8A
GSE6259_FLT3L_INDUCED_VS_WT_SPLENIC_DC_33D1_POS_DN	0.411571025399812	0.870233254946245	-0.298682577299372	-1.01686196804283	2624	132	SHF|METTL27|CYFIP2|TRAPPC6A|TCN2|NPW|GPR176|VILL|SLC3A2|RCN3|PLXNA2|RASGEF1B|PNMA3|CYP2S1|ENTPD1|KLK8|TPPP3|SH2B2
HUANG_AML_LSC47	0.41335646140503	0.870233254946245	-0.363409265318081	-1.02031491976226	2382	38	PRSS57|ZBTB46|INKA1|SKIDA1|MACROH2A2|MOK|SMIM24
KEGG_PRION_DISEASES	0.412569573283859	0.870233254946245	0.368078352826814	1.02389526155575	1778	29	PRNP|CCL5|EGR1|MAPK1|C8B|NCAM2|ELK1
MATZUK_IMPLANTATION_AND_UTERINE	0.413241178610404	0.870233254946245	-0.442994581194591	-1.02797639766754	2271	16	IL11RA|CBS
NABA_MATRISOME_HIGHLY_METASTATIC_BREAST_CANCER_TUMOR_CELL_DERIVED	0.411847672778561	0.870233254946245	-0.396716295525091	-1.02183526929687	2335	25	S100A2|TIMP1|TINAGL1|LTBP3|CST3|AGRN|MFGE8|P3H3
WP_NCRNAS_INVOLVED_IN_WNT_SIGNALING_IN_HEPATOCELLULAR_CARCINOMA	0.412814950775905	0.870233254946245	-0.328708517714188	-1.0208504849879	2473	68	WNT11|FZD9|CSNK2A3|CTBP2|FZD7|WNT3|CCND1|FZD3|DVL1
WP_PDGFRBETA_PATHWAY	0.411641929499072	0.870233254946245	0.368278080934597	1.02445085158594	1774	29	MAP3K1|PIK3CA|MAPK8|JAK2|ELK1|MAP2K4|EIF2AK2|STAT1|SOS1|MAP2K1|PRKCB|SHC1
PID_CD8_TCR_DOWNSTREAM_PATHWAY	0.413617639932154	0.870600517852582	0.330531956289724	1.01136038301268	1706	46	CD3G|EGR1|MAPK8|PPP3CB|MAPK1|NFATC2|NRAS|ELK1|PPP3R1|BRAF|MAPK9
REACTOME_SYNTHESIS_OF_PA	0.413809190576161	0.870638577867009	0.353567019243767	1.01646185346008	1773	34	GPD1|PLD1|GNPAT|DDHD2|DDHD1|PLA2G4A|LIPH
STARK_PREFRONTAL_CORTEX_22Q11_DELETION_UP	0.413782726452001	0.870638577867009	0.26688286036438	1.00956353179225	1374	184	SETD7|GNA13|SNX18|CNR1|SRC|TTYH3|LSM11|KLHL24|CPEB2|BPNT2|CBLL1|MEF2C|SP3|PPP2R5E|RAB11A|EPS15|SEMA6B|SMARCA5|TTC14|TRIM2|ACVR1C|ZBTB16|ATP8A1|SLC4A4|PLXNC1|EHD3|TMEM178B|FOXP1|EIF3C|ROCK1|TCAF1|ZNF445|UBQLN2|ENDOD1|CHD9|FAR1|MAPRE2|MEGF9|RICTOR|AFTPH|MEG3|ZC3H11A|LRRC7|SNTB2|RBM25|NCS1|TMOD2|SPRED1|PTPRJ|RSF1|STK4|CEP70|MYCBP2
SCHAEFFER_PROSTATE_DEVELOPMENT_48HR_UP	0.413897697504481	0.870642306695302	-0.26836011737211	-1.01125998263149	3001	359	BHLHA15|SP5|DNASE1L2|KRT15|TSC22D3|MAPK13|BSPRY|TMEM117|PLLP|PHYHD1|PPFIBP2|GLB1L2|MT2A|C6orf132|CARD19|NALF1|PDLIM2|ECM1|B3GNT8|NXF1|SEMA3B|PLXNA2|IGFBP2|CRYBG1|MFSD2A|SLITRK6|FGF12|SORBS2|CRISPLD2|SLC2A12|CYTH3|NAPSA|AHCYL2|TMEM44|TINAGL1|CYP2F1|ARHGEF26|NKPD1|RAB15|SDR42E1|MBOAT1|PKP3|COBLL1|EMC4|COLGALT2|TMEM184A|ID3|RAMP1|DCXR|EMP2|RNF32|KCNN4|SLC1A5|HPGD|ABHD12|DHRS3|FGFR3|SULT1A1|FAM83H|SGK1
TERAO_AOX4_TARGETS_HG_UP	0.414011617672945	0.870699480033736	-0.387270547407133	-1.02280273936758	2351	28	MAP1LC3A|ACSL6|NAA60|GNS|MFSD9|INTS4|GNA12|CYTH1|TMEM127|TTC7A|TRAPPC10
GSE13738_RESTING_VS_BYSTANDER_ACTIVATED_CD4_TCELL_UP	0.414493632504548	0.870832334098299	-0.289579842524149	-1.01513631751886	2733	169	ZNF711|IGF1R|BCO2|RAB27B|RCAN3|ZFTRAF1|CREBRF|MGAT4A|MLXIPL|CPT1C|SPEN-AS1|EIF1B-AS1|RBM26-AS1|NXF1|CCDC13|ANXA2R|PIK3IP1|ROBO3|VWA1|LMF1|USP27X|CHD3|FHIP2B|FAM161B|UNKL|ZBTB20|SPN|ZBTB5|LRRC37A2|FBXL3|TSC22D1|ENGASE|IRAG2|GABPB1-AS1|IL6ST|APBA2|RBM26
GSE1432_1H_VS_6H_IFNG_MICROGLIA_DN	0.414277180406213	0.870832334098299	0.264136196236625	1.00659254121424	1386	192	BCAR3|CD40|IFIH1|CDS1|USP25|NCOA3|AMD1|ANKRD27|VPS54|PRPS2|NBN|MARCHF5|INTS13|GGPS1|MTHFD2|AKAP12|PSMA4|FNTA|SCYL2|APOL2|ISOC1|ERAP2|APOL3|IL32|RSAD2|SLAMF7|C1S|CAPRIN1|CXCL11|JAK2|LAMTOR3|SSB|ETV7|ACTR10|ASCC3|RFK|BAZ1A|CHD9|MOB1A|WSB1|PRPF39|PSMA2|CD47|TIA1|PLAAT4|SNTB2|SNRNP35|ECPAS|NMI|PLSCR1|ARCN1|USO1|PRPF40A|STX17|ZC3H7A|DENND1B|SMURF1|STAT1|ACTR6|USP15|ATG3|PSMA3|STK38|TOP1|CALCOCO2|MELK|SRP54|TDRD7|NIPBL
GSE17721_CTRL_VS_PAM3CSK4_0.5H_BMDC_DN	0.414508556716644	0.870832334098299	-0.290082709346588	-1.01584764238597	2736	166	SEMA4G|WFS1|WNT11|DYSF|ADSS1|MAPK13|ABCB4|TCAP|NOL12|MAST1|MSI1|KEL|PCDHB5|LTBP3|LIN7B|ZC3H18|EHBP1L1|KCNN4|LPIN2|ATP5IF1|ACAA1|RBX1|PPP1R18|RDH13|PRELID1|GRB7|TTC5|MTERF4|PTPN23|MED11|RWDD4|AUP1|SAP30L|GNA12|PTTG1IP|MIEN1|NEFH|FCHO1|CDC20|BLOC1S4|AKR7A2|TMEM50B|MTMR14|PAPLN|STRN3|ZFAND3
GSE24814_STAT5_KO_VS_WT_PRE_BCELL_UP	0.414217571934144	0.870832334098299	-0.293517027237018	-1.01527528271888	2691	150	TAGLN|MIR9-1HG|AQP1|ITGA4|TIMP3|LAMA4|L1CAM|COL1A1|NTRK3|GRM3|MYO1A|APOD|DCHS1|BCAM|TMEM8B|MCAM|ECE1|KLK8|MX1|CDKL5|FAM76A|GUCA1B|SCARB1|THBD|STON1|CRTC1|B4GALNT1|KCNN1
REACTOME_NEGATIVE_REGULATION_OF_FGFR1_SIGNALING	0.414437269372694	0.870832334098299	0.374383396773758	1.02274353162313	1796	27	FGF5|SRC|SPRY2|MAPK1|FGFR1|BRAF|PPP2CA
GSE2585_CTEC_VS_MTEC_THYMUS_DN	0.414782212778874	0.871042646835635	-0.290347085082262	-1.01582454447785	2732	165	ARK2C|STX11|RAP1GAP2|CD14|AHRR|DGAT2|SNORC|ABCB4|AXL|ATP5ME|DNAAF1|HERC6|TGM1|RDH12|LOXL3|PILRA|ZNF771|CA12|DCN|MUC1|MAP3K12|SUCO|SEMA4C|NFKBID|RIN1|AGRN|C19orf81|BMP1|MAPKAPK2|RAD54L|RPS27|PLPP5|FBXO31|CAND2
GSE7459_UNTREATED_VS_IL6_TREATED_ACT_CD4_TCELL_UP	0.414713015359741	0.871042646835635	0.286245230718997	1.00713759570195	1538	106	STAP1|CCDC33|PGAP1|CNNM2|FOXN3|MAPK6|PLEKHA5|CRLF3|RBAK|VAV1|DDHD1|ABLIM3|EFCAB6|SLC20A1|UPRT|DDX5|ZDHHC17|DDX52|CTNS|PDE7A|PPM1K|GABPA|NF1|CNN1|EFR3A|USP28|SGTB|SCLY|SMAD5
GSE13411_IGM_VS_SWITCHED_MEMORY_BCELL_UP	0.415105053946621	0.871209614663879	0.274224409010307	1.00484840038117	1461	144	MPP3|COL15A1|PLAAT1|BMAL2|SLC22A4|WDFY3|PIGZ|KCNG1|XRCC4|HAND2-AS1|TTLL7|SERGEF|RAB23|EPB41L5|OLA1|NFAT5|PLCH1|TLN2|IL6R|SCRG1|OR2J2|EDA|HPCAL4|LGALS4|PRRC1|DSG2|SYP
GSE2770_UNTREATED_VS_ACT_CD4_TCELL_48H_DN	0.415108451757666	0.871209614663879	-0.286435752053153	-1.0139501887282	2774	181	LAG3|LYRM9|NEIL1|NOTCH2NLA|EXOC3-AS1|STX1A|N4BP2L1|LYST|IFITM1|GPR68|TMEM116|LAMA5|RGS3|IFIT2|KLF7|CYTH3|RPP25L|HDAC4|TMEM8B|TIMP1|ENSG00000272447|MACROH2A2|FAM76A|BCL6|FBXO41|ISG15|ALDH8A1|MIB2|ZNRF3|SHISA5|NFE2L1|RNF32-DT|LINC00623|ENTPD6|CTSL|TSPOAP1|ARFIP1|RTL8C|P4HA2|ZNF251|DCUN1D3|CAPG|MAN2C1
GSE29949_CD8_NEG_DC_SPLEEN_VS_CD8_POS_DC_SPLEEN_DN	0.415122094733745	0.871209614663879	0.267904706824945	1.00525606272233	1410	172	DEPP1|IFIH1|MAP3K9|PTHLH|CLIC2|STRAP|GLUD1|GGPS1|NPM1|LYPLA1|NCBP2|LRPPRC|ARPP19|HSPA4|CCNC|SLC5A5|LIPC|F5|SLC22A2|AP3B2|ERCC8|ELL2|GTF2H2|PDS5B|FBXL4|UBE2E1|SUPV3L1|CREG1|PLPBP|NGDN|AP1G1|PYGL|S100A10|PSMD10|NCK1|POLR3F|PLSCR1|SRSF1|SEC62|UGT8|HSP90AA1|MAP2K4|FABP5|HNRNPA2B1|TAF12|LAPTM4A|BICD2|ETV1|KIF2A|SPTLC1|VDAC2|AZIN1|OARD1|EIF1
AMIT_EGF_RESPONSE_60_MCF10A	0.416608350828085	0.872262773722628	0.353018342725767	1.01488447570683	1785	34	CXCL8|CCN1|DLC1|EGR1|TP63|TRIB1|MGMT|CALD1
CORRE_MULTIPLE_MYELOMA_UP	0.415883143049026	0.872262773722628	-0.334086481494295	-1.01668325987282	2476	60	PLAT|ATXN1|NALF1|LZTS3|GDF15|ZNF582-DT|SERPINE1|IL1B|CLDN11|NLRP1|SLC22A23
GSE23505_UNTREATED_VS_4DAY_IL6_IL1_TREATED_CD4_TCELL_DN	0.416666666666667	0.872262773722628	0.272195422157302	1.00725566327566	1459	154	BNIPL|TCF7|EEPD1|KLHL24|GGPS1|PPM1B|PFKFB3|TJP2|HSPA14|PIAS2|FAM13B|ATP1B3|AP3S1|MYT1|FBP2|PTX3|STRA6|SERPINB5|EHD3|DNAI4|MYL12B|USP33|NCKAP1|PDE12|NIPSNAP3A|USP45|QSER1|CCSER2|RFK|PRDX6|SELENOF|DERL1|SFMBT2|APEX1|BIRC2|ANXA1|NF1|MFSD14B|CTNNB1|ZWINT|ATP11B|PSMD14|AMFR|NSMCE3|TRIM3|TFG|POLR1B|METTL9|NOTCH4|KIF16B|ABHD18|CCDC88A|UBE2K|RAB20|RLIG1|RASA2|SRSF10
GSE26495_NAIVE_VS_PD1LOW_CD8_TCELL_DN	0.416080251534661	0.872262773722628	-0.286114282276902	-1.01387963138899	2778	184	ASCL2|LAG3|SMAD7|RAP1GAP2|PIEZO1|SANBR|ATXN1|CNNM4|CHST12|GPR68|DIAPH2|TMED9|RGS3|TCIRG1|OSBPL5|SLC35G2|JAZF1|PPP2R2B|FYN|TTYH2|RAB40B|LINC02481|SLFN11|ADAP1|FAS|NINJ2|YPEL1|PRF1|SEMA4C|GAK|MICB|SFXN3|ITGB1|RASSF1|TNFRSF1B
GSE28130_ACTIVATED_VS_INDUCEED_TREG_UP	0.416666666666667	0.872262773722628	0.272218924127933	1.00734263201609	1459	154	ELK3|ADTRP|LPXN|PPP2R3A|CCL4|TBC1D2B|USP2|DLC1|RANBP2|SRP19|CAPN2|GINS1|BCAS2|IFRD1|MED13|GFI1|GPR183|RSAD2|S1PR1|PLA2G4A|RNF144A|HBEGF|IL10RA|RBPJ|ENDOD1|KLRG1|NDUFB5|MYC|ABHD5|CD47|SMPDL3A|ZNF460|WRN|PEX2|RYK
GSE3982_MAC_VS_CENT_MEMORY_CD4_TCELL_DN	0.416188462700091	0.872262773722628	-0.288361613650321	-1.01408867184381	2755	173	CYFIP2|IL11RA|N4BP2L1|FBXW4P1|ZCWPW1|MAPK8IP3|ARHGAP33|FLT3LG|ANKH|GABPB1-IT1|TNK2|TSPYL2|FAM120C|DENND1C|DKKL1|FYN|ENSG00000274253|NOP2|FAU|PGS1|PKP3|TRPC1|BRD1|KHDC1L|AMHR2|NTHL1|APBB3|PLEKHF1|POLG|RPL36|RGL2|CLUH|SLC2A11|EVL|AKAP7
GSE4984_UNTREATED_VS_VEHICLE_CTRL_TREATED_DC_DN	0.416331224841863	0.872262773722628	0.271474175241918	1.00770486873494	1447	158	ZC2HC1A|ENKUR|NEDD1|AGA|ARHGEF16|CDC7|CENPQ|CCNG1|DARS1|MLF1|HIC1|CCT8|ARHGAP11A|PALS2|UBE2N|METAP2|ETFA|TRIB1|CCNC|PSMD6|REEP2|IGSF10|SPP1|EIF4E|CAPRIN1|GNG10|INSIG1|ASNSD1|UFM1|PSMG2|RAVER1|ENDOD1|ZMAT3|COPS4|PMPCB|AIMP1|HMGB1|HMGCS1|CEP76|XPOT|MPHOSPH6|ATP5PB|DSTN|SUN1|IMPA1|DMWD|KYAT3|GEMIN2|PGK1|CANX|FDX1|NUDCD1|ACTR3B|HAUS6|ST13|FHL3|SLC7A6|NAA16
LI_ESTROGENE_LATE_E2_RESPONSE_UP	0.416646961456609	0.872262773722628	0.340265859757283	1.01071874427888	1761	39	NXPH3|CD44|PLCL1|NCAPG|NEIL3|C5AR2|SPINK4|GATA4|CCN5|RRM2|CA8|PPM1K|DSCC1
REACTOME_ESTROGEN_DEPENDENT_NUCLEAR_EVENTS_DOWNSTREAM_OF_ESR_MEMBRANE_SIGNALING	0.416402356139556	0.872262773722628	0.395656792083529	1.01693135291545	1837	21	EGF|UHMK1|MAPK1|EPGN|HBEGF|BCL2|ELK1|PTK2|CDKN1B|CREB1
REACTOME_RHO_GTPASES_ACTIVATE_PAKS	0.415949252378795	0.872262773722628	0.395785908262768	1.01726321197478	1835	21	MYL9|PPP1CB|PPP1R12A|PAK3|MYL12B|LIMK1
WIKMAN_ASBESTOS_LUNG_CANCER_UP	0.416151327755548	0.872262773722628	-0.441412728519129	-1.02430568185297	2287	16	CTBP2|ATRN|SORBS2|LRPAP1|LIFR|ADD1|MAEA|SERINC3|SLC44A4|ZNF140
WP_BASE_EXCISION_REPAIR	0.41589519650655	0.872262773722628	-0.378019767733924	-1.02003648135135	2380	31	MUTYH|MPG|LIG1|PNKP|POLE|POLD1|NTHL1|APEX2|NEIL2|PARP1
GSE6259_33D1_POS_DC_VS_CD4_TCELL_DN	0.416809116809117	0.872379048067121	0.272728588217184	1.00800873658732	1462	153	PGAP1|LST1|RAVER2|SNX18|FGD4|KLHL13|SRC|NPL|TBC1D2B|FOXJ3|LGALS8|ITSN1|SYPL1|DMXL2|LRP6|ETV5|PROS1|CTSF|P2RX7|RCBTB2|FCER1G|COPZ2|GPNMB|TMEM176A|USP8|ACSL1|LAMTOR3|TMEM50A|SCAMP1|ADAM10|SVBP|SLF2|GDE1|MON2|IKBKE|TPP1|ITM2B|ATP13A3|LPCAT2
HALLMARK_BILE_ACID_METABOLISM	0.417115177610334	0.872837638701799	0.291035698936704	1.00764814458116	1549	97	MLYCD|NUDT12|BCAR3|PEX12|PAOX|NEDD4|PECR|PEX1|ABCD3|GNPAT|GCLM|IDH1|ISOC1|SCP2|HSD17B11|CYP46A1|ABCA6|ALDH9A1|ACSL1
GSE17721_PAM3CSK4_VS_GADIQUIMOD_1H_BMDC_UP	0.417447396713254	0.87335076452848	-0.291561380229683	-1.0131852444111	2717	157	NFKBIZ|CCR7|EMILIN1|TRAPPC6A|IL4I1|TRIM62|ARHGAP45|GIPC3|CCK|SRMS|NSG2|ICAM1|SLC6A8|PRKCSH|NLRX1|MET|IL17D|USP20|SUCO|LIN7B|JUNB|RTBDN|TSC22D1|TUBGCP2|FZR1|ARHGEF1|TNIP1|EGFL7|NOCT|IFNGR1|PTPN23|GATA2|ABHD8|CDC42EP3|TMEM39A|DUSP14|JUN|BRD2|ARHGEF3|FTSJ3|RNF19A|SPTLC2|PSMB3|ALKBH3|MYO1C|COQ4
GSE14415_ACT_VS_CTRL_NATURAL_TREG_DN	0.417957544463569	0.874235847327631	0.272806687515574	1.00629464518726	1456	152	TCEAL1|RFX3|ARRDC3|ZNF708|FOXO1|SLC49A4|TCF7|TMCC1|SOCS6|BBS2|WDR75|NBN|RMDN1|RAB23|KHK|RPAP3|DDHD2|KCNJ8|TRIM13|MSANTD2|HSD17B11|GPR183|RUNDC3B|XCL1|SAMD3|SLC25A36|FOXP1|RRP15|DPH6|PCCA|KLHDC2|NFE2L2|CARD6|EBAG9|HEATR1|MAML2|SMPDL3A|TAF4B|PARP16|NFU1|ACTR8|MFSD6|SLC4A1AP|ARL6IP6|RAB6B|ASCC1
GSE13522_CTRL_VS_T_CRUZI_BRAZIL_STRAIN_INF_SKIN_DN	0.41878098571012	0.874351209644507	0.270626272212272	1.0078641011967	1435	163	RGS5|TM6SF1|MYLK3|DHX58|CSTA|CTF1|ATP6AP2|USP25|MEIG1|PDE3B|HS2ST1|EDARADD|SIAH1|TMEM37|CALB1|ADIPOR1|CHIC1|SLC4A3|EDA|TDRP|CEP97|NFE2L2|DDN|HID1|SEMA4A|KLRG1|PIWIL4|SCG3|BAG2|RB1|POLR3F|ASTN1|HACD1|STAU1|FARSB|PHF21A|BTBD3|STMP1|MBTD1
GSE15271_CXCR4_POS_VS_NEG_GC_BCELL_DN	0.418615314076112	0.874351209644507	-0.290817829356433	-1.01388421210145	2738	160	ADAM19|CCR7|TYROBP|MATR3|LATS2|SYTL1|ADGRG3|IRF7|S1PR5|EXT1|SH3PXD2A|DGKD|RCN3|KLF7|CD163L1|GBA2|THEMIS2|ATP2A3|ENTPD1|MAFK|TRIM26|SLC16A5|AKNA|TSPO|MYO9B|ZNRF3|SMG6|TREML2|GRK6|HDAC5|KLF13|PAIP2B|ID2|SYS1|SAMD8|DUSP5|MICAL1|ZNFX1|WDR45B|ABHD2|PGAP6|SLC22A5|FLNA
GSE15330_HSC_VS_PRO_BCELL_UP	0.418650195842121	0.874351209644507	-0.284435736446115	-1.0117252763319	2778	194	LAG3|TBC1D1|EMILIN1|C1QTNF12|BSCL2|IFT122|MRM2|RAB34|ZDHHC12|COX6A1|FLT3LG|RTTN|STK11IP|MRPL14|SREBF1|COX6B1|ABHD17A|CD48|CRYBG1|NSG2|CYBA|IFT27|DDRGK1|COMT|PEX7|BRD3|CRAMP1|ACYP2|FAM76A|SCARB1|RNH1|FOXRED1|RFX1|DHRS3|GPSM3|RCBTB1|GPAA1|NCAPH2|CMTR1|SMIM14|TUBG1|NUDT14|SLC25A42|FANCG|TMEM128|MCM2|ABHD8|TLCD2|ESYT1|PSMD9|ABCA2|RDM1|CHCHD7|TMEM158|CNOT9|NDUFA8|ELAC1|POLE3|CUEDC2|EFCAB2|CPTP|GPR89B|HDAC6|CYTH1|PATZ1
GSE27859_MACROPHAGE_VS_CD11C_INT_F480_HI_MACROPHAGE_DN	0.4183505463254	0.874351209644507	-0.285882393761382	-1.01290434217523	2794	183	NAGK|CDPF1|RASGRP3|TSPAN5|DHRS1|SYNGR1|LRRIQ3|CCDC167|NBEAL2|TECR|MRPL41|ARHGAP45|TGM1|TCP11L2|LMAN2|RELT|TPCN1|RIPOR1|MED22|MEAK7|EXOSC5|PYCR3|CSGALNACT2|KMT5C|GPSM3|HPCAL1|SFXN3|PDP1|PPP1R12C|MOSPD3|MAP3K3|DUSP7|UBALD1|NDST1|VPS11|FBXL6|SMYD4|NHSL3|KLHL21|ATP6V0A1|TMEM214|FBXO31|NEK6|C19orf48P|TMEM65|TTC12|AP1M1|NCBP2AS2|ECH1|PARP1|FANCE|ZDHHC14|PTPN7|PANK4|PLEKHO1|C22orf39|STEAP3|IDH3G|SGSM2|SIPA1|NPC1|TTC7A|PDE4DIP|GSN|USF2|SMIM12|SPACA9|MKNK2|COQ9|CAMK2G|MRI1|AGFG2
GSE36826_WT_VS_IL1R_KO_SKIN_STAPH_AUREUS_INF_DN	0.418629068546573	0.874351209644507	-0.285265641881347	-1.01272388693668	2790	189	ADAM19|PCNX1|LAG3|FSTL3|BSPRY|STOML1|APOL1|TAP1|IFITM1|ECM1|ARID5A|AMDHD2|IFITM2|SERPINH1|HERC6|LBP|CFD|ICAM1|HSPB1|APOL6|UBB|RBM38|MACROH2A2|FOLR2|MX1|IL18BP|TRADD|ISG15|ATOX1|IGF2R|TSFM|SP110|PHF11|ATP13A2|HEXA
GSE45365_HEALTHY_VS_MCMV_INFECTION_CD8_TCELL_IFNAR_KO_UP	0.418508287292818	0.874351209644507	-0.292446896025303	-1.01317992659277	2726	152	NFKBIZ|FES|FSTL3|NBPF8|ENSG00000187186|LRRC56|TENT5B|LINC00205|LILRA2|LPIN3|DOK6|SLC39A2|LRRC63|RIGI|HPS1|ULK4|CNBD2|TMEM107|CRYGS|TMEM207|IPO5P1|TMEM101|NDUFA4L2|HERC2|ZC3H12A|H2BC5|TMEM87B|NOL3|DHRS7B|PRTN3|TTC28|ARHGAP22|GPR180|SYS1|NFE2|CAMKK2
REACTOME_CARDIAC_CONDUCTION	0.418796634386411	0.874351209644507	-0.307050716151278	-1.01420856108163	2637	103	KCNJ14|SLC8A2|ATP2A1|SCN5A|KCNK5|FXYD1|ATP1A3|ATP2B3|CASQ2|FGF12|CACNA2D2|ATP2A3|TRPC1|DMPK|KCNE5|KCNK6|ORAI1|KCNJ11
ROSS_LEUKEMIA_WITH_MLL_FUSIONS	0.41855824395111	0.874351209644507	0.306320673332435	1.00650680119828	1677	68	MEIS1|CCL5|HIF1A|BMI1|ZNF274|SCP2|RBKS|LIPC|HOXA5|TIGAR|MYO6|MBNL1|ADAM10|ANXA5|PTPRC|DAD1|GLT8D1|CORO1C|CLASP2|PNMA8A|MRPL33|HEXB|MAP3K5|DAB2|ZEB2|PLD3|JMJD1C|RAC2|CCND2
THEODOROU_MAMMARY_TUMORIGENESIS	0.418316831683168	0.874351209644507	0.390841743894947	1.01882093982672	1858	22	TENM1|EGR3|PROS1|FOXC2|SFMBT2|NOTCH4|KLF15|JMJD1C|GSE1
MOOTHA_HUMAN_MITODB_6_2002	0.419450033534541	0.875533257770788	-0.265227573169518	-1.0111097167028	3126	416	COX8A|MUTYH|ACADS|UQCR11|COX6A1|RPLP2|GDF15|TIMM8B|NDUFB2|NDUFB8|NDUFA3|LMF2|NDUFA2|CLN3|COX5B|ETFB|LYPLA2|MRPS18C|ATP5ME|COX17|ABCB8|ECI1|COX6B1|MAST1|LONP1|UCP3|CYBA|CPS1|HPS1|ACSL6|NDUFS7|SPG7|ABCB6|STARD3|NDUFS8|HMGCL|TBCB|FDXR|GALR3|MRPS14|ACP6|OAZ3|TXNRD2|TIMM44|TSPO|GAL3ST1|BCAT2|LARS2|TSFM|NDUFA6|MBD3|NDUFB7|NDUFA1|ATP5PF|ENDOG|TRAP1|NDUFB1|TIMM10|PDP1|ATP5IF1|UCP2|POLG|PPOX|MRPL57|PYCR1|MRPL2|NDUFC2|NDUFC1|MLH3|NCAPH2|DGUOK|MRPS11|SDHA|ACADVL|TK2|BID|TK1|HSPA1A|DNASE2|MTCH1|MRPL24|CRAT|RPL3|ATP5F1D|PCK2|PDK3|NDUFA7|MRPL17|POLRMT|ATP5MG|BCL2L1|OXA1L|NDUFB6|MRPL4|CPT1A|ACADSB|TIMM17B|MRPL46|TUFM|CYC1|GCAT|BCKDK|ATP5MC1|TXN2|MRPS18A|SURF1|AK4|MRPS12|MRPS28|MRPS16|CYB5R3|FXN|NDUFA8|SLC25A28|IDH3G|COX7A2|WARS2|TFAM|NDUFAB1|SLC25A10|EMC8|COX4I1|DHODH|MAOA|HK1|CLPP|AIFM1|NDUFB4|HAX1|UQCRH|COX6C|MRPS34|GATB|SDHB|ATP5MC3|COX7C|SLC25A37
GSE12963_UNINF_VS_ENV_AND_NEF_AND_VPR_DEFICIENT_HIV1_INF_CD4_TCELL_DN	0.419993662864385	0.876339403869747	-0.303903309018059	-1.01232343096649	2650	110	CRIP2|GKAP1|PRDM11|GFAP|CHAC1|BSG|TNFRSF21|COX5B|ZC3H12C|DAGLA|ARHGEF17|ICAM1|TXNL4B|MIF|CASZ1|COBLL1|TBC1D8|CAD|SPATA7|UQCRQ|BOP1|SDC4|IL23A|CLSTN1|RAD54L|RGS12|THOP1|TTC12|CCDC112|APBA2|CDC34|POLA2|PLEKHM2|EAF2|GSTO2|EIF2B5|F12|EFTUD2
REACTOME_TOLL_LIKE_RECEPTOR_TLR1_TLR2_CASCADE	0.420010845986985	0.876339403869747	0.286547788876192	1.00580256903237	1548	105	NKIRAS1|PELI2|CD36|MAP3K1|MEF2A|PELI3|TAB2|MEF2C|UBE2N|MAPK8|MAPK1|USP14|RPS6KA2|IRAK4|PELI1|ELK1|ATF2|SKP1|CHUK|CREB1|NOD1|MAPK9|PPP2CA|MAPK14|HMGB1|FBXW11|PPP2R1B|ATF1|RIPK2|UBE2V1|MAP2K4|BTK
GSE15324_ELF4_KO_VS_WT_NAIVE_CD8_TCELL_DN	0.42035466461064	0.87651020427121	-0.294171562544177	-1.01537733394495	2725	147	MTCL1|SCX|TEP1|ANKRD33|CCDC167|SLC29A1|WNT3|AATK|UBL5|ZC3H12C|PKD2L2|CDH15|CACNA2D2|SLC52A3|PCOLCE|PUS1|OCEL1|DCN|NPFF|YDJC|KCNK6|JUNB|CEBPB|SYT10|PPP1R3F|PER1|SLC39A11|LBX2|PTK7|MRPS11|CLSTN3|LONRF3|HSPA1A
GSE19401_UNSTIM_VS_PAM2CSK4_STIM_FOLLICULAR_DC_UP	0.420218334081053	0.87651020427121	-0.286748104998407	-1.01318350650418	2809	178	IGF1R|PCNX1|WNT11|RAB27B|STX11|H2AC11|H2AC15|CLIP3|PDLIM3|CDH15|ZNF345|NRTN|HGS|TBCC|BRD4|IL1B|FGD1|MUC1|IRS2|LIG1|HIC2|LPIN2|IGSF3|PLK3|WDR13|RAB40C|MAP3K3|GRK6|ZBTB7B|GNB5|MMP17|ACVR2B|PCNT|ENTPD4|KLHL21|SLC25A42|DHX8|TENT4A|TP53BP1|DUSP5|TIMELESS|KLHL23|IER2|TRAF3|TAF6|CDC42EP3|BBC3|MCM7|AK4|CSRNP2|COG2|KARS1|BRD3OS
REACTOME_CYCLIN_D_ASSOCIATED_EVENTS_IN_G1	0.420321111909897	0.87651020427121	0.333640706060174	1.00905287021033	1753	43	CCNE2|SRC|RBL2|JAK2|RBL1|CCNH|CDKN1B|CDK2|SKP1|RB1|PPP2CA|PPP2R1B|TFDP2|E2F5|SKP2|CDK6
DUNNE_TARGETS_OF_AML1_MTG8_FUSION_DN	0.420581655480984	0.87680138270366	0.418835176605152	1.02018341683869	1879	17	ELK3|RANBP2|MEF2C|MTSS1|SAMSN1
GSE8835_CD4_VS_CD8_TCELL_CLL_PATIENT_DN	0.421020748144783	0.877370194004177	-0.288406862281973	-1.0131384649216	2779	172	MEIS3|SLC30A4|EMILIN1|COL14A1|MGAT4A|CIITA|AMZ1|APOE|RCN3|SMAD6|SGSH|ADAM22|MYO1A|EXTL1|LOXL3|HFE|PILRA|SAMD10|CAMKK1|STAB1|PGF|ELMOD3|LTBP3|TBXAS1|CCL24|TBC1D8|POMT1|CTC1|ITGB5|RAI1|SULT1A1|PAQR4|NDST1|SLC39A11|RGL2|SMYD4
KEGG_SNARE_INTERACTIONS_IN_VESICULAR_TRANSPORT	0.4211167159506	0.877370194004177	-0.365134177986614	-1.01472817991398	2420	36	STX11|STX1A|STX10|STX4|STX5|YKT6|STX18|VAMP2|STX16|USE1|VAMP8|STX6
LEIN_PONS_MARKERS	0.421052631578947	0.877370194004177	0.302859777335515	1.0081424303959	1623	76	SLC18A2|CD83|EMC9|UBLCP1|RND2|ABHD3|LGALS8|CCT8|AKAP12|FAM13A|HTR2C|SPP1|TMEM176A|HSPB8|EIF5A2|KIF5B|ENDOD1|CLGN|NDUFB5|PCSK1N|ANXA5|HCN2
KEGG_MEDICUS_REFERENCE_GPCR_PI3K_SIGNALING_PATHWAY	0.421296296296296	0.877380129091747	-0.402429457894848	-1.01570578884322	2365	23	GNG8|GNB3|AKT3|F2R|GNB5|AKT2|LPAR2
THAKAR_PBMC_INACTIVATED_INFLUENZA_AGE_21_30YO_NONRESPONDER_28DY_DN	0.421255876427132	0.877380129091747	-0.333083745550721	-1.01363176002361	2508	60	RAP1GAP2|SLC3A2|GTF3C1|NXF1|FYN|SCAND1|COMT|PLOD3|RHOT2|PNKP|ENTPD6|RANBP3|VPS52|RPL10|ENTPD4|SDF4|ADGRL1|PITPNM1|FLII
WP_DEVELOPMENT_OF_URETERIC_COLLECTION_SYSTEM	0.421460558043403	0.877540153835238	-0.356101620275089	-1.01456930283953	2446	41	WNT11|VANGL2|CCND1|CTDNEP1
BILD_SRC_ONCOGENIC_SIGNATURE	0.422074729596854	0.878454517041927	0.318133979328267	1.00651780672844	1716	56	LIPG|SRC|PTHLH|TMCC1|ARIH1|SACS|HSPH1|ZNF12|DMTF1|ITPRID2|ORC2|COL8A2|RRM2|ACLY|TIA1|EBLN3P|EXTL2|LNPEP|ASH1L|TRIM33|ZBTB11|MMAB|YTHDC2|TRRAP|SECISBP2|TNFAIP3
GSE11386_NAIVE_VS_MEMORY_BCELL_UP	0.422004744958482	0.878454517041927	0.267204804037582	1.00362799426257	1422	174	NXT2|SGO2|PLK4|DTL|MTX1|TEX15|TOP2A|KIF18A|PBK|KIF20B|KNL1|SMC2|GAS2L3|DAPK2|NCBP2|MFAP3|NCAPG|NDC80|NUP37|MFSD1|AGPS|MED21|SDHD|EIF3C|SPDL1|CDK1|RRM2|BUB1|SSR1|KIF15|PTPN12|RRM1|CDK2|PSMA2|ZMPSTE24|IDH3A|GGH|CETN2|LIN54|HSD17B12|NEPRO|ATP6V1A|SHCBP1|CDCA2|CENPE|LRR1|RMDN2|ELOF1|DNAJB6|GHITM|CDC25C|MDM1|BLMH|BUB1B|GFM1|PGM2L1|RAD51AP1|HSPA5|KNTC1|POLR2K|PPP3CA|PGK1|PRKX|KIF23|MELK|MACROH2A1
GSE3982_NEUTROPHIL_VS_EFF_MEMORY_CD4_TCELL_UP	0.42228870605834	0.878717668203485	-0.284974897472237	-1.01165801876378	2822	188	TSGA10|DYSF|ADGRG3|ITGBL1|VWA7|MARCKS|PYCARD|EXT1|BTN2A2|TLR6|DOCK4|TECPR2|SMIM27|TCIRG1|POR|CYP4F2|ZNF516|ITGAX|APOBR|TNFRSF1A|STX10|BCL3|SEMA6A|ACP3|SH2B2|NINJ2|SLC12A6|BCL6|ISG15|RRP12|MYO9B|DGAT1|GPSM3|PLK3|JUNB|NDEL1|TRPC4AP|XPO6|KLHL2|GIT2|GSK3B|ICAM3|HAUS4|IFNGR1|DBN1|IRF9|MAFG|PRR14
REACTOME_TP53_REGULATES_TRANSCRIPTION_OF_GENES_INVOLVED_IN_G2_CELL_CYCLE_ARREST	0.422611036339166	0.879206131144569	0.409755145107148	1.01487992228509	1883	18	CCNB1|RBL2|RBL1|CDK1|PCNA|TFDP2|CDC25C|EP300
HUI_MAPK14_TARGETS_UP	0.422818791946309	0.879290184934008	0.417725685354213	1.01748095859602	1889	17	ITGB7|PRNP
ZHONG_SECRETOME_OF_LUNG_CANCER_AND_MACROPHAGE	0.422826631069581	0.879290184934008	-0.327043544460651	-1.01567967662192	2533	68	COL18A1|GPRASP1|LGALS3BP|CTSA|PSMB5|PSMB6|CTSD|CST3|AGRN|SDC4|CLSTN1|PSMA7|CD81|PRSS2|CTSH|AKR1A1|TUT1|FN1
DORSEY_GAB2_TARGETS	0.423005565862709	0.879297964408753	0.365303514592705	1.01617640578043	1823	29	CD44|CD69|TFPI2|CCRL2|AKAP12|GRIK1|ATP1B1
KEGG_INOSITOL_PHOSPHATE_METABOLISM	0.422954822954823	0.879297964408753	0.321210442325581	1.00538407719351	1731	52	PLCE1|PIK3C2A|PIK3CA|PIKFYVE|INPP5K|IPMK|OCRL|INPP4B|PIP5K1B|PIK3C3|PIK3CG|MINPP1|INPP5B|PTEN|PLCD3|PLCB1|SYNJ1|INPP4A|INPP1|IMPA1|PIP4K2A|PIK3CB|PIP5K1A|IMPA2|PIP4K2C
GENTILE_UV_RESPONSE_CLUSTER_D2	0.423104015027002	0.879320518186551	0.349548643776696	1.01246984511217	1801	35	NUP153|SATB2|SNX4|EIF4E|NFE2L2|GTF2E1|BACH1|SECISBP2L|ZNF217|PHF3|CHD1
GSE21379_WT_VS_SAP_KO_TFH_CD4_TCELL_UP	0.423487544483986	0.87975330536636	0.267016632546473	1.00292121738825	1427	174	AJUBA|TSLP|CCDC120|TLE6|MS4A3|MYOM1|STAP2|ZNF410|ABCC3|RND2|USP2|DLC1|PTGS1|LHPP|AKAP12|KHK|SCARF1|ZFP37|F5|SLC4A3|NREP|FGFR1|RHOJ|DMKN|ICA1|CARD10|CTNND1|DSG2|ESAM|RAPH1|ATG9B
ZHAN_MULTIPLE_MYELOMA_PR_DN	0.423436376707405	0.87975330536636	0.332951631215417	1.00696885307075	1766	43	TBC1D10C|FGD4|KAT2B|ARID5B|PLCL1|DDHD2|CBX7|NLK|EPS15|SYNE2
GSE24142_ADULT_VS_FETAL_DN2_THYMOCYTE_UP	0.423893268647665	0.879867789637151	-0.288563485154147	-1.01157342699142	2795	169	MXD3|TEP1|SLC30A4|TSC22D3|RCAN3|LATS2|ADGRD1|ENC1|RAB38|CD84|GRN|DGLUCY|TMEM63A|DBP|SUN2|IFIT2|UCHL1|LAMB3|MDFIC|FRMD6|MBOAT1|PKP3|LTBP3|BCL6|ID3|IGF2R|DHRS3|STK11|DECR2|RAB11FIP5|CPQ|ZBTB20|PISD
GSE24972_WT_VS_IRF8_KO_MARGINAL_ZONE_SPLEEN_BCELL_DN	0.423800168397418	0.879867789637151	0.274396093829918	1.00360731167025	1509	140	CNRIP1|TTC21A|ACBD7|CPVL|MBTPS2|PJA1|LZTFL1|RTN4|ZNF644|TVP23B|ESD|LRP2BP|CLDN9|MLC1|TMED6|PAX5|PPY|RSPH6A|SLC25A48|SLC25A36|PDE11A|SPCS1|DOCK11|PIGH|AGGF1|SSR1|CASD1|BECN1|ZBTB37|ADNP|UBE2D3|ACBD5|C18orf54|ATF2|COMMD10|APEX1|CWF19L2|SSBP1|ASXL2|BMP10|RAB6B
GSE33424_CD161_HIGH_VS_INT_CD8_TCELL_DN	0.42383808095952	0.879867789637151	-0.286118146063798	-1.01084008689577	2826	179	MATN1|ADAM19|ACKR1|SLC46A1|NDUFA2|SH3PXD2A|MRPL41|SRCIN1|SELENOV|NSG2|ACTN2|FAS|MRPS14|SEMA4F|RAMP1|TSPO|ATOX1|SMDT1|IGF2R|LSM7|UQCRQ|HPCAL1|F2R|PALM|MYBBP1A|ATP5IF1|SNHG6|CDCA3|G0S2|RNF149|RCN1|NUDT1|YJU2|HCN3|MYBL2|TUBA1B|CD3D|NFE2|FLOT1|RPS26|RRP7A|SOCS3|RWDD4|MCM2|S100A6|NDUFB6|ITGAE|P3H3|CCT7|ARAP3|MRPS28|PFKP|DHCR24|CDC20|EDEM1|KIF22|CBX6|SLC25A10|BAG6
GSE3994_WT_VS_PAC1_KO_ACTIVATED_MAST_CELL_DN	0.42365784357709	0.879867789637151	-0.28641018475175	-1.01198951353802	2832	178	STOML1|BSCL2|B4GALNT4|ABCB4|PAK6|TASP1|REN|ARID5A|MICALL2|MMP1|ZIC1|GPC1|PTK2B|NFIL3|ECE1|CASZ1|SLC15A2|MDFIC|CSNK1D|MSRA|GGT7|CPNE1|VPS39|NISCH|DPH7|CNP|EVL|ZBTB43|SIGIRR|AP1B1|FBXO31|PAFAH1B1|SOCS3|NELFB|VPS13B|ARMCX3|LY6E|TYK2|TMEM39A|PI4KA|RADIL|SUGP1|ADAM8|ABHD16A|ARAP1|SEC24C|RBM10
REACTOME_TRANSPORT_OF_BILE_SALTS_AND_ORGANIC_ACIDS_METAL_IONS_AND_AMINE_COMPOUNDS	0.424041297935103	0.87999308428211	0.317701824555123	1.00515054795479	1724	56	SLC18A2|SLC13A4|SLC22A4|SLC22A1|SLC30A10|SLC39A10|SLC44A1|SLC39A1|SLC2A13|SLC22A15|SLC5A11|SLC22A2|SLC40A1|SLC30A1
BRIDEAU_IMPRINTED_GENES	0.42468085106383	0.880365595721314	-0.346560395349065	-1.00958176090321	2494	46	ASCL2|SLC22A18|OSBPL5|MST1R|DCN|COMMD1|DLK1|IGF2R|DHCR7|TSSC4|CD81|CDKN1C
GSE27786_CD8_TCELL_VS_ERYTHROBLAST_DN	0.424400115640359	0.880365595721314	0.270406251449323	1.00488912816944	1467	160	CCDC120|NXPH3|ASAH2|IFIH1|AGO4|ARHGAP28|ALDH1L1|TNFSF4|CENPQ|USP25|STRADB|AMMECR1|MACIR|MYCBP|USP6NL|ADIPOR1|SLK|NDC80|KPNA2|IPMK|GTF2A1|SPINK4|RSAD2|CPXM1|SPAM1|MYEF2
GSE37416_12H_VS_48H_F_TULARENSIS_LVS_NEUTROPHIL_DN	0.42446371519854	0.880365595721314	-0.289547889725329	-1.01174123132016	2789	163	SLC26A11|ATP2B1-AS1|MIR9-1HG|LPAL2|SYNM|RPS28|PIK3C2B|NACA4P|KHDRBS3|COMMD4|MZT2A|FCRLB|DYRK2|SGSH|ATP13A3-DT|LONP1|CLCN7|CAPN12|IL18BP|RPL38|SMDT1|RPS10|FAM161B|GNPTG|PHC1|ZBTB5|PAAF1|SNHG6|NISCH|FHDC1|EVL|VAC14|POLR2A|KLHL21|TMEM214|TMC6
GSE37605_TREG_VS_TCONV_C57BL6_FOXP3_FUSION_GFP_DN	0.424834722621443	0.880365595721314	0.272632286708934	1.00446272480855	1477	151	DPYSL2|NXT2|GPR160|MAN2B1|GNAI3|VSIR|S1PR2|FNDC3B|LANCL1|SOSTDC1|UBASH3A|LMO7|IDH1|RBM7|GSTM2|NIPAL1|CHIC1|SLC22A15|RASSF6|TOX|SYT11|RIT1|PLS1|MCU|POGLUT3|FRG1|ZDHHC2|BMPR1A|SEMA4A|TSG101|SEC24A|COQ3|QPCTL|CAV2|C2orf88|FAM78B|GGH|IL13RA1|OSBPL3|RAB31|BHLHE40
PID_DELTA_NP63_PATHWAY	0.424745118368758	0.880365595721314	-0.356244217484803	-1.0098177823097	2457	40	POU2F2|SFN|AXL|RAB38|NRG1|FASN|GSK3B|HELLS|HES1
REACTOME_CILIUM_ASSEMBLY	0.424791914387634	0.880365595721314	0.263115190615323	1.00523988960615	1428	194	DYNC2LI1|NEDD1|BBS12|EXOC5|PKD2|PLK4|TTC8|IFT56|BBS2|CEP162|CCT8|KIF3C|WDR35|LZTFL1|ARF4|CEP135|CCP110|YWHAG|BBS1|RAB11A|RP2|TCP1|DYNLT2|ARL3|KIF3A|CEP97|EXOC8|HAUS5|IFT57|HAUS1|IFT74|CDK1|EXOC6|TRIP11|CCT4|IFT70A|TUBB1|RPGRIP1L|SCLT1|SEPTIN2|CEP152|ARL13B|CEP78|TNPO1|NEK2|CLUAP1|CEP57|CETN2|NDE1|CEP76|CKAP5|HSP90AA1|CEP70
WP_RESISTIN_AS_A_REGULATOR_OF_INFLAMMATION	0.424695977549111	0.880365595721314	0.362591316264363	1.01432372985153	1815	30	CXCL8|PLCE1|PIK3CA|MAPK1|PIK3CG|CHUK|MAPK14|PLCD3|PLCB1
KASLER_HDAC7_TARGETS_2_DN	0.425327510917031	0.881204861627483	-0.376343371551675	-1.01551294737496	2434	31	IFITM2|STC2|SEMA6A|MDGA1|PYCR1|CACNB3|BBC3|VEGFA|SESN2|CDKN1A
BIOCARTA_GPCR_PATHWAY	0.425788497217069	0.881814594554534	0.364373021173902	1.01358802264107	1835	29	GNAQ|PRKAR1A|PPP3CB|CALM2|NFATC2|ELK1|CREB1|PPP3CA|RPS6KA3|PRKAR1B|MAP2K1|PRKCB
REACTOME_ARACHIDONIC_ACID_METABOLISM	0.425797503467406	0.881814594554534	-0.362160984179721	-1.01219182321612	2455	37	DPEP2|CYP4F2|TBXAS1|HPGD|MAPKAPK2|PTGES2|PTGR2
GSE22935_UNSTIM_VS_48H_MBOVIS_BCG_STIM_MYD88_KO_MACROPHAGE_UP	0.425970149253731	0.881990172897887	0.267071116155391	1.00379157959967	1426	176	GPD1|SENP8|ZKSCAN8P1|PLAAT1|RGS2|ZKSCAN8|SMARCA1|TSKS|DUSP19|UBA6|ZFP82|PDGFB|TDRKH|MRTFB|RAB22A|NPR2|AAK1|PDS5A|PJA2|INCA1|SCRG1|TSPAN12|WDR89|APOO|TBC1D19|KLHL8|ZSCAN29|TSNAX|PSTK|RRM1|PIWIL4|ACAT1|PPM1K|FILIP1|DNAAF10|HCN2|PPP4R3B|MTF2|LINS1|LEPR|PRDM2|MBD4|POT1|USP28|PHKA2|SENP7|ATM|NDUFAF2
KEGG_ARACHIDONIC_ACID_METABOLISM	0.426074633915919	0.882024577283562	0.343311850115159	1.00743864211521	1803	37	PLA2G3|JMJD7-PLA2G4B|ALOX12|PTGS1
GAUSSMANN_MLL_AF4_FUSION_TARGETS_E_UP	0.42620232172471	0.8821069908191	-0.324388629029661	-1.01366547340448	2569	70	SVEP1|L1CAM|ADGRE5|SEMA3B|CARNS1|CTHRC1|GCA|GNRHR|COLEC12|SORBS2|RAB40B|FOS
GSE16385_ROSIGLITAZONE_IL4_VS_IL4_ALONE_STIM_MACROPHAGE_12H_DN	0.4268549113848	0.882184393757592	0.267064652709669	1.00672959521906	1420	180	SERINC5|ARMCX1|TNFSF4|ASB9|SOCS6|NEDD4|MME|ABCC4|RIMS3|IMPACT|GNAQ|KLF10|OPA1|HIBCH|UTRN|ELMO1|RRAS2|POGLUT2|HK2|RCBTB2|NUDT11|HOXA5|XYLT1|CR2|RNF144A|LITAF|SAMSN1|CTNND1|SOCS2|C1orf54|MAP4K3|CLIC4|CASD1|FTO|PRR3
GSE21033_CTRL_VS_POLYIC_STIM_DC_6H_UP	0.426807228915663	0.882184393757592	0.265084386673066	1.00431578565976	1416	186	MEX3C|COPS2|ST3GAL5|NABP1|UBA6|DNTTIP2|AFF4|AMMECR1|PFKFB3|ETNK1|SACS|SMNDC1|ZFYVE16|SLC30A6|CEP135|PICALM|ODR4|SPATA6L|PLA2G4C|GATA6|PIK3C3|NFE2L2|FCGR2C|UBE2W|TOPORS|ZNF654|RAPGEF6|RHEB|PPFIBP1|FAM3C|UBE2D3|BACH1|DHX15|FBXO28|PRKCZ-AS1|ANXA5|GABPA|AZI2|DERL1|GOLT1B|ARHGAP5|CEP170|NCS1|PRDM2|CHMP1B|DDX21|ECD|USP16|NUMB|OSR2|SYNJ1|BTBD7|FBRS|HSPA9|PNRC1|ASH1L|BTG3|PHF10|NUP58|SFPQ|PORCN|DYRK3|NR3C1|ATXN3|SLC27A2|BCL2L11
GSE45881_CXCR6HI_VS_CXCR1LO_COLONIC_LAMINA_PROPRIA_DN	0.426648721399731	0.882184393757592	-0.284577517903151	-1.00910949418647	2852	185	SPIB|RHOBTB2|ATP2A1|KIF1A|RASGRP3|ABCB4|GPR68|TMED9|SYNGR2|LAMA5|MIIP|ECI1|CD19|TCL1A|TPD52|LAMB3|ENTPD1|LIN7B|MYDGF|YPEL1|ATOX1|TMED1|KCNN4|IGSF3|TREML2|TCTN1|TELO2|HEMK1|CNPY3|SFMBT1|DDAH2|NENF|CD2BP2|AKT2|ARHGAP22|DCTPP1|ATP6V0A1|FBXO31|ERP29
GSE46606_IRF4HIGH_VS_WT_CD40L_IL2_IL5_DAY1_STIMULATED_BCELL_DN	0.426627218934911	0.882184393757592	0.267103897287794	1.00246272555978	1441	173	UBTD2|KCTD12|EFNA2|BLZF1|CLN5|SEC24B|RFFL|CLDND1|KPNA3|PPM1B|MARCHF7|BCLAF3|MAPK1IP1L|SMNDC1|SLC30A6|DCAF13|ZDHHC21|MAPK8|TCP1|PCNP|CDC27|AGBL4|ICOSLG|RPS6KA2|NOP58|INTS12|PDE12|CPSF2|CTNND1|RAP2C|REL|SMG8|SHD|CLIC4|PRMT6|RNPC3|DNM1L|DHX15|IL17RE|PSMD10|CD47|SDAD1|SENP1|ZC3H15|SPRED1|ADORA2B|USO1|ZFAND5|HSP90AA1|STAU1|RIPK2|SAV1|PTPN9|PNP|PARP9|FIP1L1|RBM12|OPTN|MAFF|VDAC3|DNAJC21|RAB20|KTN1|PPP1R15B
KEGG_MEDICUS_ENV_FACTOR_ZN_TO_ANTEROGRADE_AXONAL_TRANSPORT	0.426767676767677	0.882184393757592	-0.427061042409961	-1.0208524998443	2365	18	TUBA3E|TUBB2B|GSK3B|TUBA1B|TUBB3|TUBA3C|TUBB4B
OUYANG_PROSTATE_CANCER_MARKERS	0.426719481454807	0.882184393757592	-0.421123615532493	-1.01984240415816	2369	19	IGFBP2|MET|CDKN1A|FN1|AMACR
REACTOME_RNA_POLYMERASE_III_TRANSCRIPTION_TERMINATION	0.426638176638177	0.882184393757592	-0.400753274450273	-1.01147521080173	2395	23	POLR2L|POLR2F|POLR2E|POLR1C|POLR3K|POLR3GL|CRCP
WP_CILIOPATHIES	0.427046263345196	0.882398186796845	0.266588299410706	1.00131238730949	1439	174	RPGRIP1|CFAP410|DYNC2LI1|POC1B|KIF7|TBC1D32|BBS12|PKD2|PLK4|TTC8|AK7|EVC|BBS2|NEK9|RAB23|WDR35|LZTFL1|INVS|ATXN10|TAPT1|BBS1|RP2|CFAP418|OCRL|MCIDAS|RSPH4A|ARL3|FLCN|IFT57|NME7|TOPORS|RAB28|RPGRIP1L|SCLT1|TMEM237|NEK1|TRIM32|ARL13B|CEP120|CEP78|NEK2|CLUAP1|EFHC1|CFAP298
CHEBOTAEV_GR_TARGETS_UP	0.427549492596906	0.882421271247003	-0.326231703692898	-1.01238209496209	2569	67	MGAT4A|TFAP2E|CPEB3|TNFRSF21|IFIT2|TGFB3|STC2|SEMA6A|GNMT|SLC26A6|HPGD|RAB11FIP5|P4HA2|TTC28
CHIANG_LIVER_CANCER_SUBCLASS_INTERFERON_DN	0.427682737169518	0.882421271247003	-0.355531249711314	-1.00779678800145	2474	40	VWCE|PAGE4|CCDC170|MLXIPL
ELLWOOD_MYC_TARGETS_DN	0.427760699929061	0.882421271247003	0.338092935138696	1.00426433347352	1808	39	EGF|ERP44|BGLAP|NKX3-1|DAZAP2|ALDH2|CA2|INPP5B|IDE|PEX2|C11orf54|CDS2|TP53INP2
GSE17721_CTRL_VS_LPS_0.5H_BMDC_DN	0.427390258568852	0.882421271247003	-0.286397947019639	-1.00971569745259	2842	176	TNS2|VASN|PLA2G6|RDH16|POLR2F|TMEM115|MUTYH|RPLP2|NDUFB2|SYNGR2|UBL5|MOGS|ZC3H12C|MMP1|NOP2|SLC27A1|TIMP1|PSMG4|TBCC|TTLL1|TKTL1|SH3D19|VPS18|THAP7|ZC3H12A|MXD4|TRMT1|NDUFB7|RIN1|MAP4K2|TRAP1|STRADA|WDR83OS|MPV17|NSMF|MMP17|SIGIRR|SPIRE2|NRARP|NDUFB11|NUDT7|TNIP2|EIPR1|RBM26|SNRNP70|SRRT|METRNL|RFXANK|TMEM39A
GSE22229_UNTREATED_VS_IMMUNOSUPP_THERAPY_RENAL_TRANSPLANT_PATIENT_PBMC_UP	0.427683444511825	0.882421271247003	-0.288244751524456	-1.01045609064544	2820	169	TMCO4|LYRM9|ZNF541|PAK6|AXL|H2BC13|GIGYF1|CLCN2|CXCL16|GRM3|DSC3|STK39|DKKL1|LGALS3BP|COMT|CRYGS|FHL1|IL18BP|BAHCC1|TSC1|DDO|TRIP6|KCNN4|SLC2A3|LRSAM1|WIZ|ARHGAP6|H2AC25|SLC66A2|EXTL3|CTTN|RGS12|SAMD9L|RNASE1
GSE23321_CD8_STEM_CELL_MEMORY_VS_CENTRAL_MEMORY_CD8_TCELL_DN	0.427367153394551	0.882421271247003	-0.283900808043843	-1.00960750024363	2838	193	DND1|APOLD1|ATRN|THAP8|NUP210|CARD19|UVSSA|SPSB2|CHST12|NSUN5P2|NBEAL2|GOPC|SAC3D1|SH3BP5-AS1|TMEM38A|SPG7|TMEM107|PLOD3|MED22|TBCC|FAS|MYO1G|MAGED2|PPP1R35|NAA60|TSC1|DIAPH1|CRYZL1|ENTPD6|NOL4L|DNTTIP1|ZNF407-AS1|AKT2|HIRIP3|SIGIRR|IRAG2|IRF9|EHMT2|TRIM11|PINK1|SCPEP1|SH3BGRL3|ZNF780A|TXN2|CRTC2|ZNF512B|MGAT1|EBP|MSRB1|PLCD1|ANTXR2|RBM6|SAMD1|CDK5RAP2
GSE3039_CD4_TCELL_VS_B2_BCELL_UP	0.427690920024053	0.882421271247003	-0.286313922904124	-1.00941946464337	2844	176	TRPM2|TRIM45|PLCB4|STX11|RAP1GAP2|PDE2A|PLXNB2|SELENOM|FCSK|LPCAT4|HELB|UBA7|APOE|AATK|SIGLEC10|STK39|NRM|TRIOBP|ARHGAP26|PPP1R35|TMCC2|ANKS3|TRIP6|PIGL|RFC2|SP110|THBD|AGRN|TBC1D25|RHOB|NR4A1|OAZ1|FBXO10|SH3BP5L|HSPA1A|FLOT1|MFSD9
WILLIAMS_ESR2_TARGETS_UP	0.42771509167842	0.882421271247003	-0.392523933600286	-1.01103686417778	2425	25	VASN|QSOX1|FAM234A|APOD|HMGCL
GSE27786_CD8_TCELL_VS_NKTCELL_UP	0.428227505266326	0.88265866485901	0.265413840843002	1.0040065299891	1422	184	DPYSL2|BICDL1|SLAMF6|PIGA|CARMIL2|CATSPER2|TGFBR2|PDK1|CDC7|EIF3E|EEF1AKMT1|LANCL1|EIF4G2|PNPT1|DCTN4|UTP18|NBR1|NHEJ1|CEP135|MEX3B|PIAS2|IFRD1|FAM13B|ATP1B3|MTSS1|GPRASP3|SFRP2|CYP46A1|SH2D4B|TDRP|ARL3|LIN9|PELI1|NME7|NIP7|CWC15|MRPL38|KMT2E|THOC7|RPL4|LRRC23|PGAP3|ABRAXAS1|FRYL
REACTOME_HIV_INFECTION	0.428163653663178	0.88265866485901	0.26026371795806	1.00455405902473	1349	221	PSMC6|XRCC4|PSMC1|PSMD5|TAF9B|NPM1|AP1S2|RANBP2|SEH1L|PSMA1|PSMA4|NUP153|NUP35|NUP107|ELMO1|NCBP2|NUP37|NUP160|PSMD6|GTF2A1|NUP133|VPS37D|GTF2H2|TAF1|NUP205|CCNH|GTF2E1|AP1G1|TSG101|CHMP4C|PSMD10|SKP1|PSMA2|PSMA6|CCNT2|CHMP2B|PSMC2|CHMP5|SUPT4H1|GTF2B|TAF9|PSME4|NUP88|SLC25A5|NCBP1|TAF4B|PSIP1|CUL5|PSMD14|PSMD11|VPS4B|RAE1|NUP155|NUP54|VPS37A|GTF2H1|CTDP1|PSMC5|VTA1|NUP50|KPNA1|NDC1|TAF12|DOCK2|KPNB1|TAF3|POLR2K|NUP58|SLC25A4|PSMA3|GTF2H5|POLR2B|TCEA1|FEN1|NELFCD|NUP98|PDCD6IP|MNAT1|POLR2C|RNGTT|TAF11|NELFA|BANF1|XPO1|PAK2|NUP43|PSMF1|CHMP3|TAF2
REACTOME_NEUTROPHIL_DEGRANULATION	0.428132103222356	0.88265866485901	-0.264040922927636	-1.00782022228722	3201	423	GAA|TRPM2|A1BG|PRG2|HSPA6|RAB4B|PTPRB|ANPEP|TYROBP|C3|NHLRC3|S100P|ADGRG3|CD14|ARSA|PYCARD|GHDC|QSOX1|CXCL1|HBB|C1orf35|SYNGR1|ADGRE5|GRN|GSDMD|NBEAL2|STK11IP|TMEM63A|TCIRG1|ARHGAP45|GCA|ITGAX|MNDA|CRISPLD2|CFD|CYBA|PPIE|TOM1|MIF|RHOF|C5AR1|KCNAB2|PIGR|ACP3|MGAM|NAPRT|PSAP|CTSA|NCSTN|STING1|IGF2R|UNC13D|CTSD|CST3|DGAT1|GMFG|DIAPH1|SLC2A3|DYNC1H1|TRAPPC1|CPNE1|UBR4|MLEC|AGPAT2|PRTN3|PSMD2|ACAA1|TNFRSF1B|GNS|ITGAV|NDUFC2|PTGES2|LAMP1|GSTP1|ATP6V0A1|IRAG2|HSPA1A|TMC6|NEU1|RNASET2|LPCAT1|AP1M1|PRSS2|MANBA|PSEN1|CSTB
REACTOME_OTHER_INTERLEUKIN_SIGNALING	0.428031666066931	0.88265866485901	-0.406450685760489	-1.01352146003059	2378	22	STX1A|STX4|IL16|STXBP2|PRTN3|TYK2|VAMP2
REACTOME_NUCLEAR_EVENTS_STIMULATED_BY_ALK_SIGNALING_IN_CANCER	0.42837176799441	0.88277474997493	0.352229363780452	1.00734974748358	1838	33	PTPN6|AGO4|NPM1|CCNB1|MAPK1|IL10RA|SKP1|RB1|AGO1
GSE13522_WT_VS_IFNAR_KO_SKING_T_CRUZI_Y_STRAIN_INF_DN	0.428483448806774	0.882823657455337	-0.293332873525632	-1.01204192967843	2782	146	ASCL2|LAT|LAG3|PLAT|AHRR|DGAT2|COX14|RCN3|SLITRK6|PNPLA1|TMEM163|CYBA|DNAJC22|LRRC75B|UQCC5|TBRG4|TIMP1|NPFF|TSPAN9|SLC16A5|LARS2|ITGB5|SLC26A6|CPQ|GRHPR|FAM83H|F2R
BERTUCCI_MEDULLARY_VS_DUCTAL_BREAST_CANCER_UP	0.428914938382928	0.883095346713312	-0.283778105886638	-1.00880570146377	2853	192	BHLHA15|LAG3|ZFP42|IL15|RPS21|TYMP|PNKD|IFI30|CBS|ASPHD2|PSMB9|TAP1|HLA-DOB|IQCG|BTN3A1|APOE|RNF207|CYBA|ICAM1|PUS1|ERO1B|STYK1|NOP2|EME2|NME3|PSMG4|C1RL-AS1|PSAP|TRABD|PSMB10|SLC7A1|MICB|CDCP1|RILPL2|NOP16|TNFRSF1B|CDCA3|SNHG12|GTSE1|IL15RA|ZMIZ2|SOCS3|ELL|CLEC2D|CHCHD1|TRAF3|DESI1|C9orf72|TNFAIP2|IRF1|RELB|ZNF512B|ERAP1|C1orf174|ADAM8
GSE21546_SAP1A_KO_VS_SAP1A_KO_AND_ELK1_KO_ANTI_CD3_STIM_DP_THYMOCYTES_DN	0.428808446455505	0.883095346713312	-0.286507293988773	-1.00828378011638	2842	174	TRIM45|WFS1|IL11RA|PDE2A|DGAT2|CD37|RAB34|TSPAN5|ARID5A|DIAPH2|VILL|TRIO|SH3PXD2A|ITIH5|EEIG1|DENND1C|RDH12|CYBA|NAPSA|ICAM1|ACVR1B|MET|ANKRD63|CA12|KLK8|MYO1G|MBOAT1|CHD3|LTBP3|BCL6|SORBS3|SLC26A6|MSRA|HEXA|B4GALNT1
GSE36888_STAT5_AB_KNOCKIN_VS_WT_TCELL_IL2_TREATED_6H_UP	0.428891879766712	0.883095346713312	-0.285718574202238	-1.00954580636272	2867	178	ESPN|IL21R|IRF7|FAM234B|TASP1|HELB|ADGRE5|COMMD4|CLN3|RPP21|BEND6|SGSH|DYNLRB1|CHCHD10|IFIT2|MUC5B|RIGI|CXXC1|CLCN7|HGS|SUCO|AREL1|FHIP2B|SLC10A3|ISG15|LYL1|DDT|MYO9B|RHOB|HEXA|B4GALNT1|MRPS21|CEBPB|BORCS8|PACSIN1|NMRAL1|GRINA|DYNC2I1|ZNF569|ASRGL1|POLR2A|MDK|SH3KBP1|DTNBP1|APBA2|NINJ1|ACYP1|ACP2|BCKDK|SH3BGRL3|EPB41L2|GRAMD1A|WDR59
GSE37416_CTRL_VS_0H_F_TULARENSIS_LVS_NEUTROPHIL_UP	0.428967215637987	0.883095346713312	-0.291926757058216	-1.00938541910257	2786	149	CARMN|C6orf132|MLXIPL|ELMO3|MAGEA8|CTRL|HCST|VMO1|TMCC3|FGF17|EXOSC4|DCAF15|CMKLR1|CYP2F1|RTKN2|CNTROB|ANKS3|TRIP6|UNKL|STX5|RPP25|MNX1|B4GALT2|ARMC6|GSK3B|ICAM3|NMNAT1|HOXB8|ICAM4|SUPT6H|EML2|SRRT|PHF2|PCBD1|CEMIP2|DDX54|CNOT9
URS_ADIPOCYTE_DIFFERENTIATION_DN	0.429125528913963	0.8832401187694	-0.392355870594254	-1.01060397874059	2433	25	CD37|ZNF169|COL6A1|COL6A3|DCN|ROM1|PPARD
REACTOME_TERMINATION_OF_O_GLYCAN_BIOSYNTHESIS	0.429292929292929	0.883271390363052	-0.426276232682574	-1.01897648004258	2379	18	MUC5B|MUC1|ST3GAL3|ST3GAL2
REACTOME_VASOPRESSIN_REGULATES_RENAL_WATER_HOMEOSTASIS_VIA_AQUAPORINS	0.429392303674038	0.883271390363052	-0.364842151904221	-1.00875155811828	2465	35	AQP1|GNG8|GNB3
ZWANG_CLASS_2_TRANSIENTLY_INDUCED_BY_EGF	0.429404700634757	0.883271390363052	-0.351699075967871	-1.01046184485054	2502	43	TAGLN|ENC1|SPOCD1|HOXC13|SPHK1|LIFR|FHDC1|RNF24|TAF1D|CLCF1|HOXB8
GSE33162_UNTREATED_VS_4H_LPS_STIM_HDAC3_KO_MACROPHAGE_UP	0.429601803155522	0.883495779568763	-0.283824300935152	-1.0084453769775	2858	191	MXD3|ABRACL|TYROBP|IAH1|CRIP2|BSCL2|SYCE2|MT2A|INCENP|ITPA|GRN|ATP5ME|IFITM2|ITGAX|TMEM163|TMEM208|GPC1|FLAD1|AURKB|SDF2L1|TBCB|ENTPD1|LIG1|RNH1|LYL1|CTSD|PRF1|RFC2|PSMB10|ATP5PF|PPP2R3C|ITGB1|MRPL57|UGDH|NFE2|MTCH1|ECH1|MCM2|DNMT1|NDUFB6|MRPL4|SH3BGRL3|MCM7|SURF1|PIH1D1|S100A13|CDC20|OTULIN|CRELD2|CPTP|H2AX|PKIG|MCM6|COX6C|MVB12A|MYADM|SPI1|ANXA4|CROT|TPX2|MRPL10|NUDT19|FAM110A|CDK4|UBE2C|SNRNP25|SLC25A11|MID1IP1
DUTTA_APOPTOSIS_VIA_NFKB	0.429746281714786	0.88361187543077	-0.372318414288738	-1.00970106544253	2455	32	CYLD|TNFRSF21|IER3|FAS|TRAF2|TNFRSF10A|BCL2L1|TNFRSF10B|BIRC5|TERT
GSE17721_CTRL_VS_LPS_12H_BMDC_UP	0.4302377747869	0.883811951268393	-0.284104786904842	-1.00743319402718	2876	185	PLXNB2|CREBRF|RHBDD3|IFI30|ENC1|B3GNT8|NDUFA2|GON4L|CENPT|D2HGDH|PHPT1|GIGYF1|ABCB8|CD48|TTYH2|HCFC1|RHOT2|MED22|HMGCL|ADAM11|SEC61B|SLC25A45|CTSA|KCNE5|CSRP2|ADAM15|SWSAP1|SLC26A6|DGAT1|XPC|ABCD1|SPN|MRAS|ATP5IF1|C6orf136|UCP2|CENPV|PRELID1|TMEM147|RNF149|IRAG2|IL6ST|HAUS4|SMARCD2|NEU1|UQCRHL|HCFC1R1|TPRA1|SENP3|RPL35|TRIM11|SRF|TXN2|GNA12|CAVIN1
GSE21033_3H_VS_24H_POLYIC_STIM_DC_DN	0.430309734513274	0.883811951268393	-0.300287847883821	-1.00801903424151	2722	117	MARCKS|COPS9|COX8A|SLC38A10|INCENP|ABCB8|IFIT2|LMAN2|TMEM107|MED22|HIGD2A|PPP4C|MAGED2|DHRS4|PYCR3|FANCA|TRMT1|PHF11|GATD1|ALG3|MLEC|DDAH2|SLC37A4|MRPS11|DYNC2I2|DCTPP1|NDUFB11|GOLIM4|AP1M1|CSTB|TIMELESS|OXA1L|NOC4L|ESYT1|DPM2|MRPS16|ISYNA1|GPR89B|H2AX|DHDDS
GSE22342_CD11C_HIGH_VS_LOW_DECIDUAL_MACROPHAGES_DN	0.43037186867901	0.883811951268393	-0.295080016461083	-1.00934953654467	2765	136	KRT15|PCBP4|CDPF1|SYNM|TCAP|CD84|HSPB3|PDLIM3|COMTD1|PPP1R16A|CRACR2B|MACROH2A2|VPS18|ID3|SRM|NUDT8|ERICH1|UNKL|HIVEP1|HEPH|SLC5A3|PTCD2|RNF145|FRRS1|CCHCR1|SPHK2|NOC4L|DOLK|NRBP1|TOR3A|GCN1|TRAF5|VPS33B|SLC35B4|NEFH|AKR7A2|H3-3B|PSRC1|SLC25A22
GSE6092_B_BURGDOFERI_VS_B_BURGDORFERI_AND_IFNG_STIM_ENDOTHELIAL_CELL_DN	0.430123311802701	0.883811951268393	0.268084211936276	1.00287365487224	1464	169	MIER3|MEX3C|GPR85|CLDND1|AMD1|HIF1A|PLCL1|LZTFL1|PROCR|TMEM123|RRAS2|TAPT1|TRIB1|SLC39A1|DDHD1|CD274|EGR2|RRP15|MORF4L2|TMED5|SAMSN1|XKR8|PHTF2|KIF5B|NAMPT|PRELID3B|CS|PTPN12|DRAM1|ABI1|PIK3CG|SEPTIN7|BRAF|BIRC2|NOD1|SDAD1|ZDHHC5|PPP2CA|NCK1|FAM20B|MRPL3|HSD17B12|OSBPL3|LTV1|AEBP2|RIPK2|VTA1
KIM_MYCL1_AMPLIFICATION_TARGETS_DN	0.43014043932301	0.883811951268393	-0.41990372162128	-1.01688816579834	2388	19	PBX4|MIR9-1HG|SIMC1P1
WP_NF1_COPY_NUMBER_VARIATION_SYNDROME	0.430147058823529	0.883811951268393	0.293235568623003	1.00135991294052	1637	89	EGF|H4C5|CCNE2|H4C12|EXOC5|MAP3K1|RFC4|CCNA2|CRLF3|ROCK2|METAP2|RAB11A|MAPK1|MYT1|EXOC8|RHOA|LIMK1|EXOC6|BCL2|CRY1|RFC5|NF1|ATR|PCNA|ATAD5|H3C10|H4C8|RFC3|RBBP7|SUZ12|MCL1|EXOC4|SOS1|PRMT5|EED|WDR48
ABDELMOHSEN_ELAVL4_TARGETS	0.43095026642984	0.884108594745927	0.421372169419631	1.00925215518149	1940	16	KCNQ2|CAB39|RHOA|BCL2|CASP3|RAB10|EIF2AK2
CHARAFE_BREAST_CANCER_BASAL_VS_MESENCHYMAL_UP	0.430886558627264	0.884108594745927	-0.307615041718159	-1.00947501561113	2711	98	KRT15|TSC22D3|TRIM29|SYTL1|S100P|BSPRY|C6orf132|ELMO3|TMEM134|RTKN|ITPA|HOOK2|COX5B
GSE3982_CTRL_VS_LPS_1H_NEUTROPHIL_UP	0.431044776119403	0.884108594745927	0.266524600410249	1.00173749037059	1443	176	EOGT|MS4A3|ZNF107|DHX58|CCL2|KAT2B|HLA-B|GLI1|DNASE1L1|PECR|PPT1|DERA|NAAA|ZNF184|CBLL1|SRP19|SYPL1|PPP1R12A|PLGRKT|MFSD1|MRPS22|ALDH9A1|SOS2|LITAF|PDS5B|MED23|FCGR2C|GRK5|SLC25A14|UBA2|NKX3-2|NAA50|TASOR|LSM14A|ABI1|SEPTIN7|MEGF9|CD47|ZNF217|RBM47|FRYL|SRSF1|ASAH1|TIMM17A|ASXL2|AVL9|PEX2|FDFT1|EIF1AX|CD46|GALNT7|MSMO1|CARD8|MAIP1|USP15|PPP3CA|MRPS2|EFCAB14|MAP4K5|PIK3CB|AQP3|NSD3|PPARA|CDC42BPA
GSE46606_UNSTIM_VS_CD40L_IL2_IL5_1DAY_STIMULATED_IRF4HIGH_SORTED_BCELL_DN	0.430806257521059	0.884108594745927	0.266280676817204	1.00519471774484	1431	182	MAP10|RFX3|SNX16|CCL5|TAMALIN|CCL4|CMTM6|LAMP2|CCRL2|PHLDA1|EGR1|ETV3|PALS2|SHQ1|YWHAG|IFRD1|RAB11A|TRIB1|MPHOSPH9|RRAD|LINC01160|SYCP3|SLC35D1|APOO|SERTAD1|IL10RA|DDX5|ARMT1|HNRNPK|RNPC3|BACH1|DHX15|CHUK|CITED2|WEE1|ADORA2B|CHP1|LCORL|FUBP3|IDI1|RLIM|MCL1|MAFF|CUL4A|NUDT9|ZFP36|ARG2|ZNF317|RAB20|WAPL|AMPD3|PURB|FAM83D|SMC5|RYBP|GPSM1|JDP2|PLD3|TNFAIP3|EEF1AKMT2|CDK5R1|PPIF|FANCL|HADHB
HINATA_NFKB_TARGETS_KERATINOCYTE_DN	0.430901676483915	0.884108594745927	0.391723380989236	1.00682155789682	1901	21	ZNF185|RGS2|PTHLH|CALB1|UPK1B|DSG3
KAZMIN_PBMC_P_FALCIPARUM_RTSS_AS01_AGE_UNKNOWN_CORRELATED_WITH_PROTECTION_56DY_NEGATIVE	0.430971128608924	0.884108594745927	-0.371910749663894	-1.00859550796739	2462	32	GZMM|S1PR5
GSE37605_TREG_VS_TCONV_C57BL6_FOXP3_FUSION_GFP_UP	0.431242078580482	0.884233655758582	-0.302299416783546	-1.00698075241854	2721	110	ASCL2|A1BG|STX11|MAPK13|CUBN|NALF1|MAPK12|PBLD|SLC22A13|NTRK3|TRAPPC3L|MAFA
MIDORIKAWA_AMPLIFIED_IN_LIVER_CANCER	0.431281926538555	0.884233655758582	0.321287681347977	1.00162154525446	1772	51	FZD8|CCN1|DDIAS|ARHGAP23|CAPZA2|FASTKD3|DDX52|MTRR|CUL2|SSR1|CAV2
COLIN_PILOCYTIC_ASTROCYTOMA_VS_GLIOBLASTOMA_UP	0.4315036900369	0.88429043054763	0.370241078764956	1.01142751444412	1870	27	NLGN2|SCRG1|DKK3|SERPINE2|RTN3|EEF1A1|GLUL
GSE17721_12H_VS_24H_CPG_BMDC_DN	0.431865828092243	0.88429043054763	0.264002580946806	1.00410345728411	1441	190	MEIS1|MTMR6|TM6SF1|TGFBR2|SLC22A4|WDFY3|ABCC3|BPNT2|UCHL3|MRPL42|ROCK2|UNK|NAB1|DNA2|TMED2|LRPPRC|PRKRA|AGK|ZDHHC6|RCBTB2|LRRTM1|OTULINL|SOX21|PPIL4|TRIAP1|MRPL47|PIK3C3|UBA2|EIF2S1|IFT70A|CDKN1B|C1D|MRPS30|PIK3CG|HACD3|ELOVL5|PSMA2|PSMA6|STMN1|APEX1|PAK1IP1|PTEN|PARK7|FUCA2|ZNF124|PEX2|HTATIP2|CHCHD3|ADH5|VPS37A|ATXN7L1|BCCIP|MTX2|ATL2|SH3GLB1|UBR1|RBBP7|NUP58|MAP1LC3B|PEX19
GSE37532_WT_VS_PPARG_KO_VISCERAL_ADIPOSE_TISSUE_TREG_UP	0.43192627824019	0.88429043054763	0.262518285071786	1.00295939313885	1452	194	ZNF367|SGO2|CDC7|CETN3|PLK4|RRM2B|DEPDC1B|MME|KIF18A|ANKRD36|CEP20|RFC4|CGGBP1|PPP6C|ARHGAP11A|ECT2|NDC80|TAPT1|KPNA2|COP1|NUSAP1|CDC27|TAPT1-AS1|TRIM24|BACH2|RAP1B|SRP9|RPS27L|CKAP2L|YWHAZ|TYMS|PAPSS1|DONSON|CLIC4|PTP4A2|ZCCHC10|RRM1|C18orf54|SEPHS1|STMN1|DCP2|PEX5|PHF3|CENPI|KIF14|LSM3|CDKN3|STIL|PSIP1|CEP76|SYF2|TRIM59|PAPOLG|IQGAP3|PCLAF|CENPJ|HNRNPA2B1|CCDC150|CDC25C|NT5C2|GPSM2|SARNP|CPSF6|DEPDC1|TCEA1|DLGAP5|MELK|CDK19|HMGB2|TDRD7
GSE3982_NKCELL_VS_TH2_UP	0.431911340519205	0.88429043054763	-0.288792312647656	-1.00892242898953	2844	162	MTCL1|NEIL1|STOML1|SPON2|ENC1|SNN|BSN|TBKBP1|ACTL8|KLF12|FYN|ACTN2|C5AR1|IL1B|NRG1|IGHA1|SH2B2|SLC10A3|YPEL1|TJAP1|USP19|SAP30L-AS1|LINC00623|ABL1|PLEKHF1|RGS19|NISCH|TSC22D1|RNF220
KEGG_MEDICUS_PATHOGEN_HTLV_1_TAX_TO_SPINDLE_ASSEMBLY_CHECKPOINT_SIGNALING	0.431611495089123	0.88429043054763	-0.436938329548943	-1.0139227635728	2372	16	CDC26|ANAPC11
REACTOME_FORMATION_OF_WDR5_CONTAINING_HISTONE_MODIFYING_COMPLEXES	0.431775380927923	0.88429043054763	-0.351907423448091	-1.00796833493843	2521	42	TASP1|CXXC1|TADA2A|HCFC1|KMT2B|AKAP8L|SETD1A|KMT2D|MBIP|MEN1|PAGR1|KMT2A|KAT2A|KAT8|PAXIP1|TADA3|MCRS1
WP_NONGENOMIC_ACTIONS_OF_125_DIHYDROXYVITAMIN_D3	0.431460674157303	0.88429043054763	0.30871278725093	1.00291391388208	1727	64	CXCL8|PLCE1|PRKCH|CD40|CAMK2B|CCL2|CYP27B1|SP3|MAPK8|MAPK1|RSAD2
GSE24574_BCL6_LOW_TFH_VS_NAIVE_CD4_TCELL_DN	0.432530667878237	0.88534723575892	-0.287995210865144	-1.0085373810621	2855	166	TEP1|EMILIN1|H2AC11|APBA3|RTN2|PNMT|SMTN|CD101|FLT1|ATP1A3|MUC5B|SORBS2|SLC26A10P|STAB1|PGF|TIMP1|ST8SIA5|H4C2|NDRG4|MAGED2|EPHB6|TBCD|BCL6|SNRPB|DMPK|ID3|ABCD1|RBFOX2|BAP1|ABL1|ZNF81|VAC14|MYBL2|TENT4A|RPS12|H1-5|EMC1|NDUFA7|GRAMD4|PSEN1
GSE19888_CTRL_VS_A3R_INHIBITOR_TREATED_MAST_CELL_DN	0.432619837202291	0.885349220354047	0.264359494072606	1.00292992692808	1434	188	CXCL8|HSPBAP1|PELI2|TNFRSF14|RGS2|ABTB1|ZNF354A|RNF11|CSTA|TRIM23|ARID5B|PDE3B|TP53INP1|LINC01560|KDM7A|OTUD1|ZBTB18|PAIP2|ERBIN|CLK4|DUSP22|NBR1|DMXL2|TSC22D2|ZFYVE16|PIAS2|PICALM|MED13|PLXND1|HECA|GPR183|TAPT1-AS1|ATP8A1|BEX3|PCMTD1|UBE2E1|UBXN7|PELI1|RESF1|NAA50|NAMPT|RNPC3|ABCB1|BACH1|NF1|PPP4R3B|ZNF217|PLAAT4|SERINC1|ZMYM2|EFHC1|ZFYVE1|USO1|TMT1A|ZNF638|RB1CC1|ATXN7L1|BTG1|PNRC1|PFDN5|PNPLA8
CORONEL_RFX7_DIRECT_TARGETS_UP	0.432846540579363	0.885383449403847	0.330326933309507	1.00337012425578	1807	44	CCNG2|SESN3|EMC9|REV3L|TP53INP1|RFX5|RMND5A|RAP2A
GSE17721_12H_VS_24H_GARDIQUIMOD_BMDC_UP	0.432983508245877	0.885383449403847	-0.285226906431326	-1.00769138500486	2887	179	PLAT|ANPEP|SEMA4D|SVEP1|IRF7|HOMER3|CIITA|PLA2G2C|CD84|L1CAM|P2RX4|IL4I1|UBA7|APOE|SUN2|IFI35|SLC6A8|IFI27L2|P2RX5|PKMYT1|MET|RTKN2|IL1B|BATF2|YJU2B|FANCA|SP110|IL17RA|NECAP2|CAPN15|SPHK1|SGK1|RPP25|MYL6|H2AC25|PPP1R18|TSC22D1|CTTN|TRPT1|EVL|IL15RA|NIBAN2|IL6ST|SAMD8
GSE21033_1H_VS_24H_POLYIC_STIM_DC_UP	0.43307757885763	0.885383449403847	0.272420201418827	0.999746721996945	1523	145	ARID2|DNAJC6|SEC24B|MBNL2|EIF2AK3|TTPAL|EGLN3|TRPM7|MAP3K1|TBC1D2B|MEF2A|PFKFB3|PARP11|DCLRE1C|RMND5A|TCF12|CNOT6|GFI1|MTSS1|SLC35D1|BACH2|CAB39|PCF11|RAB5A|NFATC2|TUBE1|ALG10B|QSER1|BACH1|ANXA5|AFTPH|ATAD1|PPP1R16B|KMT2E|CEP120
GSE3982_DC_VS_BCELL_DN	0.433075640442625	0.885383449403847	-0.287351104019995	-1.008546275104	2856	171	IRF7|CIITA|PIK3C2B|PRKCZ|FAM193B|KCNC4|HLA-DOB|C2orf42|TSPYL2|RUFY1|DGKD|TCL1A|VN1R1|TMEM8B|SHFL|RGS14|SLC6A16|TRADD|KCNE5|SNRNP200|KLHDC4|ZNF81|GIT2|E4F1|POLR1G|TROAP|EEF1D|GOLIM4|MAGEC1|SRRT|PARP1|C11orf71|SIK3|CHMP7|ZDHHC14|SPTBN1
KEGG_MEDICUS_REFERENCE_ITGA_B_RHOGAP_RHOA_SIGNALING_PATHWAY	0.433031674208145	0.885383449403847	0.397415963400242	1.0077934538639	1913	20	ITGB7|ITGB4|SRC
REACTOME_SUMOYLATION_OF_CHROMATIN_ORGANIZATION_PROTEINS	0.433308214016579	0.885674577947143	0.306378370415925	0.999706312929874	1724	66	H4C5|H4C12|RNF2|HDAC2|RANBP2|SEH1L|BMI1|NUP153|SATB2|NUP35|NUP107|SUMO1|PIAS2|NUP37|NUP160|NUP133|NUP205|NUP88|PIAS1|RAE1|NUP155|NUP54|H4C8|NUP50|NDC1|SCMH1|SUMO3|SUZ12|NUP58|SUMO2
GSE9960_GRAM_NEG_VS_GRAM_NEG_AND_POS_SEPSIS_PBMC_UP	0.433595557612217	0.886081475429851	-0.2928603530104	-1.00934392978732	2810	145	MC1R|CYP19A1|SCN5A|IFITM1|HES4|IFITM2|IFIT2|FGF17|LENG9|MATCAP1|SHFL|ECE1|MX1|AXIN2|IFITM3|LSS|GAL3ST1|MDGA1|SP110|DGKA|CLCN6|TAB1|NSMF|PTCD1|SAMD9L|HCN3|GRIN2D|PCSK9|PRSS2|CC2D1A|DTX2
ZHOU_CELL_CYCLE_GENES_IN_IR_RESPONSE_6HR	0.433684210526316	0.886082252241636	0.295407828268189	1.00011130860983	1647	84	TTK|PARPBP|DCLRE1A|DTL|RFC4|KIF11|CCNA2|SMC2|NUSAP1|MAD2L1|TPRKB|RFC5|QSER1|CDK2|RACGAP1|RPA2|NEK2|NUP88|LMNB1|PCLAF|FABP5|PAICS|DSN1|EXO1|KNTC1|DLGAP5|WDHD1|HMGB2|GINS3|BRCA1
GSE24671_CTRL_VS_SENDAI_VIRUS_INFECTED_MOUSE_SPLENOCYTES_UP	0.43387142452563	0.886284362919877	0.272619621026912	0.997528264148188	1531	142	MYO1F|AIF1|PIGA|PODNL1|RNF43|CLDND1|BLTP3B|BATF3|CTSS|IL18R1|GCNT2|DENND4C|NUSAP1|S1PR3|FCER1G|DOCK10|TXK|TMEM176A|TMEM176B|PHETA2|RIT1|KCNK1|ACSL1|CELF2|MGA|IL17RE|HMGN3|CLCN3|PTPRA|PHIP|RABGAP1|DDX6|PTPRJ|ZFAND6|REST|ANKRD33B|IL1R1|MTX2
FULLER_PBMC_F_TULARENSIS_VACCINE_LVS_AGE_22_54YO_192HR_DN	0.434180138568129	0.886396248382159	0.378042378428171	1.01036529872443	1879	25	CD83|CD44|FCGR2B|CD80|FCER1G
GSE13306_TREG_VS_TCONV_DN	0.434127223394634	0.886396248382159	0.266404013042199	1.00460344525802	1439	181	MYO1F|PTPN6|CCDC33|SESN3|RYR1|CENPQ|CCNE2|MBNL2|TCF7|RUNX2|DUSP19|ERI2|MNS1|TRMT10A|RAMAC|PGGT1B|RFC4|CGGBP1|ABCD3|HSPH1|SIAH2|SLC2A13|MRPS22|DRAM2|ABLIM3|RCBTB2|B3GAT2|EHD3|KIF3A|BMF|ZFAND4|PCDH1|CARD6|MTMR4|UXS1|CS|AP4S1|TTC33|RBBP4|ANP32B|DSCC1|SMPDL3A|IPO5|CCDC90B|MTMR2|ACAT2|OSBPL3|ZDHHC16|CEP70|RMDN2|TGFBR3|POT1|CDK6|SMIM19|ACOT13
GSE21546_UNSTIM_VS_ANTI_CD3_STIM_ELK1_KO_DP_THYMOCYTES_DN	0.434236804564907	0.886396248382159	0.271615666710525	0.999280531040932	1521	149	ZNF185|PLAAT1|PLEKHH2|BMPR2|CSPG5|ZNF10|MME|ANGPTL4|BPNT2|AKR1E2|ACTR3C|NHLRC2|MRTFB|ARHGAP11A|USP6NL|TJP2|OCRL|KCNS3|IL24|KCTD14|C1S|DGCR5|EDA|TNS4|LRRC46|TRA2B|CEP120|MAP3K15|HECTD1|SMPDL3B|CLUAP1|CNN1|SEPTIN8|TIPARP|MAP2K4|MMACHC|DNAJB6|EFHD1|EHBP1|KNTC1|PATL1|GORASP2|ZC3HAV1
HOEK_B_CELL_2011_2012_TIV_ADULT_7DY_UP	0.434336406331536	0.886396248382159	-0.361644932839737	-1.00503137366953	2496	36	BHLHA15|HBB|SDF2L1|FOS|MYDGF
MIKKELSEN_MCV6_ICP_WITH_H3K27ME3	0.434456021322995	0.886396248382159	0.327374710226119	1.00169985389472	1792	46	ETV2|CD40|CORO1A|SACS|SCN4A|SLC2A10|PAX5|S100Z
NAKAMURA_ADIPOGENESIS_EARLY_UP	0.43437806072478	0.886396248382159	0.318998919560637	1.00100469325442	1773	53	ELK3|FOXO1|CCRL2|MRPS6|S1PR3|PDE4D|INSIG1|USP53|SMIM3|HACD3|MYC|CTNNB1|SIK2|CHMP1B|IL1R1|TGFBR3|ZFP36|PRSS23-AS1|USP4|OXR1
GENTILE_UV_RESPONSE_CLUSTER_D9	0.435334872979215	0.887052667455881	0.377747832477908	1.00957808802	1884	25	CCNG1|CCNA2|PALM2AKAP2|RBPJ|CCSER2|TRIM32|CITED2
GSE22886_CTRL_VS_LPS_24H_DC_DN	0.43553694286569	0.887052667455881	-0.283814252979326	-1.00672696006334	2911	187	CCR7|TYMP|IRF7|MT2A|APOL1|PSMB9|TAP1|P2RX4|IFITM1|BTN3A1|IFITM2|IFI35|IFIT2|HERC6|TPD52|RIGI|PTGIR|ICAM1|RASGRP1|LGALS3BP|NFIL3|SHFL|SEC61B|IFITM3|TBC1D8|CSRP2|ISG15|ZC3H12A|H2BC5|SP110|PSMB10|PHF11|NFE2L1|H2AC25|G0S2|GRINA|LMBR1L|XPO6|CNP|OAS3|IL15RA|TNIP1|DDA1|ZER1|HSPA1A
GSE33162_HDAC3_KO_VS_HDAC3_KO_4H_LPS_STIM_MACROPHAGE_DN	0.435263400399324	0.887052667455881	-0.289660854185226	-1.00658085481963	2833	157	COL14A1|ARSA|ECM1|LMOD1|SYNGR1|TLR6|METRN|VILL|TNFRSF21|TRIM62|ICAM5|SMTN|GPX8|SLC22A13|TRIM10|LGALS3BP|TMEM38A|P2RX5|NLRX1|CCDC136|EMP2|CDCP1|MAPK8IP1|ARHGAP1|MPV17|NDUFC1|EGFL7|PNPO|SLC25A35|SPHK2|ADAT1|RAD23A|TUBA3C|OPHN1
GSE41867_NAIVE_VS_DAY8_LCMV_EFFECTOR_CD8_TCELL_UP	0.434898929845422	0.887052667455881	0.262308706238023	1.0021586905902	1462	194	EXO5|FBXO2|ZNF235|NXN|NABP1|RAB29|BATF3|WDR75|AMZ2|UCHL3|SUV39H2|YES1|PAQR3|CKAP2|FANCB|CHPT1|HIBCH|SLC44A1|TJP2|CMPK2|DCAF6|CCNC|NUP133|RCBTB2|SGCB|ICA1|USP47|KLHDC2|MORF4L2|FAM229B|EMC2|NARS1|NIP7|FILIP1|C4orf46|NPAT|SNW1|CNOT6L|SPTSSA|VMP1|THOC7|SENP1|CLPX|GPI|HMGB1|BTF3L4|LIX1L|LATS1|RIPK1|DSN1|EIF2D|RAB35|NDUFAF2|NDFIP1|RBM12|EXOC4|GLO1|SNRPD1|ZC3HAV1|EED|EFCAB14
GSE5589_WT_VS_IL6_KO_LPS_AND_IL10_STIM_MACROPHAGE_45MIN_DN	0.436352693349383	0.887052667455881	0.264724326125776	1.00139823617737	1449	184	FEM1C|STAP1|ZNF362|DET1|ABHD17B|CNNM2|GNAI3|P2RY1|UBA6|TBC1D2B|BNIP3L|ARIH1|SMAD2|UTP18|MXI1|TJP2|NAE1|LRRC28|DMTF1|ODR4|ESD|FEM1B|CFAP418|MAPK1|EIF2B2|PLPP3|SLC4A11|MAMLD1|SOS2|PPIL4|MICALL1|PPA2|ESAM|KIF5B|ARHGEF12|TMEM230|CLIC4|ZSWIM4|ZBTB21|LMBRD1|ANXA1|NCK1|ARHGAP5|ECPAS|ALDH1A2|CHMP1B|AK3|SLC35A1|TMEM181|ATF1|TFRC|ATP11C|TGFBR3|SMAD5|LTA4H|TMEM33|SLC12A5|ZC3H14|CCDC88A|TANC2|FOSL2|PSAT1|ALG5|KTN1
GSE7831_CPG_VS_INFLUENZA_STIM_PDC_1H_UP	0.435765983112183	0.887052667455881	0.264417548842534	1.00209053911737	1444	187	PRKCH|TLE4|MGAT2|TOP2A|ADPRH|HDAC2|IL18R1|RNF138|LANCL1|C5orf34|KIF3C|ABCD3|RPAP3|SCAF8|NAB1|HPRT1|NAE1|BCAS2|COIL|CD96|VAPA|TCEAL9|GOLGA4|KLHDC2|EIF3C|MED23|ZW10|ANGPT1|CAPN7|SEMA4A|MYB|RABGAP1L|KRR1|KCTD9|DNM1L|GABPA|AZI2|CWC15|PEX5|IKBKE|CA2|INPP5B|PIGX|RAD21|TYSND1|AK3|IDE|SMC4|TRIM59|DLD|BUB3|MTX2|SUN1|SARNP|TOP2B|MSL1|RPRD1B|CCDC117|PXK|CSE1L|PYGB|PDCD2|PPP2R5A|ATG5
HALLMARK_HEDGEHOG_SIGNALING	0.436104075523831	0.887052667455881	0.373490227886427	1.00930937301686	1893	26	DPYSL2|GLI1|SCG2
HUANG_DASATINIB_SENSITIVITY_UP	0.435929648241206	0.887052667455881	0.302090296128532	0.998828376803834	1734	71	ELK3|PRNP|KCTD12|TGFBR2|GNG12|NDC80|IFIT3|AGPS|PALM2AKAP2|TGFBI|CALD1|ELL2|UBE2E3|DUSP10|ANXA1|POPDC3|CAV2|MAML2
KEGG_MEDICUS_VARIANT_MUTATION_INACTIVATED_FGF17_TO_RAS_ERK_SIGNALING_PATHWAY	0.436315557514324	0.887052667455881	0.425797323354193	1.00520139716567	1979	15	MAPK1|FGFR1|SOS2|NRAS|BRAF|SOS1|MAP2K1
MISHRA_CARCINOMA_ASSOCIATED_FIBROBLAST_UP	0.435868586858686	0.887052667455881	0.386623274238059	1.00782450639146	1936	22	TMEM156|CCL2|TCN1|EGR1|CTSK
PID_FRA_PATHWAY	0.43558569090484	0.887052667455881	0.358436572608294	1.00921120151973	1862	31	CXCL8|ITGB4|CCL2|CCNA2|DMTF1|BGLAP|NFATC2|SP1
PODAR_RESPONSE_TO_ADAPHOSTIN_DN	0.435834813499112	0.887052667455881	0.420426358798455	1.00698679102816	1962	16	HK2|INSIG1|TFRC|FDFT1|IDI1|MSMO1
REACTOME_CLATHRIN_MEDIATED_ENDOCYTOSIS	0.436202601716025	0.887052667455881	0.276173947409986	1.00160172476462	1575	131	EGF|SNX18|CD3G|COPS2|DNAJC6|ACTR3|COPS8|PIK3C2A|ITSN1|AAK1|PICALM|EPS15|OCRL|COPS3|SYT11|EPGN|CLTCL1|RAB5A|HBEGF|UBQLN2|COPS5|ARPC3|ACTR2|FZD4|COPS4|CLTC|TOR1B
REACTOME_HSF1_DEPENDENT_TRANSACTIVATION	0.435332871012483	0.887052667455881	-0.360218544371237	-1.0067629620822	2510	37	HSPA6|TNFRSF21|SERPINH1|CRYBA4|HSPB1|UBB
REACTOME_REGULATION_OF_HSF1_MEDIATED_HEAT_SHOCK_RESPONSE	0.436368407242194	0.887052667455881	0.29672101393666	0.998454652200128	1662	81	RANBP2|SEH1L|NUP153|HSPH1|NUP35|NUP107|HSPA14|NUP37|HSPA4|NUP160|MAPK1|NUP133|NUP205|BAG4|BAG2|RPA2|NUP88|ATR|RAE1|NUP155|NUP54|DNAJB6|HSPA9|NUP50|ATM|DEDD2|NDC1|HSPA5|BAG5|NUP58|FKBP4|HSPA4L|HSPA8|NUP98|ST13|RPA3|BAG1|NUP43|BAG3|TPR|SIRT1|CCAR2|DNAJC2
RHODES_UNDIFFERENTIATED_CANCER	0.435769518583188	0.887052667455881	0.30365078982302	0.99773411249465	1746	68	CKS2|TOP2A|RFC4|MTHFD2|CCNA2|CCNB1|GCLM|KPNA2|MAD2L1|DPM1|CDK1|KIF14|GGH|CDKN3|RAD21|PCNA|GARS1|PSMD14|SSBP1|PCLAF|CCT6A|GPSM2|POLR2K|DLGAP5|KIF23|MELK|NCAPH|NCAPD2|HMGB2|ILF2|RPA3|EIF2S2|CDC6|FOXM1|CENPA
WP_DNA_REPLICATION	0.435231915404951	0.887052667455881	0.332712574361871	0.999792424482897	1810	42	CDC7|RFC4|PRIM1|ORC4|POLA1|ORC2|RFC5|DBF4|CDK2|RFC1|RPA2|ORC3|PCNA|RFC3|POLD4|POLD3
WP_TGFBETA_RECEPTOR_SIGNALING_IN_SKELETAL_DYSPLASIAS	0.43528260337656	0.887052667455881	0.318080831107554	1.00181553997539	1778	54	FBN1|EGF|TGFBR2|RUNX2|SMAD4|SMAD2|SKIL|SPP1|LEFTY2|TGFBR1|TFE3|MAPK9|CTNNB1|TGFBR3|SMAD5|EP300|STAT1
GSE7460_FOXP3_MUT_VS_WT_ACT_WITH_TGFB_TCONV_DN	0.436590124568513	0.887323683016548	-0.283035311957467	-1.00545224476986	2908	190	PCNX1|KLC4|RAP1GAP2|ITGA4|TASP1|EXT1|SNN|HLA-DOB|ADGRE5|DOCK4|SH3PXD2A|RAB33B|DGKD|ITIH5|SNX30|CARNS1|KLF7|NTRK3|FOXP3|TCP11L2|ESR1|TNFAIP8L2|USP27X|AKAP8L|PXMP4|ARHGEF10|RAMP1|SLC12A7|IL17RA|B9D2|HPCAL1|TREML2|ZBTB20|DUSP7|FAM98C|MAF1|TBC1D17|PDLIM4|MFGE8|NIBAN2|IL6ST|CAPG|TAX1BP3|NBDY|GRAMD4|JMY
GSE2706_UNSTIM_VS_8H_LPS_AND_R848_DC_UP	0.436700286015355	0.887367909113791	-0.283006069840916	-1.00642563399022	2900	193	IGF1R|NHLRC3|CTBP2|CIITA|RAB34|LPCAT4|DDX41|CCDC102B|TMEM63A|SLC45A4|PLSCR3|DENND1C|TSHZ3|STX10|SH2D3C|OCEL1|RPL13A|TMEM107|FDX2|INPPL1|SLC12A7|IL17RA|GRHPR|CLSTN1|MRAS|ACAA1|CNPY3|ITFG2|GPS1|MRPS5|TK2|GTF3C5|KDM4B|MEF2D|AGAP3|KLHL21|FBXO31|SMARCA4|USB1|PNPO|CARS2|HAUS4|TMEM65|PDK3|YIPF2|AP1M1|JMY|CCDC106|PARP1|ELAC2|BCKDK|CDCA7L|GSTK1|CCDC107|AP4B1|FRMD4A|NDUFA8|SAE1|ACSS2|H2AX|SLC41A3|HK1|TRIM14|PHF14|ZNF581|CORO1B|TTC7A|MEA1|ZNF609|DOK1|TWF2|CAMK2G|RPA1|NHP2|NAA40
GSE360_L_MAJOR_VS_T_GONDII_DC_DN	0.436938992849536	0.88766996092457	-0.28810879000741	-1.00671271419997	2871	163	MTCL1|SPIB|OSMR|DHH|BRME1|HSPB3|AATK|LDOC1|ANO3|CCK|TPD52|TGFB3|UCP3|HFE|SPECC1L|DGCR2|TMEM109|CRYM|TMCC2|MERTK|CPNE1|B4GALNT1|TYRO3|ABL1|CCDC9|ZNF81|TTC28|SDHA|AKT2|RAD50|KDM4B
GSE3982_EFF_MEMORY_VS_CENT_MEMORY_CD4_TCELL_DN	0.437025796661609	0.88766996092457	-0.287092689769079	-1.0066264133901	2879	170	TCEA2|CCR7|FAM171A1|CCDC170|BCAS4|AKAP13|BSCL2|FBXW4P1|ZCWPW1|NACA4P|LPCAT4|FAM120C|SH3BGR|SOD3|ICAM5|KLF7|DAGLA|TRIM46|ACSL6|HRC|ECE1|SEMA6A|GALR3|FBXO41|AKR1C2|DVL1|ASNS|MAP4K2|ERICH1|TYRO3|RAP1GAP|PRPF19|ENGASE|DPH2|CAND2|IL6ST|PPP6R1|CASC3|LPAR2|APBA2|POLRMT|PRR14|ADD1|DESI1|EIF2B5|EPB41L2|LINC00667|TRAF5|EHHADH
BASSO_HAIRY_CELL_LEUKEMIA_UP	0.437119675456389	0.88768102412123	0.300529351178357	0.997255644565746	1723	73	AIF1|KCTD12|CPVL|RNF11|DLC1|TMEM59|SPRY2|BMERB1|TRIM2|RCBTB2|RECK|MTSS1|WWTR1|FGFR1|PLXNC1
GSE7348_UNSTIM_VS_TOLERIZED_AND_LPS_STIM_MACROPHAGE_DN	0.437741089338065	0.888633474419505	-0.291433526530871	-1.00649601515431	2836	148	STX11|IL15|ENG|MARCKS|DHH|RAB38|PSMB9|CXCL1|TPBG|CTRL|CPEB3|DYRK2|IFI35|IFI16|CRYBG1|RASGEF1B|TNFRSF1A|PGS1|FAS|ISG15|SP110|PSMB10|PHF11|IL15RA|TNIP1|SAMD9L|TENT4A|PARP12|TEAD3|TYK2|IRF1|RELB|CEMIP2|TM9SF4|ZCCHC2|HAND2|TOX4
TIAN_BHLHA15_TARGETS	0.437833037300178	0.888633474419505	0.419598180959027	1.00500317575886	1971	16	DISP1|ARRDC3|SERPINI1|RAB3D
WP_DNA_IRDAMAGE_AND_CELLULAR_RESPONSE_VIA_ATR	0.437942797166098	0.888633474419505	0.296467405424646	0.997601269437315	1668	81	RAD52|RMI1|DCLRE1A|NBN|MSH2|HUS1|CDK1|SP1|CDK2|UBE2D3|RBBP8|RPA2|ABRAXAS1|ATR|PCNA|BRIP1|WRN|PALB2|ATM|CDC25C|RFWD3|EEF1E1|EXO1|RAD17|FEN1|SMARCAL1|BRCA1|BRCC3|CHEK2|FOXM1|XPA|XRCC5|POLB|PML|CHEK1|BRCA2|MCPH1
WP_TYPE_I_INTERFERON_INDUCTION_AND_SIGNALING_DURING_SARSCOV2_INFECTION	0.437931645121303	0.888633474419505	-0.392981078170217	-1.00225952860436	2472	24	IRF7|TLR6|RIGI|IRF3|OAS3|IRF9|TRAF3|TYK2|MAVS
PID_P38_ALPHA_BETA_PATHWAY	0.438303115648653	0.889184857494176	-0.38110228440048	-1.00651201872646	2489	28	PAK1|MAPK11|FYN|DUSP8|MAP3K12|TAB1|MAP3K3
GSE15735_CTRL_VS_HDAC_INHIBITOR_TREATED_CD4_TCELL_2H_DN	0.438896386264807	0.889848904327638	-0.284987226099874	-1.00586144290345	2926	177	GZMM|ADAM19|PDE2A|ENG|MGAT4A|COX8A|GPR68|TLR6|KCNC3|NBEAL2|RCN3|DNAJC15|AXDND1|IER3|LRRC75B|SIAE|TMEM160|SHFL|B3GAT3|ACTN2|C19orf38|KLK8|SDR42E1|MEAK7|USP20|SNHG17|YDJC|TRMT112|PRF1|HPCAL1|F2R|HDAC7|B4GALNT1|SLC35E3|CENPV|G0S2|VARS1|CLCF1|FLOT1|PNPO|RPS26|DPCD|IQSEC1|MICAL1|ITGAE
GSE27786_CD4_VS_CD8_TCELL_UP	0.438896386264807	0.889848904327638	-0.28498461970943	-1.00585224365727	2926	177	IGF1R|IL17B|DND1|IFI30|ITGA4|FAM234B|EXT1|ECM1|KIAA0753|ADGRE5|RHBDF1|GCA|ZNF462|TRIM46|DCAF11|GAS2L1|FBLIM1|TMUB1|SLC12A6|SUCO|SLC43A1|STING1|DGAT1|BRD9|THBD|KCTD10|SLC2A3|C19orf81|PISD|FERMT3|SZT2|CERS5|NDST1|ZBTB7B|TNFRSF1B|KIFC1|GNB5|ITGAV|TSC22D1|PGGHG|PLPP5|CNIH4
KIM_WT1_TARGETS_8HR_DN	0.438842055034198	0.889848904327638	-0.305015282598191	-1.005579629351	2758	102	MSH5|APBB2|LILRA2|RGS17|RPS9|AURKB|RHOT2|TBCB|HIGD2A|NRG1|ZNF302|GGCX|NDUFA1|RPL10|ID1|EXTL3|SIVA1|OGFR|NNMT|EHMT2|AP1S1|CDKN1C|SRRT|ELK4|CSNK1G3|PIMREG|HPS4|SPTLC2|ACBD3|LSM14B|TUFT1|EDF1|TSR3|PPFIA3
BOSCO_ALLERGEN_INDUCED_TH2_ASSOCIATED_MODULE	0.43997495695727	0.889967930607778	-0.295212261569804	-1.00484307254889	2810	131	NFKBIZ|SLC26A11|TBC1D1|RAB27B|TSC22D3|CYLD|PLLP|RASGRP3|CD84|FLT3LG|NAT9|CYTOR|SGSH|FOXP3|H4C14|SPINT2|IL1B|BCL9L|BCL6|DUSP4|HPGD|DHRS3
BROCKE_APOPTOSIS_REVERSED_BY_IL6	0.44	0.889967930607778	0.274076542065665	0.998078737670569	1572	136	ZNF101|CD44|DEPP1|GNA13|CCL2|RNF13|AP1S2|MT1X|TWF1|NCBP2|CCNC|SPP1|TXNDC9|ELL2|EIF4E|LITAF|CDK17|TMED7|TMF1|DPM1|VWA5A|HBEGF|PHTF2|DNAJA2|WIPI1|NAMPT|FAM3C|DNAJB9|RB1|CAV2|RCN2|ANAPC10|NMI|POLR3F|PLSCR1|BHLHE40|EEF1E1|ZBTB11|MCL1|MSMO1|STAT1|MAFF|ZFP36|DYRK3
CHIANG_LIVER_CANCER_SUBCLASS_PROLIFERATION_UP	0.439917936694021	0.889967930607778	0.266733512939738	0.998798809983248	1500	170	ZC2HC1A|TTK|SGO2|CDC7|TMEM51|SLC39A10|DEPDC1B|DTL|TOP2A|BACE2|ANLN|P3H4|HDAC2|PBK|B3GNT5|RFC4|KIF11|CCNA2|CDCA7|CCNB1|LDLRAD3|ECT2|NDC80|HK2|UGCG|NUSAP1|MAD2L1|CKAP2L|PELI1|CDK1|B4GALT5|CD24|WSB1|DSCC1|RACGAP1|KIF14|NEK2|GPD1L|MTMR2|CDKN3|PRR11|PLBD1|ZWINT|SMC4|SHCBP1|LMNB1|CENPE|HJURP|RMI2|CCNB2|BCAT1|BUB1B|RAD51AP1|GALNT7|AFP
DIRMEIER_LMP1_RESPONSE_EARLY	0.439199209095403	0.889967930607778	0.310435088708481	0.996306497919226	1776	60	CD83|EGR3|CD69|GNAT2|MAN2B1|CCL4|EGR1|SIAH2|GPR183|EGR2|INSIG1|HERPUD1|LCP1|EEF1A1|PIK3CG|MYC
GRAHAM_CML_QUIESCENT_VS_CML_DIVIDING_UP	0.440107671601615	0.889967930607778	0.404774670123618	1.00254430155017	1961	18	CXCL8|TNFSF4|NFAT5|TRA2B|ANXA5
GSE17721_CTRL_VS_GARDIQUIMOD_24H_BMDC_UP	0.440089753178758	0.889967930607778	-0.283830583939052	-1.00472818804558	2941	181	STS|IFI30|CIITA|N4BP2L1|CBS|SPSB2|P2RX4|MAPK11|ANKH|B3GNT8|GRN|NDUFA13|COMMD4|DGLUCY|ARHGAP45|CEP250|PALD1|C8G|SMIM11|PCNX3|LTBP3|CTSA|ADAM15|MACROD1|STXBP2|RALBP1|CAPN15|POLR1C|PGP|CARHSP1|NSMF|TRPT1|DTNBP1|IL6ST|SLC38A5|TAX1BP3|IFT46|UBXN1|TPRA1|MANBA|CC2D1A|FHIP2A|GALNT2|RDM1|CHCHD7|ERGIC3|DHCR24|TBL1X|CDC20
GSE17974_0H_VS_24H_IN_VITRO_ACT_CD4_TCELL_DN	0.439759036144578	0.889967930607778	0.264124245928496	1.00067813457691	1459	186	ZNF443|TRIM69|FAR2|EGR3|C3orf52|DHX58|GLMN|EMC9|STAP2|CKS2|PARS2|SCFD2|CCNA2|ZWILCH|WSB2|PPIL1|NCAPG|APOL2|UTP11|TMEM106C|HOMER1|EIF2B2|TMEM140|XCL1|CHAC2|FAM200C|TIPIN|ZW10|EIF3J|RBBP8|MTMR2|CDKN3|NCBP1|BRIP1|NEMP1|BLM|LRR1|CENPJ|CENPS|MMACHC|FABP5|LRRCC1|ACOT13|RMI2|C1GALT1C1|ZNF232|BCAT1|ALYREF|FUT11|EXO1
GSE21546_UNSTIM_VS_ANTI_CD3_STIM_ELK1_KO_DP_THYMOCYTES_UP	0.439876828329484	0.889967930607778	-0.29185810840978	-1.00695377124692	2856	146	H2AC15|IRF7|RAB34|TMEM258|TAP1|IFITM1|IFI35|IFI16|CRYBA4|IFIT2|CCDC13|HERC6|DMRTC2|ZSWIM5|RIGI|LINC02609|LGALS3BP|APOL6|THEMIS2|SHFL|C5AR1|PRSS30P|TNFAIP8L2|IFITM3|SPATA1|ISG15|EID2B|SP110|PHF11|SPHK1|OAS3|CMTR1|NFE2|OGFR|PARP12|IRF9|TRIM56|MAGEC1|ZNFX1|ABHD2
GSE22601_DOUBLE_NEGATIVE_VS_CD8_SINGLE_POSITIVE_THYMOCYTE_DN	0.439433584731415	0.889967930607778	-0.290646749285431	-1.00495957888427	2854	149	POU2F2|SPMIP8|PDE2A|TMEM81|TIMP3|TCAP|PIK3C2B|TIMM8B|RHBDF1|PNCK|SLC45A4|SUN2|PDLIM3|TIGD4|RP1|TERC|TGFB3|SPOCD1|RELT|SLC29A2|SERPINE1|PRSS30P|USP20|SLC25A45|TBXAS1|POU6F2
GSE27786_NKCELL_VS_NEUTROPHIL_DN	0.439682781759951	0.889967930607778	-0.287878559894546	-1.00442253810519	2882	161	SSC4D|RINL|C21orf58|HLX|VILL|NBEAL2|D2HGDH|ICAM5|SLC22A13|SIGLEC10|ZNF516|SLITRK6|RIGI|FBXL19|EMP3|SEMA3G|GNMT|PIGU|BIN3|DVL1|NDUFA1|PALM|DCTN3|GALE|PPOX|NISCH|UGDH|KLHL2
KEGG_ETHER_LIPID_METABOLISM	0.439953810623557	0.889967930607778	0.376714294160354	1.00681582825616	1904	25	PLA2G3|JMJD7-PLA2G4B|PLD1|CHPT1|AGPS|PLPP3|PLA2G4A
KYNG_DNA_DAMAGE_BY_GAMMA_AND_UV_RADIATION	0.439060939060939	0.889967930607778	0.306362521670561	0.997292867576073	1757	65	IL10RB|PLCL1|SIAH1|CCNA2|MEF2C|CDCA7|COG6|RAB6A|CCNC|LDHD|ALDH9A1|RBL1|CCNH|SEMA7A|PHF3|ERCC5|MORF4L1|AHCY|COPB2|PPP3CA|HEXB|RPS6KA3|RPS6KB1
NAKAYAMA_FRA2_TARGETS	0.439227836034318	0.889967930607778	0.331958965387276	0.995469104577556	1842	41	LGR4|RGS2|CHN1|KLHL24|CKAP2|MKRN1|YTHDF3|DUSP10|SLC20A1|SLC30A1|WIPF1|CDK2AP1|MYB|EIF4G3|ZMAT3
VERHAAK_GLIOBLASTOMA_PRONEURAL	0.44070932922128	0.891005084939216	-0.291498661505488	-1.00615141452877	2857	147	ZNF711|SRGAP3|PLCB4|MIR9-1HG|MATR3|PURG|MARCKS|ARHGAP33|ATAT1|CELF3|MAST1|ATP1A3|SOX11
BIOCARTA_PML_PATHWAY	0.440887595489269	0.891136643291616	-0.434539695199426	-1.0083566921069	2423	16	TNFRSF1A|FAS|SP100|TNFRSF1B
GSE17721_0.5H_VS_12H_LPS_BMDC_UP	0.440951953300404	0.891136643291616	-0.282994422444829	-1.00267202724276	2945	183	MATR3|IFI30|ENC1|RPL28|GASK1B|B3GNT8|PEMT|TNFRSF21|TECR|CENPT|TTYH2|HCFC1|HIGD2A|SEC61B|PYCR3|LTBP3|PELP1|CSRP2|MRPL55|SWSAP1|QTRT1|SORBS3|SLC26A6|ATP5PF|ABCD1|SPN|BABAM1|SAP30BP|MRAS|ATP5IF1|TPRN|SFSWAP|KIFC1|CENPV|NDUFC2|ARMC6|TMEM147|DPH2|IRAG2|C19orf48P|TK1|IL6ST|RPL35|IER2|HIP1|GADD45GIP1|NAF1|EHHADH|ZNF280D|SAE1|MRPS26|OTULIN|AKR7A2|NDUFAB1|CMIP|EMC8|H2AX
HORTON_SREBF_TARGETS	0.441102181400689	0.891260808554774	0.380660229637789	1.00847555267259	1920	24	ME1|SC5D|INSIG1|RDH11|ACLY|ELOVL6|STARD4|HMGCS1|ACACA|FDFT1|IDI1
GSE27670_CTRL_VS_BLIMP1_TRANSDUCED_GC_BCELL_DN	0.441383352872216	0.891503568961547	0.26660802691163	0.998328920413834	1505	170	CFL2|BMPR2|CCN1|CTF1|IMPACT|GGPS1|TP63|PLEKHA5|ETNK1|SLC44A1|TWF1|SC5D|MRPL39|GCLM|LMO7|MFSD4A|CFAP418|CHIC1|LIPC|EFNB2|FBXO15|CDKL2|SERPINB5|EPB41L4B|SLC4A4|NCKAP1|MYO6|WASHC3|DSG2|SCIN|NDUFA5|EPCAM|BMPR1A|FZD4|MLLT11|TRDMT1|ATP2A2|ELOVL6|BIRC2|TPST1|SUB1|RPA2|ZWINT|BAIAP2L1|HSP90AA1|DLD|PMS2|IL1R1|KPNA1|SCMH1
PAL_PRMT5_TARGETS_DN	0.441399953948883	0.891503568961547	0.372232387671157	1.00591022138118	1916	26	CNR1|CCN1|HLA-B|KLF10|TOB1|GATA4
BIOCARTA_EPO_PATHWAY	0.442221223021583	0.891894010004289	0.400362912103899	1.00413085691111	1966	19	PTPN6|MAPK8|JAK2|ELK1|SOS1|MAP2K1|CSNK2A1|SHC1
BIOCARTA_HER2_PATHWAY	0.442455822383326	0.891894010004289	0.389006509633678	0.999838557178561	1952	21	PIK3CA|MAPK1|IL6R|GRIP1|PIK3CG|EP300|SOS1|MAP2K1|SHC1
GSE12198_CTRL_VS_LOW_IL2_STIM_NK_CELL_UP	0.442831487578569	0.891894010004289	-0.283215116126685	-1.00414805067646	2958	186	PCNX1|METTL27|TLR6|DIAPH2|TRPV2|SFI1|NTRK3|PIWIL1|QRICH1|STK39|ICAM1|ACVR1B|TMCO6|ACTN2|ATN1|PCNX3|PXMP4|SUCO|SEMA4F|ICAM2|DIAPH1|MSRA|ATP13A2|MFSD10|RPLP1|HIVEP1|ARHGAP1|PPOX|CDCA3|PPP1R18|PCSK7|TAPBP|SLC35F6|P4HA2|AP3D1|MVD|CMTR1|WNT5B|NUDT14|TMUB2|PTPN23|IQSEC1|SRRT|ALDH6A1|TTC13|SAFB|ESYT1|PGAP6|RDM1|MSRB1|FNTB|EHHADH|AP4B1|KATNA1|DYNLT1|SLC25A28|ZNF18|ARIH2|RELA|FBXO25
GSE17721_0.5H_VS_4H_CPG_BMDC_UP	0.442049736247174	0.891894010004289	-0.282030340927528	-1.0035074955108	2932	195	ADAM19|CIITA|EPB41L1|FAAP20|CHST12|TSPAN4|TEF|TPD52|CIB1|PALD1|LAGE3|AHCYL2|PLEKHA1|CTDNEP1|AURKB|SDF2L1|NOP2|TPCN1|OCEL1|STAB1|HMGCL|TIMM44|ZFYVE19|POLR2E|POLD1|MYO9B|DGKA|SELENBP1|GPSM3|ZBTB20|RAB40C|MLEC|HEMK1|ABL1|GNB5|CLUH|TEX264|GPR180|IRAG2|PNPO|HAUS4|SLC35C2|CRAT|GRAMD4|SKI|TPRA1|MANBA|MICAL1|DNMT1|ADD1|SENP3|PDXK|DMAC1|TXN2|SURF1|MAST3|MRPS16|POLR2I|CASP9|CDC20|MRPS26|HMGA1|TIMM50|UBAC1
GSE17721_LPS_VS_PAM3CSK4_8H_BMDC_DN	0.442891493838293	0.891894010004289	-0.282225633875383	-1.00328680277558	2946	192	UBL3|TCEA2|EMILIN1|HLX|MT2A|MINDY1|MAPK11|RENBP|NBEAL2|RNASEH2C|MRPL41|ZC3H12C|KLF7|PPARG|GCOM1|PRKCSH|NOP2|MICOS13|KCNAB2|CALR|MYDGF|ZNF329|POLR2E|MYO9B|RPP14|RAI1|RPS10|SDF2|DHRS7B|PAQR7|GRK6|C6orf136|TRMT2A|NISCH|GPAM|RPL37A|NOCT|COMMD6|EEF1D|NUDT2|NDUFA7|ATP6V0B|GFER|ATP5MC1|MRPS18A|DNAJC4
GSE21774_CD56_BRIGHT_VS_DIM_CD62L_POSITIVE_NK_CELL_DN	0.442716123242596	0.891894010004289	-0.283159117575732	-1.00440310752117	2959	187	PBX4|SLC2A4|C17orf99|ADGRE5|JOSD2|CECR2|APLP2|SLC12A4|SAC3D1|CITED4|PLXNA2|SLC23A3|MST1R|CYTH3|C19orf67|ABCB6|TBRG4|RECQL4|KEL|G6PD|DHRS4|SNHG17|SLC43A1|TMED1|IGF2R|USP36|SLC22A23|NECAP2|GPR107|STK11|TIMM10|SCYL3|BLVRB|MEIOB|MCRIP2|TBCCD1|NRIP3|FBXO31|SLC38A5|POLR2J|DPY19L1|EPOR|NCBP2AS2|ATP5MG|GFER|LTBP1|FAAP24|DNAJC19|ATP5MC1|ZDHHC14|POLDIP2|GADD45GIP1|RNF19A|SPTA1|HYAL2|SAMD1|FUZ|MRPS26|UBAC1|TTLL12|DNAJA3
GSE37605_FOXP3_FUSION_GFP_VS_IRES_GFP_TREG_C57BL6_UP	0.442234704721421	0.891894010004289	-0.287611918403599	-1.00479861344555	2912	162	TGFB1I1|TNS2|APOLD1|LATS2|SVEP1|FZD7|MINDY1|TMCC3|RASGEF1B|IER3|FOS|SERPINE1|CMKLR1|FAM76A|SCARB1|CCL24|INPPL1|ID3|EID3|ITGB5|PMF1|DGAT1|MED24|PLK3|AGRN|CD151|JUNB|SDC4|SGK1|CEBPB|NBL1|NR4A1|PER1|ID1
GSE41867_NAIVE_VS_DAY30_LCMV_CLONE13_EXHAUSTED_CD8_TCELL_UP	0.442677570801151	0.891894010004289	-0.286815192928832	-1.00440504776559	2922	166	TNS2|LAG3|STX11|SPAG1|TSIX|HSF4|REN|SNN|PPFIBP2|APOL1|P2RX4|EREG|MIR3945HG|NXF1|IFI35|DNAAF1|MYO1A|HERC6|RIGI|SPATA6|SERPINE1|PTK2B|SHFL|PALM3|PLK3|SDC4|ZBTB10|IL18RAP|OAS3|SAMD9L|SNHG15|EGFL7|NOCT|TENT4A|TNIP2|ESPL1|DUSP5|NINJ1|ZNFX1|CLEC2D
KEGG_MEDICUS_REFERENCE_GLYCOLYSIS	0.441776166742184	0.891894010004289	0.389568551222389	1.00128313673498	1949	21	LDHA|LDHB|GPI|ALDOA|PGK1|PKLR|BPGM|GAPDH
KEGG_TERPENOID_BACKBONE_BIOSYNTHESIS	0.44270603790216	0.891894010004289	0.424453174731751	1.00202819714968	2008	15	GGPS1|ACAT1|HMGCS1|ACAT2|IDI1|PDSS1
LENAOUR_DENDRITIC_CELL_MATURATION_UP	0.442926045016077	0.891894010004289	-0.307223424362011	-0.998837637708186	2754	92	CCR7|CBS|QSOX1|GDF15|ECM1|APOE|APOC1|PPARG|LGALS3BP|SPINT2|KCNAB2|SCARB1|ITGB5|RAP1GAP|PDLIM4|CCDC85B|RNASE1|BLTP2|DUSP5|GAS6|PCBD1|PFKP|PRKACB|MMD
NOUSHMEHR_GBM_SILENCED_BY_METHYLATION	0.442716433385174	0.891894010004289	-0.352466768627155	-0.999110141761455	2561	40	ITGBL1|SPON2|SLC35G2|CTHRC1|RARRES2
REACTOME_RNA_POLYMERASE_III_TRANSCRIPTION	0.442817774715811	0.891894010004289	-0.35142764912327	-1.00125268931407	2570	41	POLR2L|POLR2F|GTF3C1|POLR2E|POLR1C|POLR3K|GTF3C5|SNAPC4|POLR3GL|BRF2|CRCP|SNAPC2|BRF1
WIELAND_UP_BY_HBV_INFECTION	0.442149854381784	0.891894010004289	0.292341938700723	0.993987320155701	1669	87	CD83|LPXN|CCL5|LGALS3|HLA-B|PPT1|PBK|RFX5|KPNA2|APOL3|FCER1G|GPNMB|TYMS|C1orf54|IL10RA|RRM2|TRBC1|DRAM1|S100A10|PLAAT4|TPP1
WP_DENGUE2_INTERACTIONS_WITH_COMPLEMENT_AND_COAGULATION_CASCADES	0.442042553191489	0.891894010004289	-0.343237536934576	-0.999901782191406	2596	46	PLAT|C3|CFD|C8G|SERPINE1|C5AR1|THBD|F2R
KEGG_MEDICUS_REFERENCE_RTK_PLCG_ITPR_SIGNALING_PATHWAY	0.443062035597028	0.891950610047662	-0.352323061355869	-0.998702785933993	2563	40	FLT1|NTRK3|FGF17|MST1R|MET|FGFR3|PDGFA|FGF2|ITPR3|VEGFA|ITPR2
WP_DNA_REPAIR_PATHWAYS_FULL_NETWORK	0.443131868131868	0.891950610047662	0.278445287830074	0.99655361962003	1612	120	RAD54B|RAD52|REV3L|XRCC4|NBN|RFC4|CUL4B|DCLRE1C|FANCB|MSH2|NHEJ1|ERCC6|NEIL3|MSH3|MGMT|ERCC8|RAD23B|GTF2H2|RAP1A|CCNH|RFC5|RFC1|APEX1|RPA2|ATR|FANCF|HMGB1|CETN2|ERCC5|PCNA|BRIP1|MBD4|WRN|GTF2H1|PALB2|CENPS|RFC3|PMS2|ATM|EXO1|ERCC4|CUL4A|GTF2H5|POLD4|POLL|POLD3|WDR48|FEN1|MNAT1|RPA3|BRCA1|FANCM|POLH|POLK|FANCL|XPA|XRCC5|POLB|CHEK1|BRCA2|POLE2
BIOCARTA_HIF_PATHWAY	0.443587483472896	0.892141376028887	0.424325291682508	1.00172629713124	2012	15	HIF1A|LDHA|COPS5|CREB1|HSP90AA1|EP300
GSE15330_GRANULOCYTE_MONOCYTE_PROGENITOR_VS_PRO_BCELL_DN	0.443679880329095	0.892141376028887	-0.282512847588217	-1.00291776644732	2965	188	LAT|SHF|RCAN3|SYPL2|WASHC1|RPS21|STX1A|KRTCAP3|ETHE1|SLC23A3|QRICH1|SCAND1|STX4|PXMP4|ANKS3|MYO9B|SDF2|SFXN3|ABCD1|F2R|TRPC4AP|SYVN1|GRK6|MRAS|GRIPAP1|MYL6|TAPBP|KDM4B|ZNF764|MRPL24|TTC5|CRAT|UQCRHL|MINK1|SH2D2A|CDKN1C|NINJ1|GPANK1|ABHD8|S100A6|KLHL26|TTC13|FLII|PI4KA
GSE36392_MAC_VS_NEUTROPHIL_IL25_TREATED_LUNG_UP	0.443342350465885	0.892141376028887	-0.282168228484489	-1.00308273176225	2949	192	SPIB|POU2F2|RAP1GAP2|ITGA4|FAM234B|MAPK8IP3|PRKCZ|CTU1|FAM193B|PPP1R14A|GSDMD|ZNF710|NBEAL2|NXF1|JMJD4|ZNF229|NAPSA|APOBR|SNX21|RPAP1|ZNRD2|AKT3|NDUFAF3|MEAK7|MAPK7|AKNA|PNKP|RAMP1|EHBP1L1|MXD4|H2BC5|LRRC20|ICAM2|DYNC1H1|PDRG1|TSC22D4|OXLD1|MAP3K3|DUSP7|RCBTB1|NOP16|FAM98C|NT5C|SUSD3|MED12|ARHGEF1|SAMD9L|ZBTB6|HES6|SLC35C2|RPS26
REACTOME_FGFR2_MUTANT_RECEPTOR_ACTIVATION	0.443759901425805	0.892141376028887	-0.379558244226696	-1.00243412400915	2520	28	POLR2L|POLR2F|FGF17|POLR2E|FGF2|POLR2A|POLR2J
REACTOME_SIGNALING_BY_BMP	0.443582510578279	0.892141376028887	-0.387586363611616	-0.998319002028039	2515	25	AMH|SMAD7|SMAD6|GDF2|AMHR2|ACVR2B|SMURF2|SKI
SASSON_RESPONSE_TO_FORSKOLIN_DN	0.443438914027149	0.892141376028887	-0.311778343755578	-0.999528744750281	2743	82	TPM2|TP53I11|CYFIP2|AXL|ACTA2|RAB33B|PDLIM3|ATP9A|ITGB5|DHRS3|TYRO3|ARHGAP1|HSD17B1|REXO5|TK1|CDKN1C|RANGAP1|DUSP14|STK25
GSE15330_MEGAKARYOCYTE_ERYTHROID_VS_GRANULOCYTE_MONOCYTE_PROGENITOR_UP	0.443861184018664	0.892166312611004	0.268237657542048	0.998968442404847	1521	163	TTC39B|MYO1F|AIF1|CD44|CCL5|UAP1L1|CCL4|RUNX2|HACD2|IL18R1|PHLDA1|AP1S2|SCFD2|SYPL1|CHPT1|CAPN2|AP3S1|RAP2A|NCALD|SLAMF7|TTC39C|SYTL2|GNG10|CALM2|INTS12|ZDHHC2|MED7|RHEB|CHSY1|SSR1|CRIPT|ABHD5|CWC15|ANXA1|RBM47|SUB1|RPA2|ING2|SMPDL3B|GGH|PLSCR1|ZWINT|PTPRJ|MPHOSPH6|DSTN|BHLHE40|RMDN2|YAF2|NDFIP1|TNFSF9
FOROUTAN_PRODRANK_TGFB_EMT_UP	0.444056474874753	0.892201540190708	-0.287287675645172	-1.00366584163312	2924	162	TGFB1I1|ADAM19|TAGLN|SMAD7|FSTL3|FOXD1|CRLF1|APBB2|GASK1B|DOCK4|COL1A1|KLF7|HSF2BP|MMP1|PDLIM7|SERPINE1|AKT3|KCNJ15|MAGED2|GAL|JUNB|BMP1|SPHK1|PDGFA|PSMD2|WNT5B|NRIP3|ITGA5|SMURF2|HS3ST3A1
GSE30971_2H_VS_4H_LPS_STIM_MACROPHAGE_WBP7_HET_UP	0.444040587611692	0.892201540190708	-0.286637569531145	-1.00378302410144	2931	166	PAK1|S100A2|H2AC15|SYCE2|CD84|KRTCAP3|TIMM8B|NDUFB2|LPCAT3|MRPS18C|NXF1|SERF2|ATP5ME|PHPT1|SNX30|HSD17B10|EXOSC4|FOS|NRTN|DPP3|SWSAP1|PIGL|CHID1|THOC6|CNPY3|MPV17|TTC28|PTGES2|SDHA|LSM6|CCDC112|EIPR1|CIPC|WDR53|EXOSC7|DNMT1|DDX51|ATRIP|PI4KA|MAN2B2|MPLKIP|ZNF696|RPS19BP1|MRPS26|WDR7|POLE3|SLC12A2|CLPP|RBFA|EIF4A3|CISD3|FUS|MAGEA1
KEGG_MEDICUS_REFERENCE_TLR5_NFKB_SIGNALING_PATHWAY	0.444248567650948	0.892408869737885	0.423969191456015	1.00088563321541	2015	15	TAB2|IRAK4|TLR5|CHUK
CHIBA_RESPONSE_TO_TSA_DN	0.444343891402715	0.892421765086125	0.394402214743985	1.00015099244544	1963	20	CXCL8|MAPK6|ROCK1|PTK2|TPR|GRB10|BRCA2|HNRNPH1|DMD|ADAM9|LIG3
GSE19825_NAIVE_VS_IL2RAHIGH_DAY3_EFF_CD8_TCELL_DN	0.444461190655614	0.892478782116634	-0.281762005961353	-1.00255271827308	2948	195	ENKD1|IFI30|AARSD1|CHST12|LMF2|MYL11|NBEAL2|APLF|SMTN|RRBP1|HDAC4|SPG7|ENTPD1|MYO1G|YDJC|NCSTN|RNH1|YIPF3|SMDT1|NECAP2|STK11|ATP13A2|TRAPPC5|PGP|MOSPD3|AGPAT2|REXO1|MYBBP1A|C6orf136|PLEKHF1|SMCO4|G0S2|MBOAT7|GTSE1|FASN|MCOLN1|PIDD1|TSSC4|LSM6|VAC14|LAMP1|MGAT4B|METTL6|FBXO31|NFE2|CAND2|ZNF707|INF2|CLN6|MED25|LPCAT1|AP1S1|AARS1|SNRNP70|SREBF2|GOLGA2|MRPL4|ATP6V0A2|TAF6|BRF2|SRF|DEXI|HIP1|MRPS18A|PSMC3|WRAP53|GADD45GIP1|ARL6IP4|VPS33B|AP4B1|FHOD1
KEGG_THYROID_CANCER	0.444880073800738	0.893141236162362	0.367346882909694	1.00352112725994	1928	27	TCF7|NCOA4|MAPK1|NRAS|MYC|BRAF|CTNNB1|TFG|PAX8
GOZGIT_ESR1_TARGETS_UP	0.44528183388287	0.893346232695947	-0.295985467849387	-1.00214660226372	2835	125	DPEP2|STS|ANPEP|LAMB1|ECM1|GDPD5|TCIRG1|ADAMTSL4|PPARG|CRISPLD2|LINC01300|FYN|FOS|SERPINE1|TMEM139|FHL1|SMIM2-AS1|MMRN2|SLC16A5|ACACB|PALM|HSD17B1|CLSTN3|DUSP9|CRAT|FSD1|GATA2
GSE20366_TREG_VS_NAIVE_CD4_TCELL_HOMEOSTATIC_CONVERSION_DN	0.445074626865672	0.893346232695947	0.265114200044729	0.996436475303315	1490	176	ZFP69|TGFBR2|RNF11|SESTD1|RYR1|LGALS3|WDSUB1|TCF7|RNF43|TLE4|PDE3B|RNF13|TBC1D2B|B3GNT5|AP1S2|ETV3|TNFSF13B|PLEKHA5|TSPAN13|CAMTA2|TAPT1|RIC1|HSD17B11|P2RX7|CD96|TMEM140|SYNE1|TTC39C|TDRP|EGR2|RNF144A|GPLD1|JAK2|PANK1|TMEM38B|STAU2|LRP12|UBE2W|ZNF846|SEMA4A|CHD9|PDE7A|PRKD3|CYP4V2|INPP5B|ARHGAP5|PLSCR1|PARP16|MFSD6|STK4|NPEPL1|BZW2|WBP1|USP48|TGFBR3|FCHSD2
GSE3720_UNSTIM_VS_LPS_STIM_VD1_GAMMADELTA_TCELL_DN	0.445447087776866	0.893346232695947	0.278761322156622	0.996482783659963	1628	119	FCGR2B|LGALS3|IL18R1|GCNT2|FASTKD1|CD80|NDFIP2|SYPL1|CAPN2|KCNJ8|MED13|PLCH1|MYOM2|CDHR1|TMPRSS13|PERP|DOCK10|SLAMF7|HTR2C|SCN8A|CYTH4|BICD1|RAP1B|NCKAP1|UPRT|RAP2C|ARHGEF12|FAR1|ANXA1|ITM2B|CEP170|PCNA|OSBPL3|GABARAPL1
KEGG_MEDICUS_REFERENCE_TLR2_4_MAPK_SIGNALING_PATHWAY	0.445369222596069	0.893346232695947	-0.390929108969141	-0.997026183289731	2514	24	MAPK13|MAPK11|MAPK12|FOS|TIRAP
REACTOME_HEDGEHOG_ON_STATE	0.445516162669447	0.893346232695947	0.297272277660474	0.996334809745883	1708	79	EFCAB7|KIF7|GLI1|PSMC6|EVC|PSMC1|PSMD5|PSMA1|PSMA4|PSMD6|KIF3A|PSMD10|PSMA2|PSMA6|CUL3|PSMC2|PSME4|PSMD14|PSMD11|ITCH|CDC73|PSMC5|NUMB|GPR161|SPOP
REACTOME_INTERLEUKIN_1_SIGNALING	0.445166531275386	0.893346232695947	0.281852187987947	0.992356614008948	1643	107	NKIRAS1|PELI2|PSMC6|PSMC1|PSMD5|PELI3|TAB2|PSMA1|PSMA4|UBE2N|PSMD6|USP14|IRAK4|PELI1|PSMD10|SKP1|PSMA2|CHUK|PSMA6|PSMC2|NOD1|PSME4|HMGB1|FBXW11|PSMD14|PSMD11|RIPK2|UBE2V1|PSMC5|MAP2K4|IL1R1
GSE1432_CTRL_VS_IFNG_24H_MICROGLIA_DN	0.445923709798055	0.893665449378052	-0.283325701999019	-1.00294096304062	2980	181	ASCL2|LAG3|PAK1|IL15|DIPK1A|IRF7|CIITA|CYLD|BTN2A2|APOL1|PSMB9|TAP1|IFITM1|ARID5A|ADGRE5|IFI35|CRYBG1|ICAM1|LGALS3BP|APOL6|MX1|FAS|TMEM109|IFITM3|GBP2|ISG15|TAP2|SP110|PSMB10|LPIN2|PHF11
GSE22886_IL2_VS_IL15_STIM_NKCELL_UP	0.445835265028589	0.893665449378052	-0.291845252356134	-1.00367139059148	2884	142	KCNJ14|RAPGEF5|CNTNAP3B|PLLP|KCNH4|MAGEA8|LAMA5|SH3PXD2A|KATNIP|ING4|SLC39A2|PCDHGB6|SYNGR4|SLC2A9|PCOLCE|UBOX5|TAOK2|OS9|KSR1|KLHL4|EPHB6
PID_MET_PATHWAY	0.445942442312678	0.893665449378052	0.299609704434379	0.997323772261958	1719	76	SRC|MAP3K1|EGR1|PTPN2|PIK3CA|MAPK8|EPS15|RANBP9|MAPK1|EIF4E|RAP1B|RAP1A|RHOA|PRKCI|RAB5A|PTK2|APC|AKT1S1|CTNNB1|NCK1|PTPRJ|MAP2K4|NUMB|KPNB1|CRK|SOS1|GAB1|CRKL|MAP2K1
COLLER_MYC_TARGETS_UP	0.446153846153846	0.89373225058717	0.379320606178675	1.00492651496621	1942	24	CKS2|ASS1|NAMPT|HSPD1|GPI|TFRC|FABP5|AHCY|PPIF|CCND2|IARS1
GSE6259_FLT3L_INDUCED_DEC205_POS_DC_VS_CD4_TCELL_DN	0.446124155677067	0.89373225058717	-0.307857379861147	-0.999451644395318	2773	91	BHLHA15|CADM2|SYNM|JAZF1|ARHGEF17|MYH7B|MST1R|LAMB3|CHCHD6|GUCA1B|TRIP6|FGFR3|SIX5|MNX1|CENPV|GPS1|TRPT1
HALLMARK_INTERFERON_ALPHA_RESPONSE	0.446623794212219	0.894495140922237	-0.306672202600135	-0.997045518361722	2777	92	IL15|IRF7|IFI30|PSMB9|TAP1|IFITM1|UBA7|IFITM2|IFI35|IFIT2|HERC6|LGALS3BP|MX1|IFITM3|BATF2|GBP2|TRIM26|ISG15|SP110|CNP|CMTR1|SAMD9L|OGFR|PARP12|IRF9
GSE18791_CTRL_VS_NEWCASTLE_VIRUS_DC_8H_DN	0.446896145925272	0.894577550845348	0.265427502048994	0.995960872842533	1518	172	SAMD9|AIM2|FAM135A|IFIH1|MX2|DHX58|SRC|NT5C3A|DTX3L|CD80|PI4K2B|PNPT1|NEXN|CLK1|CMPK2|IFIT3|HK2|TMEM140|RSAD2|PSCA|IFIT1|CD274|HPCAL4|ITIH4|IFIT5|CXCL11|INTS12|TENT5A|ARL5B|DDX60L|IFI6|ETV7|NAMPT|PIWIL4|PPM1K|TMEM217|IKBKE|MAML2|MASTL|MKLN1|UCA1
GSE30083_SP2_VS_SP3_THYMOCYTE_UP	0.446805281529822	0.894577550845348	-0.286607783482942	-1.00274201484708	2943	165	TAGLN|STX11|MAGEB16|C1QTNF12|EXT1|SPPL2B|ZNF467|MAPK12|VILL|PYROXD2|FAM131A|TNK2|ITIH5|SMAD6|CSF2|JAZF1|TPD52|MFSD2A|FGF12|CRISPLD2|MYH7B|STK39|MED22|C2CD4B|TRPM1|PRDM16|NFATC4|OTX1|KCNN4|ENO3|CERS4|GPC2|ZBTB7B|TSC22D1
PID_LIS1_PATHWAY	0.446932299012694	0.894577550845348	-0.386922872878699	-0.996610027026522	2534	25	LRPAP1|DYNC1H1|NDEL1|ABL1|PAFAH1B3|CDC42|PAFAH1B1|NUDC|KATNA1|DYNLT1|CDK5
REACTOME_REGULATION_OF_TP53_ACTIVITY_THROUGH_ACETYLATION	0.447258120852253	0.895051239456721	-0.37219615348948	-0.997728874804791	2560	30	CHD4|AKT3|CHD3|BRD1|PIN1|MBD3|ING5|BRPF1|AKT2|PIP4P1
JAZAERI_BREAST_CANCER_BRCA1_VS_BRCA2_DN	0.447448859628498	0.895076056785743	0.341310566158588	0.995516192095143	1902	36	CD83|FOXO1|CD36|GFM2
TAKEDA_TARGETS_OF_NUP98_HOXA9_FUSION_16D_UP	0.44741980474198	0.895076056785743	0.273899063179433	0.995243461466986	1603	134	TSLP|MEIS1|ITGB7|SLC18A2|MX2|TESPA1|PRKAR1A|CMPK2|IFIT3|NCALD|SIGLEC6|RSAD2|CFI|S1PR3|SLAMF7|TOX|IFIT1|HOXA5|CLECL1P|XYLT1|KIT|ZDHHC17|ATP11A|IFI6|ABCB1|NET1|ELOVL6|PPP1R16B|SMPDL3A|WT1|OPN3
SWEET_LUNG_CANCER_KRAS_UP	0.447773171057911	0.89539843362528	-0.262751347728358	-1.00294575542259	3347	425	ADAM19|COL18A1|TYROBP|H2AC8|ZFP42|ADSS1|CD14|CRLF1|ZFTRAF1|PLXNB2|NAGK|IFI30|ITGA4|RPL28|CLDN7|MT2A|AXL|C5|LPCAT3|BSG|MEF2B|APOC1|C17orf49|MATN4|ITGAX|CSF2|PPARG|LBP|RRBP1|CYBA|NAPSA|CCND1|LAMB3|CHD4|SERPINE1|NFIL3|B3GAT3|ENTPD1|SLC15A2|KCNJ15|MDFIC|G6PD|MUC1|MYDGF|PSAP|CTSA|DLK1|CSRP2|GGCX|ATOX1|PSMB5|POLR2E|CTSD|RPS18|RNF181|STXBP2|CDK2AP2|GRHPR|POLR1C|HEXA|NPDC1|GFUS|B4GALNT1|PISD|MLEC|ELOVL1|POLG|PPOX|GNS|RPL36|PFDN2|GRINA|RAP1GAP|PRELID1|FASN|TANK|SIVA1|NHSL3|ID2|RNF149|FKBP2|PAFAH1B3|ATP6V0A1|SPINT1|STARD10|RPL3|EEF1D|EHMT2|PDK3|RNASET2|LPCAT1|UBXN1|PSEN1|CSTB|CCDC186|CTSZ|CLCN5|FANCE|CTSH|RPL8|ITPR2|VAMP2|HSPA1B|CDKN1A|PCBD1|EIF4G1
WP_LEUCINE_ISOLEUCINE_AND_VALINE_METABOLISM	0.447788417692659	0.89539843362528	0.382310725260921	1.00335320369204	1963	23	MLYCD|HIBCH|AUH|PCCA|DBT|ACAT1|DLD|BCAT1|HIBADH|BCKDHA|MMUT|MCCC2|ACAD8
REACTOME_CELL_DEATH_SIGNALLING_VIA_NRAGE_NRIF_AND_NADE	0.447885196374622	0.895413583192284	0.301639462243011	0.994742653072029	1778	70	VAV2|GNA13|ARHGEF16|FGD4|ITGB3BP|KALRN|ITSN1|ECT2|MAPK8|VAV1|ABR|BEX3|SOS2|ARHGEF12|CASP3|NET1|TIAM2
GSE29618_BCELL_VS_MONOCYTE_UP	0.448346502780217	0.896157346656275	0.266836698562199	0.996617345934623	1531	167	STAP1|CD69|ZNF43|ZNF107|H2BC6|TMEM156|ESF1|ZNF675|EIF2AK3|ARID5B|BACE2|ANKRD36|GOLGA8B|CKAP2|USP6NL|SYPL1|PALS2|PIKFYVE|TSPAN13|STAG3|DDHD2|ARPP19|RRAS2|H2BC7|S1PR1|IL24|PAX5|ATP8A1|BACH2|IFT57|PHTF2|PPIG|BCL2|CD24|TRBC1|FAM3C|ANKRD12|MYC|CD47|PPP1R16B|TMEM243|NUP88|NGLY1|PRDM2|DDX6
GSE13762_CTRL_VS_125_VITAMIND_DAY12_DC_DN	0.448666127728375	0.896617676714599	0.28226677888221	0.993139638749257	1664	106	ASB9|ONECUT2|CAVIN4|DARS1|TOP2A|BCAP29|PHLDA1|NOL11|FNIP2|NCAPG|NUP133|EFCAB5|XCL1|LY6G5B|ALDH9A1|RAP1A|LRRC8C|SPATA20|BTBD10|NAMPT|ENDOD1|PPFIBP1|KIF15|CDK2
BIOCARTA_TFF_PATHWAY	0.449190647482014	0.896773213887124	0.397765508216023	0.997616433839374	1997	19	PIK3CA|MAPK1|RHOA|PIK3CG|CTNNB1|SOS1|SHC1|APAF1
DAUER_STAT3_TARGETS_DN	0.449133642134157	0.896773213887124	-0.347566981520691	-0.998589980340503	2617	43	HSPA6|IRF7|IFITM1|IFI35|HERC6|RIGI|MX1|ID3|ISG15|SP110|HPGD|OAS3|HSPA1A|PARP12
GSE12366_NAIVE_VS_MEMORY_BCELL_UP	0.449044585987261	0.896773213887124	-0.285696572440587	-1.00131009084299	2960	168	NEIL1|CYFIP2|ADGRG3|ENC1|SLC8A2|ABCB4|FBXW4P1|SH3BP2|APLP2|DGKD|NSUN5|TCL1A|GCA|CLIP3|PLEKHA1|GAS2L1|LINC00926|LCTL|PPP1R26-AS1|USF3|BATF2|ARHGEF10|ADPRM|LYL1|MROH6|TREML2|PPARD|ZBTB10|MAPK8IP1|DEF8
GSE21927_SPLEEN_C57BL6_VS_4T1_TUMOR_BALBC_MONOCYTES_UP	0.449117030829093	0.896773213887124	-0.282473837662801	-1.00151982470216	3000	186	IDUA|STX1A|SMPD1|AXL|PIK3C2B|RPLP2|SYNE3|GGA1|ETHE1|SOD3|ATP5ME|SPSB3|RPL18|AURKB|RHOT2|EFNA1|RGP1|TRPC1|NFRKB|MAP4K1|TMEM161A|MZT2B|POMT1|IGF2R|MYO9B|SPATA7|RPS10|NDUFB1|CLSTN1|UXT|GPAA1|SNRPD2|SIGIRR|GSK3B|NOSIP|ICAM3|SSR4|DHX30|RPL3|EEF1D|LMTK2|ATP5MG|MICAL1|RPL35|NMU|ASB1|TYK2|TUFM|SRF|UBE2O|VAMP2|RPS5|KDM6B|SGTA|ZC3H13|EIF2B4|RPL35A|GOLGA3|ARB2A|COX4I1|RPS17|FN1|UCKL1|UQCRH|LPL|COX6C
SHI_SPARC_TARGETS_UP	0.449082403742353	0.896773213887124	-0.400693852456884	-0.999166276734228	2495	22	RAB27B|AHRR|MMP1|SEMA6A|SEMA4F
BIOCARTA_RAS_PATHWAY	0.44959495949595	0.896904285441019	0.383082688238807	0.998595136162615	1997	22	PLD1|PIK3CA|RHOA|ELK1|PIK3CG|CHUK
BROWNE_HCMV_INFECTION_6HR_UP	0.450068166325835	0.896904285441019	-0.339737825324039	-0.995991357828543	2640	48	IRF7|RARRES2|MNDA|SLC6A8|MX1|TRIM26|ISG15|GNS|CNP
GSE11818_WT_VS_DICER_KO_TREG_UP	0.449499052261034	0.896904285441019	0.281290780481992	0.990379987694048	1659	107	ZC2HC1A|SERINC5|ARMCX1|EGR3|CATSPERB|PRKN|MRPS24|ADPRHL1|SYCP2L|DDX19B|SATB2|TRIB1|KCNK9|GSTM2|SCARF2|RASL10B|CORT|FLCN|TGFBR1|EPCAM|CLGN|ANKRD50|TBX18|SCN1B|CAPZB|GALNT10
GSE21033_1H_VS_24H_POLYIC_STIM_DC_DN	0.450239160623361	0.896904285441019	-0.28776896290997	-0.99817197614255	2917	155	RNASEK|N4BP2L1|COPS9|POLR2F|PSMB9|DHRS1|TMEM25|NOL12|TECR|DYRK2|IFI35|IFI16|HSF2BP|PUS1|HIGD2A|C19orf38|TNFAIP8L2|MYO1G|GBP2|STING1|RFC2|TRMT1|SHISA5|ING5|AFDN|NOP10|MLEC|SELENOS|RPL10|ISCA2|GIPC1|MFGE8|GSTP1|FBXO31|RPS26|EEF1D|MED11|PSMA7|MAFG|POLRMT|CCHCR1|DDX51|MRPL46|RAC3|POLDIP2|WDR59
GSE28130_ACTIVATED_VS_INDUCEED_TREG_DN	0.450239160623361	0.896904285441019	-0.287753206201869	-0.998117321518566	2917	155	TCEA2|STX11|GNRH1|TLX1|IRF7|IFI30|EPB41L1|PTPRU|ABCB8|KLK2|ARHGEF17|GPC1|CCND1|UNC13A|P2RX5|NRTN|OS9|GRIK5|ARSL|MUC1|LIG1|TSPO|DACH1|NDUFA6|NDUFB7|WDR13|HYAL3|ZBTB5|PRKAB2|TNFRSF1B|PER1|NISCH|RAP1GAP|NPHP4
GSE3039_CD4_TCELL_VS_ALPHABETA_CD8_TCELL_DN	0.449865309787489	0.896904285441019	-0.28239947357071	-1.0012561644882	3005	186	CCR7|ANPEP|PCBP4|PYCARD|COX6A1|AMZ1|PLXNA1|FGFBP3|TRPM4|NSUN5|SLC39A2|SLC16A13|SPATA6|SLC19A1|TADA2A|CCND1|SDF2L1|NOP2|P2RX5|SLC27A1|TBRG4|PIGQ|SEC61B|SMDT1|CTSD|CAD|USP36|SLC1A5|TIMM10|NOP10|MRAS|ACAA1|RPL10|NUDT17|CRELD1|NR2C2AP|LAMP1|NIBAN2|PNPO|ERP29|MYCL|POMP|CAPG|RPS26|METTL17|ZMIZ2|NDUFA7|ATP5MG|CKB|SENP3|UPP1|CYC1|GCAT|NECTIN2|UBE2O|PPARGC1B|PLCD1|AKR7A2|MFHAS1|EIF3B|TMEM120B|TUFT1|DAG1|YARS1|SLC25A39|GSS|URB1|CISD3|SF3B4|RPL27A|SLC11A2|METTL1|WDR33|RHOQ
GSE36078_UNTREATED_VS_AD5_T425A_HEXON_INF_MOUSE_LUNG_DC_UP	0.449804039794996	0.896904285441019	0.265077143321546	0.999599849863359	1491	181	KDM4D|SLAMF6|PRNP|CFAP410|SERINC5|ZNF583|PDK1|ADAMTS3|REC8|ARID5B|PECR|BACE2|CTSS|NBN|AMZ2|PAIP2|AP1S2|AKAP11|ATP1B1|MRPS6|RTRAF|ICA1L|IFFO2|REEP2|RSAD2|PAX5|USP33|FLCN|AGL|PCCA|JAK2|USP53|NFE2L2|NME7|ENDOD1|CACYBP|CYP4V2|SKP1|AFTPH|PPP1R16B|MON1B|C2orf88|ARHGAP5|CCDC90B
GSE6269_FLU_VS_STAPH_AUREUS_INF_PBMC_UP	0.450106157112527	0.896904285441019	-0.285582983078626	-1.00091198255149	2967	168	LAT|SPIB|SEMA4D|DIPK1A|CIITA|ABCB4|PBXIP1|HLA-DOB|TMEM63A|ZNF692|NXF1|SUN2|ARHGAP45|CD19|ING4|NSUN5|SFI1|PDCD11|ZBTB3|SPECC1L|P2RX5|TMCO6|COBLL1|CSNK1D|IL16|PWWP3A|PPOX|SLC5A3|INPP5D|ZMYND11
JIANG_MELANOMA_TRM8_CD4	0.449648077964266	0.896904285441019	-0.263660415181922	-1.00150848285026	3321	401	NFKBIZ|TRBC2|GZMM|LAT|ABRACL|TSC22D3|RCAN3|TRAPPC6A|RPS21|MGAT4A|RPL28|RPS28|UQCR11|PDLIM2|RPS20|PBXIP1|RPLP2|FLT3LG|IFITM1|ADGRE5|ACAP1|RPS29|HCST|REX1BD|MICOS10|MZT2A|SUN2|IFITM2|SPSB3|CD48|UBA52|CIB1|RPS9|RPL18|ZFAS1|FOS|IL2RG|MIF|RPL13A|FAU|NME3|C12orf57|TBCB|EMP3|RGS14|RPL38|TRADD|MZT2B|STING1|ICAM2|RPS18|RPS15|RPS10|GMFG|RPS16|GPSM3|SLC2A3|JUNB|SPN|TOMM7|RPS2|RPLP1|NR4A1|RPL27|RPS23|RPL10|RPL36|POLR1H|SNRPD2|ERN1|RPS27|EVL|ARHGEF1|SIGIRR|ID2|RNF149|RPL37A|CCDC85B|RPSA|NOSIP|CD3D|IFNGR1|CKLF|RPS26|RPS12|RPL3|COMMD6|EEF1D|NOP53|SH2D2A|S100A6|RPL35|CLEC2D|LY6E|CDC42EP3|RPL8|SH3BGRL3|TMA7|HSPA1B|RPS5|JUN|BCAP31
SANA_TNF_SIGNALING_UP	0.450236966824645	0.896904285441019	0.301506702992543	0.990689083656871	1804	68	LIPG|CXCL8|IFIH1|MX2|CCL2|HLA-B|CMPK2|HSD17B11|APOL3|IL32|IFIT1|C1S|ICOSLG|HLA-C|CXCL11|RABL3
WEBER_METHYLATED_HCP_IN_FIBROBLAST_DN	0.449433001619995	0.896904285441019	0.362660707473047	0.999290334990645	1941	28	MORC1|CATSPER2|REC8
BIOCARTA_EIF4_PATHWAY	0.451208390332877	0.897054827126445	0.38133148401741	1.0007832395923	1978	23	PIK3CA|EIF4G2|MAPK1|EIF4E|EIF4G3|PTEN|MAPK14|EIF4A2|PABPC1|RPS6KB1|PRKCB
FOROUTAN_TGFB_EMT_UP	0.451167728237792	0.897054827126445	-0.285473936039254	-1.00052979420402	2974	168	TGFB1I1|ADAM19|TAGLN|SMAD7|FSTL3|FOXD1|CRLF1|APBB2|GASK1B|DOCK4|COL1A1|KLF7|HSF2BP|MMP1|PDLIM7|SERPINE1|COL6A3|AKT3|KCNJ15|MAGED2|GAL|JUNB|BMP1|SPHK1|PDGFA|PSMD2|WNT5B|NRIP3|ITGA5|SMURF2|HS3ST3A1
GSE20366_TREG_VS_TCONV_DN	0.4510550996483	0.897054827126445	0.265719423953281	0.995001496095964	1538	170	PITPNC1|EGF|IL12RB2|SLC49A4|ZNF354A|SCRN3|SESN3|SGPP1|LGALS3|STT3B|ANLN|RNF13|ZFP82|TRUB1|SNAI3|POLA1|DENND4C|NUP160|PPP3CB|PXYLP1|PLPP3|IL6R|SLAMF7|TMEM176B|TDRP|GRIP1|EHD3|MYO6|PDE11A|MOSMO|NFE2L2|LRP12|NKX3-2|SEMA4A|ABCB1|MLLT11|SMIM3|PPM1K|IL17RE|TTC3|WT1|ADO|MBD4|SGMS1|KLHL7|MYCBP2|BLM|FAM120AOS|ANKMY2
GSE22886_NAIVE_BCELL_VS_MONOCYTE_UP	0.451041964030831	0.897054827126445	0.270461898406427	0.99612750667507	1579	150	NIPSNAP3B|STAP1|CD69|CFAP44|TMEM156|TNFSF4|CNR1|POU6F1|BACE2|LRBA|GOLGA8B|ZNF493|TSPAN13|ZFTA|GINS1|RRAS2|NEIL3|NCR3|FRAS1|PAX5|MYEF2|FBLN1|CR2|BACH2|DNAI4|HAUS5|TBC1D19|DCAF17|CHST3|ENDOD1|CD24
GSE3982_EOSINOPHIL_VS_TH1_UP	0.451183431952663	0.897054827126445	0.265220844361022	0.995395474244792	1524	173	PRNP|CD44|ZNF14|PPP2R3A|RNF11|NXN|TET3|CMTM6|CD164|PPM1B|ERBIN|EIF4G2|NHLRC2|BMX|MARCHF7|SH3BGRL|PLEKHF2|SUMO1|CLK1|DMTF1|AP3S1|HECA|IL6R|SCRG1|FBP2|GRIA2|ITIH4|KIT|RNF144A|UBE2E3|HLA-C|DBT|NFE2L2|FCGR2C|ZDHHC17|WIPI1|RHEB|PTPN12|MON2|KDM6A|ANXA1|ZNF217|INPP5B|SERINC1|PTAFR|CLOCK|ZNF721|SEC62|CHP1|ATF1|VPS37A
GSE43955_1H_VS_42H_ACT_CD4_TCELL_WITH_TGFB_IL6_DN	0.450770160072486	0.897054827126445	-0.284477863181796	-1.00043058710589	2984	173	IGF1R|TAGLN|WFS1|TEP1|VWA7|TIMP3|SPPL2B|COL1A1|RGS3|MYPOP|ZC3H12C|SELENOV|KLF12|CIB1|C8G|PGF|NPAS1|JAG2|FHL1|FGD1|FOLR2|TPPP3|KRTCAP2|TIMM44|SLC22A23|SHISA5|HPGD|ENTPD6|SNHG6|ITGAV|FLNB|HSPBP1|IL15RA
LIU_VAV3_PROSTATE_CARCINOGENESIS_UP	0.45081693897966	0.897054827126445	-0.323085047871252	-0.997423482818965	2703	65	PLAT|TYROBP|C3|ABCB4|PSMB9|TAP1|PPARG|APOD
WENG_POR_TARGETS_LIVER_UP	0.450975781801082	0.897054827126445	0.340740816480772	0.993854377062309	1917	36	PRNP|CD36|CYP26A1|TMEM176A|ANXA5|CYB5B|HMGCS1|CSAD|IDI1|C11orf54|MSMO1
WP_DNA_IRDOUBLE_STRAND_BREAKS_AND_CELLULAR_RESPONSE_VIA_ATM	0.451028403525955	0.897054827126445	0.316449988025955	0.99300625729572	1841	53	RAD52|NBN|DCLRE1C|RIF1|CASP3|ACTL6A|SMC3|ATF2|ATR|PCNA|BLM|LATS1|ATM|CDC25C|BAK1|EXO1|RAD17|BRCA1|CHEK2|CHEK1|BRCA2|APAF1|MCPH1|STK3|UPF1|TERF2|MRE11
WP_NRP1TRIGGERED_SIGNALING_IN_PANCREATIC_CANCER	0.451122375090514	0.897054827126445	0.323020572851525	0.994611184943844	1868	47	SEMA3A|EGF|TGFBR2|CCNE2|SRC|SMAD4|SMAD2|MAPK1|TGFBR1|REL|PTK2|CDKN1B|CDK2|CHD1
GSE36009_UNSTIM_VS_LPS_STIM_DC_UP	0.451641791044776	0.897432125484017	0.264630876395993	0.994619894701839	1512	176	STK38L|DPF3|RNF217|PPP1R3D|AMN1|NABP1|BATF3|ZNF608|FAM174A|NAAA|GCNT2|PTPN2|PAQR3|TAPBPL|NUAK2|LFNG|SGCB|CD274|TIGAR|RAB19|AUH|BMF|RBM43|CXCL11|TCEANC2|PPA1|NIPSNAP3A|NSUN4|ZFP14|IL10RA|RAP2C|NAA25|NGDN|CARD6|NAMPT|RAPGEF6|CHSY1|DNAAF10|STX7|NOD1|INPP5B|ABRAXAS1|OPN3|DCUN1D1|TAF4B|BMP2K|NMI|MBD4|CDC42SE2|PNP|ATF3|STAT1|POLR1F|KYAT3|PSMA3|KIAA0040|PARP14|RAB9A|UBTD1|WDHD1|ATP7A|DOP1A
GSE41176_UNSTIM_VS_ANTI_IGM_STIM_BCELL_24H_UP	0.45165767154973	0.897432125484017	-0.290376823418732	-1.00227922186747	2928	147	AMH|PLCB4|RAB27B|STX11|ELOVL3|ZNF76|HLX|ATXN1|DEGS2|KCNC3|LAMA5|FXYD1|ROGDI|GABRG2|SIAE|HSPB1|THEMIS2|C2CD4B|TPPP3|FBXO41|RAMP1
GSE46606_IRF4HIGH_VS_IRF4MID_CD40L_IL2_IL5_DAY3_STIMULATED_BCELL_DN	0.451845184518452	0.897432125484017	0.264582919868047	0.995145488496974	1505	177	ZC2HC1A|SETDB2|CCL5|ARID2|POU6F1|HSDL2|HAT1|NABP1|LAMP2|VPS54|STXBP3|RBM11|CPD|PGGT1B|ETNK1|NAB1|MRPL39|RBMX|INTS8|HNRNPH2|TMEM140|LINC01160|IGSF10|TTC9B|JAK2|TMED5|VWA5A|CSRP1|VRK2|LCP1|ANGPT1|CUL2|PPFIBP1|BAZ1A|ABCB1|CLTC|TUBGCP4|INPP5B|CYB5B|SPRED1|SSBP1|MYCBP2|SYNJ1|FZD5|CDK6|ATF3|TAF12|SETD3|SUZ12|MSMO1|OPTN|STAT1
PID_ER_NONGENOMIC_PATHWAY	0.451818611242324	0.897432125484017	0.338459442376172	0.993199392692519	1912	37	GNA13|SRC|ESR2|GNAI3|GNAQ|PIK3CA|ROCK2|GNAL|RHOA|HBEGF|NRAS
YUAN_ZNF143_PARTNERS	0.451845184518452	0.897432125484017	0.382541833872109	0.997185272035263	2007	22	DCAF13|LMO7|NUSAP1|RAVER1|GPBP1|SNW1
SUMI_HNF4A_TARGETS	0.451988534575421	0.897539250260747	-0.408337949893888	-1.00219050828776	2522	20	CYP19A1
FOSTER_KDM1A_TARGETS_UP	0.452177817691962	0.897560002766842	-0.28188605554724	-0.998744994071809	3020	183	SULT2B1|SLC30A3|BCAS1|NPW|EZHIP|RASGRP3|TPBG|IFITM1|TRPV2|PBLD|TEX19|RNF170|GCA|CRYBG1|MAP1LC3A|LGALS3BP|CRYGS|ACTN2|FHL1|SLC15A2|MDFIC|ACP3|SLC6A13|MX1|MBOAT1
GSE4590_LARGE_PRE_BCELL_VS_VPREB_POS_LARGE_PRE_BCELL_UP	0.452136752136752	0.897560002766842	0.269428120390726	0.995810160612417	1586	153	AIM2|ITGB4|SESTD1|DNAJC6|GPR174|PPT1|RNF13|ATG4C|TDRKH|GNAQ|PI4K2B|HYCC1|CRLF3|ETNK1|ADD3|PPP1R12A|PLA2G4A|KIT|DNAI4|SKAP2|FUT8|TGFBR1|DOCK11|B3GNT2|EPCAM|PCGF5|CHD9|S100A10|GOLPH3L|RAB3GAP2|EFHC1|PLAAT3|DSTN|ATXN7L1|TGFBR3|CDK6|IDI1|LTA4H|RNF130|NT5C2|DOCK8|RAB3IP|MSMO1|ACOT7
MCBRYAN_PUBERTAL_BREAST_5_6WK_UP	0.452470461868958	0.897963324681811	0.284286790213888	0.992365184283721	1684	101	GOLPH3|TCF7|RNF2|SOCS6|ACSF2|PFKFB3|SEH1L|TJP2|ATP1B1|SIAH2|IDH1|ZBTB16|SPP1|KCNK1|PKP2|NIPSNAP3A|SOCS2|DSG2|TLCD4|MYB|CYP4V2|NET1|SFXN1|PSIP1|CFAP298|WEE1|AVL9|NUP54|CISD1
GRAESSMANN_RESPONSE_TO_MC_AND_SERUM_DEPRIVATION_UP	0.453591243064927	0.898118745216213	-0.283175080925464	-0.999465482688579	3024	177	FES|AQP1|C3|IRF7|ENC1|N4BP2L1|CPEB3|UBA7|STK11IP|MIGA2|IFI35|IFI16|IFIT2|IRS1|LGALS3BP|TXNDC16|THEMIS2|MX1|FAS|GBP2|SP100|ISG15|TAP2|PRF1|SP110|PSMB10|NACC2|MOCS1|PLEC|PARP3|MRPL57|CDCA3|LIFR|SLC9A8|NMNAT1|NNMT|HOXB8|PARP12|IRF9|DNAJC27|OXA1L|RFXANK|IRF1|TOR3A|ADCY3|PES1|HIPK2
GSE17721_POLYIC_VS_PAM3CSK4_6H_BMDC_UP	0.45369532428356	0.898118745216213	0.265271672020672	0.99784504364691	1503	178	TTC39B|CLDN23|KCTD12|CCL5|TAMALIN|SUMF1|NXN|FGF13|TMEM209|PDCD10|CLDND1|TLE4|KALRN|TRIM6|STXBP3|NAAA|PFKFB3|CUL4B|AP1S2|C3orf62|SMAD4|BLTP1|TOB1|CWC22|WBP4|ITPRID2|PMFBP1|NREP|IGFBP5|LAT2|TMEM176B|ATP6V1D|LRRC8C|PCCA|CRBN
GSE18893_CTRL_VS_TNF_TREATED_TREG_2H_UP	0.453410475030451	0.898118745216213	0.260595359323309	0.995514779215134	1488	198	FOXO1|KCTD12|SESN3|SLC33A1|BMPR2|ARL5A|DNAJC28|DAND5|ZBTB41|MEF2A|S1PR2|FOXN3|FAM174A|EAF1|PI4K2B|MEF2C|FAM199X|AAK1|CHPT1|ATL3|ZNF664|UHMK1|ARL1|CBFB|HOMER1|IL1RL1|MTSS1|F5|SCRG1|TRIM24|GNG10|VWA5A|TAF1|PAPSS1|MAP4K3|GRK5|CACUL1|ZMAT3|SNX19|SLC36A4|RCOR3|SEPTIN2|SECISBP2L|APC|SMPDL3A|P4HA1|CD93|CLOCK|RCN2|BMP2K|IPO11|AGO1|TRIM3|MAGI1|STARD7|USP48|PHF8|VIM|SORD|SARAF|CDK8|MBD2|MINDY2|EFCAB14|PRKX|FYTTD1|CDK19|GTF3C6|SRP54|PURB
GSE2826_WT_VS_BTK_KO_BCELL_UP	0.45297993411201	0.898118745216213	-0.282203898694795	-0.99927728956344	3024	182	UBL3|MUTYH|CARD19|H2BC13|IL4I1|TFPT|MIIP|TRIO|RPP21|PRPF31|SMTN|MATN4|CXXC1|SLC19A1|RECQL5|IRF3|RPL18|ROBO3|SLC25A19|BCL6|DNAJC17|ID3|BCAT2|ICAM2|DGKA|DHRS3|STRADA|MRPS21|RETREG2|EPHX1|PLEC|KLHDC4|MAF1|SNRPD2|EPOP|INPP5D|RAP1GAP|GPS1|CLTA|BID|CAPG|CRAT|SURF6|RBM26|TIMELESS|ZBTB48|IER2|RELB|WDR20|UCK1|PDIA4|SMYD5
GSE41867_DAY8_EFFECTOR_VS_DAY30_MEMORY_CD8_TCELL_LCMV_ARMSTRONG_UP	0.452925452925453	0.898118745216213	0.260575452560631	0.996736305667824	1524	195	ZNF708|MED18|GLMN|ESF1|DARS1|DTX3L|RSL24D1|HDAC2|MRPS24|BCAP29|ORC4|SRP19|ALG6|MSH2|YWHAQ|CBX3|CCNC|SAR1B|IFIT1|RAP1A|PCCA|ARV1|ERO1A|YTHDF2|DBT|IFT74|PPHLN1|WDR36|SPCS1|TSN|MTRR|CMTR2|METTL4|SMIM3|DARS2|RIOX2|NPAT|RFC1|BAG2|GOLT1B|STARD4|CLPX|OTUD6B|NCBP1|RSL1D1|SUCLA2|PEX2|ADH5|SHCBP1|LMNB1|FAF1|FABP5|RIPK1|BCCIP|UTP25|EIF2D|DDX27|PARP9|TAF12|DRG1|AFP|WDR3|ZC3HAV1|SNRNP40|WDR43|EED|POLD3|ALG5|RAD17|SRP54|ACTR3B
HALLMARK_ANGIOGENESIS	0.453437003004064	0.898118745216213	-0.382842919172705	-0.993938838978117	2565	26	PRG2|TNFRSF21|TIMP1|JAG2|LRPAP1|THBD|PDGFA|ITGAV
HOWLIN_PUBERTAL_MAMMARY_GLAND	0.453787234042553	0.898118745216213	-0.338972677594437	-0.997210882268984	2665	49	COL18A1|EPS8|TWIST1|DBP|IFI16|APOD|COMT|NFIL3
KEGG_MEDICUS_PATHOGEN_HCMV_US28_TO_GNAQ_PLCB_G_CALCINEURIN_SIGNALING_PATHWAY	0.453117990130103	0.898118745216213	0.399991062698123	0.990696281604108	2019	18	CXCL8|GNAQ|PPP3CB|CALM2|NFATC2|PPP3R1|PLCB1
PEPPER_CHRONIC_LYMPHOCYTIC_LEUKEMIA_DN	0.453801382320844	0.898118745216213	-0.430772517593832	-0.999614892931999	2494	16	APBB2|EXT1
REACTOME_METABOLISM_OF_WATER_SOLUBLE_VITAMINS_AND_COFACTORS	0.45314465408805	0.898118745216213	-0.297947243362545	-0.998421984478913	2881	114	TCN2|CUBN|SLC46A1|SLC52A2|RNLS|PPCDC|SLC22A13|SLC19A1|SLC52A3|FLAD1|SLC25A19|FOLR2|NAPRT|ACACB|SLC2A3|NUDT8|SLC25A16|MOCS1|MOCS3|FASN|BTD|DHFR2|SLC25A42|NMNAT1|NNMT|PNPO|MTHFD2L|ENPP3|NAXD|ABCD4|COASY|GSTO2|PDXK|CD320|PANK4|CYB5R3
REACTOME_SLC_TRANSPORTER_DISORDERS	0.453667449752023	0.898118745216213	0.296447606801655	0.991811534289201	1737	78	SLC35A3|SLC33A1|RANBP2|SEH1L|NUP153|NUP35|NUP107|NUP37|NUP160|NUP133|SLC5A5|SLC26A4|SLC2A10|SLC4A4|SLC40A1|NUP205|NUP88|SLC35A1|RAE1|NUP155|NUP54|NUP50|NDC1|NUP58|SLC6A19|RHAG
REACTOME_SYNTHESIS_OF_BILE_ACIDS_AND_BILE_SALTS	0.453182656826568	0.898118745216213	0.365865688736252	0.999474789273216	1964	27	NCOA2|SCP2|ABCB11|CYP46A1|OSBPL3|OSBPL2|SLC27A2|OSBPL9|HSD17B4
REACTOME_TELOMERE_MAINTENANCE	0.452866242038217	0.898118745216213	-0.304020219859616	-0.99912146552825	2843	100	H4C4|H2AC20|H2AC7|H2AC8|POLR2L|POLR2F|H2BC13|H2BC17|H4C11|H4C3|H4C14|CHTF18|H4C2|LIG1|CTC1|H2BC5|POLR2E|POLD1|RFC2|NOP10|H2BC12|POLR2A|H2AZ2|POLR2J|ACD|STN1|POLA2
REACTOME_TRAF6_MEDIATED_IRF7_ACTIVATION	0.453437613677701	0.898118745216213	-0.430919995102874	-0.999957116979239	2492	16	IRF7|RIGI|IRF3|TRAF2|TANK
GSE6259_FLT3L_INDUCED_DEC205_POS_DC_VS_CD8_TCELL_UP	0.453905149475661	0.898147031428482	-0.293493275799465	-0.998991991249113	2899	131	TRPM2|PDE2A|CIITA|FAM234A|TMEM175|B3GNT8|METRN|ADGRE5|CBX8|ITGAX|KASH5|NRM|TPCN1|EMP3|ATP2A3|CRAMP1|GPR146|DCXR|PIGL|TXNDC15|PPP6R2|SLC2A3|SFXN3|TPRN|RDH13|ZER1|GNB1L|IQSEC1|HES1|AP1M1|ADD1
GSE17186_NAIVE_VS_CD21LOW_TRANSITIONAL_BCELL_UP	0.454027298635068	0.898211671994248	-0.281488694711829	-0.999315315918309	3026	189	IL21R|SLC30A4|CYFIP2|SEMA4D|ANAPC11|FMC1|EXT1|FLT3LG|SYNGR2|HOOK2|CRYBG1|ICAM1|CTDNEP1|CDKN2D|NFIL3|TIMP1|BCL3|PGS1|MBOAT1|TMEM109|STK19|KRTCAP2|ADPRM|MYDGF|GPR146|RNH1|STING1|NDUFB7|JUNB|CYB561D2|ARHGAP39|CEBPB|RNF121|JRK|ID1|TP53I13|AKT2|SIGIRR|ID2|C19orf25|NEK6|FLOT1|NUBP2|UBFD1|SOCS3|JTB|ARMCX3|CTSZ|TRAF3|PIGM|ATP5MC1|PSMD9|JUN|POP7|PTDSS2|NLE1|DENND4B|RAB27A|SMAD3|HK1|SSBP4|GSS|UBE2S|UBA1|PDIA6|NSMCE1|RNF19B|CHST2|NOP9|ARF1
GSE22601_DOUBLE_NEGATIVE_VS_IMMATURE_CD4_SP_THYMOCYTE_DN	0.454333236066531	0.898462770613836	0.26666433693057	0.993783347421664	1556	164	DNAJB2|BICDL1|EOGT|CFAP410|ARMCX1|AMD1|CORO1A|CTSS|ALG13|AMZ2|DLC1|AKAP12|EPB41L5|ETV5|CTSF|SPATA6L|CPXM1|C1S|CCDC178|EDA|COL8A2|EGR2|ZFAND4|ARV1|ASAP3|DDX5|AMZ2P1|BCAS3|IFTAP|DNAJB11|BAG2|ARL13B|AKT1S1|MIX23|ARL4A|BNIP2|CTCFL|ADARB1|ALKBH8|BRIP1|ATF1|TMA16|SDHAF3|UTP25|EFHD1|KNOP1
GSE3982_MAST_CELL_VS_EFF_MEMORY_CD4_TCELL_DN	0.45426642111725	0.898462770613836	-0.287903484969867	-0.997439315417917	2959	152	PYGM|RCAN3|MED14OS|COL14A1|IRF7|TMEM134|CTRL|KCNC4|METRN|ACAP1|NSUN5|SFI1|CD48|FGF12|TPH1|ATP9A|PTK2B|PRSS53|USP20|CRYM|AMPD2|ADAM15|GYPB|OXLD1|SZRD1|IL18RAP|FASN|EVL|MREG|RPL37A
REACTOME_GENE_SILENCING_BY_RNA	0.454545454545455	0.898528411328726	-0.296691951472395	-0.997952387368283	2889	118	H4C4|H2AC20|MAEL|H2AC7|H2AC8|POLR2L|POLR2F|NUP210|H2BC13|H2BC17|H4C11|H4C3|PIWIL1|H3C12|H4C14|H3C13|H4C2|H2BC5|POLR2E
REACTOME_POST_CHAPERONIN_TUBULIN_FOLDING_PATHWAY	0.454480028787334	0.898528411328726	-0.399338873235823	-0.995787513783266	2525	22	TUBA3E|TBCB|TBCC|TBCD|TUBB2B|TUBA1B|TUBB3|TUBA3C
GSE42724_NAIVE_VS_B1_BCELL_UP	0.454925373134328	0.898571604785987	0.264343929057313	0.993541397983429	1523	176	ZC2HC1A|SETDB2|IGSF9|KLHL13|CAVIN4|KPNA3|NUDT13|PHLDA1|CGGBP1|MACIR|RFX5|PARP11|CRLF3|PSMA4|ETNK1|ARMCX6|PLEKHF2|SH3BGRL2|TRIM13|HK2|SLC22A15|REEP2|IFIT1|CSRP3|PPA1|CPSF2|ZNF799|VRK2|NAA25|REL|RAVER1|B4GALT5|BAZ1A|KLRG1|DRAM1|SMIM3|PPM1K|CITED2|RNF14|MAPK9|INPP5B|FAM20B|PHIP|GTDC1|SEC63|CDC73|TMCO3|CENPJ|PTPN9|SH3GLB1|GGT1|PNP|PARP9|TASOR2
KATSANOU_ELAVL1_TARGETS_UP	0.454729309271935	0.898571604785987	-0.292549156552828	-0.999737775594316	2922	135	FOXD1|C1QTNF12|ENG|SPON2|SFN|GDF15|TIMM8B|PPP1R14A|GDPD5|RENBP|APOE|LAMA5|SFI1|MAP3K7CL|IGFBP2|SLC7A7|IL2RG|NOTCH3|FAS|DMPK|IGF2R|DHRS3|CERS4|RPLP1|DDAH2|MIR4435-2HG|FAM177A1|HOXC6
KEGG_MEDICUS_REFERENCE_LESION_BYPASS_BY_TLS_AND_DSB_FORMATION	0.45482591449978	0.898571604785987	0.42115748320908	0.994247890554234	2063	15	DCLRE1A|REV3L
WP_EMBRYONIC_STEM_CELL_PLURIPOTENCY_PATHWAYS	0.454877661264697	0.898571604785987	-0.30397833189398	-0.997540723692136	2862	98	WNT11|FZD9|SMAD7|FZD7|MAPK12|WNT3|SMAD6|FGF12|FGF17|FOS|AKT3|FZD3|MAPK7|DVL1|FGFR3|PDGFA|LIFR|FGF2|ACVR2B|AKT2|GSK3B|WNT5B|IL6ST
GAZDA_DIAMOND_BLACKFAN_ANEMIA_MYELOID_DN	0.455209601669856	0.898602552912883	-0.357361230590068	-0.993126726969321	2616	36	PITX1-AS1|RPL28|APOE|COX5B|PHB1|CHMP4A|LSM7|DCTN3|RPL36
GSE40277_EOS_AND_LEF1_TRANSDUCED_VS_CTRL_CD4_TCELL_UP	0.455197132616488	0.898602552912883	0.261485848874456	0.996492373481088	1523	192	ITGB7|BICDL1|SNX16|CFAP410|ARMCX1|POC1B|KIF7|TTC8|TEX15|HIF1A|TP53INP1|ZNF608|PPM1B|PEAK1|SMAD4|WDR35|USP6NL|SH3BGRL|TMEM123|UBASH3A|POGLUT2|RRAD|GFI1|IL1RL1|IL6R|SYT11|BACH2|ICA1|PIP5K1B|DONSON|MCU|PHTF2|REL|EMC2|SCIN|B3GNT2|CASP3|CLIC4|SMC6|ARL13B|BIRC2|QKI|TLE2|LIX1L|AMFR|GTDC1|SMC4|RIPK2|ZFAND6|REEP3|CDC42SE2
PEDERSEN_METASTASIS_BY_ERBB2_ISOFORM_7	0.455114054451803	0.898602552912883	0.244798062878097	0.994730337167126	1236	368	ST8SIA4|C10orf95|BATF|ZNF185|CD44|PARPBP|BCAR3|ZNF165|ZNF362|LGR4|C3orf52|PPP2R3A|BMAL2|STEAP1|TMEM156|CDC7|HLA-B|MBNL2|CEP128|CHN1|RMI1|HMGN5|MNS1|PDE3B|KALRN|ANGPTL4|LONRF2|B3GNT5|KIF11|FNDC3B|PRIM1|GEN1|KIF3C|SH3BGRL|TSC22D2|PROCR|YIPF6|TMEM30A|ADD3|POLA1|NCAPG|WDR26|RBMX|GABBR2|PLXND1|HK2|RBM4B|NUP133|SYNE2|GLIS3|DRAIC|WWTR1|PLA2G4C|HSPB8|RIT1|UBE2E3|CENPU|CCDC121|ERO1A|TYMS|SQOR|MBOAT2|DSG2|RAP2C|MOB3C|RAPGEF6|CA8|RERG|KIF15|DRAM1|NET1|HMGN3|VDR|CAV2|SHB|NR5A2|RBM12B|ARL4A|GPD1L|LEPR|PREX1|IL13RA1|SFXN2|GALNT10|SRSF1|PSIP1|SPRED1|ZFAND5|LCORL|SLC35A1
GSE17721_CTRL_VS_GARDIQUIMOD_4H_BMDC_DN	0.455666470933647	0.898974063528291	0.265542910872412	0.99336692611847	1551	169	GPR137B|EGR3|CD40|FCGR2B|NMD3|BLZF1|IL10RB|POGLUT1|PSMC6|ZFPM2|UBLCP1|MEF2A|CPD|PPP1CB|RGS9|CALB1|SMAD2|SYPL1|SATB2|GRIK1|WASHC4
KANG_FLUOROURACIL_RESISTANCE_DN	0.455595026642984	0.898974063528291	0.414875530135319	0.993691689457899	2051	16	ITGB4|S100A14|BACE2|NFYA
WP_NANOPARTICLE_TRIGGERED_AUTOPHAGIC_CELL_DEATH	0.455595831445401	0.898974063528291	0.385506943362975	0.990843845768343	2010	21	ATG4A|ATG10|BCL2|ATG9B|BECN1|VMP1|ATG12|SH3GLB1|ATG3|ATG5|ATG16L1
GSE37301_PRO_BCELL_VS_RAG2_KO_NK_CELL_UP	0.455993930197269	0.899266615190606	-0.284901753837023	-0.998944385745906	3004	170	COL18A1|BCO2|DIPK1A|CTBP2|MT2A|ACADS|PLXNA1|TRPV2|PPM1J|ACAP3|TNFRSF8|IFI35|ARHGAP45|SLC41A2|CD48|TPD52|CYBA|TMTC2|FOS|GPR146|RAMP1|PIGL|CST3|HPGD|TBC1D10A|CDIPT|BRPF1|AFDN|DMBX1|CCDC61|SLC35D2|PLEC|GALE|SIDT2|SLC37A4|TSC22D1|FKBP2|CNIH4|MGAT4B|ATP6V0A1|TMBIM6|LMNA|SREBF2|ATP6V0B|IER2|PIGM|LTB4R|DHX16|TCTA|CPNE2|ARID3A|DHCR24|BLOC1S4|ACSS2|SLC39A7|H2BC4|CTPS2|EML3|EZR
MYLLYKANGAS_AMPLIFICATION_HOT_SPOT_23	0.455935251798561	0.899266615190606	0.396264597613064	0.993852072545327	2027	19	DDX10|PICALM|ZBTB16|SDHD|ARHGEF12|MAML2|DDX6|ATM
VALK_AML_CLUSTER_1	0.456099316300828	0.899297768027442	-0.398916567775229	-0.994734457011571	2534	22	SPIB|IRF7|FHL1|COBLL1|LTBP3|SLC2A3
GSE3982_DC_VS_MAC_DN	0.45662368112544	0.900154852933457	0.265044235379567	0.992473214079553	1557	170	LIPG|LUZP4|CCL2|GNG12|NABP1|MME|MLF1|CTSK|CCNA2|CCNB1|ZWILCH|RDX|POLA1|AGPS|NCALD|NXPH4|WWTR1|BEX3|MYO6|CDC14B|DCTN6|TGFBR1|RRM2|NME7|GDAP1|NIP7|ADAM10|PIK3CG|TIPRL|MON1B|ARL4A|SHCBP1|ATP6V1B2|LNPEP|CENPE|SEC61G|NUMB|ZNF281|PNP|R3HCC1L|CCNB2|BCAT1|BUB1B|RNASEH2B|RAD51AP1|KIF13B
MARSON_FOXP3_TARGETS_UP	0.456924216242903	0.900570446229385	0.304195121905629	0.987427102275456	1850	63	CD44|SNX18|MBNL2|CORO1A|HNRNPLL|PPM1B|SH3BGRL|XCL1|LRRC8C|TGFBR1|CELF2|CD24|MAPRE2|S100A10|HACD3
GSE22886_NAIVE_BCELL_VS_DC_UP	0.457221290224188	0.900979056001256	-0.285820530665574	-0.997241972305442	2997	161	SPIB|DND1|TSC22D3|CYFIP2|IL15|CD37|RPL28|PAK6|PIK3C2B|HLA-DOB|TSPYL2|LDOC1|CD19|GPRASP1|TCL1A|KLK2|IRS1|LRRC37A3|ACSL6|ENSG00000274253|P2RX5|RPL13A|CASZ1|IDI2-AS1|SLC6A16|SEMA4F|SAP30L-AS1|RAB11FIP3|GTPBP3|PHC1|MTMR10|SZT2|RPS23|RPS27|TGIF2|RPL37A
GSE360_L_MAJOR_VS_B_MALAYI_LOW_DOSE_DC_UP	0.457466063348416	0.901107602804435	-0.283266506874381	-0.996878719404798	3032	174	GPR135|CCR7|ZFTRAF1|STX1A|TMEM115|TAP1|CELF3|ASIC3|DOCK4|RHBDF1|TRAIP|ABCA4|GUCY2F|CFD|IER3|ICAM1|SLC6A8|SPINT2|HGS|IL1B|TRPM1|IFITM3|AKR1B1|GBP2|TRADD|YJU2B|TSFM|SLC2A3|AGRN|TSC22D4|SCYL3|TNFRSF1B|SLC5A3|SYMPK|TNIP1|ENTPD4|SMARCA4|OGFR
HUMMERICH_SKIN_CANCER_PROGRESSION_UP	0.457445077298617	0.901107602804435	-0.31415304732191	-0.995690273446838	2810	76	COL18A1|PYCARD|MT2A|COL1A1|IFI16|CYBA|TNFRSF1A|PRKCSH|FOS|MIF|COL6A3|IFITM3|CTSD|IL17RA|RIN1|JUNB|ITGB1|THOP1|COL1A2|ITGA5|S100A6|CCNF|CDKN1A|ADAM8
GSE41867_DAY8_VS_DAY15_LCMV_CLONE13_EFFECTOR_CD8_TCELL_DN	0.45772333432925	0.901437478908576	0.261545217900765	0.995564227006542	1531	191	ZNF708|COPS2|GLMN|PUS10|NXN|PLK4|PSMC6|DUSP19|ERI2|PSMC1|G2E3|DERA|UCHL3|LDHA|KNL1|CKAP2|SEH1L|GNPAT|CBX3|WDR26|NUP133|IFIT1|SGCB|TEKT3|RAB19|MRPL15|CKAP2L|TIMM23|SOCS2|NAA25|WIPF1|ATP11A|NDUFA5|PRELID3B|VIPAS39|MAPRE2|COQ3|MIS18BP1|NPAT|CMAS|STARD4|TIPRL|GOLGA7|GPI|CCDC90B|TAMM41|C1orf131|IPO11|RNF168|SNX29|SHCBP1|FAF1|MED9|MED8|SCLY|CDC25C|BLMH|ANXA7|EIF1AX|DRG1|RBM12|RIOX1|BTF3|SARNP|SNRPD1
GSE2770_TGFB_AND_IL4_VS_IL12_TREATED_ACT_CD4_TCELL_2H_UP	0.458089097303634	0.901980847142778	0.264931349771023	0.992050507497859	1562	170	ZNF41|ENTHD1|GABRG1|LST1|MORF4L2-AS1|ASB9|LONRF2|NAAA|RMDN1|MRPL42|OPA1|ZFAND1|TAPT1|SNX4|METTL21A|EIF2B2|HMX2|NIPAL1|TANC1|TXK|FSTL4|GNG10|EIF5A2|SFXN4|CEP44|SLC25A14|HUS1|SMG8|NSA2|RAB28|RNPC3|CRIPT|PIGC|TIGD1|APEX1|SNAPC5|AGBL5|PHIP|NACA|TYSND1|AGO1|MARS2|MAP2K4|BLMH|PHF10|NT5M|SLC25A4|MSL1|TANC2|TTLL5|TCEA1|PIBF1|PLA2G12A|EEF1B2|PDCD6IP|DRG2|OSBPL9|FAM217B|THOC5|HDDC2|SNHG29|CTDSP2
BIOCARTA_RELA_PATHWAY	0.458272327964861	0.902164665250299	-0.436476086387026	-0.996772746228	2503	15	TNFRSF1A|TRADD|IKBKG|TNFRSF1B
GSE17974_IL4_AND_ANTI_IL12_VS_UNTREATED_6H_ACT_CD4_TCELL_UP	0.458750963762529	0.902372049699331	-0.289376923241058	-0.998827916214955	2974	147	UBL3|RAB27B|DIPK1A|IRX5|LINC01091|RASGRP3|DDB2|EREG|RTN2|MYL11|SHLD1|IGFBP2|PPARG|ZNF462|GCOM1|LINC01116|PCED1B-AS1|PALD1|ODAD3|SPINT2|HSBP1L1|KLK8|CCDC9B|PCED1B|SLC6A16|DACH1
GSE18148_CBFB_KO_VS_WT_TREG_UP	0.458827150992766	0.902372049699331	-0.288380463044922	-0.99712351647692	2980	149	SP5|SHF|EMILIN1|STOML1|CTBP2|SEMA3F|UVSSA|TMEM25|ASIC3|GSDMD|TSPAN4|RCN3|ATF6B|CILP|NKX6-1|CCND1|CAPN12|CRYGS|MGAM|MACROH2A2|SGCG|MYDGF|DMBX1|BORCS8|MOCS3|SLC66A2|WRAP73|TK2|GPR180|STUB1|YIPF2|CENATAC|PMP22|BRF2|RAD23A|SH3D21|UBAC1|SELENOO|SELENON|ACSS2|MFHAS1|SNCG|ELMO2|YAE1|ZFAND3|TRIM68|SH3BP5|KCTD13|TUBB4B|ZDHHC18
GSE25088_WT_VS_STAT6_KO_MACROPHAGE_DN	0.458805970149254	0.902372049699331	0.26404763259717	0.992427762424339	1536	176	PPP2R3A|BMAL2|DTL|ERI2|TOP2A|BBOF1|GNAQ|RFC4|KIF11|TP63|CCNB1|SHQ1|GINS1|POLA1|NCAPG|KPNA2|TMEM106C|NUSAP1|ATG10|UPK1B|NREP|KCNE2|CENPU|INSIG1|TYMS|PLS1|CTNND1|DONSON|CDK1|RRM2|RHEB|MYB|KIF15|ELOVL5|MEGF9|PSMA6|ANXA1|KIF14|GLUL|NEK2|PCNA|ZWINT|BRIP1|CKAP5|ALDH1B1|PCLAF|RFC3|CCNB2|RAD51AP1|EXO1|CCDC88A|RHAG|DYRK3|DAB2|DLGAP5|MELK|NCAPH|MACROH2A1|GINS3|ASPM|RPL39L|RPA3
GSE37533_UNTREATED_VS_PIOGLIZATONE_TREATED_CD4_TCELL_PPARG1_AND_FOXP3_TRASDUCED_UP	0.458483754512635	0.902372049699331	0.264249808631604	0.997528303504788	1523	182	NXT2|CXCL8|PDK1|BMAL2|SRC|CCL4|TFPI2|CD80|TNFAIP8|CYP27B1|STAG3|SC5D|SCYL2|NFAT5|AGK|SPP1|TXK|RIT1|VDAC1|TMEM38B|PPA2|C1orf54|LRP12|CLIC4|PTPN12|NIP7|CMAS|MINPP1|IDH3A|CA2|ATP13A3|TTLL4|PARK7|ADO|PTAFR|CETN2|SEPTIN11|ATP6V1A|PSMD14|PSMD11|DLD|CORO1C|BHLHE40|SENP7|BCAT1|BTG3|VIM|MSMO1|SMURF1|MAFF
NATSUME_RESPONSE_TO_INTERFERON_BETA_DN	0.458588957055215	0.902372049699331	-0.338570226115164	-0.992568369174461	2690	48	TPM2|S100A2|COX6A1|SEC61B|PIN1|RPS2|RPLP1|GSTP1|SLIRP|CDKN1C|GAS6|TRAF3
GSE25087_FETAL_VS_ADULT_TREG_UP	0.459500150557061	0.903518611418566	0.263628244078845	0.995982736493353	1525	183	SLC18A2|BATF|AIF1|BMAL2|GNB4|VBP1|ADPRH|UBA5|HIC1|EIF4G2|MACIR|NDFIP2|SCCPDH|RRAS2|SIAH2|CMPK2|ERP44|SLC39A1|ESD|TOX|MRPL15|LZIC|APOO|RHOA|YTHDF2|SAMSN1|VRK2|UBA2|CDK2AP1|CASP3|HNRNPK|EIF2S1|PRDX3|ATPAF1|SCLT1|TMEM237|CYBB|ZNF823|VDR|LSM3|SUCLA2|RAD21|KIAA1586|PSMD14|XPNPEP1|STARD7|TFRC
GSE41867_DAY6_EFFECTOR_VS_DAY30_MEMORY_CD8_TCELL_LCMV_ARMSTRONG_DN	0.459727013649318	0.903787654330562	-0.280803731073421	-0.996883620906866	3064	189	BHLHA15|LAT|UBL3|CCR7|PDE2A|ADGRG3|CD37|KRTCAP3|PRKCZ|FAM193B|NXF1|ARHGAP4|GIGYF1|KLF7|NRM|CDKN2D|TXNDC16|FAU|HIGD2A|ATP2A3|COBLL1|PCNX3|CHD6|CSGALNACT2|MXD4|ANKS3|SDF2|LPIN2|SMG6|HPCAL1|STX5|F2R|ANKRD13D|PDP1|CDK11B|SIDT2|VPS11|RPS27|HDAC5|EVL|E4F1|ERP29|TTC5|DUSP5|MAFG|CIPC
GSE36078_UNTREATED_VS_AD5_T425A_HEXON_INF_IL1R_KO_MOUSE_LUNG_DC_UP	0.459840588595953	0.903812249869594	-0.286322965313508	-0.996117274487228	2999	158	GAA|RAB26|ZNF341|ENTPD3|DGAT2|IFI30|N4BP2L1|PROB1|MADCAM1|SPPL2B|GASK1B|LMOD1|PLXNA1|LAMA5|LRFN1|SPSB3|GIPC3|CILP|SPINT2|IL17D|MEAK7|LRRC45|CALR|ACP6
ZHAN_MULTIPLE_MYELOMA_MF_DN	0.459919602742965	0.903812249869594	0.332785534332416	0.988499338765756	1944	39	ITSN1|TNFAIP8|ARMC2|SLC22A15|GPLD1|SCAPER|MOB1B|FAM3C|ALDH2|SEC62
WP_CELL_INTERACTIONS_OF_THE_PANCREATIC_CANCER_MICROENVIRONMENT	0.460102489019034	0.903994673081437	-0.435750688029702	-0.995116166783467	2513	15	LAG3|IFITM2|CSF2|FAS
GSE21670_IL6_VS_TGFB_AND_IL6_TREATED_STAT3_KO_CD4_TCELL_UP	0.460553736231021	0.904034743625665	0.260424409882706	0.993602100076331	1546	193	LPXN|TM6SF1|SLC9B2|DYNC2LI1|DDIAS|MEMO1|HAT1|DEPDC1B|ANLN|ZNF518B|GLUD1|KLF10|KIF20B|AKAP12|CAPN2|GAS2L3|GINS1|SAAL1|NDC80|INPP5K|INTS8|COP1|P2RX7|SYTL2|RPE|TIPIN|NFATC2|NUP205|B4GALT5|PRELID3B|DBF4|MTMR4|RNPC3|DNAJB11|SMIM3|TTC33|C4orf46|SKP1|RBBP8|CHMP5|IPP|VAMP3|PTPRA|WEE1|BRIP1|MMS22L|RAE1|CDC73|PAICS|PTPN9|NUP50|ANXA7|GDAP2|HSPA5|MPP1|ANAPC4|KDM4A|DLGAP5|STRN|ALS2|KIF23|ARHGAP25|PYGB|EXOSC8|RNF10|GATAD1|CDC14A|BLOC1S2|THOC5|ELP4|NUCKS1|POLK|ARPC1A|WDR55|RRAGC|NAA20|TTC9C|FOXK2|UBR7
GSE29615_DAY3_VS_DAY7_LAIV_FLU_VACCINE_PBMC_UP	0.460792700313658	0.904034743625665	0.270139847241803	0.992240453610958	1615	146	SLC18A2|C2CD5|CIRBP-AS1|RAVER2|KDM7A-DT|DNAJC28|AK7|FSCN3|LRBA|NORAD|NFAT5|ZNF512|BMERB1|TCEAL8|TMEM106C|CA3|MPP2|BEX3|SOX21|NPAS3|EVPL|PDE11A|IFT74|PCYOX1|RAB2B|TUBB1|DECR1|TASOR
GSE37301_HEMATOPOIETIC_STEM_CELL_VS_CD4_TCELL_DN	0.46077032810271	0.904034743625665	-0.299594097868005	-0.994376687339456	2906	107	TNS2|PRG2|FAM171A1|TBC1D2|CDPF1|LYPD3|SEMA3F|MUTYH|KCNH4|MESP1|RGL3|SLC22A13|ADAP1|UQCC4|MZF1|SLC16A5|PRF1|IL16|RNF32
GSE40274_FOXP3_VS_FOXP3_AND_HELIOS_TRANSDUCED_ACTIVATED_CD4_TCELL_UP	0.460843373493976	0.904034743625665	0.278469307325636	0.989583932494782	1682	115	LIPG|TBX3|CLN5|DNAJC28|WDR5B|LHPP|AKAP12|WDR35|SPRY2|UNK|SORBS1|C12orf56|POU3F1|SLC4A11|SLC22A15|ZBTB16|FLACC1|LHX5|COL8A2|RPS6KA2|BMF
GSE43863_DAY6_EFF_VS_DAY150_MEM_TH1_CD4_TCELL_UP	0.46070460704607	0.904034743625665	0.263510409426338	0.995537559308078	1529	183	FOSB|SLC9B2|EGR3|CCNG2|RGS2|UAP1L1|AK7|TMEM51|USP2|HIC1|KLF10|EGR1|B3GNT5|RCHY1|NR4A2|LZTFL1|SH3BGRL|SACS|NAB1|PLEKHF2|SNAI3|CBX7|DMTF1|ITPRID2|BCL9|EMILIN2|GFI1|GPR183|S1PR3|SPP1|XCL1|LAT2|CR2|RPS6KA2|BEX3|EGR2|LITAF|TCEAL9|WIPF1|REL|RBPJ|ZSWIM4|C18orf54|SEPTIN7|WDR81|RAB3GAP2|STARD4|UBE2D1|PLBD1|PRXL2A|NCS1|IDE|OSBPL3
GSE5503_LIVER_DC_VS_MLN_DC_ACTIVATED_ALLOGENIC_TCELL_UP	0.460228136882129	0.904034743625665	-0.285361866948324	-0.997575188896416	3025	164	FES|IL11RA|INAFM1|AARSD1|PAK6|CARD19|RTKN|AKNAD1|B3GNT8|SYNGR1|INCENP|TRAIP|NRM|ST6GALNAC6|HAGHL|PCDH10|MFSD12|PEX7|AMPD2|SCARB1|CTC1|GFI1B|LSM7|DMBX1|ACVR2B|PCNT|RAD50|MFGE8|DTNBP1|LMNB2|PIH1D2|TMEM39A|RAC3|UQCC6|GTF2IRD1|P4HB|MRPS28|EIF4A1|HAND2|SERINC3|H2AZ1|AP2A1
REACTOME_TNF_SIGNALING	0.460815573082732	0.904034743625665	-0.328562104845384	-0.993042444379462	2745	57	CYLD|SPPL2B|CLIP3|UBA52|SMPD3|TNFRSF1A|UBB|TRADD|IKBKG|TRAF2|MIB2|TAB1|MADD|MAPKAPK2|SPATA2|STUB1|ULK1|RBCK1|RNF31|OTULIN|SHARPIN
ZHAN_MULTIPLE_MYELOMA_CD2_DN	0.460340282770189	0.904034743625665	0.326803004542563	0.988373132346625	1920	43	POGLUT1|NEDD4|LDHA|HK2|MCC|JAK3|CR2|CHAC2|PPA1|USP45|MRPS30|PFKFB2|GART|OSBPL3|BZW2|PLAAT3|POLR3G|FABP5|NFIA|SORD
KEGG_MEDICUS_VARIANT_MUTATION_CAUSED_ABERRANT_DCTN1_TO_RETROGRADE_AXONAL_TRANSPORT	0.460954446854664	0.904075954968174	-0.421536624681904	-0.994145659391241	2549	17	TUBA3E|TUBB2B|TUBA1B|TUBB3|TUBA3C|TUBB4B|DCTN1
GSE12845_NAIVE_VS_PRE_GC_TONSIL_BCELL_DN	0.461241461241461	0.904142593898447	0.26015095099103	0.995112529820653	1552	195	DPYSL2|GPR137B|PKD2|CCL4|DTL|PSMC1|ABHD3|KIF11|PSMA4|NBR1|ANKHD1|METAP2|HPRT1|POLA1|ATXN10|NUP37|ETFA|TRIB1|AP3S1|PLXND1|MRPL15|TXNDC9|SCFD1|MCTS1|MRPS31|LDHB|NUBPL|ACTR2|KIF15|EIF3J|RFC1|ALDH2|SEPHS1|PSMA2|CYRIB|ATP2A2|CMAS|ANP32B|STX7|RACGAP1|PSMC2|SMPDL3A|TMEM126B|IPP|MRPS33|PSIP1|ATP6V1A|MED14|PSMD14|SMC4|FUCA1|CISD1|FABP5
GSE37533_PPARG1_FOXP3_VS_PPARG2_FOXP3_TRANSDUCED_CD4_TCELL_PIOGLITAZONE_TREATED_UP	0.46118997281788	0.904142593898447	-0.283402252726921	-0.996647960272183	3053	173	TSC22D3|BCAS4|NDOR1|PRDM11|HOMER3|RAPGEF5|POLR2F|DPM3|PDLIM2|TSPAN5|PLPPR3|GDPD5|PPCDC|SYNGR4|MNDA|IER3|NDUFS7|FYN|RBM38|DZANK1|FOLR2|MRPS14|LYL1|CYREN|SLC7A1|NOL3|SDC4|RBFOX2|LRRC37A2|TRMT2A
JACKSON_DNMT1_TARGETS_DN	0.461258639505275	0.904142593898447	-0.428859556029157	-0.995175833355179	2535	16	EFNB1|COL6A1|POLD1
REACTOME_DOWNSTREAM_SIGNALING_OF_ACTIVATED_FGFR1	0.461431870669746	0.90430556770459	0.372368333463753	0.995200707497156	1997	25	FGF5|PIK3CA|FGFR1|NRAS|SOS1|GAB1|PTPN11|SHC1
COLIN_PILOCYTIC_ASTROCYTOMA_VS_GLIOBLASTOMA_DN	0.461924304605563	0.904387784207264	0.378080917465654	0.992252308734184	2025	23	SPP1|TGFBI|GPNMB|TRIM24|CTNNB1|SLC30A9|ZFAND6|BHLHE40|TFRC|PGK1|POLR2C
GSE17721_PAM3CSK4_VS_CPG_1H_BMDC_UP	0.461815995189417	0.904387784207264	-0.282348095365629	-0.995437666377431	3071	176	SEMA4G|FZD9|CRLF1|VANGL2|HLX|ATXN1|SNN|TCAP|ANGPTL6|APBA3|DIAPH2|KCNAB3|C1orf159|ITIH5|KLF7|NSG2|ZNF622|SCAND1|PLOD3|STK19|ALG9|KRTCAP2|MAP4K1|SLC10A3|ZFYVE19|GFI1B|RFX1|B9D2|CHID1|PGP|INTS11|PARP3|SIDT2|CENPV|UGDH|P4HA2|SIVA1|SLC9A8
GSE26351_WNT_VS_BMP_PATHWAY_STIM_HEMATOPOIETIC_PROGENITORS_UP	0.461795027289266	0.904387784207264	-0.284453885234161	-0.997167023241467	3045	169	RINL|FSTL3|BFSP1|SVEP1|THEM6|UQCR10|TMEM116|COX17|ABCB8|RELL2|MARVELD3|LAGE3|FYN|RPL18|IFI27L2|KDF1|TRIOBP|PPP4C|C3orf80|GAL|CNTROB|ESRRB|POLE|POLD1|FILIP1L|NDUFA6|ACACB|CDCP1|MED12|UGDH|CACNB3|HMG20B|COL1A2|FANCG|NNMT|STARD10
GSE30083_SP1_VS_SP3_THYMOCYTE_DN	0.461911987860395	0.904387784207264	-0.2841396302153	-0.996272169436559	3043	170	TBC1D1|PIEZO1|IRF7|SCN5A|PYCARD|PHYHD1|C5|FAM234A|CASTOR1|FLT3LG|TMEM175|WSCD2|ADGRE5|ACAP1|SGSH|RIMS4|HERC6|AXDND1|NYAP1|EMP3|PIGR|C3orf80|TKTL1|TSPAN9|PCED1B|KCNE5|TSPO|EHBP1L1|ACSBG1|SHISA5|IL17RA|DGKA|CDIPT|ABCD1|SGK1|PGP
WP_NOTCH_SIGNALING_WP268	0.461591457113331	0.904387784207264	-0.346866917276744	-0.988258705949452	2679	41	MAML3|CTBP2|APH1B|JAG2|NOTCH3|RFNG|NCSTN|DVL1|DLL3|HES1|PSEN1|DTX2
KONDO_EZH2_TARGETS	0.462114405510632	0.904407175378383	0.261513552187048	0.994636722625716	1542	190	OR7D2|SLAMF6|FAR2|DPF3|SCN2A|CD164|BBOF1|HEMGN|FOXA2|PPP1R3B|GULP1|ELMO1|GRK4|ZNF37BP|RBMX|IFIT3|DYNLT2|TRIM2|SLC2A10|IL6R|WWTR1|DSEL|C1S|AP3B2|MYEF2|IGFBP5|HAS3|MAGT1|GALNS|CNIH3|PRR16|NIPSNAP3A|MAP4K3|ZNF766|AHCTF1|IFI6|SAMD4A|RNPC3|CMTR2|NIP7|C1D|COMMD10|SNTB2|ARHGAP5|CFDP1|IL13RA1
REACTOME_SARS_COV_1_ACTIVATES_MODULATES_INNATE_IMMUNE_RESPONSES	0.462098872506505	0.904407175378383	-0.353770839734533	-0.993253888675706	2663	38	RCAN3|PYCARD|UBA52|RIGI|IRF3|UBB|STING1
DACOSTA_ERCC3_ALLELE_XPCS_VS_TTD_UP	0.462250712250712	0.904437358235506	-0.391027719580334	-0.986928542591153	2595	23	ANPEP|RIMS2|IGFBP2|FOS|IGSF3|MDK|NNMT|CTSH
ZWANG_CLASS_3_TRANSIENTLY_INDUCED_BY_EGF	0.462310030395137	0.904437358235506	0.259378911923693	0.992854141923592	1520	200	SEMA3A|FOSB|STK38L|CXCL8|FOXA1|C3orf52|RGS2|BLZF1|MBNL2|EIF2AK3|CLDND1|CPEB2|OTUD1|DLC1|B3GNT5|PPP1R3B|TP63|PFKFB3|ARHGAP42|NR4A2|NAB1|TOB1|TJP2|PROS1|TRIB1|LMO7|PER2|UGCG|PLPP3|GATA6|RIMKLBP1|SGMS2|ELL2|SLC20A1|MOSMO|HBEGF|ARL5B|PELI1
GSE9960_GRAM_POS_VS_GRAM_NEG_AND_POS_SEPSIS_PBMC_UP	0.462637689788628	0.904902012879626	0.260346977525084	0.99330667096052	1553	193	FOSB|PITPNC1|SUMF1|ESF1|KAT2B|PKD2|ABCC3|SCOC|DNTTIP2|PJA1|MACIR|ITSN1|SCAF8|TOB1|TCF12|SH3BGRL2|IFIT3|VAV1|PLPP3|IL6R|ABR|CASP8AP2|MFF|MAP4K3|TDP2|NR2C1|TGFBR1|ETFDH|FAM91A1|TMEM230|SMC3|CMTR2|DDX3X|DECR1|MOB1A|NDUFB5|TTC33|WDR81|CCDC90B|CYB5B|NMI|NDE1|PSIP1|JAGN1|SLC4A1AP|SSBP1|MYCBP2|VTA1|BTK|ZNF281|S100A4|PEPD|PNP|ASH1L|ATF3|SUMO3|RPS6|MRPS17|ZFP36|MPP1|SNRNP40|EED|MRPS2
RUTELLA_RESPONSE_TO_CSF2RB_AND_IL4_DN	0.463123490123632	0.905675743982276	-0.269802806979945	-0.997111967005527	3258	285	DPEP2|TBC1D1|STS|C3|RAP1GAP2|CD14|ITGA4|RPL28|LILRA2|MT2A|CXCL1|EREG|TNK2|APLP2|TCIRG1|SUN2|SNHG32|IFITM2|CD48|SLC7A7|VSIG4|CFD|FYN|PPM1F|RPS4XP2|PLOD3|PGS1|CMKLR1|ENTPD1|C5AR1|IL1B|ACP3|NRG1|SDR39U1|DHRS4|NINJ2|AKR1B1|AMPD2|MAP4K1|MS4A4A|SLC16A5|ICAM2|CTSD|SP110|SLC2A3|SPHK1|SGK1|TSEN34|CTSL|CNPY3|GNS|TSC22D1|ACADVL|SIGIRR|LAMP1|NRIP3|ICAM3|ATP6V0A1|IRAG2|CHPF2|PCK2|RNASET2|PDIA5
GSE7831_UNSTIM_VS_CPG_STIM_PDC_4H_UP	0.463568215892054	0.906368864652208	0.261901436581487	0.995120683919107	1545	189	PITPNC1|MYO1F|PRKCH|MEMO1|TCF7|USP38|PPP1CB|PRIM1|TAB2|MAPK6|OCIAD1|SYPL1|SCAF8|HIBCH|PIAS2|ATP1B3|SKIL|RBL2|RANBP9|UGCG|PLRG1|FKBP10|CD96|GFI1|OTULINL|LAT2|PRRC1|NFYB|CAB39|SLC20A1|TCEAL9|YWHAZ|KLHDC2|SPDL1|LCP1|UBA2|CRY1|CDK2AP1|PRDX6|NIFK|CITED2|ELOVL6|CA2|RACGAP1|SMPDL3A|CHMP5|CNDP2|ZFAND5|IDE|BZW2|CHCHD3|GYG1|HERC4|TTC27|PAX6|CDC25C|EIF1AX|PCBD2|ZNF347|MAIP1|RAP1GDS1|WDR43|SNRK|NUDT4|NCAPH|KDELR2|HMGB2
REACTOME_RUNX1_REGULATES_TRANSCRIPTION_OF_GENES_INVOLVED_IN_DIFFERENTIATION_OF_HSCS	0.463811630847029	0.906491657017616	-0.29768495559642	-0.991266411771243	2934	109	H4C4|H2AC20|H2AC7|H2AC8|PSMB9|H2BC13|H2BC17|H4C11|H4C3|UBA52|H3C12|H4C14|UBB|H3C13|H4C2|PSMB5|PSMB6|H2BC5|PSMB10|H3C2|PSMD2|ABL1|H2BC12|H2AZ2|PSMB4|PSMA7|GATA2|PSMD9|TP73|PSMC3|SEM1|GATA1
REACTOME_SIALIC_ACID_METABOLISM	0.463791512915129	0.906491657017616	0.363724991301114	0.993626815047283	2010	27	ST8SIA4|ST3GAL5|NPL|ST8SIA6|NEU4|NEU3|CMAS|SLC35A1
PID_INTEGRIN3_PATHWAY	0.464100141709967	0.906702456692224	0.335968316027686	0.98588925485424	1964	37	FBN1|TGFBR2|CCN1|PDGFB|COL4A5|SPP1|TGFBI|ITGA2B|PVR|CD47|HMGB1
REACTOME_POLO_LIKE_KINASE_MEDIATED_EVENTS	0.464031971580817	0.906702456692224	0.412069446083427	0.986970679902634	2089	16	CCNB1|LIN9|RBBP4|LIN54|WEE1|CDC25C|CCNB2|EP300
KEGG_MEDICUS_ENV_FACTOR_E2_TO_RAS_ERK_SIGNALING_PATHWAY	0.464253996447602	0.906826545308626	0.411937629786194	0.986654959283843	2090	16	SRC|ESR2|MAPK1|NRAS|BRAF
GSE15659_CD45RA_NEG_CD4_TCELL_VS_RESTING_TREG_UP	0.464356891001073	0.906851064565909	-0.286905585142659	-0.993546012469953	3028	151	DNASE1L2|ENTPD3|ATRN|CUBN|ATXN1|CHST12|CECR2|DOHH|LINC03040|CRYBG1|ALDH16A1|FOS|THEMIS2|BCL3|C2orf15|FHL1|ENTPD1|AFAP1|INHBE|CCDC136|AMPD2|FBXW9|CST3|CDIPT|RNF32-DT|CC2D1B|FBXW5|CYBC1|C1orf122|BID|NOCT|C9orf85|AP1M1|CCNF|TMA7|DUSP14|EXOC2|CSNK1G3|CTAG2
GSE19401_PAM2CSK4_VS_RETINOIC_ACID_AND_PAM2CSK4_STIM_FOLLICULAR_DC_DN	0.464782413638403	0.907329029191421	-0.280050787234213	-0.993057745161076	3107	185	TBC1D1|IFI30|HOMER3|ECM1|RENBP|GRN|CLN3|UBA7|SYNGR2|APOE|TSPAN4|DNPH1|APOC1|CFD|HDAC4|SPINT2|PLOD3|CABIN1|ATP2A3|ENTPD1|DHX38|TXNRD2|ITGB5|CTSD|CD151|HEXA|CTSL|VPS52|VPS39|UGDH|MRPS11|SLC38A6|PAFAH1B3|IRAG2|DNASE2|MAN2C1|IQSEC1|GRAMD4|ATP5MG|SUPT6H|CDKN1C|SREBF2|PMP22|CTSZ|MPI|PSMC3|MGAT1|ILVBL|SEPTIN9|METTL13|PTPA
GSE19941_UNSTIM_VS_LPS_STIM_IL10_KO_NFKBP50_KO_MACROPHAGE_DN	0.464731494920174	0.907329029191421	0.266906966778442	0.992674208310168	1600	161	MEIS1|TRIM69|ARMCX1|PELI2|ZKSCAN8P1|SESTD1|UQCRB|CEND1|VBP1|NRG4|KALRN|RIMS3|AKAP11|HYCC1|CBX7|METAP2|PROS1|BCAS2|MSH3|ATG10|BCAN|TRIM2|MYLK2|CXCL11|ZSCAN29|NIPSNAP3A|UGP2|MTCP1|TMEM230|PABIR2|CFAP20DC|COMMD10|STARD4|IPO5|CSAD|ACAT2|TRIM59|ALDH1B1|TAX1BP1|SAV1|DPP9|CDK6|HJURP|CEP192|N4BP2L2|HLCS
FONTAINE_PAPILLARY_THYROID_CARCINOMA_DN	0.465209746294901	0.907594006547062	0.30102880130537	0.982250779094322	1851	66	VAV2|GPD1|FBXW8|PICK1|ZNF44|F5|FRZB|IGSF10|IL24|CD274|KCNQ2|PPIL4|SYP
GSE13522_WT_VS_IFNG_KO_SKING_T_CRUZI_Y_STRAIN_INF_UP	0.465180158345452	0.907594006547062	-0.304063378377909	-0.989183308473376	2878	93	A1BG|GASK1B|RPS29|PNCK|PTH2|ELL3|RGS17|COL6A1|PNPLA1|LRRC63|PNMA3|SYCE1|LYG2|CCDC136|CRYM
GSE1460_NAIVE_CD4_TCELL_CORD_BLOOD_VS_THYMIC_STROMAL_CELL_UP	0.465279812481688	0.907594006547062	0.265618329994416	0.989874002063564	1587	165	PCYOX1L|DLX4|ZNF75D|RPGRIP1|SERINC5|IFIH1|MX2|TRMT2B|FZD8|PIGZ|PMS2P3|PDGFB|DCHS2|RFX5|GLE1|CRLF3|AAK1|SLC44A1|ZNF34|SYNE2|FBXO24|SPINK4|MLC1|PITX3|IL24|CDKL2
WP_CANONICAL_AND_NONCANONICAL_NOTCH_SIGNALING	0.465202762528776	0.907594006547062	-0.3864412379841	-0.98558031042774	2626	24	MAML3|JAG2|NOTCH3|DLK1|DLL3|HES1|PSEN1
KEGG_GRAFT_VERSUS_HOST_DISEASE	0.465444287729196	0.907738441854609	-0.382688826736043	-0.985704254490334	2639	25	HLA-DOB|IL1B|FAS|PRF1
GSE40666_UNTREATED_VS_IFNA_STIM_EFFECTOR_CD8_TCELL_90MIN_DN	0.465814506539834	0.908107596940542	0.259881996386118	0.992887369014542	1566	194	CCT6B|PTPN6|SLC10A7|ZNF367|FITM2|DOK2|EIF2A|TMEM64|STRAP|CORO1A|MTREX|FAM76B|DHX40|TDRKH|MRPS24|EGR1|PTGS1|PEX1|MYCBP|MEF2C|SHQ1|ARMCX5|PROS1|LYRM7|PSMD6|SNX4|CHN2|EGR2|CYTH4|SLC35D1|EXOSC9|CENPU|TPRKB|INSIG1|TRIAP1|ARV1|SERTAD1|RBL1|C1orf54|IFT74|ZW10|RFC5|PPFIBP1|MED31|ZSCAN9|SPTSSA|LRRC58|CLCN3|GPD1L|RAB14|ZWINT|RAB31|PSMC5|BTBD3|USP16|TM2D1|S100A4|NDC1|TRMT10C|VMA21
KEGG_INTESTINAL_IMMUNE_NETWORK_FOR_IGA_PRODUCTION	0.46572934973638	0.908107596940542	-0.371960823983871	-0.989214768090371	2649	29	IL15|ITGA4|MADCAM1|HLA-DOB
DARWICHE_SQUAMOUS_CELL_CARCINOMA_UP	0.466092404072044	0.90829655447004	-0.29271984016895	-0.994160326942649	2975	128	FES|ENG|ELAPOR1|AXL|COX5B|SOD3|SNHG9|CXCL16|ICAM1|MCAM|HRC|NCAN|IL1B|IFITM3|LTBP4|SRM|SNHG3|TRMT1|RNF181|HEXA|CRELD1|ID1|KLF13|GSK3B|BID|TMEM65|EEF1D|LY6E|BAIAP2|TP73|MRPS18A|HBE1|DNAJC1|ARAP1|RNF19A
DORN_ADENOVIRUS_INFECTION_24HR_DN	0.466067628280918	0.90829655447004	0.331861312489198	0.985754049122301	1970	39	CD83|EGR3|BCAR3|CCN1|TOP2A|SDCBP|ELL2|NFE2L2
GSE13229_IMM_VS_INTMATURE_NKCELL_UP	0.466543891958257	0.908771702695547	-0.286358569258506	-0.992086967322236	3039	152	METTL27|ADGRG3|APBB2|KIF1A|GFAP|REN|ELMO3|TLR6|MESP1|CHCHD10|CTHRC1|ANO3|NSG2|PKN3|DKKL1|SPINT2|CDH23|ZNF593|SLC6A13|TSHZ2|MBOAT1|TMEM18|ARHGEF10|RAMP1|KCNN4|RAI1|C19orf81|PDGFA|SMCO4|NAT14|GPAM|HIRIP3|KAZN|BLTP2|OGFR|PARP12|ABCA5|SREBF2
GSE30153_LUPUS_VS_HEALTHY_DONOR_BCELL_UP	0.466607825831127	0.908771702695547	0.264050295320865	0.990793194269504	1585	172	MTMR6|COL15A1|ZNF354A|LGALS3|DNAJC6|ZBTB33|RWDD2A|PEX3|KIF20B|PEX1|RAB22A|MAPK6|SATB2|ELMO1|HSPA4|SPAST|MED13|PER2|CCNC|HOMER1|S1PR1|GPNMB|SLC35D1|DUSP10|ZNF160|EIF1B|GTF2E1|ZNF292|AP1G1|CRY1|CUL2|CS|PTPN12|ANKRD12|MEGF9|SPTSSA|CHUK|MAPK9|SEC23IP|PLCB1|ADORA2B|BRWD1|HSP90AA1|GYG1|BTBD3|FUBP3|TRAK2|POT1
KYNG_ENVIRONMENTAL_STRESS_RESPONSE_DN	0.466505068312032	0.908771702695547	0.418078746804757	0.986979760940944	2116	15	SGPL1|CTNND1|ZNF507|NCOR1|CNKSR1|SLC30A5
AMIT_EGF_RESPONSE_240_HELA	0.46694417238002	0.90925035933087	0.312565252810068	0.986598353507093	1906	55	VAV2|TBX3|RGS2|AKAP12|NUP160|PLPP3|ELL2|CDK17|THOC1|SHB|ING2|RYK
KEGG_MEDICUS_REFERENCE_IL6_FAMILY_TO_JAK_STAT_SIGNALING_PATHWAY	0.467058404558405	0.90929640515075	-0.390263998327645	-0.985000959800677	2622	23	IL11RA|OSMR|LIFR|CLCF1|IL6ST|TYK2
GSE13547_WT_VS_ZFX_KO_BCELL_UP	0.467313731087639	0.909617070517301	0.268831146233318	0.990121347930437	1636	150	AIM2|CD83|PAQR9|IFIH1|RGS2|CCL5|CD3G|TNFSF4|CCL4|RNF2|RUFY2|LIN28A|CPEB2|SOSTDC1|MEF2C|SMAD4|TMEM37|PNPLA7|DAPK2|TJP2|KCNJ8|RBL2|TOX|NKX3-1|SYT11|XCL1|INPP4B|PCMTD1|GOLGA4|INPP5F|ITM2A|CHD9|SEC24A|CCNT2|SECISBP2L|FAM78B|PIAS1|ARFGEF1|NSMAF|RAB6B|SNX29|EIF4A2
DELYS_THYROID_CANCER_DN	0.467407629918895	0.909623456596717	0.263498241458789	0.993285615573853	1555	180	FOSB|LIPG|DLG2|CD36|CCN1|FGF13|ZFPM2|TLE4|ACSF2|EGR1|MT1X|AKAP12|TNFAIP8|ELMO1|TOB1|ADD3|RELN|PLCH1|SLC26A4|LAMA2|SYNE1|COPZ2|FBLN1|EPB41L4B|KIT|SLC4A4|EGR2|BCL2|ITM2A|CPNE3|MTMR4|ALDH2|CITED2|ARL4A|ALDH1A2|HBA1|ALDH1B1|FABP5|TGFBR3|PRKCQ|PAX8|MDM1|NEB
WP_SYNAPTIC_SIGNALING_ASSOCIATED_WITH_AUTISM_SPECTRUM_DISORDER	0.467535602220613	0.909696137834951	0.320474563721738	0.986771779747139	1936	47	CAMK2B|SYNGAP1|PIK3CA|MAPK1|HOMER1|NRAS|RHEB|PRKAA1|NF1|PTEN
GSE21670_TGFB_VS_IL6_TREATED_CD4_TCELL_DN	0.46767497034401	0.909790959750614	0.263480515844081	0.990897254903174	1576	175	MIER3|SH2D6|CCDC159|CATSPER2|MYLK3|ACBD7|CSPG5|CNOT11|PSMC6|LAMP2|CNNM2|HS2ST1|TMEM168|PSMA4|USP6NL|TMX3|MAPK8|PPP2R5E|CFAP418|SLC5A5|TMED6|SPAM1|GATA4|SCFD1|UFM1|PPA1|YTHDF2|KIF5B|CUL2|CRIPT|RLF|FILIP1|MINPP1|ZNF266|SENP1|SUCLG1|ZCCHC9|LAMB2|PLCB1|GNL3|NSMCE3|XPNPEP1|GIN1|CCDC115|C11orf54|TRMT6|POLR2K|WDR3|SLC35B1|VCF1|YME1L1|PPP4R3A|MORC3|DNAJC21|C9orf78|XRN1|MRPS9|NFIX|PPP1R11
GSE25502_WT_VS_KLF13_KO_THYMIC_MEMORY_LIKE_CD8_TCELL_UP	0.468053927315358	0.910211263627339	0.264174357053505	0.989215905212267	1596	170	CCT6B|TTK|RAD54B|AGO4|TRAPPC8|EXOC5|C17orf100|MNS1|SLC25A46|IL18R1|MARCHF5|BMX|FANCB|CYP27B1|PPM1A|ZNF641|PIKFYVE|UHMK1|MAPK1|UGCG|CDH7|ATP8A1|UPRT|TAF1A|SLC10A4|ZNF846|PABIR2|ABI1|NET1|MINPP1|CD47|STX7|ARHGAP5|CYB5B|SLC30A9|SSBP1|CDC73|IQGAP3|POLR3G|RMDN2|SETD3|BNIP3|HECTD2|GALT|SERPINB1|ASAP1|ZNF407|CDIN1|NR3C1
GSE41176_WT_VS_TAK1_KO_ANTI_IGM_STIM_BCELL_3H_DN	0.468072379243308	0.910211263627339	-0.279694001552444	-0.991792586122811	3129	185	S100P|RENBP|GRN|CLN3|HYOU1|TNFRSF8|CSF2|CYBA|IL2RG|COMT|PLOD3|ATP6V1F|STX4|MET|MGAM|AKR1B1|MAD1L1|MYDGF|RNH1|DDX39A|EWSR1|IGF2R|SRM|CTSD|TRMT1|GPSM3|WDR18|POLR1C|HEXA|CEBPB|PISD|MPV17|VPS11|CLUH|SLC38A6|FKBP2|DPH2|CAPG|LMNB2|HES1|BCL2L1|CSTB|EXOSC7|NUP188|UPP1|HIP1|ATP5MC1|RAD23A|BCAP31|URM1|EIF4G1|AK4|PES1|MRPS12|SEC24C|URB2|DENND4B|ATP6V1H|GOLGA3|EIF3B|BYSL|RELA|RAB13|NPC1|LPL|PDIA6|LTBR|METTL1|EMG1|M6PR|ATP6AP1|HSPE1|NHP2|CDK4|GLA|GSDME|CD63
GALLUZZI_PERMEABILIZE_MITOCHONDRIA	0.468432253487822	0.910242562812316	0.331556020132207	0.9848472149547	1980	39	CFL2|MAPK8|MTCH2|SERPINB5|VDAC1|BCL2|CASP3|CLIC4|DNM1L|PPID|SH3GLB1|BAK1|BNIP3|MCL1|VDAC2|BCL2L11|PRKCD|PMAIP1|SHC1
GSE22342_CD11C_HIGH_VS_LOW_DECIDUAL_MACROPHAGES_UP	0.468632552760914	0.910242562812316	0.266977291638166	0.992146359033397	1620	160	PRNP|C2CD5|ZNF570|SEC24B|GPR174|TTYH3|WDR5B|NEDD4|PSMC1|MGAT2|RBM11|TBC1D2B|TRUB1|ZNF681|PRIM1|RGS9|DNA2|RBM41|DENND6A|LAMA2|RASSF6|PRKCI|MAP4K3|UTP3|WIPI1|ENDOD1|EIF4G3|CHD9|SMC3|BAG4|QKI|RACGAP1|PPP2R5C|MAPK14|PHIP|CAPZB|NIPA2|AMFR|NCOR1|ATAD2|POLR1B
GSE2405_HEAT_KILLED_VS_LIVE_A_PHAGOCYTOPHILUM_STIM_NEUTROPHIL_24H_UP	0.468593155893536	0.910242562812316	-0.284362010578909	-0.994079865862351	3080	164	FSTL3|ELOVL3|CFAP45|GFAP|GHDC|CARD19|ANKH|DGLUCY|CBX8|C22orf46P|ADAMTSL4|APLNR|CEP250|CILP|DENND2C|ALDH16A1|GLG1|FDXR|G6PD|DPP3|BATF2|BAHCC1|GAL3ST4|CTSD|GPATCH3|ATP13A2|CCDC61|BABAM1
GSE41867_LCMV_ARMSTRONG_VS_CLONE13_DAY6_EFFECTOR_CD8_TCELL_UP	0.468202902887925	0.910242562812316	-0.278931368649351	-0.994307965788271	3128	196	TMEM238|IRF7|NUP210|COX6A1|TIMM8B|SLC29A1|UQCR10|ETFB|PDCD1|COX6B1|SFI1|MFSD2A|TGFB3|PDCD11|SLC19A1|NAPSA|AHCYL2|ECE1|ENTPD1|FBLIM1|G6PD|WDR83|PELP1|ADPRM|PSMB6|ORAI1|STOML2|ATP5PF|AGRN|TIMM10|DCTN3|NOP10|ITGB1|CDK10|PHRF1|PFDN2|CENPV|CLUH|PSMG3|NFKBIB|ZNF428|GTF3C5|DCTPP1|TUBA1B|CD3D|PSMB4|SPINT1|MAN2C1|RABL6|ATP5MG|SUPT6H|MRPL21|ESYT1|EIF4G1|KDM6B|NLE1|MRPS12|VGLL4|TBC1D10B
KEGG_CELL_ADHESION_MOLECULES_CAMS	0.468501431753102	0.910242562812316	-0.302387761069538	-0.991281359214308	2944	97	ITGA4|MADCAM1|CLDN7|MAG|L1CAM|HLA-DOB|CLDN6|PDCD1|CDH15|ICAM1|GLG1|CLDN11|ICAM2|SPN|SDC4|ITGB1|ITGAV|CD276|ICAM3
REACTOME_SHC1_EVENTS_IN_ERBB2_SIGNALING	0.46830035971223	0.910242562812316	0.394002963505191	0.988179777419827	2082	19	EGF|NRG4|HBEGF|NRAS|PTPN12
HOFFMANN_IMMATURE_TO_MATURE_B_LYMPHOCYTE_UP	0.468766404199475	0.910326400726317	-0.359828978390938	-0.988149534458308	2678	34	PBX3|CIITA|RABAC1|APOE|EEIG1|SIAE|ENTPD6|LRFN4|NEU1|PCK2|OXA1L|TUBA3C
GSE40666_STAT1_KO_VS_STAT4_KO_CD8_TCELL_WITH_IFNA_STIM_90MIN_DN	0.46894236149972	0.910491958362513	0.269758568632931	0.986411219667503	1675	139	FOSB|CXCL8|KBTBD8|EGR3|CPNE8|TAMALIN|CCL4|HIF1A|ANGPTL4|EGR1|NR4A2|RBP5|LRP6|CPLX1|RANBP9|PJA2|GPR183|CPXM1|RSPH4A|LRRC36|GATA6|EGR2|SOX21|INSIG1|HBEGF|UBE2W|PCP2|CADPS2
GSE12392_CD8A_POS_VS_NEG_SPLEEN_DC_UP	0.469135802469136	0.910691391449465	0.262960043616716	0.993458287236702	1557	183	DNAJB2|SLC22A4|FZD8|COPS2|LGALS3|C5orf15|CTF1|USP25|GPR162|VPS26A|ANKRD49|STXBP3|SCG2|S1PR2|SGPL1|TMEM168|FMNL3|PSMA1|TRIM13|ARL1|ASS1|ESD|RANBP9|RBKS|NKAIN1|SLC4A4|RPS6KA2|AGL|ERO1A|DNAJA2|RBPJ|CHST3|IREB2|MOB1B|COPS4|GOLPH3L|CYBB|GBE1|SACM1L|TUBGCP4|PTEN|NUP88|TAMM41|FBXW11|KIAA1191|ARFGEF1|ADORA2B|HTATIP2|TBC1D23|CDC73|DLD
BOYLAN_MULTIPLE_MYELOMA_PCA3_DN	0.469541869441181	0.910820415879017	-0.326575806720471	-0.989379793659479	2797	58	ADAM19|PCBP4|MARCKS|HSD17B13|B3GNT8|GSDMD|CRYBG1|RSPH9
GSE10147_IL3_AND_HIVP17_VS_IL3_AND_CPG_STIM_PDC_UP	0.469480621371411	0.910820415879017	-0.294108322366728	-0.994106683594519	2991	123	IL17B|COX6B2|SYPL2|NPW|LRRC56|PRDM11|TEX14|TASP1|ECM1|GTF2H4|SH3BP2|RHBDF1|RTN2|JSRP1|FOXH1|PLD5|H4C14|KRTCAP2|DMPK|DUSP13B|MERTK|BRD9|KANK1|ACACB
GSE14308_TH1_VS_INDUCED_TREG_DN	0.469415292353823	0.910820415879017	-0.281426677262957	-0.994265378875489	3130	179	WFS1|ASPHD2|TCAP|THEM6|NRDE2|ATF6B|PHPT1|NAA38|TMCC3|KRT4|LONP1|RPP25L|GLG1|FDXR|PCNX3|POMT1|TRIP6|IGF2R|PPP6R2|MBD3|CPQ|CCDC61|ACAA1|ARFIP1|RPL10|MED19|DYNC2I1|SMYD4|VAC14|AP1B1|HNRNPAB|INF2|EMC1|STUB1|LCMT2|SH2D2A|BCL6B|CCNO|NT5DC3|ZDHHC14|REXO4|RBCK1|PES1|SEM1|SEC61A2|MRPS12|SEPTIN9|METTL13|MIEN1|NFKBIE|RHOG|WDR7|OTULIN
MIYAGAWA_TARGETS_OF_EWSR1_ETS_FUSIONS_UP	0.469565217391304	0.910820415879017	-0.273467246371202	-0.993644527874477	3239	235	EFNB1|ERFE|TSC22D3|FARP1|MAPK13|AKAP13|FZD7|SEMA3F|P2RX4|IFITM1|ANKH|TRIM62|DGKD|RCN3|ZC3H12C|IGFBP2|RARRES2|KASH5|ICAM1|FYN|GLG1|APOL6|TMEM44|LINC02762|SULT1A2|IER5L|PGF|KSR1|IL17D|FAS|SLC12A6|NFATC4|BAHCC1|SLC43A1|EMP2|ICAM2|SLC7A11
KIM_WT1_TARGETS_8HR_UP	0.469973890339426	0.911260944799528	-0.285234068737068	-0.991197631936292	3059	157	TGFB1I1|ADAM19|HSPA6|SEL1L|TBC1D2|SFN|TIMP3|TPBG|EREG|SERPINH1|SLC35G2|ATP9A|LAMB3|RAB40B|SERPINE1|RIPOR1|RHOF|CA12|CREB3L1|SLC7A1|JUNB|SPHK1|NBL1|DUSP7|PLEC
KRASNOSELSKAYA_ILF3_TARGETS_UP	0.469959712734279	0.911260944799528	-0.36170712392167	-0.987105399043696	2682	33	PSMB9|TAP1|IFITM1|APOE|IFI35|IFI16|MX1|ISG15
BURTON_ADIPOGENESIS_4	0.470638589282657	0.911845234360029	-0.344152416289836	-0.985755670095634	2748	42	COL18A1|SREBF1|IFI16|COL6A1|NOP2|ATP6V1F|BCL6|ENTPD6|DDX51|MRPS12|CCT3|EMC8|H2AX|PPM1G
GSE11057_PBMC_VS_MEM_CD4_TCELL_UP	0.470524857626597	0.911845234360029	-0.28528969008935	-0.99050727151772	3056	156	FES|ANPEP|DYSF|PLXNB2|NAGK|DGAT2|IFI30|MARCKS|LYST|SYNGR1|TNFRSF8|CD19|TCL1A|SLC7A7|CRISPLD2|LGALSL|NUDT16|STAB1|CMKLR1|C5AR1|SCARB1|TBC1D8
GSE4142_PLASMA_CELL_VS_GC_BCELL_UP	0.470570342205323	0.911845234360029	-0.284114271961314	-0.993213814974448	3093	164	CATSPERZ|MAEL|RAPGEF5|NUP210|MAPK8IP3|CPEB3|KRT12|MIIP|CECR2|SMAD6|ZC3H6|MATN4|ZNF516|TMEM8B|ZNF598|SPG7|CCNL2|KATNB1|CRYGS|DZANK1|TAF15|SLC2A8|SNRNP200|STOX1|CHID1|FBXW5|ULBP1|NR4A1|IQSEC2|ITFG2|PLEC|FBXL3|NISCH
SHETH_LIVER_CANCER_VS_TXNIP_LOSS_PAM1	0.470382768156018	0.911845234360029	-0.27442032867564	-0.994612269220271	3231	230	REM2|VASN|KLC3|SPON2|ENC1|LYPD3|DBNDD2|DEGS2|RHBDF1|TNK2|SRD5A3|SNX30|TPD52|GNRHR|RRBP1|PDLIM7|NAPSA|SLC6A8|GREB1|TRIB3|KRTCAP2|SCARB1|LSS|QTRT1|SLC2A3|CD151|HEXA|MAPK8IP1|HIP1R|PYCR1|SPIRE2|MFGE8|PAFAH1B3|BOK|TUBA1B|STX18|ATP6V0A1|HNRNPAB|NEK6|LMNA|IFNGR1|CKLF|APEX2|NOPCHAP1|FRRS1|EHMT2|HES1|NRGN|CSTB|PITPNM1|ABHD8|SEMA4B|ITPR3|MCM3|SH3BGRL3|C15orf39|CHCHD5
BOYLAN_MULTIPLE_MYELOMA_C_UP	0.470921255790015	0.912115073170447	-0.343103519577127	-0.985766068371153	2744	43	SPIB|PDE2A|GAS5|DYRK2|PPM1F|TMEM109|DHX38|CAD
KEGG_MEDICUS_ENV_FACTOR_IRON_TO_ANTEROGRADE_AXONAL_TRANSPORT	0.470959595959596	0.912115073170447	-0.413064284464231	-0.987394460080287	2610	18	TUBA3E|TUBB2B|TUBA1B|TUBB3|TUBA3C|CDK5|TUBB4B
GSE21033_CTRL_VS_POLYIC_STIM_DC_1H_UP	0.471245029060875	0.912491821318106	-0.28481371336017	-0.992272772328879	3080	159	IRF7|PLA2G6|S1PR5|ACE|PPFIBP2|ARHGAP33|HBQ1|SPOUT1|IZUMO4|LYPLA2|SAC3D1|FOXP3|ZNF771|CAMTA1|PTPN3|ESR1|CHRM4|RRP12|SORBS3|THBD|GPSM3|CRTC1|CERS4|KCNN1|INTS11|DAPK3|ITGAV|FLNB|PTCD1|FGF2|CACNB3|STUB1|PSD4|C6orf47|SPRY4|PRR5|HNRNPM|CAVIN1|DENND5B|HBE1|NLE1|SYNGR3
MCLACHLAN_DENTAL_CARIES_DN	0.471410736579276	0.912636639109503	0.302210047978337	0.981788492570876	1887	64	PGAP1|LGR4|CCN1|EGR1|PLCL1|CALB1|CRYZ|PER2|TRIM2|FGFR1|COL8A2|KIT|NRXN1|ITM2A|CD24|MAGI2|CA2
CONCANNON_APOPTOSIS_BY_EPOXOMICIN_UP	0.471640041037667	0.912835341444427	-0.274724537588719	-0.993302110126811	3217	226	HSPA6|PLAT|IL15|RHBDD3|CCPG1|BSCL2|PRKCZ|GDF15|ACTA2|TSPYL2|SLC3A2|SLC12A4|ITGA7|SERPINH1|CYP4F2|PDLIM3|TOP3B|PCYT1B|TOM1|HSPB1|FOS|SERPINE1|PGF|TSPAN9|FAS|SLC16A3|DUSP4|FILIP1L|ICAM2|SLC7A11|DHRS3|SLC7A1|MICB|DYNC1H1|NACC2|UBR4|CEBPB|CDK11B|BLVRB|MBOAT7|INPP5D|YKT6|P4HA2|ACADVL|SLC38A6|SPATA2|KLHL21|CEP170B|HSPA1A|LMNA|FAT1|UBFD1
GSE15750_WT_VS_TRAF6KO_DAY6_EFF_CD8_TCELL_DN	0.471695249658522	0.912835341444427	-0.284009500550411	-0.993651516915562	3107	165	CATSPERZ|ESPN|TAGLN|COL25A1|CFAP45|TCAP|HSPB3|STK36|PPM1N|FAM120C|ICAM5|SOX11|RPS9|IL2RG|SERPINE1|CAPN12|ANKRD63|DEFB119|PKP3|NINJ2|CRYM|LZTS2|SPTB|FBXW9|IGSF3|WDR18
GSE14699_NAIVE_VS_ACT_CD8_TCELL_UP	0.471794871794872	0.912852144000949	0.262245806105405	0.992613779091038	1563	185	VAV2|PRNP|RGS2|CCL5|MANSC1|FBXW8|IL10RB|ANGPTL4|NAAA|RWDD2A|CHDH|TJP2|SH3BGRL2|ETV5|GRPEL2|PLGRKT|HK2|PEAR1|ACER2|RECK|ACOT11|TTC39C|ICOSLG|SLC35D1|SBDS|RAD23B|SDHD|IL10RA|CREG1|ZNF623|EPCAM|CNKSR3|KLRG1|DECR1|S100A10|CYP4V2|HACD3|HMGN3|ARRDC4|PSMA2|PSMA6|RAB3GAP2|KLHL12|LYRM1|P4HA1|CYB5B|PLSCR1|WEE1|OSBPL3|GABARAPL1|IMMP2L|BTK|PACRGL|S100A4
GSE16385_MONOCYTE_VS_12H_ROSIGLITAZONE_IL4_TREATED_MACROPHAGE_UP	0.47202166064982	0.912957279381124	0.263343757838202	0.994108012245122	1568	182	ZNF841|DEPP1|MED18|YOD1|PDK1|CETN3|UCN|EIF3E|L3MBTL3|NHLRC2|GAS2L3|MFAP3|CNOT6|PSMD6|RNF182|TTC14|ARMC2|SYT11|EHD3|CASP8AP2|RAP1B|SRP9|RRP15|FAM83G|TMED7|DDX18|SYP|EIF5B|CADPS2|HNRNPK|RABGAP1L|KRR1|TMPRSS5|DDX3X|NDUFB5|PSMA6|OSTC|CWC15|MID1|DAD1|EFR3A|STK4|CTDP1|CISD1|CCT6A|FABP5|E2F5|EIF1AX|MZT1|TRMT6|RBM12|EXOC4|POLR1F|CCDC88A|GTF2H5
GSE36476_CTRL_VS_TSST_ACT_16H_MEMORY_CD4_TCELL_YOUNG_UP	0.472031109781633	0.912957279381124	-0.279880797466573	-0.992774469413805	3155	187	TPM2|LYRM9|ZNF331|TSC22D3|RAP1GAP2|IL11RA|HAPLN2|MGAT4A|LYPD3|PYCARD|PBXIP1|IFITM1|TRIM62|DYRK2|SGSH|SUN2|IFITM2|CD48|AGBL2|ENSG00000274253|FOS|PIK3IP1|FHL1|LMF1|IRS2|BIN1|HIC2|SEMA4C|NDUFA1|MED6|SLC2A3|MSRA|JUNB|LINC00623|PHC1|SLC35D2|PER1|RPS27|SIGIRR|ENTPD4|ICAM3
PID_ERA_GENOMIC_PATHWAY	0.472208228379513	0.913123906082364	-0.325085147207487	-0.986721136391358	2811	59	COL18A1|C3|MPG|CCND1|HDAC4|GREB1|ESR1|AXIN2|CTSD|ATP5PF|CEBPB|PRDM15|NEDD8|AP1B1|UBE2M|SAFB|JUN
HOFT_CD4_POSITIVE_ALPHA_BETA_MEMORY_T_CELL_BCG_VACCINE_AGE_18_45YO_ID_7DY_TOP_100_DEG_EX_VIVO_DN	0.4724548259145	0.913317322131141	0.415995105160613	0.982060802138228	2143	15	COPS2|CAPZA1|DENND4C|SAMSN1|HBA1|FABP5|MAFF|PMAIP1|HBA2
REACTOME_SIGNALING_BY_NOTCH	0.472563230291377	0.913317322131141	-0.276193821332037	-0.991307182518181	3194	207	H4C4|H2AC20|H2AC7|H2AC8|SEL1L|MAML3|ATP2A1|PSMB9|HDAC10|H2BC13|H2BC17|ACTA2|H4C11|H4C3|HDAC8|UBA52|H3C12|H4C14|CCND1|APH1B|HDAC4|UBB|JAG2|ATP2A3|H3C13|NOTCH3|H4C2|RFNG|DLK1|NCSTN|TACC3|PSMB5|PSMB6|H2BC5|MIB2|PSMB10|HDAC7|H3C2|SIRT6|PSMD2|RBX1|H2BC12
WP_PHOTODYNAMIC_THERAPYINDUCED_NFKB_SURVIVAL_SIGNALING	0.472581208522529	0.913317322131141	-0.366616462033728	-0.9827716560756	2705	30	MMP1|CSF2|ICAM1|CCND1|TNFRSF1A|IL1B
BIOCARTA_NKCELLS_PATHWAY	0.472717351764278	0.913404576902757	-0.425544877953001	-0.987484066970665	2598	16	LAT|PAK1
QI_PBMC_ZOSTAVAX_AGE_50_75YO_CORRELATED_WITH_EXPANSION_OF_VZV_SPECIFIC_T_CELLS_TO_PEAK_AT_1DY_POSITIVE	0.472990353697749	0.913756191381449	0.255590352260673	0.99078728255576	1470	231	MTMR6|EXO5|TGFBR2|TCN1|MANSC1|HLA-B|GPR162|RUNX2|NABP1|NPL|LAMP2|MME|PPT1|KLHL24|CTSS|VSIR|FOXN3|PTBP3|FNDC3B|EIF4G2|SMAD4|PGRMC2|MFSD1|RBL2|RCBTB2|TXK|LRRC25|SLC40A1|ZNF586|CAB39|SDHD|CALM2|TMED7|HERPUD1|PELI1|KIF5B|RESF1|B4GALT5|PDE7A|DDX3X|MOB1A|FBXO33|ALDH2|LMBRD1|CYRIB|ABHD5|CITED2|PFN1|CHD1|WAS|CTNNB1|UPF2
SANSOM_WNT_PATHWAY_REQUIRE_MYC	0.473298072001365	0.91417472517793	-0.334980817000243	-0.9879028957173	2773	50	ASCL2|SP5|PLAT|FZD7|IGFBP2|APOD|AXIN2|ID3|SLC1A5
GSE22501_PERIPHERAL_BLOOD_VS_CORD_BLOOD_TREG_UP	0.473789086450031	0.914595163420271	-0.284668646850426	-0.990361902413685	3090	158	TCEA2|SEL1L|IRX5|ATP2A1|ZNF169|PTPRU|KHDRBS3|TPBG|GPR68|SLC38A10|ADGRE5|SH3BP2|RTN2|SLC12A4|CD101|GCA|GRIA3|KRT4|MNDA|CFD|TMEM8B|TRIOBP|VENTX|ARSL|EPHB6|ID3|HYAL3|ABCD1|RAB40C|ZBTB5|MAP3K3|NR4A1|DUSP7|TNFRSF1B|GRB7|VAC14|NR2F6|DUSP5|POLA2|PSEN1|MAGEC1|ITPR3|PXN
KEGG_MEDICUS_REFERENCE_CCR5_GNB_G_PLCB_G_PKC_SIGNALING_PATHWAY	0.47373155811443	0.914595163420271	-0.393762809222426	-0.981883095023317	2632	22	PLCB4|GNG8|GNB3
REACTOME_INWARDLY_RECTIFYING_K_CHANNELS	0.47370278856336	0.914595163420271	-0.375778996738499	-0.984145916718051	2683	27	GNG8|KCNJ14|GNB3|KCNJ15|KCNJ11|GNB5
GSE36392_TYPE_2_MYELOID_VS_NEUTROPHIL_IL25_TREATED_LUNG_UP	0.473881155515641	0.914597008088062	-0.279674815763258	-0.990910393453993	3165	183	IGF1R|STX11|RAP1GAP2|TCN2|C1QTNF12|CYLD|ABCB4|FGD3|LYST|TNK2|COX17|ARHGAP4|CARNS1|SIGLEC10|COL6A1|TOP3B|APOBR|CAMKK1|ROBO3|SPINT2|ACP3|PCDHB5|TSPAN9|TIRAP|DACH1|CREB3L1|SLC2A3|LRSAM1|TREML2|F2R|CEBPB|CLSTN1|UNC45A|ZNF579|GIT2|SLC16A9|SF3A2|SH3KBP1|SMARCD2|NEU1|TRIM56|GATA2|PITPNM1|ATP6V0B
BASAKI_YBX1_TARGETS_UP	0.474005681818182	0.914661482908672	-0.268984323871936	-0.99295365872487	3336	279	MTCL1|NPFFR2|PLCB4|SMAD7|S100A2|OSMR|POLR2L|ZNF71|SFN|MT2A|AXL|L1CAM|DDB2|SLC38A10|SLC52A2|COMMD4|TNFRSF21|SLC3A2|SAC3D1|DTYMK|AFAP1L1|RHEBP1|PDLIM7|CYTH3|MIDEAS-AS1|AURKB|CAMTA1|FRMD6|LINC02901|EMP2|WDR4|PSMB6|DDX39A|CAD|RFC2|SLC1A5|CDK2AP2|SLC39A4|PSMD2|CDCA3|FLNB|PRELID1|GTSE1|FGF2|SIVA1|H2AZ2|GSTP1|TK1|ZNF599|LMNB2|RUSC1|ESPL1|POLA2|MCM2|NMU|RANGAP1|CDC42EP3|PINK1|MCM3|MCM7|CAVIN1|KIF2C|PROSER2|GALNT2|FLNA|EMSY-DT|UHRF1|CENPW|CNOT9|SAE1|CDC20|CDCA8|OIP5|KIF22|TOMM5|PHF19
GSE11864_UNTREATED_VS_CSF1_IN_MAC_DN	0.475217783118054	0.914790675860018	0.262733834063247	0.990404097783727	1581	180	CNRIP1|ZNF416|LNX2|NAPEPLD|HSPBAP1|BCAR3|LINC00921|MBLAC2|PTER|ZBTB33|NAA30|STXBP3|INTS13|CRYZ|PUS3|SACS|RDX|RP2|SLC2A13|ZNF816|RNF182|ZFP37|SLAMF7|LFNG|GPR157|BEST1|PRKCI|SLC30A1|LIN9|SPDL1|EMC2|YARS2|EBAG9|BORA|ADAM10|SEPTIN7|RB1|PUM2|RACGAP1|WIPF2
GSE14308_TH17_VS_NATURAL_TREG_DN	0.474555856669678	0.914790675860018	0.262609136783684	0.99213256757021	1575	183	ELK3|COL15A1|C2CD5|IFIH1|DNAAF9|GABRR2|KAT2B|SNX33|DNAH8|NRG4|RBM11|RHOT1|PTBP3|SMAD4|ABCD3|FMNL3|TNFAIP8|LYSMD3|SLC30A6|CABLES2|RELN|ATP1B1|TAPT1|CMPK2|TRIB1|NUP133|SLC26A4|SEPTIN14|EPB41L4A|TAC1|DNAI4|SLC30A1|PIP5K1B|MAP4K3|CHD9|ACLY|C10orf88|SLF2|RAB3GAP2|KLHL12|TTC3|GLTP|ABCB7|IL13RA1|EFR3A|AGO1|PPP2R1B|PAPOLG|ZNF638|MYCBP2|DALRD3|ZZEF1|ESCO1|ATL2
GSE26488_WT_VS_VP16_TRANSGENIC_HDAC7_KO_DOUBLE_POSITIVE_THYMOCYTE_UP	0.475113122171946	0.914790675860018	-0.281502960753435	-0.990672402893688	3149	174	TNS2|MEIS3|CCR7|IL15|MAPK13|VWA7|COL14A1|AXL|BSN|ECM1|ANKH|HLA-DOB|TWIST1|TSPAN4|PHPT1|ICAM5|ADAM22|NSG2|ACVR1B|JAG2|DCN|TPPP3|TMEM109|TRPC1|NSDHL|MAP7D1|ITGB5|ASNS|NDUFA1|CPQ|TMEM199|DDAH2|SLC66A2|HSPBP1|ENTPD4|RAD50
GSE27786_NKCELL_VS_ERYTHROBLAST_DN	0.474649097679748	0.914790675860018	0.266209329327812	0.987844049888614	1656	157	ASAH2|FOXA1|RAD54B|CFAP69|MEMO1|ZNF410|CEND1|CEP128|ZFPM2|BRMS1L|ZNF184|KIF20B|GULP1|NPR2|ECT2|SCYL2|NDC80|SMARCA5|RNF182|PMFBP1|TMEM169|PHETA2|KIF3A|GPLD1|EIF5A2|SLC20A1|TCEAL9|IFT57|TCAF1|WIPI1|KCTD9|ACAT1|RB1|LMNTD2|IPP|ABRAXAS1|ARL4A|PLCD3
GSE30083_SP1_VS_SP4_THYMOCYTE_DN	0.475414781297134	0.914790675860018	0.263326203782639	0.99052697676059	1575	178	TTC39B|ITGB7|MLYCD|CD44|PLEKHM3|IFIH1|TGFBR2|CREBL2|MS4A6A|HVCN1|RRM2B|SHLD2|DNAH8|PDE3B|DTX3L|CTSS|IL18R1|SCFD2|ST8SIA6|PNPLA7|CRLF3|GDI2|ADD3|RNF115|PXYLP1|SYNE2|ZBTB16|IL6R|IFITM10|S1PR1|ZNF536|KLHDC2|SLC30A7|B4GALT5|PRMT3|ENDOD1|ANKRD12|CYP4V2|TRAFD1|ZBTB25|LMNTD2|IKBKE|NOD1|SMPDL3A|SNTB2
GSE3039_NKT_CELL_VS_ALPHAALPHA_CD8_TCELL_DN	0.475437262357414	0.914790675860018	-0.283588043882474	-0.991374213626291	3125	164	LAT|LAG3|SEMA4D|CDPF1|ITGA4|TAP1|VILL|ITPA|PDCD1|SERF2|IFT27|FYN|IL2RG|TBCB|SLC25A19|BATF2|GBP2|TMCC2|IL18BP|TRAF2|PMF1|TAP2|ICAM2|PRF1|CREB3L1|ATP5PF|SPN|ARHGAP39|ENTPD6|PARP3|H2AC25|ERAL1|AAMDC|BLVRB|MAP1S|GTSE1|CD3D|TMEM102|BID|OGFR|SRGAP2|SH2D2A|DNMT1|LY6E|RAD23A|IRF1|AFMID|APOBEC3B|TRAF5|MRPS16|ENTREP3|CYRIA|SMAGP
GSE37301_HEMATOPOIETIC_STEM_CELL_VS_MULTIPOTENT_PROGENITOR_DN	0.474479568234387	0.914790675860018	-0.287576049143989	-0.992611928769947	3076	147	ANPEP|RNF215|ZFPL1|SPSB2|ARID5A|OTUB1|APOE|SUN2|POR|PPARG|KIF4B|TNFRSF1A|TTYH2|CCNL2|PLOD3|RGS14|MDFIC|TIRAP|PSAP|BICRA|MED10|RNF181|ABHD12|TRAPPC5|SLC35D2|IQSEC2|PTCD2|LMBR1L|NEMP2|YKT6|HDAC5|CCDC8|REPIN1|SAMD8|PPP6R1|POMP|ANKIB1|NEIL2|TTC17|CLEC2D|BAIAP2|SIK3|MAN2A1|SESN2|ARMC7
GSE43956_WT_VS_SGK1_KO_TH17_DIFFERENTIATED_CD4_TCELL_DN	0.475473969304845	0.914790675860018	0.26207539822535	0.991377881168564	1579	184	CCNG2|PTER|AMZ2|RNF138|PHLDA1|EGR1|CGGBP1|PTBP3|SMAD4|BMI1|ARF4|ZNF644|TCF12|IFRD1|MPHOSPH9|ERP44|SLC38A2|FEM1B|HK2|SNX4|GTF2A1|UGCG|EFNB2|ZBTB16|VWF|OTULINL|NREP|ACSL4|CNBP|SOS2|CAB39|NFE2L2|PELI1|DDX18|SHD|ATP11A|TMEM230|CAPN7|TSG101|C1D|WSB1|DNAAF10|CITED2|WAS|MFSD14B|CTNNB1|ATP13A3|BMP2K|HMBOX1|SLC4A1AP|PEX2|TAX1BP1|CISD1|DNAJB6|TBC1D15|PRDX5|GLO1|GORASP2|KPNA4|BCL2L11|TRAK1|UBE2B|PKLR|NIPBL|CEP350|GSTO1|PTPN11|XPO1|ATAD2B|TULP4|SNRNP27
HUANG_FOXA2_TARGETS_UP	0.474853599724423	0.914790675860018	-0.344025530361834	-0.980163309081752	2756	41	SPAG1|CHAC1|C5|PLEKHA1|NR1D1|DISC1|NRG1|SLC7A11|ASNS|HPGD|F2R|TUBB2B|PCK2|ATP6V0A2|RELB
LEE_LIVER_CANCER_ACOX1_DN	0.475572258284933	0.914790675860018	-0.338649958701326	-0.98102810486366	2783	45	TPM2|ATP2A1|SLC29A1|CYP4F2|CYP2F1|SELENBP1|SLC37A4|VPS11
LI_PBMC_MENACTRA_AGE_18_45YO_CORRELATED_WITH_ANTI_POLYSACCHARIDE_ANTIBODY_3DY_NEGATIVE	0.475391498881432	0.914790675860018	0.400334339791513	0.975119754641315	2124	17	AP1S2|CD80|SLC40A1|HLA-C
LINDVALL_IMMORTALIZED_BY_TERT_UP	0.474223341729639	0.914790675860018	-0.324768717975207	-0.985760688292316	2823	59	SLC22A18|FZD7|EXT1|TSPAN5|ARID5A|EREG|UCHL1|SLC6A8|STC2|TRIOBP|IGF2R|RILPL2|PAX8-AS1|TAPBP
REACTOME_CONSTITUTIVE_SIGNALING_BY_ABERRANT_PI3K_IN_CANCER	0.474944458158479	0.914790675860018	0.301603236334664	0.979013758751946	1923	63	EGF|FGF5|SRC|ESR2|NRG4|PDGFB|PIK3CA|CD80|VAV1|EPGN|FGFR1|KIT|HBEGF
REACTOME_CTLA4_INHIBITORY_SIGNALING	0.475044964028777	0.914790675860018	0.391968074533277	0.983076170803647	2112	19	SRC|YES1|CD80|PPP2R5E|PPP2CA|PPP2R5C|PPP2R1B
REACTOME_MISMATCH_REPAIR	0.47465843984134	0.914790675860018	0.415281705258575	0.980376642706183	2153	15	MSH2|MSH3|RPA2|PCNA|PMS2|EXO1|POLD4|POLD3|RPA3
THAKAR_PBMC_INACTIVATED_INFLUENZA_AGE_21_30YO_NONRESPONDER_7DY_DN	0.475621890547264	0.914790675860018	-0.316394912787273	-0.988686317435483	2867	70	LAG3|RAP1GAP2|ACVR1B|PRKCSH|FYN|RHOT2|SMARCC2|RAI1|BRPF1|CLSTN1|RANBP3|ITFG2|KLF13|ENTPD4|SDF4|ADGRL1|ECH1|CSTB|PITPNM1|FLII
WP_CHROMOSOMAL_AND_MICROSATELLITE_INSTABILITY_IN_COLORECTAL_CANCER	0.475075528700906	0.914790675860018	0.298397517657259	0.984051410837467	1886	70	TGFBR2|TCF7|SMAD4|MSH2|SMAD2|MAPK8|MSH3|MAPK1|RHOA|TGFBR1|REL|BCL2|CASP3|MYC|BRAF|APC|MAPK9|CTNNB1
GSE3920_UNTREATED_VS_IFNG_TREATED_ENDOTHELIAL_CELL_UP	0.47573083287369	0.914824923445613	0.274461445508287	0.984378093108194	1724	122	TMTC3|EGR3|CD69|ATG16L2|AGO4|STAP2|CCL4|CPEB2|EGR1|TSC22D2|ERCC6|SLC38A2|RRAD|PMFBP1|HTR2C|ANKRD61|FGFR1|CD274|BDKRB1|EGR2|SGMS2|LITAF|CSRP1|REL|CRABP2
GSE20715_0H_VS_48H_OZONE_TLR4_KO_LUNG_DN	0.476176115802171	0.915163668503556	0.261636599954567	0.99155128942461	1578	187	TTK|NEDD1|S100A14|LGALS3|CKS2|STRAP|CNIH1|HNRNPLL|PBK|UCHL3|PHLDA1|LDHA|UAP1|HSPH1|RRAS2|YWHAG|KPNA2|COP1|ESD|SPP1|TMEM176A|DMKN|ELL2|EIF4E|LITAF|SLC20A1|TCEAL9|PPA1|CDK1|RRM2|EPCAM|TRA2B|CACYBP|BUB1|SSR1|EIF2S1|HSPD1|SEC23A|HEATR1|SKP1|PSMA2|MYC|VMP1
GSE30153_LUPUS_VS_HEALTHY_DONOR_BCELL_DN	0.476241569589209	0.915163668503556	-0.284381421169781	-0.989362644593574	3106	158	LAG3|TCEA2|FZD9|IFI30|SEC31B|LPAL2|CUBN|FZD7|AURKC|ZFPL1|RENBP|P2RY11|GRM3|ITGAX|ICAM1|STAB1|EFNA1|CAMTA1|RGS14|RFNG|CTSA|ADGRB3|SUPT5H|RPP14|DGAT1|CDIPT|APBB3|IL18RAP|JRK
GSE44732_UNSTIM_VS_IL27_STIM_IMATURE_DC_DN	0.476168929110106	0.915163668503556	-0.281724073777167	-0.991843930603546	3156	175	WFS1|C3|TBC1D2|ENG|KRTCAP3|LPCAT3|EREG|NDUFA2|APLP2|APOC1|POR|IFIT2|GGN|CIB1|TMEM208|CYBA|SPOCD1|PGS1|KCNAB2|IGHA1|TBXAS1|CTSA|BICRA|CTSD|GPR107|HPCAL1|PHC1|MRAS|TSC22D1|BLVRB|KAZN|LAMP1|STX18|KLHL21|RPS11|NEU1|LCMT2|ECH1|ITGAE|EAF2
REACTOME_HIV_LIFE_CYCLE	0.476271668087525	0.915163668503556	0.268421288079272	0.985071229937442	1675	145	XRCC4|TAF9B|RANBP2|SEH1L|NUP153|NUP35|NUP107|NCBP2|NUP37|NUP160|GTF2A1|NUP133|VPS37D|GTF2H2|TAF1|NUP205|CCNH|GTF2E1|TSG101|CHMP4C|CCNT2|CHMP2B|CHMP5|SUPT4H1|GTF2B|TAF9|NUP88|NCBP1|TAF4B|PSIP1|VPS4B|RAE1|NUP155|NUP54|VPS37A|GTF2H1|CTDP1|VTA1|NUP50|KPNA1|NDC1|TAF12|TAF3|POLR2K|NUP58|GTF2H5|POLR2B|TCEA1|FEN1|NELFCD|NUP98|PDCD6IP|MNAT1|POLR2C|RNGTT|TAF11|NELFA|BANF1|XPO1|NUP43|CHMP3|TAF2|XRCC5|VPS37C|TPR
GSE6269_HEALTHY_VS_STAPH_PNEUMO_INF_PBMC_DN	0.476569156489634	0.91556003690774	0.267931248843315	0.985847266121705	1677	148	MYL9|CXCL8|PELI2|CD36|SLC22A4|WDFY3|LGALS3|NPL|LAMP2|PPT1|CTSS|GNAQ|BNIP3L|CPD|EGR1|ADIPOR1|RAB3D|SDCBP|F5|ABCC6|DAZAP2|CLTCL1|ACSL1|ITGA2B|AZU1|HBS1L|CHST3|CHSY1|BAG4|TFE3|CYBB|TPP1|GLUL|CD93|VAMP3|PLBD1|IL13RA1|PRDM2|RAB1A
KEGG_MEDICUS_REFERENCE_TRAIP_DEPENDENT_REPLISOME_DISASSEMBLY	0.476718806838851	0.915672289140524	-0.424483758924214	-0.985021722366431	2620	16	TRAIP|UBB|MCM2|MCM3|MCM7|MCM6|GINS4|NPLOC4
GSE17721_POLYIC_VS_GARDIQUIMOD_12H_BMDC_DN	0.477088948787062	0.915839363900199	0.260107556784822	0.989289180797763	1592	190	PEX12|SLC22A4|SNX18|MFSD14A|EGLN3|BTBD1|BLTP3B|MTX1|CNIH1|VBP1|PSMD5|RHOT1|EIF4G2|NPM1|KIF3C|STT3A|NCBP2|PDE8A|NUP37|ARL1|NUP160|PER2|AP5M1|QNG1|FCER1G|FBXO15|KCTD14|SLC40A1|PSMG1|EIF4E|TRIAP1|ERO1A|TMEM38B|PHTF2|UBE2W|PRMT3|ACTL6A|ACLY|FAR1|SEPTIN7|RIDA|OTUD6B|API5|FANCF|PLBD1|NCBP1|GARS1|MPHOSPH6|SMC4|SLC35A1|HSP90AA1|STARD7|FDFT1|MMACHC|DNAJB6|ZC3H8|COPB1|TRMT10C|DRG1|MRPS17|PAFAH2|ACTR6|RAP1GDS1|HEXB|EED|FOSL2
GSE22886_IL2_VS_IL15_STIM_NKCELL_DN	0.477450390859892	0.915839363900199	-0.280893658704492	-0.990309949705635	3175	176	MXD3|OSMR|POLR2F|RPL28|TRPV2|CCS|IZUMO4|PRPF31|DNAJC15|CAPN11|GUCY2F|NDUFS7|CTDNEP1|ULK4|AURKAIP1|CDKN2D|TRIOBP|TRIB3|TXNRD2|RPL38|NSDHL|DCXR|MTMR8|HIC2|NDUFA6|RPS16|SDF2|PSMB10|PSMD2|WDR83OS|GALE|RPL36|SNRPD2|UGDH|IPPK|SIVA1|ANKRD55|HIRIP3|PSMB4|PSMA7|EXOSC7|CC2D1A|FAAP24|ASL|NUDC|DNAJC1|CCT7|PTDSS2|SEM1|TAF5L|MRPS16|INTS1|SLC4A7|TKFC|E2F6|COX7A2
GSE360_CTRL_VS_B_MALAYI_LOW_DOSE_MAC_UP	0.477535687453043	0.915839363900199	-0.278915819649721	-0.991005237976144	3177	191	TGFB1I1|PRG2|PTOV1-AS1|PAK1|FARP1|SMPD1|TIMP3|PTPRU|COX6A1|BTN3A1|OTUB1|TCIRG1|CFD|PDLIM7|RPL18|SPECC1L|PCGF1|STK19|SUCO|CALR|INPPL1|LTBP4|SP100|POU6F2|SORBS3|IL16|KLK13|SPN|SDC4|PISD|HMGN2|ITGB1|GPAA1|MED12|LAMP1|SMURF2|POLR2J|POLRMT|SREBF2|LY6E|BCL7A|C6orf47|ABCF3|DPM2|RBCK1|TCTA|VGLL4|HYAL2
KEGG_MEDICUS_REFERENCE_IL2_FAMILY_TO_JAK_STAT_SIGNALING_PATHWAY	0.477223427331887	0.915839363900199	-0.416881588858637	-0.983167292656193	2639	17	IL21R|IL15|IL2RG
PID_P53_REGULATION_PATHWAY	0.477368290873114	0.915839363900199	0.30848598317387	0.982403028025907	1929	58	SETD7|KAT2B|CCNG1|RCHY1|CCNA2|MAPK8|COP1|CDK2|UBE2D1|MAPK9|PPP2CA|MAPK14|ATR|RPL5|SKP2|FBXO11|ATM|EP300|PPP1R13L|PRMT5|CSE1L
REACTOME_INTRA_GOLGI_TRAFFIC	0.477315528162986	0.915839363900199	-0.342765657007862	-0.981783575870638	2787	42	RAB33B|CYTH3|RGP1|STX5|RAB30|YKT6|GOLIM4|COG7|MAN2A1|COG2|COG8|STX16|CUX1|CYTH1|CYTH2|ARF1|COG4|STX6|NAPA
REACTOME_SEROTONIN_NEUROTRANSMITTER_RELEASE_CYCLE	0.477404921700224	0.915839363900199	0.399885562722915	0.974026639858186	2133	17	SLC18A2|RAB3A|CPLX1
REACTOME_SIGNALING_BY_MET	0.47723886773713	0.915839363900199	-0.314626468883584	-0.987235814064831	2882	72	RAB4B|LAMB1|LAMA4|COL1A1|LAMA5|UBA52|LAMB3|UBB|SPINT2|HGS|MET
GAVIN_FOXP3_TARGETS_CLUSTER_P3	0.47817571348629	0.916191603736472	0.269042416491498	0.983792505789836	1708	139	MYO1F|GPR160|PRKCH|CAMK2B|ARL5A|TCF7|PDE3B|CCRL2|ZNF608|IL18R1|GNAQ|CD80|ITSN1|UAP1|CBX7|RHOBTB1|PEAR1|NEO1|SYTL2|TDRP|EHD3|SLC35D1|ERCC8|RNF144A|BICD1|SAMSN1|IL10RA|ARHGEF12|CASP3|EPCAM|SEMA4A|RABGAP1L|PDE7A|KLRG1|PRDX6|CYBB|CD47|CLIP1
GSE1112_HY_CD8AB_VS_HY_CD8AA_THYMOCYTE_RTOC_CULTURE_UP	0.477927651747394	0.916191603736472	-0.284124211942667	-0.988467813981558	3117	158	S100A2|STX1A|BDNF-AS|APOL1|PSMB9|LINC02245|KCNK5|EREG|BTN3A1|CSF2|RGS17|SPATA6|LGALS3BP|APOL6|TMEM207|MGAM|MACROH2A2|TPT1-AS1|GBP2|STING1|TAP2|MDGA1|SLC2A3|PDP1|RNF149|SAMD9L|POMP|TNFRSF10A|IER2|BRF2|LTBP1|DESI1|SCPEP1|IRF1|LTB4R
GSE15324_NAIVE_VS_ACTIVATED_CD8_TCELL_UP	0.477882741040636	0.916191603736472	-0.280534548711499	-0.990145733241839	3186	177	PCNX1|SMAD7|GLB1L3|RNASEK|CIITA|FAM193B|NBEAL2|SLC45A4|UBL5|RCN3|EEIG1|SHLD1|CD19|CARNS1|ADAM22|NTRK3|LBP|ACVR1B|OCEL1|B3GAT3|ODAD1|PKP3|BCL9L|SLC16A5|RNF32|HPGD|TMEM42|JUNB|PAQR7|ZBTB10|TPGS1|DEAF1|BORCS8|DAPK3|SUSD3|SLC39A11|BLVRB|ZNF628|TBC1D17|ACVR2B|DLL3|TNIP1
GSE19888_ADENOSINE_A3R_ACT_VS_A3R_ACT_WITH_A3R_INH_PRETREATMENT_IN_MAST_CELL_DN	0.478016979987871	0.916191603736472	-0.282599912402372	-0.990667830698101	3152	169	SSC4D|MC1R|BCO2|YJEFN3|IRF7|CLBA1|BSN|ANGPTL6|UBA7|MFSD13A|SLC45A4|TCIRG1|IFI35|CHCHD10|HERC6|CASQ2|RIGI|LRRC75B|LGALS3BP|IP6K2|CRYGS|TBCB|CDH23|TRIB3|ISG15|SLC7A1|UNKL|TIMM10|GFUS|TAPBP|RBSN|IL15RA|PRPF6|LCMT2|GATA2|SENP3|NUP188|UPP1|TRIM27|TOR3A|POP7|ZCCHC2|MAVS|SNPH|ANKZF1|ATP1A1|ZNF335|TTLL11|EIF2AK4|FURIN|SLC25A22|SGSM2
GUENTHER_GROWTH_SPHERICAL_VS_ADHERENT_DN	0.47812998052063	0.916191603736472	-0.383587567443538	-0.978302304819702	2699	24	GAA|COL18A1|MET|CTSD|ITGB1
GSE41867_DAY6_EFFECTOR_VS_DAY30_EXHAUSTED_CD8_TCELL_LCMV_CLONE13_UP	0.478280542986425	0.916217574522469	-0.281125533047022	-0.989344149678052	3170	174	TSGA10|CCDC12|ENG|IRF7|LYST|PSMB9|SH3BP2|GSDMD|BEND6|D2HGDH|PLSCR3|CSF2|NSG2|RIGI|SIAE|LGALS3BP|OCEL1|MED15|P3H1|C3orf80|IFITM3|BATF2|BCL9L|SUCO|GBP2|ADPRM|MZT2B|ATOX1|RIN1|NACC2|TAPBP|PLXNA3|OAS3|PDLIM4|RGS12|GCHFR|TMBIM6|PARP12|TP53BP1|ZNF23|NDUFA7|ZNFX1|C19orf53|IRF1|TOR3A|PCBD1|TRAF5|VGLL4|UHRF1|FXN|FRMD4A|ZNF513|NBAS|COA5
GSE17721_CTRL_VS_GARDIQUIMOD_12H_BMDC_UP	0.478534031413613	0.916449976520476	-0.278878153764276	-0.990014639942645	3198	188	CREBRF|IFI30|RPL28|FMC1|HEPACAM2|ANGPTL6|LAMA4|PDLIM2|MINDY1|GASK1B|FAM193B|NDUFB2|ANKH|NDUFA13|NDUFA2|DDX41|PLA2G15|ARHGAP45|MMP1|PALD1|TTYH2|PIGQ|CACNA1A|SLC25A45|YPEL1|CTSA|STK11|ATP5PF|HPCAL1|SFXN3|ZBTB20|ABCD1|POLG|MUL1|CENPV|MRPL2|CNIH4|TMUB2|FRRS1|EEF1D|PDK3|HCFC1R1|SKI|CD81|BAIAP2|MCM7|ABCA2|RPS5|SNX15|EHHADH|CDC20|MRPS26|AKR7A2|ZNF18|NDUFAB1|SLC41A3|SSBP4|ARHGAP17|SIPA1|SLC25A39|SUPT16H|MBIP
GSE40068_CXCR5NEG_BCL6NEG_CD4_TCELL_VS_CXCR5POS_BCL6NEG_TFH_DN	0.478736148547469	0.916449976520476	-0.279354052742113	-0.989186052863875	3196	182	SLC26A11|GZMM|STX11|DHDH|RAP1GAP2|PDE2A|B4GALNT4|DBNDD2|LYST|KCNK5|MOGS|DNAJC15|GPC1|APOBR|DKKL1|NFIL3|ARHGAP26|ENTPD1|MDFIC|TMEM109|USP20|SLC2A8|SEMA4F|LSS|EHBP1L1|ROM1|ACSBG1|TRMT112|CARHSP1|ITGB1|IL18RAP|ERN1|ID2|RCN1|NRARP|FLOT1|NIBAN1|IFNGR1|MICAL1|TSPAN31|CDC42EP3|ABCA2|PCGF2|APOBEC3B|CEMIP2|ADAM8|LDAF1|PILRB
GSE5542_UNTREATED_VS_IFNA_AND_IFNG_TREATED_EPITHELIAL_CELLS_24H_DN	0.478858350951374	0.916449976520476	-0.281317368936168	-0.989315996050076	3170	173	RINL|PLEKHN1|CCDC12|KRTCAP3|PBXIP1|FAM193B|PBLD|PPM1J|CLN3|RTTN|SNX30|ARHGAP45|CD48|SRCIN1|SLC39A2|AHCYL2|ATP6V1F|SIRT7|MGAM|NINJ2|AKR1B1|ACP6|GPR146|CSGALNACT2|EHBP1L1|KCNK6|CTSD|HPGD|XPC|HPCAL1|MAP3K3|UNC45A|CNP|CMTR1|GIT2|RNASE1|SIRT4|FBXO31|CD81|BCL2L1|CSTB|ARMCX3|SAFB|ANTXR2|METTL13|SGTA|BRD3OS|RBM5|CCDC125|TIMM50|PSENEN
REACTOME_GAMMA_CARBOXYLATION_HYPUSINYLATION_HYDROXYLATION_AND_ARYLSULFATASE_ACTIVATION	0.478709023318689	0.916449976520476	-0.329244177442756	-0.982193441090827	2832	53	STS|FN3K|ARSA|DPH1|JMJD4|DOHH|ARSL|GGCX|RPS23|DPH7|DPH2|SUMF2|KDM8|GAS6|RPL8
VILIMAS_NOTCH1_TARGETS_UP	0.478789323164919	0.916449976520476	0.325552154095018	0.976256541082364	2008	41	CD83|CD69|CCL5|CD3G|EGR1|CD80|RRAS2|TOX|EGR2|IL10RA
BASSO_CD40_SIGNALING_DN	0.479270729270729	0.916653714193608	0.300587829761982	0.978494683576702	1918	65	ITGB7|AIF1|CNR1|RIMS3|CRYZ|PALM2AKAP2
BYSTRYKH_HEMATOPOIESIS_STEM_CELL_AND_BRAIN_QTL_CIS	0.480030143180106	0.916653714193608	0.299067524946603	0.975851174727351	1910	66	USP38|SCOC|EEF1AKMT1|C5orf34|SC5D|ALDH9A1|SRP9|DCTN6|CPSF2|SNRPB2|ZMYM6|SKP1|KMT2E|TUBGCP4|NMRK1|MTIF2|ZFAND5|THUMPD1|HJURP|SARAF|GLO1
DESERT_STEM_CELL_HEPATOCELLULAR_CARCINOMA_SUBCLASS_UP	0.479399552858512	0.916653714193608	0.255448223989535	0.990554986630836	1500	230	CXCL8|TTK|EPS8L3|LGALS3|CAMSAP2|CKS2|AMD1|EIF3E|TOP2A|HIF1A|HDAC2|KIF11|PPP1CC|MTHFD2|PLEKHF2|CBX3|ETV5|NCAPG|ATP1B3|INTS8|CNOT6|HK2|UGCG|HOMER1|MMP11|SPP1|NREP|SERPINE2|MYO6|YWHAZ|DSG2|PELI1|CDK1|SSB|EPCAM|BUB1|PTK2|KIF15|PTPN12|BORA|DRAM1|HEATR1|ANXA5|RACGAP1|TTLL4|GPD1L|MTMR2|PLBD1|AGPAT5|NSMAF|ATP11B|XPNPEP1|BZW2|VIL1|CORO1C|TFRC|BLM|PHF21A|CENPE|DLG5|PABPC1|HJURP|DKC1|BLMH|MAPRE1|EIF3H|BUB1B|RAD51AP1|TSPAN3|ALDOA|ASAP1|DAB2|DLGAP5|CSE1L|KIF23|TOMM20|NCAPD2|NAP1L1|AGO2|ILF2
GRATIAS_RETINOBLASTOMA_16Q24	0.480699855699856	0.916653714193608	-0.410379790730155	-0.980977409899866	2664	18	SPG7|MEAK7|FBXO31|ANKRD11|TCF25|EMC8|COX4I1|MBTPS1|ZCCHC14
GSE11864_CSF1_VS_CSF1_IFNG_PAM3CYS_IN_MAC_UP	0.479072568503463	0.916653714193608	0.262335506270397	0.991098796441614	1590	183	CNRIP1|NAPEPLD|ARMCX1|BMPR2|SLC27A3|STT3B|JKAMP|PRPS2|TFPI2|IMPACT|LDHA|PRIM1|C5orf34|KHK|LZTFL1|RPAP3|ATXN10|INTS8|XYLT1|RPS6KA2|CENPU|NATD1|CRBN|RTN3|STAU2|PAPSS1|FCGR2C|TRMT11|AASDHPPT|CDK2AP1|ATPAF1|PPM1K|ZNF117|SEPTIN2|ZNF823|PAPOLA|TUBGCP4|PMPCB|GPI|PTPRA|H2BC8|LRRC40|FYCO1|NFU1|SYF2|ZNF124|ZDHHC7|SRPK1|SKP2|SMIM19|TMX4|SUMO3|NPRL2|SARAF|FAM149B1|STK38|FOXO4|SNRK|HCG11|PPP2R5A
GSE14413_UNSTIM_VS_IFNB_STIM_RAW264_CELLS_UP	0.480361102312322	0.916653714193608	-0.297283833379684	-0.984763377041816	3032	105	TRPA1|GFAP|PPFIBP2|GLB1L2|ACTA2|EPPK1|SIAE|CRACR2B|RGS14|CMKLR1|MACROH2A2|SPATA7|SLC22A23|NOS3|SAP30BP|SGMS1-AS1|SMYD4|SDHA
GSE15324_ELF4_KO_VS_WT_NAIVE_CD8_TCELL_UP	0.479764421624887	0.916653714193608	-0.281184352565589	-0.988848213973028	3176	173	TNS2|WFS1|SRGAP3|PURG|ENKD1|GKAP1|TSPAN5|EVI5L|PDCD1|IFITM2|CTHRC1|ITGAX|PDLIM7|LRGUK|GPC1|IFI27L2|RHOF|EPHX3|NDRG4|TAF15|TMEM184A|TMED1|ACSBG1|AGRN|CCDC61|NPDC1|PLD2|SPATA24|NENF|G0S2|TBC1D17|RNF24|ZBTB39|PRICKLE3|IL17RC|SH3BP5L|SLC66A1|CRAT|TMEM184B|SLC25A35|ZBTB48|DCUN1D4|FAM210A|ACP2|BAIAP2|GCAT|ABCA2|LANCL2|HYAL2|RBM6|CHRNB1|CDCA8|PTGFRN|TOM1L2|ARSB
GSE17721_LPS_VS_POLYIC_8H_BMDC_UP	0.480059970014993	0.916653714193608	0.260725235382897	0.990651589910136	1600	189	CFL2|RFFL|LTN1|CAVIN4|BTBD1|KPNA3|LIN28A|WDR75|CPEB2|IMPACT|NOL11|CD80|KIF3C|STT3A|BMI1|DDX10|PGRMC2|NFAT5|RAB11A|FCER1G|SYNE1|SERPINE2|MAGT1|CHAC2|APPBP2|NCKAP1|ABHD14A|TIMM23|PARD3B|EMC2|ARPC3|MLLT11|COQ3|PSMD10|SKP1|MEG3|ANXA1|MAK16|ATP13A3|MTMR2|NCBP1|HMGCS1|ZWINT|GNL3|EMD|STK4|DDX21|CCT6A|MED8|STMP1|NUP50|NCOA5|KPNA1|FUBP1|POLR2K|SNRPD1|KYAT3|CDK8|OSBPL2|AZIN1|FKBP4|DNAJC3
GSE17721_POLYIC_VS_CPG_1H_BMDC_UP	0.480677764565993	0.916653714193608	0.25882813041237	0.988861040802048	1616	194	ZNF841|MYO1F|OSGIN1|BATF|IL12RB2|FAM53A|VPS26A|ZFP82|NAAA|DDX19B|NEK9|CALB1|SCAF8|LIPT2|RAB3D|C3orf38|BCAS2|PROKR1|ODR4|METTL21A|QNG1|PITX3|SFRP2|ERCC8|VAPA|SRP9|NFYB|MRPS31|PSMG2|CNOT3|TOPORS|IREB2|ZMYM5|FBXO45|COPS4|TRIT1|ATF2|CEP152|PAPOLA|SENP1|GLTP|RBM25|FANCF|OGFOD2|OPN3|CETN2|OR51B2|ARCN1|CDC5L|SSBP1|SMC4|PEX2|SEPTIN8|ALDH1B1|LMNB1|MMACHC|MED8|YAF2
GSE22432_MULTIPOTENT_VS_COMMON_DC_PROGENITOR_UNTREATED_UP	0.480265140102441	0.916653714193608	0.258982067073431	0.989758966497227	1593	196	LONRF1|BBS12|C5orf15|DARS1|ABCC4|PTPN2|NPM1|NOL11|MTHFD2|BMI1|NUP35|NUP107|NAA15|HSPA4|UTP11|POGLUT2|FEM1B|SPP1|EGR2|MRPL15|CHAC2|EIF4E|GTF2H2|EIF5A2|MRPL47|PSMG2|NUP205|WDR36|SPCS1|TSNAX|EIF5B|AP1G1|PRELID3B|NARS1|CUL2|TARS1|PRDX3|CMTR2|NIP7|COQ3|UTP15|ZMPSTE24|PMPCB|CLPX|CCDC90B|GGH|ETF1|PCNA|JAGN1|GARS1|NUP54|BUB3|TRMT10C|ATP6V1C1|PHF10|ACOT7|WDR3|TANC2|PDSS1|SLC25A33|IMMT|MRPL35|RWDD2B|GLRX5|TUBB6|BAG1|PPIF|GPN1|NUP43|SF3A3|CHML|NAA20|AHCYL1|ZNF22|IARS1|ERH|CHCHD4
GSE24634_TEFF_VS_TCONV_DAY7_IN_CULTURE_DN	0.480457005411906	0.916653714193608	-0.280683775352793	-0.989569991486487	3195	176	TBC1D1|TYROBP|PLXNB2|IFI30|HLX|LILRA2|QSOX1|CD84|LPCAT3|DOCK4|RHBDF1|APLP2|UCHL1|MNDA|CLCN7|PLEKHA1|SERPINE1|PPM1F|MFSD12|LRPAP1|MMRN2|FHIP2B|PSAP|ATOX1|CLCN6|SGK1|CTSL|ELOVL1|GNS|TSC22D1|CRELD1|TTC28|ARHGAP22|NRIP3|ZNF668|ATP6V0A1|CAND2
GSE2770_IL12_AND_TGFB_ACT_VS_ACT_CD4_TCELL_2H_DN	0.479862254828567	0.916653714193608	-0.278658178151482	-0.987458048928583	3204	184	STX11|REM2|ITGA4|CD37|PSMB9|GSDMD|REX1BD|MZT2A|ETFB|ATP5ME|MAN1B1|DENND1C|KLF7|CRISPLD2|NDUFS7|TTYH2|OCEL1|EXOSC5|YDJC|C11orf21|MAP4K1|NAPRT|TACC3|MIB2|PCIF1|SULT1A1|ERICH1|SLC39A4|BABAM1|DCTN3|NR4A1|APBB3|ATP5IF1|DDAH2|SLC39A11|ZBTB43|SNHG15|CDK5RAP1|OGFOD3|TXNDC11|ZBED10P|PDK3|TMC8|TMEM183A|ELAC2|ESYT1|DNMT3A|PIH1D1|TSHZ1|CLEC11A|IDH3G|SLC48A1|CDK5|MBTPS1|TLE3|PRC1|MGST2|ALAD|EZR|BAZ2A|TMEM39B|ANAPC15
GSE9988_ANTI_TREM1_VS_ANTI_TREM1_AND_LPS_MONOCYTE_DN	0.480066445182724	0.916653714193608	-0.281151983152543	-0.98873437962917	3178	173	NFKBIZ|ATP2B1-AS1|CCR7|TEX14|LINC00528|RPGR|MIR3945HG|ZC3H12C|LINC00265|FLT1|CSF2|TPD52|MFSD2A|IER3|LINC01465|ICAM1|SPECC1L|RHOF|CFHR3|IL1B|CYB5D1|ZC3H12A|PLK3|SDC4|IL23A|ZBTB10|HIVEP1|G0S2|ERN1|TANK|SFR1|ID2|DCUN1D3|AFDN-DT|CLCF1|NOCT|ICAM4|SOCS3|NINJ1
KEGG_GLYCEROLIPID_METABOLISM	0.480528392520158	0.916653714193608	-0.341492354579848	-0.981137052070703	2800	43	GLYCTK|DGAT2|DGKD|MBOAT1|AKR1B1|DGAT1|DGKA|AGPAT2|CEL|GPAM
LIANG_SILENCED_BY_METHYLATION_2	0.479842168468005	0.916653714193608	-0.341638535133444	-0.981557041436502	2796	43	C3|IRF7|IFIT2|MMP1|CSF2|UCHL1|ICAM1|MX1|SP100|THBD
LUI_THYROID_CANCER_PAX8_PPARG_UP	0.479670612454967	0.916653714193608	-0.341727399722945	-0.981812357083271	2795	43	TPM2|TP53I11|CTBP2|APLP2|TULP3|CCND1|CHD4
REACTOME_CYTOPROTECTION_BY_HMOX1	0.480135249366019	0.916653714193608	-0.327699913937812	-0.980865928493762	2839	54	COX6B2|COX8A|COX6A1|HBB|COX5B|COX6B1
REACTOME_G_ALPHA_S_SIGNALLING_EVENTS	0.48045757864633	0.916653714193608	-0.300561919695897	-0.986329364397967	3023	98	MC1R|PDE2A|GNG8|GNB3|GPR176|P2RY11|PTH2|ADM2|PTGIR|RAMP1|GRK6|ITGB1|GNB5
REACTOME_P75_NTR_RECEPTOR_MEDIATED_SIGNALLING	0.480126349039221	0.916653714193608	0.286474252446567	0.981071481404797	1823	90	VAV2|GNA13|ARHGEF16|FGD4|ITGB3BP|KALRN|HDAC2|ITSN1|RTN4|ECT2|MAPK8|VAV1|ABR|BEX3|SOS2|RHOA|PRKCI|ARHGEF12|CASP3
CHANGOLKAR_H2AFY_TARGETS_UP	0.481221226072207	0.91728680705454	0.320622684756877	0.981040032855514	1985	46	GNAQ|CCT8|HYCC1|SLC44A1|GRPEL2|IBTK|GSTM2|ABHD1|TMEM176A|ATP11A|WDR11|TMEM70|RICTOR|AVL9|MCL1|GLO1|TBC1D7|TENT2|APH1A
COLLIS_PRKDC_SUBSTRATES	0.481349911190053	0.91728680705454	0.407617886974132	0.976308500596482	2167	16	XRCC4|DCLRE1C|SP1|C1D|MYC|WRN|HSP90AA1|CTDP1
IVANOVA_HEMATOPOIESIS_STEM_CELL_LONG_TERM	0.481359484952837	0.91728680705454	-0.278480981910545	-0.986830133194999	3214	184	GAA|IGF1R|SRGAP3|COL18A1|ADGRD1|ELAPOR1|IFT122|ATXN1|ZNF467|P2RX4|TMEM144|TNFRSF8|ZKSCAN2|ANKS1B|ADAM22|CEROX1|FMN2|LRCH4|PRRT3|KDF1|JAG2|MET|PRDM16|BCL9L|ARHGEF10|DMPK
REACTOME_MOLECULES_ASSOCIATED_WITH_ELASTIC_FIBRES	0.481397379912664	0.91728680705454	-0.362978471747499	-0.979449528121553	2755	31	EMILIN1|TGFB3|LTBP3|LTBP4|ITGB5|ITGB1|ITGAV
GSE360_LOW_DOSE_B_MALAYI_VS_M_TUBERCULOSIS_DC_UP	0.48177591120444	0.91783385778519	-0.278519985821574	-0.988776078221492	3211	189	TAGLN|TBC1D1|PLXNB2|CYLD|PEMT|FAM131A|SH3BGR|P2RY11|APOC1|CAPN11|RECQL5|STAB1|MAGED2|TMEM109|CAMK1|RNH1|SUGP2|LYL1|ADAM15|ITGB5|SNU13|DGAT1|SLC1A5|SGK1|MLEC|DUSP7|RANBP3|MPV17|RGS19|RASSF1|NISCH|RPS27|ZNF81|SIVA1|RNASE1|H2AZ2|ICAM3|ERP29|NDUFA7|GRAMD4|ADD1|PARP1|IER2|SMARCE1|HBE1|CD52|TMEM158|KATNA1|TBL1X|HMGA1|UBAC1|FIG4|H2AZ1|COX4I1|TNFRSF10B|SGSM2|TSPYL4|SPTAN1|JUND
REACTOME_ASPIRIN_ADME	0.482126696832579	0.918327852524749	0.385412485196081	0.977354246907414	2130	20	ABCC3
GSE14908_RESTING_VS_HDM_STIM_CD4_TCELL_NONATOPIC_PATIENT_DN	0.482340616581862	0.918386780965237	-0.278390138327489	-0.987040941007024	3222	186	PAK1|METTL27|TYROBP|BSCL2|XAB2|MAPK11|DIAPH2|CACFD1|ITIH5|SERF2|CLCN2|SLC23A3|RASGRP1|IRF3|ZNF622|TTYH2|SHFL|ATP6V1F|ACTN2|MBOAT1|CRAMP1|SUCO|TNKS1BP1|LIN7B|SEMA4F|RAMP1|ISG15|TRIP6|IGF2R|DIAPH1|DYNC1H1|ATP13A2|JUNB|CERS4|RAB40C|HIVEP1|ARHGAP1|ABL1|VPS11|PCSK7|SLC39A11|SLC35F6|TGIF2|GLMP|RAB2A|PSEN1|ACYP1|WDR45B|MR1|DEXI|PI4KA|ERAP1|SLC22A5|GRAMD1A|RBCK1|LEMD2
GSE21670_UNTREATED_VS_TGFB_IL6_TREATED_STAT3_KO_CD4_TCELL_DN	0.482286394760345	0.918386780965237	0.259172162279519	0.988824376479287	1619	193	CD3G|DOK2|TRIM23|ACTR3|ABHD17B|PTBP3|SGPL1|EAF1|PNPLA7|AAK1|BLTP1|SNAPC1|ADD3|RMND5A|RAB6A|TAPT1|ATP1B3|MED13|COP1|CFAP418|TTC14|RCBTB2|MTSS1|SYNE1|S1PR1|RAP1A|LRRC8C|HLA-C|YWHAZ|ZDHHC20|ROCK1|DONSON|MBNL1|NSA2|MTA2|S100A10|AKIRIN1|PRPF39|LMBRD1|UBE2D1|NCK1|GPD1L|RBM25|YIPF4|ARFGEF1|RSF1|PARP4|SMC4|ASCC1|RB1CC1|MEX3D|SEC61G|CAST|TMX4|NPRL2|BTF3|SMURF1|N4BP2L2|BBS4|SARAF|RMND1|YME1L1|HEXB|KRCC1|C9orf78|PPP2R5A|UBE2B|STAG2
GSE15659_CD45RA_NEG_CD4_TCELL_VS_NONSUPPRESSIVE_TCELL_UP	0.482875134387959	0.918881630139589	-0.283660937621185	-0.985730950330926	3143	157	DNASE1L2|ENTPD3|ATRN|CYLD|FAAP100|CHST12|B3GAT1|DOHH|LINC03040|CDH15|CEACAM19|CYBA|ALDH16A1|TMEM8B|FOS|APOL6|MFSD12|C2orf15|FHL1|AFAP1|EPHX3|INHBE|SUCO|FBXW9|FLYWCH2
GSE40443_INDUCED_VS_TOTAL_TREG_UP	0.482831325301205	0.918881630139589	0.260820303544918	0.988160605602899	1602	186	TM6SF1|ARMCX1|ZNF410|GPR174|GPRASP2|NABP1|HS2ST1|GNAQ|L3MBTL3|EGR1|CHDH|EDARADD|PI4K2B|MRTFB|FMNL3|CRYZ|ARMCX6|ZFTA|ETV5|IRGQ|ZNF821|TRIB1|PLXND1|TCEAL8|ZNF32|RRAD|TOX|GPRASP3|SYTL2|EGR2|ZBED5|RAP1A|LZIC|LDHB|TBC1D19|MCU|ZNF799|CRY1|PRR3|BACH1|HMGN3|HNRNPA1|GOLM2|HACD1|UBE4B|MPHOSPH6|GTDC1|SLC35A1|BUB3|TFRC
ROY_WOUND_BLOOD_VESSEL_DN	0.482720989450709	0.918881630139589	-0.423054264010333	-0.981704555307429	2653	16	KRT15|S100P
GSE25088_CTRL_VS_IL4_STIM_STAT6_KO_MACROPHAGE_UP	0.483075157773953	0.918913858960572	0.266732598832705	0.983889318647688	1683	152	CCDC168|FZD4-DT|TNFSF4|CAPZA1|FXYD7|CLIC2|NAA30|BATF3|SUV39H2|C17orf58|SATB2|PPM1A|HSPH1|LINC00630|NLK|YWHAG|PLRG1|BRIX1|ZNF572|SLC2A10|SLAMF7|FABP6|SLC22A2|CATSPER3|DNAI4|SRP9|RAP1A|NFATC2|BTBD10|PLPBP|ITGA2B|ZDHHC2|GOLPH3L|THPO|GLUL|GALNT1|SFXN2|ATP6V1A|BRIP1|UBE4B|RAB31|HSP90AA1|LTV1|AEBP2|H4C8|SDHAF3|NUP50|DKC1|EIF1AX|BCAT1|KPNB1
GSE40274_CTRL_VS_FOXP3_AND_IRF4_TRANSDUCED_ACTIVATED_CD4_TCELL_UP	0.483066792097836	0.918913858960572	-0.290253725634511	-0.988166023439131	3080	132	IGF1R|SHANK1|GPR135|FARP1|HAPLN2|TLX1|B4GALNT4|ATXN1|KREMEN2|PSMB9|CD84|TSPAN5|ADAMTS14|CASTOR1|WHRN|PRPF31|KLF12|LRRC63|CYP2S1|ACTN2|CDH23|FAS|CYB5D2|GUCA1B|GBP2
MATZUK_CENTRAL_FOR_FEMALE_FERTILITY	0.483178239083751	0.918935802183155	-0.395692792821504	-0.978744909517904	2699	21	GNRH1|KISS1R|GNRHR|OTX1|CRTC1
GSE35543_IN_VIVO_NTREG_VS_CONVERTED_EX_ITREG_UP	0.483381393231143	0.919148025242321	-0.282960979257631	-0.989983101700333	3184	165	RAB27B|ACTG1P17|ATXN1|LILRA2|TDH|RENBP|JOSD2|MARVELD3|RSPH9|LONP1|TMEM208|TOP3B|TBRG4|B3GAT3|NDUFAF8|SEC61B|NDUFAF3|YDJC|SF3B5|TXNDC17|DIRAS1|CAD|TSFM|PDRG1|PGP|NOP16|PFDN2|PRPF19|UGDH|SNHG15|FKBP2|C1orf122|SLIRP|DHX30|PRMT1|CDC34|MRPL17|WDR74|NEIL2|NOL6|DNLZ|ELAC2|MRPL46|METRNL|DNMT3A|UQCC6|NLE1|CCDC107|TOMM5|COA5|NDUFAB1|BYSL|HGH1|BOLA3
BLANCO_MELO_COVID19_BRONCHIAL_EPITHELIAL_CELLS_SARS_COV_2_INFECTION_DN	0.484255319148936	0.91969726166917	-0.335309565623922	-0.976806427547264	2844	46	KRT15|TSC22D3|RBM20|DBP|RAB15|THBD|STON1|RAB30|IRAG2
GSE3720_LPS_VS_PMA_STIM_VD1_GAMMADELTA_TCELL_UP	0.484430972719758	0.91969726166917	0.273684484781359	0.982895380738764	1757	123	KDM4D|ENTHD1|PPP2R3A|PDCL2|CREBL2|CD3G|SLC33A1|CENPQ|LGALS3|MGAT2|RNF138|CBX7|KCNJ8|RPL39|MAD2L1|CDHR1|SLAMF7|C1S|FBLN1|NCKAP1|FASTKD3|LIN9|ARHGEF12|ZMYM5|ACAT1|AZI2|CMAS|CD47|ANXA1
GSE5589_LPS_VS_LPS_AND_IL10_STIM_IL10_KO_MACROPHAGE_45MIN_UP	0.48397723869422	0.91969726166917	0.259599479980553	0.987356769099731	1615	190	SETD7|SENP8|WDFY3|BMPR2|TTC8|MBLAC2|CAMSAP2|SOCS6|TMEM106B|CNOT8|ZNF277|PGGT1B|RNF103|LDLRAD3|OPA1|FNIP2|PRKRA|IRGQ|MFSD1|GCC2|TMEM106C|PRRG1|TARS3|SNX3|ANKRD28|GOLGA4|ZNF449|FBXL4|FXR1|POGLUT3|TMEM50A|ARHGEF12|ANKRD46|MED7|RAB2B|BCAS3|CHD9|FAHD1|DDX3X|C6orf120|KIDINS220|MON2|CITED2|DHX57|CCDC90B|SPG11|VAMP3|PTPRA|YIPF4|CSAD|MORF4L1|SEPTIN8|GYG1|BTBD7|POT1|CAST|ATRAID|LAPTM4A|PIR|ETV1|GATD3|MAP1LC3B|SLC35F5
GSE8384_CTRL_VS_B_ABORTUS_4H_MAC_CELL_LINE_DN	0.484054499176524	0.91969726166917	-0.278294215837311	-0.986168305634421	3232	184	NFKBIZ|MT2A|MINDY1|GTF3C1|COX17|TNFRSF8|ECI1|IER3|TOP3B|CCND1|SERPINE1|OS9|TBCB|NR1D1|BCL3|FBXL15|C5AR1|IL1B|TRAF2|DGAT1|MED24|GPSM3|ENTPD6|NTHL1|PGP|PLEC|TNFRSF1B|PER1|IL18RAP|TNIP1|DDA1|ENTPD4|E4F1|ITGA5|HOXB4|SOCS3|ZNFX1|SEMA4B|PXN|CLCN5|VEGFA|UBE2O|PSMD9|RELB|CDKN1A|GALNT2|MAEA|HPS4|LRRC8A|MYO1C|COX4I1|FURIN|TLE3|RNF19B|RABEPK|MEN1|GMPPB|MEA1
HOLLERN_MICROACINAR_BREAST_TUMOR_UP	0.484323575264161	0.91969726166917	-0.346343198891107	-0.97696407154736	2795	39	BHLHA15|ELAPOR1|FAM234B|ABCB6|DHRS4|DDO|NR4A1|RAP1GAP
PID_HDAC_CLASSI_PATHWAY	0.484494831610537	0.91969726166917	-0.318284023922638	-0.982601831184277	2905	65	SMAD7|HDAC10|HDAC8|PPARG|TNFRSF1A|HDAC4|CHD4|SIRT7|CHD3|MBD3|HDAC7|SIRT6|HDAC5|SIRT4|GATA2|RANGAP1|GATA1|HDAC6|RELA|FKBP3
REACTOME_ASSOCIATION_OF_TRIC_CCT_WITH_TARGET_PROTEINS_DURING_BIOSYNTHESIS	0.484411903637222	0.91969726166917	0.332180866092528	0.974775093142446	2050	37	CCT6B|CCNE2|CCT8|AP3M1|TCP1
REACTOME_SIGNALING_BY_TGF_BETA_RECEPTOR_COMPLEX	0.484135378106822	0.91969726166917	0.285178790459674	0.979843077178625	1830	92	FBN1|TGFBR2|STRAP|PPP1CB|PPP1CC|SMAD4|SMAD2|PPM1A|SKIL|CCNC|MAPK1|WWTR1|RHOA|RBL1|TGFBR1|SP1|MTMR4|UBE2D3|SNW1|MYC|CCNT2|UBE2D1|NCOR1|TFDP2|TGFBR3|E2F5|TRIM33|EP300|NCOR2|SMURF1|STAT1|CDK8|USP15|FKBP1A
VANHARANTA_UTERINE_FIBROID_WITH_7Q_DELETION_UP	0.48414481897628	0.91969726166917	0.300248631074752	0.975416445850537	1938	64	TRMT61B|RNF138|PTPN2|TNFAIP8|TSC22D2|DDX10|ERCC6|TBPL1|ZDHHC6|IGFBP5|RAD23B|PCF11|CNOT2|TRAPPC2|EIF5B|PAPOLA|TTC27|FBXO11|EIF1AX|RBBP7|NPRL2|TCEA1|CSE1L|NAA16|NXT1|UBR7|MIA3|YTHDF1|ISG20L2|VEZF1|TMPO|SLC35A2|RBBP6|ZFP64
WP_SREBF_AND_MIR33_IN_CHOLESTEROL_AND_LIPID_HOMEOSTASIS	0.484809663250366	0.920120892362861	-0.428872250339638	-0.979407999853095	2648	15	SREBF1|MED15|SIRT6|FASN|SREBF2
REACTOME_CA2_PATHWAY	0.485004916420846	0.920317457662089	0.308341558239369	0.975536374887144	1972	56	AGO4|GNAT2|GNG12|TCF7|GNB4|NLK|PPP3CB|GNG10|FZD2|FZD4|PPP3R1|MYC|CTNNB1|PLCB1|AGO1
GSE17721_CTRL_VS_LPS_4H_BMDC_DN	0.485203633167301	0.920466910133452	0.263792421808008	0.983069430090242	1655	165	ARMCX1|ITGB1BP2|MMP14|DHX58|CD70|IL10RB|HIF1A|FAM107B|STXBP3|SIAH1|BMX|NPR2|PLEKHA5|PSMA4|LZTFL1|PROCR|PLEKHF2|SLC44A1|ATL3|RRAS2|HK2|FABP9|SLC40A1|ELL2|FOXP1|RBM43|UBE2E1|UTP3|NAMPT|BMPR1A|TRA2B|CA8|FAM241B|ZC3H11A|CHD1|RBM47
GSE20754_WT_VS_TCF1_KO_MEMORY_CD8_TCELL_DN	0.485542168674699	0.920466910133452	0.260684806970084	0.987647254549989	1611	186	PARPBP|ZNF362|C2CD5|CDC7|NXN|DEPDC1B|CKS2|TP53INP1|FAM107B|MBTPS2|BNIP3L|AKR1E2|DOCK7|AP1S2|RFX5|ARHGAP11A|DNA2|SNAI3|DDHD2|ZRANB3|ZNF512|RUNDC3B|KCTD14|CMTM7|KIT|RNF125|ANKRD28|PDS5B|CENPU|PSMG2|CPOX|PLEKHA8|RRM2|STK24|EBAG9|WDR11|PTK2|RABGAP1L|CEP57L1|ACAT1|C4orf46|ELOVL5|SEPHS1|TTC3|BRWD3|PTEN|PANX1|PCNA|LIX1L|ATAD2|MYCBP2|BLM|DNAJB6|POT1|ATM|HJURP|LRRCC1|NDFIP1|DRG1
GSE41176_WT_VS_TAK1_KO_ANTI_IGM_STIM_BCELL_1H_DN	0.485373473445044	0.920466910133452	0.267227865226993	0.98325918123732	1708	148	LRRC73|EGF|PDCL2|BBS12|ESR2|DNAH8|TRIM6|MAP3K1|EIF4G2|EXPH5|SORBS1|CLK1|PROS1|CWC22|UBASH3A|RBM4B|PLCH1|CD164L2|FAM174B|TSPAN12|RSPH4A|LRRC69|KCNK1|NCAM2|SHD|ZFC3H1|RPS3A|SCLT1|SEPTIN2|TIAM2|VEPH1|DHX57|TMC7
PID_SMAD2_3NUCLEAR_PATHWAY	0.485271317829457	0.920466910133452	0.293918647153805	0.976488218759337	1877	75	FOXO1|KAT2B|NCOA2|RUNX2|HDAC2|MEF2C|SMAD4|SMAD2|SP3|SKIL|CBFB|HNF4A|RBL1|SP1|TFE3|CDK2|ATF2|MYC|RBBP4|VDR|CREB1|NCOR1|E2F5|ATF3|EP300|RBBP7|FOXO4|NR3C1|CTBP1|HSPA8|FOXG1|SNIP1
ROVERSI_GLIOMA_LOH_REGIONS	0.485475734910419	0.920466910133452	-0.351395272135389	-0.976546996751953	2790	36	NPFFR2|TBC1D1|ATXN1
GSE9650_EFFECTOR_VS_EXHAUSTED_CD8_TCELL_UP	0.485817199459703	0.920814397314293	-0.278081592765332	-0.987854694671801	3236	190	SMPD1|BSCL2|DHRS1|DDX41|ITGAX|CIB1|TMEM208|PALD1|GPC1|RPP25L|AURKAIP1|CDKN2D|TBCB|KLK8|PKP3|SELENOH|TIMM44|CTSA|ZFYVE19|YIPF3|ICAM2|CTSD|SLC1A5|RNPS1|IL17RA|DGKA|FGFR3|DEAF1|LAMTOR5|IL18RAP|SLC66A2|ARFRP1|LYSMD1|TMEM147|ENTPD4|HNRNPAB|PNPO|MTCH1|TMC6|AP1M1|NDUFB6|TSPAN31|DCPS|ATP6V0B|GCAT|EIF2B5|BCKDK|ABCA2|EFTUD2|DPM2|TUBA3C|MIEN1|EIF2B4|UBE2Z|PSMB3|EIF3B|ISYNA1|USP22|PDIA6|CDC37|EIF4A3|NSMCE1|CORO1B|KIAA2013|SSNA1|CHFR|SWAP70|TWF2|MKNK2|RABGGTA|FAM117A|LSM1|FEZ2|EIF6|PIK3CD|HMCES|SNX1|AXIN1|SEPTIN6
BYSTRYKH_HEMATOPOIESIS_STEM_CELL_QTL_CIS	0.485934914506343	0.920863634475113	0.273301834565606	0.980219055009456	1761	122	MYOM1|USP38|SCOC|NABP1|NPL|CNIH1|GNB4|C5orf34|NFYA|CRYZ|SC5D|SPAST|F5|ALDH9A1|SRP9|LITAF|SQOR|DCTN6|CPSF2|CSRP1|CREG1|SNRPB2|ZMYM6|ATAD1|ZC3H11A|TUBGCP4|GPI|NMRK1|GGH|PIGX|MTIF2|NSMCE3|ATP6V1B2|THUMPD1|HJURP|MTMR9|SARAF|GLO1|ATP5MJ
GSE24210_IL35_TREATED_VS_RESTING_TREG_UP	0.486344699891992	0.921118508965248	-0.283727444241922	-0.984153332037542	3151	155	TRPM2|LAT|PDE2A|GNG8|LRRC56|ATP2A1|TSSK3|SPEN-AS1|TLR6|SYNE3|MYPOP|ATP1A3|TMCC3|MSI1|TGFB3|SIAE|PANX3|TTLL1|TRPC1|MUC1|MZF1|KLHL32|PPP6R2|IL17RA|SLC2A3|CCDC157|ZNF784|MGAT4B|RPL3|HBZ|CSTB|LGALS12|CENPB|TEAD3|CTSZ|ASB1|HABP4|GSTK1|ARAP3|CENPW|CEP89
GSE44955_MCSF_VS_MCSF_AND_IL27_STIM_MACROPHAGE_UP	0.486163051608078	0.921118508965248	-0.279495679486931	-0.989383116224614	3249	181	TBC1D1|C3|RNASEK|TBC1D2|ST20-AS1|MELTF|N4BP2L1|SNN|PPFIBP2|CNNM4|NDUFA2|APLP2|HYOU1|PDE6D|POR|TMCC3|LONP1|CIB1|TIMP1|IL1B|AFAP1|EHBP1L1|MRAS|TNFRSF1B|RGS12|RCN1|NRIP3|STX18|IQCK|IL6ST|RPS11|R3HDM2|LCMT2|MCM2|CASTOR3P|UPP1|ABHD2|TNFAIP2|IRF1|CDKN1A|MRPS18A
TOMLINS_METASTASIS_DN	0.486316168527188	0.921118508965248	-0.4024719217373	-0.974673272007592	2700	19	CTBP2|TMEM87B|KDELR3|IER2|CTSZ|NECTIN2|TMEM50B|MESD|TMEM98
WP_P38_MAPK_SIGNALING	0.486587357126196	0.92140424275283	0.339437685045378	0.975841749078821	2085	34	MAP3K9|MAP3K1|PLA2G4A|TGFBR1|ELK1|HMGN1|ATF2|MYC|CREB1|MAPK14|MAP2K4|RIPK1|STAT1|MAP3K5|RPS6KA5|SHC1|RAC1|MAPKAPK5
BIOCARTA_MCM_PATHWAY	0.48721399730821	0.921793619345031	0.391460604422336	0.969568076295732	2171	18	ORC4|ORC2|CDKN1B|CDK2|ORC3
GSE27859_DC_VS_CD11C_INT_F480_HI_MACROPHAGE_DN	0.487018544935806	0.921793619345031	0.265365362298598	0.983624384537682	1706	156	NAPEPLD|SAMD5|GPR137B|TSPAN32|ALDH1L1|FGD4|CDH18|NRG4|UCHL3|CGGBP1|NSUN3|TMX3|ELMO1|ADIPOR1|ARPP19|SVIP|ATXN10|MRPL39|COPZ2|SPP1|SGCB|ALDH9A1|SLC25A36|MYO6|CDC14B|TCEAL9|TMEM38B|EMC2|CD24|TARS1|PTPN12|SEC24A|SPCS2|ABHD5|PHF3|PAK1IP1|FBXO36|HMGB1|ANAPC10|SFXN1|HACD1|SMC4|AP4E1|SUCLG2|HSPA9|EIF3H|SORD|IL18|KYAT3|ANO6|PSAT1|TOMM20|RASSF5|DIP2A|RPS6KB1|PURB|RAB1B|ZHX1
GSE360_T_GONDII_VS_B_MALAYI_HIGH_DOSE_DC_UP	0.48714437851818	0.921793619345031	-0.282045896163244	-0.985527687815974	3201	163	MATN1|IDUA|CCR7|STX11|TSC22D3|IL15|DIPK1A|N4BP2L1|TAP1|OR2B6|EEIG1|IFI35|KLF7|CDH15|NPHS1|COL6A3|ADAM11|IFITM3|TRADD|DUSP4|CAD|DVL1|CPNE1|B4GALNT1|MYL6|ERAL1|IL15RA|RHCE|CEP170B|DUSP5|NDUFA7|SOCS3|POLA2|PMP22|TNFAIP2|RELB|AK4|TRAF5|H6PD
GSE3982_CENT_MEMORY_CD4_TCELL_VS_NKCELL_DN	0.486899893987581	0.921793619345031	-0.281111741862446	-0.987511588207302	3214	172	FES|ENC1|ARSA|APOL1|RAB38|HSPB3|DGLUCY|B3GAT1|RGS3|AATK|DGKD|PLOD1|COX17|IFITM2|GABRG2|ATP1A3|MNDA|CFD|HPS1|FEZ1|NFIL3|ARHGAP26|C5AR1|MGAM|KLHL4|TMED1|F2R|NOP10|TSPOAP1|PLEKHF1|UNC45A|MAP1S|TMEM147|DHX8|CKLF|DPY19L1|LPCAT1
HEIDENBLAD_AMPLICON_8Q24_DN	0.487343966712899	0.921793619345031	-0.348500452036839	-0.974012451224622	2810	37	PYROXD2|ETHE1|GPC1|HPS1|MMRN2|KCNN4|SLC9A8|MDK|NEK6|COMMD6|GSTK1|ADAM8
SHIPP_DLBCL_VS_FOLLICULAR_LYMPHOMA_DN	0.487343966712899	0.921793619345031	-0.348518867045332	-0.974063918726189	2810	37	ACKR1|TSC22D3|ITGA4|PDCD1|CD101|PIK3IP1|CSRP2|ZMYND11|CD3D|HES1|ST8SIA1
GSE17721_CTRL_VS_POLYIC_8H_BMDC_DN	0.487790526625478	0.921943382840623	0.262448926400557	0.98478439421939	1657	172	PTPN6|SNX16|DHX58|CD70|MS4A6A|IL10RB|HAT1|GCC1|STXBP3|ATP8B3|LGALS8|MOB4|ETV3|OCIAD1|LZTFL1|PROCR|HK2|DDHD1|HOMER1|RBM43|DYRK1A|JAK2|CRBN|SERTAD1|BCDIN3D|PARD3B|VRK2|ENDOD1|BFAR|LRRC23|CHD1|BNIP2|FBXW11|POLR3F
GSE2770_TGFB_AND_IL4_VS_IL4_TREATED_ACT_CD4_TCELL_48H_DN	0.487662628981606	0.921943382840623	-0.277729097682447	-0.984825053462508	3260	185	BEX5|S100P|ITGA4|ABCA7|LINC00528|UQCR11|REX1BD|FAM120C|MZT2A|PRPF31|MAN1B1|KLF7|CRISPLD2|SPATA6|NME3|LRPAP1|MBOAT1|TBCD|SAT2|SLC25A45|SMARCC2|HERC2|MIB2|PCIF1|WDR18|TRAPPC1|ERICH1|ATPAF2|DCTN3|CLSTN1|NR4A1|NUDT1|OGFOD3|SUMF2|TMEM65|TXNDC11|ZBED10P|NRGN|JMY|TMEM183A|PIGS
GSE3920_IFNA_VS_IFNB_TREATED_ENDOTHELIAL_CELL_DN	0.487733374479247	0.921943382840623	-0.285768083854012	-0.986929819232305	3160	148	LAG3|SRGAP3|FARP1|IL15|CLDND2|APLP1|FAM234A|GDPD5|ADGRE5|ITGAX|PCYT1B|FYN|THEMIS2|KMT2B|PTK2B|KSR1|CMKLR1|ENTPD1|ZAR1|TRPC1|MS4A4A|TRAF2|LPIN2|CPNE7|IL18RAP|PRPF6|NIBAN1|CRAT|PXN|CLEC2D|RNF216|TRAF3|KAT5|DNMT3A|ALAS2|SETD5|GATA1|CYB5R3
REACTOME_G_ALPHA_I_SIGNALLING_EVENTS	0.487674487674488	0.921943382840623	-0.27551817521331	-0.985663645697695	3283	202	TAS2R20|PLCB4|CCR7|C3|GNG8|NPW|RGS20|S1PR5|NPB|C5|CXCL1|GNB3|RGS3|APLNR|CXCL16|GRM3|RGS17|TAS2R5|CAMKK1|RGS14|C5AR1|GALR3|GAL|CHRM4|GNA11|PSAP
GSE17721_POLYIC_VS_PAM3CSK4_1H_BMDC_DN	0.488399412628488	0.922138762063103	0.262465300255066	0.983985826018813	1662	171	FOSB|FCGR2B|NUS1|MMP14|CCL2|TAMALIN|RYR1|PGAP4|NCOA2|DNAJC24|PDGFB|AFF4|KIF11|YES1|ETV3|TRIB1|ITPRID2|MED21|COL4A5|PLA2G4A|GPNMB|CD274|ICOSLG|RPS6KA2|SBDS|RAP1B|INTS12|PKP2|HERPUD1|IL10RA|AP1G1|DNAJB11|LMBRD1|STARD4|CHD1|GTF2B|NAA11|ATP6V1A|SGMS1|LTV1|TIPARP|RIPK2|DLD|UBE2A|USP16
GSE18281_SUBCAPSULAR_VS_CENTRAL_CORTICAL_REGION_OF_THYMUS_UP	0.488378934980877	0.922138762063103	0.262423318235975	0.984688304968083	1659	172	LBHD1|GPR160|USP25|DTX3L|ARIH1|ACTR3C|NOL11|NSUN3|LEO1|THOC2|NHEJ1|RIF1|CAPN2|SC5D|DCAF13|AGPS|MED21|RTRAF|METTL21A|SRGAP2C|DLK2|SIGLEC6|FPR3|IFIT1|SERPINB5|MRPL15|PRRC1|EXOSC9|MRPS31|PPA1|TIPIN|MCU|DDX60L|ZNF451|QSER1|ANKRD36C|SSR1|CCT4|MOB1B|MRPS30|HEATR1|TOR1B|ZBTB9|PSMA2|STMN1|PUM1|ZMYM2|LINS1|CETN2|LCORL|EXTL2|TBC1D23|HELZ2|CENPJ|GRSF1|ESCO1|ZZZ3|COPB2|BTG3|KIF2A
GSE20198_IL12_VS_IL12_IL18_TREATED_ACT_CD4_TCELL_DN	0.488497161637287	0.922138762063103	0.258963930857489	0.985738633326994	1634	191	CD44|LONRF1|CREBL2|MEMO1|ARID5B|DNAH8|PDE3B|STXBP3|TMEM86B|ABHD3|PGGT1B|PI4K2B|ST8SIA6|PLEKHA5|MAPK1IP1L|LRP6|GCLM|IRF2BP1|UTP11|IBTK|MAPK1|CDC27|IFITM10|FAM209A|RIT1|PIP5K1B|IFT74|NFATC2|TSNAX|NRAS|FAR1|LSM14A|ABI1|WWP2|CYBB|QKI|TNPO1|CHD1|MAPK9|NRF1|ATP13A3|GPI|GGH|DCUN1D1|BMP2K|PSIP1|RBM22|ACACA|AMFR|C12orf43|B3GALNT1|CISD1|TRAK2|SAV1|SSBP2|UBR1|TCAIM|SUMO3|VIM|PHF10|CUL4A|FBXL17
GSE22140_HEALTHY_VS_ARTHRITIC_MOUSE_CD4_TCELL_DN	0.488518685276902	0.922138762063103	-0.2777603521326	-0.986713522169127	3254	190	PLXNB2|ENG|ATRN|HOMER3|ENC1|RPGR|EREG|ZNF710|SLC3A2|SLC7A7|LBP|DCAF11|FYN|SERPINE1|GAS2L1|RBM38|KCNAB2|LIG1|SLC16A3|LYL1|ITGB5|THBD|KANK1|HPCAL1|SFXN3|PLEC|VPS39|NISCH|TUBGCP2|HDAC5|ARHGAP22|TNIP1|NCAPD3|POLR2A|MEF2D|ATP6V0A1|CAMKK2|BID|LMNA|DNASE2|POLR2J|MINK1|LPCAT1|NUMA1|GRAMD4|PSD4|GOLGA2|ACP2|BAIAP2|CDC42EP3|CTSH|DUSP14|TXN2|AP2M1|GNA12|ADAM8|HIPK2|COG2|MAEA|SEC24C|TCTA
GSE7219_UNSTIM_VS_LPS_AND_ANTI_CD40_STIM_NIK_NFKB2_KO_DC_DN	0.488536953242836	0.922138762063103	-0.280170428650268	-0.985982921912584	3238	174	ADAM19|LAG3|IL21R|B4GALNT4|EXT1|QSOX1|ARID5A|SLC3A2|PDCD1|APLP2|GTF3C1|IFITM2|CD101|SLC41A2|ICAM1|LGALS3BP|PTK2B|NFIL3|ENTPD1|MDFIC|ADAP1|IFITM3|SLC39A4|F2R|RHOB|ARHGAP39|MFSD10|TNFRSF1B|ERN1|GRINA|RNF149|TLCD1|NEK6|HSPA1A|ST8SIA1|ITGAE|LY6E|BAIAP2|HIP1|CDKN1A|JUN|CEMIP2|ADAM8
REACTOME_CELLULAR_SENESCENCE	0.488084464555053	0.922138762063103	-0.2803915136096	-0.987152490157422	3235	175	H4C4|H2AC20|H2AC7|H2AC8|CDC26|ANAPC11|H2BC13|MAPK11|H2BC17|H4C11|H4C3|CBX8|UBA52|H3C12|H4C14|FOS|CDKN2D|UBB|CABIN1|VENTX|H3C13|H4C2|MAPK7|H2BC5|PHC1|H3C2|CEBPB|MAPKAPK2|H2BC12|ID1|FZR1|RAD50|H2AZ2|CBX2|ANAPC2|H1-5|MINK1|EHMT2|ACD
TORCHIA_TARGETS_OF_EWSR1_FLI1_FUSION_DN	0.488513513513514	0.922138762063103	0.248522360553804	0.988853878998364	1445	294	MEIS1|ZC2HC1A|ZNF429|NUDT12|STAP1|TM6SF1|KCTD12|LST1|CRYL1|BBS12|GNG12|TTC8|PDE3B|ALOX12|ZNF518B|TDRKH|L3MBTL3|GLUD1|EIF4E3|GCNT2|SGPL1|MEF2C|CRLF3|NAB1|ZFTA|TJP2|ATXN10|SKIL|ITPRID2|PER2|HK2|PXYLP1|HESX1|DOCK10|F5|PTPN14|BCL2L15|KCTD14|OOSP2|CMTM7|PLXNC1|RNF144A|ELL2|SQOR|ZNF250|WIPF1|ZNF700|LCP1|NUBPL|CELF2|ANGPT1|ITM2A|ARHGDIG|PARD6G|CPNE3|IFTAP|PRKD3|TMEM237|SETMAR|ARRDC4|MYC
GSE32164_RESTING_DIFFERENTIATED_VS_CMYC_INHIBITED_MACROPHAGE_UP	0.488976140138931	0.922631578947368	-0.280210278029736	-0.985422661106142	3237	173	SPIB|BFSP1|SLC30A4|APOA1|MARCKS|CIITA|ITGA4|CD37|MINDY1|P2RX4|HLA-DOB|IL4I1|ZC3H12C|CD19|KLF7|TPD52|MPG|ERO1B|LAMB3|CDKN2D|TXNDC16|BCL6|ID3|POLD1|HIP1R|HSD17B1|SMIM14|HOXC6|COL1A2|GRIN2D|CRAT|C9orf85|CD81|CENPB|CLCN5|CTSH|MTM1|ZDHHC14|TNFAIP2|GNA12|EPB41L2|URM1|MGAT1|CEP89|POLR2I|CASP9|LRRC8A|RPL35A|POLE3|TFAM
WP_HEPATITIS_B_INFECTION	0.488981868898187	0.922631578947368	0.269633309183727	0.979743358169181	1752	134	CXCL8|EGR3|IFIH1|TGFBR2|SRC|MAP3K1|PIK3CA|TAB2|SMAD4|SMAD2|YWHAQ|MAPK8|MAPK1|CREB3L3|JAK3|EGR2|SOS2|YWHAZ|JAK2|IRAK4|NFATC2|TGFBR1|BCL2|NRAS|CASP3|ELK1|DDX3X|ATF2|MYC|CHUK|BRAF|IKBKE|CREB1|MAPK9|MAPK14
GSE2770_UNTREATED_VS_IL4_TREATED_ACT_CD4_TCELL_2H_DN	0.489159489159489	0.922793262954887	0.258218556610136	0.987720860277804	1646	195	TMTC3|CD70|DDIAS|CDC7|ARL5A|WDSUB1|ERI2|STARD9|GNAI3|ANGPTL4|NBN|AKR1E2|FER|ARL8B|ERI1|MSH2|DMXL2|PALS2|METAP2|FEM1B|MRPS22|RBKS|SLAMF7|ATP8A1|PSMG1|FAM83G|HAUS5|MRPL47|TIMM23|CPSF2|WDR36|SUPV3L1|SPCS1|ADK|UBA2|TSN|NAA50|PPFIBP1|SSR1|BAG4|MAPRE2|NPAT|PSMA6|ELOVL6|RBBP8|ZNG1B|PTEN|ZWINT|MPHOSPH6|RAE1|ECHDC1|FDFT1|CISD1|CCT6A|MED9|MED8
GSE21063_3H_VS_16H_ANTI_IGM_STIM_BCELL_DN	0.489729086037511	0.923520677370757	0.258630101904477	0.986756243437335	1644	193	NAPEPLD|EGR3|CATSPERB|KAT2B|HSDL2|RMI1|PDE3B|EGR1|RHOT1|CUL4B|ALG6|ZNF514|TMX3|GNPAT|NUP107|TCF12|ZNF37BP|ZNF512|ABCB10|PPP3CB|LINC01138|TAPBPL|DOCK10|TXK|USP33|NFYB|PCCA|KLHL8|WASHC3|NME7|RAPH1|ERC1|ZNF25|CHD9|ZMYM6|ZFC3H1|ATE1|DECR1|TASOR|C18orf54|RIOX2|GSTCD|SLF2|AZI2|RAB3GAP2|TIA1|ABRAXAS1|ATR|SPG11|CETN2|FAM111A|HERC4|CENPJ|DALRD3|SRPK1|MDM1|C11orf54|EHBP1|NDUFAF2|CCDC14|DOCK8|RAB3IP|GALT|FBXO4|EFCAB14|ALS2|MTIF3|CDK19|DROSHA|TM7SF3|IFT43|PPARA|SLC66A3|ZMYM4
WP_KISSPEPTINKISSPEPTIN_RECEPTOR_SYSTEM_IN_THE_OVARY	0.489650373978083	0.923520677370757	-0.35044883575007	-0.973916797420917	2814	36	AMH|PLCB4|KISS1R
GSE23114_PERITONEAL_CAVITY_B1A_BCELL_VS_SPLEEN_BCELL_DN	0.49005049005049	0.923953196680469	0.258179480894933	0.987571390388644	1649	195	ZNF354A|TM9SF1|AMD1|CAPZA2|PPT1|MTREX|IL18R1|DLC1|RFC4|NPM1|PPP1CC|NFYA|STT3A|HSPH1|ELMO1|HPRT1|SP3|GCLM|ATP1B3|USP14|HOMER1|NUP133|LAMA2|MAMLD1|C5orf22|NCKAP1|DDX18|UBA2|EIF4G3|FH|PRR3|HPS5|EIF3J|CD47|TMEM243|UBE2D1|RPA2|PPP2CA|PDIA3|NUP88|SLC25A5|QDPR|SUCLA2|ADARB1|ATP6V1A|TIMM17A|TIPARP|PPID|NEMP1|RIPK2|IL1R1|GHITM|DIMT1|PNP|NCOR2|VIM|HSBP1|WDR43|CANX|IMMT|BCL2L11|PDCD2|KDELR2|HCCS|EVI5|RPA3|HNRNPA3|R3HDM1|SS18L1
GARGALOVIC_RESPONSE_TO_OXIDIZED_PHOSPHOLIPIDS_RED_DN	0.490549054905491	0.923971526525408	0.37233075937102	0.970567704484351	2179	22	MLYCD|ZNF436|RHOBTB1|RAB11A
GSE17186_BLOOD_VS_CORD_BLOOD_CD21LOW_TRANSITIONAL_BCELL_UP	0.490325483725814	0.923971526525408	-0.277631742821812	-0.98562271948775	3268	189	IL21R|LATS2|GTF2I|NCEH1|HELB|ANKH|TNK2|TECR|TMEM63A|DYRK2|DBP|SUN2|CHCHD10|IFIT2|DENND11|HSD17B10|LRRC75B|FYN|EMP3|RBM38|KLK8|EPHB6|GBP2|ITGB5|IGF2R|ICAM2|MACROD1|RPS10|SP110|IL17RA|UNKL|CERS4|HDAC7|B4GALNT1|PAQR7|GRK6|ZBTB7B|ARFRP1|TNIP1|RPL37A|ENTPD4|SDF4|MRPL24|TRIM56|GRAMD4|SH2D2A
GSE26495_PD1HIGH_VS_PD1LOW_CD8_TCELL_DN	0.49060382008626	0.923971526525408	-0.284035359228198	-0.984009284287489	3184	153	ASCL2|STS|S100A2|TYROBP|FOXD1|CTBP2|IFITM1|SYNGR1|IQCG|PYROXD2|OSBPL5|CARNS1|TMCC3|ITGAX|RGS17|PLXNA4|TSHZ3|RRBP1|MCPH1-AS1|STYK1|IER5L|CMKLR1|PRSS30P|FRMD6
GSE3720_UNSTIM_VS_LPS_STIM_VD2_GAMMADELTA_TCELL_UP	0.490612496152662	0.923971526525408	-0.283501884983711	-0.983086453832153	3187	154	METTL27|PDE2A|LYST|PDLIM2|RPS20|GAS5|RCN3|RPL23|CAPN11|ITGAX|NSG2|HSD17B10|RPS9|RPL18|KLK8|MBOAT1|LIG1|CHD3|QTRT1|RPS10|NDUFB7|SHISA5|GMFG|DGKA|RPS2|TIMM10|RPL27|NOP16|RPL36|MED12|RPL37A|RAD50|RPSA|CLTA|GSTP1|CD3D|POLR1G|RPS12|RPL3|NOP53|CLEC2D|LY6E|TTC13|RPL8|SRF|ATP5MC1|SUGP1|ARL6IP4
GSE3982_EOSINOPHIL_VS_NKCELL_UP	0.490537699008711	0.923971526525408	0.261702763340162	0.986517363237758	1632	180	GPR137B|LGR4|LST1|TMEM156|HLA-B|CMTM6|SOHLH2|RUFY2|DARS1|RSL24D1|NCOA4|GNAQ|PTGS1|PPP6C|ITSN1|USP6NL|MKRN1|SDCBP|ITPRID2|ERP44|MFSD1|EFNB2|RSAD2|PTX3|PLXNC1|CNBP|CDC14B|CENPU|JAK2|RTN3|CCNH|MTCP1|RBPJ|PYGL|PIK3CG|ITM2B|ZNF460|SEC62|NSMAF|DDX6|CHP1|ASAH1|STK4|DHX9-AS1|DDX21|ZNF281|BTBD7|PNRC1|SKP2
REACTOME_REGULATION_OF_MITF_M_DEPENDENT_GENES_INVOLVED_IN_LYSOSOME_BIOGENESIS_AND_AUTOPHAGY	0.490156599552573	0.923971526525408	0.396719677220646	0.96631529164908	2190	17	ATP6AP2|ATP6V1D|ATP6V0E2|ATP6V1A|ASAH1|ATP6V1B2|ATP6V0E1|ATP6V1C1
GSE24210_CTRL_VS_IL35_TREATED_TCONV_CD4_TCELL_UP	0.490854572713643	0.924049314505807	0.25961565586505	0.986435631635623	1636	189	CAMKMT|CD40|KCTD12|TBC1D10C|CREBL2|SGPP1|STRADB|RNF139|REV3L|SFT2D2|BBS2|KLHL24|DTX3L|CRLF3|USP6NL|NAB1|INVS|TMEM123|PRIMPOL|CLK1|WDR44|PLGRKT|NUAK2|MTSS1|JAK3|CMTM7|CR2|EHD3|RAB19|SLC40A1|ROCK1|FBXL4|CELF2|SNX2|KDM3A|ABCB1|CDKN1B|CNOT6L|KIDINS220|CD47|BRAF|TPST1|NOD1|ITM2B|PTEN|GPD1L|PTPRC|SPG11|NUFIP2|TMT1A|SNX29|CDC42SE2|AMER1|PHF21A|BTG1|CEP192|VIM|RAB3IP|MCL1|TOP2B|MORC3|EMID1|PXK|MINDY2
GSE44649_NAIVE_VS_ACTIVATED_CD8_TCELL_UP	0.490792034735739	0.924049314505807	-0.277601740184642	-0.983714436663298	3277	184	BFSP1|BSCL2|GTF2I|TLR6|REX1BD|PDCD1|RPP21|ZNF692|RNASEH2C|ING4|GCOM1|APOD|LAGE3|PTGIR|RBM38|KLK8|SEC61B|PIGU|TIRAP|STK19|SELENOH|ACP6|CHRM4|TSPO|MXD4|DDT|TSFM|STXBP2|FBXW4|ENO3|XPC|HPCAL1|TSC22D1|MRPL2|VARS1|LYSMD1|MVD|EVL|VAC14|TK1|ANAPC2|RPL3|TRAF3IP2|PCK2|CDC34|NCBP2AS2|DCPS|AUP1|ZDHHC14|NRBP1|TMEM179B|TRAF5|SEPTIN9|MAST3|AKR1A1|EIF2B4|ENTREP3|ZSWIM7|MYO1C|CUEDC2|DNAJC10|DYRK1B|PPDPF|CSNK1G2|RREB1|POLR2G|PGLS|MATK
LU_TUMOR_ANGIOGENESIS_UP	0.490929965556831	0.924049314505807	0.368493210025174	0.976241710330075	2137	24	VAV2|CD44|SPP1|FGFR1|PTK2
REACTOME_RND3_GTPASE_CYCLE	0.491842043036179	0.925592506186195	0.327287507423205	0.972168112184126	2079	39	LEMD3|DEPDC1B|CPD|TXNL1|RBMX|PICALM|ROCK1|ARHGAP5|DLG5|DST|CCDC88A|KTN1|PKP4|ARHGAP21|ANKRD26|PIK3R2|VANGL1
GSE21927_SPLEEN_C57BL6_VS_EL4_TUMOR_BALBC_MONOCYTES_UP	0.492082461906185	0.925717328952446	0.258750180615115	0.984924999277292	1646	191	CD44|MSL2|C2CD5|BMPR2|INSIG2|LEMD3|PMS2P3|VPS26A|ANKRD49|LGALS8|PIK3CA|CLK4|RSRC2|NHLRC2|ZNF337|LIPT1|AAK1|YIPF6|MXI1|CAPN2|ADD3|MFAP3|CLK1|WDR26|RPL39|RBL2|GCC2|ZNF32|TNKS2|CD96|ABR|S1PR1|TXK|ATP8A1|DAZAP2|IRAK4|VWA5A|TRIM52|NR2C1|AZU1|CCSER2|PIGC|C6orf120|WSB1|ABI1|ZC3H11A|MAN1A2|TUT4|MAPK14|PTPRC|PIAS1|PSIP1|NACA|ASAH1|SYF2|ASXL2|ANKRA2|RB1CC1|HLTF|ZFAND6|MYCBP2|ZNF136
GSE36888_STAT5_AB_KNOCKIN_VS_WT_TCELL_IL2_TREATED_17H_DN	0.492238805970149	0.925717328952446	0.261349305120777	0.982286050213761	1648	176	ARL11|PRNP|EGR3|CD36|SLC49A4|HVCN1|TMEM106B|TLE4|MTX1|PLD1|CPD|B3GNT5|RHOT1|ARL8B|AP1S2|PPIP5K2|LDLRAD3|WASHC4|SNX24|ATP1B3|FGFR1OP2|AP5B1|F5|EGR2|SGMS2|CLTCL1|ELL2|GNG10|DOK3|USP8|NATD1|ZDHHC20|ACSL1|PYGL|SP1|NARS1|CLIC4|UXS1|BACH1|PRKAA1|AZI2|IKBKE|CLIP1|UBE2D1|SMPDL3A
GSE369_SOCS3_KO_VS_WT_LIVER_POST_IL6_INJECTION_DN	0.492349234923492	0.925717328952446	0.261743531843999	0.984466022930439	1640	177	ST8SIA4|LPXN|PLEKHM3|CD36|RGS2|HERC3|TTPAL|SLC25A44|STRADB|ABHD17B|KLHL24|FAM107B|CTSS|MAP3K1|B3GNT5|MACIR|MEF2C|TMEM123|FCRLA|TAPT1|WTAP|RANBP9|NUSAP1|PMFBP1|CSRP3|S1PR1|BACH2|ELL2|ATP6V1D|FOXP1|ASAP3|B3GNT2|ZDHHC2|PDE7A|PRKD3|WSB1|FBXO33|KLHL6|RB1|TMEM243|CEP120|STX7|SUB1|FRYL|CD93|CDKN3|BMP2K|PIAS1|MBD4|WBP1|ALDH1B1|TAX1BP1|RIPK2|TRAM1
HOQUE_METHYLATED_IN_CANCER	0.492142125042706	0.925717328952446	-0.335681946635041	-0.972430131712369	2880	45	SFN|TIMP3|GFAP|TWIST1|APOC1|APOD|ESR1
WOO_LIVER_CANCER_RECURRENCE_UP	0.492369477911647	0.925717328952446	-0.302971542101295	-0.978149521539244	3064	87	TPM2|MARCKS|EXT1|QSOX1|LAMA4|CXCL1|TPBG|MAPK12|COL1A1|LAMA5|ARHGAP4|COL6A3|RHOF|JAG2|SEMA6A|DUSP4|PDGFA|EVL|COL1A2|DBN1|LPCAT1|MICAL1|S100A6|PMP22
KEGG_MEDICUS_REFERENCE_TRANSCRIPTION_COUPLED_NER	0.492576419213974	0.92593297679211	-0.360513969111894	-0.972799392834253	2819	31	POLR2L|POLR2F|UVSSA|GTF2H4|POLR2E|RBX1|POLR2A|POLR2J|ERCC2|POLR2I|POLR2J3
OHM_METHYLATED_IN_ADULT_CANCERS	0.493233618233618	0.926695806217257	-0.384224195503722	-0.969756890134848	2769	23	TIMP3|PYCARD|CCND1|ESR1|RASSF1|GSTP1
PID_TXA2PATHWAY	0.493226898887276	0.926695806217257	0.31469850785297	0.971781755223093	2038	48	EGF|PRKCH|GNA13|SRC|GNAQ|YES1|RAB11A|RHOA|ROCK1
POMEROY_MEDULLOBLASTOMA_DESMOPLASIC_VS_CLASSIC_UP	0.493259184361308	0.926695806217257	-0.323119050642803	-0.973038361793419	2926	56	APLP1|POLR2F|FLT3LG|GNB3|BSG|GABRG2|TGFB3|CDKL5|CHRM4|PSMB5|KANK1|PLEC|POLR2J|SURF1|BCAP31|ILVBL|USP11|MYL5|CITED1
GSE37319_WT_VS_RC3H1_KO_CD44LOW_CD8_TCELL_UP	0.493394149103492	0.926775911059291	-0.291909494203203	-0.981866124746085	3136	118	MESP2|TRIM45|ENC1|FMC1|EXT1|HEPACAM2|ACAP1|IZUMO4|NXF1|TULP3|MSI1|PUS1|CHD3|STING1|EWSR1|IL17RA|B9D2|PRTN3|UXT|RCBTB1|P4HA2|PDLIM4|E4F1|UBFD1|PSD4|ATP6V0A2|SMARCE1|NAF1|STARD5|PPARGC1B|POC5|PDE1A|SLC15A4|IKZF5|NES|RABEPK|GATB|TMEM69|TMEM150A|METTL1
CHNG_MULTIPLE_MYELOMA_HYPERPLOID_DN	0.493685687558466	0.926976605258489	0.347872545469584	0.973149002764282	2110	30	TMED2|CACYBP|UBE2D1|XPOT|GABARAPL1|RFWD3|YME1L1|PEX19|EIF1|SEC31A|ABCB9
RIZ_ERYTHROID_DIFFERENTIATION_12HR	0.493613298337708	0.926976605258489	-0.358473807097024	-0.972155475174553	2820	32	SPIB|PBX3|FOS|ESR1|TSC22D1|HDAC5|CAVIN1|JUN|PAX9|HAND2
GSE29618_MONOCYTE_VS_MDC_DAY7_FLU_VACCINE_DN	0.49378090813727	0.926982000351957	-0.278865292068284	-0.986218578932136	3294	180	H2AC13|PAK1|CIITA|NUP210|AXL|RPS20|HLA-DOB|H4C11|MZT2A|H4C3|DYRK2|DNAJC15|ITGAX|TPD52|IL2RG|SPINT2|RHOF|FAU|MAP4K1|BIN1|HERC2|H2BC5|CST3|RPS10|DHRS3|RPS2|RPS23|RPL36|SNRPD2|EVL|DCTPP1|RPSA|H1-5|PRMT1|RPL35|BCL7A|DEXI|HIP1|ESYT1|SPTBN1|EPB41L2|RPS5
BILD_MYC_ONCOGENIC_SIGNATURE	0.494045846978267	0.926988603757019	-0.275783529604237	-0.984473873230896	3318	198	HSPA6|FARP1|DPH1|DHRS1|FAM193B|LINC00173|COL1A1|RHBDF1|SMTN|SLITRK6|OR2A4|TGM1|MST1R|SLC19A1|PHB1|SLC6A8|FLAD1|SLC29A2|NOP2|TRIOBP|MEAK7|EXOSC5|NLRP1|PLEKHG2|SRM|TRMT1|DGKA|KICS2|ALG3|BOP1|PDP1|MYBBP1A|NOP16|UBALD1|PLEC|DDAH2|FLNB|MCRIP2|BID|C19orf48P|HSPA1A|IRF9|NCR3LG1|CCDC137|WDR74|NOL6|MICAL1|STMN3|GOLGA2|ADISSP|TNFAIP2|PRR5|PTRH2|ADAM8|PES1|NLE1|FAM168A|CDCA8|NOP56|GPATCH4|TTLL12|ACSS2|DHODH|BEND3|CYTH2|RNF213|RABEPK|OSBP2|SPTAN1|PHF1|TINF2|TCOF1|METTL1
BIOCARTA_CD40_PATHWAY	0.494270603790216	0.926988603757019	0.410124610258491	0.968202026251189	2242	15	CD40|MAP3K1
FIGUEROA_AML_METHYLATION_CLUSTER_1_UP	0.494108280254777	0.926988603757019	-0.298393518397183	-0.980630069745981	3102	100	DHRS12|IL11RA|CXCL1|TIGD3|SLC38A10|EREG|FCRLB|DOK6|RECQL5
GSE24972_MARGINAL_ZONE_BCELL_VS_FOLLICULAR_BCELL_IRF8_KO_DN	0.494421608925426	0.926988603757019	0.262849682342399	0.98329185336505	1683	169	CNRIP1|PIGB|ITGB7|LIPG|SNX16|SLC49A4|PAOX|TNFSF4|CNOT8|KLHL24|NBN|PEAK1|RNF103|ARF4|HARBI1|PICALM|WDR44|RTRAF|NIPAL1|ABCA6|ICOSLG|AUH|FCGRT|PCCA|IFT57|HERPUD1|TENT5A|CTNND1|LAMTOR3|ITGA2B|TSNAX|PEX13|ZC3H11A|FBXO36|NMRK1|PLCD3|CLUAP1|HMGB1|CFAP298|ADGRV1|KLHL7|DSTN|B3GALNT1|DCAF12|ATL2|NOTCH4|WASHC2A|GDAP2|PPM1E|IL18|RMND1|SERPINB1|KIAA0040|DAB2|CCNB1IP1
GSE43955_1H_VS_10H_ACT_CD4_TCELL_WITH_TGFB_IL6_DN	0.494169316977132	0.926988603757019	-0.280224425988477	-0.984394554738195	3262	172	COL18A1|SEMA4D|APBB2|ENG|IRF7|HLX|TIMP3|BSN|TAP1|APOE|PDCD1|IFI35|ZC3H12C|IGFBP2|SLC23A3|NAPSA|LGALS3BP|DCN|IL1B|FOLR2|FRMD6|MORC4|SF3B5|NR4A1|SNHG6|RGL2|FLNB|PTGES2|ACVR2B|HELLS|COL1A2|NOCT|NNMT|FRRS1|NEU1|PDK3|PSMA7|CDKN1C|TMEM183A|ITGAE|LY6E
MURAKAMI_UV_RESPONSE_24HR	0.49416778824585	0.926988603757019	0.389203788246989	0.963978402921287	2202	18	ITGB7|EGR1
WP_FRAGILE_X_SYNDROME	0.494430861179028	0.926988603757019	0.277012104063986	0.980146629783147	1819	111	AKAP5|PDK1|CAMK2B|CNR1|SRC|PICK1|SYNGAP1|ABCD3|PRKAR1A|MAPK1|HOMER1|GRIA2|GRIP1|CLTCL1|EIF4E|EEF1A1|RHEB|CLTC|BRAF|NF1|CREB1|AKT1S1|PTEN|PLCB1|MAP1LC3B|TBC1D7|PPP3CA|SOS1|GAB1|PIK3CB|SH3GL3|MAP2K1|RPS6KB1|AGO2
GSE16385_UNTREATED_VS_12H_ROSIGLITAZONE_TREATED_MACROPHAGE_UP	0.494571960297767	0.927079988322873	-0.286511443511692	-0.984044644798183	3188	141	TREX2|ZFP42|VWA7|PAPOLA-DT|ENC1|ZNF596|TPBG|MIR503HG|TRPM4|ZKSCAN2|ZSWIM5|PPP2R2B|TSHZ3|DISP2|INPP5J|TSPAN9
REACTOME_CELL_JUNCTION_ORGANIZATION	0.49508302434306	0.927839700803157	-0.301305737673084	-0.976683090590946	3070	90	CADM2|ADAM19|CLDN7|CLDN6|CDH15|CLDN12|LAMB3|CLDN11|FBLIM1|ZC3H12A|CD151|HOXC8|AFDN|PLEC|ITGB1|CDH24
REACTOME_SIGNALING_BY_ERBB4	0.495162111695807	0.927839700803157	-0.329628917365092	-0.977036771403004	2916	51	GFAP|EREG|APOE|GABRG2|UBA52|APH1B|UBB|ESR1|NRG1|ADAP1|NCSTN|MXD4
PID_ERBB4_PATHWAY	0.49568462794495	0.928577854509585	0.337884463201832	0.971376426613784	2124	34	NEDD4|NRG4|PIK3CA|TAB2|MAPK1|JAK2|HBEGF
REACTOME_MAPK_FAMILY_SIGNALING_CASCADES	0.495741056218058	0.928577854509585	0.248601661097699	0.986688943643141	1454	290	DLG2|EGF|FGF5|AGO4|FOXO1|SPRED3|CAMK2B|SRC|PSMC6|NCOA3|ABHD17B|PSMC1|NRG4|KALRN|SYNGAP1|PDGFB|PSMD5|RASGRP4|PPP1CB|PIK3CA|PAQR3|PPP1CC|MAPK6|LYPLA1|PSMA1|PSMA4|FNTA|PPP2R5E|RANBP9|PSMD6|MAPK1|IL6R|VWF|EPGN|PAK3|FGFR1|JAK3|KIT|RAP1B|RAP1A|CDC14B|DUSP10|JAK2|HBEGF|LAMTOR3|CDK1|ITGA2B|NRAS|ANGPT1|DLG1|PTK2|SEPTIN7|PSMD10|PSMA2|MYC|PSMA6|BRAF|CUL3|NF1|LRRC7|PSMC2|PPP2CA|GOLGA7|PPP2R5C|PSME4|PTPRA|PSPN|SPRED1|AGO1|PSMD14|PPP2R1B|PSMD11|BRAP|PSMC5|CNKSR1
PID_HDAC_CLASSII_PATHWAY	0.495883692415484	0.928671735907954	-0.356022420795806	-0.971591739576165	2830	33	HDAC10|HDAC4|ESR1|BCL6|HDAC7|HDAC5|TUBA1B|GATA2|RANGAP1|RFXANK|SRF|GATA1|HDAC6
GSE22611_NOD2_TRANSD_VS_CTRL_TRANSD_HEK293_MDP_STIM_6H_UP	0.496062992125984	0.928834231479319	0.263320484224908	0.980655946632741	1700	163	CCZ1B|MATCAP2|NCOA2|RHBDL1|REC8|MGAT2|RARS1|UCHL3|CTSK|AKAP12|CKAP2|ZWILCH|NAB1|RRAS2|TRIM2|PLA2G4C|NREP|CHRNA3|HSPB8|RAP1B|RPS27L|NCAM2|IRAK4|FXR1|PHTF2|SBNO1|SYP|AP1G1|TFE3|DECR1|UBE2D3|NDUFB5|ATP2A2|HEYL|RAB14|FBXW11|RPF1|MPHOSPH10
GSE5542_IFNG_VS_IFNA_AND_IFNG_TREATED_EPITHELIAL_CELLS_24H_UP	0.496256364180893	0.929023010751175	0.258802914911911	0.984327125463268	1656	190	DOP1B|HSPBAP1|SGO2|SLC22A4|SCRN3|RAD52|ZBTB22|ITGB3BP|EMSY|MNS1|ABCC4|BBOF1|ZNF518B|CCT8|CCNA2|FMNL3|MEX3B|CMPK2|IPMK|IFIT1|APPBP2|PCMTD1|TSTD2|CEP44|ZW10|ZNF445|SBNO1|CASP3|HBS1L|BAZ1A|RABGAP1L|IFTAP|BAG4|SMIM3|MGA|LSM14A|C4orf46|ARRDC4|SPTSSA|CITED2|ANP32B|ARFGEF1|CEP76|MRTFA|AGO1|AVL9|VPS4B|AEBP2|TMA16|CORO1C|BHLHE40|CCDC115|ELOF1|PHKA2|KNOP1|NDC1|INPP4A|DRG1|RNF130|KIF2A|HLCS|STAT1|NSMCE4A|SSX2IP
REACTOME_PROCESSING_OF_INTRONLESS_PRE_MRNAS	0.496380090497738	0.92908136274777	0.381222113749405	0.966728028279739	2193	20	NCBP2|CPSF3|PCF11|CPSF2|PAPOLA|NCBP1|FIP1L1|CPSF6
YANAGIHARA_ESX1_TARGETS	0.496646664313449	0.929407012747651	-0.36941939436678	-0.967490444324971	2813	27	MARCKS|DYNC2H1|BDNF-AS|TAF15|GNS|IL6ST
GALINDO_IMMUNE_RESPONSE_TO_ENTEROTOXIN	0.49706457925636	0.929497591168852	-0.308371217091999	-0.975774394043623	3047	75	CD14|MT2A|PDLIM7|IER3|UBB|PHLDB1|BCL3|IL1B|JUNB|RHOB|PDGFA|CDC42EP4|CEBPB|IL18RAP|TAPBP|TSC22D1|TNIP1|ITGA5|NOCT|SOCS3|BCL6B|VEGFA|TNFAIP2
GAUCHER_PBMC_YF_VAX_STAMARIL_UNKNOWN_AGE_14DY_UP	0.497296383913484	0.929497591168852	-0.32392188244669	-0.972180224984815	2942	55	CD19|SDF2L1|COBLL1|MYDGF|TRIM26|SRM|SIL1|TUBG1|TK1|TXNDC11|DUSP5|PDIA4|UHRF1|CDC20|SEC11C|CRELD2|UBE2S|CENPM|ADA|UBE2C|CDCA5|MAGED1|PPIB|TXNDC5|PHGDH|IDH2|TENT5C|MANF
GSE1925_CTRL_VS_3H_IFNG_STIM_IFNG_PRIMED_MACROPHAGE_UP	0.497198243222778	0.929497591168852	-0.280837411111373	-0.983471309316848	3282	166	GPR135|DHRS12|PLCB4|CYFIP2|SLC22A18|NHLRC3|CATSPER1|TMEM117|DPM3|ACADS|PRKCZ|METRN|TECR|DBP|NICOL1|IFIT2|GCA|KRT4|RPP25L|RPL13A|SAT2|SMARCC2|TRADD|ALDH8A1|MXD4|YIPF3|CHID1|NOL3|RPS2|MYO18B|VPS52|SMCO4|BTD|GSTP1|KLHL21|ATP6V0A1|MDK|SSR4|LMTK2|LPCAT1
GSE21379_TFH_VS_NON_TFH_SAP_KO_CD4_TCELL_DN	0.497232610321616	0.929497591168852	-0.278078751518335	-0.984367351359811	3323	181	GAA|SEMA4G|PBX3|KISS1R|BSCL2|SYCE2|ABCA7|RAB38|GRM3|LGALS3BP|SPINT2|MFSD12|MED22|PTPN3|TSPAN9|IQCH|MEAK7|G6PD|BAHCC1|MACROD1|TRMT112|RPS10|SDF2|CPQ|CHID1|AFDN|KICS2|F2R|ENTPD6|DEF8|FERMT3|VKORC1|CDK10|ARHGAP6|SLC39A11|SLC66A2|SNHG12|TMED4|CTTN|RNF149|NFE2|NIBAN2|FRRS1|STARD10
ODONNELL_TFRC_TARGETS_UP	0.497013474093624	0.929497591168852	-0.263038668647506	-0.987176301160297	3577	343	TSGA10|SP5|SHANK1|TSC22D3|SYTL1|EXOC3-AS1|CREBRF|CD37|CYP19A1|FAM167A-AS1|RTKN|PYCARD-AS1|CASC15|HLA-DOB|JSRP1|OSBPL5|CYP4F2|CCDC13|ATP2B3|SORBS2|SLC2A12|LINC02019|SPOCD1|PCYT1B|GDF2|HAGHL|ZMYND10|TPCN1|RPL23AP7|CAMTA1|C15orf62|FDXR|SEMA6A|MACROH2A2|IGHA1|FAS|CACNA1A|MYO1G|HSPB9|MAP3K12|DOCK9-DT|BIN1|CTC1|MXD4|GPATCH2L|FAXDC2|UNC13D|SLC22A23|HPGD|DGKA|IGSF3|ACACB|SLC2A3|JUNB|HOXC8|ZBTB20|SGK1
SCHRAETS_MLL_TARGETS_UP	0.497084290510691	0.929497591168852	-0.372356479526351	-0.966713888155897	2812	26	ACTA2|IFI16|FOS|FHL1|DCN|FAS
TAKEDA_TARGETS_OF_NUP98_HOXA9_FUSION_10D_UP	0.497343251859724	0.929497591168852	-0.28074450208134	-0.980806664722215	3275	162	ZNF711|STS|RAB27B|IL15|ADSS1|IRF7|TIMP3|REN|LILRA2|HBB|IFITM1|BEND6|IFIT2|RIGI|CFD|LGALS3BP|APOL6|SLC27A6|TMEM255A|SLC6A13|MX1|DUSP4|ISG15|SMIM24|SP110|HPGD|DHRS3|FBXL20
GSE17974_0H_VS_12H_IN_VITRO_ACT_CD4_TCELL_UP	0.497751124437781	0.929913602662655	-0.278477406685953	-0.983845763876049	3319	179	NFKBIZ|ZNF711|PBX4|TPM2|DPEP2|LYRM9|REM2|RAP1GAP2|IL11RA|PDE2A|SYTL1|GKAP1|ITGA4|SYNM|FAM200B|DIAPH2|LINC00173|HCST|ASH1L-AS1|KRT73|KIFC2|PNMA3|FOS|MYO1G|CRAMP1|IRS2|USF3|BIN1|ZNF329
REACTOME_SIGNALING_BY_ERBB2	0.497698085776593	0.929913602662655	0.317948779887444	0.972858429227093	2053	46	EGF|MEMO1|SRC|NRG4|ERBIN|YES1|PIK3CA|RHOA|USP8|HBEGF|NRAS|PTPN12
GSE31082_DN_VS_CD4_SP_THYMOCYTE_UP	0.497872340425532	0.929966980497114	0.256564027539926	0.982079289030841	1637	200	SENP8|SLAMF6|RPGRIP1|NMD3|CEP128|NEDD4|WDR75|DNTTIP2|UCHL3|ERI1|HEATR3|GDI2|ZRANB3|GINS1|CCP110|FEM1B|IPMK|NUP133|EPB41L4A|AUH|EXOSC9|ZFAND4|SLC25A3|PPA1|PCNX4|SUPV3L1|AHCTF1|HBS1L|TSG101|SMC3|VRK1|SNW1|CFAP20|PSMC2|SUB1|PMPCB|ZNG1B|GPD1L|QDPR|CFAP298|RAB1A|ARL6IP6|RNF168|AP4E1|CKAP5|LTV1|TTC27|UBE2A|CENPS|TFDP2|KNOP1|PPAT|BCAT1|ERCC6L|PHF10|CPSF6|WDR3|KYAT3|NT5M|ANO6|PSMA3|GTF2H5|OARD1|C9orf78|CSE1L|MRPS9|MRPL45
GSE10240_CTRL_VS_IL22_STIM_PRIMARY_BRONCHIAL_EPITHELIAL_CELLS_DN	0.49820788530466	0.930247535842294	0.258449170743054	0.984919943800156	1667	192	NXT2|SLC9B2|EFCAB7|ZNF14|UBE4A|ZBTB33|CLDND1|GNB4|ANLN|G2E3|ENTPD7|NAAA|MRPS24|PTGES3|CIBAR1|NCBP2|LRIG2|PPIP5K1|RPL39|PPP2R5E|VAV1|RAP2A|RTRAF|CPSF3|TNKS2|TTC14|CD96|SLC22A15|ABHD1|EHD3|DAZAP2|ROCK1|EMC2|CDK2AP1|SP1|ZNF800|DNAJB11|C10orf88|ADAM10|MEGF9|WWP2|ARRDC4|PSMA2|CHUK|QKI|RACGAP1|FANCF|ANAPC10|SLC30A9|SIK2|MARS2|TRAK2|ELOF1|RIOK3|RAB35|MDM1|TAF12|PIR|ERCC6L|RIOX1
HU_GENOTOXIN_ACTION_DIRECT_VS_INDIRECT_4HR	0.498160798738833	0.930247535842294	-0.355713904354651	-0.970749792529461	2843	33	GZMM|PPIE|LRCH4|ICAM2|IFT46|ATP6V0A2|CLK2|UBC|SDHAF1
GRUETZMANN_PANCREATIC_CANCER_DN	0.498642533936652	0.930256551401067	-0.279079120836398	-0.982142363605951	3305	174	MAPK8IP2|PBX3|SEL1L|APLP1|SMPD1|ARSA|C5|FLT3LG|LMF2|HYOU1|GTF3C1|AEBP1|RARRES2|CYBA|RPS9|KCNJ15|SEC61B|DMPK|LSS|ROM1|ISG15|BCAT2|DDT|RPS10|KANK1|SGK1|PPOX|GRB7|RNASE1|FKBP2|LAMP1|AP1B1|SLC20A2|IL6ST|SSR4|CRAT|PCK2|PDIA5
HALLMARK_COMPLEMENT	0.498676081200353	0.930256551401067	0.261695743262743	0.981958232915245	1694	172	APOBEC3F|CD36|MMP14|CCL5|LGALS3|SRC|ZFPM2|LAMP2|GNAI3|GNB4|CTSS|TFPI2|PDGFB|ME1|PIK3CA|USP14|ERAP2|C2|PRSS36|FCER1G|DOCK10|F5|HNF4A|PLA2G4A|C1S|HPCAL4|CR2|USP8|JAK2|CSRP1|CASP3|SCG3|PIK3CG|ANXA5|PFN1|CA2|WAS
HOLLEMAN_ASPARAGINASE_RESISTANCE_ALL_DN	0.498614318706698	0.930256551401067	0.362918516097333	0.96994489468058	2158	25	CCNG2|RCHY1|MAPK1IP1L|MRPL15|RESF1|CMC4
WP_DEVELOPMENT_AND_HETEROGENEITY_OF_THE_ILC_FAMILY	0.498414136837336	0.930256551401067	0.37521354908796	0.964387392661447	2199	21	TSLP|GFI1|ZBTB16|TOX
YAO_TEMPORAL_RESPONSE_TO_PROGESTERONE_CLUSTER_6	0.498642310540607	0.930256551401067	0.297645523943256	0.96616689765238	2019	63	PRNP|ITGB4|IFIH1|CRYL1|FAM107B|MAP3K1|ME1|IFIT3|TMEM106C|DRAM2|CA3|EFNB2|PERP|ADRA2C
GSE8515_IL1_VS_IL6_4H_STIM_MAC_DN	0.498842771177288	0.93039459997726	-0.284572547991555	-0.982800911704539	3232	148	NHLH1|SCN5A|ACADS|MAGEA8|LCAT|CLCN2|ING4|ARHGEF17|ULK4|BRD3|ARHGAP26|PGS1|TTLL1|GALR3|SH2B2|MAP3K12|KHDC1L|IKBKG|TONSL|USP19|ZNF263|CCDC9|ENGASE|PIDD1|ZNF205|SIRT4|NFE2|CDKN1C|DDX51|GCAT|TRIM27|LTB4R|SNAPC2|NLE1|VGLL4|IGHMBP2|PACSIN2|SLC12A2|TUT1|NPC1|SAFB2|EGLN2|SSNA1|KLHL20|PRDM10|GGA2
LI_CISPLATIN_RESISTANCE_UP	0.499104263704765	0.930709381212787	-0.394716109287592	-0.96875820211934	2785	20	IGF1R|TWIST1|ANO3
GSE45365_WT_VS_IFNAR_KO_CD11B_DC_MCMV_INFECTION_DN	0.499614376060466	0.931314597380679	-0.284511806497542	-0.980570643616343	3238	145	PAK1|PLCB4|MIR9-1HG|GNRH1|CYP19A1|TSSK3|HELB|MIR503HG|ATP13A3-DT|ZNF462|PLD5|TRIOBP|CYP2F1|TRPM1|SLC16A3|KHDC1|PRTN3|CDCA3|DHCR7|H2BC12|REXO5|SAMD9L|TK2|IL17RC|TK1|ENPP3
REACTOME_NEGATIVE_REGULATION_OF_NMDA_RECEPTOR_MEDIATED_NEURONAL_TRANSMISSION	0.499547511312217	0.931314597380679	0.380680866897549	0.965355499029637	2207	20	DLG2|CAMK2B
GSE11864_CSF1_VS_CSF1_IFNG_PAM3CYS_IN_MAC_DN	0.5	0.931687395581957	-0.278956729533221	-0.981711641008622	3314	174	TBC1D1|MIR9-1HG|VWA7|TYMP|HLX|TEX14|ZCWPW1|MRPL14|COX17|ZC3H12C|MAP1LC3A|PTGIR|FEZ1|SERPINE1|MFSD12|FBXL19|AXIN2|UQCC4|GMPPA|TRIM26|TJAP1|CSRP2|WDR4|SUGP2|PSMB5|ICAM2|BIN3|SLC2A3
WP_TYPE_I_COLLAGEN_SYNTHESIS_IN_THE_CONTEXT_OF_OSTEOGENESIS_IMPERFECTA	0.5	0.931687395581957	-0.368832241303596	-0.965952720570752	2832	27	COL1A1|PLOD1|SERPINH1|P3H1|CREB3L1|BMP1|P4HA2|COL1A2|SERPINF1|P4HB|MBTPS1|LRP5|COLGALT1
GSE16385_MONOCYTE_VS_12H_ROSIGLITAZONE_TREATED_MACROPHAGE_UP	0.50014684287812	0.931760390537079	0.261782187777278	0.981424828450497	1702	171	DLX4|TSPAN32|TRAPPC6B|EIF3E|RAB3A|STARD9|NAP1L5|BNIP3L|CPD|PPM1B|TFB2M|ZNF493|HPRT1|MFAP3|CWC22|SPEG|ETFA|CNOT6|RTRAF|CFI|IGFBP5|MRPL15|RPS27L|ATP5F1C|ZDHHC20|CARD10|DUSP18|USP53|ZNF292|RAPGEF6|DDX3X|HEATR1|IL17RE|APEX1|IDH3A|CLIP1|GART|LSM3|MIR1915HG|MID1|JAGN1|WEE1|BZW2|SNX29|E2F5|TASOR2|COPB2|IL18|POLR1F|KYAT3|GTF2H5|PGK1|SPARC|SCML2
WP_TRIACYLGLYCERIDE_SYNTHESIS	0.500224820143885	0.931760390537079	0.385161241482718	0.966004282031554	2224	19	GPD1|GNPAT|AGPS|PLPP3|LIPC
DAVIES_MULTIPLE_MYELOMA_VS_MGUS_DN	0.500719683339331	0.932163238382827	-0.38624312575852	-0.963132085785762	2782	22	MARCKS|SLC7A7|MERTK|ARHGAP1
GSE17186_NAIVE_VS_CD21HIGH_TRANSITIONAL_BCELL_UP	0.500606428138266	0.932163238382827	-0.280119672842592	-0.98197322947402	3301	169	CCR7|SLC30A4|RAP1GAP2|CRLF1|CDPF1|CCPG1|FLT3LG|HCST|TRIO|VSIG4|APH1B|FEZ1|LGALS3BP|ACTN2|PNKP|SF3B5|ITGB5|SWSAP1|GMFG|STOX1|CDK2AP2|GNPTG|PRTN3|PARP3|TRMT2A|PDLIM4|MRPS5|IL17RC|KYAT1|ZNF786|BCL6B|PPP1R37|ZBTB11-AS1|RHBDD1|ADAT1|ZSWIM1
NIKOLSKY_BREAST_CANCER_19Q13.1_AMPLICON	0.500678733031674	0.932163238382827	0.380551259229325	0.965026831407708	2212	20	ZNF570|ZNF527|ZNF383|ZNF790|ZNF540
HALLMARK_IL2_STAT5_SIGNALING	0.500824711351027	0.932185880315522	-0.278106587278473	-0.981576251641702	3339	177	NFKBIZ|IGF1R|ADAM19|APLP1|P2RX4|FLT3LG|ECM1|SYNGR2|TNFRSF21|ITIH5|TNFRSF8|CD48|CSF2|COL6A1|AGER|PUS1|SLC29A2|NOP2|NFIL3|MUC1|IFITM3|RNH1|IGF2R|SLC1A5|DHRS3|ENO3|SLC2A3|RHOB|CDCP1|PLEC|TNFRSF1B|MAPKAPK2|ITGAV|IFNGR1|CAPG|CD81|BCL2L1|CDKN1C|ITGAE|DCPS|CTSZ|SPRY4|PTRH2|HIPK2|PRAF2|GATA1
GSE14415_NATURAL_TREG_VS_TCONV_DN	0.501321585903084	0.932299491527515	0.261718887546538	0.981187515061752	1706	171	TTK|SGO2|MX2|TOP2A|PBK|KIF11|CCNA2|KNL1|ARHGAP11A|CKAP2|SMC2|GINS1|NCAPG|NDC80|NEIL3|MAPK1|MAD2L1|ABR|HNF4A|FIBCD1|CKAP2L|CDK1|RRM2|BUB1|KIF15|RRM1|MIS18BP1|ATP2A2|STMN1|ANP32B|KIF14|CDKN3|PRR11|BRIP1|LIX1L|OSBPL3|ESCO2|IQGAP3|LMNB1|BLM|CENPE|LRR1|CENPS|CDC25C|CCNB2|BUB1B|RNASEH2B|VIM|CORO2A|NCKIPSD|XRRA1|GNAI2|KDM4A|DLGAP5|WDHD1|KIF23|NCAPH|NCAPD2|HMGB2|ASPM|BRCA1|HNRNPA3|CALU|ACTB
GSE25088_IL4_VS_IL4_AND_ROSIGLITAZONE_STIM_STAT6_KO_MACROPHAGE_DAY10_DN	0.501350135013501	0.932299491527515	0.261124815484671	0.982138915821818	1670	177	IFIH1|SRC|C5orf15|DTX3L|FNDC3B|EAF1|RCHY1|RIMOC1|TAB2|STT3A|PSMA1|PROCR|ARF4|ZNF274|WTAP|IFIT3|VAV1|SCARF1|IFIT1|FLCN|INSIG1|CKAP2L|CIR1|IL10RA|ARL5B|EIF1B|PRELID3B|DNAJB11|WSB1|OSTC|ZC3H11A|MAML2|P4HA1|SCN1B|PLSCR1|GARS1|RAB1A|TOMM40L|HSP90AA1|DDX21|TRAM1|BHLHE40|TFRC|IL1R1|PNRC1|PNPLA8|ANXA7|UBR1|EIF2AK2|HSPA5|TBC1D7|CPEB4|MAP2K1|OGFRP1|CCDC93|GTF3C6|ACOT9|MFAP1|ZEB2|CHST7|ATP6V1G1|ELF1|SEC22B|ADAM17
GSE45365_WT_VS_IFNAR_KO_CD8A_DC_DN	0.501272264631043	0.932299491527515	-0.276895796063018	-0.981064102871604	3348	183	PCNX1|APOA1|HAPLN2|IRF7|ITPKC|APOL1|TAP1|IFITM1|ARID5A|EREG|HERC6|PTGIR|DKKL1|LUC7L|LGALS3BP|LSR|APOL6|MFSD12|STX4|ECE1|SNRPB|GBP2|TRADD|DDX39A|SLC7A11|PHF11|SIX5|SPHK1|SDC4|TNFRSF1B|IL15RA|TNIP1|BID|POMP|PARP12|SRGAP2|LPCAT1|PSEN1|NINJ1|KLHL23|NECTIN2|TNFAIP2|LANCL2|JOSD1|RNF19A|UBE2Z|NBR2
IIZUKA_LIVER_CANCER_PROGRESSION_L0_L1_DN	0.501265365148229	0.932299491527515	-0.40905385412007	-0.964706480338678	2772	17	CYBA|TSPO|CST3|SSR4|KARS1|COX4I1
TURASHVILI_BREAST_LOBULAR_CARCINOMA_VS_DUCTAL_NORMAL_UP	0.501209482341558	0.932299491527515	0.313333377312953	0.967566263509015	2071	48	FBN1|CD69|GNA13|UBTD2|NAA15|SFRP2|PLXNC1|RAP2C|WIPF1|SSR1|UXS1|ZNF117|FBXO28
GSE19888_ADENOSINE_A3R_ACT_VS_TCELL_MEMBRANES_ACT_IN_MAST_CELL_DN	0.501465416178195	0.932341146063478	0.261757939536731	0.980167492384136	1710	170	CFAP221|IL12RB2|PDK1|SLC22A4|RFFL|CCL4|MBLAC2|S1PR2|ZNF620|BNIP3L|SMAD4|SCAF8|RIF1|RMND5A|ZNF12|ZNF37BP|RPL39|CAMTA2|RNF115|COIL|NUP160|FEM1B|UFL1|GTF2A1|METTL21A|PCDHGB5|RAB36|APPBP2|UFM1|KDM4C|RBL1|ALG10B|ZNF292|AHCTF1|WDR11|ZNF800|IFT70A|TIGD1|MRPS30|UBQLN1|WIPF2|ZMYM2|API5|RAB14|INTS6|DENND4A
GSE27786_NKCELL_VS_NKTCELL_UP	0.501649175412294	0.932510078294186	0.258895186817084	0.983698137480904	1672	189	ST8SIA4|DHX58|RNF217|SUMF1|MBNL2|CAPZA1|SOCS6|VPS26A|GNB4|NUDT13|ANLN|EEF1AKMT1|RWDD2A|ZBTB18|FNDC3B|DUSP22|DCTN4|STT3A|ADIPOR1|PRIMPOL|YTHDF3|YWHAG|DENND6A|TRIB1|MS4A2|F5|EML6|SPP1|RPS6KA2|TMEM176B|TNS4|RAP1B|AGL|YWHAZ|IRAK4|TMEM38B|SNX13|MAP4K3|USP45|TGFBR1|REL|CMPK1|CASP3|SMC6|CHD9|ACLY|FAR1|ARL13B|CA2|GOLGA7|BNIP2|PTPRC|VAMP3|ANAPC10|HSD17B12|ITPRIPL2|GINM1
FRANCO_BLOOD_SANOFI_PASTEUR_SA_INACTIVATED_INFLUENZA_VACCINE_CORRELATED_WITH_ANTIBODY_RESPONSE_AGE_18_40YO_14DY_POSITIVE	0.501799208348327	0.932616266135994	-0.386011116376515	-0.96255354945693	2788	22	PNKD|CD19|HERC2|SWSAP1|CCDC24|PRKAB2|DHCR7
DORN_ADENOVIRUS_INFECTION_12HR_DN	0.50201436328604	0.932843424410453	-0.355138268283056	-0.969178871094474	2865	33	ANPEP|H2AC8|IER3|CCND1|EFNA1|H4C2|EWSR1|SGK1
REACTOME_SIGNALING_BY_FLT3_FUSION_PROTEINS	0.502248201438849	0.93310520933614	0.384620161036067	0.964647224331832	2233	19	PIK3CA|NRAS|TRIP11|ZMYM2|ETV6|GOLGB1|SOS1|PIM1
GSE1740_UNSTIM_VS_IFNA_STIMULATED_MCSF_DERIVED_MACROPHAGE_DN	0.502600183542368	0.933337661363543	-0.281293014688164	-0.980006883195276	3285	159	PLEKHN1|RAB4B|IRF7|LINC00205|BDNF-AS|APOL1|PSMB9|TAP1|KCNK5|EREG|BTN3A1|CSF2|MFSD2A|RGS17|LGALS3BP|APOL6|TMEM207|IL1B|IQCH|MYDGF|STING1|MDGA1|SLC2A3|DYNC1H1|F2R|SLC39A11|RNF149|SAMD9L|MYCL|POMP|MTHFD2L|DUSP5|TNFRSF10A|MR1|CDC42EP3|TMEM39A|IRF1|RBCK1
GSE21360_PRIMARY_VS_TERTIARY_MEMORY_CD8_TCELL_DN	0.502544148458545	0.933337661363543	-0.276078587564765	-0.978845265493043	3357	186	TSC22D3|IL15|TYMP|IRF7|SMPD1|CIITA|ITGA4|N4BP2L1|FZD7|APOL1|PSMB9|TAP1|P2RX4|IFITM1|ARID5A|ADGRE5|KRT12|IFI35|RRBP1|ICAM1|ACVR1B|TNFRSF1A|UBB|IL1B|CDKL5|GBP2|TRIM26|TAP2|SP110|GPR107|JUNB|SDC4|IL15RA|RCN1|SASH1|ICAM4|DUSP5|SOCS3|MR1|CTSZ|NECTIN2|TNFAIP2|SPTBN1|IRF1|EPB41L2|CDKN1A|JUN|AK4|RBCK1|CSRNP2
LEIN_LOCALIZED_TO_DISTAL_AND_PROXIMAL_DENDRITES	0.502745241581259	0.933337661363543	-0.423456416482686	-0.967039955520142	2746	15	EPB41L1|KIF5A|BOK|PPP1R9B|DLG4
PID_ALPHA_SYNUCLEIN_PATHWAY	0.502661420967369	0.933337661363543	0.350667003652843	0.966242386698202	2171	28	SRC|PRKN|PLD1|YES1|MAPK1|GRK5
BURTON_ADIPOGENESIS_7	0.50426039536469	0.933388502428684	-0.32992680187127	-0.967228900892549	2958	48	PBX3|APBB2|PLXNB2|SLC29A1|SLC6A8|CCND1|TIMP1|TINAGL1|IFITM3|DLK1|CTTN|H2AZ2|IL6ST
GAJATE_RESPONSE_TO_TRABECTEDIN_DN	0.503582945180939	0.933388502428684	-0.392978499441416	-0.964493557857408	2810	20	CENPX|H4C11|H4C3|ABCB6
GSE11924_TH1_VS_TH2_CD4_TCELL_UP	0.504113687359761	0.933388502428684	-0.277108530697609	-0.980932879310733	3369	181	LAT|COX6B2|KLC3|PAQR6|FCSK|FAAP100|IQCG|PPM1J|DDX41|C1orf159|PNMT|RGS3|DGKD|JAKMIP3|CDH15|MSI1|ACSL6|SLC27A1|GREB1|C19orf38|USF3|AKR1B1|NAPRT|WDR27|ICAM2|QTRT1|CPA5|MRPS21|MADD|HSPBP1|MEF2D|THOP1|PDCD7|TENT4A|CASC3|STARD10
GSE12507_PDC_CELL_LINE_VS_IMMATUE_T_CELL_LINE_DN	0.503724837533682	0.933388502428684	-0.293641362513824	-0.974619084288455	3177	107	RAB27B|TRIM29|ANKRD33|HEPACAM2|PPFIBP2|RTKN|ADAMTS14|EPS8|ATP2B3|NKPD1|PIGR|MACROH2A2|SPATA9|LTBP3|TMCC2|KCNJ11|MED24
GSE17721_LPS_VS_GARDIQUIMOD_24H_BMDC_UP	0.503338391502276	0.933388502428684	-0.280055886821889	-0.981953435063275	3316	170	CDC26|CIITA|HEPACAM2|SLC12A9|IL4I1|ITPA|HOOK2|HYOU1|UBL7|MEF2B|COX6B1|GRIA3|MIF|TIMP1|TNK1|BRD4|ECE1|TRPM1|MX1|AKR1B1|GBP2|ADPRM|THAP7|FANCA|USP19|PPP6R2|RALBP1|DGKA|SGK1|CDC42EP4|EPHX1|PARP3|CCDC9|UBE2J2|PTCD1|USB1|ATP5F1D|AP1M1|CIPC|CPT1A|PKD1|GFER|TMEM39A|C1orf174|FNTB|DENND4B|TOX4|ERGIC3|PFKP|DDX54|LRRC8A|PSMB3|MTMR14|GPR89B|RNF34|CYTH2
GSE19888_ADENOSINE_A3R_INH_VS_INH_PRETREAT_AND_ACT_WITH_TCELL_MEMBRANES_MAST_CELL_DN	0.503984997655884	0.933388502428684	-0.287516111753329	-0.978437585649111	3224	130	SAMD11|PROB1|POLR2F|LHFPL5|SPEN-AS1|KCNC3|CASKIN1|TRIO|SUN2|ICAM5|SGIP1|GNRHR|FGF12|TMEM163|SLC19A1|GAREM2|PCDH10|SLC15A2|DZANK1|PRDM16|PHKG1|DACH1|HMGXB3
GSE22601_DOUBLE_POSITIVE_VS_CD4_SINGLE_POSITIVE_THYMOCYTE_UP	0.504078805602586	0.933388502428684	-0.281623520104859	-0.977778567486667	3274	156	TGFB1I1|SUZ12P1|TMEM81|SLC8A2|RPL28|SHISA7|ODAD4|TSPAN5|RHBDF1|RTTN|STK11IP|TERC|TGFB3|TXNDC16|SERPINE1|RECQL4|PRSS30P|SEMA6A|VPS18|SLC43A1|ZNF329|SORBS3|THBD|RIN1|SLX4|TRMT2A|RNF145|TUBA1B|ZER1|SMARCA4
GSE29618_BCELL_VS_MDC_DN	0.503915662650602	0.933388502428684	0.259275283270308	0.982307042251134	1672	186	DPYSL2|KCTD12|ATP6AP2|CLIC2|CORO1A|CAPZA2|BATF3|IL18R1|GNAQ|AP1S2|PRKAR1A|RTN4|TOB1|ATP1B1|PICALM|TRIB1|IL6R|TGFBI|OTULINL|NREP|SHTN1|CALM2|SLC30A1|C1orf54|CAP1|LCP1|RBPJ|CDK2AP1|RFK|SSR1|SEMA4A|S100A10|SEPTIN2|ANXA5|GBE1|PFN1|TPP1|CD93|PLBD1|IL13RA1|MRTFA|MYL12A|RAB31|TIPARP|BHLHE40|CCT6A|GRSF1|S100A4|CAT|NDFIP1|RNF130|VIM|DST|IL18|CCDC88A|ASAP1|ATG3|DAB2|CANX|FKBP1A|GNAI2|MAP2K1|MACROH2A1|STOM|UQCRFS1|RAB7A|GSTO1|ACTB|NAGA|IMPA2|PPIF|CPPED1
GSE36078_WT_VS_IL1R_KO_LUNG_DC_UP	0.503770971217485	0.933388502428684	-0.281632046088025	-0.97780816914637	3272	156	FES|PBX3|PAK6|HEPACAM2|TMEM175|SYNE3|SLC12A4|UBL5|TEF|IFIT2|HERC6|NCCRP1|TMTC2|PTGIR|TNFRSF1A|AURKB|C19orf67|B3GNT9|NKPD1|CDKL4|CNTROB|CHD3|TRIM26|KCNK6|CTSD|TSFM|FKBP8|TREML2|TRPC4AP|TSKU|ZNF784|SPATA2L|IL15RA|C12orf75|GRIN2D|IFNGR1|NUDT7
GSE5542_UNTREATED_VS_IFNG_TREATED_EPITHELIAL_CELLS_6H_DN	0.502865761689291	0.933388502428684	0.259466131116397	0.982092567192704	1666	185	AIM2|MYO1F|AGO4|CCL5|SNX33|TM9SF1|B3GALT4|TBC1D2B|EIF4E3|XPR1|SGPL1|NHLRC2|PLEKHA5|RDX|SNX24|NFAT5|EPS15|PLXND1|OSTF1|NCALD|APOBEC3D|TOX|EHD3|NCKAP1|DUSP10|LCP1|B4GALT5|BMPR1A|DLG1|CHD9|KLRG1|CLTC|ACBD5|PIK3CG|ANXA5|CUL3|PPP1R16B|NF1|TMED8|PPP2R5C|ECPAS|FYCO1|YWHAH|GABARAPL1|CDC73|RMDN2|YAF2|DLG5|PTPN9|SMAD5|TMX4|DENND1B
GSE9509_LPS_VS_LPS_AND_IL10_STIM_IL10_KO_MACROPHAGE_30MIN_DN	0.503150315031503	0.933388502428684	0.26098525645577	0.98161400840127	1676	177	NIPSNAP3B|ZNF101|DEPP1|CCNG2|FOXO1|CFAP92|SESTD1|CCNE2|PKD2|EIF2AK3|RIMS3|ANLN|ZNF681|MT1X|FANCB|STAG3|CEP135|ARHGAP27|ECT2|TAPT1|SIAH2|RANBP9|MYOM2|GFI1|TAC1|PAX5|CMTM7|SLC35D1|DOK3|PDS5B|CENPU|CKAP2L|KDM4C|KCTD6|CD24|SMIM3|KDM6A|CCNT2|STMN1|DCP2
KEGG_ANTIGEN_PROCESSING_AND_PRESENTATION	0.504224400135181	0.933388502428684	-0.324682355757157	-0.968584722559122	2983	53	HSPA6|IFI30|CIITA|TAP1|HLA-DOB|CALR|TAP2|CTSL|TAPBP|HSPA1A|RFXANK|HSPA1B
ONO_AML1_TARGETS_UP	0.503066378066378	0.933388502428684	-0.404528633190416	-0.966990723669444	2788	18	PAK1|PDCD1|FOS|DLK1
PHONG_TNF_TARGETS_UP	0.503213049925853	0.933388502428684	0.30099088650197	0.965996393268506	2035	60	CXCL8|CD83|CD44|KLF10|EGR1|NUAK2|NKX3-1|PTX3|EGR2|DUSP10|REL|KDM6A|BIRC2|BHLHE40|BTG1|ATF3|BTG3|MCL1|ZFP36|PLAU
REACTOME_REGULATION_OF_RAS_BY_GAPS	0.503496503496504	0.933388502428684	0.297148414108962	0.96729845539356	2015	65	SPRED3|PSMC6|PSMC1|SYNGAP1|PSMD5|PSMA1|PSMA4|PSMD6|NRAS|PSMD10|PSMA2|PSMA6|CUL3|NF1|PSMC2|PSME4|SPRED1|PSMD14|PSMD11|PSMC5
WP_IL5_SIGNALING	0.504138094112083	0.933388502428684	0.324750179062047	0.964631283961505	2131	39	MAPK1|JAK2|BCL2|ELK1|PIK3CG|MYC|SPRED1|BTK|RPS6|STAT1|SOS1|MAP2K1|RPS6KB1|PTPN11|SHC1|PIK3R2
GSE13484_UNSTIM_VS_YF17D_VACCINE_STIM_PBMC_DN	0.504656052868729	0.933948646514806	0.260676340008626	0.982648147545619	1679	180	SAMD9|AIM2|BATF|ADTRP|STAP1|IFIH1|ZNF107|MX2|IL12RB2|BMAL2|DHX58|SRC|CCL4|CD164|ARID5B|NBN|MOB3B|MT1X|PARP11|PSMA4|TNFAIP8|APOL2|IFIT3|SCARF1|TMEM140|RSAD2|SLAMF7|IFIT1|SPP1
GSE40666_STAT1_KO_VS_STAT4_KO_CD8_TCELL_UP	0.504872107186358	0.934004093611622	0.257036221198173	0.981918318349363	1657	198	SPMIP4|PELI2|AGO4|ZNF658|BBS12|GOLPH3|MBLAC2|DNAJC28|ZNF283|HMGN5|DCBLD1|TP53INP1|DERA|L3MBTL3|PRIM1|CUL4B|MMADHC|SMC2|PRIMPOL|CCP110|BBS1|DENND6A|SEC22A|GTF2H2|KLHDC2|SPDL1|SFXN4|SLC25A14|PELI1|UTP3|SMG8|NGDN|CARD6|RFX7|VIPAS39|ADCK1|COQ3|WSB1|RFC1|GSTCD|GABPA|CEP152|TOR1AIP1|CTDSPL2|FRYL|MAPK14|MTMR2|ANAPC10|CETN2|TYSND1|ACTR8|EXTL2|TMCO3|ZYG11B|TFDP2|ZNF2|TRIM33|INPP4A
MORI_MATURE_B_LYMPHOCYTE_UP	0.504854368932039	0.934004093611622	0.288486660694655	0.970746374335812	1923	81	CD83|PTPN6|SGPP1|IL10RB|POU6F1|RMI1|CMTM6|CTSS|FAM76B|MEF2C|BGLAP|LAT2|CR2|JAK2|IL10RA|PHTF2|LCP1
INGA_TP53_TARGETS	0.505092761004002	0.934240120685124	-0.416286128240698	-0.965998982095602	2776	16	SFN|IER3|FOS|BBC3|CDKN1A|TNFRSF10B
REACTOME_PEROXISOMAL_LIPID_METABOLISM	0.505311778290993	0.934473034356114	0.361304795684499	0.965632026071116	2187	25	MLYCD|ACOX3|PECR|SCP2|ACBD4|ACBD5
GAZDA_DIAMOND_BLACKFAN_ANEMIA_MYELOID_UP	0.505669983800046	0.934881718361204	0.350168367595538	0.964868424252104	2184	28	HBEGF|ZNF451|CAPN7|ZMAT3|SEC24A|CA2|SRSF1|ARFGEF1|FOSL2|EFCAB14|RAB20|MAP4K5
GSE3565_CTRL_VS_LPS_INJECTED_DUSP1_KO_SPLENOCYTES_UP	0.505812174977057	0.934881718361204	-0.280910179523164	-0.97867310995087	3306	159	GZMM|CYFIP2|LATS2|BSPRY|S1PR5|ITGA4|ATXN1|L1CAM|ADGRE5|HCST|NBEAL2|ETFB|ITGAX|SRCIN1|CRYBG1|TMEM163|DKKL1|EMP3|COBLL1|SEMA4F|EHBP1L1|CTSD|PRF1|SLC2A3|CERS4|ITGB1|TNFRSF1B|GNS|IL18RAP|ERN1|IL15RA|NFKBIB|ID2|BORCS7|TMEM65|FRRS1|STARD10|MINK1|BCL2L1|CIPC|S100A6|RNF216|HIP1|PCGF2|RDM1|MYLIP|AP1G2
MA_RAT_AGING_UP	0.505723037240045	0.934881718361204	-0.29976352712711	-0.971684012332377	3136	90	TYROBP|ENC1|MT2A|CXCL1|RPS20|IFITM1|NAPSA|IER3|IFI27L2|SERPINE1|TIMP1|IL1B|TSPO|H2BC5|SDC4|RPLP1|UCP2|G0S2|CAPG|RPS12|UPP1|LTBP1|CTSH|RPL8
TOMIDA_METASTASIS_UP	0.505994358251058	0.935014191849171	-0.373494219608293	-0.962021401135324	2869	25	CXCL1|IER3|ALG3|PSMD2|SLC16A9|ECH1|TUBA3C
XU_HGF_TARGETS_INDUCED_BY_AKT1_48HR_DN	0.506070143884892	0.935014191849171	0.383353764206444	0.961471035690791	2250	19	ZNF268|NFYB|KIF14|SMC4|GOLGA8A|KIF23|SPC25|CENPA|CCNL1|TXN
GSE15930_STIM_VS_STIM_AND_IFNAB_72H_CD8_T_CELL_DN	0.506446776611694	0.935537862279755	0.258617588515672	0.982643374990243	1688	189	DNAJB2|TTK|MFSD14A|ATP6AP2|CAPZA2|LRBA|AFF4|PTPN2|MYCBP|SMAD2|ROCK2|NAB1|ZNF274|LRPPRC|DCAF13|GRPEL2|INTS8|TBPL1|IRF2BP1|MSH3|COPS3|SERPINE2|VAPA|SLC30A1|SERTAD1|ROCK1|CSRP1|UTP3|EMC2|PRMT3|RFK|SCAMP1|PRPF39|SEPTIN7|WWP2|VMP1|RBBP4|CWC15|MRPL38|SLU7|PMPCB|MIX23|C6orf62|OGFOD2|PRXL2A|MPHOSPH10|MBD4|ASAH1|ATP6V1B2|AKIRIN2|CISD1|IL1R1|SRPK1|E2F5|THUMPD1|FIP1L1|TXLNG|HSPA5|RMND1|SLC25A4|PIP4K2A|WNT10B|LACTB2|TCEA1|WDHD1|KTN1|MRPL45|PDCD2
BRUECKNER_TARGETS_OF_MIRLET7A3_DN	0.506668889629877	0.935775954757075	-0.31492196064266	-0.972222518095453	3038	65	RAB34|MT2A|CXCL1|PPARG|GPC1|LGALS3BP|PCED1B|AKR1B1|MORC4|ATOX1|CTSL|FLNB|RNF149|MFGE8|NNMT
REACTOME_PEPTIDE_HORMONE_METABOLISM	0.506805578894304	0.93585621798032	-0.316085346950253	-0.968736261704846	3015	63	ANPEP|STX1A|ACE|REN|GNB3|ERO1B|INHBE|KIF5A|CTSD
GSE37532_VISCERAL_ADIPOSE_TISSUE_VS_LN_DERIVED_TCONV_CD4_TCELL_UP	0.506915406883242	0.935886859351478	-0.299318228483961	-0.971729493022763	3151	91	PBX4|MAEL|AQP1|TRIM29|SYCE2|ICAM5|KIRREL1|ZIC1|SLC43A1|SUGP2|TAP2|DGAT1|TRAP1
GSE34156_UNTREATED_VS_24H_NOD2_LIGAND_TREATED_MONOCYTE_DN	0.50711743772242	0.935952842614629	0.260721776338603	0.97927757844684	1709	174	PTPN6|KCTD12|WDFY3|SESTD1|LGALS3|SRC|TMEM51|PDCD10|VPS26A|GNB4|CAPZA2|BATF3|NCOA4|ZNF100|SEH1L|DMXL2|MFSD1|RP2|EMILIN2|TGFBI|TPRXL|GPR157|DOK3|ZBED5|TMF1|FCGR2C|MAP4K3|CREG1|CLIC4|MOB1B|SMIM3|CYBB|ANXA5|VDR|MGST1|TPP1|RBM47|GLUL|PTAFR|IL13RA1|PANX1|ASAH1|RAB31|ATP6V1B2|CORO1C
RICKMAN_TUMOR_DIFFERENTIATED_MODERATELY_VS_POORLY_DN	0.507137628111274	0.935952842614629	-0.421871623612585	-0.963420791972353	2770	15	H4C3|JRK|TGIF2|SRRT|MCM3|CCT3|LUC7L3
WP_PYRIMIDINE_METABOLISM	0.507255723960013	0.935998705351215	-0.301903033324609	-0.97051813629814	3145	84	POLR2L|ENTPD3|TYMP|DTYMK|NME3|ENTPD1|POLE|POLR2E|POLD1|CAD|POLR1C|POLR3K|POLR1H|NT5C|TK2|POLR2A|DCTPP1|TK1|ENPP3|POLR2J|POLA2|POLR3GL|UPP1|POLR1A|UCK1|POLR2I|POLR2J3|POLE3|DHODH|CTPS2|UCKL1|POLR2G
WANG_IMMORTALIZED_BY_HOXA9_AND_MEIS1_UP	0.507425742574258	0.936044688925508	0.368700786316646	0.961105325870575	2254	22	MS4A3|CCNB1|BMI1|ABCA13|RHOJ|CTNND1|MYB
WHITFIELD_CELL_CYCLE_G2_M	0.507467144563919	0.936044688925508	0.257726843062351	0.982167236423933	1698	192	TTK|SGO2|GLI1|DEPDC1B|CKS2|ANLN|G2E3|PBK|KIF20B|TAB2|CCNA2|CCNB1|CKAP2|NUP35|GAS2L3|ECT2|INPP5K|NUSAP1|CDC27|RCBTB2|FRZB|TXNDC9|PCF11|SPDL1|CTNND1|KIF5B|TSN|ZNF521|BUB1|TSG101|WSB1|MIS18BP1|BIRC2|ANP32B|TNPO1|KIF14|NEK2|PTGER3|PRR11|NDE1|YWHAH|CKAP5|SHCBP1|CENPE|AKIRIN2|USP16|E2F5|PTPN9|NCOA5|KNSTRN|CCNB2|MZT1|BUB1B|GPSM2|GOT1|SFPQ|CCDC88A|DEPDC1
GSE20198_IL12_IL18_VS_IFNA_TREATED_ACT_CD4_TCELL_UP	0.507879333633499	0.936632877275961	-0.275546465373541	-0.978848929598796	3383	190	SEL1L|SLC39A3|TIMM8B|HELB|IL4I1|NUDT18|TEX19|ZNF692|SCAF1|SERF2|PDE6D|ECI1|KLF7|UCHL1|SLC52A3|PRKCSH|DOCK6|FLYWCH1|STX4|KCNAB2|EXOSC5|CPSF1|BIN1|RAMP1|FRA10AC1|NTHL1|RCBTB1|ARFIP1|SMCO4|COX16|VPS39|METTL26|ZMYND11|XPO6|ARHGAP22|GIT2|TTI1|AP1B1|RPUSD3|ATP6V0A1|IFT46|RPL3|C9orf85|PCK2|TPRA1|PRR14|DNLZ|TMA7|DNAJC19|C1orf174|PLBD2|POLR2I|SLC25A28|ZSWIM7|TACC1|GPR89B|FBXO25|IKBIP|DNAJC10|SF3B2|TBC1D13|SPI1|GATB|TRIM68|SPICE1|DYNLT2B|TCOF1
BERTUCCI_MEDULLARY_VS_DUCTAL_BREAST_CANCER_DN	0.508310249307479	0.936727172500689	-0.281894014975318	-0.977510916918649	3302	154	TGFB1I1|TPM2|TAGLN|CARMN|AQP1|H2AC8|TIMP3|GTF2I|TMEM134|CARD19|ACTA2|SH3PXD2A|SLX4IP|PLSCR3|SMTN|LGALSL|GPC1|SNX21|HSPG2|FHL1|MAPK7|CEP41
GSE10240_IL22_VS_IL22_AND_IL17_STIM_PRIMARY_BRONCHIAL_EPITHELIAL_CELLS_UP	0.508307139649753	0.936727172500689	-0.276102724218427	-0.978254185462999	3395	183	RINL|SPIB|RAB4B|ENC1|FAAP20|RNF5|ECM1|NDUFA3|GPR68|APBA3|RGS3|PDCD11|ERO1B|SMIM11|TRPM1|MBOAT1|BCL6|NAPRT|TXNRD2|TRADD|AKNA|SLC12A7|ATOX1|TRAF2|DGAT1|GPR107|GPSM3|JUNB|TMEM120A|TRPC4AP|CERS4|B4GALNT1|SLC35D2|SIDT2|COX16|MAF1|DAPK3|TAPBP
GSE24574_BCL6_HIGH_TFH_VS_TFH_CD4_TCELL_UP	0.508192009198045	0.936727172500689	0.26500783816895	0.976371868629759	1767	151	PRR4|PRNP|IFIH1|KCTD12|SLC22A4|MBNL2|NCOA3|TBC1D2B|USP2|AKAP11|NBR1|YWHAQ|HSPA4|RAB11A|KCNS3|GFI1|RSAD2|B3GAT2|CSRP3|S1PR1|RNF144A|IL10RA|WIPI1|EIF4G3|KLRG1|KIDINS220|RIDA|ANXA1|CAV2|CLCN3|SNTB2|TAF9|DCAF4|MID1
GSE29618_BCELL_VS_MONOCYTE_DN	0.508581752484191	0.936727172500689	0.259669063737744	0.98102502479528	1688	183	DPYSL2|MYO1F|CD44|SERINC5|WDFY3|SLC27A3|ATP6AP2|NPL|CAPZA2|CTSS|NCOA4|GNAQ|AP1S2|NIPSNAP2|RTN4|CAPN2|SDCBP|PICALM|TRIB1|HSD17B11|RCBTB2|OTULINL|PTX3|CNBP|BEST1|RHOA|SQOR|RTN3|HBEGF|ACSL1|CREG1|CS|ANXA5|UBE2D1|TPP1|RBM47|ITM2B|CD93|PTAFR|VAMP3|ATP6V1A|ZFAND5|CHP1|RAB31|ATP6V1B2|ZDHHC7|METTL9|CAST|LTA4H|NDFIP1|RNF130|VIM|HSBP1|MPP1|PGK1|FKBP1A|RAB20|MACROH2A1|CD68|STOM|MIR22HG|WARS1|GSTO1|ADGRE2|NAGA|PECAM1|DENND5A|CPPED1
GSE3982_NKCELL_VS_TH1_UP	0.508583690987124	0.936727172500689	-0.280557080016949	-0.976057766021583	3317	158	STS|WNT11|TP53I11|AQP1|MAML3|CUBN|SFN|MUTYH|MYO16|OR2B6|ADGRE5|NXF1|GNRHR|CFD|PILRA|HPS1|PIK3IP1|PEX7|NPAS1|IGHA1|CACNA1A|SLC22A18AS|KIF5A|SLC10A3
LE_EGR2_TARGETS_UP	0.508506616257089	0.936727172500689	0.276903594249828	0.968495990008799	1882	103	CD44|CDC7|PLK4|CKS2|TOP2A|HDAC2|KLF10|KIF11|CCNA2|CCNB1|CIP2A|TNFAIP8|SMC2|ECT2|PDE8A|KPNA2|NUSAP1|MAD2L1|POU3F1|RBL1|LIN9|CDK1|RRM2|RFC5|BUB1|RRM1|TRIM59|BZW2|IQGAP3|LMNB1|CORO1C|PCLAF|HNRNPA2B1|ATF3|CCNB2
WP_GLYCOGEN_SYNTHESIS_AND_DEGRADATION	0.508502598016061	0.936727172500689	0.328299624296075	0.96338570194075	2152	37	PPP2R3A|PPP2R5E|HK2|HKDC1|AGL|CALM2|UGP2|PYGL|GBE1|PPP2CA|PPP2R5C|PPP2R1B|GYG1|PHKA2|PYGB|PPP2R5A
WP_NRF2_PATHWAY	0.508691529709229	0.936753912166802	-0.291575620167697	-0.970922827404999	3218	109	SLC2A4|SLC39A3|SOD3|SLC39A2|SLC2A9|SLC2A12|AGER|SLC6A8|SLC6A13|NRG1|G6PD|SLC2A8|SLC6A16|SLC7A11|SLC2A3|SLC39A4|PPARD|SLC6A9|SLC39A11|SLC5A3|BLVRB|SLC2A11|GSTP1|HSPA1A
GSE23321_CD8_STEM_CELL_MEMORY_VS_EFFECTOR_MEMORY_CD8_TCELL_UP	0.508861519975969	0.936895072912468	0.26035394720571	0.981432852400085	1693	180	SLC18A2|COL21A1|CD40|MX2|CPVL|HERC3|GNG12|H2AC17|RNF13|S1PR2|RWDD2A|PEX3|SMNDC1|ELMO1|PDE8A|ZNF92|PER2|MAPK1|GTF2A1|UGCG|MAGEA4|COL4A5|IFIT5|PLXNC1|SLC35D1|TXNDC9|ALDH9A1|TMF1|IL10RA|CAPN7|IFT70A|PTPN12|SEC24A|BAG2|CHUK|SHB|IPO5|NRF1|SUPT4H1|MTF2|GALNT1|DOC2A|KBTBD2|ADO
SIMBULAN_UV_RESPONSE_NORMAL_DN	0.50896309314587	0.936910238217173	-0.362599262692496	-0.964318074447674	2895	29	MARCKS|ENC1|DUSP7|PLEC|ID1|GRB7|POLR2A|SF3A2|CCNF|VEGFA
FLOTHO_PEDIATRIC_ALL_THERAPY_RESPONSE_UP	0.50964590964591	0.937038745387454	0.308222016830782	0.964730491694415	2086	52	ALX4|CD69|RNF139|RSL24D1|KLF10|SYPL1|TMED2|SLC38A2|RPL6|RPL7|RAB14|VAMP3|RAB1A|RPL5|EIF4B|TMEM87A|TBC1D15|RPS6|RPL22
GSE19825_NAIVE_VS_DAY3_EFF_CD8_TCELL_DN	0.509501720784079	0.937038745387454	-0.274415214579773	-0.978209210069786	3404	196	IFI30|BCL2L12|PYCARD|GTF2H4|SLC38A10|COX14|COX17|CD48|NDUFA11|CHMP6|MDFIC|MYO1G|NDUFAF3|IFITM3|DUS3L|SELENOH|ADPRM|NSDHL|SCAP|UQCRQ|SLC39A4|SYVN1|PGP|RETREG2|AGPAT2|PLEC|SLC37A4|LAMTOR5|DHCR7|PSMG3|FASN|UBE2J2|PIDD1|DDA1|C1orf122|BID|STUB1|AP1S1|MICAL1|SREBF2|S100A6|MRPL21|DCPS|TLCD2|CHCHD1|BRF2|BCKDK|HIP1|PRKRIP1|SURF1|PSMC3|WRAP53|PTDSS2|MRPS12|UHRF1|UQCC2|EIF2B4|FHOD1|FXN|NEK8|NDUFA8|CDC20|MRPS26|NBAS|BUD23|TICRR|AAAS|ACTN4|MCM6|TBC1D13|ORMDL2|SAFB2|INTS3
GSE22432_CDC_VS_COMMON_DC_PROGENITOR_UP	0.509357688276688	0.937038745387454	-0.27596491549363	-0.977914155736514	3401	184	FES|RAB4B|RPS21|CCPG1|CIITA|DERL3|LYST|B3GNT8|ADGRE5|TRPV2|TNK2|SH3PXD2A|RAB33B|DGKD|ITIH5|ARHGAP45|SLC41A2|ITGAX|CIB1|RDH12|NRM|TXNDC16|KCNAB2|PLEKHG2|CSRP2|HERC2|MXD4|POLD1|FANCA|RFC2|KMT5C|GRHPR|FERMT3|SLC35D2|NDST1|MADD|HIP1R|SLC37A4|H2AC25|INPP5D
GSE29618_BCELL_VS_MONOCYTE_DAY7_FLU_VACCINE_DN	0.509470835838846	0.937038745387454	-0.277367289175375	-0.977877490934121	3388	176	GAA|TYROBP|STX11|CD14|CTBP2|EXT1|LILRA2|ZNF467|GASK1B|GRN|CRISPLD2|APOBR|ICAM1|PILRA|HDAC4|SULT1A2|NFIL3|LRPAP1|C5AR1|AMPD2|TBXAS1|TBC1D8|PSAP|CTSD|CST3|IL17RA|SULT1A1|CPQ|NACC2|SGK1|CDC42EP4|TNFRSF1B|GNS|ID2|GSTP1|CAMKK2|LMNA
GSE34156_UNTREATED_VS_6H_TLR1_TLR2_LIGAND_TREATED_MONOCYTE_UP	0.509170835228134	0.937038745387454	-0.278747568927556	-0.978349546611178	3358	171	PRG2|ANPEP|CD14|PLXNB2|IFI30|RAB34|CARD19|CXCL1|GASK1B|P2RX4|HLA-DOB|DOCK4|GRN|AATK|CXCL16|GCA|TMCC3|PPARG|MNDA|PILRA
HAHTOLA_MYCOSIS_FUNGOIDES_CD4_UP	0.509275290625773	0.937038745387454	0.303388598037052	0.966169919014269	2058	58	CXCL8|ZNF185|CCL4|EGR1|PFKFB3|H2BC21|PRKAR1A|CHPT1|TRIB1|HBEGF|WIPI1|ACTR2|ABHD5|GLUL|MAPK14|RIPK2|FUCA1|ATF3
MIKKELSEN_ES_ICP_WITH_H3K27ME3	0.509686346863469	0.937038745387454	0.353494293059726	0.965678512476882	2209	27	POU6F1|FXYD7
GSE13485_PRE_VS_POST_YF17D_VACCINATION_PBMC_UP	0.510166358595194	0.93710778374229	-0.281978940923017	-0.976885049086012	3311	153	PLEKHN1|SLC30A4|ENSG00000187186|CFAP45|ADGRG3|DGAT2|ELAPOR1|CXCL1|DYRK2|MARVELD3|GRM3|DMRTC2|TMCC3|RP1|DBIL5P|TCP11L2|FOS|EFNA1|KCNJ15|EIF3LP3|FRMD6|CYB5D2|TMEM184A
GSE33425_CD161_INT_VS_NEG_CD8_TCELL_DN	0.510032943995208	0.93710778374229	0.257668575176223	0.980012794723568	1702	190	CD83|GPR137B|CD40|RNF11|CCNG1|ITFG1|YIPF1|STXBP3|ARIH1|SYPL1|SLC44A1|FCRLA|OAT|PDE8A|WBP4|HSPA4|EPS15|LMO7|DRAM2|HSD17B11|SPINK4|TMEM176A|CR2|GNG10|RAP1A|ASNSD1|ROCK1|IL10RA|AP1G1|EPCAM|FAM91A1|IREB2|SNX2|RFK|CLTC|DNAJB9|UBE2D3|ADAM10|CYRIB|SACM1L|ANXA1|TRNT1|MGST1|STX7|TNPO1|CHD1|CCDC90B|IVNS1ABP|RAB14|PLBD1|PLSCR1|PSMD14|VPS4B|RAB31|TIPARP|PPID|MYCBP2|CDC42SE2|BTK|SUCLG2|S100A4|RAB10|ANXA7
GSE41867_NAIVE_VS_DAY15_LCMV_CONE13_EFFECTOR_CD8_TCELL_UP	0.509879253567508	0.93710778374229	0.272903728895266	0.973548475340924	1857	118	CARD18|ETV2|OSGIN1|CCDC7|FMR1NB|G2E3|HACE1|ZNF100|NR4A2|PLPP3|WDR97|RECK|GPR183|PCAT19|CFAP99|ICOSLG|KIT
PUJANA_BREAST_CANCER_WITH_BRCA1_MUTATED_UP	0.51028403525955	0.93710778374229	0.305437510233485	0.964099950287102	2083	55	CDC7|RFC4|MSH2|DNA2|NDC80|CDK1|HMGN4|STMN1|MTF2|NCK1|TCERG1|CEP57|SMC4|BLM|RFC3|SKP2|RAD51AP1|SRSF10|EXOSC8|NCAPD2|ASF1A|FOXM1|CENPA|LBR
REACTOME_MAPK6_MAPK4_SIGNALING	0.510263157894737	0.93710778374229	0.286493590189399	0.969931910986876	1938	84	AGO4|FOXO1|PSMC6|NCOA3|PSMC1|KALRN|PSMD5|MAPK6|PSMA1|PSMA4|PSMD6|PAK3|CDC14B|CDK1|SEPTIN7|PSMD10|PSMA2|MYC|PSMA6|PSMC2|PSME4|AGO1|PSMD14|PSMD11|PSMC5
REACTOME_TIGHT_JUNCTION_INTERACTIONS	0.510021474588404	0.93710778374229	-0.388990704134042	-0.962167313703695	2849	21	CLDN7|CLDN6|CLDN12|CLDN11
GSE2770_IL12_VS_TGFB_AND_IL12_TREATED_ACT_CD4_TCELL_2H_DN	0.511048951048951	0.938232166298333	0.26739403179272	0.973743669198736	1826	136	PLCE1|SH2D6|TRIM69|TTYH3|PIK3C2A|ST8SIA6|RHOBTB1|ZFYVE26|STARD3NL|WBP4|WDR44|TNKS2|VWF|TEKT3|RNF144A|SNX3|PCMTD1|RBM43|VWA5A|WDR36|SAMD4A|PRMT6|SEMA4A|PPP1R16B|PAPOLA|PDIA3|TCERG1|USP12|PIAS1|XPOT|TAX1BP1|PSMC5|STX17
LIANG_HEMATOPOIESIS_STEM_CELL_NUMBER_SMALL_VS_HUGE_UP	0.511336797354747	0.938232166298333	0.327977295722592	0.962439838113809	2164	37	ITFG1|NPM1|GCLM|DYNLT2|SLC35D1|EIF4E|SCAMP1|TLCD4|UBE2D3|STX7|GTF3A|CLCN3|QDPR|PLSCR1
PATEL_SKIN_OF_BODY_ZOSTAVAX_AGE_70_93YO_VZV_CHALLENGE_3DY_DN	0.511297950604309	0.938232166298333	-0.353254071727275	-0.964036864011767	2918	33	NHLH1|WNT3|SCGB2B2|PPP2R2B|AQP11|CEP41|ANKRD13D|RAB30-DT
REACTOME_PROCESSING_OF_CAPPED_INTRONLESS_PRE_MRNA	0.511363636363636	0.938232166298333	0.345448777451294	0.960945851952964	2204	29	LSM11|NCBP2|CPSF3|PCF11|CPSF2|PAPOLA|NCBP1|ZNF473|FIP1L1|CPSF6
REACTOME_REGULATION_OF_TP53_ACTIVITY_THROUGH_METHYLATION	0.511163125675189	0.938232166298333	-0.396281014620848	-0.959680644273858	2838	19	UBA52|UBB|TTC5|EHMT2|JMY|UBC|KMT5A
TIMOFEEVA_GROWTH_STRESS_VIA_STAT1_DN	0.511530014641289	0.938365915016311	-0.420769913482792	-0.960904835964977	2794	15	HSPB1|ISG15|CDK10|GSTP1|CUX1|HSF1|TNPO2
MAGRANGEAS_MULTIPLE_MYELOMA_IGLL_VS_IGLK_UP	0.511789181692094	0.938669798250547	-0.342856365197933	-0.95823797855247	2951	37	TLX1|EXT1|TNK2|TGFB3|RECQL5|LAMB3|FAS
REACTOME_ABC_TRANSPORTERS_IN_LIPID_HOMEOSTASIS	0.511896046852123	0.938694285404021	-0.420611126786644	-0.960542217585369	2796	15	APOA1|ABCA7|ABCD1|ABCA5|ABCA2
WP_GLYCEROPHOSPHOLIPID_BIOSYNTHETIC_PATHWAY	0.512059369202226	0.938822273616794	0.345174559809191	0.960183052015865	2207	29	GPD1|PIK3CA|GNPAT|CHPT1|AGPS|IPMK
GSE13522_WT_VS_IFNG_KO_SKIN_DN	0.512233873530346	0.938970712654788	-0.29611209096692	-0.971726726956828	3223	98	HAPLN2|SPON2|MADCAM1|ANKRD33|DEGS2|RAB33B|MMEL1|HAS1|DISP2|ERO1B|ARHGAP26|EGFL6|PCNX3|AKAP8L|GNA11|THBD|STOX1|PITX1|UCP2|PRPF6|LMTK2|MGAT3|FUT1|PPP1R37
GSE17721_POLYIC_VS_GARDIQUIMOD_0.5H_BMDC_UP	0.512369100015177	0.939047110818394	-0.279091158361775	-0.976443929961686	3375	165	WNT11|CREBRF|N4BP2L1|PLLP|ATXN1|RTTN|PTH2|COPE|APOC1|VSIG2|JMJD8|RPS9|HSPG2|KEL|NCAN|RFNG|SUCO|THAP7|AKNA|SWSAP1|TRMT1|SLC22A23|SDF2|DGKA|CDCP1|GFUS|CDCA3|P4HA2|ID2|PRMT1|HBZ|UBXN1|MCM2|DNLZ|BAIAP2|FANCE|NRBP1|GADD45GIP1|PTTG1IP|PILRB|CEP89|LINGO1|INTS1|ALKBH3
HADDAD_T_LYMPHOCYTE_AND_NK_PROGENITOR_UP	0.512496844231255	0.939109770425947	0.29260668468568	0.969457006256193	2029	72	ARMCX1|ZNF165|FOXO1|DNAJC6|SERPINI1|MSH2|WASHC4|TJP2|FAM124B|CHN2|INPP4B|CDC14B|FXR1|GRK5|PTK2|FAM3C|MEG3|PHF3|BCLAF1|ZNF148|RIOK3|HSPA5|CCDC88A|MPDZ|ARG2
BIOCARTA_NKT_PATHWAY	0.51355748373102	0.939476582577228	-0.406085481642902	-0.957705915166291	2840	17	CCR7|CSF2|TGFB3
DAZARD_UV_RESPONSE_CLUSTER_G28	0.51355748373102	0.939476582577228	-0.406173662517291	-0.957913879619157	2840	17	H2AC13|IER3
FIGUEROA_AML_METHYLATION_CLUSTER_3_UP	0.512912258867455	0.939476582577228	-0.285966304225547	-0.977241979604718	3296	135	DHRS12|MATR3|IL11RA|MT2A|KRTCAP3|TIGD3|EREG|KCNAB3|SLX4IP|KATNIP|GTF3C1|CUL9|RECQL5|TNFAIP8L2|CNTROB|CEP41|MAD1L1|TRAPPC1|SAP30BP|PFDN2|LBX2|SLC9A8|STX18
GRAHAM_CML_DIVIDING_VS_NORMAL_QUIESCENT_DN	0.514389421830438	0.939476582577228	0.290526344948592	0.967087600959436	1983	76	CXCL8|CD44|CD40|CCNG2|TNFSF4|IL18R1|H2BC21|NFAT5
GSE23568_ID3_TRANSDUCED_VS_ID3_KO_CD8_TCELL_UP	0.512862698175292	0.939476582577228	-0.275317962394953	-0.97658948563409	3428	187	RCAN3|ADGRG3|IRF7|CDC26|FLT3LG|NBEAL2|ATP13A1|PDCD1|PHPT1|KLF7|NSG2|LBP|TNFRSF1A|PRKCSH|FYN|PPP4C|KCNAB2|KLK8|FAS|ISG15|IGF2R|CTSD|KCNN4|RPS16|DGKA|CDK2AP2|HPCAL1|AGRN|SGK1|B4GALNT1|NR4A1|RANBP3|WDR83OS|PLEC|ITGB1|UNC45A|TNFRSF1B|MRPL2|TEX264|PDLIM4|ID2|TNIP1|CD3D|IL6ST|TMC6|SKI|SH2D2A|SOCS3|PITPNM1|ABHD8|S100A6
GSE360_CTRL_VS_L_MAJOR_MAC_UP	0.513699655637072	0.939476582577228	-0.275406464203842	-0.975935217868283	3430	184	APLP1|TCAP|DDB2|ACTA2|PEMT|OTUB1|NDUFA2|SERPINH1|ARHGAP45|CAPN11|CFD|ACVR1B|NDUFS7|GLG1|FOS|P2RX5|BRD3|KEL|RGS14|ESR1|TMEM94|SMARCC2|SLC43A1|NAA80|RFC2|DGAT1|GMFG|GPSM3|SPN|ALG3|GFUS|NBL1|RPL27|ARHGAP1|ABL1|LAMTOR5|VPS39|DHCR7|INPP5D|EXTL3|ARHGEF1|RNASE1|SMARCA4|APEX2|CRAT|PSMA7|SREBF2|CYC1|EIF2B5|KAT5|SMARCE1|RAC3|ABCA2|RBCK1|DHX16|PFDN6|PRKACB|SLC4A7|HLA-E|NDUFAB1
GSE39110_UNTREATED_VS_IL2_TREATED_CD8_TCELL_DAY6_POST_IMMUNIZATION_UP	0.513994910941476	0.939476582577228	-0.275605415524257	-0.97649218071308	3433	183	GZMM|ADAM19|FES|RAP1GAP2|CLDND2|ADGRG3|S1PR5|PAK6|KCNK5|N4BP3|CLN3|NBEAL2|DNAJC15|IFITM2|SLC41A2|ITGAX|CSF2|IER3|GPC1|APOBR|DKKL1|KATNB1|ACTN2|ENTPD1|CXADR|TKTL1|MYO1G|COBLL1|IFITM3|GNA11|EHBP1L1|ROM1|SLC2A3|F2R|SGK1|PRKAB2|INPP5D|VARS1|SLC9A8|RCN1|NRARP
GSE3982_MAST_CELL_VS_BASOPHIL_DN	0.513051305130513	0.939476582577228	0.26008400288619	0.978224226384325	1709	177	PIGA|BCAR3|TMEM156|HSDL2|DHX40|CTSK|FBXL8|PTPN2|LGALS8|TMEM59|GNPAT|ZFYVE16|UTRN|ADD3|SCCPDH|SIAH2|DYM|PJA2|TMEM140|SYNE1|PDE4D|DAZAP2|BACH2|CENPU|OSGIN2|PCDH1|PELI1|TMEM50A|ZNF292|TMEM230|CA8|TRBC1|LMBRD1|PSMA2|RPL7|ABHD5|PAPOLA|NF1|PTPRC|KBTBD2|RPF1|SFXN1|SLC4A1AP|SMC4|RAB31|RAB4A|RB1CC1|L2HGDH|SKP2|MAP1LC3B|USP15|TTLL5|TMEM164|DNAJC3|PPP2R5A|CTBP1|CCDC69|RNF10|CDC14A|UBE2D2|CEP63|PMAIP1|ACTB|GSE1|CTDSP2|UBE2J1|ARHGAP15|FOXJ2|NIPAL3|KDM5A|VCPIP1|MTERF1
GSE5542_IFNG_VS_IFNA_AND_IFNG_TREATED_EPITHELIAL_CELLS_6H_DN	0.513982353820846	0.939476582577228	-0.275155791529642	-0.975700131404794	3436	185	FOXD2|TYROBP|IL15|TRAPPC6A|EXOC3L4|BSCL2|P2RX4|RENBP|KCNK5|OST4|ECI1|MICU3|QRICH1|RPS9|CLCN7|ACVR1B|SNX21|MIF|TNK1|EXOSC5|RPL38|MAP7D1|ICAM2|SLC1A5|ABHD12|PDGFA|HEPH|NDUFC2|RPS27|NR2C2AP|MEF2D|FBXO31|BID|LMNA|STARD10|ATP5F1D|PITPNM1|EIF2B5|ERAP1|DPM2|PNPLA2|AHDC1|EIF4A1|EIF3K|SLC25A28|SLC48A1|TFAM|MFHAS1|FBXO25|SOCS7|DNAJC10|ORMDL2|DMAC2|DAAM1|PIK3R3|RPL41
GSE8921_UNSTIM_0H_VS_TLR1_2_STIM_MONOCYTE_12H_UP	0.514475271411339	0.939476582577228	0.258511369428379	0.979707279991187	1705	187	IFIH1|MEMO1|ASB9|HAT1|TMEM209|ERI2|MLF1|EGR1|KIF11|FANCB|MSH2|UTP18|DNA2|ETV5|MRPL39|NUP37|ETFA|NUSAP1|GPR183|SPATA6L|CD274|PIGK|PSMG1|LITAF|GTF2H2|DCAF17|SPDL1|MCU|DDX18|SCIN|CACYBP|FH|C17orf75|CDK2|C4orf46|RFC1|CEP152|NF1|RBBP8|NRF1|ZC3H15|RCN2|OR51B2|NMI|WDR31|AMFR|CHCHD3|ATAD5|DLD|CENPE|CENPJ|CCT6A
GSE9960_HEALTHY_VS_GRAM_POS_SEPSIS_PBMC_UP	0.514225816112609	0.939476582577228	-0.275684964898733	-0.976193900125164	3433	182	ZNF541|TSC22D3|ANAPC11|ACADS|NOXA1|PWWP2B|SCRN2|UBL5|EPN2|OST4|ROMO1|ABHD17A|CIB1|RDH12|RPP25L|TMEM107|BRD3|CAMTA1|TRPC1|EPHB6|EMC4|TXNDC17|MAP7D1|SNU13|RPS16|GUK1|RALBP1|ATP5PF|AGPAT2|ATP5IF1|GNB5|NENF|SLC66A2|VARS1|RNF220|BTD|SIGIRR|RNF149|H2AZ2|FBXO31|CKLF|SLIRP|ZNF599|EEF1D|EMC1|NDUFB6|CHCHD2|EOLA2|FAM185A|EBP|BRF1|TXNRD3|CLEC11A|C22orf39|PSENEN|COA5|ACSS2|MRPL58
KIM_HYPOXIA	0.514093959731544	0.939476582577228	0.390289626780596	0.950653209773471	2297	17	ANGPTL4|BNIP3L|LDHA
PID_BMP_PATHWAY	0.5132847401834	0.939476582577228	0.329181158309058	0.960137791564986	2182	36	BMPR2|TAB2|SOSTDC1|SMAD4|PPM1A|ZFYVE16|MAPK1
REACTOME_DNA_DOUBLE_STRAND_BREAK_REPAIR	0.513154090777681	0.939476582577228	0.26290036911014	0.976995617869522	1774	160	H4C5|H2BC6|RAD52|H4C12|RMI1|XRCC4|NBN|RFC4|GEN1|H2BC21|CCNA2|DCLRE1C|H2BC26|NHEJ1|UBE2N|RIF1|DNA2|SUMO1|MAPK8|KPNA2|SMARCA5|H2BC7|RAD9B|UBE2V2|TIPIN|TDP2|HUS1|RFC5|CDK2|RFC1|RBBP8|RPA2|ABRAXAS1|ATR|PCNA|H2BC8|BRIP1|WRN|RNF168|PALB2|H4C8|BLM|RFC3|ATM|RMI2|XRCC2|RAD51AP1|EXO1|ERCC4|SUMO2|POLD4|POLL|POLD3|KDM4A|RAD17|FEN1|POLQ|RPA3|BRCA1|BRCC3|POLH|CHEK2
REACTOME_SURFACTANT_METABOLISM	0.514209591474245	0.939476582577228	0.399314970698739	0.956421719376988	2315	16	ADRA2C|GATA6|ZDHHC2|ADORA2B
TURASHVILI_BREAST_LOBULAR_CARCINOMA_VS_LOBULAR_NORMAL_DN	0.513947590870668	0.939476582577228	-0.321887984011481	-0.963469756566134	3039	54	RAB26|LAMB1|PABPC1L|COL1A1|EPPK1|AEBP1|CTHRC1|STK39|COL6A3|C5AR1|TACC3
WONG_MITOCHONDRIA_GENE_MODULE	0.513553113553114	0.939476582577228	-0.270856522873061	-0.976330270184082	3504	215	TRIM45|COX8A|UQCR11|COX6A1|TIMM8B|NDUFB2|NDUFB8|NDUFA3|UQCR10|COX5B|MRPS18C|ATP5ME|COX17|ECI1|COX6B1|LONP1|HSD17B10|ABCB6|NDUFS8|ATP6V1F|FDXR|SLC25A19|SLC16A5|SLC16A3|TSPO|ATOX1|TSFM|NDUFA6|UQCRQ|NDUFA1|ATP5PF|TOMM7|BOP1|NDUFB1|CRYZL1|TIMM10|PDP1|NDUFC2|NDUFC1|CRAT|PCK2|PDK3|NDUFA7|ATP5MG|NDUFB6|ALDH6A1|CPT1A|ACADSB|TIMM17B|TUFM|CYC1|GCAT|ATP5MC1|PTRH2|MRPS18A|SURF1|KARS1|MRPS28|MRPS16|NDUFA8|COX7A2|WARS2|TFAM|NDUFAB1|COX4I1|MAOA|CLPP|SLC25A22|AIFM1|NDUFB4|HAX1|SLC25A39|COX6C|SDHB|ATP5MC3|COX7C|HINT2|NDUFB9|TIMM13|SLC25A1
WP_SELECTIVE_EXPRESSION_OF_CHEMOKINE_RECEPTORS_DURING_TCELL_POLARIZATION	0.51355748373102	0.939476582577228	-0.406085481642902	-0.957705915166291	2840	17	CCR7|CSF2|TGFB3
ZHAN_MULTIPLE_MYELOMA_MF_UP	0.51435349940688	0.939476582577228	0.320596676438757	0.956651339358614	2167	40	DPYSL2|ITGB7|SMARCA1|TMEM37|FAM174B|SPP1|SFRP2
GSE19198_CTRL_VS_IL21_TREATED_TCELL_6H_UP	0.514734480179506	0.939729923983923	-0.276005753898997	-0.977029174081678	3440	181	HSPA6|HLX|EXT1|PDLIM2|HCST|DGLUCY|TSPAN4|CUL9|ARHGAP4|DNPH1|IFITM2|ARHGAP45|IFI16|CD48|DAGLA|TNFRSF1A|TTYH2|IL2RG|MIF|TBCB|IFITM3|SCARB1|IL18BP|STING1|SNU13|SRM|QTRT1|GMFG|NECAP2|TRAP1|ENTPD6|OXLD1|MGRN1|EPOP|BLVRB|INPP5D|XPO6|VARS1|TNIP1|CCDC85B|DCTPP1|MRPL24|ATP5F1D|PRMT1|TRAF3|METRNL|C9orf72|CYC1|TNFAIP2|TXN2|PARL|PPARGC1B|PTPA|PFKP|PRKACB|IDH3G|UBAC1|CCT3
HOWARD_PBMC_INACT_MONOV_INFLUENZA_A_INDONESIA_05_2005_H5N1_AGE_19_39YO_AS03_ADJUVANT_VS_BUFFER_1DY_UP	0.514801240484917	0.939729923983923	-0.264226275583946	-0.980692191007991	3651	298	HSPA6|STX11|IL15|DYSF|TCN2|CD14|TYMP|IRF7|IFI30|MARCKS|HLX|EXT1|MT2A|APOL1|PSMB9|TAP1|GASK1B|IL4I1|DOCK4|IFI35|ADAMTSL4|CXCL16|IFIT2|GCA|RASGEF1B|MNDA|CRISPLD2|PLEKHG6|ICAM1|FOS|APOL6|PKMYT1|BCL3|FRMD3|KCNJ15|IL1B|ACP3|MX1|MUC1|IFITM3|BATF2|BCL6|GBP2|MS4A4A|ISG15|DDO
GSE11973_MIR223_KOVS_WT_BONE_MARROW_NEUTROPHIL_DN	0.515027721038809	0.93996213339319	0.261853521248498	0.975854783867241	1764	164	PTPN6|PEX12|CUEDC1|TMEM209|ANKRD49|COPS8|TRMT10A|THG1L|PJA1|CCT8|NFYA|UTP18|UNK|PTGES3|SHQ1|ZDHHC21|PICALM|SIAH2|FAM124B|KIT|RRP15|PPA2|DONSON|B4GALT5|CRABP2|YARS2|RAPGEF6|SAMD4A|CMTR2|SELENOF|PPP3R1|MRPL30|IPO5|ADARB1|XPOT|TIMM17A|NUP54|PPID|ECD|SDHAF3|OTUD4|SMAD5|EIF1AX|RAB3IP|LMAN1|RPL22|SNRPD1|GORASP2|PLAU|TFIP11|SLC25A33|SMN1|NUDT4|HSPA4L|ACTR3B|COQ2|NOL10|SGF29|CCNJ|NUP43|G3BP1|PPP5C|AATF|PFDN1|WDR82|GMDS|PML|UTP6
REACTOME_GPER1_SIGNALING	0.51511572980633	0.93996213339319	0.327284164564947	0.960405864885004	2180	37	SRC|GNG12|GNAI3|GNB4|PRKAR1A
PLASARI_NFIC_TARGETS_BASAL_DN	0.515253476895469	0.940042602885626	0.383889185845404	0.950815216719226	2296	18	CCL2|INSIG1|VWA5A|STARD4
GSE19941_LPS_VS_LPS_AND_IL10_STIM_IL10_KO_NFKBP50_KO_MACROPHAGE_UP	0.515826494724502	0.940062881997921	0.260439647778217	0.975231073914996	1759	170	ITGB7|PRNP|ITGB4|ARHGAP28|RAD52|CAMSAP2|DAND5|PDE3B|ZNF687|ERBIN|MOB3B|MACIR|DUSP22|SMAD4|IPO7|CAPN2|FBXO44|PROS1|CTSF|AP5M1|S1PR3|TMEM176A|SH2D4B|FAM209A|TMEM176B|PRSS27|LRRC8C|FUT8|CXCL11|PANK1|CPOX|TGFBR1|DDX5|KCTD6|RBPJ|ENDOD1|PTK2|PIK3CG|SFMBT2|PPP1R16B
GSE21927_EL4_VS_MCA203_TUMOR_MONOCYTES_UP	0.515771526001705	0.940062881997921	0.265276192607682	0.973529138448949	1814	145	PTPN6|STK4-DT|FOXA1|ITGB4|KCTD12|RNF217|PIEZO2|ZNF30|PDGFB|UBA5|AKAP12|GRK4|PICALM|FAM124B|TNKS2|C12orf56|COPZ2|UPK1B|PDE4D|KCNQ2|OTUB2|VAPA|TCF12-DT|NATD1|LCP1|MYB|ZMAT3|HSPD1|TRAFD1|GABPA|TMX1|PDIA3|ARL4A|GINM1|SRPRB|GLUD2
LI_PBMC_MENOMUNE_A_C_Y_W_135_AGE_18_45YO_CORRELATED_WITH_ANTIBODY_RESPONSE_3DY_NEGATIVE	0.515726681127983	0.940062881997921	-0.405392711473532	-0.956072096379242	2852	17	ANPEP|IL4I1|BCL6
REACTOME_IRAK4_DEFICIENCY_TLR2_4	0.515739385065886	0.940062881997921	-0.41908567732216	-0.957058575527148	2817	15	CD14|TLR6|TIRAP
REACTOME_LATE_SARS_COV_2_INFECTION_EVENTS	0.515711645101664	0.940062881997921	-0.314717256351389	-0.964543346768407	3068	63	ANO9|MGAT4A|ANO8|MOGS|MAN1B1|ANO3|UBA52|PRKCSH|UBB
REACTOME_NEGATIVE_REGULATION_OF_FGFR2_SIGNALING	0.515769944341373	0.940062881997921	0.344581592021548	0.958533574660403	2223	29	FGF5|SRC|SPRY2|MAPK1|BRAF|PPP2CA
REACTOME_SIGNALING_BY_ERYTHROPOIETIN	0.515935334872979	0.940090559349241	0.359223749672605	0.96007017164567	2233	25	PIK3CA|VAV1|JAK2|NRAS|PIK3CG|SOS1|GAB1|PIK3CB|CRKL|SHC1
ZHAN_MULTIPLE_MYELOMA_CD1_UP	0.516362383740958	0.940697932484888	-0.336104745862669	-0.957596198038975	2997	41	SYTL1|MTG1|FYN|STC2|KLHL4|INHBE|TRIB3|SLC7A11|CEBPB|G0S2|ERN1|TMC6|PCK2|TMC8|CLEC2D|SESN2
GSE18791_CTRL_VS_NEWCASTLE_VIRUS_DC_2H_DN	0.516624040920716	0.940790048115322	0.265169764334992	0.973138560524862	1817	145	SAMD5|KBTBD8|ZNF165|RGS2|SLC22A4|TAMALIN|EIF2AK3|POLRMTP1|ZNF620|B3GNT5|CLK4|ETV3|NR4A2|CLK1|MEX3B|NFAT5|IFIT3|SLC19A2|HOMER1|NIPAL1|EFNB2|IFIT1|PCDHGA8|MYEF2|CREB3L3|GPLD1
GSE23398_WT_VS_IL2_KO_CD4_TCELL_SCURFY_MOUSE_UP	0.516694115885612	0.940790048115322	-0.275184042953881	-0.975147041992795	3450	184	C3|POLR2F|PPFIBP2|GASK1B|HBB|NUDT18|CCDC167|UNC5B|CENPT|SERF2|DNAJC15|POR|CLIP3|TMEM80|LOXL3|CCND1|CLCN7|LGALS3BP|IL2RG|CAMK2N2|CEP41|IL18BP|DMPK|POLD1|TONSL|CHD1L|RAI1|AGRN|CPQ|LENG1|ENTPD6|ANKRD9|CLUH|SMYD4|EVL|TSR2|LONRF3|LMNB2|CCDC137|TPRA1|CKB|AARS1|CDKN1C|PITPNM1|DNMT1|CHCHD1|DDX51|METRNL|ADCY3|ARMC7
GSE9960_HEALTHY_VS_SEPSIS_PBMC_UP	0.516690856313498	0.940790048115322	0.262598575165955	0.976650538022962	1779	161	ENTHD1|NUS1|MRPL1|ARHGAP28|COPS2|PIGZ|CCDC7|MDP1|EGLN3|TMEM53|TOP2A|DNTTIP2|FOXA2|MOB3B|UAP1|SERGEF|SLC44A1|PROS1|RASSF6|ABHD1|DSEL|GNPDA2|CNIH3|NDUFV2|SOCS2|SPCS1|EEF1A1|ITM2A|RBPJ|PPP1R3B-DT|SHISA4|COX7A2L
CASTELLANO_NRAS_TARGETS_UP	0.516865245846619	0.940810705480323	-0.31830235034666	-0.962033476711262	3079	57	SCX|CRIP2|TAP1|IFI35|IFI16|CRYBG1|LBP|IFI27L2|GBP2|ISG15|YIF1A
GSE22282_HYPOXIA_VS_NORMOXIA_MYELOID_DC_UP	0.516892911010558	0.940810705480323	-0.277177189525501	-0.975449038403039	3426	174	ABRACL|PLAT|STX11|C3|ADSS1|RAPGEF5|CXCL1|SH3BP2|HYOU1|COPE|DYNLRB1|TULP3|CXCL16|SELENOV|FOXP3|PHB1|ICAM1|DEFB119|SNRPB|POLR2E|KCNN4|CDIPT|GTPBP3|JUNB|PLD2|NEDD8|CCDC9|PSMG3|MVD|TNIP1|GSK3B|CAMKK2|TENT4A
RICKMAN_HEAD_AND_NECK_CANCER_D	0.517018989609459	0.940869582614168	-0.389200334087022	-0.955220744840886	2885	20	ELAPOR1|MUC5B|SORBS2|PIGR|IGHA1
COLDREN_GEFITINIB_RESISTANCE_UP	0.517548115801391	0.941320526619743	-0.30194529004184	-0.965149447554321	3199	80	NFKBIZ|SELENOM|GAS5|UCHL1|PDCD11|MFSD12|KMT2B|P3H1|CSGALNACT2|ID3|USP36|TRMT1|SLC7A1|PRELID1|RAD50|BORCS7|UBE2M|POLRMT|SRRT|ADISSP|TRAF5|TMEM158|TBL1X|CDK5RAP2|TIMM50|IKBIP|CEBPG|WDR62|RABEPK
CROMER_TUMORIGENESIS_UP	0.517412935323383	0.941320526619743	-0.33432978732242	-0.960558377233727	3015	43	CXCL1|MMP1|UCHL1|SERPINE1|PLOD3|IL1B|SLC2A3|BMP1|G0S2|PTK7|COL1A2|MAGEA3|APOBEC3B|FN1|CHST2|MAGEA1
LIN_SILENCED_BY_TUMOR_MICROENVIRONMENT	0.517515407071035	0.941320526619743	-0.303046375912898	-0.966246447241306	3190	79	STS|S100P|ENC1|EPB41L1|CLDN7|A2ML1|KRT4
GSE17721_CTRL_VS_PAM3CSK4_8H_BMDC_UP	0.517937895688876	0.941566822157137	0.257867347819556	0.978299951787526	1717	188	PTPN6|ALDH1L1|RASSF3|CMTM6|TM9SF1|CORO1A|MGAT2|EEPD1|EIF4E3|XPR1|LGALS8|PPP1CC|CUL4B|CKAP2|PNPLA7|TFB2M|ZWILCH|SLF1|PALS2|CAPN2|AP5M1|RAP1A|RBM43|SERTAD1|MFF|UBE2E1|GRK5|CDK1|FRG1|ENDOD1|BCAS3|RNPC3|CDK2|ACAT1|HMG20A|RPL6|CYRIB|STARD4|THOC7|CLNS1A|TIA1|ANP32B|ITM2B|DCAF4|KBTBD2|ABCB7|PCNA|ASCC1|TRIM3|MYCBP2|CIB2|ATM|PEPD|RBBP7|NCOR2|NSMCE4A|ATG3|SLC25A4|MSL1|MPP1|TFIP11|DLGAP5|NCAPH|OXR1|UBE2B|TOMM22|PTPN18
GSE21360_SECONDARY_VS_QUATERNARY_MEMORY_CD8_TCELL_DN	0.517964932451854	0.941566822157137	0.263987786035223	0.972613677118185	1801	151	LIPG|PDK1|SNX18|CATSPERB|EGLN3|DTL|CLDND1|HIF1A|LDHA|TNFAIP8|TWF1|RAB11A|SLC39A1|HK2|VAV1|SAR1B|EMILIN2|LIPC|TGFBI|PLA2G4A|TMEM176A|DKK3|TMEM176B|EIF4E|PGM2|ERO1A|RAVER1|RBPJ|PYGL|CHSY1|SEMA4A|PIK3CG|ARRDC4|CYRIB|EEFSEC
GSE27786_LSK_VS_NKCELL_DN	0.517958695001497	0.941566822157137	-0.274485315421376	-0.973196269285278	3460	186	RINL|UBL3|FZD7|PYCARD|ABCA7|AXL|SLC39A3|GPR68|TLR6|NDUFA13|PLOD1|SUN2|CITED4|CRYBG1|RIGI|RRBP1|PTGIR|TNFRSF1A|ERO1B|RPL18|STARD3|ATP6V1F|DZANK1|G6PD|AKR1B1|DNAJC17|SMDT1|ITGB5|NECAP2|GAK|CDIPT|NDEL1|ABCD1|CEBPB|SDHAF2|RPL27|ARFIP1|CERS5
KEGG_GLYOXYLATE_AND_DICARBOXYLATE_METABOLISM	0.51811859443631	0.941675620306298	-0.41820229643899	-0.955041214172551	2830	15	GLYCTK|GRHPR|PGP|MTHFD2L|AFMID
GSE3982_DC_VS_CENT_MEMORY_CD4_TCELL_UP	0.518290854572714	0.941818174909649	-0.276045527367419	-0.975254064483734	3456	179	FES|ANPEP|FARP1|SEL1L|TBC1D2|PLXNB2|ENC1|RASGRP3|LILRA2|RAB38|GRN|RUFY1|TNFRSF21|PLOD1|FLT1|PPARG|COLEC12|CFD|NFIL3|C5AR1|NAA60|SLC2A8|NSDHL|RAMP1|CTSD|NACC2|SDC4|PDGFA|CDCP1|MRAS|PPP1R26|DDX31|CTTN|REXO5|VAC14|WNT5B|LAMP1|CAPG|ATP6V0B|CTSZ|CTSH|BCKDK|TOR3A|PTRH2|CDKN1A|DNPEP|FHOD1|NFKBIE|PFKP|DHCR24|SLC48A1|CDC42BPB|EMC8|ABHD6|MAOA|ANXA11|FN1
NADERI_BREAST_CANCER_PROGNOSIS_UP	0.51862660944206	0.94225772046686	-0.333188768153301	-0.960082721224662	3020	44	AMH|SOX11|TMEM208|POLD1|SEMA4C|PSMD2|MYBL2|SMARCA4|TIMELESS|EBP|UHRF1|RNFT2|CDCA8|PRAME
REACTOME_NEF_MEDIATES_DOWN_MODULATION_OF_CELL_SURFACE_RECEPTORS_BY_RECRUITING_THEM_TO_CLATHRIN_ADAPTERS	0.518759018759019	0.94232772897268	-0.39998568309092	-0.956131194222395	2875	18	AP1B1|AP1M1|AP1S1|AP2M1|ATP6V1H|AP2A1|AP2S1|ARF1|B2M
GSE40274_CTRL_VS_FOXP3_AND_EOS_TRANSDUCED_ACTIVATED_CD4_TCELL_UP	0.519049822612988	0.942685384365691	-0.282189573296834	-0.972567061155997	3364	145	ANPEP|AQP1|CIITA|RASGRP3|ABCA7|HEPACAM2|TLR6|ADGRE5|TRPV2|TMEM63A|TCP11L2|ACSL6|RGS14|MBOAT1|TMEM109|COBLL1|PXMP4|DMPK|ADAM15|DGKA|TREML2|ABCD1|CERS4|FERMT3|RGL2|ZBTB1|PGGHG|GSTP1|CKLF|CRAT|HES1|CD81|MICAL1|S100A6
GSE43955_TH0_VS_TGFB_IL6_TH17_ACT_CD4_TCELL_1H_DN	0.519259933272672	0.942761803384529	-0.278684743307468	-0.976735013843361	3423	168	MAPK13|VWA7|TPBG|RTTN|OST4|CLCN2|ARHGAP45|SRMS|NSG2|MAP1LC3A|CIB1|CLCN7|CPS1|CYP2S1|UQCC5|STAB1|BRD4|PHKG1|COMMD1|BCL6|SLC10A3|PSAP|RAMP1|AKR1C2|DVL1|FBXW4|RHOB|PDRG1|PHC1|MAPKAPK2|NSMF|HSPBP1|TNIP1|HSPA1A|DHX30|AP1M1|GATA2|AARS1|CCDC28B|CSTPP1|TNFAIP2|POLDIP2
KEGG_MEDICUS_REFERENCE_TNF_NFKB_SIGNALING_PATHWAY	0.519279738086577	0.942761803384529	-0.412296534191406	-0.956741061811593	2854	16	TNFRSF1A|TRADD|IKBKG|TRAF2|TAB1|TRAF5|RELA|TAB3|NFKBIA|IKBKB
GSE10240_CTRL_VS_IL17_AND_IL22_STIM_PRIMARY_BRONCHIAL_EPITHELIAL_CELLS_UP	0.520473976301185	0.943631633487554	-0.274510730446081	-0.97454278794225	3469	189	PRG2|SPIB|AARSD1|TASP1|MUTYH|CNNM4|APBA3|PTRHD1|PDCD1|NAT9|HDAC8|IRS1|C19orf38|TMEM255A|SDR39U1|PPP1R35|KLHL32|TXNRD2|PNKP|TACC3|WDR4|TSFM|STK11|TTC4|SGK1|CARHSP1|COX16|SPATA24|PTCD2|PIDD1|ARMC6|TSSC4|TUBB2B|ZNF428|NRARP|SMARCA4|ESPL1|PPME1|CENPB|NCLN|C19orf53|TUFM|FAAP24|KIF2C|JUN|MSRB1|BRF1|FXN|CARS1|CENPW|CDC20|CDCA8|ZCCHC17|EFCAB2|MRPL58|MTMR14
GSE17721_CTRL_VS_POLYIC_6H_BMDC_UP	0.520510894064613	0.943631633487554	-0.274339029993032	-0.974743619941749	3463	191	PLXNB2|NAGK|PLA2G6|SELENOM|PDLIM2|NDUFA2|BSG|DDX41|NAT9|SH3BGR|APLF|PLSCR3|CD48|HCFC1|HIGD2A|PLEKHG2|RNH1|H2BC5|SWSAP1|MACROD1|SUPT5H|USP19|SLC26A6|XPC|SFXN3|SLC39A4|ARHGAP39|RAB40C|RPLP1|RETREG2|MPV17|NDST1|DPH7|MCOLN1|IPPK|RNF149|TTI1|NDUFB11|IL6ST|SSR4|TAX1BP3|NEU1|LMNB2|UQCRHL|COMMD6|IQSEC1|HCFC1R1|NDUFA7|UBXN1|ECH1|IER2|SPHK2|PDXK|SRF|DMAC1|MAN2B2|BCAP31|TMEM179B|RDM1|EBP|ENTREP3|RCC1L|MMD|OTULIN|PSENEN|USP11|TMEM50B
GSE360_L_DONOVANI_VS_B_MALAYI_HIGH_DOSE_DC_UP	0.520386590154032	0.943631633487554	-0.277326550795113	-0.975281383686099	3445	173	ADAM19|ACKR1|S100A2|STX11|DIPK1A|TYMP|IRF7|MT2A|QSOX1|IFT140|MMP1|IER3|TIMP1|MX1|MUC1|AKR1B1|ISG15|PAEP|SLC2A3|PLK3|RAB11FIP5|CTSL|G0S2|NEDD8|PLXNA3|IL15RA|RHCE|CEP170B|BID|DUSP5|NINJ1|GPR3|VEGFA|AK4|TRAF5|H6PD|SMYD5|CYB5R3
GSE3982_MAST_CELL_VS_TH2_DN	0.520412741139524	0.943631633487554	-0.274424187501317	-0.97310586965001	3479	185	PIEZO1|APLP1|MUTYH|TMEM134|XAB2|MAPK11|METRN|SPOUT1|ETFB|P2RY11|ETHE1|SGSH|DENND1C|TPD52|MIF|LIG1|PXMP4|ZDHHC24|MORC4|THAP7|RPL13P5|RAMP1|CTC1|POLD1|PPP6R2|DGKA|MAP4K2|SDC4|ARMC6|PGGHG|DCTPP1|CLN6|RRP7A|GNL1|TIMELESS|PITPNM1|ITGAE|NUP188|CLEC2D|DDX51|C19orf53|MCM3|MPZL1|ZDHHC14|GPN2|PTPN7|APOBEC3B|EBP
GSE6674_ANTI_IGM_VS_ANTI_IGM_AND_CPG_STIM_BCELL_UP	0.520263197248393	0.943631633487554	-0.274456844020345	-0.973221669392873	3478	185	KLC4|N4BP2L1|IFT122|CYLD|ABCA7|CD84|TAP1|PBXIP1|ADGRE5|IQCG|CENPT|ARHGAP45|IFT140|DENND1C|DCAF11|RDH12|SPATA6|CYTH3|CYP2S1|TCP11L2|TXNDC16|STARD3|FAS|BCL6|SLC25A45|FRMD8|PSAP|TSC1|IL16|SDF2|DGKA|ABCD1|PAQR7|MAP3K3|EPHX1|HIP1R|H2AC25|EVL|TUBB2B
GSE9006_HEALTHY_VS_TYPE_1_DIABETES_PBMC_1MONTH_POST_DX_DN	0.520261041129155	0.943631633487554	-0.278117211987307	-0.973036426724968	3427	165	CCR7|FAM171A1|PCBP4|ABCC10|CIITA|ATAT1|RPGR|H2BC13|TIMM8B|TRIM62|ZNF692|ING4|KLF7|PIWIL1|KRT4|TGFB3|SLC19A1|LRRC75B|PLEKHA1|NOP2|SH2D3C|ROBO3|ACTN2|KEL|PRSS53|CYREN|IL16|GMFG|RPS16|B4GALT7|TCTN1|HDAC7|NOP10|VPS52
KEGG_MEDICUS_REFERENCE_RAB7_REGULATED_MICROTUBULE_MINUS_END_DIRECTED_TRANSPORT	0.520496038580779	0.943631633487554	-0.335338530061918	-0.955413172221254	3021	41	DYNC2H1|DYNLRB1|TUBA3E|RAB7B|DYNC1H1|DCTN3|TUBB2B|TUBA1B|TUBB3|RILP|TUBA3C|DYNLT1|ACTR1B|DYNLT3|TUBB4B|DCTN1|DYNLL2|DCTN2
NABA_MATRISOME_POORLY_METASTATIC_MELANOMA_TUMOR_CELL_DERIVED	0.520453338055605	0.943631633487554	-0.372739635839691	-0.950635723858022	2938	24	COL18A1|ECM1|HCFC1|PLOD3|S100A6|P3H3|SERPINF1|S100A13
GSE3982_EOSINOPHIL_VS_MAC_DN	0.521114106019766	0.944384075866838	0.256941504449344	0.977247464824402	1739	190	CETN3|ABCC3|YIPF1|CLIC2|TMEM53|ARID5B|UTP18|INVS|TCF12|PGRMC2|RAB11A|CBFB|IDH1|CCNC|PRRG1|PERP|OTUB2|SRP9|MYO6|PRRC1|ATP5F1C|TBC1D19|UBE2V2|PCCA|SRSF8|HBEGF|MAP4K3|ZW10|UBA2|RDH11|NSA2|NARS1|RHEB|ACTL6A|CHD9|EIF2S1|DNM1L|CYBB|ATP2A2|CMAS|NF1|CLNS1A|AIMP1|FYCO1|GGCT|SSBP1|LNPEP|CISD1|SUCLG2|MTX2|GLRX3|CAST|DEGS1|OPTN|ALDOA|WDR3|GATD3|VDAC3|PEX19|MBD2|PLAU|CSE1L|KIF23|SKIC3|MACROH2A1|ATP2B4|RPS6KB1|ASPM|ATP6V1G1|GLRX5|VWA8|MAP3K4|BANF1|TTC23|BCKDHA|GPALPP1|ANKRD13C-DT|AHCYL1|UBE3A
PID_INTEGRIN_CS_PATHWAY	0.521050737675423	0.944384075866838	-0.38164796997331	-0.951673650202661	2895	22	ITGA4|ITGA7|ITGAX|ITGB5|ITGB1|ITGAV|ITGA5|ITGAE
CHEN_LVAD_SUPPORT_OF_FAILING_HEART_DN	0.522659667541557	0.945648475627641	-0.351907858604286	-0.954349089741206	2986	32	CD14|MARCKS|HBB|APLNR|ATP1A3|CRYM|G0S2|SLC5A3
GSE12198_CTRL_VS_HIGH_IL2_STIM_NK_CELL_DN	0.522363500373972	0.945648475627641	-0.275208764160085	-0.974207920483301	3491	181	C1QTNF12|VWA7|BMP8B|RDH16|RAB34|PYCARD|SLC46A1|CNNM4|PDLIM2|MOGS|UBL7|PDE6D|SERHL2|GABRG2|SPATA6|PSMG4|DHX38|FAM76A|NFATC4|TRAF2|SRM|ORAI1|USP36|IL16|KCTD10|HDAC7|PISD|RANBP3|PARP3|MRPL57|OSBPL11|INO80C|FLNB|UBE2J2|HNRNPAB|TLCD1|TK1|CAPG|STARD10|DHX30|UBE2M|TMEM184B|IER2|CDV3|DTX2|DESI1|TM9SF4|PLEKHO1|MRPS16|NFKBIE|RHOG|ATOSB
GSE17721_CPG_VS_GARDIQUIMOD_24H_BMDC_UP	0.522038980509745	0.945648475627641	-0.275594267486821	-0.973659787492945	3481	179	PRG2|LAT|PAK1|IAH1|CDPF1|SFN|LYST|BSN|C6orf132|NDUFA13|GON4L|SEMA3B|CEP250|IFIT2|RECQL5|ST6GALNAC6|RPS9|NDUFS7|CTDNEP1|ZNF605|SERPINE1|SHFL|THAP7|RFC2|KCNN4|LENG1|PALM|KLHDC4|NSMF|OSBPL11|C19orf25|SLIRP|PARP12|LMNB2|METTL17|IQSEC1|MAFG|GPANK1|ATP6V0A2|DICER1|CLCN5|ABCA2|NUDC|SUGP1|DNAJC1|EHHADH|RBM10|TLN1|BLOC1S5
GSE37605_TREG_VS_TCONV_C57BL6_FOXP3_IRES_GFP_DN	0.521975462028265	0.945648475627641	-0.283363250597734	-0.972205252577284	3360	140	IRX5|TMEM81|PHYHD1|TMEM9|RPLP2|CTRL|TMEM175|CCS|PRPF31|DNAJC15|DTYMK|AGER|RPS9|ATP6V1F|AKAP8L|RPL38|ANKRD45|PMPCA|ING5|HMGN2|UXT|NOP16|PRKAB2|RPL36|TMED4|DGUOK|TMEM147|RCN1|UQCC3|METTL6|HOXC6|SDF4|CARS2|SSR4|RPL3|RPS6KB2|GPANK1
PILON_KLF1_TARGETS_UP	0.522448979591837	0.945648475627641	0.239374524591773	0.984372675734286	1279	445	DNAJB2|GTF2IRD2B|LIPG|MYL9|EPB42|PKD2|ABCC3|SLC30A10|EMSY|NT5C3A|TOP2A|RARS1|ALOX12|ME1|TRMT10A|ARIH1|DLC1|XPR1|RALGAPB|ITSN1|MTHFD2|HYCC1|ETNK1|NBR1|HIBCH|TMEM30A|DDHD2|SLC44A1|MKRN1|EPB41L5|OLA1|GYPA|RAB6A|NLK|GCLM|PICALM|RIC1|EPS15|MED13|COP1|GMPS|CCNC|DRAM2|TNKS2|FKBP10|CFI|APOA2|HNF4A|VWF|C1S|GATA6|CALD1|RAB36|ACSL4|MAGT1|ELL2|CHAC2|DLAT|C1GALT1|GTF2H2|EIF5A2|USP8|SLC30A1|TCEAL9|MRPL47|PLS1|CPSF2|MBOAT2|HAUS1|MBNL1|ESAM|SBNO1|EXOC6|ITGA2B|RESF1|ITM2A|TLCD4|ARMC1|BFAR|TUBB1|LUC7L2|DNM1L|MIS18BP1|HMG20A|SEPTIN2|NDN|AFTPH|MEG3|PUM2|HECTD1|CLCN3|DHX57|FRYL|PTGER3|TMC7|BMP2K|HMGCS1|TEAD1|MIER1|RABGAP1|ATP1B2|CEP76|ZFAND5|SGMS1|ASXL2|MIOS|RNF168|RYK|NUP54|HERC4|SLC39A8|TGFBR3|CLASP2|FZD5|HSPA9|KPNA1|PIR|SH3YL1|MZT1|NT5C2|KIF2A|SCAI|BNIP3|KNTC1|AFP|ASAP1|OGA|SLC25A4|WDR43|DAB2|SPARC|TTLL5|CPEB4|RPS6KA3|ZNF562|SLC27A2
REACTOME_MTOR_SIGNALLING	0.522657176749704	0.945648475627641	0.319374067739343	0.953003109867287	2202	40	STRADB|SLC38A9|PPM1A|EIF4E|CAB39|LAMTOR3|RHEB|PRKAA1|AKT1S1|EIF4B|RPS6|RRAGB|FKBP1A|RPS6KB1|YWHAB|CAB39L|RRAGC
REACTOME_RESPONSE_TO_ELEVATED_PLATELET_CYTOSOLIC_CA2	0.522641509433962	0.945648475627641	-0.289498924167404	-0.969159498736902	3323	113	A1BG|RAB27B|APOA1|TIMP3|QSOX1|ECM1|APLP2|RARRES2|TGFB3|CFD|LGALS3BP|SERPINE1|TIMP1|STX4|ACTN2|MAGED2|PSAP|STXBP2|CHID1|PDGFA|FERMT3
REACTOME_SYNTHESIS_OF_BILE_ACIDS_AND_BILE_SALTS_VIA_7ALPHA_HYDROXYCHOLESTEROL	0.522482014388489	0.945648475627641	0.379167054825223	0.950970552375511	2323	19	NCOA2|SCP2|ABCB11
WP_RAS_SIGNALING	0.522544405647488	0.945648475627641	-0.278390231421165	-0.972581804263894	3441	162	LAT|IGF1R|PAK1|GNG8|PLA2G6|RAPGEF5|RASGRP3|PAK6|PLA2G2C|GNB3|FLT1|RASGRP1|KSR1|MET|RASA4B|AKT3|IKBKG|RALBP1|FGFR3|RIN1|AFDN|PLD2|MRAS|ABL1|RASSF1|GNB5|RGL2|SHOC2|AKT2
DELASERNA_MYOD_TARGETS_DN	0.52322206095791	0.94581767478655	0.310019413808992	0.957332820419006	2162	48	DPYSL2|TTYH3|ERBIN|EMILIN2|S1PR3|TGFBI|CD47|STARD4|MGST1|ZC3H11A|TUT4|PTEN
GSE17721_0.5H_VS_8H_CPG_BMDC_DN	0.523538230884558	0.94581767478655	0.256970704839082	0.976385875863952	1745	189	ELK3|ASAH2|CCNG2|CCL5|CCL2|VPS54|ME1|MOB4|PNPT1|LYPLA1|CRLF3|WASHC4|C18orf32|CLK1|SLC38A2|RBM7|DRAM2|SLAMF7|KCTD14|SOS2|CXCL11|USP53|RPE|UBE2E1|REL|RDH11|CLIC4|RNPC3|CRIPT|ABCB1|ZBTB21|PSMD10|PSMA6|ANXA1|CLIP1|CREB1|LYRM1|TBX18|TOR1AIP1|MTF2|SERINC1|FAM20B|ARL6IP6|PLAAT3|NUP54|TFG|ZNF281|CHM|GHITM|IDI1|RAB10|PALS1|DENND1B|TBC1D15|MBD2|BLTP3A|KRCC1|PARP14|TOP1|KPNA4
GSE22611_UNSTIM_VS_2H_MDP_STIM_NOD2_TRANSDUCED_HEK293T_CELL_UP	0.522860492379836	0.94581767478655	0.25999798992399	0.973577260960035	1783	170	MATCAP2|TCN1|CETN3|IL10RB|GOLPH3|MBNL2|CHN1|FGGY|UCHL3|FOXJ3|NPM1|ABCE1|CKAP2|PSMA1|RRAS2|UTP11|MED21|SCNN1D|CHRNA3|SKAP2|UBE2E1|ACSL1|CNOT3|PHTF2|GTF2E1|ETV7|RFX7|SNRPB2|EIF2S1|DNM1L|PPP3R1|PSMA6|DMTN|STMN1|ZNF217|IDH3A|TCERG1|FBXW11|RAD21|GLT8D1|GNL3|ADGRV1|SSBP1|ATAD2|ATP5PB|GYG1|PSMC5|TGFBR3|GHITM
GSE34205_HEALTHY_VS_RSV_INF_INFANT_PBMC_DN	0.523280264343647	0.94581767478655	0.259381421893462	0.977766811222393	1741	180	TTK|CD36|YOD1|SLC22A4|EPB42|DNAJC6|STRADB|HEMGN|BNIP3L|LDHA|NSUN3|CDCA7|PPM1A|ARF4|STAG3|MKRN1|ADIPOR1|RMND5A|GYPA|TRIB1|RANBP9|NOP58|GNG10|EXOSC9|CENPU|TYMS|ACSL1|EIF1B|CDK1|NRAS|NKX3-2|PRELID3B|RHEB|NDUFAF6|PCGF5
GSE45365_HEALTHY_VS_MCMV_INFECTION_CD8A_DC_DN	0.523076923076923	0.94581767478655	0.259666498760039	0.97676064245812	1733	178	NXT2|CD69|FCGR2B|IFIH1|SRC|GNAI3|RNF13|ADPRH|CPD|CGGBP1|ARL8B|MAPK1IP1L|YIPF6|ZFYVE16|TWF1|WDR26|RBM7|VAV1|TMEM140|TIGAR|IFIT5|ELL2|TCEAL9|PKP2|TENT5A|LRP12|RHEB|DHX15|PSMA2|CYRIB|CAV2|TNPO1|SERTAD3|ATP13A3|SCN1B|PLSCR1|H2BC8|MRGBP|MED14|EMD|GABARAPL1|BRAP|CORO1C|TFRC|MED8|OTUD4|CDS2|NUP58|YME1L1|ZC3HAV1|ZFP36|PSMA3|PPP3CA|FOSL2|ZNF562|BCL2L11|ACOT9|TDRD7|GYPE|WARS1|GSTO1|SNIP1
GSE557_WT_VS_CIITA_KO_DC_UP	0.523346303501946	0.94581767478655	-0.273891081818982	-0.97108939546565	3496	186	TRIM45|TCN2|CDC26|PDLIM2|H2BC13|TIMM8B|LCAT|ACAP1|MTG1|TMED9|ATP13A1|PHPT1|IFT140|ABHD17A|ELL3|RRBP1|NUDT16|APH1B|LGALS3BP|STARD3|WDR83|TIRAP|TMEM18|RABL2A|CSGALNACT2|ZNF329|DDT|FANCA|IL16|RPP14|TRMT1|WDR24|MYBBP1A|DGCR8|NDST1|SLC37A4|RAP1GAP|ZMYND11|DYNC2I1|TTC28|TMEM147|RCN1|TBCCD1|SLC20A2|NOPCHAP1|MTG2|TEDC2|COASY|PTGR2|ZDHHC14|TXN2|TOR3A|POLDIP2|STARD5|SEC61A2|FAM168A|ANGEL2|OIP5|AKR7A2|MFHAS1|ARFIP2|IKBIP|MGST2|ORMDL2|SLC25A39|PGLS|MATK|OBI1|HINT2|NAT10|PCTP|COLGALT1|ZNF563|NUDT19|EID1|COMMD5
KEGG_MEDICUS_REFERENCE_MISMATCH_REPAIR	0.523601197329035	0.94581767478655	0.354478400645562	0.957932351612652	2273	26	RFC4|MSH2|MSH3|PMS1|RFC5|RFC1|RPA2|PCNA|RFC3|PMS2|EXO1|POLD4|POLD3|RPA3
PID_FGF_PATHWAY	0.523545037430572	0.94581767478655	0.308457737398154	0.959967698756216	2167	50	SRC|RUNX2|PIK3CA|SPRY2|MAPK1|BGLAP|SPP1|FGFR1|CTNND1
WP_EXTRAFOLLICULAR_AND_FOLLICULAR_B_CELL_ACTIVATION_BY_SARSCOV2	0.522980736735384	0.94581767478655	-0.321758439287346	-0.959862164118601	3094	53	CCR7|C3|IFITM1|PDCD1|CD19|IFIT2|ITGAX|BCL6|ISG15
REACTOME_EARLY_SARS_COV_2_INFECTION_EVENTS	0.523884514435696	0.946159186021143	-0.348663137903451	-0.957486300694075	2993	34	GPC1|HSPG2|CHMP6|CHMP4A|AGRN|SDC4|CTSL|GPC2|CHMP7|FURIN|SDC3|PIK3R4|CHMP4B
GSE6259_FLT3L_INDUCED_DEC205_POS_DC_VS_CD4_TCELL_UP	0.524282874183471	0.946708309237934	0.262590066207088	0.973167782078051	1845	155	SETDB2|RFX3|NKIRAS1|TMEM135|SLC39A10|DERA|MOB4|RANBP2|RAB22A|MEF2C|SNAPC1|NCBP2|DENND6A|RANBP9|MTSS1|EHD3|RNF144A|SOS2|MED17|GOLGA4|PPA1|TENT5A|MOSMO|EIF1B|SSB|NME7|CELF2|CDK2AP1|TSG101|TUBB1|DNM1L|AZI2|LRRC58|PPP4R3B|TMED8|PPP2R5C|MAPK14|FUCA2|CAPZB|ATP11B|SYF2|STARD7|PPID|CDC42SE2|EXT2|FAF1|ZYG11B|THUMPD1
BIOCARTA_PDZS_PATHWAY	0.525310834813499	0.946989973417473	0.396486571454216	0.94964726145021	2365	16	DLG2
BONOME_OVARIAN_CANCER_POOR_SURVIVAL_UP	0.525278293135436	0.946989973417473	0.342612731817644	0.953056733607512	2264	29	REV3L|PEX3|GULP1|PDE8A|RECK|ZBTB16|IGFBP5|ITM2B|LEPR|RB1CC1|TAX1BP1|SEC63
COLINA_TARGETS_OF_4EBP1_AND_4EBP2	0.526426321316066	0.946989973417473	0.243971901309459	0.979563536700963	1503	318	TCEAL1|TTK|FOXA1|CCL5|SESN3|HLA-B|HSDL2|TMEM53|HAT1|LAMP2|MME|TOP2A|ABCC4|ANLN|MTREX|IMPACT|PBK|PHLDA1|LGALS8|RFX5|CCNA2|AKAP12|CCNB1|FMNL3|BMI1|CRYZ|PALS2|POLA1|ECT2|RBMX|ATP1B1|NDC80|MFSD1|RAP2A|NUSAP1|NEO1|PLPP3|RECK|PERP|GPRASP3|HOXA5|C1S|FOXC2|CCN5|FOXP1|SKAP2|ASNSD1|HAUS1|GRK5|CREG1|THOC1|CELF2|NAMPT|RAB28|AGGF1|DBF4|RFK|ABCB1|MAPRE2|ALDH2|NDN|TRIM32|MGST1|CR1L|RACGAP1|TPP1|UBQLN1|SUB1|TUT4|TOR1AIP1|NEK2|SMPDL3B|VAMP3|IL13RA1|PLSCR1|LRRC40|CHRAC1|OSBPL3|BHLHE40|FUCA1|MMACHC|ZZZ3|PHKA2|PAX8|ATM|PNP|NDC1|EIF1AX|IFT20|BCAT1|PIR|RBM12|ORMDL1|STAT1|GALT|SNRPD1|PAFAH2|PCBD2|KYAT3|CDK8
DACOSTA_UV_RESPONSE_VIA_ERCC3_XPCS_DN	0.524796641301496	0.946989973417473	0.285736663898955	0.961492742253021	1999	81	PLCE1|TMCC1|PIK3C2A|RALGAPB|RANBP2|SMAD4|ABCE1|TSC22D2|MPHOSPH9|PTX3|BICD1|SOS2|PDS5B|PCCA|GRK5|UBXN7|BMPR1A|CUL2|DLG1|CDKN1B|TOGARAM1|PTEN|AVL9|RB1CC1|HERC4|TGFBR3|E2F5|AKAP10|DST|RPS6KA3|TERF1|GPATCH8|AGO2|ZEB2
FARMER_BREAST_CANCER_CLUSTER_4	0.524900837373292	0.946989973417473	0.400751432345997	0.946074288436162	2381	15	FBN1|CTSK
GRADE_COLON_VS_RECTAL_CANCER_UP	0.525739576054041	0.946989973417473	0.334051643596963	0.955362821577883	2256	33	INSIG2|PALMD|ZWILCH|ERO1A|RPRD1A|RYK|RNASEH2B|CANX|ALG5
GSE13522_CTRL_VS_T_CRUZI_Y_STRAIN_INF_SKIN_BALBC_MOUSE_UP	0.524729156853509	0.946989973417473	-0.287007962028207	-0.971750593226969	3341	125	TSGA10|SLC30A4|FZD7|CPT1C|CCS|HOOK2|BSG|ZC3H12C|ARL9|MYH8|TPD52|NAPSA|ICAM1|MAD1L1|SCAP|SRM|KLC2|POLR3K|MRPL57|NT5C|PLXNA3|TSR2|POMP|RPS26|MPI|GNA12|MRPS18A|AK4|METTL13|PACSIN2|RPS19BP1|ZSWIM7|SELENON
GSE1460_INTRATHYMIC_T_PROGENITOR_VS_THYMIC_STROMAL_CELL_UP	0.526268522676246	0.946989973417473	-0.274350696117673	-0.972046608817522	3515	183	SHANK1|MC1R|STS|RAB4B|STX11|RAP1GAP2|HAPLN2|SNN|ZNF467|ETFB|TRAIP|PDCD1|CSF2|PLEKHG6|CYBA|QRICH1|LAGE3|ZMYND10|PGS1|LINC00574|MX1|CCDC57|SNRNP200|HSD17B7|APBB3|SOX18|SLC37A4|DNAH3|RAD54L|DYNC2I1|TGIF2|CDK5RAP1
GSE17974_IL4_AND_ANTI_IL12_VS_UNTREATED_6H_ACT_CD4_TCELL_DN	0.526625478081789	0.946989973417473	0.26069157231659	0.972290174387705	1789	166	SAMD5|CCL2|TNFSF4|DNAJC24|CAMSAP2|TMEM51|NEDD4|NPL|TRMT61B|HNRNPLL|ABCC4|TP53INP1|FAM107B|TDRKH|OTUD1|PFKFB3|AASDH|SCFD2|ERI1|TNFSF13B|TSC22D2|MXI1|IFIT3|MED21|AP5B1|IL6R|PDE4D|SYTL2|GNAL|IFIT5|PLS1|TMEM38B|SOCS2|TLR5|EIF4G3|TTC33|ZBTB21|CNOT6L|RB1|CREB1|GALNT1|BMP2K|PLSCR1|SEPTIN11|SGMS1|CTDP1|POLR3G|FABP5
GSE21546_SAP1A_KO_VS_SAP1A_KO_AND_ELK1_KO_DP_THYMOCYTES_DN	0.526875280730648	0.946989973417473	-0.273981653508793	-0.97088623348764	3518	184	MXD3|SPIB|TBC1D1|PURG|MARCKS|SELENOM|PBXIP1|ADGRE5|GON4L|SH3PXD2A|NXF1|CHCHD10|ELL3|SIGLEC10|FYN|GAREM2|ATP2A3|CNTROB|CEP41|GBP2|PLEKHG2|BIN1|CSRP2|BICRA|SYVN1|HDAC7|UCP2|PARP3|SFMBT1|STAG1|GPAM|SIGIRR|SYMPK|REXO5|PAFAH1B3|CEP170B|SMARCA4|TAX1BP3|ANKRD39|SAPCD2|PITPNM1|BCL7A|PHF2|DESI1|RDM1|NFKBIE|CEP89|RBM5|ARVCF|CDCA8|ACSS2|PKIG|CYTH1|MGST2|PPP2R2D|SUPT16H|NSMCE1|PRKCA|STK10|SH3BP5|KIAA1958|ELFN1|KMT2A|LIMD1|STX6|PHLPP1|CDCA4|TPX2
GSE22589_SIV_VS_HIV_AND_SIV_INFECTED_DC_UP	0.525134904856575	0.946989973417473	0.262518993256752	0.972904383289042	1848	155	NOXRED1|SETDB2|KDM4D|MTMR6|TBX3|MX2|C9orf43|CCL5|DHX58|SLC49A4|CD70|STXBP3|CCRL2|FAM174A|TNFSF13B|SLC30A6|GRIK1|EPB41L5|WBP4|CMPK2|IFIT3|NUSAP1|SH2D5|CNIH3|VAPA|TENT5A|CPSF2|FXR1|MAPRE2|SMIM3|SVBP|CYBB|RNF14|MAML2|NOD1|MAPK14|PTAFR|TMOD2
GSE22886_NAIVE_VS_IGG_IGA_MEMORY_BCELL_UP	0.525284738041002	0.946989973417473	-0.277782373319262	-0.972653982304796	3458	167	IL21R|NEIL1|SLC30A4|PBX3|ABCB4|LYST|SH3BP2|APLP2|DGKD|LDOC1|GPRASP1|TCL1A|SLC6A8|PLEKHA1|TPCN1|MGAM|RAB15|IRS2|SLC12A6|TJAP1|VPS72|TREML2|SLC39A4|PHC1|SZT2|SOX18|PER1|RGL2|UGDH|TTC28|MMP17|PAIP2B|ATP6V0A1|IFNGR1
GSE24972_WT_VS_IRF8_KO_SPLEEN_FOLLICULAR_BCELL_UP	0.52698605215282	0.946989973417473	-0.277347194678668	-0.972254171513372	3475	169	LAT|ANO9|IRX5|ATP9B|RAPGEF5|EPB41L1|INKA1|SLC38A10|ACAP1|N4BP3|CUL9|ARHGAP4|IFIT2|GALNT14|UCHL1|FGF17|LAMB3|RHOF|MET|LRRC75A|MAP4K1|TSC1|LYL1|OTX1|RFC2
GSE2770_IL12_VS_IL4_TREATED_ACT_CD4_TCELL_2H_UP	0.525569760978321	0.946989973417473	0.266704323993537	0.968123024643639	1890	133	FAR2|ARMCX1|FOXO1|CREBL2|ARL8B|ATG2B|ARF4|ARPP19|GRPEL2|DENND6A|ITIH4|ATP6V1D|CAPRIN1|FUT8|JAK2|CRBN|C1orf54|DTWD2|ITGA2B|DBF4|LUC7L2|ZNG1A|TOGARAM1|MIS18BP1|GOLT1B|CLUAP1|GOLM2|CETN2|CHMP1B|KLHL7|ATP6V0E1|FBXO11|DIMT1|LAPTM4A|COMMD3
GSE2770_IL4_ACT_VS_ACT_CD4_TCELL_6H_DN	0.525633293124246	0.946989973417473	0.25773916964617	0.976780794591682	1742	187	IL10RB-DT|CD40|BMAL2|DNAJC6|ZNF410|ABCC3|RMI1|PSMC1|RARS1|CCRL2|IL18R1|VPS50|SACS|YIPF6|HSPH1|ZNF274|GAS2L3|TJP2|CRNKL1|WSB2|NLK|ZNF664|MTCH2|GRIA2|MAMLD1|MRPS31|SLC25A3|ZSCAN29|NFE2L2|LAMTOR3|LRP12|MOB3C|CTNS|MED31|HPS5|KCTD11|LINS1|ZFYVE1|PTPRJ|PSMD11|HSP90AA1|ATP6V1B2|ATP6V0E1|UBE2A|PCLAF|MED8|DNAJB6|BTBD7|SAV1|ADAT3|ATP6V1C1|BTG3|SP4|MSMO1|VDAC3|FAM98A|PSMA3|CD82|EED|DAB2|KYNU
GSE2770_TGFB_AND_IL4_VS_IL4_TREATED_ACT_CD4_TCELL_6H_UP	0.526189763543849	0.946989973417473	-0.27361993735278	-0.970128044281745	3515	186	LEF1-AS1|ANKEF1|DERL3|MUTYH|ZNF559|GDPD5|NDUFB8|VILL|EPHA1-AS1|SPIN3|D2HGDH|ECI1|NSUN5|ZNF836|RECQL5|RPP25L|NDUFA11|DDRGK1|HSBP1L1|MUC1|EPHB6|COMMD1|ACP6|IL18BP|TSC1|SNRNP200|CAD|NDUFA1|C12orf76|CLSTN1|NOL4L|GRIPAP1|LRRC37A2|MAF1|MALT1|TMED4|UBE2Q2P13|MLH3|STAG1|MAN2C1|TTC5|DHX30|MED11|NAXD|NCBP2AS2|DCPS|NPTXR|CTSH|VPS36|ADAT1|DNAJC19|LINC00667|RBCK1|ANGEL2|PRPF8|NEK8|KMT2D|B3GALT6|PSMB3|COA5|TMEM218
GSE2770_UNTREATED_VS_ACT_CD4_TCELL_6H_DN	0.52482696358712	0.946989973417473	0.257965770175593	0.9758319948475	1743	184	ZC2HC1A|EGR3|CD40|AKAP5|FAM135A|ALG11|MBLAC2|BBS2|VPS54|PPM1B|RSRC2|MRTFB|BMI1|DMXL2|DDHD2|SLK|EARS2|PPIP5K1|LMO7|ATG10|PJA2|CHIC1|PTPN14|SCN8A|RAP1B|FAM83G|ZFP14|IFT74|PARD3B|UBQLN2|CELF2|NAMPT|ARHGEF12|PTK2|PSTK|CYP4V2|HYCC2|DTD2|KMT2E|TTC3|GART|NRF1|FRYL|PARP16|RAB6B|OSBPL3|GTDC1|TMEM181|RYK|TIPARP|RUSF1
GSE37319_WT_VS_RC3H1_KO_CD44LOW_CD8_TCELL_DN	0.526908292147172	0.946989973417473	0.272712587825051	0.966077302388044	1918	113	GPR137B|CD36|PPP2R3A|BLTP3B|HIF1A|BACE2|PHLDA1|KLF10|SVIP|DENND4C|RANBP9|GLIS3|GARIN1A|TMEM88B|EPGN|RUNDC3B|HS3ST2|RNF125|STAU2|CMPK1|ETFDH|RAPH1|PPFIBP1|ATG9B|PDE7A|DNAJB9|CHMP4C
GSE37605_FOXP3_FUSION_GFP_VS_IRES_GFP_TREG_NOD_DN	0.526375819788993	0.946989973417473	0.264147521833079	0.97023026983968	1845	146	PITPNC1|MYO1F|RAD54B|KAT2B|LGALS3|ST8SIA6|NAB1|CAPN2|ARHGAP27|PXYLP1|SCN4A|SYNE2|NIPAL1|PMFBP1|TMPRSS13|IL1RL1|DOCK10|S1PR1|TXK|SH2D4B|TMEM176B|NCKAP1|CDC14B
GSE43955_1H_VS_60H_ACT_CD4_TCELL_DN	0.525326053988474	0.946989973417473	-0.2778785327266	-0.97390940490073	3463	168	KRT15|FSTL3|SLC30A4|ADGRD1|FICD|LYST|C5|DIAPH2|RPS29|RUFY1|ITGA7|ITGAX|KRT4|TGFB3|TPH1|KIFC2|ATP9A|CDKN2D|NFIL3|FASTK|CRYM|AKAP8L|ACYP2|CALR|LTBP4|KHDC1L|IL17RA|ENDOG|ALG3|REXO1|RAD54L|PACSIN1|NEK6|IL6ST|RRP1|HBZ|KCNH2|ELL
GSE5142_HTERT_TRANSDUCED_VS_CTRL_CD8_TCELL_LATE_PASSAGE_CLONE_DN	0.525953627524308	0.946989973417473	-0.273800168256568	-0.971987842482214	3515	188	VWCE|SMAD7|TSC22D3|LATS2|TCN2|ADGRG3|FCSK|PRKCZ|MINDY1|H2BC13|FAAP100|ADGRE5|TRIO|SH3PXD2A|DGKD|KLF7|DENND11|DENND2C|GLG1|TTYH2|FRMD6|TIRAP|TRIB3|FRMD8|RAMP1|BRAT1|RFX1|KCTD10|TMEM42|RHOB|PAQR7|POLG|NCKAP5L|SHOC2|TP53I13|TTC28|PHETA1|MFGE8|KLHL21|XYLT2|CASC3|RHEBL1|C8orf82|SLC25A35|PITPNM1|THRA|PGAP6|NBEAL1|GALNT2|PTTG1IP|TCTA|PNPLA2
GSE5679_CTRL_VS_RARA_AGONIST_AM580_TREATED_DC_DN	0.526189404172295	0.946989973417473	-0.273466697008071	-0.97146077807381	3505	190	PLCB4|NEIL1|LATS2|STX1A|B4GALNT4|PHYHD1|FCSK|L1CAM|FAM193B|DDB2|CLCN2|ARHGAP45|CARNS1|KLF7|MICU3|PCYT1B|TTYH2|CCNL2|FRMD6|FHIP2B|TRIP6|ACSBG1|DGAT1|CAPN15|ZBTB20|MAP3K3|PLD2|POLG|PPOX|UNC45A|PYROXD1|MALT1|RGL2|SHOC2|SMIM14|REXO5|CLCF1|SLC20A2|NIBAN1|TMC6|TAX1BP3|MAN2C1|RHEBL1|ZNF786|RNASET2|PITPNM1|TRIM11|PINK1|HABP4|GRAMD1A|LEMD2|PTTG1IP|TCTA|TXNRD3
PID_S1P_S1P2_PATHWAY	0.526327632763276	0.946989973417473	0.364513822885826	0.950191020824503	2338	22	GNA13|GNAI3|S1PR2|GNAQ|MAPK8|MAPK1|RHOA|ELK1|MAPK14
REACTOME_FCERI_MEDIATED_NF_KB_ACTIVATION	0.526577638125164	0.946989973417473	0.286336503960583	0.961764900357561	2010	80	IGHE|PSMC6|PSMC1|PSMD5|RASGRP4|TAB2|PSMA1|PSMA4|UBE2N|PSMD6|MS4A2|FCER1G|PSMD10|SKP1|PSMA2|CHUK|PSMA6|UBE2D1|PSMC2|PSME4|FBXW11|PSMD14|PSMD11|UBE2V1|PSMC5|PRKCQ
REACTOME_NOTCH3_INTRACELLULAR_DOMAIN_REGULATES_TRANSCRIPTION	0.526777677767777	0.946989973417473	0.364463071336709	0.950058724973876	2340	22	KAT2B|PLXND1|MAMLD1|RBPJ|SNW1|HEYL|MAML2|EP300|STAT1|DLGAP5
WP_GABA_RECEPTOR_SIGNALING	0.525866050808314	0.946989973417473	0.356820125556244	0.953646187095456	2276	25	GABRG1|GABBR2|ALDH9A1
WP_KYNURENINE_PATHWAY_AND_LINKS_TO_CELL_SENESCENCE	0.526865008880995	0.946989973417473	0.396091945143239	0.948702069803135	2372	16	FOXO1
KEGG_LYSOSOME	0.527086614173228	0.94700115143563	-0.288368215726522	-0.966871805066664	3346	115	GAA|IDUA|SMPD1|ARSA|CLN3|GGA1|PLA2G15|TCIRG1|SGSH|NAPSA|PSAP|CTSA|IGF2R|CTSD|HEXA|GNPTG|CTSL|GNS|AP3D1|MCOLN1|ENTPD4|CLTA|LAMP1|AP1B1|ATP6V0A1|DNASE2|NEU1|AP1M1|AP1S1|MANBA|ATP6V0A2|ATP6V0B|ACP2|CTSZ|CTSH|ABCA2
GSE24634_TREG_VS_TCONV_POST_DAY7_IL4_CONVERSION_UP	0.527535359614806	0.947079214650535	0.257850916713537	0.975397527581098	1752	184	PTGDR2|LBHD1|GJC2|EMC9|CDC7|PLK4|DCLRE1A|DTL|CKS2|CORO1A|IL18R1|RFC4|KIF11|CCNA2|CCNB1|ZWILCH|GINS1|RRAS2|AGK|TMEM106C|RBM4B|NUSAP1|IL32|SYT11|FGFR1|FUT8|TYMS|DONSON|RRM2|ITM2A|BUB1|TARS1|MYB|KIF15|ELOVL6|PPP1R16B|RBBP8|CDKN3|ZWINT|ATAD2|LMNB1|BLM|NCAPG2|CENPE|PCLAF|CENPS|HJURP|CCNB2|EXO1|KNTC1|TPGS2|DLGAP5|WDHD1|MED20|MELK|FEN1
GSE29618_LAIV_VS_TIV_FLU_VACCINE_DAY7_MDC_UP	0.527601809954751	0.947079214650535	0.259308781819687	0.975415055599034	1748	178	FOSB|STK38L|ZNF107|IMPG2|PTER|ZNF614|FBXL8|AMMECR1|NEK9|TFAP4|NR4A2|LYPLA1|LZTFL1|SCCPDH|CLK1|XPO7|ZNF33B|CNOT7|TSPAN12|DKK3|TPTE|TMEM176B|FXR1|NUBPL|ZNF451|CCSER2|CUL2|PRMT3|ZMAT3|NEU3|ZSCAN9|NPAT|SETMAR|TNPO1|ORC3|PUM1|GALNT1|FYCO1|CHMP1B|USP16|RFWD3|GORASP1|MORC3|CRK|VDAC2|ANKRD17|DAB2|PRKX|PDSS1|RASA2|SSX1
GSE7460_TCONV_VS_TREG_LN_DN	0.527601809954751	0.947079214650535	0.259311177673802	0.975424067835945	1748	178	ELK3|CNRIP1|VAV2|CD83|LPXN|SLC9B2|SNX18|CCNE2|TTC8|TMEM64|HNRNPLL|VPS54|CCRL2|PEAK1|SH3BGRL|TSC22D2|SH3BGRL2|FNTA|PROS1|PRKRA|POGLUT2|HK2|CD274|PLXNC1|PHETA2|SLC35D1|NCKAP1|ZBED5|SAMSN1|SNX13|SOCS2|IL10RA|INPP5F|PHTF2|TGFBR1|SOAT1|CNKSR3|ABCB1|KLRG1|CYP4V2|ATP2A2
HANN_RESISTANCE_TO_BCL2_INHIBITOR_UP	0.52724358974359	0.947079214650535	-0.37600998999598	-0.949024769458084	2960	23	FAM171A1|TNFRSF8|VCX
REACTOME_SEALING_OF_THE_NUCLEAR_ENVELOPE_NE_BY_ESCRT_III	0.527418791477471	0.947079214650535	-0.354902457446579	-0.951370470150865	3019	30	TUBA3E|CHMP6|CHMP4A|CC2D1B|TUBB2B|TUBA1B|TUBB3|CHMP7|TUBA3C|LEMD2
WP_ALLOGRAFT_REJECTION	0.527825871877319	0.947312015359293	0.301158050115082	0.956031317899605	2133	57	CXCL8|CD40|HLA-B|PECR|CD80|C2|C8B|HLA-C|CXCL11|CASP3|ABCB1|GABPA
REACTOME_CELL_CELL_JUNCTION_ORGANIZATION	0.528151469855506	0.947726931428239	-0.309872540044252	-0.960080615627346	3179	66	CADM2|ADAM19|CLDN7|CLDN6|CDH15|CLDN12|CLDN11|ZC3H12A|HOXC8|AFDN
REACTOME_GLUCAGON_TYPE_LIGAND_RECEPTORS	0.52824757106873	0.947729958603737	-0.379691149965837	-0.946794142945142	2935	22	GNG8|GNB3
GSE3982_EOSINOPHIL_VS_MAC_UP	0.528506787330317	0.948025577416319	0.259208932903535	0.975039464246455	1751	178	ANKMY1|ZNF14|GLMN|NXN|PODNL1|PMS2P3|DARS1|RSL24D1|RAPGEFL1|GNAQ|PTPN2|ZNF184|PNPLA6|RANBP2|NR4A2|SLC44A1|ADD3|CLK1|ZNF34|FAM13B|NUP133|HSD17B11|SYNE2|MYT1|POU3F1|MLC1|SYNE1|PLA2G4A|GRIA2|HPCAL4|ITIH4|KIT|PCDHGB5|ASNSD1|DBT|ZNF250|DDX18|PIGH|WIPI1|HMGN1|LUC7L2|ZNF117|KDM6A|HEYL
GSE8835_CD4_VS_CD8_TCELL_DN	0.529012345679012	0.948762895466487	-0.281271249442429	-0.969004675825355	3427	144	TREX2|SYPL2|ZFP42|WDR25|PTPRU|TMEM9|HSPB3|CTU1|STK36|GON4L|KATNIP|GPX8|MYO1A|GPC1|SKIDA1|CMKLR1|ODAD1|PIGR|SLC16A5|KIF5A|AKNA|DACH1|TMED1|ADGRB3|TMEM79|SAP30BP|SOX18
GSE22886_NEUTROPHIL_VS_MONOCYTE_UP	0.529311809685642	0.949130394002228	0.264287643859047	0.967041160212399	1868	142	SLC18A2|PTGDR2|FOXA1|SIGLEC8|TCN1|MANSC1|MME|BACE2|DLC1|MYCBP|CT55|ZNF816|EFHC2|RECK|FRAS1|CHRNA3|NPAS3|GPLD1|ZNF507|CHST3|BUB1
GSE18893_CTRL_VS_TNF_TREATED_TREG_24H_UP	0.529420685471641	0.949156070863428	-0.277451591421347	-0.972413059902624	3490	168	MTCL1|IL17B|GLYCTK|OSMR|TBC1D2|RHBDD3|PSMB9|EREG|HYOU1|ETHE1|MYPOP|MMEL1|ZSWIM5|UCHL1|SLC23A3|CRISPLD2|TNFRSF1A|COL6A3|IP6K2|C2CD4B|PCED1B|MED10|NDEL1|EPHX1|NDST1|DHCR7|AP3D1|ZNF628|ACVR2B|CMTR1|ID2|SAMD9L|CAMKK2|NIBAN2|PNPO|PARP12|DUSP5|EPOR|CSTB
REACTOME_SARS_COV_1_TARGETS_HOST_INTRACELLULAR_SIGNALLING_AND_REGULATORY_PATHWAYS	0.529529307282416	0.94918128330373	0.395734806922256	0.947846667986445	2384	16	PSMC6|SMAD4|YWHAQ|YWHAG|YWHAZ|SP1|YWHAH|EP300
FULLER_PBMC_F_TULARENSIS_VACCINE_LVS_AGE_22_54YO_18HR_DN	0.529647144416151	0.949223002258405	-0.409323401458822	-0.949841857157697	2911	16	CCR7|PYCARD|ICAM1|TAP2
TAKEDA_TARGETS_OF_NUP98_HOXA9_FUSION_3D_UP	0.5299022426682	0.949510659033094	0.261797582568634	0.971785615859626	1842	158	TSLP|SAMD9|MEIS1|CD69|IFIH1|MX2|TCN1|SCN2A|ARID5B|DTX3L|PTGS1|DMXL2|RHOBTB1|NFAT5|ATP1B1|CMPK2|IFIT3|RSAD2|FRAS1|TOX|IFIT1|PLA2G4A|TXK|HOXA5|INPP4B|IFIT5
KEGG_MEDICUS_REFERENCE_ORGANIZATION_OF_THE_OUTER_KINETOCHORE	0.53024846957148	0.949961473774499	-0.391348847825432	-0.947736329928092	2944	19	CENPX|INCENP|CENPT|AURKB|PMF1
QI_HYPOXIA_TARGETS_OF_HIF1A_AND_FOXA2	0.530358705161855	0.949989415134671	-0.350141449304596	-0.949558713322915	3030	32	IP6K2|MED15|ATN1|SLC16A3|SRM|TRPC4AP|MYBBP1A|ITGA5|BCL2L1|ACTN4|PPM1G|HK1|JUND|RNF126|PLOD2|ZFP57
HERNANDEZ_ABERRANT_MITOSIS_BY_DOCETACEL_2NM_DN	0.530731269627636	0.950083211584789	0.37947660013036	0.939886141877741	2365	18	CD69|EGR1|IL1RL1|ITM2A
REACTOME_NCAM_SIGNALING_FOR_NEURITE_OUT_GROWTH	0.53070712013702	0.950083211584789	0.302992309998283	0.954293295802795	2168	54	ST8SIA4|PRNP|SRC|MAPK1|COL4A5|FGFR1|NRAS|PTK2|CREB1|PTPRA|PSPN
SWEET_KRAS_TARGETS_DN	0.530789664332287	0.950083211584789	0.307271007724924	0.956274414343687	2197	50	GPD1|RGS2|EPB42|PHLDA1|ETV5|RNF6|SEMA6B
WP_SPINAL_CORD_INJURY	0.530546623794212	0.950083211584789	-0.295948379035397	-0.96218047309753	3299	92	AQP1|PLA2G6|GFAP|C5|MAG|CXCL1|RTN4R|PLXNA2|ICAM1|CCND1|FOS|MIF|SEMA6A|NCAN|IL1B|KLK8
GSE11961_MARGINAL_ZONE_BCELL_VS_MEMORY_BCELL_DAY40_UP	0.531179901301032	0.950357370822465	-0.274491852518115	-0.969877787484164	3551	178	SSC4D|TEP1|SEL1L|AHRR|FZD7|PPFIBP2|C6orf132|ZNF467|SLC12A9|PPP1R14A|COL1A1|TNFRSF21|ZNF710|PNMT|ROGDI|IFITM2|IFT140|GCOM1|APOBR|APH1B|MATCAP1|MFSD12|STARD3|ZNF839|VWA1|ECE1|TPPP3|MAPK7|P2RX6|MAP3K12|KCNK6|TRIP6|CCDC24|TRAPPC1|TSEN34|MTMR10|TSPOAP1|PRKAB2|NUDT17
GSE26928_EFF_MEM_VS_CENTR_MEM_CD4_TCELL_UP	0.531476065876558	0.950357370822465	-0.279035299964209	-0.968792435289601	3452	156	NPFFR2|DND1|BRICD5|TPBG|TMEM52|N4BP3|FGFBP3|SLX4IP|AATK|SNX30|NICOL1|SLC41A2|AQP4-AS1|DSCR10|IER5L|PTK2B|G6PD|LRRC45|NDUFA4L2|KHDC1|F2R|MFSD10|PLEKHF1|GNS|MISP3|EVL|FBXO31|HES6|MFSD9|LPCAT1|BCL2L1|BCL7A|UPP1|METRNL|HIP1|PRR5|C1orf174|TAF5L
GSE27786_LSK_VS_ERYTHROBLAST_UP	0.531333531333531	0.950357370822465	0.254943511086164	0.975193368741748	1788	195	ZC2HC1A|FAM53A|SESN3|TSKS|MFSD14A|BTBD1|ATG4C|ZNF518A|SCFD2|RNF103|NAB1|WASHC4|MEX3B|STYX|RBL2|ZNF32|COPS3|TNKS2|SPP1|GNPDA2|APPBP2|SLC25A36|NDUFV2|ASNSD1|GUF1|DCTN6|IFT74|PPHLN1|CNOT2|ZNF623|UXS1|PDE7A|MGA|PPM1K|TRDMT1|HMG20A|SLF2|IKBKE|IDH3A|MTF2|FUCA2|SFXN2|EFR3A|ERCC5|PRDM2|MYCBP2|CORO1C|IMMP2L|FUBP3|PACRGL|GLRX3|CHM|PHKA2|BTBD2|ZC3H7A
GSE36078_WT_VS_IL1R_KO_LUNG_DC_AFTER_AD5_T425A_HEXON_INF_UP	0.531217248091032	0.950357370822465	-0.273552115638084	-0.969364115491445	3547	184	TNS2|RAP1GAP2|CLDND2|ENKD1|DIPK1A|SANBR|ANAPC11|PAK6|PYCARD|DPH1|H2BC13|FLT3LG|HELB|AMDHD2|DNAJC15|NCCRP1|ITGAX|DENND2C|DKKL1|CYP2S1|SDF2L1|DCAF15|MDFIC|KCNK6|SNHG3|CST3|MTFMT|BABAM1|PPP1R18|TUBGCP2|IL15RA|NHSL3|ID2|PRICKLE3|CAPG|MED11|TMEM128|CCHCR1|SAPCD2|CCNF|METRNL|C15orf39
LENAOUR_DENDRITIC_CELL_MATURATION_DN	0.531605562579014	0.950357370822465	-0.287743569653343	-0.965909866933358	3363	117	ANPEP|C3|CD14|IRF7|CD37|H4C3|PDLIM7|IER3|HSD17B10|IL2RG|STAB1|PTK2B|EMP3|ATP2A3|C5AR1|IL1B|ISG15|SDF2|MICB|ALG3|TNFRSF1B|MAPKAPK2|TSC22D1|DHX8|TAX1BP3|PSEN1|NINJ1|SREBF2
PURWIN_MEWO_SOX10_TARGETS	0.531578947368421	0.950357370822465	0.284285196219065	0.962455332601853	2019	84	FGD4|S1PR2|DUSP22|MEF2C|USP6NL|PLEKHF2|GAS2L3|ADD3|FEM1B|BCAN|P2RX7|TRIM2|ABR|MCC|CHN2|RHOJ|INPP4B|OTUD7B|RPE|ATP11A|NPAT|ANXA5|TTLL4|PTPRJ|ECHDC1|RIPK2
QI_PBMC_ZOSTAVAX_AGE_50_75YO_CORRELATED_WITH_CONTRACTION_OF_VZV_SPECIFIC_T_CELLS_PEAK_TO_28DY_AT_1DYPOSITIVE	0.531449714093508	0.950357370822465	0.247214844998227	0.97673921124972	1579	277	EXO5|IFIH1|TGFBR2|CPVL|TCN1|HLA-B|NABP1|NPL|PPT1|RNF13|VSIR|NCOA4|NAAA|BNIP3L|EIF4E3|PTBP3|FNDC3B|RNF103|ROCK2|GDI2|SYPL1|SMNDC1|YIPF6|SP3|PGRMC2|RBL2|EMILIN2|TMEM140|MORC2-AS1|TXK|CAB39|PCMTD1|CALM2|TMED7|HERPUD1|CAP1|WAC|KIF5B|LCP1|RESF1|B4GALT5|CLIC4|PDE7A|FBXO33|SDE2|ALDH2|CYBB|DERL1|ABHD5|CITED2|CLNS1A|ZNF217|CHD1|WAS|RBM47|PSME4|PHIP|PLSCR1|NACA|ZFAND5|MORF4L1|RB1CC1|TIPARP|SHCBP1|ATP6V1B2|TMEM87A|TTC27|AKIRIN2|DCAF12|DNAJB6|THUMPD1|HNRNPA2B1|SH3GLB1|ZC3H7A|RNF130|BTF3|GATD3|SARAF|ZC3HAV1|GNAI2|SNRK|ARHGAP25|TOMM20|HMGB2|YWHAB|DCAF7|PRKCD|VPS26B|HARS2|PRKCB|ADGRE2|RAC2|PCBP2|DENND5A|IWS1|CTDSP2|EIF3L|PPP4R1|HHEX|CTNNA1|SPEN|LIMS1|DIP2B|SCAF11
KEGG_MEDICUS_REFERENCE_COHESIN_DISSOCIATION_IN_ANAPHASE	0.531829756275009	0.950588869923173	-0.408761426708886	-0.948537785271622	2923	16	CDC26|ANAPC11
GSE12001_MIR223_KO_VS_WT_NEUTROPHIL_UP	0.531983568075117	0.950694508872713	0.26017082116127	0.972253073975743	1812	168	STAP1|MED18|BBS12|SRC|PDCD10|DEPDC1B|ANKRD49|PECR|HNRNPLL|PPP1CC|ERI1|ABCE1|NR4A2|UNK|SHQ1|RRAS2|NKRF|CMPK2|ACSL4|GRK5|UTP3|DNAJA2|PRELID3B|PRMT3|PRMT6|ZCCHC10|CMTR2|CLTC|HEATR1|EEFSEC|CREB1|MRPL30|AIMP1|RBM25|CFDP1|QDPR|MPHOSPH6|NUP54|NEMP1|SHCBP1|LMNB1|SUCLG2|UTP25|THUMPD1|ZZZ3|AHCY|XRCC2|MRPS17|POLR1F|RRN3|DNAJC21|DLGAP5|SMN1|SKIC3|FKBP4|DNAJC3
GOLDRATH_NAIVE_VS_EFF_CD8_TCELL_DN	0.532126696832579	0.950781022215278	0.257440928131447	0.974427070389639	1763	185	MYO1F|TTK|LGALS3|CCL4|PLK4|DTL|CKS2|TOP2A|BATF3|ANLN|KIF11|PRIM1|CCNA2|MAPK6|TMEM37|SYPL1|SH3BGRL|CAPN2|POLA1|ECT2|RAB11A|NUSAP1|MAD2L1|FCER1G|PERP|ELL2|GNG10|LITAF|SKAP2|TYMS|SOCS2|CDK1|CDK2AP1|RFC5|CASP3|BUB1|KLRG1|RRM1|MAPRE2|S100A10|MIS18BP1|STMN1|ANXA1|CA2|NEK2|CDKN3|BMP2K|PLSCR1|PCNA|HPF1|DSTN|BHLHE40|PCLAF|CISD1|TBL2|S100A4|CDC25C|CCNB2|RNASEH2B|MTMR9
GSE15624_CTRL_VS_3H_HALOFUGINONE_TREATED_CD4_TCELL_UP	0.532803180914513	0.951697914022563	0.263058685354097	0.967918773586448	1875	148	MLYCD|CLDN23|RFFL|CCL4|NCOA3|SFT2D2|XPR1|NEK9|CALN1|SMAD2|CRLF3|SDCBP|PICALM|RNF6|MPHOSPH9|IFIT3|DOCK10|SGCB|ICOSLG|C1GALT1|JAK2|PDE11A|MOSMO|NFE2L2|TGFBR1|TAF1A|TRAPPC2|SP1|FBXO28|TRAFD1|KIDINS220|LMBRD1|AZI2|CD47|DCAF4|TNKS|MAPK14|ATP11B|HTATIP2|TBC1D23|DVL3|BRAP|TMEM87A|FCHSD2|MBTD1|PBRM1|ZC3H7A|KBTBD3|AKAP10|PGM2L1
REACTOME_NGF_STIMULATED_TRANSCRIPTION	0.532829475673122	0.951697914022563	0.324045463105619	0.950901989620261	2255	37	FOSB|EGR3|EGR1|NAB1|TCF12|TRIB1|RRAD|EGR2|ELK1|ATF2|CREB1|ATF1|REST|EP300
GSE17721_CTRL_VS_CPG_24H_BMDC_DN	0.533004041311181	0.951840342764923	-0.273749921458662	-0.969918015822427	3560	183	PRG2|VASN|RGS20|SPON2|STX1A|RDH16|POLR2F|TMEM115|PSMB9|MUTYH|MOGS|SEMA3B|TNFRSF8|MMP1|RRBP1|QRICH1|RECQL5|PRKCSH|NOP2|SLC27A1|PGF|TIMP1|TBCB|TTLL1|SH3D19|THAP7|SUGP2|RRP12|RNPS1|RIN1|MAP4K2
REACTOME_PROSTACYCLIN_SIGNALLING_THROUGH_PROSTACYCLIN_RECEPTOR	0.533102946526009	0.951847630243345	-0.408194696349537	-0.947222677913691	2930	16	GNG8|GNB3|PTGIR
KEGG_MEDICUS_PATHOGEN_HIV_GP120_TO_CXCR4_GNB_G_RAC_SIGNALING_PATHWAY	0.533464566929134	0.952154573761495	-0.382308341854244	-0.945638511098342	2980	21	PAK1|GNG8|GNB3
KEGG_MEDICUS_REFERENCE_CXCR4_GNB_G_RAC_SIGNALING_PATHWAY	0.533464566929134	0.952154573761495	-0.382308341854244	-0.945638511098342	2980	21	PAK1|GNG8|GNB3
GSE11057_NAIVE_VS_EFF_MEMORY_CD4_TCELL_UP	0.533792896748089	0.952401901449932	-0.274347979220671	-0.970242916187867	3561	180	NFKBIZ|IGF1R|LEF1-AS1|DNHD1|SNN|IGIP|LZTS3|LINC01089|LAMA5|SNHG32|SREBF1|GPRASP1|AEBP1|ZNF516|KLF7|ZNF763|LAGE3|PIK3IP1|ROBO3|TPCN1|EFNA1|LINC03006|PCED1B|CEP41|SLC12A6|LTBP3|SCARB1|GAL3ST4|PIGL|GGT7|HIVEP1|CENPV|FLNB|TTC28|KLHL2|IL6ST|MTHFD2L|KYAT1|APBA2|AARS1|CLCN5|ZNF275|CHMP7|SPTBN1|DNMT3A|RPS5|CDCA7L|HIPK2|SNPH|TBL1X|TOM1L2|USP11|SLC8B1|ACSS2
REACTOME_ACYL_CHAIN_REMODELLING_OF_PE	0.533756230176711	0.952401901449932	0.367419316358644	0.944354374669712	2355	21	PLA2G3|PLAAT1|PLA2G4C|PLA2G4A|MBOAT2|PLAAT4|PLBD1|PLAAT3|PNPLA8
HOFFMANN_IMMATURE_TO_MATURE_B_LYMPHOCYTE_DN	0.534246575342466	0.952703343984308	0.31675632238749	0.951844312279072	2222	42	CD36|NEDD4|RELN|ATP1B1|LIPC|ATP5F1C|HBS1L|MYB|QKI|CD93
HU_ANGIOGENESIS_UP	0.534172661870504	0.952703343984308	0.376660648524173	0.944684355950336	2375	19	ITGB4|NMD3
REACTOME_PKA_MEDIATED_PHOSPHORYLATION_OF_CREB	0.534228187919463	0.952703343984308	0.384493693802156	0.93653568803702	2387	17	PRKAR1A|CREB1|PRKX|PRKAR1B
GSE34392_ST2_KO_VS_WT_DAY8_LCMV_EFFECTOR_CD8_TCELL_DN	0.534446130500759	0.952889921486077	-0.276695113074588	-0.970169632326319	3521	170	NFKBIZ|PCNX1|STX11|C3|VASN|EXT1|CARD19|GDF15|GPR68|IL4I1|DYRK2|ZC3H12C|IFIT2|PLXNA2|KLF7|RASGEF1B|PILRA|IL2RG|BCL3|MET|IL1B|FAS|DUSP4|ISG15|NFKBID|PLK3|AGRN|JUNB|RHOB|PDGFA|CEBPB|MALT1|RAB30|SLC5A3|ARHGAP22|CMTR1|ID2
KEGG_MEDICUS_REFERENCE_HOMOLOGOUS_RECOMBINATION	0.534591194968554	0.952979295878945	0.332256635281993	0.950229231483609	2294	33	RAD54B|RFC4|RFC5|RFC1|RPA2|PCNA|PALB2|RFC3|XRCC2|POLD4|POLD3|RPA3|BRCA1|POLH|POLK|BRCA2|POLE2
DHIMAN_PBMC_ATTENUVAX_AGE_15_25YO_SUBQ_7_OR_14DY_UP	0.53487810765146	0.953152218108532	0.309724293830953	0.953670672346605	2215	47	PLK4|DARS1|YES1|PROCR|UBE2N|BCAS2|S1PR1|UBE2V2|SRSF8|RPGRIP1L|ATF2|PFN1
GRAHAM_NORMAL_QUIESCENT_VS_NORMAL_DIVIDING_UP	0.53480905711389	0.953152218108532	-0.320139266881661	-0.955031887303348	3164	53	TGFB1I1|HLX|CXCL1|TPBG|GABPB1-IT1
GSE34205_HEALTHY_VS_FLU_INF_INFANT_PBMC_DN	0.535217586361597	0.953587882835945	-0.274076726646417	-0.968410999460124	3578	178	H2AC13|KLHDC7B|DYSF|TCN2|IRF7|STX1A|COX8A|MT2A|IFITM1|GRN|IFITM2|IFI35|HERC6|LGALS3BP|SHFL|TMEM255A|MX1|FAS|IFITM3|MS4A4A|ISG15|ATOX1|H2BC5|TRIP6|CTSD|SHISA5|MICB|AGRN|SPHK1|CTSL|HMGN2|FERMT3|MGRN1|DOT1L|RBX1|OAS3|SLC9A8|SLC38A6|RNASE1|TUBA1B
GSE17974_CTRL_VS_ACT_IL4_AND_ANTI_IL12_4H_CD4_TCELL_UP	0.536831028262177	0.953996367171282	-0.274636970138695	-0.968251563028292	3570	176	ATP2B1-AS1|TPM2|DPEP2|LYRM9|PTPRB|TSC22D3|RAP1GAP2|SLC22A18|ENC1|ITGA4|SYNM|EXT1|SNN|DIAPH2|ACAP1|TNFRSF8|SLC7A7|TPD52|KIFC2|MYO1G|IRS2|C11orf21|TRADD|BIN1|SLC22A23|PCIF1|SLC2A3
GSE23505_IL6_IL1_VS_IL6_IL1_TGFB_TREATED_CD4_TCELL_UP	0.53642483171279	0.953996367171282	-0.272449689894032	-0.96719365788299	3585	188	SLC26A11|IDUA|ALKBH6|ZNF467|RHBDF1|GSDMD|UBA7|IZUMO4|ZNF710|DBP|PDE6D|ZNF516|MSI1|DCAF11|RASGRP1|TMEM8B|MED15|ZNF446|MTLN|PHLDB1|P3H1|RGP1|TRPM1|AKAP8L|SLC16A5|RPS10|ZBTB20|SLC39A4|HEXA|PDRG1|CDK10|FAM118A|FASN|ISCA2|DYNC2I2|SIRT4|SUPT7L|MRPL24|C8orf82|CD81|CKB
GSE26030_UNSTIM_VS_RESTIM_TH17_DAY5_POST_POLARIZATION_UP	0.537045489122166	0.953996367171282	-0.27682974942103	-0.967301373914255	3529	163	RINL|TCEA2|POU2F2|C1QTNF12|AKAP13|BSCL2|CASTOR1|CHST12|MOGS|CUL9|ECI1|DOK6|RASGRP1|SPINT2|NME3|PTPN3|WDR83|CTSA|MACROD1|SLC1A5|PLK3|HEXA|ENTPD6|PPP1R12C|MLH3|HSPBP1|UQCC3|CEP170B|PARP12|NUMA1|CKB|SREBF2|ZNFX1|MTM1|SH3BGRL3|BRD2|ST3GAL3|LDAF1|EHHADH|PLEKHO1|RILPL1|CCDC125|E2F6|SELENON
GSE3982_BCELL_VS_BASOPHIL_DN	0.536406341749853	0.953996367171282	0.259456097363535	0.970596823895422	1826	169	CXCL8|FAR2|CD3G|SGPP1|SLC25A44|RIMS3|TMEM59|CHPT1|TOB1|NLK|PLGRKT|ITPRID2|FAM124B|CDHR1|SLC2A10|IL32|GRIA2|FAM186A|DAZAP2|INTS12|OSGIN2|RTN3|LRP12|CREG1|ACTR2|CA8|MYB|DRAM1|UBE2D3|ABHD5|GLUL|SERINC1|SFXN1|ATP1B2|ZNF148|SLC4A1AP|PARP4|OSBPL3|RAB31|H3C10|BHLHE40|FUCA1|ZDHHC7
GSE43955_TH0_VS_TGFB_IL6_TH17_ACT_CD4_TCELL_52H_UP	0.536388140161725	0.953996367171282	-0.273299425498449	-0.967746761878357	3581	182	NFKBIZ|TAGLN|AQP1|MADCAM1|SH3BP2|KRT12|WNT3|HYOU1|ZC3H12C|CSF2|SLC7A7|CASQ2|PALD1|CPS1|FOS|CHD4|STAB1|FHL1|GDF9|SH3D19|PHKG1|BCL6|DACH1|YJU2B|MERTK|HPGD|JUNB|RHOB|PDRG1|SGK1|NR4A1|MYBBP1A|POLG|MAPKAPK2|G0S2|TNIP1|VAC14|RNASE1|HSPA1A|METTL17|STMN3|PDXK|P3H3|VEGFA|C15orf39|ADCY3
GSE5679_PPARG_LIGAND_ROSIGLITAZONE_VS_RARA_AGONIST_AM580_TREATED_DC_UP	0.536052988107783	0.953996367171282	-0.272819999405683	-0.970201950161069	3560	193	COX6B2|VWA7|BRME1|NDUFB2|UQCR10|ETHE1|MRPL14|PDE6D|DNAJC15|NAA38|CHCHD10|KLF7|HSPB6|TPD52|PHB1|ST6GALNAC6|PTGIR|MIF|TMEM107|PSMG4|TBCB|PHLDB1|CAMK2N2|SDR39U1|COBLL1|LRRC75A|LIG1|ACYP2|CHCHD6|PELP1|THAP7|MZT2B|SF3B5|CTC1|SMDT1|SEMA4C|UQCRQ|CDC42EP4|WDR83OS|C19orf47|ITGB1|SFMBT1|MAPKAPK2|SPATA24|UGDH|TMEM147|DLL3|PAFAH1B3
GSE6259_FLT3L_INDUCED_VS_WT_SPLENIC_DC_33D1_POS_UP	0.537062509552193	0.953996367171282	-0.277436184713814	-0.967231507674323	3513	160	NFKBIZ|PLCB4|PBX3|CD14|CIITA|FGD3|GSDMD|TMCC3|CRYBG1|NAPSA|STARD3|TMCO6|MED22|PGS1|C5AR1|FOLR2|LRRC75A|SP100|DCXR|CST3|HPGD|LPIN2|GPR107|KCTD10|SLC25A16|RILPL2|SLC5A3|TTC28|SMIM14|TNIP1|OSTM1|RNF24|TENT4A|CAPG|PARP12|IRF9|SURF6|IQSEC1|AP1M1
GSE6269_FLU_VS_STREP_PNEUMO_INF_PBMC_UP	0.536055867618036	0.953996367171282	-0.277121410187629	-0.968149060922646	3530	162	TYMP|IRF7|RHBDD3|RPL28|COX8A|PSMB9|IFITM1|CHST12|NXF1|IFITM2|IFI35|IFI16|HERC6|GLG1|LGALS3BP|IL2RG|CHD4|DCAF15|MED15|SHFL|TMEM255A|MX1|IFITM3|CALR|YPEL1|ISG15|HMGXB3|SP110|MED24|PHF11|MLEC|ABL1|AP3D1|OAS3|CMTR1|HELLS|SMARCA4|PARP12|IRF9
GSE9006_HEALTHY_VS_TYPE_1_DIABETES_PBMC_4MONTH_POST_DX_DN	0.536981358989778	0.953996367171282	-0.274604266806738	-0.96813626517794	3571	176	FAM234B|CELSR3|RPGR|TIMM8B|NDUFA3|H4C3|DYNLRB1|ING4|KRT4|ZIC1|TGFB3|UBA52|LRRC75B|PLEKHA1|ZBTB3|NOP2|ACTN2|DZANK1|ID3|LRRC20|CYREN|RPS16|SDF2|DPF1|POLR3K|IL23A|NOP10|ITFG2|VPS52|DNAL4|ZNF764|ZNF133|RPP38|CCDC51|MRPL17|EPOR|PPME1|BBC3|TRIM27|PTRH2|CSRNP2|TAF5L|CD52|ZNF646|EFNA3|TMEM177|NIF3L1|RALGPS1|DNAJA3|BTN2A1|ZKSCAN3|ABHD6|RNF34|ORMDL2|RABEPK|SDHAF1|CBY1|YIF1B
GSE9988_ANTI_TREM1_VS_VEHICLE_TREATED_MONOCYTES_DN	0.536793299431648	0.953996367171282	-0.27268997630473	-0.967267668917957	3588	187	POU2F2|CD14|PLXNB2|ENG|MGAT4A|GRN|SYNE3|ZNF710|SUN2|ARHGAP45|CXCL16|DENND11|SH2D3C|PPM1F|BRD3|BCL3|TNFAIP8L2|AMPD2|BCL9L|TRADD|AKNA|PSAP|TACC3|MAP7D1|GAL3ST4|USP19|GPR107|STK11|MAP3K3|DUSP7|ARHGAP1|ELOVL1|NDST1|RGS19|NISCH|NCKAP5L|PRELID1|KLF13|TGIF2|ARHGAP22|GIT2|USB1|TCHP|ULK1|MR1|ATXN7L3|CTSH|PINK1|NECTIN2|TNFAIP2|ZNF780A|PTTG1IP|MAST3|PPP1R9B|RHOG|MAVS
HOSHIDA_LIVER_CANCER_LATE_RECURRENCE_DN	0.53690596562184	0.953996367171282	-0.316776169269287	-0.953937454903348	3185	56	LCAT|PEMT|COBLL1|DACH1|SULT1A1|PITX1|ZBTB5|PPOX|PCYT2|HSPBP1|GCHFR|ZER1|ATP5F1D|ACP2|URB2|PSMB3|MAOA|ALAD|TMEM11|U2AF2|USF2
KEGG_MEDICUS_PATHOGEN_ESCHERICHIA_ESPG_TO_MICROTUBULE_RHOA_SIGNALING_PATHWAY	0.536922517279011	0.953996367171282	-0.407051207181681	-0.944569192012408	2951	16	TUBA3E|TUBB2B|TUBA1B|TUBB3|TUBA3C|TUBB4B
KEGG_MEDICUS_PATHOGEN_HIV_GP120_TO_TNF_NFKB_SIGNALING_PATHWAY	0.536237188872621	0.953996367171282	-0.41231460077324	-0.941595587342722	2929	15	TNFRSF1A|TRADD|IKBKG|TRAF2|TAB1|TRAF5|RELA|TAB3|NFKBIA|IKBKB
KONDO_PROSTATE_CANCER_HCP_WITH_H3K27ME3	0.535655058043118	0.953996367171282	-0.306673817667596	-0.958309363360448	3229	70	FAM171A1|SAMD11|COL14A1|SLC29A1|ZNF516|DNAJC22|RASGRP1|CA12|NFATC4|UQCRQ
PID_GMCSF_PATHWAY	0.536454693687398	0.953996367171282	0.331863345891428	0.949104453117541	2302	33	CCL2|PIK3CA|MAPK1|YWHAZ|JAK2|NRAS|STAT1|SOS1|MAP2K1|PTPN11|SHC1|PIM1
RICKMAN_METASTASIS_UP	0.536741214057508	0.953996367171282	0.242220154354819	0.975990177505963	1511	331	ARMCX1|MSL2|C2CD5|MRPL1|ZNF26|SMARCA1|GPRASP2|ZNF75A|ZBTB33|VBP1|COPS8|BBOF1|WDCP|NAP1L5|AMZ2|TAF9B|DDR2|NEK9|SCFD2|PLEKHA5|NBR1|THOC2|LRP6|YIPF6|ARMCX6|NUP107|SUMO1|SVIP|SH3BGRL2|ETV5|CCP110|ZNF92|FAM13B|IDH1|TCEAL8|METTL21A|HSD17B11|LAMA2|SNHG14|FRZB|GPRASP3|BEX3|ERCC8|NOP58|APPBP2|ASB3|ZNF449|FAM229B|MFF|RPE|SLC25A14|FAM133B|PPIG|ARL17A|MRPS35|B4GALT5|MTHFSD|YARS2|DNAJB11|MOB1B|PRR3|TIGD1|MGA|CAND1|PSMD10|MAGI2|RNF25|ZNF621|PAPOLA|TPST1|CREB1|PPWD1|LRRC23|SDAD1|TMED8|MFAP3L|RBM25|DCUN1D1|ABCB7|CETN2|HSD17B12|MPHOSPH10|NEPRO|H2BC8|SEC62|JAGN1
WP_NEUROGENESIS_REGULATION_IN_THE_OLFACTORY_EPITHELIUM	0.536510638297872	0.953996367171282	-0.326347881870666	-0.950699715454105	3151	46	RTN4R|NTRK3|DISC1|NRG1|AGRN|NDEL1|ID1|ID2|GSK3B|HES1|PAFAH1B1|PSEN1
AMIT_EGF_RESPONSE_120_MCF10A	0.538021825740516	0.954087046510378	-0.335570186841457	-0.946575584784655	3105	39	ENC1|GDF15|EREG|IL1B|AP1S1|EPOR|CDV3|SPRY4|PCBD1|PTPA|SH2D3A
BOYLAN_MULTIPLE_MYELOMA_C_CLUSTER_UP	0.537872192234024	0.954087046510378	-0.342096554561893	-0.945862287677211	3088	35	MSH5|B3GNT8|EPS8|PPM1F|POMT1|CAD
BYSTROEM_CORRELATED_WITH_IL5_UP	0.538141470180305	0.954087046510378	-0.337523335255037	-0.943332868568323	3103	37	PRG2|IL11RA|POLR2L|GTF3C1|LYL1|DYNC1H1|HIP1R|RPS12|GATA2|CTSH|GATA1
GSE14308_TH2_VS_INDUCED_TREG_DN	0.538023098845058	0.954087046510378	-0.272789344141589	-0.968431680352471	3586	189	SLC26A11|WFS1|CLDN7|SPPL2B|C6orf132|THEM6|FAM120C|HOOK2|KCNAB3|TRIO|SUN2|PHPT1|QSOX2|SDR39U1|C2orf76|POLR2E|MIB2|MYO9B|GPATCH3|NECAP2|CPQ|TELO2|TRAPPC5|GFUS|MLEC|NOP16|ARFIP1|NDST1|PRKAB2|RGS19|NISCH|MRPL2|MAP1S|DYNC2I1|HDAC5|PCNT|SPATA2|RNF24|IL6ST|POMP|PEF1|PLEKHH1|LCMT2|STN1|PRR14|NT5DC3|CSTPP1|TXN2|SLC22A5|SEC61A2|RBM10|METTL13|BLOC1S5|EIF4A1|JADE3|NFKBIE|POC5|TFAM|CRELD2|ISY1|TBC1D13|HIRA|SETDB1|COX19|LAS1L|GET4|NOTUM|MKNK2|ZPR1|DHX32
GSE33292_WT_VS_TCF1_KO_DN3_THYMOCYTE_UP	0.537533916189328	0.954087046510378	0.258395873630741	0.974404934541203	1782	181	CXCL8|MTMR6|CD69|RNF11|INSIG2|IL10RB|CTF1|ST3GAL5|SLC25A46|RIMS3|RNF13|MOB4|H2BC21|RFX5|CRYBG3|MXI1|WASHC4|RHOBTB1|MFAP3|CLK1|BCL9|ZNF32|LINC01138|SCN4A|MTSS1|RPS6KA2|ARL3|KDM4C|CARD10|POU4F1|ZNF623|HBS1L|MYB|SNX19|PTPN12|DNAJB9|ABI1|ZSCAN9|MAGI2|SECISBP2L|RNF14|STX7|SERINC1|RYK|MAGI1|RB1CC1|H3C10|CTDP1|BTBD3|H2AC6|SH3GLB1|OPTN|N4BP2L2|IMPA1|GORASP1|ZFP36
GSE34156_NOD2_LIGAND_VS_NOD2_AND_TLR1_TLR2_LIGAND_6H_TREATED_MONOCYTE_DN	0.537866140537259	0.954087046510378	-0.276465400677327	-0.967257307327062	3543	165	GNAS-AS1|MATR3|APLP1|IFI30|CDC26|HOMER3|RTKN|STK36|APOE|COX6B1|KRT4|CMKLR1|SLC25A45|MORC4|DMPK|YIPF3|MRPL55|PMPCA|IL16|KCNN4|RNF181|DGAT1|FAM83H|PDGFA|GNB5|PCYT2|HCN3|KLHL21|BCL2L1|RPL35|SEMA4B|DDX51|CCDC28B|UPP1|GCAT
GSE43955_TH0_VS_TGFB_IL6_IL23_TH17_ACT_CD4_TCELL_52H_DN	0.537539337629252	0.954087046510378	-0.273891151474653	-0.968627326068521	3586	180	LAG3|OSMR|PLXNB2|MARCKS|TMEM115|BSN|COMMD4|TRIM46|CYTH3|IER3|HSD17B10|HFE|RPP25L|TNFRSF1A|RASGRP1|FYN|FOS|SERPINE1|ADAM11|IFITM3|THAP7|GFI1B|DGAT1|RPS16|IL17RA|RAB11FIP5|GRHPR|JUNB|PDRG1|PDGFA|PISD|GALE|CEL|AKT2|H2BC18|SMARCA4|NDUFB11|PNPO|IL6ST|PRRG2|CDKN1C|ACYP1|ADD1|SRRT
GSE45382_UNTREATED_VS_TGFB_TREATED_MACROPHAGES_UP	0.537954783650247	0.954087046510378	-0.272875669621953	-0.966967049423887	3592	184	TEP1|PAK1|NAGK|PYCARD|PEMT|DIAPH2|DGLUCY|SYNE3|PLA2G15|TSHZ3|SLC19A1|NUDT16|EXOSC4|KATNB1|PLOD3|SLFN11|TNFAIP8L2|MBOAT1|BCL6|CALR|LYL1|POLD1|TRIP6|SNU13|CST3|CHD1L|SP110|IL17RA|DIAPH1|BRPF1|FERMT3|INPP5D|PRPF19|EVL|TK2|ATP6V0A1|IRAG2|PNPO|GRAMD4|CD81|NRGN|CSTB|DNMT1|MRPL4|DCUN1D4|PDXK|SH3BGRL3|DMAC1|CDCA7L|DUSP23|SEPTIN9|ZNF558|PRKACB|EIF4EBP1|CLEC11A|ARHGEF6|PHF19|ATP1A1|MTMR14
GSE8921_UNSTIM_0H_VS_TLR1_2_STIM_MONOCYTE_24H_DN	0.538231780167264	0.954087046510378	0.255349507510944	0.973107485173987	1801	192	ZNF708|TGFBR2|SLC49A4|RAD52|NXN|GPR174|NT5C3A|EIF3E|MAP3K1|NCOA4|LONRF2|KDSR|TAF9B|PJA1|CLK4|MRTFB|TNFAIP8|LYSMD3|ETNK1|NBR1|ARMCX6|SNAPC1|LRRC28|TAPT1|RANBP9|RRAD|LDHD|TMEM176B|NFE2L2|EXOC6|ETFDH|PTPN12|ZSWIM4|HPS5|PRPF39|GOLPH3L|HMG20A|LMBRD1|RICTOR|VMP1|CCNT2|LMNTD2|LRRC58|DCAF4|UPF2|PTPRA|RBM48|CCNDBP1|HLTF|ALDH1B1|RIPK2|ZFAND6|RPL5|FUCA1|TMEM167B|ETV6|BTBD7|HJURP|NEB|TNFSF9|ERCC4|CPSF6|GOT1
KEGG_PRIMARY_IMMUNODEFICIENCY	0.537961335676626	0.954087046510378	-0.356699429778165	-0.948627707420271	3060	29	CIITA|TAP1|CD19|IL2RG|IKBKG|TAP2|CD3D|RFXANK|RAG1
REACTOME_SIGNALING_BY_NOTCH1_PEST_DOMAIN_MUTANTS_IN_CANCER	0.538254128749579	0.954087046510378	-0.316501518402046	-0.953110373276954	3193	56	MAML3|HDAC10|HDAC8|UBA52|APH1B|HDAC4|UBB|JAG2|NCSTN|MIB2|HDAC7|RBX1|HDAC5|HES1|PSEN1
WP_TOLLLIKE_RECEPTOR_SIGNALING_RELATED_TO_MYD88	0.537239675255913	0.954087046510378	-0.360839215537478	-0.945019396094875	3043	27	IRF7|TLR6|IRF3|TIRAP|IKBKG
GSE35543_IN_VIVO_NTREG_VS_IN_VITRO_ITREG_DN	0.538354898336414	0.954097187411886	-0.279023484648822	-0.966646195652356	3494	153	HPX|NEIL1|ZNF224|CREBRF|CYLD|NBPF10|FICD|STK36|C1orf159|RTL9|MYPN|ATG9A|TMEM163|RIGI|ENSG00000284691|ZNF345|PRORSD1P|DUSP8|THEMIS2|DGCR2|RECQL4|FAS|MS4A4A|GPR146|PSAP|ENSG00000289161|DPF1|HIVEP1|LYRM4-AS1|SLC5A3|TANK
CARRILLOREIXACH_HEPATOBLASTOMA_VS_NORMAL_HYPOMETHYLATED_AND_UP	0.538612199216564	0.954333880216774	0.264051611258853	0.964195653424924	1924	138	PARPBP|COL15A1|TBX3|PIEZO2|DTL|MME|KIF18A|NPM1|TSPAN13|GAS2L3|RHOBTB1|NCAPG|BCL9|HK2|RAP2A|MS4A2|VWF|SPP1|PTPN14|FBLN1|KIT|PLXNC1|ACSL4|CKAP2L|CDK1|RRM2|ANGPT1
GSE11961_GERMINAL_CENTER_BCELL_DAY7_VS_MEMORY_BCELL_DAY40_UP	0.538761433498276	0.954333880216774	-0.273805274695674	-0.966394783545315	3592	177	IGF1R|LAG3|METTL27|AHRR|NUP210|AXL|GPR68|SUN2|SHLD1|HERC6|CSF2|DENND2C|PALD1|TADA2A|APOBR|PGF|PPP4C|CA12|TRPM1|KLHL4|FRMD6|NINJ2|KRTCAP2|GAL3ST1|IGF2R|SORBS3|FBXW4|RCBTB1|ZNF579|FLNB|RTL8C|TNIP1|NRARP|HCN3|SDF4
GSE27786_BCELL_VS_CD8_TCELL_UP	0.538773669972949	0.954333880216774	-0.272361579655955	-0.968220975181104	3584	192	SLC30A4|TYROBP|IL15|CIITA|B4GALNT4|GHDC|ATAT1|HDAC10|L1CAM|EPS8|RUFY1|IFT140|TPD52|MAP1LC3A|RDH12|LENG9|DNAJC22|HS6ST1|ZSCAN20|ATP2A3|SLC25A19|CNTROB|TIRAP|DHX38|TACC3|TMED1|PMF1|THBD|TRAPPC1|ARID3B|ABCD1|SDHAF2|HEMK1|BAP1|VPS11|NDUFC2|CNP|HDAC5|CNIH4|TK1|SLC66A1|POLR2J|HES1|PIP4P1|ATP6V0B|LY6E|DTX2|TRAF3|C9orf72|TXN2|RELB|HSPA1B|MGAT1|STARD5|RAB24|NFKBIE|EIF4EBP1|SLC4A7|LIG4
GSE19401_PLN_VS_PEYERS_PATCH_FOLLICULAR_DC_UP	0.53927813163482	0.954890436646731	-0.276172755001541	-0.967930990689293	3555	168	HPX|IL11RA|FOXD1|SEC31B|SFN|SPPL2B|TECR|AATK|DBP|ABCB8|IFT140|SFI1|SRRM2|ZNF516|ADAM22|HDAC4|ZMYND10|SLC29A2|CDKL5|SLC16A5|SUGP2|ADGRB3|NACC2|DOT1L|ITFG2|PRKAB2|RPL10|PCSK7|TGIF2|BTD|PCNT|PAFAH1B3|RPS11|SREBF2|GPR3|PXN|ASB1|CLCN5|MPI
REACTOME_INFLAMMASOMES	0.539255271422162	0.954890436646731	0.377863560931022	0.935890972770495	2403	18	AIM2|P2RX7|BCL2|SUGT1|PANX1
REACTOME_RHOBTB2_GTPASE_CYCLE	0.539443684450524	0.955015115434632	0.359804991807848	0.944288159816621	2365	23	TXNL1|TWF1|RBMX|MYO6|TRA2B|CUL3|PHIP|HSP90AA1|CCT6A|STK38
GSE23321_CENTRAL_MEMORY_VS_NAIVE_CD8_TCELL_UP	0.539982030548068	0.955799616053872	-0.273019406887913	-0.96675522264216	3605	182	NFKBIZ|TCEA2|TYROBP|PDE2A|ADGRG3|IRF7|FGD3|ATXN1|CD84|CXCL1|RHBDF1|CCK|RASGEF1B|FOS|ENTPD1|ACP3|G6PD|LYL1|LRRC20|SLC2A3|PLK3|AGRN|MSRA|SLC39A4|TMEM120A|SGK1|NR4A1|PYCR1|OGFOD3|NFE2|TMBIM6|SAMD8|CKLF|NUDT7
UNTERMAN_IPF_VS_CTRL_B_CELL_DN	0.540237928621414	0.956083978755598	0.333848260926056	0.946836497404613	2315	32	CD83|CD69|RGS2|EGR1|NR4A2|GPR183|SBDS|HERPUD1|PELI1
BEIER_GLIOMA_STEM_CELL_UP	0.540507436570429	0.95639232298501	-0.348345084808322	-0.944687100541483	3088	32	ZNF224|RTTN|ZNF516|LINC00997|FGFR3|RDH13|NRARP|AKAP7|NRIP3|OBSL1|RNF19A
GSE21360_TERTIARY_VS_QUATERNARY_MEMORY_CD8_TCELL_UP	0.540663334847797	0.956499569122697	-0.276054200513943	-0.966720868660181	3569	166	SMAD7|TCN2|COL14A1|FZD7|PYCARD|AXL|NCEH1|TMEM9|ECM1|TRPV2|EPS8|PLA2G15|PLOD1|ACAP3|ADAMTSL4|CD101|COLEC12|LBP|HFE|AHCYL2|STAB1|ZDHHC23|SLC15A2|TSPAN9|SH2B2|MUC1|TBXAS1|SCARB1|DMPK|DCXR|STING1|ITGB5|GAL3ST4|SLC22A23|NECAP2|DHRS3
GSE16522_MEMORY_VS_NAIVE_CD8_TCELL_UP	0.541171157609514	0.956686700177009	-0.272271326950387	-0.968250762244903	3594	193	TRIM45|LATS2|ADSS1|CD14|CDPF1|CD37|CYLD|FAM234A|DHRS1|TRPV2|RABAC1|NDUFA13|MANEA|DGLUCY|COPE|SERHL2|CRYBG1|SLC52A3|RASGRP1|LRPAP1|ENTPD1|SMIM11|MGAM|PKP3|TIMM29|CHCHD6|LRRC45|ACP6|BIN1|KHDC1L|EHBP1L1|ATOX1|IKBKG|FRA10AC1|ICAM2|CTSD|CREB3L1|GNPTG|SGK1|CERS4|MGRN1
GSE20715_0H_VS_24H_OZONE_TLR4_KO_LUNG_UP	0.540933899332929	0.956686700177009	-0.275816107378709	-0.96688687001223	3567	169	LAT|PCBP4|IL15|PYCARD|TAP1|GASK1B|CHST12|METRN|MAPK12|DBP|OSBPL5|CD19|HFE|SLC52A3|B3GNT9|NR1D1|EFNA1|RBM38|KLK8|SLC12A7|SLC1A5|GUK1|SFXN3|CYB561D2|PDGFA|HDAC7|EPHX1|G0S2|MLH3|ACVR2B|TK2|CD3D|C19orf48P|PARP12|CLN6|DDX42|ADD1|DDX59|ADISSP
GSE2770_TGFB_AND_IL4_VS_TGFB_AND_IL12_TREATED_ACT_CD4_TCELL_48H_DN	0.541340950090198	0.956686700177009	-0.274082684728135	-0.966297391618422	3600	176	ANO8|ITGA4|NUP210|LINC00528|MAPK8IP3|GSDMD|REX1BD|DGKD|ADAMTSL4|DENND1C|KLF7|TPBGL|VSIG4|STX10|LCTL|MBOAT1|SAT2|C11orf21|MAP4K1|TACC3|DCXR|ICAM2|PIGL|PCIF1|KICS2|HEXA|PGP|DCTN3|NR4A1|NDST1|FAM118A|NEDD8|GPS1|SIGIRR|OGFOD3|SUMF2|ZBED10P|PDK3|TMC8|SLC25A35|NRGN|DCPS|VEGFA|ACCS|DNMT3A|PRAF2|FNTB|TSHZ1|LENG8|CLEC11A|STX16|SELENON
HESS_TARGETS_OF_HOXA9_AND_MEIS1_DN	0.541282115240708	0.956686700177009	0.289993688902111	0.952859684621384	2169	68	GPR137B|MS4A6A|CTSS|PHLDA1|EGR1|GCNT2|TGFBI|EGR2|LITAF|GRK5|CYBB|ANXA1|PLSCR1|MCL1|IL18|ZFP36|ARG2|DAB2
HESS_TARGETS_OF_HOXA9_AND_MEIS1_UP	0.541073657927591	0.956686700177009	0.292395256715826	0.949903222100951	2166	64	NEDD4|LIN28A|HDAC2|GLUD1|TFAP4|MSH2|METAP2|RHOJ|MRPL15|NOP58|PSMG2|MYB|PDE7A|RRM1|WEE1|IDE|PPID|FABP5|BCAT1|AFP|GOT1
WP_METHIONINE_DE_NOVO_AND_SALVAGE_PATHWAY	0.541274113952445	0.956686700177009	0.377527904266244	0.935059619671134	2412	18	ENOPH1|AMD1|CHDH
GSE1432_CTRL_VS_IFNG_1H_MICROGLIA_DN	0.541654571843251	0.957072450653504	0.260566990602493	0.969094715773392	1865	161	FEM1C|STK38L|PTGDR2|PPP1R3D|CCL2|ANGPTL4|CEP162|LGALS8|PPP6C|VPS50|SATB2|PUS3|TWF1|MFAP3|PICALM|TRIB1|IFIT3|RBM7|TNKS2|IFIT5|LGALS4|GNG10|USP8|CXCL11|PPA1|TENT5A|PCNX4|PELI1|EMC2|HBS1L|C10orf88|CDK2|BACH1|GOLPH3L|NET1|SKP1|AFTPH|CHMP5|TMX1|GTF2B
GSE22229_UNTREATED_VS_IMMUNOSUPP_THERAPY_RENAL_TRANSPLANT_PATIENT_PBMC_DN	0.542117930204573	0.95728927148229	0.257145147582796	0.970708603919408	1801	182	NOS1AP|NLGN2|TLE6|SPMIP4|MYLK3|ZNF235|RNF217|SNX18|ALDH1L1|MS4A6A|MANSC1|TTC8|MBLAC2|PTER|REC8|NPL|ABCC4|ITSN1|NPR2|NEXN|LIPT2|DDHD2|CBX7|MKRN1|SNX24|INTS6L|PEAR1|RAP2A|METTL21A|RRAD|IFFO2|ACER2|SYNE1
GSE29614_CTRL_VS_DAY3_TIV_FLU_VACCINE_PBMC_DN	0.542158747596814	0.95728927148229	0.266816142957931	0.963515647776848	1973	127	ZNF257|TTK|SH2D6|STEAP1|CCDC7|SLC22A1|DTL|ATP8B3|GULP1|NCAPG|RELN|DYNLT2|FRZB|PKP4-AS1|DPY19L2P3|TMEM254-AS1|POU4F1|RFESD|C4orf46|CFAP20|PFKFB2
GSE6259_33D1_POS_VS_DEC205_POS_FLT3L_INDUCED_SPLENIC_DC_UP	0.542109314857583	0.95728927148229	-0.279841679691022	-0.965495309526595	3520	146	PLCB4|MGAT4A|MAPK8IP3|RTKN|MINDY1|GDF15|IFITM1|LCAT|NOL12|EREG|TMEM63A|SLC12A4|MICALL2|HAS1|ATG9A|IER3|DUSP8|CMKLR1|MDFIC|IL1B|CRAMP1|ZC3H12A|SLC7A11|HPGD|BRPF1|PPARD|NR4A1|TNFRSF1B|ARHGAP6|TNIP1|RNF24|NIBAN2|TRAF3IP2|PTPN23|EML2|UPP1|FLII|GRAMD1A|KDM6B|STARD5|HIPK2
KEGG_MEDICUS_VARIANT_LRP6_OVEREXPRESSION_TO_WNT_SIGNALING_PATHWAY	0.542007305618368	0.95728927148229	-0.339686035813643	-0.944006378049905	3115	36	FZD9|FZD7|WNT3|CCND1|FZD3|AXIN2|DVL1|GSK3B|WNT5B
KAECH_DAY15_EFF_VS_MEMORY_CD8_TCELL_DN	0.54229675101063	0.957364542146449	-0.272384760464972	-0.965227455052141	3621	184	GZMM|SMAD7|CCR7|LYST|PSMB9|FLT3LG|GTF2H4|TLR6|RABAC1|ATP13A1|HYOU1|MOGS|EEIG1|PHPT1|SRRM2|NSG2|HSD17B10|PPIE|LUC7L|KLK8|SLC12A7|KCNN4|SHISA5|PSMB10|HPCAL1|F2R|HEXA|HDAC7|GRK6|WDR83OS|VKORC1|COX16|RPL10|EVL|TNIP1|RPSA|LAMP1|STX18
REACTOME_SHC_MEDIATED_CASCADE_FGFR1	0.54240674955595	0.957390355555236	0.391514152496164	0.937737541458994	2442	16	FGF5|FGFR1|NRAS
ALONSO_METASTASIS_NEURAL_UP	0.542929292929293	0.957607760397618	-0.393039657349098	-0.939527320212939	3009	18	ENC1|L1CAM|APLP2
BOYLAN_MULTIPLE_MYELOMA_PCA3_UP	0.542634372926344	0.957607760397618	-0.306764889817952	-0.956695255496289	3270	69	ADSS1|PLLP|ATXN1|MT2A|PTPDC1|TSPAN4|KLF7|UCHL1|LGALSL|CCND1
CHIARADONNA_NEOPLASTIC_TRANSFORMATION_KRAS_CDC25_DN	0.543403375818119	0.957607760397618	-0.331175938357115	-0.943553530131772	3154	41	C3|IL11RA|OSMR|LAMA4|FOS|FAS
GSE14908_RESTING_VS_HDM_STIM_CD4_TCELL_ATOPIC_PATIENT_DN	0.543674698795181	0.957607760397618	0.256673260353491	0.972448850590716	1804	186	PRKCH|FOXO1|SESN3|UAP1L1|USP25|EMSY|FGF13|CMTM6|NT5C3A|PDCD10|NAA30|RAB29|RAMAC|CGGBP1|CBLL1|OCIAD1|SMNDC1|TSPAN13|CAPN2|SLC44A1|SP3|TMEM123|RMND5A|SLK|DENND4C|INPP5K|BCL9|TTC14|GNPDA2|APPBP2|FOXP1|RBM43|DPM1|NSUN4|BCL2|NGDN|NAMPT|FAM91A1|PRDX6|CDKN1B|PRPF39|FBXO33|RICTOR|ARL4A|ARHGAP5|CSAD|HMBOX1|NCOR1|CEP70|HLTF|TAX1BP1|ITCH
GSE17974_IL4_AND_ANTI_IL12_VS_UNTREATED_12H_ACT_CD4_TCELL_UP	0.543297746144721	0.957607760397618	0.257757529852189	0.969374255029547	1831	175	MIER3|ZNF443|ZNF677|CCNE2|ELAPOR2|TET3|NCOA3|NABP1|BLTP3B|DLC1|PLCL1|NSUN3|LEO1|MAPK6|ABCD3|FAM13A|SMAD2|DMXL2|TSPAN13|WDR44|TRIB1|GFI1|GPR183|PTPN14|CHN2|CLECL1P|SAMD3|RNF125|CENPU|UPRT|FASTKD3|IL10RA|ZMYM5|CTNS|CHSY1|KCTD9|DNAJB9|TTC33|NET1|EEIG2|VMP1|STARD4
GSE360_L_MAJOR_VS_M_TUBERCULOSIS_DC_UP	0.54323392776862	0.957607760397618	-0.273245869727797	-0.966345260621527	3624	180	SEMA4D|HLX|HOMER3|ABCC10|CBS|PPFIBP2|CELF3|TECPR2|APOE|TRAIP|TSPAN4|MMP1|PDLIM3|ATG9A|IRS1|BCAM|RECQL5|SLC6A8|FYN|RGS14|AKAP8L|SUCO|TBC1D8|TRAF2|RALBP1|PLK3|MGRN1|PLEC|RPS23|JRK|ARFRP1|FLNB|VPS8|H2AZ2|AP1B1|SMARCA4|TK1|AARS1|OXA1L|VPS13B|SPHK2|DDX51|VEGFA
GSE36078_UNTREATED_VS_AD5_INF_IL1R_KO_MOUSE_LUNG_DC_DN	0.543389368468878	0.957607760397618	-0.274899328899507	-0.965688131986704	3587	172	RAP1GAP2|IL15|CD37|PYCARD|KCNK5|COMMD4|ITIH5|COPE|PLSCR3|MAN1B1|HYLS1|GALNT14|TGFB3|CTDNEP1|HDAC4|HS6ST1|TRIOBP|FRMD3|MUC1|GNA11|CTSD|F2R|TRPC4AP|RAB11FIP4|RTBDN|IL18RAP|PPP1R18|LSM6|MYBL2|RAD50|IFNGR1|MINK1|MXRA8|BCL2L1|CCNF|C15orf39|PSMC3|LDAF1|SEC24C|PLEKHO1|HJV|ZNF697|PRR22|SMAGP|PTGFRN|TTLL12|ZNF335|CYTH2|BIRC5|RFXAP|EML3|HBG2|UNC13B|TRIM65|PCYT1A|ZBTB14|PHC3|HEXIM2|NAT10
KEGG_ARGININE_AND_PROLINE_METABOLISM	0.543494063484371	0.957607760397618	0.310463149138694	0.949953925631952	2242	46	AMD1|CKMT1B|GLUD1|OAT|ASS1|ALDH9A1|CKMT1A|ALDH2|GLUL|P4HA1|GLUD2|ALDH1B1|ALDH18A1|GOT1|ARG2
KEGG_ONE_CARBON_POOL_BY_FOLATE	0.543624161073826	0.957607760397618	0.382012314381179	0.930491634725442	2429	17	ALDH1L1|MTHFD2|TYMS|GART|FTCD|ATIC|MTR|MTHFD1|DHFR
PANGAS_TUMOR_SUPPRESSION_BY_SMAD1_AND_SMAD5_DN	0.54293283465794	0.957607760397618	-0.282528278008734	-0.964557484493047	3483	134	WFS1|LYRM9|ABCA7|EXT1|CBS|QSOX1|FAM234A|IGFBP2|MFSD2A|SDF2L1|KSR1|GREB1|MEG8|CNTROB|SUCO|INPPL1|TMED1|IGF2R|LARGE2|ADCK5|MRPS21|ALG12|ID1|LIFR|HSD17B1|DUSP9|ICAM4|PLEKHH1|LPCAT1|SREBF2|TMEM39A|PARL|GSTK1|PIGO|ZSWIM7|ATP1A1|MINDY3|DNAJC10|SLC16A1|CLN8|SUPT16H|MAPKBP1|TMEM185B|PPT2|CHFR
REACTOME_METAL_ION_SLC_TRANSPORTERS	0.543625356125356	0.957607760397618	-0.371684680160046	-0.938107968630727	3052	23	SLC30A3|SLC39A3|SLC41A2|SLC39A2|SLC39A4|HEPH
WP_PI3KAKTMTOR_VITAMIN_D3_SIGNALING	0.543176733780761	0.957607760397618	0.382301500824373	0.931196024495453	2427	17	PIK3CA|LDHA|CD80|MYC|VDR
ALONSO_METASTASIS_DN	0.54447245228664	0.957732886732511	-0.386425882852478	-0.935814299796261	3023	19	AKAP13|CYP19A1
GAL_LEUKEMIC_STEM_CELL_UP	0.544182389937107	0.957732886732511	-0.286631407927754	-0.960502590617989	3460	114	IGF1R|TSPAN5|OR2B6|UNC5B|SMAD6|NTRK3|COL6A1|LGALSL|TOP3B|CCND1|PIK3IP1|HCFC1|JAG2|KEL|GRIK5|TSPAN9|IDI2-AS1|MAPK7|BIN1
GSE19512_NAUTRAL_VS_INDUCED_TREG_DN	0.544509024166412	0.957732886732511	-0.276515157160837	-0.963361132966116	3559	159	IGF1R|SPAG1|PBX3|ENTPD3|MARCKS|CCPG1|CIITA|GPR68|EREG|FAM131A|TSPYL2|IFI35|FLT1|CIB1|HFE|TOM1|IL2RG|CHD4|HRC|MET|NDRG4|BCAT2|DHRS3|TNFRSF1B|JRK|ZNF81|GRB7|GCHFR|VAC14|ZNF205|SPATA2|RPS12|NDUFA7|PSEN1|ITPR3|CDV3|SMARCE1|MAN2B2|ALAS2
KEGG_MEDICUS_REFERENCE_KINETOCHORE_FIBER_ORGANIZATION	0.544080604534005	0.957732886732511	-0.375995035771152	-0.937577548690843	3023	22	TUBA3E|TACC3|TUBB2B|CLTA|TUBA1B|TUBB3|TUBA3C
REACTOME_ATF4_ACTIVATES_GENES_IN_RESPONSE_TO_ENDOPLASMIC_RETICULUM_STRESS	0.544324199861847	0.957732886732511	0.349554024863604	0.944624858506036	2363	26	CXCL8|CCL2|NFYA|NFYB|EXOSC9|HERPUD1
REACTOME_FGFR2_ALTERNATIVE_SPLICING	0.544442481003711	0.957732886732511	-0.36230223199809	-0.940610996827432	3080	26	POLR2L|POLR2F|POLR2E|RBFOX2|POLR2A|POLR2J|HNRNPM|POLR2I
REACTOME_INTERLEUKIN_2_FAMILY_SIGNALING	0.544181977252843	0.957732886732511	-0.343936863908932	-0.944507175254289	3109	34	IL21R|IL15|CSF2|IL2RG|PTK2B|INPPL1|INPP5D|IL15RA
REACTOME_NUCLEAR_EVENTS_KINASE_AND_TRANSCRIPTION_FACTOR_ACTIVATION	0.54435384235236	0.957732886732511	0.296575722986624	0.948841671076316	2202	59	FOSB|EGR3|MEF2A|EGR1|MEF2C|NAB1|TCF12|TRIB1|MAPK1|RRAD|RPS6KA2|EGR2|ELK1|ATF2|CREB1|PPP2CA|MAPK14|PPP2R1B|ATF1|REST
VANHARANTA_UTERINE_FIBROID_WITH_7Q_DELETION_DN	0.544706911636046	0.957913100736269	-0.343858613039008	-0.944292285500185	3112	34	GAA|APBB2|LYST|IFI16|ING4
FERRANDO_HOX11_NEIGHBORS	0.54531179901301	0.958592294383817	0.376609298123469	0.932784419610994	2430	18	MME|TOP2A|CCNA2|HPRT1|TYMS|STMN1
GSE17721_CTRL_VS_POLYIC_0.5H_BMDC_UP	0.545317675398976	0.958592294383817	0.256782427377704	0.970119364852888	1810	183	ASAH2|PLAAT1|PEX12|IL12RB2|C5orf15|ITGB3BP|PANK3|ANLN|HDAC2|CPEB2|GNAQ|PHLDA1|GGPS1|MOB4|VPS50|ARF4|NAB1|DENND4C|IDH1|QNG1|F5|NKAIN1|PAPSS1|CELF2|ANKRD46|ERC1|HNRNPK|SMIM3|GABPA|CITED2|HECTD1|GLUL|AP3B1|MTF2|NEK2|IPP|ORC3|GOLGA7|FAM20B|BNIP2|FUCA2|ALDH1B1|L2HGDH|PACRGL|ATL2|ICE2|PAX8|LYRM2|NUP58|GALNT6|PEX19|MPP1|DYRK3|ALS2|FASTKD5|GOLGA5|DAPP1|PHTF1
RAHMAN_TP53_TARGETS_PHOSPHORYLATED	0.545475113122172	0.958592294383817	0.369184507484751	0.936202277150081	2410	20	PPA1|PRDX3|ANXA1|IDH3A|PARK7|DLD|CCT6A
REACTOME_CHAPERONE_MEDIATED_AUTOPHAGY	0.545454545454545	0.958592294383817	-0.378906679194504	-0.937224508941827	3047	21	GFAP|HBB|UBA52|UBB|PCNT|RNASE1
HOLLERN_ADENOMYOEPITHELIAL_BREAST_TUMOR	0.545614808285588	0.958669953714465	0.395421743983892	0.933492222053398	2475	15	MYL9|MEF2C|RELN|IGFBP5|FRYL|CNN1
GSE22886_NAIVE_CD8_TCELL_VS_NKCELL_UP	0.546005760194028	0.959188978093743	-0.274930955599062	-0.964953978951564	3601	171	CCR7|FAM171A1|PBXIP1|PLPPR3|FLT3LG|RENBP|LPCAT3|ATP13A1|TMEM63A|GPRASP1|LSR|LRCH4|HIGD2A|TBCC|RGS14|PTPN3|ADPRM|ID3|TACC3|BCAT2|SNHG20|PRORP|CAD|SPATA7|RPS10|DGKA|MAP4K2|NPDC1|EPHX1|GNB5|MALT1
WP_PI3KAKT_SIGNALING	0.546193327630453	0.959350590158266	-0.262945355922064	-0.968644911556123	3830	272	IGF1R|ADAMTSL4-AS1|OSMR|GNG8|LAMB1|ITGA4|LAMA4|FLT3LG|GNB3|COL1A1|LAMA5|ITGA7|ATF6B|CD19|TCL1A|FLT1|PPP2R2B|FGF12|COL6A1|IRS1|FGF17|PKN3|CCND1|LAMB3|IL2RG|COL6A3|PGF|EFNA1|MET|AKT3|TSC1|IKBKG|ITGB5|CREB3L1|STK11|FGFR3|F2R|SGK1|NOS3|PDGFA|PPP2R3C|ITGB1|GNB5|ITGAV|FGF2|AKT2|GSK3B|COL1A2|ITGA5|PCK2|LPAR2|EPOR|RPS6KB2|BCL2L1
GSE15930_NAIVE_VS_24H_IN_VITRO_STIM_INFAB_CD8_TCELL_DN	0.546373365041617	0.959383255062577	0.254154138487309	0.971003907142146	1837	194	DCK|ESF1|CCNE2|LGALS3|ENOPH1|CCL4|PLK4|MNS1|TOP2A|ANLN|NBN|RHOT1|RFC4|MTHFD2|ABCD3|NCBP2|SAAL1|OLA1|GCLM|RPF2|HK2|MRPS22|MAD2L1|XCL1|PDS5B|PPA1|CDK1|RBPJ|RFC5|CLIC4|ARMC1|RRM1|DECR1|RIOX2|DTD2|TAMM41|RCN2|CYB5B|JAGN1|XPOT|KLHL7|ZDHHC16|XPNPEP1|CKAP5|LMNB1|FDFT1|CISD1|CCT6A|MTX2|ELOF1|IDI1|RPL7L1|ALDH18A1|BLMH|EIF2AK2|GFM1|RNASEH2B|RAD51AP1|MTMR9|MSMO1|ACOT7|DUSP12|WDR43|POLD3|KIF23|PDCD2
GSE29614_DAY3_VS_DAY7_TIV_FLU_VACCINE_PBMC_UP	0.546403075233388	0.959383255062577	0.270460155596902	0.959464567979844	1989	114	ZNF70|WDFY3-AS2|EFNA2|LRATD1|RRM2B|PALMD|SNHG4|KCNJ6|GRIK1|FAM110D|DRAIC|PSCA|RAB40AL|OR51B6|MYLK2|ICA1|MBOAT2|C1orf54
BENITEZ_GBM_PROTEASOME_INHIBITION_RESPONSE	0.546693933197001	0.959386731117623	-0.323106482053313	-0.947234131131977	3207	48	KIF1A|MUTYH|SOX11|CCND1|DBF4B|NFIL3|MAGED2|GPATCH2L|ASNS|DAPK3|ARMC6|ABHD2|C15orf39|SESN2|GPN2|SGTA|MLF2
GSE14308_TH1_VS_INDUCED_TREG_UP	0.546907993966818	0.959386731117623	0.256219328659614	0.969803253954673	1812	185	SGO2|YOD1|TRAPPC6B|RTL8B|TNFSF4|ERI2|MOSPD2|LGALS8|CLK4|MACIR|SRP19|KNL1|NEMF|ROCK2|SPRY2|SH3BGRL|STAG3|CEP135|YWHAQ|WASHC4|MKRN1|SP3|NAE1|CTSF|STYX|FAM13B|TTC14|PLCH1|TXK|CASP8AP2|RIT1|TXNDC9|KIF3A|GALNS|TDRD3|CRBN|PKP2|RAB5A|TENT5A|FAM133B|ANKRD12|ABI1|KIDINS220|DERL1|RB1|SECISBP2L|TIA1|ZNF217|SNAPC5|CTDSPL2|MAPK14|FANCF
GSE22886_NAIVE_CD4_TCELL_VS_MEMORY_TCELL_UP	0.546872633651371	0.959386731117623	-0.275539716502302	-0.964919184680299	3610	166	SEMA4G|DNASE1L2|NOTCH2NLA|H2AC15|ZNF467|LZTS3|CELF3|ARID5A|TSPYL2|NAT9|COL6A1|N4BP2L2-IT2|NPHS1|HSPG2|PGF|GRIK5|LMF1|SH2B2|MZF1|NSDHL|TMED1|SORBS3|THBD|DHRS3|SAP30L-AS1|PLK3|RIN1|ARID3B|ZBTB20|CRTC1|CDC42EP4|VPS11|JRK|CLUH|GRINA
GSE3982_CTRL_VS_IGE_STIM_MAST_CELL_DN	0.547319556753519	0.959386731117623	-0.272137573319891	-0.963632670963125	3654	182	MTCL1|DND1|AKAP13|N4BP2L1|QSOX1|FLT3LG|UBL5|NXF1|SERF2|DNPH1|SLC7A7|TPD52|SEC14L4|TMEM208|PDCD11|ZNF671|LTB4R2|MIF|KSR1|FAS|ATN1|SNHG17|SLC10A3|RRP12|GPATCH2L|ADAM15|SLC4A2|SDC4|PALM|SIDT2|MOCS3|HMG20B|MREG|SPATA2|SMURF2|MTCH1|MRPL24|TNIP2|NEU1|TP53BP1|EEF1D|AP1S1|BCL2L1|GNL1|DCUN1D4|ISOC2|CTSH
GSE8921_UNSTIM_0H_VS_TLR1_2_STIM_MONOCYTE_12H_DN	0.54718118782032	0.959386731117623	0.257634138544998	0.971532448940205	1814	181	ITGB7|NAPEPLD|MATCAP2|TGFBR2|TBCEL|ZNF658|SESN3|SESTD1|RAD52|SLC9A2|GOLPH3|POU6F1|TRPM7|CLDND1|CNIH1|HIPK3|PTBP3|ERBIN|PPP1CC|AKAP12|GDI2|SH3BGRL2|NLK|CNOT6|VAV1|NIPAL1|ATP6V1G2|BCL2L15|LAT2|TMEM176B|C1GALT1|PRR16|VWA5A
NIKOLSKY_BREAST_CANCER_15Q26_AMPLICON	0.547360809833695	0.959386731117623	-0.396506011781024	-0.935113836981765	3027	17	IGF1R|SYNM
PID_ECADHERIN_STABILIZATION_PATHWAY	0.547267996530789	0.959386731117623	-0.335680435733828	-0.942462918637313	3154	38	IGF1R|CYFIP2|EFNA1|STX4|MET|DIAPH1|AFDN
REACTOME_ENERGY_DEPENDENT_REGULATION_OF_MTOR_BY_LKB1_AMPK	0.547327007637121	0.959386731117623	0.341386909657966	0.940671631317777	2364	28	STRADB|SLC38A9|PPM1A|CAB39|LAMTOR3|RHEB|PRKAA1
REACTOME_M_PHASE	0.547140649149923	0.959386731117623	0.240027624853002	0.978127055906983	1415	395	H4C5|NEDD1|SGO2|H2BC6|BLZF1|LEMD3|CENPQ|H4C12|ITGB3BP|PLK4|PSMC6|PSMC1|KIF18A|PSMD5|PPP1CC|NEK9|RANBP2|H2BC21|KNL1|H2BC26|CCNB1|SEH1L|PSMA1|PSMA4|ZWILCH|NUP153|NUP35|CEP135|NUP107|SMC2|SUMO1|PDS5A|ARPP19|CCP110|NCAPG|YWHAG|NDC80|NUP37|PPP2R5E|SPAST|NUP160|PSMD6|H3-3A|MAPK1|NUP133|MAD2L1|CDC27|H2BC7|PDS5B|HAUS5|CENPU|SPDL1|HAUS1|UBE2E1|NUP205|ZW10|VRK2|CDK1|NME7|AHCTF1|BUB1|SMC3|TUBB1|VRK1|CHMP4C|PSMD10|PSMA2|PSMA6|RB1|CEP152|CEP78|CLIP1|UBE2D1|TNPO1|CENPI|CHMP2B|TUBGCP4|PSMC2|MASTL|NEK2|PPP2CA|PPP2R5C|PSME4|NUP88|CEP57|ANAPC10|CETN2|RAD21|NDE1|ZWINT|H2BC8|CEP76|USO1|EMD|RAB1A|PSMD14|SMC4|PPP2R1B|PSMD11|CKAP5|RAE1|NUP155|HSP90AA1|NUP54|CEP70|BUB3|H3C10|LMNB1|H4C8|NCAPG2|PSMC5|CENPE|CENPJ|CENPS|CLASP2|NUP50|DSN1|H2AC6|NDC1|CCNB2|PHF8|CEP192|MAPRE1|MZT1|ERCC6L|BUB1B|KIF2A|KPNB1|DYNC1LI2|KNTC1|NUP58|GORASP1|GORASP2|PSMA3|ANAPC4|WAPL|KIF23|OFD1|TAOK1|PPP2R5A|NCAPH|NCAPD2|TUBAL3|STAG2|HAUS6|NIPBL|RAB1B|NUP98|ANAPC1|NSL1|TUBB6|CEP63|PRKCB|CEP290|BANF1|ODF2|CSNK2A1|SPC25|XPO1|NUP43|PSMF1|CHMP3
REACTOME_MITOCHONDRIAL_CALCIUM_ION_TRANSPORT	0.546959337891328	0.959386731117623	-0.37504467402999	-0.935207735935679	3039	22	MICU3|PHB1|SPG7|PMPCA|SMDT1|STOML2
GSE18791_UNSTIM_VS_NEWCATSLE_VIRUS_DC_10H_DN	0.54780817887614	0.96000322967156	0.259081149946846	0.966283851157527	1861	166	SAMD9|AIM2|MEIS1|TRIM69|ENTHD1|PGAP1|IFIH1|MX2|MMP14|DHX58|RNF43|NT5C3A|DTX3L|PI4K2B|PNPT1|PSMA4|USP6NL|NEXN|ARHGAP27|CMPK2|IFIT3|PABIR3|ARGLU1-DT|RSAD2|CCDC13-AS2|ITIH4|IFIT5|CXCL11|IL10RA|ARL5B|NAA25|IFI6|ETV7
GSE17721_CPG_VS_GARDIQUIMOD_0.5H_BMDC_DN	0.548160335028418	0.960452686859008	-0.271574942782851	-0.96331249649069	3664	187	ADAM19|MAGIX|HLX|EPB41L1|COX8A|TAP1|GTF2H4|INCENP|UBA7|TMEM63A|LYPLA2|SOX11|MAP1LC3A|ZNF598|MED15|TMCO6|B3GAT3|RGS14|FHL1|MDFIC|GGCX|DHRS3|SELENBP1|HPCAL1|AGRN|ABCD1|PAQR7|RETREG2|C6orf136|ABL1|SLC37A4|SHOC2|OAS3|TNIP1|GPR180|TMEM184B|GPANK1|GOLGA2|DNMT1|ADD1|SPHK2|TRAF3|TNFAIP2|CRTC2|FNTB|AMBRA1|SHKBP1|HMGA1|GPATCH4|MPZ|ARIH2|AP2A1
BERENJENO_ROCK_SIGNALING_NOT_VIA_RHOA_DN	0.548387096774194	0.960514688085736	-0.323347185242729	-0.944455624587163	3212	47	IGF1R|ABRACL|EXT1|ACTA2|PDLIM7
GSE22025_UNTREATED_VS_PROGESTERONE_TREATED_CD4_TCELL_UP	0.548367501898254	0.960514688085736	-0.275347837409902	-0.964129463563711	3610	167	MTCL1|WFS1|POU2F2|SCN5A|LYST|BSN|CD84|ECM1|NDUFB8|ADGRE5|LAMA5|SLC12A4|IFI16|N4BP2L2-IT2|TGFB3|CCND1|HSPB1|PTK2B|MED22|MDFIC|FAM76A|DCT|GBP2|NLRP1|ID3|ISG15|BCAT2|CST3|RAB11FIP5|IL23A|DNAH3|ZBTB1|TUBB2B|LSM6
GSE5679_PPARG_LIGAND_ROSIGLITAZONE_VS_ROSIGLITAZONE_AND_RARA_AGONIST_AM580_TREATED_DC_UP	0.548629930743752	0.96063517505292	0.256495522170644	0.969035442171385	1821	183	CD83|MPZL3|BATF|SLAMF6|LONRF1|SCRN3|UAP1L1|DNAJC24|LAMP2|PRPS2|EGR1|PLCL1|MTHFD2|TNFAIP8|ZNF821|MRPS6|IPMK|SAR1B|MPP2|SLC22A15|PLXNC1|EHD3|RAB19|GNG10|PANK1|POGLUT3|ZDHHC2|ARPC3|RAPH1|ENDOD1|CHSY1|PPFIBP1|KCTD9|DNAJB11|ABCB1|FAM241B|MAPRE2|VRK1|VMP1|OSTC
REACTOME_DUAL_INCISION_IN_TC_NER	0.548647286170391	0.96063517505292	-0.309355554224006	-0.948110837873668	3264	63	POLR2L|POLR2F|XAB2|UVSSA|GTF2H4|UBA52|PPIE|UBB|POLE|POLR2E|POLD1|RFC2|RBX1|PRPF19|POLR2A|POLR2J|ERCC2
ABBUD_LIF_SIGNALING_1_UP	0.5488163124244	0.96063810333048	-0.331755189824762	-0.940400639830361	3175	40	TSPAN4|HAS1|LBP|TNFRSF1A|BCL3|CEBPB|TAPBP|SOCS3|UPP1|IRF1|GPCPD1
HOSHIDA_LIVER_CANCER_LATE_RECURRENCE_UP	0.548840358896225	0.96063810333048	-0.319146757016275	-0.948999694808746	3241	52	POU2F2|ITGBL1|AKAP13|LAMB1|CLDN7|PSMB9|CD48|DSC3|RASGRP1
GSE20715_0H_VS_48H_OZONE_LUNG_UP	0.548957864747338	0.960676263307842	-0.272967441993508	-0.963437655879471	3660	177	RPS21|CLBA1|CD37|NUP210|PDLIM2|GASK1B|CHST12|ADGRE5|SGSH|PLSCR3|CD19|APLNR|IRS1|CYTH3|HFE|AGER|PLEKHA1|IFI27L2|IL2RG|FHL1|MYO1G|IFITM3|MRPS14|PXMP4|AKNA|SLC10A3|LYL1|ARHGAP1|SLC66A2|MED12|HDAC5|RAD50|IRAG2|ANAPC2|CD81|MICAL1|ACYP1|PITPNM1|CENPB|TLCD2|CC2D1A|BCKDK|MYLIP|CD52|TCTA|RAB24|RMND5B|DYNLT1|SLC25A28|SRSF5|MYO1C|FIG4|MSTO1|MAOA|EML3|CDC37|TSPYL4|SDHAF1|MPDU1
NAKAYA_MONOCYTE_FLUARIX_FLUVIRIN_AGE_18_50YO_7DY_DN	0.549113052687318	0.960780342143158	0.282539169825821	0.957080194764943	2073	85	CD44|EGR3|GNA13|SLC22A4|EPB42|EXOC5|TMCC1|SGPL1|DMXL2|RDX|SLC44A1|ERAP2|HBEGF|VRK2|NAMPT|RFC5|PLCB1|CHMP1B|CUL5|KLHL7|GABARAPL1|VPS37A
GSE15930_STIM_VS_STIM_AND_IFNAB_48H_CD8_T_CELL_DN	0.549291528489599	0.960812134725178	0.25747670399525	0.970938766850836	1821	181	IFIH1|MX2|RNF11|KAT2B|HLA-B|GNG12|USP25|EIF2AK3|MME|CCRL2|LRBA|MARCHF5|MTHFD2|PLEKHA5|ETNK1|ZFYVE16|NAB1|SKIL|CMPK2|PREPL|IFIT3|PLPP3|GFI1|RSAD2|FPR3|IGSF10|ALPL|SLC22A2|AUH|HLA-C|PPA1|ACSL1|IL10RA|HUS1|CREG1|NAMPT|CLIC4|RABGAP1L|AKIRIN1|TOR1B|TRAFD1
GSE42021_CD24HI_VS_CD24INT_TCONV_THYMUS_DN	0.549598667272452	0.960812134725178	-0.274253592396103	-0.963419737661318	3628	172	IL15|TLX1|STOML1|IFI30|MADCAM1|SEMA3F|ITPKC|FBXW4P1|APOL1|PSMB9|TAP1|DOCK4|IFI35|CAPN11|CRYBG1|ICAM1|PILRA|APOL6|TXNL4B|FASTK|FAS|GBP2|DDX23|SLC12A7|EWSR1|GUK1|PSMB10|CDIPT|CTSL|CDC42EP4|CEBPB|LIFR|STAG1|IL15RA|ASRGL1|CBX2|CAND2
GSE9006_TYPE_1_DIABETES_AT_DX_VS_4MONTH_POST_DX_PBMC_UP	0.549588631264024	0.960812134725178	-0.271317747364133	-0.963175273290838	3673	188	STX11|TSC22D3|S100P|TYMP|MARCKS|SFN|QSOX1|AMDHD2|EREG|NUDT18|REX1BD|HYOU1|TCIRG1|POTEKP|APOBR|GLG1|NFIL3|ARHGAP26|PPP4C|IL1B|MGAM|BCL6|RRP12|CTSD|WDR18|SLC2A3|PLK3|JUNB|SGK1|SIL1|MFSD10|THOC6|RETREG2|GPAA1|DHCR7|G0S2|SPATA2L|ID1|FZR1|ICAM3|ATP6V0A1|PRPF6|CARS2|MINK1|DUSP5|SOCS3|IER2|CTSZ|UPP1|SAFB|SCPEP1
WP_HIPPOMERLIN_SIGNALING_DYSREGULATION	0.549609810479376	0.960812134725178	-0.290674015818075	-0.954549028696897	3450	99	IGF1R|PAK1|PLCB4|LATS2|ITGA4|PAK6|PPP1R14A|ITGA7|FLT1|ITGAX|CDH15|CCND1|MET|ITGB5|FGFR3|ITGB1|RBX1|ITGAV|CDH24
WUNDER_INFLAMMATORY_RESPONSE_AND_CHOLESTEROL_UP	0.549538776904681	0.960812134725178	-0.325663254199377	-0.943407187516355	3216	45	NFKBIZ|CD14|PSMB9|UBA7|GBP2|TAP2|SP110|PSMB10
HALLMARK_NOTCH_SIGNALING	0.549912126537786	0.961173241543843	-0.354380629504401	-0.942460951871956	3128	29	FZD7|CCND1|NOTCH3|PPARD|RBX1|HES1|DTX2|TCF7L2|PSENEN|PRKCA|KAT2A
BLANCO_MELO_BRONCHIAL_EPITHELIAL_CELLS_INFLUENZA_A_INFECTION_UP	0.55019305019305	0.961385103792751	0.266934670354754	0.957382707438749	1994	122	FSD1L|CD83|KBTBD8|ARRDC3|CCL5|DHX58|ZKSCAN8|HACD2|NOMO2|DTX3L|PTGS1|GULP1|ETV3|CRYBG3|ROCK2|ZNF441|MED13|TMEM140|NIPAL1|TLN2|PTX3|C1S|SLC30A1|CXCL11|UBXN7|ARL5B|RESF1|SEC24A|NEU3|ZBTB21
GSE17721_CTRL_VS_GARDIQUIMOD_8H_BMDC_DN	0.550224887556222	0.961385103792751	0.255129803508623	0.969391187270772	1834	189	CD83|ITGB1BP2|FCGR2B|MX2|CCL5|SLC33A1|BLZF1|CLN5|RRM2B|POGLUT1|HAT1|RNF2|FSCN3|RANBP2|MTHFD2|CRYBG3|CRLF3|PROCR|ARF4|PLEKHF2|WASHC4|ESD|HK2|DDHD1|CNOT7|SYNE2|ABR|PITX3|TTC39C|SGCB|AP3B2|RPS6KA2|PRRC1|YWHAZ|JAK2|ERO1A|ZDHHC20|OSGIN2|SQOR|SAMSN1|EMC2|NKX3-2|PEX13|FBXO33|PIK3CG|TMEM243|BRWD3|ZNG1B|MID1|FBXW11|BRWD1|PTPRJ|GINM1
WP_MAMMARY_GLAND_DEVELOPMENT_PREGNANCY_AND_LACTATION_STAGE_3_OF_4	0.550627319314367	0.961920819923009	-0.360795198706902	-0.936698428918426	3115	26	PNCK|CCND1|ESR1|GAL|ORAI1|CEBPB
REACTOME_TRANSCRIPTIONAL_REGULATION_BY_NPAS4	0.550788497217069	0.962034963470495	0.337011718395939	0.937476216420475	2374	29	AGO4|MAPK1|NAMPT|AGO1|REST|NR3C1|AGO2|CDK5R1|XPO1|AGO3|TNRC6C|ARNT
KOHOUTEK_CCNT1_TARGETS	0.551117938214713	0.962442912978303	-0.322942626874493	-0.943273961520983	3228	47	SFN|CLN3|MYL11|TEX19|SNHG11|EEIG1|CXCL16
GSE17721_CPG_VS_GARDIQUIMOD_12H_BMDC_UP	0.551650692225772	0.963205713787146	-0.275407791177258	-0.962332752710334	3625	163	MSH5|SLC30A3|CIITA|CARD19|ADGRE5|IL4I1|RPP21|SAC3D1|DOCK6|TINAGL1|ECE1|RTKN2|KLK8|CACNA1A|BATF2|AKR1B1|MAFK|SUCO|GBP2|CCL24|DIRAS1|SDC4|HEMK1|SLC35F6|IL15RA|NFKBIB|BID|INTS4|CAPG|PDK3|CD81|NINJ1|STMN3|TCF15
KEGG_MEDICUS_REFERENCE_PINK_PARKIN_MEDIATED_AUTOPHAGOSOME_FORMATION	0.551901565995526	0.963476159906624	0.380480917789386	0.92676151487206	2466	17	PRKN|MAP1LC3B2|NBR1|TAX1BP1|CISD1|OPTN|MAP1LC3B|CALCOCO2
GSE15330_HSC_VS_LYMPHOID_PRIMED_MULTIPOTENT_PROGENITOR_DN	0.552007031936713	0.963492711977173	0.259127042133833	0.965683062028526	1883	165	MYO1F|AIF1|CD44|SGO2|IL12RB2|CCL4|RUNX2|IL18R1|CPD|KIF11|KNL1|SYPL1|CHPT1|DAPK2|HPRT1|NCAPG|AP3S1|HK2|RAP2A|MAD2L1|SLAMF7|SYTL2|RAP1B|GNG10|CPSF2|ZDHHC2|CHSY1|DNAJB11|PTPN12|RRM1|MIS18BP1|ANXA1|RPA2|SMPDL3B|GGH|PRR11|SEPTIN11|PTPRJ|OSBPL3|ESCO2|HTATIP2|DSTN|LMNB1|BHLHE40|NCAPG2|CENPE|RFC3
GSE19888_CTRL_VS_TCELL_MEMBRANES_ACT_MAST_CELL_PRETREAT_A3R_INH_DN	0.552194543297746	0.963620160503899	0.257448197527396	0.966981933732717	1861	174	ITGB7|SETDB2|PTPN6|DCK|CD40|IFIH1|CCL2|SLC25A44|GNB4|DTX3L|CCRL2|NAAA|RAPGEFL1|MARCHF5|EIF4E3|PARP11|ARF4|EFHB|CMPK2|APOL2|BCL9|C2|ARHGAP8|RSAD2|SLAMF7|IFIT1|PTX3|SGCB|CD274
GSE41867_NAIVE_VS_DAY6_LCMV_ARMSTRONG_EFFECTOR_CD8_TCELL_DN	0.552473763118441	0.963620160503899	-0.272232951265738	-0.961784437300213	3684	179	FES|STX11|ADGRG3|ATP9B|GKAP1|IRF7|ABCB4|ADGRE5|UBA7|ETFB|RGS3|ROGDI|NSG2|IER3|TADA2A|PLEKHA1|TCP11L2|FLYWCH1|SLC6A13|MAPK7|VPS18|GBP2|NCSTN|RAMP1|SELENBP1|TRAP1|F2R|PRTN3|NSMF|IL18RAP|LIFR|MCRIP2|SLC9A8|GCHFR|TNIP1|RCN1|THOP1|C19orf48P|LMNB2|NBDY|CIPC|ITGAE|TLCD2|TRIM11|TYK2|ATP5MC1|SESN2
MULLIGAN_NTF3_SIGNALING_VIA_INSR_AND_IGF1R_UP	0.552560036248301	0.963620160503899	0.363732957996186	0.934879563490245	2438	21	HSPA4|GNL3|DDX21|CORO1C|RCL1|ST3GAL4|SRXN1|WDR77
WP_GLYCEROLIPIDS_AND_GLYCEROPHOSPHOLIPIDS	0.552536883771141	0.963620160503899	-0.373578094452792	-0.931550687426703	3070	22	DGAT2|PEMT|CRLS1|DGAT1|CDIPT|PISD|PCYT2|GPAM|PTDSS2|PNPLA2
WP_PHYSIOLOGICAL_AND_PATHOLOGICAL_HYPERTROPHY_OF_THE_HEART	0.552468427095293	0.963620160503899	0.353917399483654	0.937626306232051	2405	24	CTF1|MAPK8|PPP3CB|MAPK1|MYEF2|GATA4|RHOA
GSE9946_MATURE_STIMULATORY_VS_LISTERIA_INF_MATURE_DC_UP	0.552846807172067	0.963952796663749	-0.284645506954957	-0.957432993411635	3514	118	SMAD7|NPW|TMEM81|NUP210|ITPKC|ZBTB49|PDLIM2|JOSD2|MARVELD3|GLG1|MED15|ZFYVE19|MOSPD3|SAP30BP|MAP3K3|DNTTIP1|GNS|DAPK3|SPATA2L|AFG3L1P|GRB7|ANKS6|CLTA|IL6ST|SLC66A1|AP1M1|PHF2|MRPL46|EIF2B5|CHMP7|TOR3A|MAN2B2|NAF1
WP_TH17_CELL_DIFFERENTIATION_PATHWAY	0.553055742108798	0.964149624746112	-0.31083346148188	-0.945920276341224	3293	60	LAT|IL21R|FOXP3|FOS|NFIL3|NR1D1|IL1B|IL23A|PER1|CD3D|IFNGR1|SOCS3|TYK2|JUN
GSE360_HIGH_VS_LOW_DOSE_B_MALAYI_DC_DN	0.553609181516158	0.964779334038055	-0.273792654946265	-0.962853641649193	3665	173	TAGLN|ACKR1|S100A2|PYGM|SEC31B|FAM234B|SEMA3F|KLF7|APOD|VSIG4|FEZ1|STC2|COL6A3|MED22|PKP3|MAP3K12|MMP15|SLC10A3|AMHR2|PAEP|HIC2|DVL1|MAPK8IP1|MLEC|ITFG2|LAMTOR5|MNX1|RHCE|CEP170B|IRAG2|IFNGR1
WP_AXON_GUIDANCE	0.553589484327604	0.964779334038055	-0.31427574164192	-0.94640768531076	3284	56	EFNB1|FES|PRKCZ|L1CAM|PLXNA1|FYN|ROBO3|EFNA1|MET|FZD3|TRPC1|ABL1|ITGB1|GSK3B|CDC42|SRGAP2
GSE20715_0H_VS_24H_OZONE_LUNG_DN	0.553756185335133	0.964868007011641	-0.272555160132205	-0.961982508455605	3692	177	EFNB1|PLAT|C3|OSMR|TCN2|SVEP1|MT2A|GDF15|CPEB3|FAM131A|ADAMTSL4|PLXNA2|KLF12|TGM1|PDLIM7|SCRIB|TIMP1|TINAGL1|PGS1|SLC15A2|PIGR|MERTK|ZC3H3|CDK2AP2|SPHK1|CDC42EP4|FIZ1|ID1|FASN|PTGES2
GSE22601_IMMATURE_CD4_SINGLE_POSITIVE_VS_CD8_SINGLE_POSITIVE_THYMOCYTE_UP	0.553980699638118	0.964924217068789	0.255645015499764	0.968844361980634	1836	187	ST8SIA4|TTK|ARRDC3|TSPAN32|TBC1D10C|RGS2|DOK2|HVCN1|EIF2AK3|DEPDC1B|ANGPTL4|HEMGN|PHLDA1|C8orf58|RFX5|PARP11|CRLF3|TOB1|MRPS6|RBM4B|UGCG|NIPAL1|GFI1|OTULINL|TDRP|RNF125|CYTH4|EHD3|RAB19|DUSP10|NATD1|HERPUD1|TENT5A|B3GNT2|ZNF654|CARD6|MYB|CEP57L1|CDKN1B|ANKRD50|CITED2|CREB1|NOD1|SUPT4H1|NCK1
RAY_TUMORIGENESIS_BY_ERBB2_CDC25A_UP	0.553954629061925	0.964924217068789	-0.275847521725471	-0.959673218019265	3613	158	ADAM19|TRIM45|RAB4B|NHLH1|CDC26|SYCE2|PLA2G2C|AKNAD1|KHDRBS3|AMDHD2|CHRNA10|ITIH5|SNHG11|ARHGEF17|ERMARD|PTK2B|GALR3|GNMT|CHD3
REACTOME_COPII_MEDIATED_VESICLE_TRANSPORT	0.554195804195804	0.964986810806844	0.290527513918244	0.945745634568313	2218	65	TRAPPC6B|SEC24B|CNIH1|PPP6C|TMED2|SEC22A|SAR1B|F5|SCFD1|CNIH3|ANKRD28|TRAPPC2|SEC23A|SEC24A|SEC23IP|USO1|RAB1A|TFG|STX17|LMAN1|GORASP1|SEC31A|RAB1B|SEC22C|SEC22B
XU_RESPONSE_TO_TRETINOIN_AND_NSC682994_UP	0.554208902600264	0.964986810806844	0.3930463797775	0.927884578961063	2514	15	CXCL8|LAMP2|BIRC2|ANXA1|NMI|STAT1
REACTOME_NEPHRIN_FAMILY_INTERACTIONS	0.554460766750269	0.965257921720291	-0.378633355955929	-0.929286037603859	3094	20	KIRREL1|NPHS1|FYN|ACTN2
GSE7509_DC_VS_MONOCYTE_UP	0.554557700942973	0.965259268608559	-0.271397718839419	-0.961583972528053	3704	183	ADSS1|TIMP3|RAB34|ABCB4|MINDY1|SPSB2|DHRS1|NDUFA3|APOE|RTTN|TSPAN4|POR|OSBPL5|ING4|ITGAX|HFE|TXNDC16|PTK2B|STX4|ENTPD1|DCN|FOLR2|TMEM109|PSAP|LSS|ITGB5|CTSD|CST3|THBD|HEXA|ATP5IF1|PER1|EVL|SMIM14|RPL37A|POLR2A|MFGE8|CLTA|TAF1D|IL6ST|RPL3|FAM50A|CDKN1C|NT5DC3|CTSH|PDXK|ZDHHC14|KIAA0319L|EBP|ADAM8|PES1|FTSJ3|MRPS12|ANTXR2|AKR1A1
GEISS_RESPONSE_TO_DSRNA_DN	0.554840142095915	0.965416076678591	0.387925354342794	0.929141809387298	2498	16	MEIS1
GSE2706_LPS_VS_R848_AND_LPS_8H_STIM_DC_DN	0.554794520547945	0.965416076678591	0.260271655605461	0.963131918314294	1943	154	SEMA3A|FSD1L|LIPG|BICDL1|C10orf95|TRIM69|HECW2|EGR3|IL12RB2|CPNE8|CD70|TMEM156|ZFPM2|DSCR4|TFPI2|RPL21|MAD2L1|CPEB1-AS1|PERP|ACOT11|POPDC2|FOXP1|UBE2E1|SOCS2|ARL5B|ARHGDIG|DDN|CNKSR3|FH|CDK2|BACH1|TMEM243|KIF14|NDE1|DENND4A|ADORA2B|MED14|MPHOSPH6|NEMP1|ECD
GSE22886_NAIVE_CD8_TCELL_VS_DC_UP	0.554956573824498	0.96545131508671	-0.27127941673959	-0.960593958934164	3705	182	TSC22D3|MATR3|CYFIP2|IL11RA|RPL28|NACA4P|PRKCZ|PBXIP1|FLT3LG|RABAC1|BTN3A1|UBA7|MZT2A|DGKD|EEIG1|GPRASP1|UBA52|CACNA2D2|RPS9|IRF3|LSR|MAGED2|LTBP3|ADPRM|MZT2B|ICAM2|PRF1|RPS15|SP110|SAP30L-AS1|LINC00623|UXT|RPL36|SNRPD2|PCSK7
GSE29618_PRE_VS_DAY7_POST_TIV_FLU_VACCINE_MONOCYTE_UP	0.555285171102662	0.965791081632976	-0.27491472216701	-0.961053797513263	3650	164	H4C4|STS|LYRM9|RAB27B|IL15|CLDN7|KIAA0753|TECPR2|TFPT|NBEAL2|GON4L|COX5B|UNC5B|ABCB8|CD48|MMP1|ATP1A3|HAS1|ZIC1|SPATA6|UBB|SLC27A6
GSE5589_WT_VS_IL10_KO_LPS_AND_IL6_STIM_MACROPHAGE_45MIN_UP	0.555353075170843	0.965791081632976	-0.274481236625751	-0.961095064031084	3656	167	ZNF341|RAP1GAP2|RCAN3|ENTPD3|CRIP2|DHH|CPT1C|KHDRBS3|WFIKKN1|SCRN2|CECR2|TMEM63A|ICAM5|CILP|CDH15|STK39|PNMA3|HSPB1|CHD4|FASTK|THAP7|DDX23|RPL38|SUGP2|TRIP6|SDC4|GFUS|ZBTB10|NBL1|APBB3|UNC45A|OAZ1
REACTOME_MET_PROMOTES_CELL_MOTILITY	0.555632944454118	0.965791081632976	-0.338574596299748	-0.936124430179051	3190	35	LAMB1|LAMA4|COL1A1|LAMA5|LAMB3|MET
REACTOME_PROCESSIVE_SYNTHESIS_ON_THE_LAGGING_STRAND	0.555531070956369	0.965791081632976	0.392741621628751	0.927165120899403	2520	15	PRIM1|DNA2|POLA1|RPA2|PCNA|POLD4|POLD3|FEN1|RPA3
WAMUNYOKOLI_OVARIAN_CANCER_GRADES_1_2_DN	0.555574210879785	0.965791081632976	-0.310427151961126	-0.944683805813503	3308	60	SLC26A11|C3|HBB|DOCK4|PLSCR3|IFITM2|MNDA
CHEMNITZ_RESPONSE_TO_PROSTAGLANDIN_E2_DN	0.557260078487335	0.966449183778482	0.240676841380001	0.972840415497683	1561	343	NAPEPLD|DYNC2LI1|EXO5|AKAP5|CFAP69|NUS1|IL12RB2|ARHGEF16|WDFY3|SESTD1|BBS12|CDS1|SPAG6|ITFG1|REV3L|EVC|CKMT1B|BBS2|KLRK1-AS1|RND2|ZBTB18|GLUD1|CHDH|SATB2-AS1|SOSTDC1|AKAP12|NDFIP2|CRYZ|SATB2|PPM1A|TJP2|NFAT5|RELN|TVP23B|DMTF1|LMO7|RBL2|AP5M1|SLC2A13|VPS37D|UPK1B|SGCB|SLC22A2|RUNDC3B|SYTL2|RPS6KA2|EFCAB6|DAZAP2|DNAI4|VAPA|SIRT5|CCDC148|DBT|PLS1|PIK3C3|VWA5A|DSG2|IFT74|DLG1|CLIC4|CNKSR3|PPFIBP1|AHI1-DT|CYP4V2|ADAM10|MON1B|TMEM245|RBM47|SNTB2|ITM2B|OPN3|CYB5B|CAPN1|SIK2|ARL6IP6|PARP4|PLAAT3|PAPPA|SLC39A8|SDHAF3|TGFBR3|VAPB|LMTK3|CDK6|PAX8|SUN1|SCMH1|NFIA|TCAIM|RAB3IP|ZSCAN31|VTI1B|EXOC4|BBS4
CHEN_PDGF_TARGETS	0.557060390763766	0.966449183778482	0.387031116736692	0.926999970659683	2508	16	ARID5B|SGPL1|ZFAND5|TIPARP|MCL1|GOT1
GSE10325_CD4_TCELL_VS_MYELOID_UP	0.557455745574558	0.966449183778482	0.257016677116896	0.966687444635202	1857	177	AKTIP|LPXN|PRKCH|CD3G|CCNG1|TCF7|TESPA1|AMZ2|PEX3|LANCL1|MSH2|NAE1|UBASH3A|ZNF32|NCALD|CD96|SYNE2|IL32|SYNE1|S1PR1|TXK|INPP4B|RNF144A|LDHB|KLHDC2|SRSF8|SOCS2|BCL2|ITM2A|CCSER2|UXS1|CCT4|PIGC|MRPS30|MYC|ZBTB25|ATP6V0E2|PLAAT4|RPA2|CLUAP1|RSL1D1|SFXN1|CFAP298|BUB3|SLC39A8|TGFBR3|PRKCQ|BLMH|SUPT3H|KIF2A|OPTN|UFSP2|EFCAB14|TBC1D4|RLIG1|AQP3|HSPA8|ST13|ASF1A|TNIK|CCND2|NUCB2|PIM1|CDR2|WDR82|BAG3|BCR|TPR|ARHGAP15
GSE13229_IMM_VS_MATURE_NKCELL_UP	0.55712187958884	0.966449183778482	0.257756202565942	0.966331357504561	1896	171	ST8SIA4|STAP1|LPXN|PDK1|SESN3|TCF7|TP53INP1|RFC4|PAIP2|PPP1CC|TNFAIP8|IPO7|AAK1|THOC2|OPA1|YIPF6|CEP135|ZNF274|FNTA|LYRM7|SLC2A13|PCNP|NUP133|GPRASP3|SH2D5|IGFBP5|INPP4B|TMEM176B|EHD3|MAGT1|SIRT5|TCAF1|TLR5|TSN|ATPAF1|ELOVL5|TRIM32|TPST1|TTC3|PSMC2|EFL1|CD93
GSE1448_CTRL_VS_ANTI_VALPHA2_DP_THYMOCYTE_UP	0.556569889254714	0.966449183778482	-0.270797952176958	-0.960122607594275	3718	186	SPIB|LAMB1|SPPL2B|SPSB2|BCAR1|PNMT|DNPH1|SAC3D1|NTRK3|MYH8|RRBP1|TNFRSF1A|LUC7L|LSR|NRTN|PLOD3|PIGU|CNTROB|TSC1|MRPL55|PMF1|CAD|RFC2|FKBP8|KLC2|CEBPB|RETREG2|DEAF1|DDAH2|CDCA3|CENPV|FLNB|GTSE1|CACNB3|THOP1|REPIN1|TK1|HS3ST3A1|LMNB2|IFT46|TP53BP1|STUB1|AP1S1|PKD1|PI4KA|CDKN1A|STK25|ALAS2|DIPK1B|C1orf174|UCK1|PDIA4|RBM10|UBE2Z|ACRBP|RHOG|ZC3HC1
GSE24142_ADULT_VS_FETAL_DN3_THYMOCYTE_DN	0.556975345760674	0.966449183778482	-0.272851201261911	-0.961955711798647	3704	176	MESP2|IGF1R|SPIB|PCBP4|TASP1|FICD|B3GNT8|SYNGR2|HOOK2|APOE|RGL3|PPARG|STK39|STC2|NFIL3|KCNAB2|TIRAP|ACYP2|NSDHL|SWSAP1|ASNS|SLC2A3|CERS4|SELENOS|ACAA1|GALE|ITGAV|CENPV|G0S2|FLNB|P4HA2|GRB7|CTTN|MMP17|ID2|NRARP|BID|CAPG|APTX
GSE24726_WT_VS_E2_2_KO_PDC_DAY6_POST_DELETION_DN	0.55712993668978	0.966449183778482	0.254879207572956	0.96696351278545	1847	188	SETD7|TM6SF1|PRKCH|GNA13|MAN2B1|FGD4|IL10RB|DCLRE1A|RASSF3|TMEM64|SOCS6|BLTP3B|MEF2A|DDX19B|PEAK1|PNPLA7|RBAK|ARF4|RTN4|ZRANB3|ADIPOR1|TCF12|PROS1|FBXO3|ZXDB|P2RX7|IFIT1|SGCB|FCGRT|FXR1|WIPF1|RAPH1|SP1|NARS1|RABGAP1L|CHD9|MAPRE2|BACH1|SPTSSA|BIVM|CITED2|TPP1|PUM1
GSE3920_UNTREATED_VS_IFNA_TREATED_ENDOTHELIAL_CELL_DN	0.556692242114237	0.966449183778482	0.261569326238547	0.959925420802012	1958	145	SETDB2|CD69|IFIH1|IL12RB2|POU6F1|ZBTB33|TOP2A|L3MBTL3|PNPT1|RINT1|TCF12|RBMX|TAPT1|XPO7|SLC38A2|EFHC2|GFI1|IFIT1|TTC39C|PPA1|HERPUD1|ZDHHC20|BTBD10|B3GNT2|TARS1|SMC3|LSM14A|ELOVL5|STARD4|KLHL12|MRPL30|CEP57|BZW2|RYK|HELZ2|IMMP2L|ATM|PPAT|GPSM2|ZC3H14|SOS1|PRMT5|CD82|NR3C1|OARD1
GSE4811_CLASSSICALY_ACTIVATED_VS_TYPE_2_ACTIVATED_MACROPHAGE_DN	0.556120092378753	0.966449183778482	-0.278555010299528	-0.961056109248172	3611	146	TNS2|SHF|TCN2|RGS20|ABCB4|ZNF169|FOXD3|RABAC1|SERPINH1|MATN4|TCL1A|PCYT1B|DCT|CTSA|KLC2|MCRIP1|B4GALNT1|ENTPD6
LI_ESTROGENE_EARLY_E2_RESPONSE_DN	0.55727863931966	0.966449183778482	-0.306847933540995	-0.945366640246701	3341	64	RAB27B|CREBRF|TENT5B|ENC1|LYPD3|PPFIBP2|ZNF467|SMAD6|TGFB3|EFNA1|SGCG|ID3|STON1|PDP1|ID1|GRB7|ID2
PID_AURORA_A_PATHWAY	0.557379912663755	0.966449183778482	-0.347119057808546	-0.93665499150893	3190	31	PAK1|AURKB|AURKAIP1|TACC3|NDEL1|OAZ1|FZR1|GSK3B
REACTOME_ANTIGEN_PRESENTATION_FOLDING_ASSEMBLY_AND_PEPTIDE_LOADING_OF_CLASS_I_MHC	0.556586270871985	0.966449183778482	0.335820086814716	0.934161416948666	2399	29	HLA-B|SEC24B|SAR1B|ERAP2|HLA-C|PIK3C3|BECN1|SEC23A|SEC24A|PDIA3
REACTOME_GLYCEROPHOSPHOLIPID_BIOSYNTHESIS	0.556692913385827	0.966449183778482	-0.284996449956504	-0.955566588061017	3534	115	PITPNM3|DGAT2|PLA2G6|LPCAT4|LPCAT3|PEMT|PLA2G15|MIGA2|LPIN3|OSBPL5|MFSD2A|PCYT1B|PGS1|MBOAT1|ACP6|CRLS1|DGAT1|LPIN2|CDIPT|CPNE7|CPNE1|PISD|PLD2|AGPAT2|SELENOI|MBOAT7|PCYT2|GPAM
SESTO_RESPONSE_TO_UV_C8	0.556210030292831	0.966449183778482	-0.309374061336358	-0.945480219740463	3304	62	LAMB1|GTF2I|MT2A|GLG1|SERPINE1|BRD3|FHL1|ID3|FGFR3|FLNB|FASN|SDHA
WP_WNT_SIGNALING_WP428	0.557073954983923	0.966449183778482	-0.292520545550105	-0.951035980752857	3464	92	WNT11|PLCB4|FZD9|CSNK2A3|VANGL2|CTBP2|FZD7|WNT3
GSE18893_CTRL_VS_TNF_TREATED_TREG_2H_DN	0.557576668671076	0.966473270873916	-0.272800558411448	-0.96177716693962	3708	176	SLC30A3|ARID5A|ADGRE5|AATK|SERPINH1|MYO1A|HERC6|SYT7|MUC5B|SPATA6|LENG9|CLCN7|C12orf57|RGP1|ACTN2|RBM38|SIRT7|SV2A|TRPM1|HSPB9|BATF2|KCNE5|ROM1|DDO|ORAI1|RALBP1|GAK|ANKRD13D|ZNF784|PPOX|ZBTB7B|MAF1|YKT6|FBXO10|LAMP1|PRICKLE3|NUDT7|TMEM92|MED11|PRR14|CCNO|C11orf71|MAN2A1|ITPR2|FAM8A1|PROCA1|SEM1|ARAP1|FAM168A|RHOG|MROH1|MYO1C|SELENON
SHIPP_DLBCL_CURED_VS_FATAL_DN	0.557662202122108	0.966473270873916	-0.336970831679289	-0.93646067481133	3205	36	MATN1|LCAT|LIG1|GET3|ABCD1|GNS
GSE2770_UNTREATED_VS_IL4_TREATED_ACT_CD4_TCELL_6H_UP	0.558115183246073	0.96692444070143	-0.27114557803167	-0.959824700818109	3730	181	KLC4|TYROBP|PCBP4|PURG|CCDC12|RNASEK|BSCL2|RNF215|MT2A|IGIP|FOXD3|ARID5A|RABAC1|SLC29A1|CLN3|ABHD17A|SIGLEC10|MAP1LC3A|STK39|RELT|RHOT2|C19orf38|PKP3|TBXAS1|LRRC20|DHRS3|CDK2AP2|XPC|RHOB|MTMR10|GNS|GNB5|TBC1D17|TRPT1|BTD|TK2|TAX1BP3|ENPP3|ATP5F1D|NOP53|RPS6KB2
REACTOME_TRANSCRIPTIONAL_ACTIVITY_OF_SMAD2_SMAD3_SMAD4_HETEROTRIMER	0.558077758995412	0.96692444070143	0.302845414912946	0.942501292024948	2310	50	SMAD4|SMAD2|PPM1A|SKIL|CCNC|MAPK1|WWTR1|RBL1|SP1|UBE2D3|SNW1|MYC|CCNT2|UBE2D1|NCOR1|TFDP2|E2F5|TRIM33|EP300|NCOR2|STAT1|CDK8
GSE17721_12H_VS_24H_CPG_BMDC_UP	0.558422301304864	0.967289570405215	0.256997597270538	0.965289467784608	1882	174	SEMA3A|TSLP|TTC39B|LIPG|CD40|IFIH1|UCN|RAB29|NCOA4|MARCHF5|LGALS8|PNPT1|SOSTDC1|SMAD2|PLGRKT|RNF6|TRIB1|INTS8|UTP11|PEAR1|CDC27|RSAD2|CSRP3|SERPINE2|SLC25A48|LDB3|CATSPERG|RAD23B|ZDHHC20|EXOC6|CASP3|ENDOD1|CLIC4|SNX2|HEYL|CWC15|GART|SENP1|BRWD3|C6orf62|HMGCS1|USP12|ALDH1A2|SEPTIN8|PLAAT3|TFG
HOEK_PBMC_INACTIVATED_INFLUENZA_ADULT_7DY_DN	0.559110629067245	0.967554849062947	-0.39331747187279	-0.927594032238917	3092	17	EREG|KCNJ15|BATF2|THBD
NAKAMURA_ADIPOGENESIS_EARLY_DN	0.559060557218513	0.967554849062947	0.346303746450643	0.935841398532585	2427	26	STK38L|COL15A1|CCN1|SERPINE2|CALD1
OZEN_MIR125B1_TARGETS	0.558834112990284	0.967554849062947	-0.371567853950342	-0.926537971344692	3105	22	SEL1L|ATXN1|LYPLA2|SAMD10|QSOX2|SLC7A1|CASC3|SMARCD2|LACTB|EIF4EBP1|ULK3
SWEET_KRAS_TARGETS_UP	0.559153783563873	0.967554849062947	-0.298605020726797	-0.946411684606083	3435	76	ADAM19|TAGLN|TIMP3|COL1A1|ACVR1B|HSPB1|SERPINE1|HSPG2|ECE1|NLRP1|JUNB|BMP1|SGK1|ITGAV|P4HA2|EVL|ULK1|DICER1|PDXK|JUN|SLC22A5
WP_8P231_COPY_NUMBER_VARIATION_SYNDROME	0.559013646157529	0.967554849062947	0.309457070515528	0.939977785596019	2334	44	MTMR6|FCGR2B|CLDN23|CSTA|PPP1R3B|SGPL1|ERI1|MAPK1|GATA4|HSPD1|S100A10|CTNNB1|TNKS
WP_GASTRIC_CANCER_NETWORK_1	0.559060557218513	0.967554849062947	0.346287814812042	0.935798345325385	2427	26	TOP2A|KIF20B|NUP107|ECT2|H3-3A|LIN9|ACTL6A|KIF15|APC
PID_NETRIN_PATHWAY	0.559477585598306	0.967634782794701	-0.355890545323625	-0.932059082648892	3169	27	PAK1|BCAR1|TRIO|UNC5B|FYN
REACTOME_PROCESSIVE_SYNTHESIS_ON_THE_C_STRAND_OF_THE_TELOMERE	0.559352517985612	0.967634782794701	0.370190549478856	0.928457013451169	2487	19	DNA2|RPA2|PCNA|WRN|BLM|POT1|POLD4|POLD3|FEN1|TERF1|RPA3|TERF2IP
SASSON_RESPONSE_TO_GONADOTROPHINS_DN	0.559489169091497	0.967634782794701	-0.294901575996199	-0.94656643596443	3460	83	TPM2|TP53I11|CYFIP2|AXL|ACTA2|RAB33B|PDLIM3|ATP9A|ITGB5|DHRS3|TYRO3|ARHGAP1|HSD17B1|REXO5|SMARCA4|CDKN1C|RANGAP1|DUSP14
GSE20715_WT_VS_TLR4_KO_24H_OZONE_LUNG_UP	0.560201660735469	0.967703266871787	0.256899503081262	0.96492102353157	1888	174	PLCE1|TGFBR2|RRM2B|DCLRE1A|JKAMP|HS2ST1|CTSS|USP2|GGPS1|PAIP2|DOCK7|PRIM1|SEH1L|FBXO3|PER2|COP1|COL4A5|TSPAN12|COPZ2|ART4|PLXNC1|CCN5|MAGT1|GNPDA2|RPS27L|RHOA|RPE|NFE2L2|ACSL1|PCYOX1|B3GNT2|CA8|ARMT1|SEPTIN2|CYBB|PPP3R1|GBE1|POPDC3|TPST1|IPP|PDIA3|SPG11|AGPAT5|SEC62|TMT1A|HACD1|WRN|BHLHE40|NCAPG2
GSE24142_EARLY_THYMIC_PROGENITOR_VS_DN3_THYMOCYTE_ADULT_UP	0.560041872289517	0.967703266871787	-0.27165391803499	-0.959850350996457	3744	178	FES|PAK1|TYROBP|SPAG1|APBB2|PPFIBP2|GDPD5|HLA-DOB|GRN|DGLUCY|GON4L|TRIO|RCN3|EEIG1|KLF7|ITGAX|LBP|SLC52A3|ICAM1|DKKL1|CCND1|ACVR1B|THEMIS2|FBLIM1|LTBP3|AKNA|TSC1|DCXR|SELENBP1|SEC61A1|BMP1|CRYZL1|ITGAV|TSC22D1|ARFRP1|NHSL3|SASH1|MGAT4B|NEK6|NIBAN2|TP53BP1|LPCAT1|CD81|CIPC|MICAL1|S100A6|ALDH6A1
GSE36826_WT_VS_IL1R_KO_SKIN_UP	0.559905100830368	0.967703266871787	0.25693119219268	0.965040048634609	1887	174	DNAJB2|BCAR3|PELI2|CCNG2|LGR4|RGS2|CPVL|CREBL2|HLA-B|POU6F1|CLIC2|ANKRD36|KLHL24|CTSS|NAAA|AMZ2|MXI1|STAG3|ZNF274|CBX7|CTSF|HSD17B11|P2RX7|ABR|VWF|PLA2G4C|NREP|SDS|FZD2|IL10RA|TLR5|STK24|SAMD4A|SCAMP1|SEMA4A
GSE39916_B_CELL_SPLEEN_VS_PLASMA_CELL_BONE_MARROW_DN	0.560058737151248	0.967703266871787	0.257511830648088	0.965415204004607	1906	171	DNAJB2|MYO1F|LPXN|CD44|CCL5|POU6F1|HIF1A|IL18R1|B3GNT5|CIBAR1|CAPN2|EPB41L5|PROS1|PDE8A|CFAP418|PEAR1|OSTF1|GLIS3|CHIC1|IFITM10|TTC39C|SYT11|EDA|PLXNC1|SCN8A|ABHD14A|POGLUT3|PCNX4|ADK|ZDHHC2|RAPH1|ENDOD1|CHSY1|ABCB1|FAM241B|MAPRE2|HACD3|HMGN3|VMP1|SEMA7A|SMPDL3A|RBM47|ARHGAP5|SMPDL3B|PLSCR1|PARP16|TMT1A|OSBPL3
GSE6259_DEC205_POS_DC_VS_BCELL_UP	0.560203594719262	0.967703266871787	-0.288388875077459	-0.950765403094144	3521	102	MXD3|PRG2|IQCD|KRT12|EPN2|SMAD6|GCOM1|TGM1|TPH1|HFE|KCNJ11|FGFR3|HPCAL1|SIX5|POLR3K|MAPK8IP1|RTBDN|NAT14|GPS1|CD276|STARD10|CCDC74A|GPR3|BCORL1|TBC1D10B|NEK8|CHRNB1|HMGA1
GSE8515_CTRL_VS_IL1_4H_STIM_MAC_DN	0.559820089955023	0.967703266871787	-0.271460319795737	-0.959054771695221	3733	179	ZNF711|PAGE4|CCR7|ELMO3|CXCL1|CELF3|PLXNA1|SRRM2|MATN4|IER3|GDF2|ICAM1|PILRA|AURKB|AURKAIP1|BCL3|CNGB1|IGHA1|BRD1|ROM1|ZC3H12A|GAL3ST1|RNPS1|KANK1|NECAP2|PLK3|DYNC1H1|NFE2L1|JUNB|SDC4|HDAC7|CEBPB|UXT|NOP16|IQSEC2|MOCS3|NT5C|ARFRP1|IL15RA|TNIP1
KEGG_MEDICUS_PATHOGEN_KSHV_VGPCR_TO_GNB_G_ERK_SIGNALING_PATHWAY	0.56005554269845	0.967703266871787	0.33856568463743	0.932897911039395	2419	28	GNG12|GNB4|HIF1A|PDGFB|MAPK1|GNG10|NRAS
GSE13547_CTRL_VS_ANTI_IGM_STIM_BCELL_2H_DN	0.560521932259856	0.968086571924369	0.264793334789711	0.957514216682452	2018	129	MORC1|FGF5|FCGR2B|CMYA5|TSKS|CAMSAP2|TCF7|BLTP3B|TESPA1|IL18R1|RNF138|SMNDC1|CBX7|MED21|HES7|GPR183|TANC1|IL1RL1|PITX3|TMEM169|EHD3|FCGRT|NFATC2|DDX18|ATG9B|CCT4|NMNAT3|CLIP1|WT1|GALNT10|ADARB1|SLC4A1AP
ELVIDGE_HIF1A_TARGETS_UP	0.561438561438561	0.968189643736699	0.289678655912603	0.942982372175792	2247	65	SLC25A44|AMD1|CORO1A|TAF9B|GULP1|HSPH1|SCYL2|GABBR2|HSPA4|RRP15|JAK2|SOCS2|RFK|CHUK|IDH3A|SEC23IP|IDE|GYG1|RAB35|KPNA1|TMEM33|RIOX1|SLC35B1
GSE17721_POLYIC_VS_GARDIQUIMOD_6H_BMDC_DN	0.561529271206691	0.968189643736699	0.253853430416347	0.967406108134571	1879	192	ELK3|DNAJB2|SNX18|NMD3|MFSD14A|CKS2|EIF3E|PPP1CB|MOB3B|CCT8|SRP19|KIF3C|RDX|YWHAG|GRPEL2|STYX|MAPK8|NUP160|UTP11|MRPS22|QNG1|PLPP3|FCER1G|RIOK2|TMED7|VDAC1|TMED5|SQOR|PAPSS1|RABL3|PRMT3|NNT|FBXO33|DHX15|ABHD5|SACM1L|STARD4|MAN1A2|TMX1|FAM20B|CLOCK|NCBP1|HSD17B12|KLHL7|HSP90AA1|B3GALNT1|UBE2V1|PSMC5|SEC61G|ZNF281|DNAJB6|POT1|YAF2|DIMT1|PHF8|WASHC2A|SUMO3|MAFF|POLR2K|CDK8|SNRNP40|CANX|TOP1|RASA2|NUDT4|CCDC47
GSE19401_NAIVE_VS_IMMUNIZED_MOUSE_PLN_FOLLICULAR_DC_UP	0.56174225415357	0.968189643736699	-0.270648688235331	-0.958930096781034	3752	183	ANPEP|TSC22D3|CRIP2|ENG|CXCL1|P2RX4|ARID5A|ICAM1|SERPINE1|COMT|STAB1|PLOD3|PHLDB1|BCL3|EMP3|IL1B|MX1|SLC16A3|SP100|BIN1|DUSP4|CSNK1D|SP110|SLC2A3|JUNB|RHOB|PDGFA|ZNF263|POLG|MAPKAPK2|LAMTOR5|G0S2|HSPA1A|LMNA|FLOT1|SSR4|CDC42|DUSP5|RPL35|UPP1|SAFB|SRF|CDKN1A|ELK4|EIF3K|HMGA1|SLC12A2|LIMK2|EZR|NPC1|CDC37|EIF4A3|RNF19B|PCYT1A|FUS|PDE4DIP|KRT10|SH3BP5
GSE21379_TFH_VS_NON_TFH_SAP_KO_CD4_TCELL_UP	0.561033561033561	0.968189643736699	0.252695965682606	0.966596203965292	1888	195	YOD1|MMP14|WDFY3|SELENOT|DDIAS|SGPP1|CCNG1|PGAP4|AK7|STRADB|UBLCP1|HYCC1|WDR35|PIKFYVE|RIF1|EPB41L5|GCLM|PRKRA|ABCB10|PPP3CB|UGCG|RBKS|PLA2G4C|BCL2L15|PLXNC1|SLC35D1|ELL2|C5orf22|HYPK|MRPS23|TPRKB|CPOX|SSB|EXOC6|ENDOD1|ZMAT3|BAG4|PRDX6|RB1|MINPP1|UTP15|PEX5|ZNF266|TPST1|KLHL12|CA2|PSMC2|ATP13A3|ATP1B2|ALKBH8|XPNPEP1|BLM|MEX3D|CISD1|TFDP2|SH3GLB1|OPTN|POLR1F|SSX2IP|SOS1|TOP1|SCML2|BTAF1|CCNB1IP1
GSE30971_CTRL_VS_LPS_STIM_MACROPHAGE_WBP7_KO_2H_DN	0.562124849939976	0.968189643736699	0.25698679079062	0.967913347587621	1872	179	DISP1|ST8SIA4|AIF1|FAM135A|CD36|LST1|ARL5A|C1orf162|REV3L|HNRNPLL|EEPD1|PPT1|FAM174A|UCHL3|GLUD1|RHOT1|HEATR3|TMEM59|FAM13A|GAS2L3|SNX24|RMND5A|MEX3B|DRAM2|RCBTB2|C5AR2|DOCK10|FPR3|OTULINL|CHN2|CMTM7
GSE3337_4H_VS_16H_IFNG_IN_CD8POS_DC_UP	0.560939357907253	0.968189643736699	0.253213283179413	0.967409339745133	1886	194	CD83|PRNP|GPR137B|CD40|COPS2|MEMO1|KPNA3|GNAI3|PSMC1|COPS8|BATF3|DDX19B|LDHA|PRIM1|PFKFB3|CD80|SLC44A1|CRNKL1|HSPA4|TCP1|PRRC1|PPA1|MORF4L2|DBT|TIPIN|SUPV3L1|ADK|DNAJA2|PRELID3B|FBXO45|RRM1|SUB1|GTF2B|TAMM41|IPO11|IDE|DDX21|GABARAPL1|PSMC5|ANKRD33B|GHITM|METTL9|ACOT7|TP53INP2|SFPQ|SERPINB1|ZFP36|WDR43
GSE360_CTRL_VS_L_MAJOR_MAC_DN	0.561840562719812	0.968189643736699	0.257316186185446	0.963535094330332	1916	170	MTMR6|CNR1|CSPG5|CLN5|MBNL2|CLIC2|ABCC4|EXPH5|ABCD3|NUP153|SACS|MAPK1IP1L|SMNDC1|THOC2|GRIK1|BCAS2|INPP5K|ITPRID2|PPP3CB|RAP2A|SMARCA5|SNX4|HOMER1|PRRG1|CLDN9|SPINK4|PCDHGA8|WNT2B|UPK1B|DKK3|FBLN1|ELL2|SND1-IT1|EDC4|ACSL1|ZW10|PLPBP|CLIC4|CDKN1B|UBE2D3|SECISBP2L|BIRC2|ING2|CEP170|EFR3A|PSIP1|HTATIP2|DVL3|CNKSR1|MAPRE1|INPP1|OPTN|BBS4|NUP58|POLR1F|NCKIPSD|PGK1|TOP1
GSE360_L_DONOVANI_VS_L_MAJOR_DC_DN	0.561108587005906	0.968189643736699	-0.27303716142583	-0.959146562619108	3704	172	RHOBTB2|HLX|ARSA|LPAL2|PLLP|SLC38A10|CCS|DOCK4|RTN2|ICAM5|MYO1A|ATP1A3|IRS1|VSIG4|SLC19A1|BCAM|GPC1|RECQL5|LSR|ZMYND10|UBOX5|UBB|MUC1|SGCG|TXNRD2|TRADD|SORBS3|SLC1A5|IL17RA|SEC61A1
GSE3691_IFN_PRODUCING_KILLER_DC_VS_CONVENTIONAL_DC_SPLEEN_UP	0.561192232425109	0.968189643736699	-0.27009525430561	-0.960512216946707	3727	193	WFS1|TEP1|SMAD7|TSC22D3|CEP83-DT|CREBRF|DGAT2|ATRN|ARSA|ATAT1|FAM193B|DDB2|PWWP2B|B3GNT8|DBP|MRPL14|IFT140|GPX8|GPRASP1|RDH12|C12orf57|STX4|MEAK7|USF3|SPATA1|TSPO|SPATA7|FBXW4|B9D2|STON1|MAP4K2|CLCN6|FAM98C|ARFIP1|PPOX|NSMF|TMED4
GSE5589_WT_VS_IL10_KO_LPS_STIM_MACROPHAGE_180MIN_UP	0.562011344473402	0.968189643736699	-0.276376658103661	-0.957084632779551	3665	151	GZMM|CCR7|GNRH1|TMEM81|CCPG1|COX8A|LYST|MAPK11|ADGRE5|PPM1J|HCST|UBL7|ARHGAP4|LAGE3|CLCN7|TOM1|KEL|MX1|MAD1L1|PIGL|FOXRED1|PLK3|FBXL3|RPL10|MIR17HG|TTC28|POLR1G|TK1|NUBP2|IFNGR1|SH2D2A|RPS6KB2|SNRNP70|WDR45B
GSE7852_TREG_VS_TCONV_THYMUS_DN	0.562003298845404	0.968189643736699	-0.271874522356737	-0.95958019974761	3747	177	SEMA4G|RPH3AL|ENC1|LYST|P2RX4|ACAP1|TMEM63A|DYRK2|EEIG1|NCCRP1|NSG2|TMEM86A|ACVR1B|CYP2S1|TNFRSF1A|PIK3IP1|SRR|ZNF446|RHOT2|ACP3|SLC16A5|ANKRD23|SLC12A7|ITGB5|ZNRF3|SGK1|ANKRD13D|GRK6|APBB3|FAM98C|AP3D1|PDLIM4|REXO5|HCN3|UQCC3|IGSF1|ADGRL1|USP40|PYM1|ATP6V0A2|F12|SPTBN1|ANKRD11|MYLIP|FNTB
HOLLERN_EMT_BREAST_TUMOR_UP	0.562028894472362	0.968189643736699	-0.282438030685176	-0.95574374159198	3578	124	PLAT|APBB2|LAMB1|HLX|AXL|PLA2G15|TSPAN4|VSIG4|LOXL3|PCOLCE|TTYH2|RIPOR1|HSPG2|B3GNT9|PHLDB1|P3H1|EMP3|DCN|FOLR2|TJAP1|CSGALNACT2|EHBP1L1|ENO3|NBL1|MRAS
REACTOME_CELL_CELL_COMMUNICATION	0.562009419152276	0.968189643736699	-0.282609523117016	-0.953901621659328	3579	121	CADM2|ADAM19|TYROBP|CLDN7|CLDN6|KIRREL1|CDH15|NPHS1|CLDN12|FYN|LAMB3|PTK2B|ACTN2|CLDN11|FBLIM1|ZC3H12A|CD151|HOXC8|AFDN|PLEC|ITGB1
REACTOME_DNA_STRAND_ELONGATION	0.561698157219501	0.968189643736699	0.33007922687636	0.936147033310014	2407	32	RFC4|PRIM1|DNA2|GINS1|POLA1|RFC5|RFC1|RPA2|PCNA|RFC3|POLD4|POLD3|FEN1|GINS3|RPA3
REACTOME_G_PROTEIN_BETA_GAMMA_SIGNALLING	0.561520859003697	0.968189643736699	-0.353046765398248	-0.932415855509336	3189	28	PAK1|GNG8|GNB3|AKT3|GNB5|AKT2|CDC42
REACTOME_NUCLEAR_EVENTS_MEDIATED_BY_NFE2L2	0.560713349068975	0.968189643736699	0.275563951652199	0.950017945240136	2137	93	EGF|CCL2|ABCC3|PSMC6|PSMC1|PSMD5|ME1|PSMA1|PSMA4|GCLM|IDH1|PSMD6|NFE2L2|BCL2|SP1|BACH1|PSMD10|SKP1|PSMA2|MYC|PSMA6|PSMC2|PSMD14|PSMD11|PSMC5
GSE17721_POLYIC_VS_PAM3CSK4_0.5H_BMDC_DN	0.562331030339441	0.96837860397106	0.256527078074081	0.967007048113552	1871	180	KAT2B|IL10RB|C5orf15|USP25|MGAT2|RARS1|ME1|PIK3C2A|ERBIN|NFYA|MARCHF7|MMADHC|UBE2N|RIF1|DDHD2|SC5D|STARD3NL|BCAS2|RP2|TRIM2|REEP2|GPNMB|HAS3|PRRC1|AGL|RBL1|VRK2|SYP|AHCTF1|IREB2|RPS3A|BECN1|PRDX6|DNAJB9|C6orf120|SLF2|GDE1|PFN1|NMNAT3|UBE2D1|BNIP2|C6orf62|KBTBD2|FBXW11|USO1|NCOR1|ANKRA2|ATF1|DLD|ESCO1|ELOF1|HSPA9|FBXO11
ELVIDGE_HIF1A_TARGETS_DN	0.562893081761006	0.968551408399156	0.280019450597406	0.94660172627414	2147	83	PGAP1|PDK1|INSIG2|EGLN3|ANGPTL4|PDGFB|BNIP3L|PFKFB3|FAM13A|MXI1|HK2|IGFBP5|CCN5|ERO1A|ZNF292|RBPJ|WSB1|GBE1|CITED2|P4HA1
GSE11864_CSF1_PAM3CYS_VS_CSF1_IFNG_PAM3CYS_IN_MAC_UP	0.563106796116505	0.968551408399156	0.256869055146656	0.963847100979302	1913	172	BATF|PRKCH|BRMS1L|GNAI3|RSL24D1|TAF9B|SGPL1|LDHA|NPM1|ZNF146|CAPN2|SLC44A1|LRPPRC|ARPP19|OLA1|BBS1|PERP|TMEM255B|TENM2|RAD23B|LITAF|SAMSN1|BCDIN3D|GTF2E1|ITM2A|CDK2AP1|PPFIBP1|EIF2S1|NIFK|TEAD1|GNL3|PTPRJ|SEC63|FARSB|ATXN7L1|PHF21A|BCCIP|ATL2|SNHG16|DKC1|SCN9A|TNFSF9|GALNT6|TRIM47|SNRNP40|CLIP2
GSE17186_MEMORY_VS_NAIVE_BCELL_UP	0.562855432505238	0.968551408399156	-0.27035631125238	-0.958556755885585	3760	186	CCR7|SMPD1|NPB|TMEM9|ARID5A|CCS|PPM1J|HCST|DYRK2|EEIG1|DNAJC15|MATN4|KLF7|LBP|PHB1|TMEM44|KCNAB2|SDR39U1|AXIN2|EPHB6|SNHG17|PIP5KL1|GBP2|FRMD8|ICAM2|ACSBG1|SRM|SHISA5|ENDOG|TELO2|HDAC7|B4GALNT1|ANKRD9|TEX264|MCRIP2|ARHGEF1|GDPGP1|SIGIRR|KDM4B|LRFN4|ATP5F1D|POLM|SKI|WDR74|ZBTB11-AS1|ABHD8|ESYT1|DMAC1|FAM8A1
GSE360_DC_VS_MAC_DN	0.56301513562116	0.968551408399156	-0.271056359103471	-0.958601966214165	3756	180	TSC22D3|PYGM|CD14|TYMP|IRF7|SMPD1|DHRS1|HSPB3|RABAC1|BTN3A1|AATK|ARHGAP4|SERPINH1|RPL23|IFI16|RRBP1|FYN|AURKB|TBCB|EMP3|PPP4C|PIGR|STK19|MYDGF|SLC16A5|NSDHL|AMHR2|TSFM|LSM7|CDK2AP2|PLK3|IQSEC2|CDK10|SNRPD2|RTL8C|GCHFR|NUDT1|MEF2D|OGFR|RPS26|RRP7A
GSE39152_CD103_NEG_VS_POS_MEMORY_CD8_TCELL_UP	0.562838244137102	0.968551408399156	-0.272255104455117	-0.959854131430197	3743	176	SEMA4D|GKAP1|TIMP3|ANKH|RUFY1|APLP2|CD48|MAP1LC3A|STK39|ZNF622|NME3|PHLDB1|FGD1|SLC6A13|MX1|GDF9|CSRP2|RAMP1|ROM1|LYL1|CST3|DHRS3|TTC4|AGRN|CPNE1|HEXA|PAQR7|EPHX1|SLC66A2|AP3D1|HDAC5|GLMP|TNIP1|HSPA1A|SURF6|LPCAT1|ZNFX1|P3H3|ESYT1|HSPA1B|ADAM8|TRAF5|DHCR24|LRRC8A|SERINC3|RPS14|SYT5|ACTN4|HOXB9|WDR45|PPDPF|MATK|ANXA4|ANKRD13A
KEGG_MEDICUS_REFERENCE_WNT_SIGNALING_PATHWAY	0.563106796116505	0.968551408399156	-0.332743231572873	-0.929973114004558	3247	37	FZD9|FZD7|WNT3|CCND1|FZD3|AXIN2|DVL1|GSK3B|WNT5B
LEIN_OLIGODENDROCYTE_MARKERS	0.562766224004009	0.968551408399156	0.288436766528603	0.94476453215624	2245	67	ARRDC3|SERINC5|ANLN|RNF13|SLC44A1|NRBP2|CCP110|SYT11|TMEM88B|CSRP1|MTRR|CLIC4|HCN2|QKI|CA2|GLTP|QDPR|HMGCS1|UGT8|PEX2|FABP5
KEGG_MEDICUS_VARIANT_MUTATION_CAUSED_ABERRANT_ABETA_TO_26S_PROTEASOME_MEDIATED_PROTEIN_DEGRADATION	0.563512561634186	0.969083277999651	0.321854984354529	0.932254986422393	2399	35	PSMC6|PSMC1|PSMA1|PSMA4|PSMD6|PSMA2|PSMA6|PSMC2|PSMD14|PSMD11|PSMC5
GSE5679_CTRL_VS_PPARG_LIGAND_ROSIGLITAZONE_AND_RARA_AGONIST_AM580_TREATED_DC_DN	0.563647306650617	0.969148966111492	0.255153009122247	0.965191892372477	1872	184	CD83|PRNP|MFSD14A|ABCC3|GPR162|PTER|SCOC|NEDD4|CKS2|TOP2A|RNF13|FGGY|RAMAC|ARL8B|ITSN1|SLC44A1|OLA1|WSB2|CNOT7|FKBP10|CA3|EFNB2|SPP1|S1PR1|TAC1|TMEM176A|PAK3|FGFR1|LAT2|ATP6V1D|MRPS31|SLC20A1|TCEAL9|TYMS|NFATC2|ADK|ITM2A|SSR1|SPCS2|DNAAF10|SPTSSA|ANXA5|MYC|STMN1|ANXA1|TTC3|GOLGA7|ATP6V1A|PPP2R1B|RAB4A|ATP6V0E1|PCLAF|FABP5|SUCLG2|IL1R1|S100A4|WASHC2A|DEGS1|MSMO1|SLC25A4|EMID1|MPP1|TRIM47|FOSL2
BIOCARTA_CELLCYCLE_PATHWAY	0.566832804712279	0.969176502074134	0.360201361959035	0.925802528019431	2501	21	CCNB1|RBL1|CCNH|CDK1|CDKN1B|CDK2|RB1
BOHN_PRIMARY_IMMUNODEFICIENCY_SYNDROM_UP	0.567206863679695	0.969176502074134	0.311416830913283	0.933867935929856	2379	41	NMD3|TOP2A|EXPH5|SMC2|OAT|NUSAP1|IL32|MORF4L2|DLG1|CDKN1B|BLM|CENPE|CANX|DLGAP5|ASPM|CALU
CHIBA_RESPONSE_TO_TSA	0.566477955052325	0.969176502074134	-0.324838252481642	-0.933288377222264	3301	43	BSCL2|GRN|BSG|LYPLA2|CYP4F2|IFITM3|ID3|SDC4|ID2|USB1|PIP4P1|CDKN1A
GSE10239_NAIVE_VS_KLRG1HIGH_EFF_CD8_TCELL_DN	0.566239952366776	0.969176502074134	0.253132484876779	0.965781082827019	1901	193	TTK|MED18|CFAP95|LGALS3|PKD2|DUSP19|ANLN|PBK|DERA|UCHL3|PI4K2B|CIP2A|CKAP2|ZWILCH|PALS2|CAPN2|GAS2L3|NUP37|KPNA2|NEIL3|AP3S1|ASS1|HK2|USP14|MAD2L1|SAR1B|SLC22A15|SLAMF7|SGCB|GRIA2|MRPL15|ELL2|ZFAND4|TYMS|SPDL1|TIPIN|POU4F1|RFC5|ENDOD1|ACTL6A|NDUFAF6|MAPRE2
GSE14908_RESTING_VS_HDM_STIM_CD4_TCELL_ATOPIC_PATIENT_UP	0.566379566379566	0.969176502074134	0.252327782051953	0.96518785184226	1906	195	NLGN2|RNF11|GLMN|DUSP19|JKAMP|ADPRH|PEX3|THNSL1|CIP2A|PSMA1|SACS|CIBAR1|ARL1|MFSD1|FEM1B|CCNC|C1S|CHAC2|ALDH9A1|CAPRIN1|VAPA|MRPS23|STAU2|CCNH|UTP3|NME7|EIF5B|TARS1|ZMAT3|FAR1|DECR1|ZNF566|CDK2|SEPTIN2|HMGN3|RIDA|GTF3A|CHMP5|MASTL|PMPCB|CCDC90B|NUP88|ECPAS|FBXW11|GNL2|SPRED1|HELQ|SLC4A1AP|LTV1|LMNB1|THUMPD1|BLMH|NDFIP1|TNFSF9|RBBP7|TRAPPC13|HSBP1|NAA35|MAIP1|WDR43|FKBP1A
GSE21063_WT_VS_NFATC1_KO_16H_ANTI_IGM_STIM_BCELL_DN	0.565738291582387	0.969176502074134	-0.279292986826182	-0.955348485451782	3635	136	ASCL2|RAB27B|ACTG1P17|SPON2|S1PR5|ASIC3|LINC02693|TMED9|B3GAT1|CECR2|SEMA3B|JAZF1|UNC13A|NFIL3|CMKLR1|PRSS40A|CNGB1|TSPAN9
GSE21546_UNSTIM_VS_ANTI_CD3_STIM_DP_THYMOCYTES_UP	0.566968325791855	0.969176502074134	-0.272191705222488	-0.957903994823976	3758	174	ZNF711|ADAM19|TAGLN|RAB4B|RAB27B|LIPT2-AS1|ATRN|THAP8|MAGEH1|ZNF559|CASC15|RHBDF1|RAB33B|ROGDI|PLSCR3|IFI16|MMP1|APH1B|ZNF671|ATP9A|SERPINE1|HSBP1L1|RAB15|IL17D
GSE23505_UNTREATED_VS_4DAY_IL6_IL1_IL23_TREATED_CD4_TCELL_DN	0.565408519023799	0.969176502074134	-0.272752245582101	-0.957307132144998	3729	171	SLC26A11|RINL|IAH1|AKAP13|BSPRY|SLC46A1|INKA1|HLA-DOB|RTN4R|ETHE1|ARHGAP45|CD48|TGFB3|SMPD3|PRRT3|NRTN|C12orf57|ATP2A3|SIRT7|SLC25A19|TNFAIP8L2|SLC6A13|FAS|BCL6|ACP6|SPINDOC|SDHAF4|UNC13D|STOX1|GPSM3|TREML2|TRAP1|FERMT3|SUSD3|ID1|MREG|TK2
GSE28237_FOLLICULAR_VS_LATE_GC_BCELL_UP	0.563989408649603	0.969176502074134	0.257948328533808	0.962058815727939	1916	166	NXPH3|CAMKMT|CD40|TMOD4|NUS1|CREBL2|GLMN|ZFPM2|IFT56|LHPP|EDARADD|RIMOC1|LRP6|SVIP|CMPK2|TRIB1|NUP133|C19orf73|DOCK10|PAK3|SERPINE2|DNAI4|AGL|DCAF17|UBXN7|MFSD4B|FZD4|CHD9|FAR1|PDE7A|RLF|MGA|PPM1K|MFSD14B|ARL4A|DCUN1D1|CLOCK|ARFGEF1|BRWD1|AVL9|ZNF638|SNX29|VIL1
GSE29164_UNTREATED_VS_CD8_TCELL_AND_IL12_TREATED_MELANOMA_DAY3_UP	0.567235699311171	0.969176502074134	-0.269736058488566	-0.955128964095178	3787	182	IDUA|SRGAP3|TP53I11|GKAP1|ENG|SMPD1|ENC1|FAM234B|FGD3|TMEM144|CXCL16|PPFIA4|IRF3|HS6ST1|PPM1F|SH2B2|MAP3K12|HERC2|SPINDOC|NAA80|ENO3|GNPTG|SMIM1|AGPAT2|UBALD1|IQSEC2|CNPY3|MUL1|SUSD3|TMED4|PDF|CNP|EVL|NFKBIB|GLMP|DDA1|C1orf122|LONRF3|CAND2|TP53BP1|PIP4P1|AUP1|FAAP24|PRAF2|PNPLA2|TXNRD3|FRS3|PLEKHO1|SERINC3|CCT3|CLPTM1|CEP85|HGH1|CLPP|SSBP4|CALML4|DYNLT3|PDE4DIP|IFT172|DENND6B|MNT|SETD2|SLC25A23
GSE29949_CD8_NEG_DC_SPLEEN_VS_MONOCYTE_BONE_MARROW_UP	0.566475731082303	0.969176502074134	0.256352058266016	0.966697753506551	1878	181	DPYSL2|DCK|CCNG2|CCL5|LGALS3|PANK3|ZBTB33|ZBTB18|EGR1|ABCD3|RNF103|NAB1|CAPN2|PDS5A|PLAA|ATP1B1|PER2|MAPK1|MYOM2|PTPN14|SLC35D1|FCGRT|ATP6V1D|LARP7|RRP15|PRKCI|SKAP2|SLC30A1|YWHAZ|ZNF160|ROCK1|ACSL1|IL10RA|GTF2E1|CHD9|TASOR|MEGF9|SPTSSA|ANXA5|MAPK9|ORC3|SEC23IP|PTPRA|SIK2|GTF2H1|DVL3|RIPK1|GOLGA8A|NUP50|PEPD|CAST|GPSM2|TSPAN3
GSE32986_GMCSF_AND_CURDLAN_LOWDOSE_VS_GMCSF_AND_CURDLAN_HIGHDOSE_STIM_DC_DN	0.564336661911555	0.969176502074134	0.260718761487706	0.959190556226015	1977	149	AIM2|ADTRP|TM6SF1|C3orf52|LGALS3|ASB9|CHN1|TDRKH|KDSR|MYCBP|PROCR|SH3BGRL2|SLC39A1|PLXND1|KATNAL2|RASSF6|RNF148|CLMP|CREB3L3|ICA1|KTN1-AS1|LRRC46|ETV7|STK24|CLIC4|HMGN1|TENT4B
GSE339_CD8POS_VS_CD4CD8DN_DC_IN_CULTURE_DN	0.565151971110442	0.969176502074134	0.255079707178382	0.964914606040808	1877	184	DPYSL2|RTL6|NMD3|MAP3K1|NCOA4|SYPL1|HSPH1|SMC2|RMND5A|DCAF13|WDR26|RELN|UHMK1|FAM13B|SPAST|CBFB|PLXND1|OSTF1|MAD2L1|GFI1|B3GALT1|SFRP2|LARP7|TENT5A|EIF1B|ZNF292|AP1G1|RDH11|ABCB1|HSPD1|PRKD3|TTC33|TRDMT1|CNOT6L|RBBP4|QKI|PUM2|NEK2|TCERG1|GGH|CDC5L|PARP16|TMT1A|MRTFA|KLHL7|ZDHHC16|TRIM3|BHLHE40|EIF4A2|FDFT1|BTK|S100A4|NUP50|ZRANB2|IDI1|KPNA1|COPB1|LTA4H|PBRM1|BIRC6
GSE360_L_MAJOR_VS_T_GONDII_MAC_DN	0.56698099086963	0.969176502074134	-0.269810832744003	-0.955961507305776	3787	183	GZMM|STS|CYFIP2|PYGM|PIEZO1|HLX|MYO16|NDUFB8|ITPA|FAM131A|TECPR2|DNPH1|ECI1|SERPINH1|FLAD1|FOS|BRD3|H4C2|NFRKB|SLC43A1|AMHR2|SRM|PIN1|DGAT1|BMP1|CPNE1|ALG3|NBL1|MGRN1|IQSEC2|ABL1|PARP3|RASSF1|KIFC1|DHCR7|SF3A2|RUSC1|ATP5F1D|LPAR2|FUT1|PSMA7|EXOSC7|MCM2|CYC1|MCM7|ATP5MC1|FAM8A1|MGAT1|SGTA|HMGA1|SRSF5|CLASRP|H2AZ1|EIF3B|BYSL|ARFIP2|MCM6|PATZ1
GSE3982_MAC_VS_BCELL_DN	0.564079557350082	0.969176502074134	-0.271254353610714	-0.958438547126073	3771	178	COL18A1|STOML1|FAM234B|ZCWPW1|FAM193B|IFITM1|TBKBP1|HLA-DOB|RPS29|TNK2|UBA7|RUFY1|SYNE3|SMIM27|DENND1C|EXTL1|TMEM80|SMPD3|PTK2B|IGHA1|SDR39U1|MZF1|NLRP1|CAPN10|RNPS1|PCIF1|ENO3|UBR4|PDP1|POLG|GNB5|IL15RA|GIT2|E4F1|RPSA|ICAM3|RPS12|ENTR1|EEF1D|KCNH2|PSD4|MED16
GSE40274_GATA1_VS_FOXP3_AND_GATA1_TRANSDUCED_ACTIVATED_CD4_TCELL_UP	0.566596827297216	0.969176502074134	-0.270022194313545	-0.95737213383074	3785	186	METTL27|TSC22D3|PDE2A|LATS2|RPH3AL|CCPG1|BSCL2|PSMB9|CPT1C|PRKCZ|PPM1N|APOC1|IFI35|KIRREL1|LENG9|CACNA2D2|PLEKHA1|CYP2S1|TCP11L2|TOM1|OCEL1|EMP3|MAFK|SLC16A5|FRMD8|IKBKG|ICAM2|BIN3|CTSD|XPC|B4GALT7|NACC2|SPN|ZSCAN25|ARHGAP1|SLC35D2|ARFIP1|TP53I13|WNT5B|DCUN1D3|KLHL21|SH3KBP1
GSE41867_DAY6_VS_DAY8_LCMV_CLONE13_EFFECTOR_CD8_TCELL_UP	0.567166416791604	0.969176502074134	-0.270834602640484	-0.956844146496193	3782	179	PAK1|STX11|ENG|SCN5A|COX8A|NCEH1|LYST|PSMB9|ARHGAP33|SLC9A1|RHBDF1|ETFB|ROGDI|MRPS18C|BEND6|CIAO2B|KRT73|HSPG2|ENTPD1|NDRG4|CNTROB|IFITM3|SELENOH|SLC2A8|ADPRM|MZT2B|ARMC5|ATOX1|SEMA4C|TRAPPC1|NACC2|WDR13|SIRT6|DCTN3|CLSTN1
GSE41867_NAIVE_VS_DAY30_LCMV_ARMSTRONG_MEMORY_CD8_TCELL_DN	0.56462789996987	0.969176502074134	0.25281743992827	0.966199439534669	1873	196	CD44|COPS2|PSMC1|RBMXL1|AMMECR1|PAQR3|MACIR|RINT1|FANCB|ZWILCH|LIPT1|PUS3|SLF1|LRP6|UBE2N|SHQ1|OLA1|DENND4C|BCAS2|INTS8|AGK|PLXND1|SLC19A2|CCNC|DYM|WDR89|MRPS23|CDK17|MOSMO|TIPIN|SLC25A32|SMG8|NUBPL|DNAJA2|RFK|PGM3|PTPN12|BAG4|PRDX6|FBXO28|CAND1|SEMA7A|LYRM1|MKLN1|CLPX|SEC23IP|OTUD6B|API5|KIAA1191|CFAP298|WEE1|EMD|CHORDC1
GSE43955_TGFB_IL6_VS_TGFB_IL6_IL23_TH17_ACT_CD4_TCELL_52H_UP	0.565724540152535	0.969176502074134	-0.271100249277671	-0.957894041457862	3782	178	RAB4B|PLAT|FZD7|DBNDD2|FICD|TPBG|LCAT|ADGRE5|UBA7|TFPT|TRAIP|RPP21|GTF3C1|NAA38|APLNR|SGIP1|ABCA4|S100A5|CXXC1|GBA2|STK19|MAP4K1|TMED1|NAA80|KCNJ11|FBXW4|STX5|PHC1|STRADA|TPGS1
IWANAGA_CARCINOGENESIS_BY_KRAS_UP	0.565481352992194	0.969176502074134	0.258032482717298	0.958905480947345	1955	160	TRAPPC2B|DUSP21|PRNP|TGFBR2|DNAAF9|ASB9|DNAH8|CKMT1B|RNF13|G2E3|HIPK3|ME1|LDHA|PAQR3|SMARCA5|SCP2|LDHD|SCRG1|TENM2|FAM83G|OSGIN2|PELI1|SOAT1|ADK|EPCAM|EIF4G3|FAM3C|ACBD5|GDE1|PPP2R5C|FUCA2|NCS1|CHRAC1|WBP1|AEBP2
KEGG_ERBB_SIGNALING_PATHWAY	0.564681186040409	0.969176502074134	0.281786883588933	0.948201885385864	2151	81	EGF|CAMK2B|SRC|NRG4|PIK3CA|MAPK8|MAPK1|PAK3|SOS2|HBEGF|NRAS|ELK1|PTK2|CDKN1B|PIK3CG|MYC|BRAF|MAPK9|NCK1|MAP2K4|CRK|SOS1|GAB1|PIK3CB|CRKL|MAP2K1|RPS6KB1|PRKCB|PAK2|SHC1
KEGG_GLYCOSPHINGOLIPID_BIOSYNTHESIS_GANGLIO_SERIES	0.567210224768621	0.969176502074134	0.38895982137707	0.918237232704039	2573	15	SLC33A1|ST3GAL5|B3GALT4
KEGG_MEDICUS_REFERENCE_GF_RTK_RAS_PI3K_SIGNALING_PATHWAY	0.565962402262519	0.969176502074134	-0.303630243805113	-0.942243867894077	3401	67	IGF1R|FLT3LG|EREG|FLT1|FGF17|PGF|EFNA1|MET|AKT3|FGFR3|PDGFA|FGF2|AKT2
KEGG_MEDICUS_VARIANT_MUTATION_CAUSED_ABERRANT_HTT_TO_26S_PROTEASOME_MEDIATED_PROTEIN_DEGRADATION	0.566095327541676	0.969176502074134	0.321387420774035	0.930900685570848	2410	35	PSMC6|PSMC1|PSMA1|PSMA4|PSMD6|PSMA2|PSMA6|PSMC2|PSMD14|PSMD11|PSMC5
LI_ESTROGENE_T47D_E2_RESPONSE_UP	0.565780504430811	0.969176502074134	-0.319812519970099	-0.937577397252647	3319	48	CARD19|IRS1|SPOCD1|SEMA6A|MBOAT1|DIRAS1|NBL1|TUBB2B|CCDC85B|SNHG15|IL6ST|NCR3LG1|NEIL2|GAS6|LY6E|RIPOR3|CERS1|CITED1|ADAMTSL5
MIYAGAWA_TARGETS_OF_EWSR1_ETS_FUSIONS_DN	0.566681634485855	0.969176502074134	-0.269853665217558	-0.956113266208724	3785	183	TRBC2|ADAM19|SMAD7|VASN|OSMR|FOXD1|DIPK1A|MARCKS|SYNM|QSOX1|TSPAN5|PABPC1L|GASK1B|EREG|PLXNA1|MFSD2A|IRS1|SPOCD1|SNX21|STC2|B3GNT9|CA12|NRG1
MOOTHA_GLYCOGEN_METABOLISM	0.565898451566439	0.969176502074134	-0.381111510377611	-0.922944391290874	3142	19	GAA|PYGM
MUELLER_PLURINET	0.566178972439605	0.969176502074134	0.244812344336437	0.971117918736383	1663	289	PTPN6|PRNP|ZNF165|CDC7|ITGB3BP|CKS2|STXBP3|HDAC2|SMARCAD1|RFC4|PPM1B|RCHY1|NPM1|CCNA2|CCNB1|MSH2|NUP153|PALS2|SMNDC1|HSPH1|SUMO1|HPRT1|HSPA14|PIAS2|KPNA2|COIL|GMPS|MSH3|ORC2|SNRPN|COPS3|BRIX1|SIGLEC12|PAK3|KIT|NOP58|GTF2H2|EXOSC9|HAUS1|TDP2|CDK1|SSB|BCL2|RFC5|SP1|HNRNPK|MYB|HSPD1|SEPHS1|MYC|PSMA6|APEX1|PFN1|DSCC1|RPA2|LSM3|ARL4A|TCERG1|HMGB1|ERCC5|PLSCR1|PCNA|SRSF1|PSIP1|WEE1|GNL3|WRN|PSMD11|PPID|BLM|CENPE|RFC3|BCCIP|ZNF281|HSPA9|NUP50|CDC25C|PNP|SUPT3H|CCNB2|FUBP1|BUB1B|BAK1|KPNB1|EXO1|PHF10|SNRPD1|MBD2|PSMA3|GEMIN2|PRMT5|FOXO4|SMN1|FEN1|EXOSC8|HSPA8|POLQ|MNAT1|VASP|RPA3|ANP32A|ATIC|GOT2|ANAPC1|LRIF1|PMAIP1|CHEK2
NAKAYAMA_SOFT_TISSUE_TUMORS_PCA2_DN	0.565451184674845	0.969176502074134	-0.306792752133909	-0.940256379132688	3364	63	ACKR1|SVEP1|LMOD1|ITIH5|PPARG|CASQ2|APOD|CFD|SEMA3G|IGHA1|DUSP4|SELENBP1|ACACB
PARENT_MTOR_SIGNALING_DN	0.565315707079492	0.969176502074134	-0.335172351888069	-0.931462599486748	3249	36	ADAM19|EREG|SLC26A10P|TGFB3|SLC12A6|SPN|ENGASE|FGF2
PARK_APL_PATHOGENESIS_DN	0.564571233344722	0.969176502074134	-0.323725120078437	-0.937792646617165	3304	45	S100P|IFI30|LYST|QSOX1|SLC29A1|MNDA|GAL|CTSD|JUNB|PRTN3|NEU1|NR2F6
PURBEY_TARGETS_OF_CTBP1_NOT_SATB1_UP	0.565991670257073	0.969176502074134	-0.263199035318015	-0.96498733463158	3940	260	PTPRB|PAQR6|RDH16|MADCAM1|CD84|CXCL1|HDAC10|GDF15|ACTA2|OTUB1|TNK2|B3GAT1|SMTN|SERPINH1|CXCL16|MAP3K7CL|PPFIA4|IER3|SMPD3|SAMD10|STXBP5-AS1|CNBD2|FAU|SPATC1L|TRIOBP|NPFF|KCNJ15|KLK8|SPATA9|G6PD|CHCHD6|BCL6|ACP6|LTBP4|BAHCC1|BIN1|CAMK1|H2BC5|CST3|SP110|GPR107|HDAC7|RBFOX2|SNX8|RANBP3|WDR83OS|C19orf47|ABL1|OAZ1|ARFRP1|MBOAT7|INPP5D|SLC35F6|DNAL4|GPAM|CCDC85B|PRPF6|PPP6R1|MAN2C1|SNAPC4|ACD|RBM26|CENATAC|MAGEC1|EXOSC7|ADD1
REACTOME_AURKA_ACTIVATION_BY_TPX2	0.565008836152487	0.969176502074134	0.285529283792961	0.946008342091531	2237	72	NEDD1|PLK4|CEP135|CCP110|YWHAG|HAUS5|HAUS1|CDK1|CEP152|CEP78|NEK2|CEP57|CETN2|NDE1|CEP76|CKAP5|HSP90AA1|CEP70|CENPJ|CEP192|MAPRE1|OFD1|HAUS6|CEP63|CEP290|ODF2|TUBA1A|HAUS2|TUBA4A|CNTRL|DYNC1I2|PCM1|AKAP9
TSENG_ADIPOGENIC_POTENTIAL_DN	0.566175195143105	0.969176502074134	-0.331533185756177	-0.930819018957215	3263	38	HLX|COL6A1|COL6A3|EPHB6|CST3|THBD|TSC22D1|IL6ST
WP_10Q1121Q1123_COPY_NUMBER_VARIATION_SYNDROME	0.56651320571844	0.969176502074134	0.302737930897962	0.937858779001083	2337	49	KDM4D|RIF1|ERCC6|MAPK8|SMARCA5|NEO1|ERCC8|C10orf71|BCL2|BMPR1A|ELK1|ATF2|CLOCK|ERCC5|PCNA|CUL5|DDX21|ITCH|DLD|SMAD5
WP_KCNQ2RELATED_EPILEPSIES	0.567210224768621	0.969176502074134	0.388924760598402	0.918154462940657	2573	15	AKAP5|P2RY1|KCNQ2
WP_SPHINGOLIPID_METABOLISM_IN_SENESCENCE	0.565609812543393	0.969176502074134	0.337358090199108	0.929570455304772	2443	28	SGPP1|S1PR2|KDSR|MAPK1|UGCG|S1PR1|SGMS2|CDK2|RB1|PLCB1|ASAH1|DEGS1|SPTLC1
CREIGHTON_ENDOCRINE_THERAPY_RESISTANCE_1	0.567870648063633	0.969766925963411	-0.252452163774581	-0.971503841401551	4354	476	SULT2B1|ZNF711|IGF1R|FSTL3|APBB2|HOMER3|BMP8B|ELAPOR1|FAM178B|ATXN1|NALF1|PABPC1L|L1CAM|TPBG|PYROXD2|SLC29A1|RTN2|EPPK1|GAS5|NBPF9|SLX4IP|LDOC1|SEMA3B|SNHG32|ACTMAP|GPX8|RIMS2|ZNF516|IRS1|CRISPLD2|RPS9|AURKB|FEZ1|STC2|HSPB1|OS9|TBCB|SLC27A6|SP2-AS1|CAMTA1|CA12|GREB1|FHL1|MDFIC|SEMA6A|ESR1|FRMD6|PPP1R35|YDJC|CHMP4A|VPS72|EMP2|WDR4|FAXDC2|SRM|PRORP|CAD|ASNS|SLC7A1|SFXN3|GTPBP3|CPNE1|MRPS21|ZBTB10|PISD|SNHG6|SLC37A4|MAPKAPK2|RPS23|POLR1H|PPP1R18|SNRPD2|RAB30|FBXL6|SLC35F6|UGDH|FLNB|RBSN|NR2C2AP|EVL|TGIF2|HIRIP3|MREG|NRARP|CCDC85B|DCTPP1|POLR1G|HOXC6|IGSF1|C19orf48P|JPX|HAUS4|MRPL24|RPS12|CCDC112|COMMD6|PCK2|SRGAP2|GOLIM4|NOP53|ZMIZ2|LPCAT1|NBDY|AARS1|STMN3|PARP1|PMP22|ADISSP|LTBP1|MCM3|MCM7|ESYT1|ADCY3|DUSP23|PROSER2|GSTK1|FLNA
GSE16451_CTRL_VS_WEST_EQUINE_ENC_VIRUS_IMMATURE_NEURON_CELL_LINE_UP	0.567899386135649	0.969766925963411	-0.269626109990181	-0.955451852435404	3792	184	SLC30A4|ADGRG3|GNG8|ENC1|SNN|CARD19|KHDRBS3|WSCD2|C1orf35|SHLD1|NTRK3|LRRC75B|ACVR1B|CYP2S1|PIK3IP1|C19orf38|ACP3|MBOAT1|ATN1|SLC16A5|SEMA4F|MACROD1|QTRT1|USP36|RNF32|GMFG|HPCAL1|MSRA|NACC2|PAQR7|RAB11FIP4|RPS23|PDLIM4|GPR180|POLR1G|SMURF2|DPY19L1|EMC10|GRAMD4|ST8SIA1|ATP6V0A2|TTC13|POLR1A
GSE3982_BCELL_VS_TH1_DN	0.567901234567901	0.969766925963411	0.255018028256016	0.963453496893159	1885	183	STEAP1|EPS8L3|SLC22A1|CCL4|CKS2|EVC|IFT56|PDE3B|AFF4|AMMECR1|FNDC3B|TXNL1|ZWILCH|SPRY2|WSB2|NCAPG|KPNA2|RAB11A|MTCH2|AGK|NEIL3|UTP11|POGLUT2|TMEM106C|KCNS3|COPZ2|SPP1|MAMLD1|CYP46A1|ARL3|RAD23B|TYMS|SQOR|FAM200C|HBEGF|RRM2|NGDN|ITM2A|BUB1|RRM1|ZNF91|BAG2|NDN|ELOVL6|RBM47|MKLN1|SFXN1|HACD1|NUP155|BHLHE40|FABP5|SMAD5|BTG3|BUB1B|OPTN|ACOT7|CORO2A|MPP1|GTF2H5|DLGAP5|KIFBP|RPS6KA3
GSE411_WT_VS_SOCS3_KO_MACROPHAGE_IL6_STIM_400MIN_UP	0.567967698519516	0.969766925963411	-0.2709773633986	-0.957459841741506	3797	178	PBX4|MEIS3|SRGAP3|NEIL1|PBX3|PLXNB2|MGAT4A|RAPGEF5|GTF2I|AMZ1|ARID5A|MAPK12|DIAPH2|MANEA|SLC3A2|TRIM62|ZC3H12C|CAMKK1|DUSP8|SH2B2|KCNK6|KCNN4|ASNS|JUNB|RILPL2|CEBPB|ZBTB10|CLSTN1|RAB11FIP4|AHSP|TNFRSF1B
GSE1448_CTRL_VS_ANTI_VBETA5_DP_THYMOCYTE_DN	0.56893962150796	0.96996021720276	0.255950783759343	0.964834643280802	1893	180	CCT6B|PITPNC1|PRKCH|ZNF362|KCTD12|RGS2|SRC|C5orf15|HLA-B|USP38|GNAI3|HIF1A|EGR1|LANCL1|AP1S2|MAPK6|NR4A2|HSPH1|NAB1|PERP|JAK3|EGR2|LARP7|LITAF|KLHDC2|EIF3C|ADK|LCP1|ITM2A|LUC7L2|MAPRE2|SPCS2|CLGN|SEPTIN7|TRAFD1
GSE21670_UNTREATED_VS_TGFB_IL6_TREATED_CD4_TCELL_DN	0.568678915135608	0.96996021720276	0.258040886048943	0.960993711230389	1949	163	FSD1L|SLC18A2|GPR158|EIF2A|EIF3E|EEF1AKMT1|PGGT1B|OCIAD1|PGRMC2|RAB11A|ESD|LRP2BP|LIPC|OSTCP1|APPBP2|MRPS23|DPM1|OSGIN2|PSMG2|WDR36|EPCAM|TRA2B|CUL2|CACUL1|EIF2S1|RPS3A|SELENOF|DECR1|RPL6|ATAD1|LYRM1|HSD17B12|POLR1B|RPL5|RFC3|SEC61G|SUCLG2
HOFMANN_MYELODYSPLASTIC_SYNDROM_RISK_DN	0.568419157364062	0.96996021720276	-0.380543111835225	-0.921567890627872	3156	19	DYRK2|MNDA|ARFIP1|RGS19|NFE2
MEBARKI_HCC_PROGENITOR_WNT_UP_CTNNB1_INDEPENDENT	0.568691250903832	0.96996021720276	-0.390351413759536	-0.92059892522771	3145	17	ADAM19|SPOCD1
PID_ARF_3PATHWAY	0.568599207778178	0.96996021720276	-0.380483103709595	-0.921422567903488	3157	19	PLD2|CLTA|AP2M1|AP2A1|ARFIP2|CYTH2|GBF1|ARF1
REACTOME_ACYL_CHAIN_REMODELLING_OF_PC	0.568778280542986	0.96996021720276	0.364249861269239	0.923688677770282	2513	20	PLA2G3|TMEM86B|PLA2G4C|PLA2G4A|MBOAT2|LPCAT2|PLBD1|PLAAT3|PNPLA8
REACTOME_RAB_GERANYLGERANYLATION	0.568670248488919	0.96996021720276	-0.308150405002416	-0.937755268898352	3386	60	RAB26|RAB4B|RAB27B|RAB34|RAB38|RAB33B|RAB7B|RAB40B|RAB15
SEKI_INFLAMMATORY_RESPONSE_LPS_UP	0.568832043083137	0.96996021720276	-0.307383656290963	-0.93939732904315	3379	62	NFKBIZ|STX11|OSMR|EXOC3L4|GPR68|EREG|CXCL16|RND1|IER3|ICAM1|FAS|GBP2|ZC3H12A
WANG_CISPLATIN_RESPONSE_AND_XPC_UP	0.568950563746748	0.96996021720276	0.257791849313348	0.958011234271437	1967	160	ITGB7|TTK|DCK|SULT1A4|NTS|RGS2|CDC7|ASB9|ITGB3BP|KIF11|STT3A|PROS1|PICALM|MAD2L1|IL32|APOA2|MYEF2|FOXC2|CCN5|RNF144A|GTF2H2|INSIG1|VRK2|CDK1|ADK|PCP2|RFC5|MYC|KIF14|CETN2|HMGCS1|GGCT|SMC4|RDH14|PSMC5|PCLAF|HNRNPA2B1|TNFSF9|MZT1|HSPA5|HSBP1|TTLL5|PRKX|SLC27A2|FEN1|NCAPD2|HMGB2|ILF2|RPA3|INTS9|GSE1|YEATS4|PPP5C|IGF2BP3|TARBP1|LBR|DBI
GSE3982_EOSINOPHIL_VS_NKCELL_DN	0.569230769230769	0.970273129824836	0.256437003198454	0.962429001489719	1923	173	NOS1AP|TTK|ZKSCAN8|EPS8L3|YIPF1|RNF139|MTX1|EIF3E|AMZ2|MRTFB|SMC2|OLA1|GCLM|PSMD6|ZNF32|MTSS1|ATP5F1C|IL10RA|NSA2|ENDOD1|FH|MLLT11|PRR3|COQ3|HMG20A|TRIT1|MINPP1|PEX5|RPL4|RACGAP1|MRPL3|RPF1|UBE4B|OSBPL3|SEPTIN8|EIF4B|ZNF473|CISD1|SUCLG2|PAICS|PEPD|CAST|BLMH|TSPAN3|FKBP11|ANKRD17|PRKX|DLGAP5|VPS51|RAD17|TERF1
GSE11961_MARGINAL_ZONE_BCELL_VS_PLASMA_CELL_DAY7_DN	0.569927971188475	0.970557558543387	0.256381727950323	0.965634442911424	1898	179	KDM4D|RAD54B|FOXO1|CDC7|MEMO1|TTPAL|RNF43|EGLN3|ERI2|PDE3B|WDR75|G2E3|IL18R1|PRIM1|TXNL1|ERI1|SPRY2|SLC30A6|CBX7|HPRT1|ATP1B1|SH2D1B|RBL2|NCALD|EMILIN2|LGALS4|SLC35D1|DNAI4|INTS12|PSMG2|CCNH|LRP12|NME7|RAPH1|KLRG1|HACD3|CNOT6L|VMP1|THOC7|TUT4
GSE15735_CTRL_VS_HDAC_INHIBITOR_TREATED_CD4_TCELL_12H_UP	0.569932685115931	0.970557558543387	-0.269287422356304	-0.955967639941074	3809	188	SPIB|RGS20|CDPF1|FICD|B3GNT8|KCNK5|MATN4|GCOM1|CIB1|RECQL5|RPP25L|RPL13A|ZSCAN20|NME3|ARHGAP26|ATP2A3|C19orf38|PCED1B|MAP4K1|ADPRM|BIN1|ICAM2|QTRT1|LSM7|TRABD|TREML2|TRAP1|MYBBP1A|SZRD1|CLUH|PDF|DPH7|CNP|GPAM|RPL37A|TK2|REPIN1|KLHL21|SYS1|SH3KBP1|RPS26|STARD10|C9orf85|ATP5F1D|WDR74|COASY|ADD1|PPME1|ESYT1|DMAC1|GPN2|DENND5B|SH3GLB2|TXNRD3|MIEN1|DDX54|SERINC3|ACSS2|EFCAB2|TFAM|CTPS2|PPP2R1A|SLC16A1|OSGEPL1|EZR
GSE16385_IFNG_TNF_VS_ROSIGLITAZONE_STIM_MACROPHAGE_DN	0.570194723618091	0.970557558543387	-0.281469405432931	-0.952466004806548	3630	124	C14orf178|BCAS4|FOXD1|APOL1|NALF1|PHB1P19|MAPK12|KCNK5|SH3BGR|RELT|URB1-AS1|FEZ1|SRR|MED15|SLC27A6|TSPAN9|KLK8|ADAP1|IDI2-AS1|SLC6A16|ISG15|GAL3ST1
GSE17721_LPS_VS_PAM3CSK4_24H_BMDC_UP	0.570267830273849	0.970557558543387	0.254641311313061	0.963256243725927	1894	184	ST8SIA4|CD83|CCNG2|CATSPER2|PSMC6|NCOA3|PSMD5|ZBTB18|MARCHF5|RAB23|PROCR|ARF4|HSPH1|TSPAN13|ATL3|DENND4C|ODR4|DDHD1|SLAMF7|CLMP|SCFD1|HLA-C|TRIAP1|RAB5A|SAMSN1|VWA5A|HBEGF|EIF1B|FAM133B|EXOC6|ZNF623|GPBP1|STK24|SNX2|PEX13|COPS4|MED31|TRIT1|HEYL|CEP152|TPST1|MAPK9|RPF1|GALNT10|ZWINT|ALDH1A2|AVL9|VTA1|FABP5|SPOP|SCNM1|PARP9|TMEM33|BAK1
GSE17721_POLYIC_VS_CPG_6H_BMDC_DN	0.569612681321968	0.970557558543387	-0.269514774495982	-0.95569713226601	3808	185	CATSPERZ|FOXD2|PCBP4|CYFIP2|RAB34|DHRS1|TLR6|EREG|MYL11|UBL5|SRCIN1|GPC1|HGS|STX4|RBM38|PGS1|SUCO|HERC2|GFI1B|FGFR3|SLC4A2|RHOB|TRAPPC5|RILPL2|ARHGAP1|ELOVL1|MYL6|ARFRP1|FGF2|PTGES2|CMTR1|XYLT2|TRAF3IP2|RRP1|CSTB|MOAP1|GFER|DEXI|ELP5|TMA7|PRKRIP1|CRTC2|MYLIP|RCC1L|TMEM158|DDX54|MLF2|SMAP1|TMEM120B
GSE17974_0H_VS_48H_IN_VITRO_ACT_CD4_TCELL_UP	0.569834087481146	0.970557558543387	-0.271609662168795	-0.956234912066762	3777	175	NFKBIZ|SLC26A11|TPM2|UBL3|DPEP2|LYRM9|TYROBP|RAP1GAP2|TSIX|IL11RA|ENC1|SYNM|SNN|FAM200B|GPRASP1|KRT73|ENSG00000284691|ERO1B|ENSG00000274253|FOS
GSE21033_CTRL_VS_POLYIC_STIM_DC_1H_DN	0.56975697569757	0.970557558543387	0.25595116267646	0.962679846983558	1898	177	MEX3C|PIGA|BCAR3|TCF7|VPS54|RND2|FGGY|ARIH1|MARCHF5|AMMECR1|PFKFB3|PPP6C|DDR2|MARCHF7|SACS|CLK1|SLC38A2|EIF2B2|SCARF1|HECA|PMFBP1|CDKL2|CHRNA3|DGCR5|LHX5|DUSP10|MORF4L2|FCGR2C|REL|PHLPP2|TRIP11|BAZ1A|NEU3|TRDMT1|AZI2|R3HDM4|ZC3H15|NCS1|PSPN|CHMP1B|ASCC1|ITCH|ECD|CTDP1|SYNJ1|BZW1|ASH1L|BTG3|GDAP2|SPTBN4|PHF10|NUP58|IL18|SFPQ|PORCN|TPGS2|CRK|DYRK3|MAP4K5|SLC27A2|DOP1A|PPP1R11|COQ2|CALCOCO1|ZNF587|RNF10
GSE43863_TFH_VS_LY6C_LOW_CXCR5NEG_EFFECTOR_CD4_TCELL_DN	0.570172868444184	0.970557558543387	0.257885622065488	0.961056689099667	1945	165	LIPG|NXPH3|EGR3|PREX2|RGS2|PTPRN|UAP1L1|C17orf100|TMEM51|SCG2|HIC1|EGR1|HYCC1|NR4A2|SACS|TRIB1|ITPRID2|CFAP161|CD96|GFI1|S1PR3|FRAS1|SLC5A11|SPP1|CDH7|XCL1|LAT2|RPS6KA2|BEX3|EGR2
WANG_BARRETTS_ESOPHAGUS_AND_ESOPHAGUS_CANCER_UP	0.570225725546399	0.970557558543387	-0.374510207643346	-0.919166527271284	3182	20	GDF15|SERPINH1|CYBA|CREB3L1|PDGFA
CHEN_LIVER_METABOLISM_QTL_CIS	0.572627163083377	0.970779931208307	0.279361652630658	0.943213882942729	2183	82	SLAMF6|RGS5|FCGR2B|INSIG2|ACTR3|DDR2|UAP1|TMEM37|ZRANB3|ODR4|FCER1G|APOA2|SLC30A1|TLR5|SOAT1|NME7|RABGAP1L|DARS2|TOR1AIP1|FAM20B|CEP170|IVNS1ABP|VPS4B|SCLY|USF1|B4GALT3|SLC35F5|DUSP12
FOROUTAN_INTEGRATED_TGFB_EMT_DN	0.571788413098237	0.970779931208307	-0.308832690957263	-0.937390546427072	3404	59	KRT15|S100P|GDF15|EREG|LSR|CXADR|TBC1D8|HPGD
GAURNIER_PSMD4_TARGETS	0.573106382978723	0.970779931208307	-0.319567494711836	-0.930947443413551	3366	46	IL21R|CCR7|C3|CXCL1|CXCL16|C5AR1|IL16|IL17RA
GSE10240_CTRL_VS_IL22_STIM_PRIMARY_BRONCHIAL_EPITHELIAL_CELLS_UP	0.572863568215892	0.970779931208307	-0.270372313284954	-0.955210902961157	3820	179	IGF1R|TYROBP|SYTL1|SEMA4D|ADGRG3|HLA-DOB|NBEAL2|LRFN1|ITIH5|TEF|OSBPL5|SLC2A9|PALD1|CCND1|TNFRSF1A|ESR1|SDR42E1|LZTS2|RAI1|MAP3K11|SHISA5|LRSAM1|WDR13|SPHK1|F2R|PPARD|CRTC1|PISD|TSC22D1|CENPV|EPOP|ERN1|TRPT1|ENTPD4|CAMKK2|DHX30|RBM26|CIPC|ZBTB48|TYK2
GSE11057_CD4_CENT_MEM_VS_PBMC_DN	0.571597633136095	0.970779931208307	0.256249597041985	0.961725650889791	1931	173	MEIS1|DPYSL2|ZNF185|TM6SF1|MAN2B1|SESTD1|HVCN1|TET3|TTYH3|RNF13|ALOX12|RASGRP4|PTGS1|B3GNT5|NEXN|ARHGAP27|STARD3NL|RAB3D|PICALM|RP2|PLXND1|CARD9|SLC22A15|MLC1|PAX5|PLXNC1|FCGRT|JAK2|PIP5K1B|ACSL1|FCGR2C|WDR11|SNX2|SEMA4A|DRAM1|BACH1|CYRIB|RB1|ABHD5
GSE13306_RA_VS_UNTREATED_MEM_CD4_TCELL_DN	0.572417946401686	0.970779931208307	0.254777095512661	0.962543257347785	1900	183	NIPSNAP3B|STK38L|MGARP|GNA13|PDK1|PPP2R3A|CAMK2B|EGLN3|NEDD4|ALDH1L2|BATF3|PPT1|HEMGN|PTGS1|PPP1R3B|PAQR3|MACIR|MTHFD2|CRYBG3|CAPN2|SIAH2|SLAMF7|NUDT11|NREP|MYO6|TMF1|PKP2|ERO1A|TMEM38B|MBOAT2|METTL14|B4GALT5|BMPR1A|SCAMP1
GSE15330_LYMPHOID_MULTIPOTENT_VS_MEGAKARYOCYTE_ERYTHROID_PROGENITOR_UP	0.572521373931303	0.970779931208307	-0.269005133166314	-0.954997322037905	3816	189	CD27-AS1|POU2F2|BSPRY|CTRL|TIMM8B|UBA7|SYNGR2|DGLUCY|TWIST1|ETFB|RGS3|ITIH5|PPCDC|GRIA3|RDH12|CYBA|PHB1|MPG|IFT27|COMTD1|ACP6|TIMM44|FBXW9|FOXRED1|RAI1|UBR4|SELENOS|RPP25|TAPBP|FBXL6|ERAL1|MED12|PTCD2|EXTL3|MRPS11|SDHA|METTL6|PSMB4|RABL6|DNAJC27|MANBA|ITPR2|CDKN1A|RBCK1|CD320|TRAF5|TM9SF4|TMEM158|PRPF8|TBL1X
GSE17721_12H_VS_24H_POLYIC_BMDC_DN	0.572587917042381	0.970779931208307	-0.269058312900292	-0.956478158284938	3809	192	TEP1|RNASEK|ANAPC11|FAM234B|NUP210|PPFIBP2|GHDC|TRPV2|SYNGR2|EPPK1|HYOU1|PPCDC|DYNLRB1|SLC52A3|DDRGK1|NLRX1|FASTK|RHOT2|C12orf57|TTLL1|NAA60|SLC2A8|TMEM161A|POLR2E|TRMT1|ENO3|SFXN3|TRAP1|ZBTB20|ABCD1|ENTPD6|HIVEP1|GRK6|NOP16|ITFG2|KLHDC4|MRPL57|CDCA3|CLUH|INPP5D|NDUFC2|POLR2A|IL6ST|ZMIZ2|CCDC137|GPANK1|SENP3|PARP1|PHF2|MCM7|ITPR2|ABCF3|TRIM27|MYLIP|SNX15|CCDC107|ENTREP3|RCC1L|MAVS|CDK5RAP2|DNAJA3|EIF3B
GSE17721_4_VS_24H_GARDIQUIMOD_BMDC_UP	0.572603559144609	0.970779931208307	-0.269280198048116	-0.954865326147247	3828	185	SRGAP3|TRAPPC6A|SVEP1|STX1A|FMC1|SNN|UQCR11|FOXD3|IL4I1|PTRHD1|SLC12A4|COX6B1|SLC41A2|NDUFA11|ECE1|IL1B|BATF2|YPEL1|LSS|AMHR2|KCNN4|PPP6R2|SLC4A2|RPLP1|UXT|PLEKHF1|ARHGAP6|ERAL1|TEX264|SF3A2|CAMKK2|IL6ST|EEF1D|NR2F6|AP1M1|SREBF2|EMC6|ARMCX3|GPR3|UPP1|TIGD5|EPB41L2|AP1G2|S100A13|TMEM120B|COX4I1|RELA|ANXA11|MYO5A|TBC1D13|CALML4|RNPEPL1|PDIA6|GMPPB|DBNL|CENPM|ANKRD13A
GSE17974_CTRL_VS_ACT_IL4_AND_ANTI_IL12_72H_CD4_TCELL_UP	0.571556751906685	0.970779931208307	-0.270723804783776	-0.95656392856198	3821	178	NFKBIZ|SLC26A11|TPM2|DPEP2|TYROBP|RAP1GAP2|IL11RA|ENC1|SYNM|SNN|FAM200B|LMF2|GPRASP1|RTL9|HERC6|KRT73|PLEKHA1|LRPAP1|IRS2|USF3|TBXAS1|SLC12A7|EID3|JUNB|NOM1|GNPTG|SGK1|ZBTB10|TSC22D1|G0S2
GSE20152_HTNFA_OVERXPRESS_ANKLE_VS_CTRL_SPHK1_KO_ANKLE_UP	0.57209653092006	0.970779931208307	-0.271507620799724	-0.955496547466876	3792	174	HSPA6|FARP1|OSMR|RGS20|SVEP1|STX1A|ARHGAP33|HBB|WHRN|TNK2|LAMA5|FXYD1|MICALL2|CSF2|PPARG|APOBR|ACVR1B|HGS|RPL23AP7|ACTN2|NRG1|NDRG4|NFATC4|KHDC1L|BIN3|KCNN4|GAK|TTC4|MFSD10|TSPOAP1|MAPKAPK2|RPS27|NFKBIB|RGS12|NRIP3|CNIH4|TMUB2|CHPF2|PAFAH1B1|GATA2|EDRF1|S100A6|PXN|CDV3|MAGEA12|TMEM39A|ELP5|VAMP2
GSE22045_TREG_VS_TCONV_UP	0.570613409415121	0.970779931208307	0.258557649774743	0.958390375157621	1999	156	ZC2HC1A|IL10RB-DT|CD83|CCNG2|CMYA5|CYP26A1|NABP1|ATP8B3|IL18R1|ME1|PBK|KIF11|TSACC|HEATR3|CAMTA2|MIAT|SLC4A3|TOX|LHX9|DGCR5|FAM186A|ALDH9A1|CENPU|ZW10|PARD6G|SMC6|KIF15|SEC24A|SCLT1|HYCC2|PSMA6|MAN1A2|NEK2|CDKN3|MFSD6|BAIAP2L1|HTATIP2|ATAD2|H4C8|NCAPG2|CENPE
GSE22886_DAY0_VS_DAY7_MONOCYTE_IN_CULTURE_DN	0.572569706103994	0.970779931208307	-0.269060128254893	-0.95735747635842	3798	195	MAPK13|DIPK1A|ENG|RASGRP3|ECM1|TRPV2|APOE|TECR|RNF170|SERF2|DNPH1|PPARG|COL6A1|LONP1|LAGE3|HSPB1|PLOD3|STX4|G6PD|MYDGF|PSMB5|TRIP6|CTSD|UQCRQ|NDUFA1|HPCAL1|ALG3|TIMM10|MPV17|NENF|TMEM147|TUBG1|LAMP1|LMNA|TAX1BP3|PCK2|CD81|NDUFB6|ACP2|DESI1|FKBP14|BCAP31|PCBD1|EBP|GTF2IRD1|AKR1A1|MRPS16|PFKP|DHCR24|MMD|NDUFA8|STEAP3|ARSB|SLC48A1|ATP1A1
GSE22886_NAIVE_CD8_TCELL_VS_MONOCYTE_DN	0.57290573954743	0.970779931208307	-0.269962092617118	-0.954732047763073	3822	180	TYROBP|CD14|TBC1D2|PLXNB2|NAGK|CTBP2|IFI30|MARCKS|EXT1|LILRA2|QSOX1|GRN|APLP2|GCA|SLC7A7|MNDA|PILRA|BCL3|ARHGAP26|C5AR1|BCL6|SLC16A3|PSAP|CST3|SLC1A5|CLCN6|DHRS7B|PISD|SMCO4|TNFRSF1B|GNS|OAZ1|SNX11|MBOAT7|BID|HSPA1A|IFNGR1|CAPG
GSE25085_FETAL_LIVER_VS_ADULT_BM_SP4_THYMIC_IMPLANT_UP	0.573087228341768	0.970779931208307	0.25259116503203	0.963715775144083	1924	193	SERINC5|PARPBP|EXO5|AGO4|TRMT2B|PLK4|RASSF3|SOCS6|CKS2|KLHL24|FAM107B|CEP20|BPNT2|FBXL8|PI4K2B|TOB1|GINS1|PIAS2|SCP2|CEP97|DOK3|HAUS5|CIR1|CEP44|COPS5|PCYOX1|MTA2|KCTD9|PABIR2|BORA|C4orf46|CFAP20|SLF2|RPL7|SHB|TAF9|ZMYM2|ING2|CEP57|FUCA2|YIPF4|WEE1|TMT1A|RSF1|SMC4|CHCHD3|SLC39A8|PMS2|PAICS|POT1|NUP50|HNRNPA2B1|PFDN5|AHCY|CDC25C|RFWD3|ERCC6L|RAD51AP1|BTF3|PAFAH2|UFSP2|PIP4K2A
GSE360_HIGH_VS_LOW_DOSE_B_MALAYI_DC_UP	0.573076923076923	0.970779931208307	0.256122606270596	0.961249044160724	1936	173	SLC22A4|TNFSF4|COPS2|CDS1|ABCC3|TET3|STRAP|SCG2|BNIP3L|TXNL1|CALB1|PSMA4|IPO7|CAMTA2|SIAH2|ATP1B3|ORC2|OSTF1|ATP6V1G2|SSUH2|ACSL4|BICD1|SCFD1|SLC25A36|PRKCI|CELF2|BTBD8|TRA2B|ADNP|AP4S1|MEGF9|GBE1|BIRC2|CLNS1A|SHB|KIF14|MAPK9|MKLN1|CTNNB1|FAM20B|P4HA1|ATR|ADGRV1|AP4E1|ALDH1B1|SERTAD2|THUMPD1|PHF8|BTG3|CARD8|GLO1|SLC12A5|ZC3H14
GSE39820_TGFBETA1_VS_TGFBETA3_IN_IL6_IL23A_TREATED_CD4_TCELL_DN	0.57296886864085	0.970779931208307	-0.272700636286777	-0.954860298340584	3772	167	VWCE|IL21R|B4GALNT4|RASGRP3|TCAP|GDF15|LRRIQ3|NRDE2|TPD52|GPC1|UNC13A|LSR|MIF|PCGF1|TMCO6|FBXL19|JAG2|CXADR|ACP6|TNKS1BP1|PNKP|ROM1|LSM7|CYB561D2|ULBP1|LMLN|LIFR|DYNC2I2|C1orf122|FLOT1|ZNF219|SPATA33|EML2|MR1|CLCN5|METRNL|RADIL|GADD45GIP1|SNX15|CYB5R3|ZNF558|RAB24|KPTN
GSE4590_SMALL_VS_LARGE_PRE_BCELL_UP	0.570874689826303	0.970779931208307	-0.277331352263871	-0.952514945598548	3680	141	LAT|BCO2|TYROBP|IFI30|MARCKS|TLR6|ACAP1|ZC3H12C|CD19|COX6B1|ELL3|SLC41A2|GCOM1|SORBS2|CIB1|RRBP1|IER3|DISC1|PRF1|RFC2|TRAPPC1|SYVN1|RILPL2|ARFRP1|RNF145|NCAPD3|CLTA|SLC66A1|DUSP5|POLM|SNRNP70|SEMA4B|ATP6V0B|PDXK|ITPR2|TXN2|EIF4G1
JINESH_BLEBBISHIELD_VS_LIVE_CONTROL_DN	0.571984435797665	0.970779931208307	-0.26335092062309	-0.962074864468354	3968	250	IGF1R|TAGLN|RAB27B|C3|ENTPD3|RHOBTB2|S1PR5|PLLP|RAB34|PYCARD|CXCL1|INKA1|RPS29|UBA7|HNRNPA1P10|LDOC1|SMAD6|IFITM2|IFI35|C17orf49|IFIT2|SYT7|VSIG2|DENND11|MST1R|RPS9|APH1B|FEZ1|RPL13A|RPL4P5|TIMP1|CA12|EGFL6|MX1|IFITM3|GBP2|ARHGEF10|SLC16A5|CSRP2|ZC3H12A
KEGG_MEDICUS_PATHOGEN_KSHV_VGPCR_TO_GNB_G_PI3K_AKT_SIGNALING_PATHWAY	0.571121461841634	0.970779931208307	-0.374236749959776	-0.918495375606435	3187	20	GNG8|GNB3|AKT3|GNB5|AKT2
KEGG_MEDICUS_REFERENCE_ITGA_B_FAK_CDC42_SIGNALING_PATHWAY	0.570907432740538	0.970779931208307	0.350885131538559	0.920878483377204	2503	23	ITGB7|ITGB4|SRC
MANALO_HYPOXIA_DN	0.573083475298126	0.970779931208307	0.244690718557459	0.969882306555422	1681	288	LBHD1|PARPBP|C3orf52|CDC7|CCNE2|MNS1|PBK|NOL11|CCNA2|HEATR3|SEH1L|ZWILCH|SACS|DNA2|GINS1|DGCR11|NUP160|MPHOSPH9|NUSAP1|MAD2L1|SAR1B|PSMG1|DLAT|RRP15|SPDL1|TIPIN|NUP205|CDK1|DDX18|RRM2|AASDHPPT|RFC5|ELK1|DBF4|EIF2S1|RRM1|ZNG1A|VRK1|HEATR1|HACD3|RB1|ELOVL6|SNAPC5|PAK1IP1|IDH3A|TUBGCP4|GART|ATP13A3|TTLL4|SEC23IP|PSME4|GPD1L|STIL|NCS1|ZWINT|ACAT2|IDE|PSMD11|DDX21|SHCBP1|PCLAF|CENPS|CISD1|POLR3G|RFC3|SKP2|SCLY|HJURP|DKC1|PPAT|EEF1E1|ERCC6L|POMT2|RAD51AP1|EXO1|SNRPD1|GEMIN2|PRMT5|PAIP1|PDSS1|CSE1L|KIF23|NEK4|MELK|PDCD2|FEN1|EXOSC8|GINS3|COQ2|NUP98|RPL39L|ATIC|BRCA1|CEP83|CUTC|VWA8|GK|MTERF3
OSWALD_HEMATOPOIETIC_STEM_CELL_IN_COLLAGEN_GEL_DN	0.571805876526907	0.970779931208307	0.245918532374482	0.96734965844557	1731	263	FEM1C|ST8SIA4|TM6SF1|TSPAN32|FCGR2B|TMEM156|BMPR2|CCNE2|EGLN3|BACE2|KLHL24|ALG13|MAP3K1|MEF2A|ZNF277|PGGT1B|MT1X|MYCBP|THNSL1|FAM13A|BLTP1|MXI1|GYPA|NFAT5|NLK|RRAS2|ASS1|UGCG|PLPP3|SIGLEC6|RECK|SPP1|CALD1|APPBP2|SOS2|FZD2|NCAM2|IRAK4|DBT|FAM200C|C1orf54|IFT74|LAMTOR3|UBE2W|ZNF292|TRAPPC2|IFI6|ACTR2|CACYBP|PGM3|SNX19|RLF|MAPRE2|ANKRD12|ALDH2|HACD3|ATG12|RAB3GAP2|MTRF1|CREB1|UBE2D1|P4HA1|RBM25|PTAFR|IL13RA1|RABGAP1|BRWD1|SIK2|S100PBP|AMFR
PID_HIF1A_PATHWAY	0.572259507829978	0.970779931208307	0.374242413249932	0.911565993501073	2557	17	EGLN3|HIF1A|COPS5|CUL2|HSP90AA1|HIF1AN
REACTOME_INTERFERON_ALPHA_BETA_SIGNALING	0.571524513096038	0.970779931208307	-0.307768043786959	-0.936591677228191	3403	60	IRF7|IFITM1|IFITM2|IFI35|IFIT2|UBA52|IRF3|UBB|IP6K2|MX1|IFITM3|GBP2|ISG15
REACTOME_METABOLISM_OF_NUCLEOTIDES	0.570762302991316	0.970779931208307	-0.290678301577978	-0.943680176298458	3548	91	ADSS1|ENTPD3|TYMP|NUDT18|ITPA|DNPH1|DTYMK|NUDT16|NME3|ENTPD1|AMPD2|ADPRM|CAD|GUK1|ENTPD6|NT5C|DGUOK|TK2|NUDT1|ENTPD4|DCTPP1|TK1
VALK_AML_CLUSTER_3	0.572029934518241	0.970779931208307	0.33172614944932	0.92798059442051	2445	30	PIEZO2|RAP2A|COL4A5|FCGRT|TCEAL9|PLS1|NET1|SMC4|TRIM16|SCN9A
WP_CORI_CYCLE	0.571193265007321	0.970779931208307	-0.401280553582213	-0.916397328231552	3120	15	SLC2A4|G6PD
GSE8921_UNSTIM_VS_TLR1_2_STIM_MONOCYTE_6H_DN	0.573463268365817	0.971220564848333	-0.270333319613917	-0.9550731404097	3824	179	CROCC|ENKD1|APLP1|CYLD|TBKBP1|GPR68|KIAA0753|PPM1J|N4BP3|TNK2|RNLS|PDCD1|TRPM4|MOGS|RP1|RIGI|SLC2A12|AURKAIP1|C8G|GAS2L1|OXCT2|SLC25A19|TKTL1|SELENOH|BCL6|KCNK6|MAP7D1|FBXW4|PLK3|GNPTG|MFSD10|TAPBP|PGGHG|C19orf25|HELLS|SPATA2|CEP170B|TK1|DHX8|COASY|PEDS1|CDC42EP3|MCM3|BCKDK|TMA7|CDKN1A|CEMIP2|ADAM8|ABHD16A|PLCD1
GSE32423_IL7_VS_IL4_MEMORY_CD8_TCELL_DN	0.573885731379001	0.97153956229078	-0.269103854019096	-0.954547215490642	3836	187	SHF|SRGAP3|COX8A|COX14|PRPF31|TULP3|CHCHD10|DMRTC2|ATG9A|CIB1|PKN3|RASGRP1|LGALS3BP|NFIL3|CMKLR1|SDR42E1|TRIM26|DLK1|GPATCH2L|MDGA1|UQCRQ|FLYWCH2|C19orf47|NDST1|SZRD1|SETD1A|SUSD3|G0S2|CNP|TGIF2|NUDT1|SLIRP|RRP7A|PCSK9|MRPL17|PIGS|DNLZ|TRIM27|PSMD9|SMARCE1|PCGF2|LARP1|PIH1D1|MRPS26|PSMB3|APMAP|RAB13|DHODH|BOLA3|PSRC1|NDUFB4|FAM219B|KBTBD4|MRPS34|TNNI3|DBNL
PID_ENDOTHELIN_PATHWAY	0.573992133726647	0.97153956229078	0.296476589557947	0.937997780992389	2334	56	PRKCH|SRC|GNAI3|GNAQ|MAPK8|MAPK1|PLA2G4A|GNAL|RHOA|JAK2
REACTOME_RESPIRATORY_SYNCYTIAL_VIRUS_INFECTION_PATHWAY	0.574038767079759	0.97153956229078	-0.287070900623551	-0.942056995229673	3612	98	IGF1R|CD14|TLR6|UBA52|RIGI|GPC1|IRF3|UBB|MED15|HSPG2|MED22|ISG15|MED10|MED24|MED6|AGRN|SDC4|GPC2|RBX1|MED19|MED12
WP_MITOCHONDRIAL_COMPLEX_III_ASSEMBLY	0.573845034558021	0.97153956229078	-0.395791243223274	-0.91844025572471	3154	16	UQCR11|UQCR10|UQCRQ|UQCC3|CYC1|UQCC2|MT-CYB|UQCRH|UQCC1
NUTT_GBM_VS_AO_GLIOMA_DN	0.574420600858369	0.972021913590072	-0.323453155869682	-0.932029575298255	3345	44	POLR2F|RPS20|RPLP2|TNK2|AFAP1|YIF1A|HIP1R|ID1|PRPF6
GSE11864_UNTREATED_VS_CSF1_IN_MAC_UP	0.575113808801214	0.972278861184939	-0.272206507540386	-0.954431339255705	3789	170	TBC1D1|HLX|RPS28|FAM200B|UBA7|RNLS|SYNE3|SNHG32|LINC00877|NFYC-AS1|RPS9|NDUFS7|LRCH4|NOP2|ZNF598|HGS|FASTK|MAPK7|MZT2B|SF3B5|TAP2|HIC2|TMEM87B|GMFG|SLC2A3|KLHDC4|MALT1|KLF13|ARHGEF1|RPL37A|IRAG2|OGFR|LONRF3|TMC6|MAN2C1|CHPF2|ATP5MG|RPL35|PYM1|EAF2|CYC1|SESN2|HNRNPM|ALAS2|HIPK2|CD52|CREB5|RBM6|SRSF5|RELA|SMAD3|DNAJC10|SLC41A3
GSE3982_DC_VS_BASOPHIL_UP	0.575153604076128	0.972278861184939	-0.269725540174494	-0.953895470317104	3837	180	GAA|DYSF|COL14A1|BSCL2|AGBL3|QSOX1|NDUFB8|DIAPH2|TRPV2|GRN|RTN2|SGSH|GRM3|PPARG|CYBA|GLG1|TMEM8B|ROBO3|ZNF446|ADAP1|TMEM161A|DDO|MTMR8|YIF1A|POLD1|TRIP6|FAXDC2|MERTK|HPCAL1|WDR18|ALG3|CTSL|DUSP7|SIDT2|SMCO4|MRPL57
GSE9946_IMMATURE_VS_MATURE_STIMULATORY_DC_UP	0.57496062992126	0.972278861184939	-0.283137513354056	-0.949333746540028	3650	115	IL21R|NDOR1|TMEM81|NUP210|PNMT|HYLS1|SIAE|AQP11|CTDNEP1|PRRT3|FAS|AXIN2|TRIM26|DDX23|ROM1|GGCX|IL17RA|RALBP1|MOSPD3|SAP30BP
KEGG_MEDICUS_REFERENCE_TCR_PLCG_ITPR_SIGNALING_PATHWAY	0.574944071588367	0.972278861184939	0.373849273971719	0.910608399214482	2569	17	VAV2|CD3G|VAV1
REACTOME_TOLL_LIKE_RECEPTOR_9_TLR9_CASCADE	0.574966352624495	0.972278861184939	0.270768786778486	0.94582922954314	2135	102	NKIRAS1|PELI2|MAP3K1|MEF2A|PELI3|TAB2|MEF2C|UBE2N|MAPK8|MAPK1|USP14|RPS6KA2|IRAK4|PIK3C3|PELI1|ELK1|ATF2|SKP1|CHUK|CREB1|NOD1|MAPK9|PPP2CA|MAPK14|HMGB1|FBXW11|PPP2R1B|ATF1|RIPK2|UBE2V1|MAP2K4
VALK_AML_CLUSTER_12	0.574723247232472	0.972278861184939	0.33946849999097	0.927362739767488	2491	27	FGF13|SKAP2|NKX3-2|AZI2|MEG3|TMEM87A
XU_HGF_TARGETS_INDUCED_BY_AKT1_6HR	0.575261073100468	0.972296792689426	-0.37853100789139	-0.916695143415865	3194	19	IRF7|PLA2G6|SLC9A1|EREG|MX1|ISG15
GSE16385_IFNG_TNF_VS_IL4_STIM_MACROPHAGE_DN	0.575372208436725	0.972320913853172	-0.276757266244314	-0.950543204902	3709	141	BCAS4|FOXD1|PITPNM3|IRF7|FAM167A-AS1|CLDN7|GLB1L2|NALF1|FDXR|SV2A|HYDIN2|HOXC13|PIP5KL1|SMARCC2|PALM3|SPTB|GAL3ST1|F2R|NOL4L|NEDD8|ZNF324|TROAP
GSE13738_TCR_VS_BYSTANDER_ACTIVATED_CD4_TCELL_UP	0.575602409638554	0.972546202314729	0.254322984885618	0.963544445534429	1910	186	AIF1|SLC9B2|SLC25A44|TMEM135|SOCS6|CNIH1|BATF3|ATP8B3|ZSCAN30|BPNT2|FGGY|EGR1|B3GNT5|YES1|NDFIP2|STAG3|NAB1|YWHAQ|GRK4|INTS6L|SIAH2|MRPS6|PMS1|PXYLP1|GFI1|LINC01588|PTPN14|NREP|MYEF2|LAT2|ATP8A1|UBE2V2|PPA1|DNAH14|VWA5A|IFT74|NME7|NRAS|CHSY1|MYB|MOB1B|CLTC|MAPRE2|DECR1|TENT4B|HMG20A|CHMP5|NR5A2|EFL1|COX15|AGPAT5|ZFYVE1|ASCC1|ITCH|BTBD3|ETV6|STMP1|RPAP2|SSBP2|LRRCC1|RNASEH2B|NT5C2|STAMBP|VAMP1|CPSF6|KYAT3|SERPINB1|HIBADH|MPP1
WP_HEMATOPOIETIC_STEM_CELL_DIFFERENTIATION	0.575840300290053	0.972784404966602	-0.316143881579732	-0.93235027268949	3374	50	TRIM29|CIITA|CSF2|ACVR1B|FOS|IL1B|MUC1|LYL1|HES6|NFE2|KCNH2|GATA2
GSE14415_FOXP3_KO_NATURAL_TREG_VS_TCONV_UP	0.576602471974705	0.972845515804287	0.259216630512205	0.955035245983018	2005	151	HSPBAP1|PDK1|SLC49A4|CREBL2|SESN3|CAMSAP2|TCF7|RUFY2|TDRKH|RIMOC1|PNPLA7|CRLF3|RRAS2|DCAF6|INPP4B|LDHB|TENT5A|PELI1|CARD6|RAPGEF6|MGA|MYC|MON2|TTC3|LRRC23|ZMYM2|BCLAF1|BRWD1|NPEPL1|SNX29|EIF4A2|PHF21A|ICE2|UTP25|TGFBR3|USP28|PNRC1|SSBP2|PALS1|TASOR2|RAB3IP|AFP|SLC6A19|TOP2B
GSE15330_WT_VS_IKAROS_KO_GRANULOCYTE_MONOCYTE_PROGENITOR_DN	0.576819407008086	0.972845515804287	-0.268758069141772	-0.951665927091769	3851	182	PAK1|CRLF1|MARCKS|ZDHHC12|TPBG|SLC9A1|ANKH|APLP2|CYP2S1|SERPINE1|NFIL3|PLOD3|EMP3|PGS1|LRPAP1|KCNAB2|PSAP|RNH1|TXNDC17|IGF2R|ACSBG1|CST3|RALBP1|NECAP2|RASSF7|SGK1|HEMK1|FBXL3|VPS39|AAMDC|INO80C|SLC35F6|TEX264|KLF13|RNF149|NEK6|FLOT1|NUBP2|TAX1BP3|PAFAH1B1|SOCS3|ITPR3|PXN|UPP1|SH3BGRL3|HIP1|EPB41L2|JUN|MSRB1|ADAM8
GSE17721_CPG_VS_GARDIQUIMOD_6H_BMDC_UP	0.576627218934911	0.972845515804287	0.255822475585302	0.960122629204375	1948	173	ITGB7|BATF|CD40|SLC29A4|IFIH1|MX2|CCL2|HLA-B|HAT1|NT5C3A|SOCS6|FMR1NB|KPNA3|RARS1|MACIR|PNPT1|TFAP4|LIPT1|ETNK1|RRAS2|SIAH2|IFIT3|MRPS6|ACER2|FGFR1|CHAC2|OSGIN2|TYMS|HBEGF|IL10RA|PELI1|SLC30A7|TRA2B|ENDOD1|SNX2|SNW1|HMGN3|CAND1
GSE20198_UNTREATED_VS_IL12_IL18_TREATED_ACT_CD4_TCELL_UP	0.576562971911809	0.972845515804287	-0.271300155120393	-0.954088203677082	3817	173	CYFIP2|APLP1|CRIP2|AARSD1|MT2A|L1CAM|HELB|GRN|TEX19|MYPOP|NKX6-1|APOBR|PTK2B|ELMOD3|PGS1|KCNAB2|GALR3|MAPK7|IRS2|MMRN2|GNA11|DNAJC17|AKR1C2|CSNK1D|MAP7D1|RAI1|TREML2|LENG1|SIX5|ENTPD6|SETD1A|NDUFC2|MAP1S|C12orf75|DYNC2I2|NRARP|GPR180|GRIN2D|ANAPC2|SLC66A1
GSE26928_NAIVE_VS_CENT_MEMORY_CD4_TCELL_UP	0.576449384199459	0.972845515804287	0.2555033351943	0.963147936679246	1918	180	AIF1|SERINC5|DYNC2LI1|ZNF362|PEX12|ZNF658|RMI1|C1QTNF3|SLC39A10|ZNF436|RAB3A|FOXN3|RWDD2A|PLCL1|LANCL1|RFX5|PNPLA7|LIPT1|NEXN|LRP6|NUP35|CBX7|CTSF|ZNF512|TAPT1|CFAP418|DRAM2|ZC3H12B|ACVR1C|GPRASP3|TRABD2A
GSE360_T_GONDII_VS_M_TUBERCULOSIS_DC_UP	0.57641196013289	0.972845515804287	-0.271402086923667	-0.954446669860193	3816	173	PCBP4|FARP1|SEMA4D|HLX|CBS|PEMT|SLC29A1|OTUB1|TRIO|SREBF1|CHD4|SPINT2|NFIL3|ADAM11|TMEM109|CRYM|CHD3|SUGP2|ASNS|SLC1A5|CPNE1|TELO2|GFUS|PPOX|SETD1A|KIFC1|CCDC9|ZNF81|HDAC5|SDHA|ICAM3|SPINT1|TP53BP1|LPCAT1|AARS1|PITPNM1|PMP22|PKD1|ADCY3|HBE1|TRAF5|FNTB|H6PD|NBAS|MLF2|DAG1|RFXAP|USP22|CEBPG|EXOSC2|TM7SF2|COX7C|KRT10
NAKAYA_B_CELL_FLUARIX_FLUVIRIN_AGE_18_50YO_7DY_DN	0.576845637583893	0.972845515804287	0.244647091676281	0.966225170412833	1718	275	GTF2IRD2B|NIPSNAP3B|ANKMY1|ZNF107|AGO4|SGPP1|NCOA2|SFT2D2|CD164|BACE2|PPM1B|LANCL1|EIF4G2|DCLRE1C|NR4A2|IPO7|SCAF8|ELMO1|SC5D|SNX24|RRAS2|RBM41|SKIL|TBPL1|PER2|ASS1|SLC19A2|FEM1B|MGMT|MTSS1|BACH2|APPBP2|MCTS1|SDHD|FASTKD3|MICALL1|TIMM23|HUS1|INPP5F|DDX18|ITM2A|RBPJ|NAA50|WIPI1|RAB28|CACYBP|ZMAT3|TCP11L1|MED31|WSB1|FBXO28|NPAT|PAPOLA|NF1|TUBGCP4|NOD1|WIPF2|RBM12B|MTF2|ING2|ETF1|PANX1|CFAP298|FYCO1|AGO1|MCM3AP-AS1|SLC35A1|PPP2R1B|ZNF264|PALB2|BHLHE40|ZNF576|PMS2|TFDP2|BTBD7|DKC1|TRIM33|PALS1
REACTOME_CRMPS_IN_SEMA3A_SIGNALING	0.576317715959004	0.972845515804287	-0.399950921719101	-0.913360871378583	3148	15	FES|PLXNA1|PLXNA2|PLXNA4|FYN
REACTOME_PLATELET_ACTIVATION_SIGNALING_AND_AGGREGATION	0.576813430471967	0.972845515804287	0.250132183398506	0.966999515461086	1820	223	VAV2|PCYOX1L|PTPN6|EGF|PRKCH|GNA13|CD36|SRC|GNG12|LAMP2|GNAI3|GNB4|P2RY1|ABCC4|STXBP3|PDGFB|GNAQ|PIK3CA|NHLRC2|TMX3|OLA1|SCCPDH|PROS1|VAV1|MAPK1|FCER1G|F5|VWF|ADRA2C|PLA2G4A|LEFTY2|ITIH4|RAP1B|GNG10|RAP1A|RHOA|YWHAZ|CAP1|ITGA2B|ENDOD1|PTK2|FAM3C|SCG3|PIK3CG|ANXA5|CYRIB|PFN1|THPO
REACTOME_REGULATION_OF_TP53_EXPRESSION_AND_DEGRADATION	0.576063954855396	0.972845515804287	0.317295202197395	0.925469477891408	2449	36	CCNG1|RFFL|USP2|CCNA2|CDK1|CDK2|RICTOR|PPP2CA|PPP2R5C|PPP2R1B|ATM
ENK_UV_RESPONSE_EPIDERMIS_UP	0.577213745900471	0.972867392552929	-0.260634039785685	-0.959578565340793	4047	271	OSMR|PLXNB1|S100P|RGS20|ENTPD3|IRF7|HOMER3|BTN2A2|DDB2|SH3BP2|HYOU1|KLF7|TGM1|PDLIM7|PHB1|STK39|LSR|ZNRD2|SULT1A2|SPG7|PGF|HGS|NME3|BCL3|TRIOBP|FDXR|NRG1|MX1|DPP3|USP20|IFITM3|ACP6|H2BC5|POLE|POLD1|FAXDC2|SRM|SP110|SLC1A5|XPC|SFXN3|CPNE1|PPARD|CTSL|GRK6|CARHSP1|GALE|NISCH|G0S2|RAP1GAP|TUBGCP2|PIDD1|CACNB3|TUBG1|PAFAH1B3|PRICKLE3|IL6ST|ANAPC2|ESPL1|EHMT2|PRSS2|BCL2L1|CSTB|ITGAE|ELAC2|UPP1|F12|STK25|CCT7|FLNA|ADAM8|MYLIP|PLCD1|SEPTIN9|ENTREP3|PFKP|RBM5|EIF4EBP1|CDC20
GSE3337_CTRL_VS_4H_IFNG_IN_CD8POS_DC_DN	0.577167019027484	0.972867392552929	-0.271220989667337	-0.953809800500843	3821	173	TNS2|LAT|APLP1|AHRR|PSMB9|TAP1|UBA7|NXF1|IFI35|IFIT2|IER3|ST6GALNAC6|LMAN2|FAU|KSR1|ENTPD1|GBP2|HERC2|KHDC1L|CSNK1D|H2BC5|TXNDC17|NDUFA6|STOML2|PSMB10|NOP10|IL18RAP|CD2BP2|FLNB|YKT6|PHETA1|HNRNPAB|PNPO|RPL3|TRAF3IP2|AP1S1|DCPS|ZNFX1|UPP1|NOC4L|TNFAIP2|IRF1|TOR3A|JUN|GPN2
KEGG_MELANOGENESIS	0.577246283128636	0.972867392552929	-0.293335248228423	-0.940402110425675	3571	82	MC1R|WNT11|PLCB4|FZD9|FZD7|WNT3|FZD3|DCT|CREB3L1|DVL1
WP_DEGRADATION_PATHWAY_OF_SPHINGOLIPIDS_INCLUDING_DISEASES	0.577118952346308	0.972867392552929	-0.394608559201874	-0.915695817504676	3172	16	ARSA|PSAP|HEXA|NEU1|NPC1|GALC|GLA|GLB1
GSE34156_UNTREATED_VS_6H_TLR1_TLR2_LIGAND_TREATED_MONOCYTE_DN	0.577372817008352	0.972917296815485	-0.2722827620404	-0.953397113168017	3801	167	LATS2|CD14|CTBP2|FGD3|RAB38|SPSB2|TMEM9|COX5B|LBP|APH1B|IRF3|TOM1|SLC27A1|BRD3|LRRC75A|AKAP8L|RABL2A|TRIP6|IGF2R|CTSD|USP36|FKBP8|STOML2|NDEL1|ARHGAP39|ANKRD13D|PGP|PRKAB2|RPL36|GRINA|TBC1D17|PDLIM4|ARHGAP22|FBXO31|SH3BP5L|LONRF3|DTNBP1|SAMD8|MTCH1|CRAT|MINK1|METTL17|LPCAT1|DEXI|FKBP14|ZSWIM1|SMIM29|FAM8A1|ZNF512B
NAKAYA_PBMC_FLUAD_IMUVAC_MALE_AGE_14_27YO_CORRELATED_WITH_HAI_RESPONSE_MF59_ADJUVANTED_AND_NON_1DY_GENES_IN_BTM_M75_POSITIVE	0.577486678507993	0.972945833981744	0.380843434105349	0.91217950437245	2600	16	IFIH1|DHX58|CARD9|RSAD2|IFIT1
REACTOME_ABORTIVE_ELONGATION_OF_HIV_1_TRANSCRIPT_IN_THE_ABSENCE_OF_TAT	0.577635327635328	0.973032961705558	-0.363401368379717	-0.917201428214714	3243	23	POLR2L|POLR2F|POLR2E|SUPT5H|POLR2A|POLR2J|NELFB
BIOCARTA_P38MAPK_PATHWAY	0.578415236303786	0.973040412605564	0.317037091331986	0.924716634084775	2459	36	MAP3K9|MAP3K1|PLA2G4A|TGFBR1|ELK1|HMGN1|ATF2|MYC|CREB1|MAPK14|MAP2K4|RIPK1|STAT1|MAP3K5
GSE27786_NKTCELL_VS_NEUTROPHIL_DN	0.578347578347578	0.973040412605564	-0.270340567084108	-0.954166109842632	3856	177	SSC4D|TRPM2|STS|KLC3|FZD7|B4GALNT4|INCENP|CLN3|TMEM63A|UBL5|PTH2|SERF2|ZNF516|KLF7|TEKT5|TNFRSF1A|FBXL19|SEMA3G|GPR146|SORBS3|SLC7A11|CST3|CPA5|HSD17B7|BRD9|KCTD10|ARID3B|ABCD1|TRAPPC5|MAP3K3|ELOVL1|PPOX|SUSD3
GSE3982_BASOPHIL_VS_TH2_DN	0.578092085464941	0.973040412605564	0.253943215400268	0.960615488998228	1920	184	CENPQ|ITGB3BP|CKS2|VBP1|PPT1|PHLDA1|TP63|FASTKD1|MRPL42|CKAP2|MSH2|HIBCH|ERCC6|OLA1|MRPL39|NUP37|PER2|ORC2|NUSAP1|OTULINL|PLA2G4A|SYTL2|INPP4B|EIF4E|MCTS1|HAUS5|KCNK1|DBT|TIPIN|SLC25A32|ENDOD1|CLIC4|ACTL6A|CHSY1|HSPD1|RRM1|LUC7L2|EIF3J|HACD3|HMG20A|APEX1|ELOVL6|PARK7|GGH|QDPR|NCBP1
GSE3982_CTRL_VS_PMA_STIM_EOSINOPHIL_DN	0.578098859315589	0.973040412605564	-0.272442427653619	-0.952411088196219	3800	164	SLC30A3|IGF1R|RAB26|OSMR|MAPK13|TCN2|BCAS4|MGAT4A|N4BP2L1|SLC7A7|RARRES2|BCAM|STX4|CALR|NLRP1|ZNF83|RBM23|FILIP1L|MAPK8IP1|NOP16|PER1|G0S2|RPS27|ZBTB43|POLR1G|DUSP5|C11orf71|CDKN1A|JUN|SH3D21|EFNA3|SH2D3A|KPTN|CLEC11A|FIG4|MAP1A|LDLRAP1|CLN8|SNAI1|MPDU1|RPL27A|LIMD1|RUSC2|AOPEP|F2RL3|HSPE1|NAPA|DDIT3
GSE7831_CPG_VS_INFLUENZA_STIM_PDC_4H_UP	0.578230273993113	0.973040412605564	-0.268517566943223	-0.95152359968659	3861	184	PAK1|COL25A1|VMAC|PBX3|OSMR|ADGRD1|GTF2I|GHDC|TMEM134|CACFD1|RHBDF1|GPC1|PUS1|LSR|RHOF|EGFL6|NDUFAF3|MEAK7|WDR83|USP27X|PCED1B|TMUB1|BATF2|ACP6|BICRA|UNC13D|QTRT1|SMG6|SULT1A1|TRPC4AP|CLSTN1|MUL1|SLC66A2|TBC1D17|STARD10|RPL3|RRP7A|EMC1|PPP1R37|ABHD8|PKD1|P3H3|PRR5|SLC22A5|TAF1C|CRCP
HASLINGER_B_CLL_WITH_MUTATED_VH_GENES	0.577910339840926	0.973040412605564	-0.387598419028904	-0.914106303705559	3196	17	LDOC1|KLK2|COBLL1|ZBTB20|PCSK7|LPCAT1
REACTOME_REGULATION_OF_PTEN_STABILITY_AND_ACTIVITY	0.577800050112754	0.973040412605564	0.286497349052925	0.938412038103154	2305	67	PREX2|PSMC6|NEDD4|PSMC1|PSMD5|PSMA1|PSMA4|MKRN1|PSMD6|TNKS2|WWP2|PSMD10|PSMA2|PSMA6|PSMC2|TNKS|PTEN|PSME4|PSMD14|PSMD11|PSMC5
VILIMAS_NOTCH1_TARGETS_DN	0.578152753108348	0.973040412605564	0.380566332763221	0.911515803380683	2603	16	GFI1|LRRC25|BTK|STOM
BOGNI_TREATMENT_RELATED_MYELOID_LEUKEMIA_UP	0.578547446545326	0.973099743368295	-0.35373788922835	-0.91837620421964	3273	26	S100A2|IZUMO4|H4C3|ATF6B|RFNG
BIOCARTA_KERATINOCYTE_PATHWAY	0.580520732883317	0.973135160580635	0.304916770675932	0.929114503710577	2407	45	EGF|PRKCH|MAP3K1|MAPK8|MAPK1|BCL2|SP1|CHUK|PPP2CA|MAPK14|MAP2K4|RIPK1|PRKCQ|MAP3K5|MAP2K1|PRKCD|PRKCB
FRASOR_RESPONSE_TO_ESTRADIOL_UP	0.581180811808118	0.973135160580635	0.337603630247305	0.922268273816036	2519	27	EGR3|TOP2A|SIAH2|HOXC4|CCN5|PTGER3|RAB31
GSE12366_PLASMA_CELL_VS_NAIVE_BCELL_DN	0.580693815987934	0.973135160580635	0.254169435908091	0.962044305123274	1924	185	PTPN6|ARL11|SLAMF6|CCNG2|ATXN7|ZNF573|ACTR3|SLC39A10|CNOT8|GNB4|ZNF518B|PTBP3|DCLRE1C|GDI2|PARP15|TSPAN13|ADD3|ZNF512|RPL21|USP31|LINC01138|LFNG|XYLT1|ITGB2-AS1|CR2|MBNL1|EEF1A1|HNRNPK|RPS3A|DHX15|CYBB|MYC|RPL7|CTDSPL2|PTEN|FRYL|PTPRC|OPN3|RAB14|SRSF1|MED14|BTF3L4|ATAD2|DDX21|SNX29|BTK|SERTAD2|SH3YL1|RAD51AP1|RPL22|ZC3HAV1|PARP14|MIR600HG|RPS6KA3|CRKL|OFD1|RASSF5|STAG2
GSE17721_POLYIC_VS_CPG_24H_BMDC_UP	0.580995475113122	0.973135160580635	-0.270433461233243	-0.951716337710043	3851	174	SAMD11|MARCKS|CIITA|DBNDD2|SNN|PDCD1|NRDE2|SERHL2|NSG2|TNFRSF1A|SCAND1|THEMIS2|RPL13A|NFIL3|ZNF593|SIRT7|VPS18|PIP5KL1|ZC3H18|PSMB6|LYL1|TRAF2|MERTK|SLC22A23|RNF181|GUK1|MRPS21|NDST1|PYROXD1|DGUOK|IL15RA|PDLIM4|OGFOD3|SYS1|CAMKK2|NDUFB11|TAX1BP3|DPCD|IQSEC1|RNASET2|PRR14|CHRD|MICAL1|DNMT3A|CDKN1A|PPARGC1B|ANGEL2|SPTLC2|SHARPIN|CBX6|ZKSCAN3|COX4I1|SLC25A22|ISY1|PDPK1|CSNK1G2|RREB1|VAMP8|ST6GALNAC1|USF2|CTCF|CNPPD1|CHMP4B|ADA
GSE19923_E2A_KO_VS_E2A_AND_HEB_KO_DP_THYMOCYTE_UP	0.580943847072879	0.973135160580635	0.252489808241964	0.962209501500094	1944	192	MEIS1|SRC|MDP1|TM9SF1|CKS2|KPNA3|FAM107B|FAM76B|KIF11|MEF2C|PRPH|AAK1|MKRN1|CLK1|SKIL|SPAST|PLRG1|NEO1|ABR|CDKL2|CMTM7|TMEM176B|SLC35D1|GPLD1|MYL12B|RAP1A|NCAM2|RBL1|SPDL1|CPSF2|RRM2|ADK|CELF2|ANKRD46|CPNE3|MYB|CRIPT|ABCB1|TRDMT1|RB1|STMN1|KMT2E|ITM2B|PARK7|PLSCR1|ZWINT|CHP1|SYF2|RAB4A|UBE2A|FABP5|GHITM
GSE19923_HEB_KO_VS_HEB_AND_E2A_KO_DP_THYMOCYTE_DN	0.57921686746988	0.973135160580635	0.254049892249977	0.96250978918079	1922	186	TTC39B|KCTD12|NMD3|CCL4|USP38|NCOA3|HNRNPLL|PHLDA1|EGR1|MAPK6|ROCK2|PPM1A|SDCBP|PLXND1|RRAD|EGR2|ACSL4|ELL2|VAPA|OTUD7B|JAK2|KLHDC2|PELI1|DDX18|B3GNT2|RDH11|ACTR10|EIF2S1|MOB1B|SEPTIN7|OSTC|CUL3|TMEM68|SEMA7A|ZC3H11A|GOLGA7|SEC23IP|FBXW11|ETF1|SFXN2|HSD17B12|ADORA2B|PSMD11|LTV1|GABARAPL1|BTG1|ZNF281|DNAJB6|E2F5|KPNA1|ATF3|FIP1L1|BCAT1|BTG3|MSMO1|ZC3H14|MRPS2|FKBP1A|FYTTD1|EIF1|SH3GL3|HCCS|AGO2
GSE27786_LIN_NEG_VS_BCELL_DN	0.578868602214906	0.973135160580635	-0.268873317263637	-0.953298754323638	3867	186	FOXD2|DIPK1A|FGD3|LYST|PSMB9|AMZ1|MAPK12|SH3BP2|COMMD4|UBL5|LYPLA2|FGF17|DCAF11|RDH12|ICAM1|RPP25L|HIGD2A|NDUFAF3|NAA60|CHD6|CHD3|KRTCAP2|PLEKHG2|GPSM3|BABAM1|SAP30BP|SZT2|PARP3|TRIM39|OSBPL11|YKT6|TBC1D17|ARHGEF1|CMTR1|CLTA|C9orf85|DDX59|DTX2|CLK3|SRF|TMA7|ANKRD11|STARD5|ANTXR2|RBM10
GSE29615_CTRL_VS_LAIV_FLU_VACCINE_PBMC_UP	0.579173838209983	0.973135160580635	0.259144592852268	0.955899646344194	2018	152	KBTBD8|CCNG2|PEX12|ABTB1|ZNF527|PIEZO2|DTL|ERI2|TOP2A|PHLDA1|DOK4|MOB4|MMADHC|LYSMD3|KCNJ8|ATP1B1|BRIX1|ALPL|TMEM88B|TIGAR|GNG10|VAPA|DPM1|VDAC1|SERTAD1
GSE29949_CD8_POS_DC_SPLEEN_VS_MONOCYTE_BONE_MARROW_UP	0.580410022779043	0.973135160580635	-0.27193201017322	-0.952168956765083	3821	167	EFNB1|TYMP|ITGA4|AURKC|DDB2|HLA-DOB|NBEAL2|MICAL3|CD101|FLT1|CLIP3|DSC3|PCYT1B|AGER|IRF3|NOP2|SPINT2|ARSL|TMEM109|CHD3|ROM1|IKBKG|MYO9B|DPF1|MRAS|MYL6|NEDD8|NCAPH2|REXO5|CD3D|PRICKLE3|TSR2|ZNF133|LMNA|CAPG
GSE32986_GMCSF_VS_GMCSF_AND_CURDLAN_LOWDOSE_STIM_DC_UP	0.580509745127436	0.973135160580635	0.252981336816681	0.961227873347147	1935	189	AIM2|ZC2HC1A|ARHGAP11B|LPXN|BMAL2|YIPF1|CKS2|KIF18A|TP53INP1|KDSR|KIF11|PLEKHA5|WSB2|NEIL3|IDH1|POGLUT2|NUSAP1|P2RX7|NCR3|SYT11|ACSL4|ELL2|RAD23B|ANKRD28|DUSP10|JAK2|HERPUD1|CPOX|KCTD6|CASP3|TARS1|PRDX3|TFE3|CLTC|ACAT1|ANXA5|PPP1R16B|STARD4|DSCC1|TPP1|CENPI|SNTB2|PARK7|WEE1|CHP1|SEPTIN8|H3C10|REEP3|CORO1C|TFRC|TGFBR3|S100A4|INTS7
GSE33513_TCF7_KO_VS_HET_EARLY_THYMIC_PROGENITOR_DN	0.579453289276059	0.973135160580635	0.255275251148963	0.962288148772804	1928	180	GPR137B|ZNF362|SPRED3|CFL2|CRYL1|KIF7|PAOX|LRATD1|EIF2A|CORO1A|HIF1A|CGGBP1|CHDH|DOCK7|PAQR3|NFYA|TFAP4|NR4A2|TMX3|DNA2|GAS2L3|ADD3|ATXN10|AP5M1|METTL21A|OTULINL|EPB41L4B|ICA1|ABHD14A|INPP5F|EIF1B|TSN|CASD1|SEC23A|MGA|NET1|TRIM32|SUB1|CD93|MRTFA|ECHDC1|ATP11C|VAPB|PNRC1|MBTD1|VSIG10|LRRCC1|SUPT3H
GSE3982_EFF_MEMORY_CD4_TCELL_VS_TH1_UP	0.579051083825982	0.973135160580635	-0.271312976022233	-0.952255576980712	3819	171	SLC30A3|N4BP2L1|IFT122|LAMA4|PDLIM2|L1CAM|PBXIP1|MYO16|OR2B6|RUFY1|DGKD|DBP|ARHGAP45|ANKS1B|H3C12|APOBR|ULK4|PPM1F|PEX7|ZNF446|AKT3|EPHX3|AMPD2|C11orf21|MORC4|KIF5A|BIN1|CPQ|APBB3|SCYL3|VPS52|PCSK7|FLNB|CBX2|CAND2|ENTR1|PARP12|EEF1D
GSE41867_DAY15_EFFECTOR_VS_DAY30_EXHAUSTED_CD8_TCELL_LCMV_CLONE13_UP	0.580392156862745	0.973135160580635	-0.270399993469521	-0.951976126009433	3847	175	FES|PAK1|STX11|ENG|IRF7|ITGA4|PDLIM2|SLC9A1|SH3BP2|SRD5A3|GCA|HERC6|CSF2|CDH15|RIGI|SPATA6|ZNF580|LGALS3BP|STC2|ZNF839|SHFL|P3H1|KCNAB2|C19orf38|ATOX1|SMDT1|CST3|TRAPPC1|NACC2|NDST1|TAPBP|BLVRB|OAS3|EVL|GCHFR|GTF3C5|USB1|TP53BP1|PDIA5|NDUFA7|ZNFX1|NAT1|SIK3|C19orf53|HOXB3|PCBD1|ADAM8|IGHMBP2|MIEN1|ERGIC3|MROH1|SLC35B4|CASP9|ZNF513|NBAS
GSE43863_TH1_VS_TFH_EFFECTOR_CD4_TCELL_DN	0.58106686701728	0.973135160580635	-0.267878367134169	-0.951788483363365	3866	191	LAT|TAGLN|CCR7|CD37|FAM234B|HLA-DOB|ACAP1|TRIO|SH3PXD2A|TMEM63A|RAB33B|MEF2B|SUN2|ARHGAP4|GPRASP1|CARNS1|DCAF11|TCP11L2|RASGRP1|TOM1|RIPOR1|RGS14|SIRT7|ACP6|HERC2|MIB2|TMEM87B|SHISA5|RFX1|IL17RA|FBXL20|SFXN3|CDIPT|PLEC|POLG|H2AC25|LMBR1L|TEX264|KLF13|ARHGEF1|SMIM14|WNT5B
GSE8921_UNSTIM_VS_TLR1_2_STIM_MONOCYTE_12H_UP	0.579644685335742	0.973135160580635	0.254332976932596	0.960865385387418	1924	183	NAPEPLD|ARRDC3|ZNF43|FAM135A|TMOD4|TNFRSF14|MAN2B1|LONRF1|EPB42|ABCC3|LSM11|UBR3|SCOC|DNAH8|PECR|CCRL2|PIK3C2A|NDFIP2|LZTFL1|SVIP|SCYL2|RNF6|RBM7|TCEAL8|ABHD1|BCL2L15|CDKL2|ATP8A1|INPP4B|FCGRT|USP33|UBE2E3|NATD1|SNX13|KCTD6|FRG1|BMPR1A|ACBD4|NNT|DARS2|PIK3CG|MEGF9|QPCTL|MON2|ATP6V0E2|GLUL|FUCA2|BMP2K|UGT8|CCNDBP1|TIPARP|ATP6V0E1|TFRC|IL1R1|CLASP2|SSBP2|DEDD2|PALS1
KEGG_MEDICUS_REFERENCE_MICROTUBULE_NUCLEATION	0.581186021884928	0.973135160580635	-0.351404578605806	-0.920310565924454	3292	27	MZT2A|TUBGCP6|TUBA3E|MZT2B|TUBGCP2|TUBB2B|TUBA1B|TUBB3|TUBA3C|CDK5RAP2|TUBB4B|TPX2
LANDIS_ERBB2_BREAST_TUMORS_324_DN	0.579393749018376	0.973135160580635	-0.279987640637405	-0.949035407806591	3688	126	COL18A1|PTPRB|MARCKS|LAMB1|RAB34|ACTA2|COL1A1|UQCR10|ETFB|APLP2|CHCHD10|COL6A3|SLC27A1|PHLDB1|BCAT2|LYL1|DGAT1|THBD|SULT1A1|CD151|TMEM205|HEPH|ACAA1|TSC22D1|GPAM
PID_LYSOPHOSPHOLIPID_PATHWAY	0.581110839246391	0.973135160580635	0.295220883759142	0.929816701136482	2374	54	CXCL8|GNA13|SRC|GNAI3|GNAQ|RHOA|HBEGF|CASP3|PTK2
PID_UPA_UPAR_PATHWAY	0.580436681222707	0.973135160580635	-0.342518620639332	-0.924241318618508	3322	31	BCAR1|SERPINE1|ITGB5|ITGB1|ITGAV|ITGA5
QUINTENS_EMBRYONIC_BRAIN_RESPONSE_TO_IR	0.58079739625712	0.973135160580635	-0.295811608534854	-0.937558123028513	3568	76	CPT1C|TAP1|DGLUCY|ANO3|DENND2C|NR1D1|FAS|AMPD2|TBC1D8|DCXR|HPCAL1|EPHX1|ZBTB7B|GTSE1|PIDD1|CEP170B|BAIAP2|VPS36|BBC3|SESN2|CDKN1A
REACTOME_CARGO_RECOGNITION_FOR_CLATHRIN_MEDIATED_ENDOCYTOSIS	0.579281183932347	0.973135160580635	0.275527600108257	0.944319157170114	2191	91	EGF|CD3G|COPS2|COPS8|ITSN1|AAK1|PICALM|EPS15|COPS3|SYT11|EPGN|CLTCL1|HBEGF|UBQLN2|COPS5|FZD4|COPS4|CLTC|TOR1B|UBQLN1|VAMP3
REACTOME_METABOLISM_OF_CARBOHYDRATES	0.580278855828662	0.973135160580635	-0.26210265207338	-0.960372476632629	4036	258	GAA|IDUA|NDST2|GLYCTK|GLB1L3|PYGM|EPM2A|NUP210|EXT1|GLB1L2|SLC9A1|CHST12|B3GAT1|SGSH|HAS1|UBA52|GPC1|ST6GALNAC6|HS6ST1|B3GNT4|UBB|HSPG2|B3GAT3|DCN|NCAN|G6PD|AKR1B1|PHKG1|CSGALNACT2|DCXR|ENO3|B4GALT7|AGRN|HYAL3|HEXA|SDC4|PGP|SLC35D2|GALE|NDST1|GPC2|SLC37A4|GNS|B4GALT2|RHCE|XYLT2|GYG2|HS3ST3A1|MAN2C1|CHPF2|PCK2|FUT1
REACTOME_NRIF_SIGNALS_CELL_DEATH_FROM_THE_NUCLEUS	0.579245973645681	0.973135160580635	-0.39916941247043	-0.911576152480353	3164	15	UBA52|APH1B|UBB|NCSTN|PSEN1|PSENEN|UBC
REACTOME_PI_3K_CASCADE_FGFR3	0.579770824151609	0.973135160580635	0.385124783030949	0.909183662631458	2630	15	FGF5|PIK3CA
REACTOME_REGULATION_OF_TP53_ACTIVITY	0.580884450784593	0.973135160580635	0.257721949294655	0.955292701206266	2035	156	CCNG1|RFFL|RMI1|TP53INP1|HDAC2|NBN|USP2|RFC4|TAF9B|TP63|CCNA2|DNA2|RAD9B|MEAF6|TAF1|HUS1|CDK1|POU4F1|RFC5|MTA2|CDK2|PRKAA1|RICTOR|RBBP4|RBBP8|RPA2|PPP2CA|TAF9|PPP2R5C|ING2|MAPK14|ATR|TAF4B|BRIP1|WRN|PPP2R1B|BLM|RFC3|ATM|RMI2|TAF12|EP300|RBBP7|EXO1|TAF3|PPP1R13L|PIP4K2A|PRMT5|RAD17|RPA3|BRCA1|L3MBTL1|TAF11|CHEK2|GATAD2B|CSNK2A1|PIP4K2C|CDK5R1|PHF20|TAF2
WP_EBOLA_VIRUS_INFECTION_IN_HOST	0.580762537573169	0.973135160580635	-0.282994575099092	-0.943730392611401	3670	111	IGF1R|PAK1|IRF7|ITGA4|AXL|HLA-DOB|RIGI|IRF3|VPS18|ICAM2|MERTK|RHOB|CTSL|TYRO3|ITGB1|VPS39|VPS11|ITGAV|FLNB|MFGE8|CLTA|ICAM3|ITGA5|CDC42|SOCS3|GAS6
WP_HAIR_FOLLICLE_DEVELOPMENT_ORGANOGENESIS_STAGE_2_OF_3	0.579214780600462	0.973135160580635	0.345028843991102	0.92213251984354	2507	25	GLI1|RUNX2|TP63|EDA|MYC|CTNNB1
GSE24634_TEFF_VS_TCONV_DAY10_IN_CULTURE_DN	0.581524180266507	0.97337664190682	-0.268279291875113	-0.950679243940691	3883	184	FES|HSPA6|STX11|C3|DYSF|CTBP2|IFI30|CLDN7|MLXIPL|CNNM4|TRPV2|GRN|APLP2|TRPM4|POR|GCA|CCK|ITGAX|ATG9A|MNDA|SLC2A9|ACVR1B|THEMIS2|CMKLR1|TBXAS1|MS4A4A|PSAP|TSPO|SLC12A7|RIN1|HEXA|BLVRB|CRELD1|LMBR1L|CTTN|HMG20B|CLCF1|ITGA5|LMNA|IFNGR1|CAPG
KEGG_OLFACTORY_TRANSDUCTION	0.581474296799224	0.97337664190682	-0.292536972317087	-0.938976600374557	3596	83	OR8G5|OR2B6|OR2T33|OR4D9|OR5A1|OR2A4|OR2T8|CNGB1|GUCA1B
DUNNE_TARGETS_OF_AML1_MTG8_FUSION_UP	0.581835609872993	0.973410975317518	0.307264176589202	0.929280491464462	2427	43	MYO1F|MS4A3|ATG16L2|LST1|IL6R|SAMSN1|LCP1|AZU1|CD24
GSE2826_XID_VS_BTK_KO_BCELL_DN	0.581705285476299	0.973410975317518	-0.27100376204179	-0.952003476236841	3840	172	MXD3|LAT|IDUA|NHLH1|C3|DBNDD2|MT2A|TCAP|TAP1|HBB|INCENP|CLDN6|ETFB|AATK|EPN2|ICAM5|CLIP3|PPARG|MAP1LC3A|IL2RG|COMT|STK19|EMP2|IKBKG|KCNN4|SDF2|CPQ|PAQR7|TYRO3|KIFC1|SNRPD2|UGDH
WP_FERROPTOSIS	0.581790642881185	0.973410975317518	-0.305407445298921	-0.933357816890971	3456	62	CBS|LPCAT3|SLC3A2|POR|MAP1LC3A|ACSL6|HSPB1|CHMP6|SAT2|AKR1C2|SLC7A11|SLC1A5
GSE5589_LPS_VS_LPS_AND_IL10_STIM_IL6_KO_MACROPHAGE_45MIN_DN	0.581932773109244	0.973411294196065	0.255154611155445	0.961012638338679	1938	179	SGO2|CD36|MMP14|TAMALIN|CENPQ|SRC|GPR174|HSDL2|DTL|BLTP3B|GNAI3|CCRL2|CKAP2|SPRY2|NUP107|ADD3|TMEM123|ASS1|TCP1|GPR183|LFNG|JAK2|TMED5|ACER3|PLS1|ESAM|ITGA2B|ACTR2|DBF4|RNPC3|CYRIB|CD47|ANXA1|CLNS1A|IDH3A|RBBP8|SDAD1|ETF1|PLCB1|PLSCR1|ATF1|SHCBP1|CDCA2|AHCY|CCNB2|EEF1E1|BTG3|RPS6|CORO2A|MRPL33|ARG2|PDSS1|ALG5
GSE16450_CTRL_VS_IFNA_6H_STIM_MATURE_NEURON_CELL_LINE_UP	0.582249204972535	0.973482668184853	0.257021498092746	0.955148439634456	2013	160	FBN1|DLX4|ST8SIA4|PRNP|TMOD4|HYKK|KAT2B|RAB3A|RIMS3|DTX3L|ZNF608|IL18R1|PTGS1|B3GNT5|EIF4E3|KDSR|INPP5K|FAM174B|NIPAL1|B3GALT1|TXK|LRRC8C|MICALL1|CTNND1|SOCS2|SYP|KLRG1|PRKD3|IL17RE|CYBB
GSE41176_UNSTIM_VS_ANTI_IGM_STIM_TAK1_KO_BCELL_6H_UP	0.582381238725195	0.973482668184853	-0.270297198951583	-0.952951400661279	3873	176	NEIL1|RCAN3|ZFTRAF1|DYNC2H1|FAAP20|TSPAN5|PABPC1L|CCS|TSPYL2|TECR|PANX2|GPRASP1|METTL25B|IER3|MIF|ZNRD2|NDUFS8|B3GNT9|SHFL|TRIOBP|USF3|TIMM29|SLC43A1|FILIP1L|HPGD|CDK2AP2|MCRIP1|WDR13|CPNE1|TSEN34|TMEM199|FBXW5|APBB3|PPOX|COX16|PHETA1|RCN1|ZBTB39|PNPO|SOCS3|INPP5E|NELFB|TSPAN31|SLX9|TMEM39A|CAVIN1|MRPS18A|RNF113A|PTDSS2|ARHGEF3|OPHN1
GSE4748_CTRL_VS_LPS_AND_CYANOBACTERIUM_LPSLIKE_STIM_DC_3H_DN	0.582460341215205	0.973482668184853	-0.268546805390445	-0.95214109626685	3891	186	FSTL3|PLAT|PDE2A|DGAT2|SMPD1|NUP210|TMEM134|LPCAT3|TNFRSF21|PDCD1|APLP2|SERPINH1|IRS1|SERPINE1|COL6A3|CYP2F1|TSPAN9|AKR1B1|SCARB1|GPR146|RAMP1|DGAT1|ABHD12|PLK3|BOP1|CERS4|PGP|UCP2|GALE|PCSK7|FHDC1|MCRIP2|FGF2|ACADVL|MGAT4B|ATP6V0A1|IL17RC|S100A16|SPRYD3|ECH1|PTGR2|METRNL|C9orf72|VEGFA|HOXB3|PNPLA2|ACBD3|ZC3HC1|SLC4A7|TCF7L2|ACSS2|HDAC6|CITED1|SLC41A3|LPL|SNAI1|RNF19B|LAS1L|TUBB4B|FADS3|GSN|NFE2L3|MRPL10|FOXK1|KRT18
REACTOME_ASSEMBLY_OF_ACTIVE_LPL_AND_LIPC_LIPASE_COMPLEXES	0.582194799471133	0.973482668184853	0.384321220319617	0.90728665126986	2641	15	ANGPTL4|MBTPS2|LIPC|CREB3L3
WP_CANNABINOID_RECEPTOR_SIGNALING	0.582307341541268	0.973482668184853	0.348452467019091	0.914494090845578	2553	23	NAPEPLD|CNR1|PRKAR1A|MAPK8|MAPK1
GSE22886_IGG_IGA_MEMORY_BCELL_VS_BLOOD_PLASMA_CELL_DN	0.582910068718255	0.973504543455786	0.25256364935766	0.961376148877294	1950	191	AGA|H2BC6|PDK1|SLC33A1|EMC9|LGALS3|ITFG1|TM9SF1|VPS54|RARS1|BPNT2|FNDC3B|PPIP5K2|ETNK1|HIBCH|ANKHD1|ADIPOR1|NCAPG|PGRMC2|TRIB1|ODR4|IBTK|UFL1|MRPS22|RCBTB2|TAPBPL|MAGT1|PIGK|ABHD14A|EDC4|TMF1|FUT8|HERPUD1|CCNH|RBPJ|WIPI1|CASP3|SEMA4A|TSG101|SEC24A|DNM1L|GOLPH3L|SPTSSA|GOLT1B|BIRC2|RBM47|PUDP|CCR10|API5|GLT8D1|XPNPEP1|TFG|CDC73|MTX2|TBL2|CLASP2|BLMH|ATP6V1C1|C1GALT1C1|IFT20|BAK1|INPP1|GOT1|SPTLC1
GSE2770_UNTREATED_VS_TGFB_AND_IL12_TREATED_ACT_CD4_TCELL_48H_UP	0.582805429864254	0.973504543455786	0.254943998745216	0.958996502029865	1931	178	ASAH2|ZNF14|AKAP5|FAM135A|AGA|C9orf43|PGAP4|POU6F1|ETFRF1|FOXN3|TMEM86B|FBXL8|LYPLA1|LZTFL1|ARF4|SLC30A6|MPHOSPH9|AP5M1|ISOC1|HECA|AKAP4|CD274|ZNF536|RPS6KA2|POF1B|MRPL15|NCKAP1|SLC25A36|PCMTD1|DPH6|PCCA|ERO1A|ASAP3|TGFBR1|ANKRD46|FAM91A1|CHD9|DARS2|PIK3CG|CWC15|TPST1|SMPDL3A
REACTOME_IKK_COMPLEX_RECRUITMENT_MEDIATED_BY_RIP1	0.582583663188197	0.973504543455786	-0.366023971831296	-0.912713801042164	3237	22	CD14|UBA52|UBB|IKBKG
RIZKI_TUMOR_INVASIVENESS_3D_DN	0.582958339381623	0.973504543455786	-0.263249826771667	-0.956928598912212	4015	238	TPM2|LAG3|HSPA6|TYROBP|CFAP45|ENKD1|POLR2L|IRX5|IFI30|CCPG1|TMED9|UBA7|LAMA5|SLC12A4|GRM3|LAGE3|PRKCSH|P2RX5|CHD4|HMGCL|KSR1|TRPM1|FOLR2|ADAP1|P2RX6|AMPD2|ESRRB|DCT|SLC16A3|INPPL1|DUSP4|CTSD|TONSL|PRSS21|SP110|STXBP2|HPCAL1|DPF1|SGK1|NBL1|MOCS3|KIFC1|MED12|RAP1GAP|FASN|OAS3|TK1|HSPA1A|RPP38|IFNGR1|TENT4A|NEU1|CDC42|PRMT1|NUMA1|CD81|POLA2|OXA1L|SRRT|QARS1|BCL7A|TIMM17B|TYK2
WP_13Q1212_COPY_NUMBER_VARIATION	0.582952548330404	0.973504543455786	-0.347776595045185	-0.924897789316111	3316	29	ATXN1|MAG|RTN4R|SGCG|TRAF2|CDC42|TRAF3|TRAF5|LINGO1|DAG1
BILBAN_B_CLL_LPL_DN	0.583391123439667	0.97406521907641	-0.32884562476158	-0.91907982091989	3364	37	MARCKS|HOMER3|MNDA|IER3|FYN|FOS|SULT1A2|SUGP2|JUNB|ZBTB20
GSE36476_CTRL_VS_TSST_ACT_16H_MEMORY_CD4_TCELL_OLD_UP	0.583710407239819	0.9744362328078	-0.270064595923483	-0.950795318079472	3869	175	ZNF711|DPEP2|ZNF331|TSC22D3|RAP1GAP2|IL11RA|MGAT4A|ELAPOR1|PBXIP1|GABPB1-IT1|CLDN6|DGKD|DYRK2|SUN2|CD48|TCL6|FOS|PIK3IP1|SEMA3G|IRS2|C11orf21|MMP15|BIN1|ACACB|SLC2A3|MSRA|ITGB1|PARP3|PPOX|H2AC25|GNB5|RGL2|SIGIRR|AKAP7|CD3D|NNMT|CKLF|ZNF226|IQSEC1|KCNH2|MOAP1|SPTBN1|FAM8A1|JUN|GSTK1|PLCD1|JOSD1
FERRANDO_T_ALL_WITH_MLL_ENL_FUSION_UP	0.584495621148232	0.974450597091174	-0.293446339059898	-0.935637265809408	3603	79	TPM2|LPCAT3|HYOU1|IFITM2|AEBP1|IL2RG|NFIL3|G6PD|MAD1L1|DMPK|BIN1|ID3|GPSM3|PLEC|TSC22D1|MBOAT7|FKBP2|SSR4|SREBF2|CTSH|SPTBN1|FLNA|MRPS12|SERINC3|HLA-E|RELA
GSE17721_POLYIC_VS_PAM3CSK4_16H_BMDC_UP	0.583961410913476	0.974450597091174	0.253179227181646	0.960514108667712	1936	188	FBN1|CCNG2|IL12RB2|ALDH1L1|MANSC1|KAT2B|RYR1|SRC|CMTM6|PDCD10|EEPD1|GCNT2|OCIAD1|RTN4|PLEKHF2|STARD3NL|ATL3|RRAS2|PLGRKT|INPP5K|GTF2A1|IFFO2|CORT|CD274|RAP1B|CHTF8|SOCS2|IL10RA|AGGF1|ADNP|TRDMT1|PUM2|MAML2|SMPDL3A|EFR3A|PIAS1|TLE2|FYCO1|RBM22|AVL9|NSMCE3|TIPARP|TAX1BP1|TFG|AEBP2|TMA16|TMCO3|ETV6|ALDH18A1|ASH1L|LAPTM4A|CDS2|RNF130|BUB1B|TBC1D15|CWF19L1|MORC3|MOCOS|PRKX|TFIP11|CD68|HMGB2|SPPL2A|TANGO2|SMC5
GSE21927_C26GM_VS_4T1_TUMOR_MONOCYTE_BALBC_UP	0.584417526544041	0.974450597091174	-0.26945511096439	-0.952081180009508	3907	178	BEX5|MGAT4A|IFI30|ARSA|CDNF|RETSAT|MCF2L2|RTKN|PPP1R14A|TIGD3|INCENP|N4BP3|RNASEH2C|CYTOR|IFITM2|NICOL1|LOXL1-AS1|TMEM163|PHB1|MDFIC|SYCE1|NOTCH3|FAS|ID3|POLR2E|DVL1|MSRA|MLEC|NOL4L|FERMT3|TSPOAP1|SLC35D2|CD2BP2|HELLS|HES6|BID|FLOT1|GRIN2D|RUSC1|RAB2A
GSE22886_NAIVE_CD4_TCELL_VS_NEUTROPHIL_DN	0.584323406881654	0.974450597091174	-0.273960855896642	-0.95027638196552	3786	155	EFNB1|HSPA6|S100A2|S100P|RAPGEF5|CXCL1|TLR6|RTN2|SMIM27|SERHL2|GCA|GALNT14|SLC39A2|MNDA|TGFB3|IER3|ST8SIA5|GAL|H2BC5|SLC7A11|SDF2|CEBPB|SMCO4|ASRGL1|SASH1|BID|HSPA1A|CKLF
HILLION_HMGA1B_TARGETS	0.584186200066028	0.974450597091174	-0.297056576695333	-0.934575844915372	3538	73	CRIP2|COX5B|UNC5B|CSF2|GPC1|PCOLCE|TNFRSF1A|MIF|ID3|PSMB6|NOS3|PDGFA|RPL10|ID1|ACADVL|ID2|TK1|PSMB4|RPS11|RPS12
PID_NFAT_TFPATHWAY	0.584409485794788	0.974450597091174	0.317901438715014	0.920803516612541	2488	35	CXCL8|EGR3|BATF3|EGR1|EGR2|NFATC2|CASP3
WATANABE_ULCERATIVE_COLITIS_WITH_CANCER_UP	0.584178052005289	0.974450597091174	0.38363291859279	0.905661742376522	2650	15	FBN1|HS2ST1|LRP6|ICA1
WP_CHOLESTEROL_METABOLISM	0.584271550999832	0.974450597091174	-0.304322946943771	-0.932686936670016	3476	63	APOA1|LCAT|APOE|APOC1|OSBPL5|STARD3|LRPAP1|SCARB1|NSDHL|LSS|TSPO|HSD17B7|DGAT1|DHCR7|MVD|PCSK9|MGAT1|EBP|MYLIP|DHCR24|LDLRAP1|NPC1|LPL|TM7SF2
GSE22140_GERMFREE_VS_SPF_MOUSE_CD4_TCELL_UP	0.584792695704236	0.974783972015795	-0.267871017200188	-0.949088584627685	3906	183	CRLF1|IRF7|SMPD1|CIITA|APOL1|TAP1|P2RX4|IFITM1|TBKBP1|ARID5A|IFI35|IFI16|COX6B1|IFIT2|ICAM1|TNFRSF1A|BCL3|MX1|SH2B2|GBP2|TRIM26|DDX23|SP100|ISG15|TAP2|NAA80|SP110|JUNB|POLG|XPO6|SASH1|LAMP1|FLOT1|IRF9|PCK2|DUSP5|SOCS3|CTSZ|SAFB|NECTIN2|TNFAIP2|IRF1|CDKN1A|RBCK1|EDEM1|CASP10|WDR7|PSMB3|RAB27A|PASK|FURIN|LIMK2|UBE2S|NPC1|EIF4A3|RNF19B|TOP6BL|PCYT1A|PDE4DIP
GSE12707_AT16L1_HYPOMORPH_VS_WT_THYMUS_UP	0.58600269179004	0.97557581810771	0.269684026826518	0.942040027390943	2176	102	ASAH2|DCLRE1A|RGS9|USP6NL|POLA1|FAM124B|TCEAL8|RAP2A|COPS3|BRIX1|PLPP3|CFI|TMPRSS13|EDA|BTBD10|FTO|DNAJB11|SEPTIN2|HMGN3|ZMPSTE24|KIF14|TMX1|CEP57|HMGB1|ATP6V1A|CHORDC1|PEX2|NUP155|BCCIP|RNASEH2B|SARNP|GALNT6|DEPDC1|CSE1L|KCNQ5|STOM
GSE17721_LPS_VS_PAM3CSK4_6H_BMDC_DN	0.586822752513883	0.97557581810771	-0.267122841008287	-0.948924917755301	3909	190	TYROBP|CD14|ADGRD1|PLA2G6|ARSA|CTU1|HELB|ADGRE5|RNASEH2C|FLAD1|LMAN2|NOP2|STAB1|MICOS13|KCNAB2|SLC25A19|SEC61B|MRPS14|CALR|CTSA|DDX39A|POLR2E|ASNS|MBD3|NECAP2|TRAPPC1|WDR13|TMEM199|GRK6|PPP2R3C|GALE|MPV17|SOX18|FAM118A|MRPL57|CRELD1|NCAPH2|ACADVL|POLR2A|TUBA1B|TMEM214|RPS11|SMARCD2|UQCRHL|PTPN23|PRRG2
GSE22886_NAIVE_BCELL_VS_BLOOD_PLASMA_CELL_DN	0.586806596701649	0.97557581810771	0.252729773710255	0.960272034181915	1956	189	LPXN|PDK1|EMC9|MBNL2|ITFG1|TMEM135|LAMP2|COPS8|TOP2A|RARS1|KLF10|KIF11|FNDC3B|ETNK1|HIBCH|SMC2|PLAA|NCAPG|PGRMC2|MRPL39|NDC80|NUP37|TRIB1|MAD2L1|EIF2B2|EHD3|PIGK|CENPU|FUT8|TYMS|PAPSS1|MTRR|WIPI1|CASP3|SEMA4A|RRM1|DNM1L|ACAT1|PIK3CG|BAG2|GOLPH3L|SPTSSA|GOLT1B|CCR10|GGH|NCBP1|GLT8D1|GARS1|TFG|SHCBP1|CISD1|TBL2|ZBTB38|ACOT13|NDC1|CCNB2|CDS2|LMAN1|SLC35B1|SLC25A4|UFSP2|NEK4|AQP3|FEN1|KDELR2|HCCS|ABCB9
GSE360_DC_VS_MAC_L_DONOVANI_DN	0.58644578313253	0.97557581810771	0.253423424996367	0.960136314983025	1946	186	SLC35A3|AIF1|AGA|CCL2|WDFY3|PDE3B|GGPS1|KLF10|LDHA|STT3A|SH3BGRL|DMXL2|RDX|PPP1R12A|PGRMC2|COIL|PLXND1|VAV1|RCBTB2|SPINK4|IFIT1|NREP|GPNMB|RPS6KA2|TDRD3|HERPUD1|PIK3C3|ARPC3|RDH11|CUL2|MTMR4|KDM3A|PRDX6|MGA|RPL6|ZC3H11A|TPP1|SUPT4H1|P4HA1|CETN2|USP12|ZWINT|MRS2|NSMAF|MBD4|ACAT2|CUL5|NUMB|ATF3|TRIM33|FUBP1|PHF8|EIF3H|RPS6|MSMO1|RPL22|ZC3HAV1|USP15|SUMO2|MPP1|STK38|AZIN1|RPS6KA3|KDELR2|EEF1B2|NAP1L1
GSE43863_NAIVE_VS_MEMORY_TH1_CD4_TCELL_D150_LCMV_DN	0.586340921710161	0.97557581810771	0.262266331908764	0.948376368911376	2111	129	SENP8|ARRDC3-AS1|CAMKMT|WEE2-AS1|TRMT2B|FAM133A|TBC1D32|ZNF30|ENTPD7|KIF20B|PALS2|ZNF813|LINC00630|SNX24|SCARF2|NKAIN1|UPK1B|PIN1P1|CPSF2|MYB|CACUL1|LMBRD2|ZNF669|ENSG00000291006
GSE43955_1H_VS_20H_ACT_CD4_TCELL_WITH_TGFB_IL6_UP	0.586614762689025	0.97557581810771	-0.267764249504563	-0.948854130686481	3917	184	FES|CCDC12|FZD7|DBNDD2|DHRS1|HBB|NDUFA3|COMMD4|DDX41|STK11IP|SLC7A7|S100A5|CLCN7|PUS1|LMAN2|NLRX1|KCNAB2|G6PD|MAP4K1|YJU2B|RPS18|GUK1|STXBP2|KCTD10|ABCD1|TPGS1|PRTN3|ARHGEF1|MRPS5|VAC14|HES6|BID|HSPA1A|HAUS4|GAS6|MRPL4|ATP6V0B|CPT1A|IER2|NMU|MRPL46|BCKDK|RAD23A|C1orf174|ARL6IP4|PLEKHO1|POLR2I|CLASRP|TUFT1|SYT5|SMAD3|CTPS2
GSE6269_E_COLI_VS_STREP_PNEUMO_INF_PBMC_UP	0.58560794044665	0.97557581810771	-0.275616236618189	-0.946624254652117	3775	141	HPX|CCDC170|CYLD|MTG1|KRT12|PLSCR3|DNPH1|ING4|ELL3|KLF12|DCAF11|SRR|TMCO6|ESR1|INHBE|SGCG|ID3|LRRC20|GAL3ST4|HPGD|LPIN2|AKAP7|OGFOD3|RPS12|ADGRL1|RBM26|CDKN1C|CCDC28B|F12|SERPINF1|JUN|SUGP1|SEPTIN9|URB2|EIF4A1|SLC4A7|OBSCN|YARS1|CLN8|URB1|POLR2G|MAPKBP1
HOFFMANN_SMALL_PRE_BII_TO_IMMATURE_B_LYMPHOCYTE_UP	0.58668469077391	0.97557581810771	-0.309719990302194	-0.929556371986805	3471	55	FES|SEMA4D|IFI30|MAPK8IP3|IL4I1|ICAM1|SLC2A3|SDC4|TRAPPC5|PRTN3|MYBBP1A
HONMA_DOCETAXEL_RESISTANCE	0.586424072778167	0.97557581810771	0.320751774968269	0.92212204741889	2513	34	ZKSCAN8|HACD2|MRPS6|SLC25A3|UFM1|SQOR|FXR1|IFI6|S100A10|CTNNB1
KAMIKUBO_MYELOID_CEBPA_NETWORK	0.585797768726758	0.97557581810771	-0.358553675393652	-0.914455829152537	3307	24	DGAT2|LBP|SPINT2|PRTN3
LIANG_HEMATOPOIESIS_STEM_CELL_NUMBER_LARGE_VS_TINY_DN	0.585830590680755	0.97557581810771	-0.326299121949679	-0.92042378699203	3381	39	C1QTNF12|APLP2|IFI16|SLC19A1|HCFC1|BCAT2|GFI1B|LPIN2|PPOX|TAF1D|POLRMT|DESI1
LINDSTEDT_DENDRITIC_CELL_MATURATION_A	0.58647506339814	0.97557581810771	-0.310473202457553	-0.929303222394961	3468	54	PLAT|CXCL1|P2RX4|SLC3A2|CD48|CSF2|ICAM1|ENTPD1|IL1B|ISG15|SLC7A11
MARKEY_RB1_ACUTE_LOF_DN	0.586248859142075	0.97557581810771	0.251342818619653	0.961081286387647	1926	199	PTPN6|FCGR2B|IFIH1|LST1|PDK1|CCL5|HLA-B|CCL4|HIPK3|BNIP3L|GGPS1|GCNT2|SGPL1|PNPT1|PROCR|MXI1|MKRN1|RAB3D|SH3BGRL2|CMPK2|AP3S1|IFIT3|VAV1|C2|CPXM1|TGFBI|SGCB|IGFBP5|LAT2|ACSL4|SKAP2|ERO1A|NSUN4|LCP1|CRABP2|B3GNT2|NAMPT|CACUL1|CYP4V2|GABPA|SEMA7A|SMPDL3A
PID_INTEGRIN_A9B1_PATHWAY	0.586435218324982	0.97557581810771	-0.367598561663486	-0.90925391490903	3276	21	BCAR1|CSF2|KCNJ15|ADAM15|ITGB1|PXN|VEGFA|ADAM8|FN1
PID_THROMBIN_PAR1_PATHWAY	0.586239620403322	0.97557581810771	0.309278223235355	0.922877397791973	2470	40	GNA13|GNAI3|GNAQ|PIK3CA|ROCK2|RHOA|ROCK1|SNX2
VALK_AML_CLUSTER_4	0.585421814331098	0.97557581810771	-0.350080686857204	-0.916843361344442	3316	27	ITGA4|TRDC|CFD|P2RX5
GSE34392_ST2_KO_VS_WT_DAY8_LCMV_EFFECTOR_CD8_TCELL_UP	0.587169587169587	0.975990779269468	0.250989549758465	0.960068932545646	1976	195	DPYSL2|GPR160|LPXN|ZNF362|TBC1D10C|PAOX|MS4A6A|WDSUB1|MBLAC2|NCOA3|SOCS6|CNOT8|STARD9|ANGPTL4|TP53INP1|PPT1|PRPS2|ZNF8|RALGAPB|C5orf34|DUSP22|ITSN1|PIKFYVE|DNA2|ADD3|SAAL1|TCF12|SH2D1B|INTS6L|P2RX7|RCBTB2|IL6R|OTULINL|BMF|NATD1|VDAC1|DOCK11|FRG1|SMC6|EIF4G3|DEPDC5|RFC1|KLHL6
GSE15750_WT_VS_TRAF6KO_DAY10_EFF_CD8_TCELL_DN	0.587501947950756	0.97624067541145	-0.27716212520677	-0.946237325942731	3769	134	MAPK8IP2|VANGL2|HLX|IFT122|ZNF169|FAM178B|ASPHD2|MYO16|ACAP1|RTN4R|FLT1|MST1R|DUSP8|DOCK6|VWA1|C15orf62|IRS2|BAHCC1|SEMA4F|AKR1C2|CREB3L1|PRPF40B|DMBX1|NAT14|DDAH2|PLEKHH3|WNK4|CLCF1|TMEM102
GSE32533_MIR17_KO_VS_MIR17_OVEREXPRESS_ACT_CD4_TCELL_UP	0.587611691655308	0.97624067541145	-0.270306350617863	-0.949553554158476	3879	172	CATSPERZ|FES|POU2F2|HPX|CYFIP2|TSSK3|CASTOR1|RENBP|TRAIP|PLA2G15|DENND1C|TPD52|HFE|AHCYL2|OCEL1|PSMG4|CA12|SIRT7|C19orf38|SEZ6L2|AKR1B1|DDX39A|UNC13D|DIRAS1|DIAPH1|SPN|PISD|TNFRSF1B|EPOP|INPP5D|RNF149|SMIM14|XYLT2|EMC1|INTS5|MED11
SERVITJA_ISLET_HNF1A_TARGETS_UP	0.587515683814304	0.97624067541145	-0.279790046876492	-0.945291685049184	3745	122	PLCB4|COL18A1|RAB38|IFITM1|APOE|ITGA7|SERPINH1|IFI16|AEBP1|IFIT2|UCHL1|NSG2|COL6A1|TGFB3|CYBA|PCOLCE|HPS1|MCAM|IFITM3|SEMA4F|NOL3|TSPOAP1|PARP3|BLVRB
LINDGREN_BLADDER_CANCER_CLUSTER_3_DN	0.587913711583924	0.976419231780184	-0.264776992118601	-0.950881699063468	3978	208	IGF1R|NEIL1|NDST2|AKAP13|SEC31B|AARSD1|EXT1|ATXN1|RPS28|LCAT|PYROXD2|DGLUCY|SH3PXD2A|UNC5B|LDOC1|SMAD6|IFI16|ZNF516|CCND1|LAMB3|ZFAS1|SEMA6A|FRMD6|EPHB6|NLRP1|LZTS2|FHIP2B|MXD4|TRIP6|SNU13|ICAM2|GMFG|GUK1|DGKA|FGFR3|GPSM3|TMEM120A|ARHGAP1|MADD|RPS23|EXTL3|RGS12|PLEKHH3|TK2|WNT5B|RPS12|MAN2C1|METTL17|CD81|ABCD4|EML2|MICAL1|OXA1L|SEMA4B|PXN|ASB1|CTSH|CLK3|CHCHD5|EPB41L2|ERAP1|AP1G2|SEPTIN9|RNF31
REACTOME_OPIOID_SIGNALLING	0.587851929092805	0.976419231780184	0.280072177951266	0.938687126597451	2254	79	CAMK2B|GNG12|GNAI3|GNB4|GNAQ|PRKAR1A|KPNA2|PPP3CB|MAPK1|PLA2G4A|PDE4D|GNAL|GNG10|PPP3R1|CREB1|PPP2CA|PLCB1|PPP2R1B
GSE40273_XBP1_KO_VS_WT_TREG_DN	0.588235294117647	0.976468642691077	0.254620330015507	0.959000325390146	1959	179	PITPNC1|MYO1F|GPR137B|CD44|PLEKHM3|ZNF362|SLC29A4|STT3B|REV3L|CD80|ST8SIA6|FMNL3|TJP2|CWC22|LMO7|DRAM2|ARHGAP8|LIPC|S1PR3|IL6R|SYNE1|SYT11|KCTD14|PLXNC1|EHD3|MICALL1|TENT5A|TMEM38B|STAU2|NFATC2|GRK5|B4GALT5|ZDHHC2|ARHGEF12|BMPR1A|CLIC4|RABGAP1L|ZMAT3|BAG2|HMGN3|SEMA7A|ZNF217|TMED8|PLCD3|PLBD1|ZFYVE1|WEE1|IDE|LIX1L|OSBPL3|HELZ|MYCBP2|HELZ2|REEP3|CDCA2|ANKRD33B
GSE411_UNSTIM_VS_400MIN_IL6_STIM_SOCS3_KO_MACROPHAGE_UP	0.588235294117647	0.976468642691077	-0.267630671289365	-0.948237019711452	3929	183	TEP1|IAH1|VWA7|PDLIM2|ACAP1|C2orf42|RGS3|TEF|ECI1|ING4|ZC3H6|ELL3|TMCC3|NSG2|SLC2A9|RRBP1|NUDT16|IFI27L2|RELT|DOCK6|GNMT|AKNA|SLC12A7|SDHAF4|FILIP1L|RPS18|CHD1L|SHISA5|CRYZL1|CLSTN1|ZNF263|CNPY3|ZNF784|TRIM39|ZNF354B|TAPBP|ARFRP1|TMED4|EXTL3|MCOLN1|RCN1|AKAP7|SIRT4|BORCS7|STARD10|TRIM56|LPCAT1|TPRA1|MICAL1|DDX59
ZHANG_RESPONSE_TO_CANTHARIDIN_UP	0.588144557073601	0.976468642691077	0.38254371355892	0.903090400656424	2668	15	TRIM13|LITAF|NFE2L2|NAMPT|PPP1R16B
NADLER_HYPERGLYCEMIA_AT_OBESITY	0.588355117976574	0.976506063863898	-0.312242511170582	-0.925502584686702	3465	51	FOXD1|RENBP|SERPINH1|HPS1|FYN|SERPINE1|ACYP2|SNRPB|SORBS3
HALLMARK_OXIDATIVE_PHOSPHORYLATION	0.588568026198273	0.976697941309021	-0.266503552371189	-0.951346821940982	3953	198	POLR2F|RETSAT|COX8A|UQCR11|COX6A1|TIMM8B|NDUFB2|NDUFB8|NDUFA3|NDUFA2|UQCR10|COX5B|ETFB|TCIRG1|ATP5ME|COX17|ECI1|POR|COX6B1|HSD17B10|NDUFS7|NDUFS8|RHOT2|ATP6V1F|PMPCA|NDUFA6|NDUFB7|UQCRQ|NDUFA1|ATP5PF|NDUFB1|TIMM10|PDP1|ACAA1|NDUFC2|NDUFC1|MRPS11|SDHA|ACADVL|ATP5F1D|NDUFA7|ATP5MG|ECH1|OXA1L|NDUFB6|ALDH6A1|ATP6V0B|CPT1A|ACADSB|CYC1|ATP5MC1|SURF1|MRPS12|CYB5R3|FXN|NDUFA8|ATP6V1H|TIMM50|IDH3G|COX7A2|NDUFAB1|COX4I1|AIFM1|NDUFB4|UQCRH|COX6C|SDHB|ATP5MC3|COX7C
GSE360_T_GONDII_VS_M_TUBERCULOSIS_MAC_DN	0.588804220398593	0.976766941722208	0.255323069257211	0.956071754631703	2008	170	ST8SIA4|AIF1|ZNF185|ZNF268|CCL5|PPP1R3D|STEAP1|SLC22A4|CCL4|SLC25A44|DSCR4|CYP27B1|NBR1|ZNF92|IBTK|NUP133|TLN2|SPINK4|ZFP37|MCC|SDS|INPP4B|RHOA|TRIAP1|ATP5F1B|ACSL1|GTF2E1|TSNAX|ZNF507|ERC1|CCSER2|IREB2|CAPN7
REACTOME_WNT_LIGAND_BIOGENESIS_AND_TRAFFICKING	0.588744588744589	0.976766941722208	-0.380315281560208	-0.909110799989639	3263	18	WNT11|WNT3
GSE16385_ROSIGLITAZONE_IL4_VS_ROSIGLITAZONE_ALONE_STIM_MACROPHAGE_UP	0.589145024803035	0.976847994544576	0.256425398464641	0.955625689521708	2018	164	TTC39B|PTGDR2|PRNP|PRKCH|RGS2|EPS8L3|ASB9|GLI1|BACE2|KLHL24|USP2|RBMXL1|DCLRE1C|SKIL|ABLIM3|REEP2|MTSS1|WWTR1|ZFP37|S1PR1|KCTD14|EDA|TEKT3|TGFBR1|MTHFSD|CARD6|MED7|ENDOD1|FAM241B|KLHL6|VDR|TNKS|ZKSCAN5|PCSK6
GSE17721_CTRL_VS_PAM3CSK4_4H_BMDC_UP	0.589086523967441	0.976847994544576	0.252794808935372	0.959055698539496	1953	188	DOP1B|GLMN|CCNG1|CAPZA1|RASSF3|CMTM6|CORO1A|ANLN|MRPS24|ZNF277|XPR1|LGALS8|KHK|NHEJ1|OPA1|TMEM30A|EPB41L5|CNOT6|HOMER1|IL6R|SLC40A1|ERCC8|RAP1A|RPE|MRPS35|TSNAX|STK24|CACYBP|BUB1|RPS3A|ADNP|VRK1|RPRD1A|NEK1|CNOT6L|RPL6|STMN1|CLNS1A|RACGAP1|SMPDL3A|MIX23|ITM2B|NUP88|C6orf62|PCNA|MFSD6|HPF1|SEPTIN8|RDH14|FAF1|CISD1|PEPD|LAPTM4A|RBBP7|LYSMD2|CCDC28A|HSBP1|CORO2A|FAM149B1|FKBP11|MBD2|POLR2B|DAB2|PYGB|TFEB|NCAPH|DEPDC7|TANGO2|SMARCAL1|MFAP1
GSE22229_RENAL_TRANSPLANT_VS_HEALTHY_PBMC_DN	0.589053387169134	0.976847994544576	-0.267657070111764	-0.949109728084125	3938	185	NFKBIZ|LAT|PAK1|FZD7|RAB38|PDLIM2|ATAT1|APOE|MFSD13A|GIGYF1|ZNF551|HS6ST1|CHD6|TRIB3|LTBP3|SMARCC2|BAHCC1|SLC12A7|ZNF329|TRIP6|LARGE2|RPS18|RAI1|SHISA5|SIX5|F2R|CERS4|PHC1|PISD|SLC35D2|GNS|NSMF|AAMDC|CTTN|SIGIRR|TFR2|C12orf75|KAZN|GIT2|ADGRL1|CCDC112|HOXB4|NBDY|CD81|ELL|SIK3|UPP1|DEXI|BCORL1|CAVIN1|GRAMD1A|PTTG1IP
EPPERT_LSC_R	0.589370829361297	0.976899667293378	0.308135228177499	0.924027158973706	2472	41	CLN5|NAB1|ARPP19|ATP1B1|PLCH1|ARL3|PPIG|ZNF304|NF1|RABGAP1|ARFGEF1
WP_WNT_SIGNALING_IN_KIDNEY_DISEASE	0.589279437609842	0.976899667293378	-0.346399568273216	-0.92123564230746	3352	29	WNT11|FZD9|FZD7|WNT3|FZD3|DVL1
HERNANDEZ_ABERRANT_MITOSIS_BY_DOCETACEL_4NM_UP	0.58966897053474	0.97723247915267	-0.390884260602428	-0.907053519786784	3241	16	TIMP3|RASGRP1|SGK1|MAGEA12|CDKN1A|PRAME
REACTOME_DOWNSTREAM_SIGNAL_TRANSDUCTION	0.589981447124304	0.97758893467048	0.328744386312657	0.914478715804722	2543	29	SRC|PDGFB|PIK3CA|NRAS|NCK1|STAT1|CRK|SOS1|PIK3CB|CRKL|PTPN11
GSE23925_DARK_ZONE_VS_NAIVE_BCELL_DN	0.590146750524109	0.977605588818764	-0.267394162071739	-0.946836364614205	3940	182	NFKBIZ|RINL|MAPK8IP2|SEMA4D|ITPKC|MAG|SLC39A3|PWWP2B|ARID5A|NOL12|TNFRSF21|SLC3A2|LONP1|LENG9|FOS|SCAND1|OCEL1|NCAN|ID3|UNC13D|ORAI1|MAP3K11|NFKBID|PLK3|JUNB|RILPL2|MAPK8IP1|NR4A1|PER1|MOCS3|NCKAP5L|TGIF2|HCN3|SPATA2|PTPN23|DUSP5|SH2D2A|CCHCR1|PPME1|SENP3|ZBTB48|IER2|NMU|SRF|TMA7|F12|VAMP2
GSE27786_CD4_TCELL_VS_NEUTROPHIL_DN	0.590186278964107	0.977605588818764	-0.270847597895975	-0.948487741266214	3896	166	COX8A|PBXIP1|AMDHD2|VILL|NBEAL2|SIGLEC10|SLC2A12|GPC1|PCOLCE|ACVR1B|TNFRSF1A|ACSL6|FBXL19|GAS2L1|RBM38|CDKL4|FZD3|IRS2|SLC12A6|SMARCC2|CREB3L1|HSD17B7|RALBP1|NDUFA1|DHRS3|CDK2AP2|STK11|KCTD10|ARID3B|CRYZL1|MAP3K3|GRIPAP1|ELOVL1|PPOX|PPP1R18|UGDH|SMIM14|PGGHG|MFSD9|SLC35C2|IQSEC1|PLEKHH1|PPP1R37|NINJ1|CCNF|HIP1|ARMC7|STARD5|HIPK2
GSE17974_0.5H_VS_72H_UNTREATED_IN_VITRO_CD4_TCELL_DN	0.59053931907201	0.977816053701845	0.251116450828358	0.959698722197066	1959	196	KDM7A-DT|CCNE2|STAP2|CAPZA1|CKS2|VBP1|HNRNPLL|PEX3|PPP1CC|CCNA2|KHK|INVS|LRPPRC|STARD3NL|NUP37|APOL2|CPSF3|MAP3K21|GPR157|SDHD|ATP5F1B|JAK2|LIN9|WIPI1|RFC5|TMEM237|DNAAF10|LRP11|CEP78|C8orf88|RBBP8|CENPI|TMEM126B|CHMP5|IPO5|SEC23IP|ING2|LEPR|PIGX|ARL6IP6|ALG10|BUB3|FAF1|CISD1|MTX2|GLRX3|BCAT1|KIF2A|SORD|SLC35A5|GLO1
GSE9650_NAIVE_VS_MEMORY_CD8_TCELL_DN	0.590567738059477	0.977816053701845	0.254364873736305	0.958856380941147	1965	180	FOSB|MYO1F|ITGB7|CD44|FCGR2B|MX2|CCL5|CNR1|CCL4|POU6F1|FGF13|CLDND1|MNS1|IL18R1|RNF138|KLF10|YES1|TMEM37|CHPT1|CAPN2|DAPK2|TOB1|KCNJ8|RBMX
KANG_GLIS3_TARGETS	0.590605572185126	0.977816053701845	0.3395140969642	0.917493242799176	2564	26	RIMS3|FRZB|PPY|SRP9|VDR|PAX6
FULLER_PBMC_F_TULARENSIS_VACCINE_LVS_AGE_22_54YO_48HR_UP	0.590930562116202	0.978192774162671	0.313630789029125	0.920340431357196	2501	37	DCP1B|CD44|FCGR2B|CD80
HARALAMBIEVA_PBMC_M_M_R_II_AGE_13_16YO_STIMULATED_VS_UNSTIMULATED_3_TO_7YR_POST_TOP_DEG_UP	0.59106688266605	0.97825710934902	0.332011788379502	0.914839033824068	2553	28	GNG12|DLC1|B3GNT5|PROCR|S1PR3|SGMS2|ARRDC4|SPRED1|SLC39A8
GSE2197_CPG_DNA_VS_UNTREATED_IN_DC_UP	0.591236494597839	0.978376513810272	0.254388529960805	0.958127275198625	1969	179	STAP1|CD69|MORC1|IFIH1|ARHGAP28|CAPZA2|RARS1|ADPRH|GGPS1|PPP1CB|TAB2|RAB22A|UTP18|SMNDC1|GTF2A1|TMEM140|IFITM10|ARMH4|ELL2|APPBP2|SLC20A1|SAMSN1|HBEGF|PELI1|COPS5|PRELID3B|EIF2S1|PTPN12|RIOX2|AZI2|PSMA2|CAV2|FAM20B|HSD17B12|USP12|PSMD14|UBE2A|SAV1|IDI1|HSPA5|TSPAN3|STAT1|MAFF|PRDX5|AFP|NUP58|SFPQ|ZC3HAV1|PSMA3|RAB20|KPNA4|PPP1R15B|ACOT9|RHOC|GDF11|VASP|POLR2C
GSE37301_MULTIPOTENT_PROGENITOR_VS_COMMON_LYMPHOID_PROGENITOR_DN	0.591553544494721	0.978571170495129	0.253232354257865	0.958497403184357	1960	185	FBN1|TBX3|CCN1|C5orf15|POU6F1|HSDL2|SCOC|RND2|CPEB2|RAMAC|DOCK7|PIK3CA|LDHA|TAB2|KIF3C|CRLF3|TNFAIP8|GRPEL2|WBP4|MFSD4A|SPP1|FCGRT|DLAT|ASB3|DYRK1A|VDAC1|TYMS|PIK3C3|DCTN6|ZW10|PPIG|RRM2|TSNAX|RAB28|EPCAM|PSTK|VRK1|CDK2|TRAFD1|SFMBT2|TMEM68|CLNS1A|LSM3|GTF2B|GNL2|ASAH1|LMNB1|UBE2A|EXT2|RFC3|GHITM|USF1|EXOC4|ASAP1|RAP1GDS1|DPH5|ARMC10|SMN1|ACOT9|NELFCD|CEP350|FMNL1|INTS9|GSTO1|TPST2|UBE2L6|TUBB6|SNIP1|ARL2BP
KOBAYASHI_EGFR_SIGNALING_24HR_UP	0.591646586345382	0.978571170495129	-0.29012551508953	-0.934531687762139	3682	85	TSC22D3|S100P|IRF7|EPB41L1|PBXIP1|GRN|BCAM|PIK3IP1|RAB15|MUC1|BCL6|ID3|H2BC5|PSMB10|SELENBP1|EPHX1|ID2|NIBAN1|HCFC1R1|ALDH6A1|CTSH
WP_MITOCHONDRIAL_GENE_EXPRESSION	0.591520861372813	0.978571170495129	0.364955485187357	0.903920301836869	2636	18	TFB2M|MYEF2|SP1|GABPA|CREB1|NRF1|PPP3CA|MTERF3|GABPB1|MTERF1|TFB1M
BLANCO_MELO_COVID19_SARS_COV_2_INFECTION_A594_ACE2_EXPRESSING_CELLS_UP	0.59180199057098	0.978666949151811	-0.251081099053766	-0.964949569413359	4518	468	NFKBIZ|H2AC13|MXD3|SUZ12P1|POU2F2|NHLH1|AOC2|REM2|PYGM|GNRH1|RNASEK|H2AC15|IRF7|ATP2A1|AGBL3|CYLD|RASGRP3|NBPF10|ZNF554|PSMB9|CXCL1|TSSK3|GDF15|FLT3LG|IFITM1|TIGD3|LINC01089|EREG|N4BP3|TWIST1|DBP|ICAM5|DCAF4L1|KLF7|CCDC13|HERC6|FGF12|ACTG1P20|DCHS1|RIGI|NPHS1|ENSG00000284691|RND1|LCDR|IER3|ZNF436-AS1|NFYC-AS1|FOS|APOL6|DUSP8|THEMIS2|NFIL3|SHFL|NR1D1|EFNA1|BCL3|LINC00926|PIGR|IFITM3|BATF2|ESRRB|GUCA1B|PLEKHG2|SP100|ZC3H12A|ALDH8A1|FILIP1L|SNHG20|DIRAS1|LINC00115|NFKBID|SP110|ARID3B|ZBTB20|CEBPB|ZBTB10|KCNN1|NR4A1|FERMT3|HIVEP1|PER1|H2AC25|ADM5|RAB30|PINLYP|TANK|OAS3|ZBTB43|IL15RA|TAF1D|H2BC18|ZBTB6|ZNF764|NOCT|PARP12|INO80D|RHEBL1|CSKMT|HES1|DNAJC27|MAFG|SOCS3|PRR14|ELL
GSE3720_LPS_VS_PMA_STIM_VD2_GAMMADELTA_TCELL_UP	0.592531576057112	0.979550718126035	0.266246514155404	0.943171403332801	2157	113	STEAP1|PIEZO2|PDCD10|ZBTB41|FOXN3|TAF9B|FASTKD1|CD80|WDR35|STAG3|KCNJ8|ICA1L|CDHR1|TMPRSS13|IL1RL1|DOCK10|HTR2C|TTC39C|DNAI4|NCKAP1|ARHGEF12|CDK2|AZI2|CUL3|ANXA1|NF1|PPP4R3B|TBCK|PSME4|CLOCK|TLE2|OSBPL3|NUP155|GABARAPL1|BHLHE40
REACTOME_INOSITOL_PHOSPHATE_METABOLISM	0.592530524299737	0.979550718126035	0.304595199661842	0.925209822494422	2474	44	PLCE1|PPIP5K2|PPIP5K1|IPMK|OCRL|PLCH1|NUDT11|INPP4B|MINPP1|INPP5B|PTEN|PLCD3|PLCB1|SYNJ1|INPP4A|MTMR9|INPP1|IMPA1
BIOCARTA_TID_PATHWAY	0.59472161966739	0.980013957021998	-0.38267148040049	-0.902486685469015	3289	17	TNFRSF1A|TNFRSF1B|HSPA1A|IFNGR1|TAX1BP3|DNAJA3|RELA
BREDEMEYER_RAG_SIGNALING_VIA_ATM_NOT_VIA_NFKB_DN	0.594709494567785	0.980013957021998	0.312985547307455	0.918446988285838	2517	37	CUEDC1|TMEM254|CPEB2|SLC44A1|C1GALT1|TCEAL9|IRAK4|KIF5B|CITED2|TAF4B|ESCO1
BROWNE_HCMV_INFECTION_2HR_UP	0.594585152838428	0.980013957021998	-0.339569210585731	-0.916282724624407	3403	31	N4BP2L1|SLC29A1|APOE|ECM2|RARRES2|CFD|ICAM1|FOS|DHRS3|NR4A1
GENTILE_UV_RESPONSE_CLUSTER_D7	0.593228309428639	0.980013957021998	0.314197108307133	0.916433125260724	2522	36	RARS1|NIPSNAP2|PGRMC2|RRAS2|RAB11A|PLPP3|NDUFV2|STX7|PUDP|RABGAP1|SPOP|CDK8|MORC3|EFCAB14|PRKCD
GOLDRATH_ANTIGEN_RESPONSE	0.593286219081272	0.980013957021998	0.240076603314178	0.966411072218095	1678	328	TTC39B|MYO1F|NOS1AP|TTK|CD44|CCL5|LGALS3|ARL5A|CCL4|PLK4|HAT1|RUNX2|DTL|CKS2|TOP2A|BATF3|ANLN|HEMGN|IL18R1|KIF11|PRIM1|ITSN1|MTHFD2|CCNA2|MAPK6|CCNB1|TMEM37|CIP2A|CKAP2|SYPL1|SH3BGRL|DNA2|CAPN2|TMEM30A|YWHAQ|POLA1|ECT2|KPNA2|RAB11A|NUSAP1|MAD2L1|PERP|IGSF10|SGCB|LAT2|ELL2|GNG10|LITAF|SNX3|SDHD|SKAP2|TMED7|PGM2|TCEAL9|CPOX|TYMS|SPDL1|SOCS2|CDK1|RRM2|CDK2AP1|RFC5|CASP3|CLIC4|CD24|BUB1|KLRG1|RRM1|MAPRE2|S100A10|MIS18BP1|CITED2|STMN1|ANXA1|MGST1|CA2|RACGAP1|NEK2|TAF9|ITM2B|GGH|CDKN3|PLBD1|RAD21|PLSCR1|PCNA|WEE1
GSE15930_STIM_VS_STIM_AND_TRICHOSTATINA_48H_CD8_T_CELL_DN	0.594513114259874	0.980013957021998	0.252491861001518	0.957906371369576	1971	188	ZNF841|IFIH1|MX2|KAT2B|HLA-B|WDSUB1|GNG12|USP25|NCOA3|CMTM6|HMGN5|STXBP3|CTSS|CCRL2|MARCHF5|PNPT1|ETNK1|SH3BGRL|SCAF8|LRP6|WBP4|SKIL|CMPK2|PER2|RSAD2|IL6R|APOA2|FABP9|HLA-C|NCAM2|OTUD7B|PPA1|EIF3C|GRK5|CREG1|B3GNT2|NAMPT|FAM3C|SEC23A|TRAFD1|BRAF|ATAD1|NR5A2|GNL2|SFXN2|NMI|SEC62
GSE19941_LPS_VS_LPS_AND_IL10_STIM_IL10_KO_MACROPHAGE_UP	0.594172424151397	0.980013957021998	0.254209648734821	0.958271243217656	1977	180	ITGB7|TTK|TSPAN32|IL12RB2|DNAJC6|DEPDC1B|ANLN|DERA|KIF11|EDARADD|KNL1|CDCA7|COG6|GAS2L3|NCBP2|PDE4D|XYLT1|BEX3|CKAP2L|CTNND1|ZW10|CDK1|ITM2A|RAPH1|CLIC4|CDK2|MIS18BP1|QPCTL|RIDA|CREB1|ABRAXAS1|SMPDL3B|PREX1|PSMD14|CKAP5|SEPTIN8|NEMP1|IQGAP3|ELOF1|MDM1|SUN1|CAT|TAF12|ERCC6L|BUB1B|BAK1|NPRL2|DEPDC1|KIF23|FKBP4|NCAPD2|WDPCP|NELFCD|SMARCAL1|ANP32A
GSE21033_CTRL_VS_POLYIC_STIM_DC_24H_UP	0.593846153846154	0.980013957021998	0.260225907769064	0.94764018685371	2122	136	PITPNC1|MYO1F|DLX4|PRKCH|PGAP1|TNFRSF14|FOXO1|IL12RB2|NCOA2|RNF13|UTRN|UBASH3A|OSTF1|CARD9|TANC1|RUNDC3B|CYTH4|ABHD14A|SLC20A1|PCCA|MOB3C|SCAPER|CARD6|S100A10|PRKAA1|ELOVL6|IKBKE|CLIP1|ITM2B|SPG11|SFXN2|XPOT|BZW2|POLR1B
GSE21927_SPLEEN_MONOCYTE_VS_GMCSF_GCSF_BONE_MARROW_DN	0.594237695078031	0.980013957021998	0.254135015893867	0.957172441495169	1979	179	ELK3|ZC2HC1A|KBTBD8|ZNF41|TC2N|BNIPL|SRC|POU6F1|FMR1NB|BACE2|KLF10|TAF9B|CD80|MEF2C|ZNF770|EARS2|AGK|ZDHHC6|STUB1-DT|PLXNC1|SAMSN1|CSRP1|INPP5F|DDX18|SSB|PCYOX1|NAA50|BMPR1A|GDAP1|S100A10|COQ3|ACAT1|FGD6|EEFSEC|PLAAT4|MAML2|NT5DC1|ITPRIPL2|PSIP1|OSBPL3|RNF168|ATAD2|ATP6V0E1|CISD1|INTS7|NDFIP1|DENND1B|VAMP1|MSMO1|NIPA1|FKBP11|TRIM47|CD82
GSE2585_THYMIC_DC_VS_THYMIC_MACROPHAGE_UP	0.593922651933702	0.980013957021998	-0.272967939626104	-0.945695238319873	3869	152	UBL3|PTPRB|DIAPH2|SH3BP2|RABAC1|PLA2G15|SREBF1|MYH8|RGS17|ECM2|IRS1|AURKAIP1|SCAND1|FBXL15|PTPN3|SH2B2|PYCR3|BIN1|KCNE5|ID3|ACSBG1|RNF32|GRHPR|CEL|MYBL2|AFDN-DT|AP1B1|ATP6V0A1|HOXB8|TMUB2|MAN2C1|TTC12|RPL3|MED25|RRP7A|POLA2|BCAP31|RSAD1|OBSL1|CD52|AKR1A1|RMND5B|MTMR14|COX4I1|RELA|ACTN4|ARFIP2
GSE3039_ALPHAALPHA_CD8_TCELL_VS_B2_BCELL_DN	0.594550082347657	0.980013957021998	-0.267048066012621	-0.946316250196773	3970	184	TP53I11|FARP1|TRAPPC6A|PNKD|STX1A|TASP1|EXT1|TMEM9|DBP|CXCL16|HERC6|TMCC3|COLEC12|VSIG4|MPG|PCOLCE|TIMP1|IL1B|ESR1|FBLIM1|MEAK7|LZTS2|MZT2B|CAMK1|CSRP2|TMED1|DDT|TRIP6|LPIN2|RAB11FIP5|SPHK1|PDGFA|THOC6|VKORC1|NSMF|GCHFR|GLMP|XYLT2|MRPL17|WDR74|NINJ1|TLCD2|BAIAP2|PSMC3|RSAD1|CREB5|BLOC1S5|CHRNB1|NIF3L1|MMD|RPS19BP1|PRSS8|NBAS|IRAK2|UBL4A
GSE40666_WT_VS_STAT1_KO_CD8_TCELL_WITH_IFNA_STIM_90MIN_UP	0.592970862120757	0.980013957021998	0.254290369913495	0.958575530582931	1973	180	TTC39B|OSGIN1|LNX2|POC1B|SLC49A4|CREBL2|TAMALIN|STT3B|WDR5B|BBS2|KDM7A|C8orf58|RCHY1|AP1S2|ABCB10|ARL1|EPS15|IDH1|GPR183|PTPN14|TIGAR|EHD3|AUH|SLC40A1|CHAC2|MYO6|HERPUD1|SQOR|FBXL4|C10orf88|PPM1K|ARRDC4|RPL6|GBE1|RO60|ARL13B|MRPL38|ANXA1|TMEM243|TIAM2|CLIP1|SMPDL3A|TMED8|NCK1|ARHGAP5|GPD1L|FANCF|BMP2K|NSMAF|SGMS1|SLC4A1AP|DSTN|TRMO|FZD5|SCLY|DEDD2|TRMT10C|DENND1B|FUT11|VTI1B
GSE40685_NAIVE_CD4_TCELL_VS_TREG_UP	0.593355381840048	0.980013957021998	-0.268959798251812	-0.948236302336045	3946	176	MTCL1|BCO2|TMEM9|RPLP2|TEF|RPL13AP20|DAGLA|LGALSL|TTYH2|ZNF551|MATCAP1|RPL13AP5|PPM1F|PCGF1|ZNF839|TNFAIP8L2|FRMD6|MAGED2|SAT2|TACC3|CYREN|SCAP|SNU13|BIN3|USP36|IL16|MTFMT|ATPAF2|WIZ|ITGAV|PIDD1|ARHGEF1|GSTP1|BLTP2|TTC5|COMMD6|OXA1L|RPL35|CCNF|RNF216|TTC13|MRPL46|ESYT1|RPS5|CD52|TSHZ1|MMD|OTULIN|UBAC1|SLC8B1|RPS17|AIFM1|RPL23A|SNAI1|RPS13|TMEM185B|PLCB3|SWAP70
GSE45365_NK_CELL_VS_BCELL_MCMV_INFECTION_UP	0.593486127864898	0.980013957021998	0.252769204173225	0.957945602290794	1967	187	PRNP|TENM1|PIGA|CD69|FCGR2B|LGR4|CD36|KCTD12|TGFBR2|ABITRAM|ESF1|BLZF1|ATP6AP2|HS2ST1|PPT1|RNF13|KDM7A|CPD|LGALS8|MOB3B|MRTFB|ZNF468|TMEM59|TMED2|SDCBP|PRKRA|AP3S1|SLC19A2|PLPP3|RNF125|MRPL15|TCEAL9|TMEM38B|RTN3|PAPSS1|FCGR2C|CCNH
GSE8921_UNSTIM_VS_TLR1_2_STIM_MONOCYTE_24H_DN	0.594764397905759	0.980013957021998	-0.267431217986027	-0.946676286060916	3975	181	RAPGEF5|PLLP|GHDC|WFIKKN1|NDUFB8|LMOD1|APBA3|AMDHD2|SLC52A2|EPS8|MAP1LC3A|SLC2A9|TRIM46|JMJD8|IER3|PTGIR|CYP2S1|COMTD1|LSR|KCNAB2|H1-7|WDR83|CCL24|TSPO|HSD17B7|NDUFB7|TMEM87B|SLC1A5|GAK|PRTN3|MRAS|SIDT2|KLHDC4|LIFR|MVD|TSSC4|PTGES2|IL15RA|ITGA5|MAFG|TMEM183A|PPME1|SPTBN1|HNRNPM|AP2M1|CDKN1A|MAN2B2|PDIA4|GPR137|HJV|HMGA1|CUEDC2|UBL4A|SLC39A7|ATP1A1|ZKSCAN3|AP2S1|SYT5|PNISR|NSMCE1|INTS3|PGLS
KEGG_MEDICUS_VARIANT_MUTATION_CAUSED_ABERRANT_SNCA_TO_26S_PROTEASOME_MEDIATED_PROTEIN_DEGRADATION	0.594505752524067	0.980013957021998	0.316178526435218	0.915813090358214	2531	35	PSMC6|PSMC1|PSMA1|PSMA4|PSMD6|PSMA2|PSMA6|PSMC2|PSMD14|PSMD11|PSMC5
KEGG_SPHINGOLIPID_METABOLISM	0.593228309428639	0.980013957021998	0.314199109140125	0.916438961182137	2522	36	ASAH2|SGPP1|KDSR|SGPL1|UGCG|PLPP3|ACER2|NEU4|SGMS2|ACER3|NEU3|ASAH1|SGMS1|UGT8
MALTA_CURATED_STEMNESS_MARKERS	0.594094314676069	0.980013957021998	0.38080169680036	0.898977933096045	2695	15	CD44|HIF1A|BMI1|MYC|CTNNB1
REACTOME_ACTIVATED_TAK1_MEDIATES_P38_MAPK_ACTIVATION	0.594458438287154	0.980013957021998	-0.36309413874952	-0.905407997886408	3303	22	MAPK11|UBA52|UBB|IKBKG|TAB1|MAPKAPK2
REACTOME_MAPK_TARGETS_NUCLEAR_EVENTS_MEDIATED_BY_MAP_KINASES	0.594108019639935	0.980013957021998	0.326258649743046	0.918611294370366	2540	31	MEF2A|MEF2C|MAPK8|MAPK1|RPS6KA2|ELK1|ATF2|CREB1|MAPK9|PPP2CA|MAPK14|PPP2R1B|ATF1
GSE21546_SAP1A_KO_VS_SAP1A_KO_AND_ELK1_KO_DP_THYMOCYTES_UP	0.595352323838081	0.980660752656163	-0.268306745605292	-0.947913362971038	3970	179	GAA|FES|EMILIN1|BCAS1|ARSA|ATP2A1|FAM234A|AMZ1|PLA2G15|SLC16A13|RRBP1|GPC1|SIAE|PPM1F|NFIL3|PLOD3|MED22|EMP3|MGAM|KLK8|MEAK7|TSPO|TXNDC15|TSEN34|ENTPD6|ITGB1|IL18RAP|SLC39A11|SHOC2|UBE2J2|PLPP5|TSR2|TLCD1|BID|NIBAN2|SSR4|IRF9|EEF1D|ICAM4|TMC8
MATZUK_MEIOTIC_AND_DNA_REPAIR	0.595333449416681	0.980660752656163	-0.331228172783796	-0.91581231402242	3418	35	MSH5|FMN2|TOP3B|UBB|IKBKG|FANCA|NOS3|MLH3|FANCG|ERCC2|GPR3
GSE3982_MAC_VS_TH1_UP	0.595492289442467	0.980730369388595	0.25420936798058	0.954816808133509	2007	174	TCEAL1|DOP1B|EOGT|AGO4|GNG12|YIPF1|CLIC2|ERI2|KLHL24|ENTPD7|IMPACT|GNAQ|SPRY2|MAPK1IP1L|PLEKHF2|TRIM13|TVP23B|AP3S1|MAPK1|HSD17B11|TLN2|WWTR1|SOS2|MYO6|SDHD|TMED7|SQOR|SNX13|CREG1|SAMD4A|RHEB|CTNS|CHD9|DRAM1|WSB1|TRDMT1|CCNT2|COMMD10|UBE2D1|CEP170|CLOCK|BMP2K|EFR3A|USP12|FYCO1|PAPOLG|SNX29|RDH14
NATSUME_RESPONSE_TO_INTERFERON_BETA_UP	0.595866240967905	0.980780554703639	-0.302427684106385	-0.926878347775428	3545	63	IL11RA|TLX1|TIMP3|RPGR|TRAIP|BCL3|FAS|IFITM3|AMPD2|ICAM2|ENO3|PDGFA
REACTOME_FORMATION_OF_PARAXIAL_MESODERM	0.596004993757803	0.980780554703639	0.285857611431537	0.928664401778586	2386	64	KAT2B|PSMC6|PSMC1|PSMD5|PSMA1|PSMA4|PSMD6|HES7|LFNG|MAMLD1|FGFR1|RBPJ|SNW1|PSMD10|PSMA2|PSMA6|MAML2|PSMC2|CTNNB1|PSMD14|PSMD11|PSMC5
SIMBULAN_UV_RESPONSE_IMMORTALIZED_DN	0.596011295446523	0.980780554703639	-0.347987369657426	-0.911361070975803	3376	27	IGF1R|EREG|CCND1|THBD|DUSP7|PLEC|ID1|SF3A2
SYED_ESTRADIOL_RESPONSE	0.595973154362416	0.980780554703639	0.369333255093328	0.899608445468458	2663	17	KPNA2|PPP2R5E|RAP2A|SOCS2|SNW1|CLIP1
ZHAN_MULTIPLE_MYELOMA_CD1_VS_CD2_DN	0.595744680851064	0.980780554703639	-0.313564438660598	-0.922463346438294	3499	49	TBC1D1|RAPGEF5|LAMA5|TMTC2|DUS2|SPINT2|SLFN11|C2orf76|CPQ
GSE43955_TH0_VS_TGFB_IL6_TH17_ACT_CD4_TCELL_10H_DN	0.596206791067605	0.980878866012775	-0.271362345580447	-0.945409066782783	3897	159	SSC4D|WFS1|APLP1|HLX|FZD7|HBB|SH3PXD2A|CRYBG1|TRIM46|S100A5|STK39|CYP2S1|IRF3|CDKN2D|NLRX1|STAB1|BRD4|COMMD1|GBP2|TIMM44|IL18BP|SLC22A23|IL17RA|DIAPH1|NBL1|SOX18|EXTL3|SLC35C2|SPINT1|DHX30|ZMIZ2|AARS1|EXOSC7|TEAD3|NMU|RAD23A|FLNA|LARP1|KARS1|ERGIC3|HLA-E|EIF3B|ASPSCR1
KEGG_MEDICUS_REFERENCE_IGF_IGF1R_RAS_ERK_SIGNALING_PATHWAY	0.596266471449488	0.980878866012775	-0.394184333447069	-0.900191815369448	3257	15	IGF1R
GSE23321_CD8_STEM_CELL_MEMORY_VS_CENTRAL_MEMORY_CD8_TCELL_UP	0.596512695013766	0.980951003430493	-0.271210912280693	-0.94488148284591	3899	159	WNT11|MAPK8IP2|HPX|MLXIPL|PRKCZ|LRFN1|FXYD1|BEND6|SOD3|SMTN|TSHZ3|NAPSA|TSPAN9|NDRG4|PKP3|SLC25A45|KCNK6|NBL1|AHSP|RPP25|NUDT17|MEIOB|GIT2|WNT5B|CD3D|CLCF1|CBX2|PRPF6
GSE40274_FOXP3_VS_FOXP3_AND_LEF1_TRANSDUCED_ACTIVATED_CD4_TCELL_UP	0.596623454929153	0.980951003430493	0.253995355873896	0.957810682641756	1978	181	ZC2HC1A|NOXRED1|BATF|EFCAB7|CCL5|CRYL1|MANSC1|ARL5A|RNF43|ABCC4|B3GALT4|EEF1AKMT1|RBM11|TAF9B|SIAH1|TSACC|MTHFD2|LIPT1|NAB1|CAPN2|PROS1|TRIB1|ASS1|HOMER1|HSD17B11|CA3|IL6R|IFIT1|SYT11|CMTM7|INPP4B|TDRP|ELL2|IFT57|IRAK4|FBXL4|SOCS2|ZDHHC2|KLRG1|VRK1|ALDH2|ARRDC4|DERL1
HALLMARK_P53_PATHWAY	0.596858638743456	0.980951003430493	-0.266440214748452	-0.945860081580256	3989	188	CYFIP2|TCN2|PLXNB2|IFI30|RETSAT|SFN|TAP1|DDB2|TSPYL2|SLC3A2|IER3|ACVR1B|RPL18|FOS|IP6K2|JAG2|FDXR|KLK8|FAS|TRIB3|DCXR|MXD4|CTSD|SLC7A11|DGKA|XPC|PLK3|SEC61A1|SPHK1|F2R|PDGFA|RAB40C|EPHX1|H2AC25|RPL36|TSC22D1|PIDD1|WRAP73|IRAG2|TAX1BP3|RPS12|CD81|NINJ1|BAIAP2|UPP1|CDKN1A|JUN|CSRNP2
HOFFMANN_PRE_BI_TO_LARGE_PRE_BII_LYMPHOCYTE_UP	0.596717260854218	0.980951003430493	-0.347820428206078	-0.910923859878052	3380	27	FZD7|TRIM46|SAMD10|TIRAP|HDAC5|CACNB3|TAX1BP3|DDX51
REACTOME_MITOCHONDRIAL_TRNA_AMINOACYLATION	0.596737652922519	0.980951003430493	0.354284930686967	0.910595903039603	2633	21	PARS2|EARS2|PPA2|YARS2|DARS2|GARS1|MARS2
ZAMORA_NOS2_TARGETS_DN	0.596896665566194	0.980951003430493	-0.295420085488231	-0.929427246053875	3615	73	SSC4D|RABAC1|TSPAN4|LONP1|SLC6A8|SLC6A13|DYNC1H1|CD151|CACNB3|AP1B1|STARD10|ATP5F1D|CD81|CTSZ|MAN2A1|F12|MGAT1|PDIA4|EIF3B|ATP1A1|ACTN4|FKBP3|PPP2R1A|RRAS|UBC|PCYT1A|TNNI3
WP_ERBB_SIGNALING	0.597034683611332	0.981017212979301	0.277120199696121	0.938723840881848	2254	85	EGF|FOXO1|CAMK2B|SRC|NRG4|PIK3CA|MAPK8|MAPK1|PAK3|SOS2|HBEGF|NRAS|ELK1|PTK2|CDKN1B|MYC|BRAF|MAPK9|NCK1|MAP2K4|CRK|SOS1|GAB1|PIK3CB|CRKL|BCL2L11|MAP2K1|RPS6KB1
GSE22886_IGG_IGA_MEMORY_BCELL_VS_BLOOD_PLASMA_CELL_UP	0.597236981934113	0.981028444551566	-0.270729988025135	-0.945820041449235	3933	162	DPEP2|TSC22D3|DYNC2H1|LYST|ARHGAP45|GCA|CRYBG1|RGS17|ZNF345|FYN|COL6A3|SRR|BRD3|INHBE|ZNF83|PIGL|SP110|RAB11FIP5|TCTN1|PHC1|MAP3K3|RPL27|DGCR8|RPS23|TSC22D1|FLNB|KLHL2|DLL3|CAPG|PARP12|VAMP2|TRAF5|ZCCHC2|GPR137|KATNA1|MAP1A|RAB11FIP1|PNISR|SPTAN1|DDR1|TRIM68|SLC25A37|OBI1|RPL13|MNT|KLHL18|GGA2|STX6
WP_H19_RBE2F1_AND_CDKBETACATENIN_IN_COLORECTAL_CANCER	0.597181551976574	0.981028444551566	-0.393920853640899	-0.899590111179545	3262	15	TULP3|CCND1|CSRP2
GSE41978_WT_VS_BIM_KO_KLRG1_LOW_EFFECTOR_CD8_TCELL_UP	0.59788926277149	0.981778573482777	-0.27106266753173	-0.944365007616187	3908	159	BHLHA15|PLEKHN1|SVEP1|CHAC1|AXL|SPSB2|SLC12A9|SLC39A3|CLCN2|SFI1|TCL1A|MYH8|SPINT2|IL1B|FOLR2|VPS72|CTC1|MAP7D1|KLC2|DECR2|HYAL3|LRRC61|DEF8|ZBTB7B|VPS39|DNAL4|LMNA|NNMT|ENPP3|RHEBL1|SLC25A35|PPP1R37|TCF15|CC2D1A|FANCE
REACTOME_ADRENALINE_NORADRENALINE_INHIBITS_INSULIN_SECRETION	0.597876934148975	0.981778573482777	-0.362108135772858	-0.902949310494528	3322	22	GNG8|GNB3|CACNA2D2|GNB5|CACNB3
GSE6875_WT_VS_FOXP3_KO_TREG_DN	0.598015634395671	0.981825472368947	-0.268633669805303	-0.947086514024875	3977	176	TRPM2|RAB26|BCO2|EPM2A|KIF24|KCNK5|MYPOP|ACAP3|CYP4F2|GCA|CSF2|MST1R|PPFIA4|CACNA2D2|DKKL1|IFT27|AURKB|ZNF551|SPINT2|MXD4|LARS2|ITGB5|BIN3|DHRS3|SLC39A4|MFSD10|SMCO4|NENF|NMRAL1|ERN1|RTL8C|ENTPD4|HCN3|LONRF3|DTNBP1|SLC66A1|NBDY|CD81|MIER2|CCNF|SEMA4B|PTGR2|MAN2A1|PDXK|GCAT|CSTPP1
GSE369_IFNG_KO_VS_WT_LIVER_UP	0.598311218335344	0.982122996537599	0.252521755074168	0.957007818841235	1983	187	TRAPPC2B|STK38L|ASAH2|CCNG2|NCOA2|PRMT9|PDIK1L|SNX33|PDE3B|KLHL24|ANLN|HIPK3|FAM76B|ZNF518A|PAIP2|EDARADD|MOB4|DCLRE1C|TSPAN13|MKRN1|CWC22|IRGQ|FAM13B|CNOT6|TTC14|SLAMF7|BACH2|USP33|CEP97|LITAF|ZBTB34|MTCP1|RESF1|ZFC3H1|RICTOR|MON2|HEYL|TIA1|CEP120|HECTD1|CREB1|TUT4|ARL4A|FAM20B|KBTBD2|ZFAND5|PARP4|ZFAND6|SHCBP1|CENPE|TFDP2|PHKA2|HJURP|SMAD5|ZC3H7A|TP53INP2|HIBADH|CD82|DNAJC21|MINDY2|RNF146|NCAPD2|STAG2|SMC5|NIPBL|KATNAL1|GSKIP|TNFAIP3|JMJD1C|CCDC82|GSE1|RPS6KA5|CDK5R1|SPC25|BCKDHA|TUG1|ZNF22|UBE2J1|BCR
LIM_MAMMARY_LUMINAL_MATURE_DN	0.59839253305678	0.982122996537599	0.280603446158211	0.934056818888878	2307	76	DPYSL2|FOXO1|KCTD12|TLE4|BACE2|FOXN3|MOB3B|FAM13A|SORBS1|PALM2AKAP2|RECK|NREP|CALD1|PCF11|ZNF521|TIAM2|TPST1|C2orf88
JOHANSSON_BRAIN_CANCER_EARLY_VS_LATE_DN	0.598612315698179	0.982218995090849	-0.324803457457823	-0.911924502927894	3450	38	C3|TEF|DCN|ACSBG1|CTSD|CST3|CLSTN1|GRINA
PID_LYMPH_ANGIOGENESIS_PATHWAY	0.598646723646724	0.982218995090849	-0.358250493717598	-0.904200955437972	3361	23	ITGA4|MAPK11|COL1A1|ITGB1|COL1A2|ITGA5
GSE17721_LPS_VS_PAM3CSK4_2H_BMDC_DN	0.598847786537295	0.982388312021796	-0.269340113788332	-0.94418495737802	3949	169	MSH5|CDPF1|ADGRD1|SEMA3F|CELSR3|KRTCAP3|SLC12A4|MAN1B1|SMTN|NSG2|BCAM|SNX21|ZNRD2|MED22|VWA1|EMP3|IL17D|FZD3|TIMM29|DCT|TRADD|PSMB5|FKBP8|KLC2|NTHL1|PPOX|RPP25|SLC66A2|SLC35F6|MMP17|GPS1|TBC1D17|ADPRS|RPL3|ZNF23|WDR45B|FANCE|UBE2O|KIF2C|PSMC3
REACTOME_FATTY_ACYL_COA_BIOSYNTHESIS	0.599020293911826	0.982510736974986	0.318545404803692	0.915779003569095	2567	34	SLC27A3|HACD2|PPT1|ACSL4|ACSL1|ACLY|HACD3|ELOVL5|ELOVL6|HSD17B12|HACD1|ACACA
HOSHIDA_LIVER_CANCER_SUBCLASS_S1	0.599236641221374	0.982569370962818	-0.263516865448313	-0.949154565433694	4081	213	EFNB1|TPM2|TAGLN|PAK1|CCR7|AQP1|CRIP2|IFI30|LAMB1|CD37|QSOX1|CXCL1|ACTA2|GRN|IFI16|AEBP1|CD48|COL6A1|CYBA|IER3|LGALS3BP|IL2RG|ATP6V1F|PKMYT1|PPP4C|AKT3|LTBP3|ID3|ADAM15|SLC1A5|DGKA|CD151|HEXA|NBL1|PSMD2|TNFRSF1B|GNS|OAZ1|IL15RA|RNASE1|GSTP1|CD3D|COL1A2|TAX1BP3|TP53BP1
WP_BDNFTRKB_SIGNALING	0.599251812017769	0.982569370962818	0.325034503740178	0.91516459848942	2562	31	MAPK1|HOMER1|NRAS|RHEB|PIK3CG|BRAF|CREB1|SOS1|GAB1|MAP2K1|RPS6KB1|SHC1
GSE36009_UNSTIM_VS_LPS_STIM_NLRP10_KO_DC_DN	0.599458320794463	0.982694030915424	0.25270802173184	0.955943002797191	1991	184	CD44|AGA|ARID2|SESTD1|TRAPPC8|ZNF410|FXYD7|REV3L|CNOT8|CNIH1|RARS1|CLK4|FASTKD1|NOL11|MTHFD2|NEMF|ETNK1|EARS2|NUP37|USP31|IFIT3|TTC14|RECK|ADRA2C|KIF3A|WDR89|MRPL47|NFE2L2|PTK2|BAZ1A|PRKD3|RFC1|SKP1|CCNT2|PEX5|PPP4R3B|PSMC2|MAK16|SUCLG1|BCLAF1|ECPAS|ZFAND5|GINM1|TMT1A|ACACA|DNASE1|EIF4A2|ATP11C|SYNJ1|HSPA9|CDK6|PFDN5
GSE42021_TCONV_PLN_VS_CD24INT_TCONV_THYMUS_DN	0.599640125955915	0.982694030915424	-0.26812879483529	-0.946359667231093	3998	177	TCN2|HOMER3|BMP8B|PRKCZ|NDUFB2|MYL11|NBEAL2|WNT3|SLC3A2|RAB33B|PRPF31|MRPL14|OST4|SREBF1|ABHD17A|TRIM46|MST1R|CYBA|RGS14|SLC25A19|ESR1|G6PD|SGCG|KHDC1L|YIPF3|LYL1|SHISA5|CD151|ENTPD6|GPAA1|UNC45A|CDCA3|GRINA|LIFR|UBE2J2|RPS27|PHETA1|PCNT|POLR2A
KUMAR_AUTOPHAGY_NETWORK	0.599655087459966	0.982694030915424	0.287357608674371	0.926065045010659	2433	61	ZNF416|ST8SIA4|LST1|PDK1|KLRF1|REV3L|TOP2A
MODY_HIPPOCAMPUS_NEONATAL	0.599719429506664	0.982694030915424	0.324872822621927	0.914709370401432	2564	31	MMP14|TBCA|CCT8|MYEF2|UBE2E3|TARS1|CCT4
GSE21546_WT_VS_SAP1A_KO_AND_ELK1_KO_DP_THYMOCYTES_DN	0.599879843796936	0.982796453734885	0.253671046615104	0.95624092326155	1996	180	PITPNC1|ZFP69|ARMCX1|SPRED3|MYOM1|TAMALIN|DOK2|CCL4|TMCC1|ARHGAP23|TP53INP1|ZNF608|PTGS1|EXPH5|MRTFB|PROCR|UTRN|ZRANB3|TJP2|LRRC28|PEAR1|RCBTB2|SH2D5|HOXA5|BACH2|LRRC8C|MTMR12|ESAM|PARD3B|NR2C1|PHTF2|ZNF623|PARD6G|PRKD3|LSM14A|ANKRD50|CYP4V2|IL17RE|HMG20A|MEG3|STXBP4|ZNF266|TTC3|RBM47|PPP2R5C|DCUN1D1|STIL|PREX1|TLE2|CSAD|AGO1
KEGG_MEDICUS_REFERENCE_ITGA_B_RHOGEF_RHOA_SIGNALING_PATHWAY	0.6	0.982832898172324	0.356569111861363	0.904211329885718	2651	20	ITGB7|ITGB4|RHOA|ITGA2B|PTK2
BIOCARTA_PDGF_PATHWAY	0.600555426984494	0.983101007186946	0.329327088703573	0.907441501135178	2594	28	MAP3K1|PIK3CA|MAPK8|ELK1|PIK3CG|MAP2K4|STAT1|SOS1|MAP2K1|PRKCB|CSNK2A1|SHC1
GAUSSMANN_MLL_AF4_FUSION_TARGETS_F_UP	0.600459902270768	0.983101007186946	0.257540406104294	0.948859510319113	2088	151	PLCE1|ZNF185|FGF5|IFIH1|PREX2|ARHGAP28|ST3GAL5|MME|TP53INP1|PDGFB|KDM7A|TTLL7|TMEM30A|LMO7|RRAD|RCBTB2|EMILIN2|TOX|LHX9|TMEM176A|DKK3|FBLN1|CDHR4|TMEM176B|LDB3|FCGRT|TDRD3|CARD10|C1orf54|DRAM1|DECR1|MEG3|CNN1|OR51B2|PLSCR1|TLE2|CSAD|ZFAND5
GSE22611_MUTANT_NOD2_TRANSDUCED_VS_CTRL_HEK293T_STIMULATED_WITH_MDP_6H_DN	0.600480624812256	0.983101007186946	0.25358361313185	0.955911333125556	1998	180	LRRC8E|NXPH3|ITGB4|PEX12|GNAT2|ARHGEF16|SERPINI1|FOXN3|THG1L|NIPSNAP2|NEMF|SATB2|PROCR|NCBP2|TMED2|PDS5A|GRK4|P2RX7|EMILIN2|TLN2|LDB3|PIGK|DCTN6|C1orf54|DSG2|NUP205|ATP11A|MTA2|CA8|IFT70A|WSB1|FGD6|CITED2|TUBGCP4|TUT4|CEP170|RSL1D1|HMGCS1|GLT8D1|PAPPA|ANKRA2|GLRX3|FCHSD2|SCLY|EIF2D|PBRM1|AKAP10
GSE43955_1H_VS_42H_ACT_CD4_TCELL_UP	0.600542659029243	0.983101007186946	0.253634205944628	0.956448794511566	1991	181	ELK3|PTPN6|GPR137B|MSL2|TSPAN32|RTL6|ZNF354A|NXN|GNG12|B3GALT4|RND2|AFF4|RAB23|DDX10|SKIL|ERP44|PLXND1|GFI1|DKK3|ACSL4|SRP9|PRRC1|RBL1|DBT|NSUN4|PRMT3|RFK|ZCCHC10|DDX3X|CDKN1B|DNAAF10|TRDMT1|CYBB|ZBTB25|BRWD3|PDIA3|CAPZB|PTPRJ|MBD4|SRPRB|RAB4A|DDX21
HEIDENBLAD_AMPLICON_8Q24_UP	0.600660844937456	0.983113249874805	0.311101513506733	0.918198697932864	2544	38	SMN2|PDK1|H2AC17|GTF2H2|MYO6|TMEM38B|SLC36A4|ZNF621|DNASE1|CDC25C|TRAPPC13|BAG5
REACTOME_RAB_REGULATION_OF_TRAFFICKING	0.600975149418056	0.983307017091841	-0.279196141193856	-0.939103518870971	3820	118	RINL|RAB27B|TRAPPC6A|SYTL1|TBC1D2|RAB38|GGA1|RAB33B|DENND1C|RAB7B|DENND2C|HPS1|RGP1|AKT3|TSC1|TBC1D10A|RIN1|TRAPPC1|TBC1D25|TRAPPC5|MADD|TBC1D17|AKT2
REACTOME_REGULATION_OF_BETA_CELL_DEVELOPMENT	0.600888473228899	0.983307017091841	0.324554331054926	0.913812628044289	2569	31	FOXO1|KAT2B|FOXA2|HNF4A|MAMLD1|RBPJ|SNW1|MAML2|NR5A2|PAX6|EP300
BERTUCCI_INVASIVE_CARCINOMA_DUCTAL_VS_LOBULAR_UP	0.6012041792102	0.983361178248654	-0.35542557925714	-0.906477928094786	3394	24	FAAP20|SCARB1|DHCR7|GRB7|STUB1|NRGN|MIEN1|TLCD5
KEGG_MEDICUS_VARIANT_FZD7_OVEREXPRESSION_TO_WNT_SIGNALING_PATHWAY	0.601117708697171	0.983361178248654	-0.339348346472244	-0.909675290081117	3441	30	FZD7|WNT3|CCND1|AXIN2|DVL1|GSK3B|WNT5B
GSE14308_INDUCED_VS_NATURAL_TREG_DN	0.601628468033776	0.983894845572343	0.252284816983603	0.95610987004793	1994	187	ZBTB26|DCP1B|MLYCD|ASAH2|PRKCH|ZNF708|ZNF362|ATXN7|FOXO1|SLC49A4|SELENOT|ESF1|EXOC5|RRM2B|EIF3E|EXD2|PAIP2|PPIP5K2|NBR1|PUS3|LRP6|OPA1|SNAPC1|MKRN1|SP3|SLK|CMPK2|MFSD1|RP2|TRMT1L|TTC14|FCER1G|EML6|ARMH4|DNAI4|RAP1B|TDRD3|SNX13|MAP4K3|TAF1A|SP1|RLF|ABI1|RCOR3|ARRDC4|MON2
GSE3982_MAC_VS_BASOPHIL_UP	0.601748567983117	0.983930953805918	0.253457642567352	0.955782978050723	1995	181	DOP1B|PPP2R3A|BMAL2|MAN2B1|ESF1|CETN3|ABCC3|CD164|ERI2|CKS2|CTSS|BPNT2|PPP1CC|FASTKD1|SMC2|ETV5|BCAS2|IDH1|IBTK|PLA2G4A|TRIAP1|DBT|MAP4K3|TGFBR1|CREG1|ADK|B4GALT5|B3GNT2|MTRR|NDUFA5|SAMD4A|NARS1|EBAG9|CHSY1|SCAMP1|BAG4|EIF3J|HACD3|STX7|UBE2D1|TNPO1|PGAP3|MKLN1|GLTP|SUCLA2|RTCA|NSMAF|ASAH1
GSE3982_NEUTROPHIL_VS_BCELL_UP	0.602049780380674	0.984263142583257	0.255321903946717	0.949617806955634	2055	162	LUZP4|TBX3|SLC22A4|CUEDC1|CSTA|YIPF1|ACTR3|IFT56|TBC1D2B|PFKFB3|TMEM59|MKRN1|ADIPOR1|HK2|FBXO24|C2|OTULINL|GRIA2|HOXA5|CYP46A1|SGK2|PLXNC1|CATSPERG|RAB36|CYTH4|MYL12B|GALNS|ERO1A|REL
GSE13411_NAIVE_VS_MEMORY_BCELL_DN	0.602369881505925	0.984626098445933	-0.266035331964688	-0.94445420651756	4015	189	MARCKS|PPFIBP2|UQCR11|METRN|GRN|CEP250|MSI1|STK39|EXOSC4|FYN|SDF2L1|NME3|ZNF593|COBLL1|GET3|CTSA|EHBP1L1|POLR2E|PMPCA|MACROD1|PRSS21|GUK1|DYNC1H1|CPNE1|HIVEP1|SLC35D2|H2AC25|RNF220|TNIP1|NCAPD3|REPIN1|POLR2J|UBE2M|NAXD|CCNO|ATP6V0B|TRAF3|FKBP14|REXO4|PIGT|RBCK1|NARF|MSRB1|CNPY2|PDIA4|DYNLT1|CBX6|MTMR14|NAP1L4|AP2S1|ELMO2|MBTPS1|PPM1G
GSE3982_CTRL_VS_LPS_48H_DC_UP	0.602609727164887	0.984857772921058	0.253733316924615	0.953028748341	2031	174	ZC2HC1A|GPD1|SLC18A2|ZNF185|FAR2|ITGB1BP2|CD36|MS4A6A|WDFY3|HMGN5|PBK|KDM7A|RWDD2A|UCHL3|GLE1|MEF2C|ROCK2|PREPL|ESD|MAPK1|CHN2|RNF125|FZD2|SNX13|PAPSS1|CCNH|SCIN|AZU1|CPNE3|PTK2|PRDX3|NNT|CMC4|SEPTIN2|QPCTL|TTC3|TNKS|OPN3|PLBD1|CLOCK|CAPZB|ADORA2B|CHP1|ATAD2|HLA-F-AS1|CORO1C
REACTOME_DOPAMINE_NEUROTRANSMITTER_RELEASE_CYCLE	0.602941176470588	0.985239057368023	0.355885818602941	0.902478590045536	2664	20	SLC18A2|RAB3A|CPLX1
GSE11961_MEMORY_BCELL_DAY7_VS_GERMINAL_CENTER_BCELL_DAY7_DN	0.603186646433991	0.985479745589909	-0.26917576702898	-0.943804724369179	3974	170	UBL3|POU2F2|ACKR1|CEP83-DT|ABCB4|LYST|MAPK11|PPP1R14A|ANKH|LYPLA2|TEF|IFIT2|SYT7|SLC7A7|RASGEF1B|TMEM86A|PILRA|STARD3|PTK2B|ELMOD3|EFNA1|ESR1|TRPM1|MZF1|CTC1|XPC|AGRN|SDC4|DGCR8|ZMYND11|KLF13|TRPT1|CD276|RGS12|SASH1
GSE9946_MATURE_STIMULATORY_VS_PROSTAGLANDINE2_TREATED_MATURE_DC_UP	0.603636363636364	0.986053998076781	-0.280891972247838	-0.933873090909584	3817	108	DIPK1A|TMEM81|ITPKC|PTPRU|ITPA|JOSD2|JMJD4|CLDN12|TXNL4B|QSOX2|PIGR|TNFAIP8L2|HOXC13|CCL26|MAP3K3|GRK6|FIZ1|SETD1A|SPATA2L|CACNB3|SPATA2|SLC66A1
GSE15330_LYMPHOID_MULTIPOTENT_VS_MEGAKARYOCYTE_ERYTHROID_PROGENITOR_IKAROS_KO_UP	0.603864734299517	0.986266547819484	0.257675533020875	0.945635705923209	2124	145	SETD7|HSPBAP1|FOXO1|PDK1|RAVER2|SLC49A4|SESN3|TCF7|TDRKH|CRLF3|LRP6|NLK|LYRM7|DCAF6|PRRG1|ZC3H12B|TANC1|MTSS1|IL6R|BACH2|RNF144A|CEP97|FOXP1|LDHB|USP53|QSER1|RAPGEF6|PRMT3|MYC|SFMBT2|IKBKE|TTC3|ARHGAP5|ICE2|UTP25|TGFBR3|USP28|SSBP2|METTL9|SCMH1|RAB3IP|AFP|SLC6A19
GSE19198_1H_VS_6H_IL21_TREATED_TCELL_DN	0.604461863129334	0.98639327339259	0.253175972336778	0.95472080604802	2004	181	TTC39B|LIPG|CD40|CD70|CCL4|GNG12|HIF1A|VPS54|RARS1|STXBP3|MARCHF5|MTHFD2|AKAP12|PROCR|HSPA4|IFIT3|MRPS22|DDHD1|RSAD2|RHOJ|JAK3|RBM43|RBL1|SAMSN1|SOCS2|SUPV3L1|DNAJA2|ATP11A|CLIC4|HSPD1|BACH1|HEATR1|NET1|HMGN3|MYC|VDR|TPST1|TOR1AIP1|ETF1|PLSCR1|SPRED1|ALDH1A2|GARS1|RAE1|TIPARP|AEBP2|RIPK2|HELZ2|MED9|ATM|TSPAN3|MAFF|IL18|SNRPD1|PSAT1|PARP14|PRKX|KTN1|SH3GL3
GSE36476_CTRL_VS_TSST_ACT_72H_MEMORY_CD4_TCELL_YOUNG_UP	0.604459742592038	0.98639327339259	-0.266385012747911	-0.944476392851102	4038	186	UBL3|ZNF331|TSC22D3|RAP1GAP2|IL11RA|MGAT4A|LYPD3|NBPF10|PIK3C2B|PBXIP1|HBB|IFITM1|TSPYL2|TMEM63A|DYRK2|GPRASP1|KLF7|FOS|PIK3IP1|TIMP1|IRS2|IFITM3|RPL38|SEMA4C|MED6|SLC2A3|PLK3|JUNB|NDEL1|SGK1|LINC00623|PHC1|TSPOAP1|PER1|TSC22D1|RPS27|SIGIRR|ENTPD4
GSE9988_LPS_VS_VEHICLE_TREATED_MONOCYTE_UP	0.604630186410102	0.98639327339259	-0.267906757214432	-0.944523733595347	4021	176	NFKBIZ|ATP2B1-AS1|MIR9-1HG|CCR7|IL6-AS1|CHAC1|TDH|CXCL1|RPGR|MIR3945HG|DNAAF1|RASGEF1B|TPD52|MFSD2A|PNPLA1|RND1|IER3|LINC01465|ICAM1|LAMB3|IL1B|MGAM|CYB5D1|ZC3H12A|NFKBID|KANK1|PLK3|IL23A|G0S2|SFR1|IL15RA|ID2|DCUN1D3|NOCT|ICAM4|DUSP5|SOCS3|ZNF674-AS1|TNFAIP2|JUN|KDM6B|NAF1
PID_IL12_2PATHWAY	0.604201883602994	0.98639327339259	0.29567275297096	0.920178870041035	2501	50	IL12RB2|CD3G|CCL4|IL18R1|PPP3CB|JAK2|ATF2|PPP3R1|MAPK14|RIPK2|IL1R1|STAT1|IL18|PPP3CA
REACTOME_RHOC_GTPASE_CYCLE	0.604392830093411	0.98639327339259	0.281169099146105	0.931562289503885	2393	72	VAV2|DEPDC1B|ANLN|DLC1|ERBIN|ABCD3|FMNL3|ROCK2|TJP2|SLK|ABR|ARHGEF25|RHOA|ROCK1|ARHGEF12|ACBD5|RACGAP1|ARHGAP5|VAMP3|PREX1|IQGAP3|TFRC|VAPB
WP_CHEMOKINE_SIGNALING	0.604483808469416	0.98639327339259	0.260368236180679	0.944279056291095	2183	131	VAV2|CCL5|CCL4|GNG12|GNAI3|GNB4|PIK3CA|ROCK2|ELMO1|GRK4|VAV1|MAPK1|JAK3|XCL1|RAP1B|GNG10|SOS2|RAP1A|CXCL11|JAK2|ROCK1|GRK5|NRAS|PTK2|PIK3CG|CHUK|BRAF|TIAM2|WAS|CCR10|PREX1|PLCB1
WP_MICRORNAS_IN_CARDIOMYOCYTE_HYPERTROPHY	0.604614985740213	0.98639327339259	0.279914476094965	0.931763414462112	2331	76	EGF|MYLK3|CTF1|PIK3CA|ROCK2|LRP6|MAPK8|PPP3CB|MAPK1|MYEF2|GATA4|RHOA|FZD2|ROCK1|PIK3CG|CHUK|IKBKE|CTNNB1|MAPK14
GSE21670_UNTREATED_VS_IL6_TREATED_CD4_TCELL_UP	0.604977375565611	0.986559374084307	-0.267737547375841	-0.942602660110084	4010	175	ENKD1|SEMA4D|AKAP13|MCF2L2|STK36|NBEAL2|NXF1|ANKRD36BP1|JAZF1|ATG9A|LONP1|SPATA6|HDAC4|HS6ST1|STARD3|QSOX2|PPP1R35|CNTROB|TMUB1|AMPD2|PLEKHG2|TPM3P9|DUSP4|MXD4|YIPF3|UNC13D|SLC4A2|CDIPT|INTS11|PLEKHF1|SLC37A4|PLXNA3|TSSC4|PTGES2|AKT2|AGAP3|STARD10|POLR2J|MED25|PEF1|SH2D2A|PPP1R37|CIPC|OXA1L|FAM219A|BAIAP2|RANGAP1|AUP1|BCORL1|AP2M1|ARMC7|ILVBL|AP4B1|INTS1|TICRR|COQ4|MFHAS1|TRIM14|GBF1|GSS|ANKLE2|RNPEPL1
GSE7460_CTRL_VS_TGFB_TREATED_ACT_CD8_TCELL_UP	0.605125131125431	0.986559374084307	-0.266936603615007	-0.944032281427483	4037	180	PLEKHN1|FSTL3|CD14|PITPNM3|LYST|FAM234A|GTF2H4|TRPV2|ECI1|SLC41A2|SLC16A13|SLC19A1|IER3|PUS1|THEMIS2|PKMYT1|MET|ARHGAP26|EMP3|ADAP1|MYO1G|MOK|CCL24|DNAJC17|TMED1|RRP12|ITGB5|TRMT1|TRABD|GUK1|DUSP7|NCKAP5L|VARS1|PIDD1|ID2|KAZN|DPH2|IRAG2
MARCHINI_TRABECTEDIN_RESISTANCE_UP	0.604991007194245	0.986559374084307	0.359435267537048	0.901482210975594	2690	19	VBP1|AKAP12|YWHAQ|TJP2|IFIT1|IFI6|GLUL
PID_FANCONI_PATHWAY	0.605117064928796	0.986559374084307	0.299241833734443	0.921394176872403	2506	47	RMI1|NBN|RFC4|FANCB|HUS1|RFC5|RPA2|ATR|FANCF|FBXW11|BRIP1|PALB2|BLM|CENPS|RFC3|ATM|WDR48|RAD17|BRCA1|FANCM|FANCL|CHEK1|BRCA2
WU_SILENCED_BY_METHYLATION_IN_BLADDER_CANCER	0.605249613998971	0.986602082708943	-0.317991591117647	-0.913617327322887	3527	43	UBL3|ANPEP|HBB
REACTOME_DAP12_SIGNALING	0.605631308659465	0.986880655771257	-0.35417901059167	-0.903298677508871	3419	24	LAT|TYROBP
REACTOME_PHOSPHOLIPID_METABOLISM	0.60573476702509	0.986880655771257	0.250718504673438	0.955459268151891	2027	192	GPD1|PLA2G3|MTMR6|PLAAT1|CDS1|PLD1|TMEM86B|ABHD3|PIK3C2A|PIK3CA|PNPLA6|BMX|PI4K2B|PLEKHA5|PNPLA7|TNFAIP8|ETNK1|GNPAT|PIKFYVE|CHPT1|DDHD2|SLC44A1|INPP5K|AGK|OCRL|DDHD1|PLA2G4C|PLA2G4A|TPTE|INPP4B|LIPH|MTMR12|RAB5A|PIP5K1B|PIK3C3|MBOAT2|INPP5F|PLEKHA8|CPNE3|MTMR4|PIK3CG|GDE1|SACM1L|PLAAT4|PTEN|GPD1L|MTMR2|RAB14|LPCAT2|PLBD1|AGPAT5
RODRIGUES_THYROID_CARCINOMA_ANAPLASTIC_DN	0.605591397849462	0.986880655771257	0.234459254900469	0.970585928516181	1407	489	ZC2HC1A|PITPNC1|NIPSNAP3B|ST8SIA4|PRR4|RGS5|EGR3|CLDN23|WDFY3-AS2|TBX3|FOXO1|KCTD12|ZNF573|CRYL1|ARID2|SESN3|KAT2B|CLN5|GPRASP2|FGF13|TMEM64|ST3GAL5|CTSS|MAP3K1|GNAQ|ZNF518A|EGR1|CTSK|EIF4E3|RMDN1|PPP6C|ARHGAP42|MEF2C|AKAP12|SMAD4|NR4A2|FMNL3|FAM13A|LZTFL1|SH3BGRL|AAK1|PRKAR1A|CHPT1|DDHD2|CBX7|TOB1|SLC44A1|METAP2|SH3BGRL2|NLK|BBS1|DENND6A|TRIB1|PPP3CB|MRPS6|UBR5-DT|SNRPN|ICA1L|NEO1|PLPP3|SYNE2|SLC26A4|GLIS3|TSPAN12|EPB41L4B|SLC4A4|RASSF8-AS1|NPAS3|ALDH9A1|SLC18B1|FOXP1|ABHD14A|ZFAND4|TMF1|SLC25A3|DCAF17|NSUN4|VWA5A|CSRP1|GRK5|NME7|BCL2|NDUFA5|RAPH1|ANKRD46|BMPR1A|CPNE3|RNPC3|IFTAP|ZBTB37|UBE2D3|AP4S1|CYP4V2|COX7B|KIDINS220|MAGI2|SKP1|MON2|PFKFB2|NF1|ATP6V0E2|CAV2|C8orf88
WP_OSTEOBLAST_DIFFERENTIATION_AND_RELATED_DISEASES	0.605813767768727	0.986880655771257	-0.284250424445624	-0.930251479703213	3792	96	WNT11|FZD9|MAPK13|FZD7|PIK3C2B|PRKCZ|MAPK11|MAPK12|WNT3|PPARG|JAG2|NOTCH3|FZD3|MAPK7
BIOCARTA_TPO_PATHWAY	0.606019151846785	0.986955708206741	0.343885171619419	0.902507478468064	2657	23	PIK3CA|JAK2|PIK3CG|THPO|STAT1|SOS1|MAP2K1|PRKCB|CSNK2A1|SHC1
GSE17721_CTRL_VS_GARDIQUIMOD_2H_BMDC_DN	0.606334841628959	0.986955708206741	0.253478664922562	0.953484507171594	2009	178	GNA13|GNAT2|PPP2R3A|CD70|TAMALIN|FBXW8|GOLPH3|NCOA2|NRG4|STXBP3|MEF2A|TRMT10A|CCNA2|MMADHC|MYNN|MAPK6|SMAD2|AP3M1|SC5D|INTS8|RBM7|SEMA6B|CD96|FAM174B|SYNE2|RPS6KA2|SBDS|HLA-C|TMED7|OSGIN2|SAMSN1|CTNND1|ADK|ENDOD1|ABI1|CITED2|SECISBP2L|SERINC1|GOLGA7|BNIP2|KBTBD2|ETF1|PLSCR1|STAU1|DLD|POLR1B|TMA16
GSE32533_WT_VS_MIR17_OVEREXPRESS_ACT_CD4_TCELL_DN	0.606374866554827	0.986955708206741	-0.26994106270373	-0.941837722958641	3975	161	MYBPHL|PYGM|PLXNB1|CRIP2|FMC1|MLXIPL|PTPDC1|FAM131A|ITIH5|CARNS1|HSPB6|RGS17|CASQ2|MYPN|APOD|TMEM163|VSIG4|STK39|CLDN12|GPC1|TMEM8B|DOCK6|FRMD6|AXIN2|ESRRB|SGCG|MACROD1|HOXC8|DEAF1|DNTTIP1|SIDT2
GSE40274_CTRL_VS_FOXP3_AND_SATB1_TRANSDUCED_ACTIVATED_CD4_TCELL_UP	0.606449771689498	0.986955708206741	0.256147993630149	0.94787236014411	2124	154	MYO1F|CD83|BATF|CD69|ITGB1BP2|MFSD14A|MTREX|UBA5|MMADHC|NAB1|WTAP|MSANTD2|PLXND1|HK2|SYTL3|CD96|GPR183|SLAMF7|EIF4E|VAPA|TPRKB|HNRNPK|EIF2S1|DNAAF10|HMGN3|LRP11|SKP1|CD47|UTP15|STARD4|RBBP8|GART|SMPDL3B|TCERG1|AGPAT5|RPF1|NMI|SPRED1|CUL5|NUP54|CDCA2|PSMC5|SDHAF3|SRPK1|PRKCQ|DIMT1|DKC1
GSE411_UNSTIM_VS_100MIN_IL6_STIM_SOCS3_KO_MACROPHAGE_UP	0.606432311144353	0.986955708206741	-0.265637081499893	-0.943008966628561	4053	188	PBX4|FES|TCEA2|GTF2I|CASTOR1|AMDHD2|B3GNT8|TNK2|ARHGAP45|NSUN5|TPD52|SLC2A9|RDH12|NUDT16|LAMB3|TXNDC16|ATP2A3|CHD6|MAP4K1|DCXR|BRAT1|TRAF2|MED10|MYO9B|BRD9|AGRN|CRTC1|SDHAF2|PPP1R3F|NDST1|MAF1|ZNF354B|NT5C|RGL2|EPOP|MED12|MLH3|AKAP7|BORCS7|DTNBP1|MTG2|TP53BP1|TRAF3|PHF2|HOXB3|EPB41L2|APOBEC3B|RNF113A|AP1G2|ZNF808|DDX54|SHKBP1|SLC25A28|ARHGEF6|STX16|TFAM|EIF2AK4|DHODH|TUT1|USE1|CORO1B|TRIM65|OBI1|CYB561D1|DYNLT2B
RICHERT_PBMC_HIV_LIPO_5_AGE_37_48YO_STIMULATED_VS_UNSTIMULATED_14W_TOP_FUNCTIONAL_NETWORK_UP	0.606101390758188	0.986955708206741	0.36171629054537	0.895897477362837	2701	18	CD69|TFPI2|UHMK1|IL24|SOCS2
GSE41867_NAIVE_VS_DAY8_LCMV_ARMSTRONG_EFFECTOR_CD8_TCELL_UP	0.606636500754148	0.987032830214348	0.253462672643642	0.953424350668129	2010	178	TRAPPC2B|NXPH3|ZNF708|ZNF235|ARL5A|PDCD10|UCHL3|LYPLA1|ZNF493|TSPAN13|FCRLA|CMPK2|WTAP|RPF2|SLAMF7|KCTD14|OOSP2|C1GALT1|MRPS23|MCTS1|TCEANC2|UGP2|CPOX|TENT5A|PIK3C3|MFF|GTF2E1|UBA2|RDH11|EPCAM|CRIPT|SEC23A|FH|MGA|TTC33|PCSK1N|COMMD10|ZNF266|CD93|OPN3|GINM1|ARL6IP6|MORF4L1|LATS1|HNRNPA2B1|NDFIP1|LETM2|MSMO1|GNE|SARNP|AFP|POLR2K|RMND1|VDAC3|HEXB|WNT10B|ALG5|KTN1
REACTOME_MYOGENESIS	0.606693819727289	0.987032830214348	-0.354043496450511	-0.902953062040894	3425	24	MAPK11|MAPK12|MEF2B|CDH15|ABL1|MEF2D|CDC42
GSE360_LOW_DOSE_B_MALAYI_VS_M_TUBERCULOSIS_MAC_UP	0.607297741887244	0.987215341386907	-0.267488822433426	-0.945133580099083	4060	178	IGF1R|CCR7|CTBP2|SMPD1|SYNM|LILRA2|BSN|P2RX4|CLN3|ATP2B3|KLF12|SLC6A8|SPECC1L|BRD3|PLOD3|EMP3|MX1|DHX38|BRD1|VPS72|ITGB5|HIC2|CDIPT|TRAP1|GFUS|ENTPD6|DCTN3|CLSTN1|NBL1|CDK10|RASSF1|VPS39|KDM4B|HNRNPAB|ADGRL1|EEF1D|LPAR2|RPS6KB2|BCL2L1|PLEKHM2|MOAP1|SREBF2|ADD1|TEAD3|NUP188
GSE36888_STAT5_AB_KNOCKIN_VS_WT_TCELL_IL2_TREATED_6H_DN	0.606929510155317	0.987215341386907	0.250666159201568	0.955259785603488	2031	192	RFX3|SGO2|KCTD12|ARL5A|PLK4|DEPDC1B|NEDD4|MNS1|TLE4|SLC25A46|P3H4|KLF10|XPR1|KIF11|RFX5|ARHGAP11A|BCLAF3|OPA1|CCP110|IRGQ|IPMK|COPS3|UGCG|CDC27|FKBP10|FCER1G|CHAC2|MYO6|KLHDC2|MORF4L2|TGFBR1|SEC23A|DNM1L|TPP1|CENPI|MKLN1|CTNNB1|FUCA2|FAM111A|LRRC40|WDR31|ZFAND5|MMS22L|NIPA2|SMC4|ZDHHC16|XPNPEP1|CENPJ|ZNF473|ZNF318|ZNF326|ATL2|SKP2|HJURP|PEPD|INPP4A|MAPRE1|GPSM2
GSE3920_IFNA_VS_IFNG_TREATED_ENDOTHELIAL_CELL_DN	0.607253086419753	0.987215341386907	-0.273149738774417	-0.941025343320986	3934	144	BCO2|PLAT|CLDND2|CATSPER4|PPFIBP2|LPCAT4|RTN2|TWIST1|APLF|SVOP|GPC1|ENTPD1|RAB15|COBLL1|NINJ2|LIG1|KCNK6|LPIN2|RAB11FIP4|ITGB1|SELENOI|MBOAT7|ANKRD55|SDHA|WNT5B|INTS4|DPY19L1|POLM|CDC42EP3|ESYT1|MGAT1|NEFH|SELENON|H2AZ1|ELMO2|PKIG|PPM1G|RXRA
HOFMANN_CELL_LYMPHOMA_DN	0.607062097756132	0.987215341386907	-0.326931933999033	-0.908562020054879	3489	36	IL11RA|IFITM1|PDCD1|TNFRSF1A|MAPK7|MAD1L1|RIN1|IL15RA|CDC34|CYC1|CASP9|CASP10
REACTOME_REPLACEMENT_OF_PROTAMINES_BY_NUCLEOSOMES_IN_THE_MALE_PRONUCLEUS	0.607174103237095	0.987215341386907	-0.334532065400068	-0.907227174096168	3469	32	H4C4|H2BC13|H2BC17|H4C11|H4C3|H4C14|H4C2|H2BC5
YAO_TEMPORAL_RESPONSE_TO_PROGESTERONE_CLUSTER_8	0.607705354979404	0.987717997617108	0.297113500952117	0.920434728483391	2507	49	CCNG1|CYP26A1|CKMT1B|PTGS1|MTHFD2|ETNK1|HSPH1|LMO7|HK2|USP14|ZBTB16|ALPL|ATP5F1C|PIP5K1B|MYC|BMP2K|SRSF1|GGCT|TFRC|TGFBR3|BCAT1
LEE_AGING_NEOCORTEX_DN	0.607806691449814	0.987722772992267	-0.307549460196195	-0.917474273841176	3596	53	BMP8B|ECM1|MYL11|DBP|COL6A1|TRIM10|HCFC1
GSE42021_TREG_PLN_VS_CD24INT_TREG_THYMUS_UP	0.608079589990956	0.987846403031108	0.252843902646305	0.953468578833778	2016	181	KCTD12|MMP14|MFSD14A|KPNA3|HIF1A|PPP1CB|PIK3CA|PFKFB3|TAB2|RNF103|PROCR|UBE2N|NAA15|YTHDF3|SLK|IFRD1|WTAP|HK2|UGCG|EFNB2|ABR|PLA2G4A|ACSL4|NOP58|UFM1|JAK2|SERTAD1|ACSL1|PELI1|DDX5|SSB|TRA2B|SCAMP1|HNRNPK|MOB1B|HSPD1|DNAAF10|SEPTIN2|PSMA6|LRRC58|PAK1IP1|SNTB2|FBXW11|PSMD14|HSP90AA1|TAX1BP1|AEBP2|DSTN|DLD|BHLHE40|MAP2K4|DNAJB6|RIOK3|RAB10|PBRM1|TNFSF9|MAPRE1|KCMF1|B4GALT3|SLC25A17|MAP3K5|TOP1|CRKL|PPP1R15B
GSE46606_UNSTIM_VS_CD40L_IL2_IL5_3DAY_STIMULATED_IRF4MID_SORTED_BCELL_UP	0.608014462187406	0.987846403031108	0.249883096003458	0.95498517577043	2017	196	SETD7|ATG16L2|BBS12|ZBTB22|HVCN1|PRMT9|BTBD1|TP53INP1|PPP1CC|AKAP11|ARHGAP11A|RIF1|NCBP2|SP3|CBX3|STYX|XPO7|RBL2|CPSF3|ATG10|ZXDB|LGALS4|BMF|GNG10|SLC25A36|AGL|MBNL1|MRPS35|SP1|PRMT3|ZMYM5|CASD1|NNT|FH|ACBD5|GBE1|GDE1|CLNS1A|GLTP|GALNT1|GPD1L|CETN2|PANX1|GLT8D1|UBE4B|ASXL2|EIF4B|ATP6V0E1|CDC42SE2|CISD1|PMS2
CONRAD_STEM_CELL	0.608746492048644	0.988130221084134	0.324073619965323	0.906573180892307	2602	30	POU6F1|ZNF436|LIN28A|MYCBP|HSPA4|DKK3|PHTF2|LIN28B|MYC|ELOVL6|TTLL4
GSE11961_FOLLICULAR_BCELL_VS_GERMINAL_CENTER_BCELL_DAY40_DN	0.608650104759054	0.988130221084134	-0.265826275759583	-0.942495373386664	4066	186	SSC4D|CCDC12|HLX|ITGA4|CD37|POLR2F|PPP1R14A|ANKH|HCST|MICOS10|SUN2|NCCRP1|SRMS|CIB1|CYBA|HMGCL|PIGQ|ADAP1|NINJ2|EXOSC5|SCARB1|AKNA|GAL3ST1|KCNK6|POLD1|MYO9B|CST3|CDCP1|PPP1R12C|UCP2|RPL10|RAD54L|SIGIRR|GIT2|HES6|NMNAT1|INTS5|ACD|ZSCAN2|PSD4|SREBF2|RILP|TYK2|SH3BGRL3|LTB4R|ARMC7
MISIAK_ANAPLASTIC_THYROID_CARCINOMA_UP	0.608408124704771	0.988130221084134	0.31088647507869	0.912287321862615	2575	37	SIX4|DTL|MME|GINS1|MAD2L1|HES7|SH2D4B|RRM2
VALK_AML_CLUSTER_11	0.608573928258968	0.988130221084134	-0.330799230751368	-0.908429074633869	3477	34	CIITA|IFITM1|FYN|GAS2L1|MDFIC|KCNN4|PALM|DUSP7|EVL|EGFL7
VALK_AML_CLUSTER_13	0.608534322820037	0.988130221084134	0.325059479585424	0.904228293555457	2623	29	ITGB4|NCALD|ADRA2C|LAT2|GRK5|POU4F1|LCP1
GSE7831_UNSTIM_VS_CPG_STIM_PDC_1H_DN	0.608984021706361	0.988203881908042	0.251488242026587	0.954098830775196	2019	188	BICDL1|C3orf18|ZBTB12|PRNP|CD44|PRKCH|RNF11|ABHD17B|XRCC4|BATF3|ADPRH|PJA1|PEX1|TMEM37|MXI1|CIBAR1|ARMCX6|CAPN2|MKRN1|DCAF6|QNG1|PLXNC1|SLC35D1|ARL3|ACSL4|DNAI4|FUT8|TENT5A|HBEGF|TUBE1|FAM133B|LRP12|PLEKHA8|BMPR1A|RABGAP1L|FBXO28|MYC|HECTD1|LYRM1|VAMP3|BMP2K|MIER1|CNDP2|PRDM2|MRS2|GTDC1|TAX1BP1|EIF4A2|TMCO3|SAV1|CDK6|ATF3|PALS1|OMA1|HECTD2|VCF1|HIBADH|MSL1|MBD2|FKBP1A|NFX1|HROB
REACTOME_EXTRA_NUCLEAR_ESTROGEN_SIGNALING	0.608988764044944	0.988203881908042	0.284142874532992	0.92309374333741	2438	64	EGF|SRC|GNG12|ESR2|GNAI3|GNB4|PIK3CA|ZDHHC21|UHMK1|MAPK1|S1PR3|EPGN|GNG10|HBEGF|BCL2|NRAS|ELK1|PTK2|CDKN1B|CAV2|CREB1
COATES_MACROPHAGE_M1_VS_M2_UP	0.609501435656487	0.988214446444644	0.278004508052124	0.930107281503453	2334	78	CNRIP1|RFX3|AIF1|FAM135A|GNB4|RCBTB2|ABHD1|TGFBI|SLC40A1|CAP1|HMGN3|ATP6V0E2|TTC3|PPP2R5C|PTGER3|PLBD1|LCORL|SLC35A1|PLAAT3
GSE42724_NAIVE_VS_MEMORY_BCELL_UP	0.609567198177677	0.988214446444644	-0.268843690321259	-0.941355215897558	4013	167	GNAS-AS1|ABCC10|PPFIBP2|FICD|FLT3LG|IL4I1|FGFBP3|BEND6|NSUN5|CXCL16|AXDND1|FLAD1|ACVR1B|RASGRP1|SCAND1|CMKLR1|IL1B|MX1|SH2B2|NINJ2|SUCO|GUCA1B|GBP2|NCSTN|SPOPL|UNC13D|PSMB10|SCYL3|TNIP1|METTL6|SYS1|TYW5|PAFAH1B1|TMEM183A|MOAP1|ATP6V0A2|C11orf71|SPHK2|C9orf72|DUSP14|NRBP1|DPM2|NFKBIE|CHRNB1|ACBD3|HMGA1|IRAK2|COA5|TCF25|SLC8B1
GSE45365_CD8A_DC_VS_CD11B_DC_IFNAR_KO_MCMV_INFECTION_UP	0.609268514311677	0.988214446444644	-0.268931544846237	-0.941777868838289	4022	166	SP5|CEP83-DT|H2AC15|ZNF71|LINC01134|KREMEN2|ALKBH6|FOXD3|PPP1R14A|PNMT|SNX30|CCND1|SKIDA1|SLC25A19|LRRC75A|DHX38|NFATC4|IGF2R|TMEM87B|SELENBP1|SLC2A3|GGT7|TAB1|GRIPAP1|DDX31|ATP6V0E2-AS1|ID2|BORCS5
HASLINGER_B_CLL_WITH_CHROMOSOME_12_TRISOMY	0.609571788413098	0.988214446444644	-0.359697455972805	-0.89693806289128	3387	22	DYRK2|PMF1|HIP1R|GIT2|TIMELESS|ANKLE2|M6PR|SNRPF|SRSF9|MCRS1|ANAPC5|GLIPR1|MLXIP|NCKAP1L
LA_MEN1_TARGETS	0.60958595859586	0.988214446444644	0.345892610920212	0.901650451727516	2708	22	FGF13|PTER|DDR2|SORBS1|HSD17B11|IGFBP5|AZI2|CNN1
REACTOME_INTRACELLULAR_SIGNALING_BY_SECOND_MESSENGERS	0.609106239460371	0.988214446444644	0.242553030768636	0.961219244721489	1805	285	EGF|FGF5|AGO4|FOXO1|PREX2|CAMK2B|SRC|ESR2|PSMC6|SLC38A9|RNF2|NEDD4|PSMC1|NRG4|HDAC2|PDGFB|PSMD5|EGR1|PIK3CA|CD80|PSMA1|BMI1|PSMA4|PRKAR1A|MKRN1|KPNA2|PPP2R5E|PSMD6|VAV1|MAPK1|TNKS2|IL1RL1|EPGN|FGFR1|KIT|IRAK4|PIP5K1B|HBEGF|LAMTOR3|PHLPP2|MTA2|RHEB|CDKN1B|WWP2|ATF2|PSMD10|RICTOR|PSMA2|CHUK|PSMA6|RBBP4|CREB1|PSMC2|AKT1S1|PPP2CA|TNKS|PPP2R5C|PTEN|PSME4|AGO1|PSMD14|PPP2R1B|PSMD11|REST|PSMC5|SCMH1|RBBP7|SUZ12|RRAGB|PSMA3|PIP4K2A|KDM1A|EED|FOXO4|GAB1|PRKX|RNF146|STRN|PIK3CB|PRKAR1B|PPP2R5A|AGO2|PRKCD|MTA3|CBX4|PTPN11|PIP5K1A|GATAD2B|CSNK2A1|PIP4K2C|RAC2|PSMF1|AGO3|RRAGC|AHCYL1|FGFR4|GRK2|PML|THEM4|PIK3R2|PSMD1|PSME3|RAC1|CSNK2B|CSNK2A2|TNRC6C|USP7|XIAP
ASTIER_INTEGRIN_SIGNALING	0.610940695296524	0.988327927986942	-0.312015988403596	-0.914720719301442	3584	48	GAA|EPB41L1|GDPD5|ABCA4|KRT4|FOS|STARD3
BOUDOUKHA_BOUND_BY_IGF2BP2	0.612101910828026	0.988327927986942	-0.281917516453562	-0.92648391060052	3843	100	ABRACL|ATP2A1|COX8A|TSPAN5|EPS8|GAS5|ROMO1|CCND1|ABCB6|FAU|HIGD2A|SEC61B|TRIP6|RPS15|RPS10|RPS16|SDF2|NDUFA1|RPL36|TMEM147|ISCA2|SMIM14|CD81|EMC6|S100A6|MAN2A1|DESI1|HSPA1B
BROWNE_HCMV_INFECTION_12HR_DN	0.61139812721989	0.988327927986942	-0.286712357127832	-0.927906187517087	3786	89	MTCL1|ATXN1|TSPAN5|ZNF516|CRYBG1|MYH8|ECM2|ZIC1|FYN|SERPINE1|HMGCL|TTLL1|AKT3|TBC1D8|DHRS3|RIN1
DER_IFN_GAMMA_RESPONSE_UP	0.610926602457655	0.988327927986942	-0.295088607335408	-0.923555278240502	3678	71	IFI30|PSMB9|TAP1|IFITM1|IFI35|IFI16|IFIT2|ICAM1|FAS|TRIM26|ISG15|SP110|PSMB10|IL15RA|IRF9|PARP1|ATP6V0B|BBC3|IRF1|ELK4|SEM1
GAUSSMANN_MLL_AF4_FUSION_TARGETS_C_DN	0.610550954267195	0.988327927986942	-0.368455431669563	-0.892294944760764	3390	19	CHAC1|IFI16|UCHL1|KLHL4|SLC7A11|ASNS|ARHGAP22
GSE10094_LCMV_VS_LISTERIA_IND_EFF_CD4_TCELL_UP	0.611523611523612	0.988327927986942	0.249332424414839	0.953730204254844	2058	195	FEM1C|SLC35A3|UBR3|SFT2D2|NABP1|BLTP3B|CGGBP1|PEAK1|PARP11|PNPLA7|TFB2M|RBAK|CBX7|ZNF12|RBM41|BTBD9|CNOT6|ZXDB|DOCK10|RASSF6|TIGAR|DNAI4|LRRC8C|USP47|TENT5A|MOSMO|CERT1|BCDIN3D|SLC30A7|DOCK11|ZNF623|CARD6|STK24|ZFC3H1|ABCB1|RIOX2|CCNT2|PHF3|CREB1|NRF1|TOR1AIP1|IPP|RAB14|KIAA1191|NUFIP2|ZFYVE1|BRWD1|ATP11B|RAB6B|HLTF|RPL5|NUMB|ZNF318|ZDHHC7|TBL2|KPNA1|NUP58|MORC3|STK38|MRPS2|PARP14|FKBP1A|WDR48|ALG5|BTAF1|ARHGAP25|MED20|PPP1R15B|EXOSC8|EPM2AIP1
GSE14000_UNSTIM_VS_16H_LPS_DC_DN	0.610558069381599	0.988327927986942	0.252021968388598	0.953916030808214	2023	185	NXT2|ADTRP|DEPP1|IFIH1|DHX58|SFT2D2|ST3GAL5|NABP1|AMD1|DTX3L|ENTPD7|LDHA|ARL8B|MT1X|PI4K2B|H2BC21|ETV3|CIP2A|CYP27B1|CEP135|ZFTA|CMPK2|APOL2|WTAP|SLAMF7|CD274|JAK3|ELL2|USP53|ACSL1|PHLPP2|NAMPT|TARS1|RABGAP1L|PGM3|DRAM1|CDK2|PIWIL4|C4orf46|PSMA2|ZNF621|STARD4|TPST1|CR1L|MASTL|MKLN1|HMGCS1|MIER1|RIPK2|CDC73|H3C10|STX17|GRSF1
GSE14699_NAIVE_VS_DELETIONAL_TOLERANCE_CD8_TCELL_UP	0.61211742660837	0.988327927986942	-0.274225647462588	-0.935471401384492	3919	133	IL21R|SMAD7|CCR7|TSC22D3|MAPK8IP3|FAM193B|GRIA3|SLC39A2|NSG2|MICU3|PLEKHA1|TCP11L2|RASGRP1|HDAC4|YPEL1|BICRA|SLC12A7|TRIP6|FBXL20|TREML2|WDR13|HDAC7|MGRN1|EPHX1
GSE24574_BCL6_LOW_TFH_VS_TCONV_CD4_TCELL_UP	0.610278372591007	0.988327927986942	-0.269779848290029	-0.939895747374669	3989	159	WNT11|FOXD1|CLDN7|SPPL2B|BRME1|LMOD1|TLR6|LMF2|VILL|TWIST1|ABCB8|MATN4|TPD52|KLK2|ARHGEF17|UNC13A|OCEL1|TNK1|GRIK5|MUC1|COLGALT2|ARHGEF10|IL16|SPN|PPOX|PER1|ITGAV|CCDC9|RAP1GAP|PAIP2B|ATP6V0A1|BCL2L1|CKB|KDELR3|CTSZ|C15orf39|POP7|COG2|PNPLA2|JADE3|TMEM158|RBM5
GSE25677_R848_VS_MPL_AND_R848_STIM_BCELL_DN	0.611572615296477	0.988327927986942	0.255189273069774	0.946951054021683	2134	157	GPD1|FOXO1|CAPZA1|NCOA2|SLC39A10|TOP2A|EXD2|MAP3K1|BCAP29|KIF20B|CDCA7|MAPK6|CRLF3|NHEJ1|HIBCH|PGRMC2|PICALM|SNX4|INPP4B|RAB36|GNPDA2|RAP1B|JAK2|MTCP1|DNAJA2|TRA2B|MTA2|DBF4|KLHL6|WWP2|ANXA1|WAS|PMPCB|GALNT1|CEP57|PCNA|GGCT|ZFAND5|WBP1|STARD7|POLR1B|HERC4|BTK|BTG1|ZNF318|OTUD4|GLRX3|IDI1
GSE27241_CTRL_VS_DIGOXIN_TREATED_CD4_TCELL_IN_TH17_POLARIZING_CONDITIONS_UP	0.611268403171008	0.988327927986942	0.257655205655732	0.943371417585541	2158	143	PTPN6|DOP1B|BATF|CD69|ATG16L2|PPP1R3D|PDCL2|ANKRD13C|TCF7|NCOA3|ARID5B|EGR1|ETV3|ETNK1|NAB1|TWF1|UBASH3A|TRIB1|FAM124B|MYOM2|GPR183|FLACC1|CD274|XCL1|EGR2|SAMSN1|ARL5B|REL|RAPH1|BAZ1A|PDE7A|UBE2D3|HEATR1
GSE29618_PRE_VS_DAY7_FLU_VACCINE_MONOCYTE_UP	0.612042033513207	0.988327927986942	0.256722772633747	0.944605919036227	2154	148	ZNF443|ZNF385D|TBX3|GNA13|EMC9|NXN|HIF1A|MBTPS2|ZBTB18|RNF138|FOXA2|PALS2|TSC22D2|SNAPC1|SLC44A1|IRF2BP1|SCNN1D|ERVMER34-1|PSCA|SPATA6L|GPLD1|SND1-IT1|HBEGF|LIMK1|PHLPP2|ARPC3
GSE360_L_DONOVANI_VS_B_MALAYI_LOW_DOSE_DC_DN	0.611859838274933	0.988327927986942	-0.265534016956304	-0.940249635027037	4085	182	SPIB|PBX3|CD14|ACTA2|TRIO|P2RY11|POR|SLC7A7|MNDA|VSIG4|PDLIM7|SPECC1L|FOS|COMT|STAB1|BRD3|MED22|AMPD2|SLC43A1|AMHR2|DDX39A|SNRNP200|SLC1A5|DIAPH1|HEXA|CLSTN1|MLEC|HMGN2|CNPY3|NISCH|MED12|BTD|ICAM3|AP1B1|IRAG2|ERP29|DNASE2|KYAT1
GSE42021_TREG_PLN_VS_TREG_PRECURSORS_THYMUS_UP	0.611544227886057	0.988327927986942	-0.26682635347479	-0.942683216856843	4078	179	MXD3|UBL3|FAM171A1|PBX3|DYSF|TLX1|ATXN1|CARF|CCS|IQCG|RGS3|ING4|APLNR|NSUN5|EXTL1|ICAM1|FLAD1|PILRA|TRIOBP|ACTN2|SNHG20|RAB11FIP5|CPQ|NACC2|GRK6|SZRD1|MADD|RAD54L|OSBPL11|KAZN|TROAP|FAT1|EPOR|PRR14|INPP5E|MOAP1|PPME1|GAS6
GSE42724_MEMORY_VS_B1_BCELL_UP	0.610235629596278	0.988327927986942	-0.264848677749425	-0.940846199457637	4065	190	GNAS-AS1|PURG|RNASEK|RHBDD3|SELENOM|TMEM134|PBXIP1|GDF15|SH3BP2|SLC52A2|TMEM63A|DBP|HDAC8|PDE6D|SNX30|NCCRP1|CXXC1|PPFIA4|TXNL4B|NRTN|HGS|ACP3|SLC6A13|FBLIM1|MEAK7|CRAMP1|NINJ2|ZFYVE19|MAP7D1|RNF181|BRD9|PDRG1|CRYZL1|PDP1|TMEM199|DEF8|SLX4|VPS39|MAF1|DAPK3|GRINA|IPPK|ZNF569
GSE6092_UNSTIM_VS_IFNG_STIM_ENDOTHELIAL_CELL_UP	0.612086930634117	0.988327927986942	0.250195618417142	0.954576001539697	2055	193	MAP10|SLC10A7|RPGRIP1|IL12RB2|GLMN|PUS10|ZNF227|CD164|MGAT2|ENTPD7|RHOT1|ARL8B|ABCE1|NEMF|PDE8A|RBMX|GRPEL2|HSPA4|PREPL|PLXND1|RAP2A|GTF2A1|HESX1|GFI1|FCER1G|C5orf22|DLAT|TMED7|BTBD10|DNAJA2|AGGF1|SSR1|DDX3X|MLLT11|AKIRIN1|BAG2|ATP2A2|COMMD10|UBQLN1|MAPK9|ABRAXAS1|HMGCS1|SEPTIN11|ADORA2B|USO1|XPOT|GARS1|IDE|OSBPL3|PSMC5|CENPJ|RMDN2|HSPA9|KPNA1|COPB1
GSE6674_UNSTIM_VS_CPG_STIM_BCELL_UP	0.610805716978169	0.988327927986942	-0.276226854284141	-0.936287990090873	3888	126	WFS1|DNASE1L2|SPRR2D|AXL|PLA2G15|SREBF1|CIAO2B|CIMIP2B|PTGIR|FYN|SERPINE1|ENTPD1|SLC25A19|RNF32|PSMB10|ENO3|PPARD|SNX8|TSC22D1|ID1|HDAC5|MYBL2|MFGE8|MED16|NCLN|PHF2|TYK2
GSE9037_WT_VS_IRAK4_KO_LPS_1H_STIM_BMDM_DN	0.61211477151966	0.988327927986942	-0.269220994078662	-0.940548232709425	4031	162	TEP1|REM2|RPH3AL|DIPK1A|ACE|ZNF169|TSPAN5|RENBP|ANKH|SLC38A10|TNFRSF21|SUN2|OTX2|ZBTB3|IFI27L2|AKT3|ARHGEF26|RIMBP3C|PIGR|TMEM18|SLC2A8|FBXO41|DHRS3|SEC61A1|PRPF40B|AFDN|UCP2|ZNF628|ACVR2B|NUDT14|LONRF3|PCK2|RPL35|LY6E|PTRH2|CDKN1A|KIF2C|DNPEP|RADIL|ADAM8|ANTXR2
MAGRANGEAS_MULTIPLE_MYELOMA_IGLL_VS_IGLK_DN	0.611910759265923	0.988327927986942	-0.359011959490345	-0.895228715558161	3400	22	ZNF331|AXL|GAS2L1|LTBP4
PID_A6B1_A6B4_INTEGRIN_PATHWAY	0.612052730696798	0.988327927986942	-0.31684788916651	-0.907547320663531	3574	42	LAMB1|SFN|LAMA4|LAMA5|MST1R|LAMB3|MET
REACTOME_FORMATION_OF_TC_NER_PRE_INCISION_COMPLEX	0.61059242912918	0.988327927986942	-0.307989555546816	-0.912896609262033	3596	51	POLR2L|POLR2F|XAB2|UVSSA|GTF2H4|UBA52|PPIE|UBB|POLR2E|RBX1|PRPF19|GPS1|POLR2A|POLR2J|ERCC2
REACTOME_MRNA_CAPPING	0.611775043936731	0.988327927986942	-0.340943890115411	-0.906726486891989	3480	29	POLR2L|POLR2F|GTF2H4|POLR2E|SUPT5H|POLR2A|POLR2J|ERCC2
SUNG_METASTASIS_STROMA_UP	0.610191082802548	0.988327927986942	-0.282250376561974	-0.927577810471675	3831	100	GAA|SVEP1|TIMP3|IGIP|DHRS1|EPS8|TRIO|PLOD1|HSPG2|FHL1|CLDN11|CALR|AGRN|JUNB|SDC4|CD276|MGAT3|PDIA5|EMC10|PRRG2|CD81|JMY|CKB|CDC42EP3|PINK1
WP_LUNG_PATHOLOGY_OF_COVID19	0.609848484848485	0.988327927986942	-0.37470734558313	-0.895705513876765	3380	18	CSF2|RIGI|IRF3|IL1B|STING1
WP_SLEEP_REGULATION	0.610576923076923	0.988327927986942	-0.35597877650898	-0.898467288893089	3428	23	SLC29A1|FOS|CST3
GSE2770_IL12_VS_IL4_TREATED_ACT_CD4_TCELL_2H_DN	0.612270516240389	0.988416121264237	-0.276957097212277	-0.936134343945407	3901	123	SPAG1|TCTN2|STX1A|RPL28|TMEM115|XAB2|TNFRSF21|TCIRG1|TUBGCP6|SGIP1|TGM1|TPCN1|TBCB|TAF15|TMED1|RRP12|SLC1A5|CAPN15|TSKU|TRMT2A|VPS11|VPS8|SF3A2|TMEM214|TMUB2|ZSCAN2|TCF15|UPP1|TSEN54|TXN2
CHUNG_BLISTER_CYTOTOXICITY_UP	0.614749587231701	0.988983481883356	0.261020166708807	0.938450493322263	2233	124	DCP1B|GPR137B|RTL6|PGAP1|ZNF410|CKS2|PSMC1|COPS8|MRPS24|ZWILCH|TCF12|PGRMC2|NUP37|CPSF3|SYTL3|CD96|SYT11|MICALL1|TIMM23
FOURNIER_ACINAR_DEVELOPMENT_EARLY_UP	0.614625392552714	0.988983481883356	0.35994905349243	0.891520391621844	2739	18	BNIP3L|ZNF277|EGR1|GOLPH3L|LEPR|CEP57|SUCLG2|FOSL2
GAUSSMANN_MLL_AF4_FUSION_TARGETS_E_DN	0.614357864357864	0.988983481883356	-0.372841472750112	-0.891245306185544	3405	18	ANGPTL6|COL6A3|TRIB3|MORC4
GSE17580_TREG_VS_TEFF_S_MANSONI_INF_DN	0.614410611998794	0.988983481883356	0.252519704024432	0.952246033239353	2037	181	PDK1|CCL5|ATP6AP2|USP38|UBR3|PDIK1L|RNF13|SCG2|SIAH1|CLK4|RCHY1|SOSTDC1|ADD3|DENND4C|ATP1B1|ATP1B3|DMTF1|UGCG|SYNE2|TANC1|OTULINL|S1PR1|TDRP|EHD3|APPBP2|SLC20A1|DPH6|WASHC3|NFE2L2|WIPF1|CMPK1|BCL2|NRAS|ITM2A|SEMA4A|RNPC3|PDE7A|ATE1|PRKD3|SPTSSA|PPP4R3B|TIA1|UBE2D1|HNRNPA1|MTMR2|TMT1A|MFSD6|SGMS1|SYF2|BZW2|VTA1|METTL9|INPP1|GALNT7|AFP|RMND1|MSL1|DNAJC21|PRKX|FBXW7|RPS6KA3|TAOK1|PPP2R5A
GSE17721_CTRL_VS_PAM3CSK4_8H_BMDC_DN	0.612971342383107	0.988983481883356	0.253157044826532	0.952274702082657	2031	178	DPYSL2|SNX16|SLAMF6|FCGR2B|KRT27|CD70|IL10RB|POGLUT1|EGLN3|UCN|NRG4|TBCA|CPD|DLC1|MAPK6|GRPEL2|PSMD6|PJA2|PSCA|TTC39C|ABCB11|CHRNA3|ICOSLG|RPS6KA2|ELL2|CAPRIN1|USP47|SQOR|TMEM38B|PELI1|EMC2|DNAJB11|PSMA2|BRAF|CLIP1|BRWD3|ZNG1B|AGBL5|DOC2A|FBXW11|SFXN1|USO1|GINM1
GSE22611_UNSTIM_VS_2H_MDP_STIM_MUTANT_NOD2_TRANSDUCED_HEK293T_CELL_DN	0.614620938628159	0.988983481883356	0.25246450116697	0.953039424506704	2042	182	CRYL1|HAT1|VPS26A|TLE4|HIF1A|NUDT13|RARS1|RASGRP4|THOC2|DDX10|TCF12|TCP1|AGPS|VAV1|DDHD1|COPS3|HNRNPH2|SCARF1|DCAKD|DLAT|APPBP2|TMF1|PCCA|SAMSN1|MBNL1|SRP72|ACTL6A|MAPRE2|FBXO33|ACBD5|GABPA|TUBGCP4|SDAD1|SEC23IP|FRYL|SLC25A5|UPF2|MRPL3|NDE1|RSF1|UBE4B|CDC73|IQGAP3|REST|TMEM167B|CCT6A|RIPK1|SYNJ1|AHCY|PALS1|GLO1|GORASP2|ANO6|RAP1GDS1|POLD4|FKBP1A|TGFBRAP1
GSE25677_MPL_VS_MPL_AND_R848_STIM_BCELL_UP	0.614314115308151	0.988983481883356	0.256520973849917	0.943863404752419	2162	148	ITGB7|ST8SIA4|GNA13|GPR174|UBA6|CTSS|RND2|KDSR|LGALS8|ITSN1|NAB1|SMC2|STARD3NL|NDC80|BCL9|NUP133|SYNE2|ABCA6|FCGRT|ELL2|RHOA|SKAP2|ZSCAN29|TENT5A|UBQLN2|FTO|MOB1B|NEU3|BRAF|LYRM1|APC|NCBP1|NCS1|ACAT2|TRAM1|FCHSD2|YAF2|PEPD|EP300|KBTBD3|RNASEH2B|MCL1|N4BP2L2
GSE33424_CD161_HIGH_VS_NEG_CD8_TCELL_UP	0.61447963800905	0.988983481883356	0.253090597980688	0.952024755847216	2036	178	ZNF841|CD83|CD40|FCGR2B|GNA13|KCTD12|IL10RB|ARL5A|ITFG1|STT3B|UBLCP1|ARIH1|EIF4G2|MEF2C|AKAP12|CRLF3|SYPL1|SMNDC1|SLC44A1|FCRLA|OAT|GRPEL2|WBP4|HSPA4|SKIL|GNG10|SLC25A36|SKAP2|ASNSD1|DYRK1A|DNAJA2|AP1G1|HBS1L|RAB28|IREB2|SNX2|DNAJB9|UBE2D3|ADAM10|RFC1|CYRIB|SACM1L|TRNT1|CA2
GSE369_SOCS3_KO_VS_IFNG_KO_LIVER_DN	0.61417556346382	0.988983481883356	0.25287404803152	0.951008461585703	2070	175	ELK3|NUDT12|CD44|CAMKMT|BCAR3|PAOX|HERC3|HLA-B|ANLN|NPM1|NPR2|MRPL42|CIP2A|RBAK|ZWILCH|LDLRAD3|SH3BGRL|CAPN2|IRGQ|PLGRKT|EPS15|NUSAP1|ATP6V1G2|TMED6|PTPN14|OOSP2|NOP58|UBE2E3|ABHD14A|TDRD3|CREG1|PLEKHA8|RRM2|MOB3C|ARHGEF12|PRDX6|SLC36A4|STMN1|NOD1|ATP13A3|CDKN3|STIL|IPO11
GSE3982_DC_VS_MAC_LPS_STIM_UP	0.613506180283389	0.988983481883356	0.252555569023778	0.952381279332294	2034	181	KRT8P12|FOSB|TNFSF12|MSL2|FOXO1|ABCC3|ANKRD49|DARS1|B3GALT4|AMZ2|NSUN3|SHQ1|ZNF16|PGRMC2|AGK|GMPS|PSMD6|NUP133|ABCB11|SLC35D1|PDS5B|NDUFV2|CCNH|GTF2E1|RESF1|MTMR4|TARS1|HSPD1|MGA|RCOR3|WWP2|NUP88|ZKSCAN5|ABCB7|IL13RA1|RPF1|PLCB1|SYF2|PARP4|CIZ1|CKAP5|NUP155|TRMO|TMEM87A|GRSF1|INTS7|SMURF1|GNE|CARD8|ZC3H14|MOCOS|STK38|PLAU|POLD3|CSE1L|DPH5|AQP3|GPATCH8|CCDC69|MNAT1|TERF2IP|MFAP1|SLC66A3|ASF1A|SMG1|ZNF248|GOT2
GSE3982_EOSINOPHIL_VS_MAST_CELL_UP	0.614635630610072	0.988983481883356	-0.268911312598291	-0.939632690061066	4039	163	TSGA10|NOTCH2NLA|PITPNM3|APBB2|APLP1|COL14A1|ABCA7|FICD|TCAP|XAB2|LMOD1|UBL5|EPN2|ITGAX|SPATA6|SMPD3|DUS2|APOBR|TNFRSF1A|CDKN2D|NLRX1|DUSP8|ENTPD1|TSPAN9|MMP15|GAL3ST4|USP19|ACACB|IQSEC2|ITFG2|MOCS3|GIT2|RNF24|TAF1D|CAMKK2|CBX2
GSE5589_IL6_KO_VS_IL10_KO_LPS_STIM_MACROPHAGE_45MIN_UP	0.613201911589008	0.988983481883356	0.250164338246516	0.953347403894442	2052	192	MTMR6|CFAP410|PARPBP|DYNC2LI1|RBM44|AGO4|MS4A6A|ZNF658|WDFY3|CCN1|ITGB3BP|GNG12|VPS26A|PPT1|INTS13|KDSR|UAP1|RINT1|CRLF3|RPAP3|SACS|GNPAT|RIF1|GAS2L3|NCBP2|ZFYVE26|C18orf32|RAB3D|MEX3B
LINDSTEDT_DENDRITIC_CELL_MATURATION_C	0.61352493660186	0.988983481883356	-0.305550173180645	-0.914567693097225	3628	54	IGF1R|COL14A1|N4BP2L1|ARID5A|STK39|NFIL3|MUC1|TRADD|POLR2E
LUI_THYROID_CANCER_CLUSTER_3	0.614504488646365	0.988983481883356	-0.341392042421882	-0.901635093412635	3490	28	CLDN7|UQCR11|RPL18|RPS2|TMEM147|TMBIM6|RPS12|RPS5|ERGIC3|EIF3K
REACTOME_DOWNSTREAM_SIGNALING_OF_ACTIVATED_FGFR2	0.614549653579677	0.988983481883356	0.337429764997256	0.901823035627588	2660	25	FGF5|PIK3CA|NRAS|SOS1|GAB1|PTPN11|SHC1
REACTOME_HSP90_CHAPERONE_CYCLE_FOR_STEROID_HORMONE_RECEPTORS_SHR_IN_THE_PRESENCE_OF_LIGAND	0.614348677766895	0.988983481883356	0.293348266732807	0.920514063690341	2508	53	CAPZA1|CAPZA2|DCTN4|PTGES3|DCTN6|DNAJA2|ACTR10|TUBB1|CAPZB|HSP90AA1|DYNC1LI2|NR3C1|FKBP4|HSPA8|TUBAL3|TUBB6|TUBA1A|DNAJA1|TUBA4A|FKBP5|DYNC1I2|PGR|DYNC1LI1
REACTOME_INTEGRIN_SIGNALING	0.613468634686347	0.988983481883356	0.329948857982507	0.901356906251833	2659	27	SRC|VWF|RAP1B|RAP1A|ITGA2B|PTK2
SANA_RESPONSE_TO_IFNG_DN	0.612877997914494	0.988983481883356	0.277143275636975	0.928870646725733	2350	79	HDAC2|EIF4G2|RTN4|YWHAQ|OAT|VWF|FGFR1|SLC25A3|MORF4L2|CCT4|RPS3A|HSPD1|RPL6|APEX1|TIMM17A|ATP5PB|TFRC|FABP5|METTL9|DAB2|CCNB1IP1|CSE1L|KDELR2|RHOC|ILF2|MICAL2
SENESE_HDAC1_AND_HDAC2_TARGETS_DN	0.614170884191724	0.988983481883356	0.250002997004301	0.953841089476712	2062	193	MEIS1|CNRIP1|MYL9|PLCE1|EGF|ZNF362|SESN3|ABCC3|TMEM135|ARID5B|HDAC2|TMEM37|NEXN|RHOBTB1|SC5D|SPP1|TENM2|GPNMB|FGFR1|SYTL2|LINC01270|IGFBP5|LAT2|CALD1|ATL1|INSIG1|PRR16|PKP2|IFT74|CELF2|WIPI1|ENDOD1|CNKSR3|TCP11L1
WP_EFFECTS_OF_MFN2_MUTATION	0.613782051282051	0.988983481883356	-0.355229866862267	-0.896577089633157	3446	23	DYNC2H1|ATAT1|RABAC1|DYNC1H1|DYNC2I1|DYNC2I2|TUBB3
WP_PRIMARY_OVARIAN_INSUFFICIENCY	0.613197341987328	0.988983481883356	-0.272676147473732	-0.937747816374017	3967	142	MSH5|AMH|BMP8B|CYP19A1|DIAPH2|GAS5|HSF2BP|ATG9A|ACSL6|SERPINE1|COMT|RECQL4|SYCE1|ESR1|GDF9|AMHR2|LARS2|FANCA|SELENBP1|SIL1|RCBTB1|POLG|RPL10|ERAL1|MEIOB|ACVR2B|CBX2|FANCG|LMNA
WU_HBX_TARGETS_2_UP	0.614789492623246	0.988983481883356	-0.358543756523342	-0.894061209212788	3416	22	ANPEP|CXCL1|FAS|ATP5PF|BCL2L1|STK25
BIOCARTA_NOS1_PATHWAY	0.616232014388489	0.989177402946861	0.356347205493905	0.89373719191456	2740	19	PRKAR1A|PPP3CB|CALM2|PPP3CA|PRKAR1B|PRKCB
CHEOK_RESPONSE_TO_MERCAPTOPURINE_AND_HD_MTX_DN	0.61699196326062	0.989177402946861	0.33951651047347	0.899474318257523	2686	24	TGFBR2|UCHL3|SACS|MPHOSPH9|SERPINE2
DAUER_STAT3_TARGETS_UP	0.616670705112673	0.989177402946861	0.29858746324845	0.913616748539253	2544	46	FEM1C|CCL2|PFKFB3|AKAP12|TRIB1|UGCG|PLPP3|PALM2AKAP2|EFNB2
FONTAINE_THYROID_TUMOR_UNCERTAIN_MALIGNANCY_UP	0.615398075240595	0.989177402946861	-0.329643576473343	-0.905255457984283	3516	34	CLDN7|PBXIP1|KCNK5|FLT1
GSE11924_TH2_VS_TH17_CD4_TCELL_UP	0.615475139746985	0.989177402946861	0.254324944628804	0.948544836209679	2091	166	MTMR6|SLC9B2|SUGCT|CCDC33|PGAP1|ACBD7|NTS|ARL5A|CEP128|TMCC1|UBLCP1|ROCK2|ZFYVE16|RTN4|MEX3B|RAP2A|PLRG1|PJA2|GFI1|CAB39|TENT5A|SAMSN1|MED7|MLLT11|MAPRE2|SLC36A4|PSMD10|SUCLG1|ARHGAP5|DAD1|SRSF1|LCORL|RIOK3|PEPD|PALS1|NDFIP1|CASKIN2|AFP|HSBP1|PAFAH2|KYAT3|ATG3|CCDC117|RAB9A|FTCD|NUDCD1|ALDH1A1|GTF3C6|S100A1|ZNF260|ERGIC2|MDH1|CCND2|UMAD1|SLC23A2|HDAC11|TTC9C|PPIC
GSE2585_THYMIC_DC_VS_MTEC_UP	0.615477813115251	0.989177402946861	-0.268355583954456	-0.939760897487805	4063	166	MATN1|ADAM19|S100A2|SEMA4D|PIEZO1|FAM193B|SYNGR1|LPCAT3|HOOK2|SYNE3|TNFRSF21|MSI1|COMT|KCNJ15|MGAM|TRADD|RAMP1|AKR1C2|LRRC20|CYREN|SNU13|GPR107|NFE2L1|ARID3B|HYAL3|CRYZL1|PALM|RPS2|MLH3|RNF24|ZNF133|AARS1|MCM2|ST8SIA1|ADD1|RPL35|VEGFA|BCKDK|CDKN1A|JUN|TUBA3C|PLEKHO1|FXN|NBR2|RPS14|TMEM120B|PKIG|KDM2A
GSE29617_CTRL_VS_DAY7_TIV_FLU_VACCINE_PBMC_2008_DN	0.615615165592687	0.989177402946861	-0.265997391772404	-0.940710720103525	4107	180	ADAM19|TCTN2|ZNF585B|PABPC1L|NSUN5P2|RABAC1|UQCR10|HYOU1|ZNF692|NSUN5|PDCD11|FLAD1|LMAN2|SDF2L1|AURKAIP1|RPAP1|SEC61B|PIGU|MAP3K12|MYDGF|MED24|UQCRQ|ATP5PF|SEC61A1|BABAM1|SELENOS|BORCS8|DGUOK|FKBP2|PLPP5|BMS1P20|MRPL24|GUSBP11|PDIA5|PRR14|ECH1|AARS1|EAF2|MCM3|MCM7|CCT7|SETD5|MRPS12|PDIA4|OIP5|SEC11C|SLC39A7|NDUFAB1|CRELD2|NDUFB4|HAX1|FAM219B|PDIA6|MEN1|UQCC1|GMPPB
GSE29618_LAIV_VS_TIV_FLU_VACCINE_DAY7_BCELL_UP	0.617176536626438	0.989177402946861	0.25715358729851	0.940542617909817	2198	140	ZNF442|TENM1|BMAL2|CD70|NLGN3|TSKS|TRIM23|RUNX2|H2AC17|ANKRD27|RMDN1|NHEJ1|GCLM|MAD2L1|H2AP|HMGB3P30|RAB40AL|SERPINB5|SLC4A4|POF1B|RNF144A|CNIH3|NUBPL|ZNF215|FZD4|TCP11L1
GSE33513_TCF7_KO_VS_HET_EARLY_THYMIC_PROGENITOR_UP	0.615573267933783	0.989177402946861	-0.269495636845665	-0.93757501766219	4015	158	TRPM2|RINL|MGAT4A|CBS|TNK2|THEM6|TNFRSF21|RNF207|APLF|IFI35|FOXP3|ZNF580|PUS1|ZBTB3|NR1D1|ACTN2|C5AR1|IFITM3|CHD6|TNKS1BP1|DACH1|STOX1|F2R|SDC4|CERS4|PHC1|PLEKHF1|ID2|SASH1|FBXO31|ZBTB39
GSE3982_DC_VS_TH2_UP	0.616892911010558	0.989177402946861	-0.266715903571845	-0.939005838607945	4089	175	MTCL1|ANPEP|SEL1L|ENG|ENC1|LILRA2|GASK1B|RENBP|HLA-DOB|DIAPH2|PLXNA1|RTN2|REX1BD|TNFRSF21|TRIO|SMAD6|SLC7A7|SLC2A9|HFE|AHCYL2|CLCN7|PILRA|ROBO3|RGS14|C5AR1|SCARB1|PSAP|LYL1|CST3|THBD
GSE39864_WT_VS_GATA3_KO_TREG_UP	0.616235044676662	0.989177402946861	-0.268229013152684	-0.939317656141694	4068	166	GKAP1|TIMP3|DHH|MT2A|PSMB9|TAP1|TLR6|MYL11|SH3BGR|AATK|MYPOP|IFI35|IFIT2|SYT7|STK39|CCND1|CLCN7|CPS1|CDKN2D|TIMP1|SLC6A13|IFITM3|GBP2|IL18BP|SLC12A7|RNH1|TBC1D10A|NDEL1|CDCP1|GRINA|UBE2J2|TANK
GSE45365_BCELL_VS_CD8_TCELL_UP	0.616153205661948	0.989177402946861	0.259693073178455	0.940423871937448	2219	130	ANKMY1|BCAR3|PELI2|AKAP5|TBX3|CNR1|LVRN|CDH18|ZNF75A|SNHG4|LIN28A|FGGY|ZNF620|ATG2B|YTHDF3|DCAF6|SLC2A10|ENSG00000237870|SLC40A1|KIF27
GSE6681_DELETED_FOXP3_VS_WT_TREG_UP	0.616962220508867	0.989177402946861	-0.271550185861024	-0.937296254495759	4000	147	ANPEP|SYPL2|RDH16|B4GALNT4|TMEM117|C6orf132|LCAT|SLC52A2|PNMT|MYPOP|DNAAF1|SLC41A2|ATP1A3|KIRREL1|VSIG2|GAREM2|COL6A3|MOK|BATF2|DDX39A|NPDC1|RAB40C|SOX18
GSE8921_3H_VS_24H_TLR1_2_STIM_MONOCYTE_UP	0.615987933634993	0.989177402946861	0.252919966189933	0.951382907867757	2041	178	MEIS1|MTMR6|KBTBD8|CD40|C2CD5|TNFRSF14|TCF7|SCOC|FOXJ3|DUSP22|AKAP11|HYCC1|ARHGAP11A|PIKFYVE|POLA1|FCRLA|MAPK8|EPS15|INPP4B|PHETA2|CHAC2|RAP1A|GUF1|INPP5F|ZNF445|PLPBP|KCTD6|B4GALT5|CLIC4|PRDX3|ARMC1|FBXO33|ANKRD50|CLIP1|INPP5B|PSIP1|S100PBP|UGT8|HLTF|IMMP2L|ANKMY2|ICE2|UTP25|GHITM|RPAP2|SMAD5|EP300|LYSMD2
KEGG_PYRUVATE_METABOLISM	0.617146905999055	0.989177402946861	0.309216020555389	0.907385421633699	2612	37	ME1|LDHA|LDHD|ALDH9A1|DLAT|LDHB|ACAT1|ALDH2|ACAT2|ACACA|ALDH1B1|DLD|GLO1|PKLR|MDH1|ME2|PDHB
OHGUCHI_LIVER_HNF4A_TARGETS_DN	0.617021276595745	0.989177402946861	-0.276931925569645	-0.932400252012931	3914	119	VWCE|ELOVL3|RDH16|ETHE1|MFSD2A|RARRES2|AQP11|C8G|CYP2F1|ALDH8A1|SPATA2L|LIFR|PCYT2|TFR2|GCHFR|NUDT7|KYAT1|ENPP3|TIMELESS|CTSH|F12|SERPINF1|ALAS2
REACTOME_SIGNALING_BY_HIPPO	0.617007104795737	0.989177402946861	0.37055272301911	0.887531644129468	2778	16	TJP2|WWTR1|CASP3|MOB1B|MOB1A|STK4|LATS1|SAV1
REACTOME_TRANSPORT_OF_CONNEXONS_TO_THE_PLASMA_MEMBRANE	0.616955892986262	0.989177402946861	-0.377002567168927	-0.889117205446071	3412	17	TUBA3E|TUBB2B|TUBA1B|TUBB3|TUBA3C|TUBB4B
STAMBOLSKY_RESPONSE_TO_VITAMIN_D3_DN	0.617127322156774	0.989177402946861	0.348859337209345	0.896650847056834	2723	21	KAT2B|SLC38A9|MEAF6|HMGN4|MAML2|NRF1|IPP|NUP54|ZNF232|CDS2
VANDESLUIS_COMMD1_TARGETS_GROUP_3_UP	0.615075376884422	0.989177402946861	0.280691732724029	0.928076377732137	2447	71	SLC13A4|CCNG1|EGLN3|LIN28A|BNIP3L|LDHA|CBX7|ETV5|APOA2|HKDC1|PKP2|ERO1A|DSG2
WILLERT_WNT_SIGNALING	0.617007104795737	0.989177402946861	0.370682019249481	0.887841328794543	2778	16	NCOA3|SRP19|EIF3J|CITED2|NSMAF
WP_INTERACTIONS_BETWEEN_LOXL4_AND_OXIDATIVE_STRESS_PATHWAY	0.616868550919695	0.989177402946861	0.359076699167682	0.889359747881608	2749	18	NFE2L2|EXOC6|ANXA5|NRF1
WP_PHOTODYNAMIC_THERAPYINDUCED_UNFOLDED_PROTEIN_RESPONSE	0.617090069284065	0.989177402946861	0.336825778763933	0.900208807260932	2671	25	EIF2A|EIF2AK3|UBE2E1|NFE2L2|NARS1|DNAJB11|DNAJB9|ATF3|HSPA5|BCL2L11|DNAJC3|WARS1
HOLLEMAN_ASPARAGINASE_RESISTANCE_ALL_UP	0.617394416607015	0.989368638873119	-0.360431513034947	-0.891526242106525	3449	21	MICAL3|NTRK3|UBOX5|TAP2|NPHP4|RPL3|DPY19L1|NOP53
GSE22601_IMMATURE_CD4_SINGLE_POSITIVE_VS_CD4_SINGLE_POSITIVE_THYMOCYTE_DN	0.617531088868669	0.989416311268901	-0.267542747412798	-0.93768451762579	4071	168	SUZ12P1|ZNF341|RAP1GAP2|RPL28|TIMP3|RAB34|SHISA7|TSPAN5|SLC39A3|PPM1J|SLC3A2|SLC45A4|TCIRG1|SCGB2B2|ZNF836|TMEM163|TGFB3|PHB1|TXNDC16|RHOF|RECQL4|USP20|VPS18|SLC25A45|SLC43A1|TXNDC15|GATD1|PGP|SLX4|PPP1R18|RGL2|OSBPL11|NEMP2|TUBA1B|ZBTB39|SMARCA4|TNIP2|PITPNM1|TRAF3|UPP1|PDXK|SESN2|POP7|ZNF808|SETD5|PLBD2|PNPLA2|PPP1R9B|PRPF8|PFDN6|PHF19|TMEM218|TMEM231
WHITEHURST_PACLITAXEL_SENSITIVITY	0.617621299702225	0.989416311268901	-0.331880268372853	-0.905707361234771	3525	33	DNHD1|NDOR1|ITIH5|FSIP1|B3GNT9|GAL3ST4|TUBGCP2|PSMA7|PSMC3|ACRBP|PAPLN
PID_INSULIN_GLUCOSE_PATHWAY	0.617850185939437	0.989565820015313	-0.3517345019671	-0.897064199062379	3488	24	SLC2A4|SFN|PRKCZ
REACTOME_TRAF6_MEDIATED_NF_KB_ACTIVATION	0.617911791179118	0.989565820015313	0.344228072855664	0.897311441727202	2745	22	NKIRAS1|IFIH1|MAP3K1
MATZUK_SPERMATOGONIA	0.618058043711931	0.98957760282895	-0.362353050355925	-0.889329017325465	3449	20	BMP8B|CYP19A1|CDKN2D|PIN1
REACTOME_TBC_RABGAPS	0.61811631497684	0.98957760282895	-0.315631533633699	-0.90683667817668	3602	43	SYTL1|TBC1D2|GGA1|RAB33B|RAB7B|TSC1|TBC1D10A|TBC1D25|TBC1D17
GERY_CEBP_TARGETS	0.618256604967568	0.989644363046476	-0.279093475680214	-0.930721005117297	3907	111	PLAT|C3|H2AC8|ADSS1|ACTA2|EREG|DBP|IFI16|PPARG|FOS|ELMOD3|NR1D1|DCN|MAFK|TRIB3|NSDHL|ID3|LSS|RNH1
HUANG_GATA2_TARGETS_UP	0.618388301182327	0.989697348097609	-0.272986663409894	-0.934780896415096	3974	138	FES|TYROBP|ADSS1|ADGRG3|CCPG1|N4BP2L1|RAB38|PSMB9|COX6A1|IFITM1|ANKH|UBL5|IFI16|NAPSA|PRORSD1P|SCAND1|TPCN1|C12orf57|EMP3|GREB1|TNFAIP8L2|SLC12A6|TSPO|TAP2|IL16|NDUFA6|CST3|KCNN4|GMFG|IL17RA
WP_PROTEASOME_DEGRADATION	0.618625277161863	0.989918784018935	0.284780770773006	0.917760690314358	2510	61	HLA-B|PSMC6|NEDD4|PSMC1|PSMD5|UCHL3|PSMA1|PSMA4|PSMD6|HLA-C|UBE2D3|PSMD10|PSMA2|PSMA6|UBE2D1|PSMC2
GSE17721_LPS_VS_PAM3CSK4_8H_BMDC_UP	0.618817852834741	0.989958651992136	0.251112724138032	0.951667868536852	2051	187	DOP1B|ASAH2|NTS|RGS2|HLA-B|RFFL|PDCD10|RUNX2|HMGN5|CD164|TLE4|TRIM6|STXBP3|PNPT1|CALB1|PSMA4|SLF1|CAPN2|RNF115|HOXC4|EPGN|CHRNA3|FCGRT|SLC40A1|PCCA|CSRP1|FXR1|IL10RA|RAP2C|SCIN|ZNF654|MOB1B|CDKN1B|HMGN3|MINPP1|CREB1|UBE2D1|SERTAD3|PMPCB|VAMP3|SFXN2|RAD21|ALDH1A2|NSMAF|MFSD6|ETV6|RIPK1|SH3GLB1|ATF3|BAK1|USF1|MCL1|KYAT3|ZFP36|MOCOS
SCHERER_PBMC_APSV_WETVAX_AGE_18_32YO_2_TO_4DY_DN	0.618847433876336	0.989958651992136	-0.331591687873941	-0.904919819741404	3532	33	RPS21|ENG|UQCR11|RPL13A|PEX7|HMGCL|RPLP1|DGUOK|IL15RA|CD3D|CSTB
GSE11961_MEMORY_BCELL_DAY7_VS_PLASMA_CELL_DAY7_UP	0.619089574155654	0.99015298023091	0.253253961685835	0.949452397859067	2107	171	NOXRED1|GPR137B|PGAP1|AGO4|PPP1R3D|TTPAL|SERPINI1|USP38|ABHD17B|BACE2|FAM76B|ZBTB18|EDARADD|CBLL1|PALS2|RTN4|ZNF512|MSH3|CPSF3|LDHD|MTSS1|OOSP2|ATL1|SHTN1|FLCN|CKAP2L|ACSL1|CNOT2|MTRR|MTMR4|MOB1B|NNT|FH|PPM1K|HMGN3
GSE37533_PPARG1_FOXP3_VS_FOXP3_TRANSDUCED_CD4_TCELL_DN	0.619596110695587	0.99015298023091	-0.264579835252754	-0.939255753088656	4141	188	PCNX1|IL15|IRF7|IFI30|CYLD|APOL1|PSMB9|ZNF467|TAP1|IFITM1|ARID5A|RABAC1|BTN3A1|GSDMD|UBA7|IFITM2|IFI35|IFI16|IFIT2|HERC6|RIGI|APOL6|THEMIS2|SHFL|MX1|GBP2|TRIM26|SP100|ISG15|TAP2|SP110|PSMB10|PHF11|HIVEP1|SIDT2|MALT1|CNP|OAS3|IL15RA|CMTR1
GSE3982_MAST_CELL_VS_CENT_MEMORY_CD4_TCELL_UP	0.619659396474455	0.99015298023091	0.250054104392981	0.951823639322914	2073	191	EOGT|LPXN|MS4A6A|PSMC6|TMEM53|NPL|CKS2|NBN|PPIP5K2|ETNK1|SPRY2|PROCR|DAPK2|CRNKL1|ETV5|PICALM|WBP4|MTCH2|ERP44|DCAF6|PLXND1|MED21|MAPK1|FCER1G|SPP1|CHN2|MRPL15|ACSL4|CAPRIN1|DUSP10|CENPU|SLC30A1|ATP5F1B|VDAC1|DCTN6|ACSL1|PAPSS1|FCGR2C|WIPI1|TMEM70|DRAM1|MOB1A|AP4S1|ATP2A2|APC|MKLN1|GPI|ARL4A|GPD1L|PTAFR|HMGCS1|TMT1A|XPNPEP1|RAB31|EXTL2|CORO1C
LIANG_HEMATOPOIESIS_STEM_CELL_NUMBER_LARGE_VS_TINY_UP	0.619531804209033	0.99015298023091	0.305475729745106	0.907378854275547	2619	39	GNG12|GNB4|JKAMP|HSPA4|SERPINE2|BUB1|GTF3A|CDKN3|LTV1|IL1R1|SARAF|FKBP11|FKBP1A
PETROVA_PROX1_TARGETS_UP	0.619288174512055	0.99015298023091	0.339188850599604	0.898606255490103	2696	24	CCNE2|TOP2A|GINS1|NDC80|CDK1|DMTN|SMC4|BTBD3|BUB1B|HMGB2
SCHRAETS_MLL_TARGETS_DN	0.61948694869487	0.99015298023091	0.343837772306328	0.896294031538294	2752	22	TGFBI|GATA6|HSPB8|FOXC2|LIMK1|CAP1|CDKN1B|CD93
XU_CREBBP_TARGETS_UP	0.619588744588745	0.99015298023091	-0.371303202412747	-0.887568203936943	3434	18	LMBR1L|RCN1|PRMT1|MCM2|S100A6|LDAF1|PPAN|NME4|ADSL|RRP1B|RAD1
KEGG_MEDICUS_REFERENCE_CXCR_GNB_G_PI3K_AKT_SIGNALING_PATHWAY	0.61993699369937	0.990438889504102	0.343655636535358	0.89581925180902	2754	22	CXCL8|GNG12|GNB4
BIOCARTA_CALCINEURIN_PATHWAY	0.620233288470166	0.99050068041638	0.358390202869544	0.887659436566368	2764	18	GNAQ|SP3|PPP3CB|CALM2|NFATC2|SP1
PHONG_TNF_RESPONSE_VIA_P38_COMPLETE	0.62037037037037	0.99050068041638	0.247896099297531	0.953863305011659	2009	209	CCN1|HLA-B|NCOA2|TMEM135|TMEM51|MNS1|MGAT2|KLF10|EGR1|LGALS8|RAB22A|SATB2|PPP1R12A|ETV5|SDCBP|IDH1|TCP1|NCALD|NEO1|IGFBP5|SERPINE2|EHD3|TRIM24|FZD2|INSIG1|KCNK1|TCAF1|RAP2C|SNX2|CAPN7|BAZ1A|PTPN12|SEC24A|CDK2|BACH1|GOLPH3L|ELOVL6|IKBKE|MID1|PHIP|PCNA|MBD4|TMT1A|HMBOX1|ACACA|HTATIP2|GABARAPL1|TMEM87A|BTG1|OTUD4|DLG5|FBRS|S100A4|SKP2|SSBP2|PNP|ATF3|U2SURP|MCL1|MSMO1|SMURF1|ZFP36|CRK|SOS1|CD82|FOSL2|NR3C1
REACTOME_ADORA2B_MEDIATED_ANTI_INFLAMMATORY_CYTOKINES_PRODUCTION	0.620098614698286	0.99050068041638	0.312303501190662	0.904589055366199	2640	35	GNG12|GNAI3|GNB4|PRKAR1A|GNG10|CREB1|ADORA2B|PRKX|GNAI2|PRKAR1B|GNB2
REACTOME_CELL_EXTRACELLULAR_MATRIX_INTERACTIONS	0.620310245310245	0.99050068041638	-0.371062497482293	-0.886992819611106	3438	18	FBLIM1|ITGB1|PXN|FLNA|ARHGEF6
REACTOME_G_PROTEIN_MEDIATED_EVENTS	0.620547613278411	0.990577109502417	0.295178122470593	0.914439075100272	2560	49	CAMK2B|GNAI3|GNAQ|PRKAR1A|KPNA2|MAPK1|PLA2G4A|GNAL
WANG_LSD1_TARGETS_UP	0.620615604867573	0.990577109502417	-0.359531410626509	-0.889299841559721	3467	21	PYCARD|IGFBP2|CSRP2|PDGFA|HEPH|MDK|MYCL|CDKN1C|GAS6|EPB41L2
GSE17721_CTRL_VS_POLYIC_4H_BMDC_UP	0.621153271586495	0.991173639278134	0.250020486056578	0.951695672108057	2078	191	DNAJB2|MPP3|NEDD1|ABTB1|DUSP19|SLC25A46|HNRNPLL|ANLN|IMPACT|TRMT10A|CCT8|PPP1CC|LRP6|UBE2N|HSPA4|SLC40A1|ERCC8|CAPRIN1|RAP1A|ANKRD28|NATD1|ATP5F1B|MRPL47|STAU2|RRM2|COPS5|MED7|SAMD4A|CAPN7|PTP4A2|SMC3|PIGC|DNAJB9|FBXO33|CYRIB|RPA2|LSM3|PARK7|EFL1|OGFOD2|QDPR|DAD1|PCNA|FAM118B|PEX2|HPF1|IQGAP3|TFRC|RDH14|FDFT1|CISD1|DCAF12|ESCO1|ELOF1|ACOT13|BICD2|GLO1|FAM98A|CRK|OSBPL2|FKBP11|SCML2|NCAPH|RASSF5|OXR1|TANGO2|PTPN18|BRCC3|SIRT3
GSE18281_CORTEX_VS_MEDULLA_THYMUS_UP	0.621186826529064	0.991173639278134	-0.26806100548459	-0.937853220436178	4092	165	UBL3|RCAN3|IL15|LYST|ZBTB49|ZFPL1|SLC12A9|HYOU1|MAP1LC3A|ANXA2R|BCAM|PRKCSH|HGS|SP2-AS1|TMEM255A|PCED1B|EWSR1|EID3|BRD9|SEC61A1|BABAM1|RAB40C|PRDM15|RTL8C|ZNF615|STAG1|KLHL2|IL15RA|GIT2|XYLT2|ERP29|DHX30|ENTR1|TP53BP1|RBM26|EXOSC7|EDEM3|ARMCX3|NUP188
GSE38696_LIGHT_ZONE_VS_DARK_ZONE_BCELL_DN	0.621732283464567	0.991601016667558	-0.27695568677001	-0.928606656999781	3947	115	ESPN|PIEZO1|CIITA|DHRS1|DEGS2|KLF12|MST1R|NAPSA|MED15|CRYGS|B3GNT9|HSD17B7|PLK3|SPHK1|RBFOX2|DOT1L|AP3D1|HSD17B1|NCAPD3|SPIRE2|MED25|ZMIZ2|RPS6KB2|ELL|LGALS12|NECTIN2|ACCS|DIPK1B|NANOS1|OBSCN|SLC25A10|H2BC4|CTXN1|SLC41A3|SSBP4|BEND3|PPP2R1A|CCDC80
GSE4984_UNTREATED_VS_VEHICLE_CTRL_TREATED_DC_UP	0.62174317617866	0.991601016667558	-0.271946457250237	-0.934020127255451	4008	141	SHF|RPH3AL|RASGRP3|ITPKC|HDAC10|RPLP2|TLR6|SERF2|EEIG1|SNX30|TNFRSF1A|HDAC4|SLC29A2|CHD4|FAU|KMT2B|ESR1|TSC1|PCIF1|FBXW4|CAPN15|FBXL20|WDR13|GRK6|GNS|RGL2|OAS3|ANKRD55|PRICKLE3|ITGA5|KCNH2|ELL|NAT1|MR1|MTM1|ITPR2|DNMT3A|FLNA|PPARGC1B|ANTXR2
REACTOME_TELOMERE_EXTENSION_BY_TELOMERASE	0.621751025991792	0.991601016667558	0.34066056994039	0.89404469097217	2726	23	PPP6C|CCNA2|SHQ1|ANKRD28|CDK2|POT1|DKC1|TERF1|TERF2IP
BIOCARTA_ECM_PATHWAY	0.621852517985612	0.991605333683807	0.35480483108142	0.889868837245174	2765	19	PIK3CA|MAPK1|RHOA|ROCK1|PIK3CG|PFN1|ARHGAP5
BILD_HRAS_ONCOGENIC_SIGNATURE	0.62224322621298	0.992036823222405	0.247690934135745	0.954164467925887	1974	216	TMTC3|ELK3|CXCL8|PRNP|MIR181A2HG|C2CD5|TBX3|BMAL2|MMP14|ZKSCAN8|SESN3|DNAJC6|TTC8|PTHLH|PALMD|ANGPTL4|TFPI2|ZNF608|KDM7A|EGR1|B3GNT5|LGALS8|UAP1|CYP27B1|ARHGAP27|CYP2R1|TRIB1|HK2|NIPAL1|SH2D5|PTX3|CD274|TNS4|LRRC8C|SLC20A1|CALM2|KCNK1|MBOAT2|HBEGF|NAMPT|RAPH1|PVR
SOGA_COLORECTAL_CANCER_MYC_DN	0.622320768662232	0.992036823222405	0.284251914901146	0.91605635076672	2525	61	SLC35A3|CD36|SULT1A4|CDS1|SLC30A10|B3GNT5|PPM1A|SLC44A1|LDHD|B3GALT1|SLCO4C1|NEU4|SLC4A4|SLC35D1|UGP2|PIP5K1B|B3GNT2
DEURIG_T_CELL_PROLYMPHOCYTIC_LEUKEMIA_UP	0.62312963221927	0.992129872059986	-0.254351802290962	-0.950623458758442	4455	327	TRIM45|COL18A1|H2AC8|RPH3AL|PIEZO1|RHBDD3|HOMER3|RPL28|SFN|CXCL1|SLC12A9|FAM131A|GRN|RNF170|ROGDI|ACTMAP|H2AC16|TCL1A|ELL3|ZNF516|TPD52|GNRHR|IRS1|CRISPLD2|IER3|HFE|SCRIB|LGALS3BP|LRCH4|STC2|MCAM|HCFC1|JAG2|ZNF593|MAD1L1|CPSF1|GNA11|H2BC5|FAXDC2|MERTK|CAD|KCNN4|ZC3H3|DGAT1|GPSM3|GRHPR|SLC39A4|BOP1|GFUS|INTS11|CLUH|CRELD1|MED12|VPS8|VARS1|ARHGEF1|ACVR2B|PGGHG|NRIP3|SF3A2|ATP6V0A1|ENTR1|INF2|TRAF3IP2|PRMT1|PDIA5|MCM2|PKD1|BCL7A|ABHD2|CLCN5|CTSH|CYC1|GCAT|MCM7|MPZL1|C15orf39|BCORL1|TGS1
GSE11057_NAIVE_VS_MEMORY_CD4_TCELL_UP	0.622926093514329	0.992129872059986	-0.266740276799645	-0.938719188808414	4129	174	IGF1R|LEF1-AS1|DNHD1|ZFTRAF1|LINC02175|SMPD1|PLLP|SPPL2B|IGIP|LAGE3P1|SNHG32|SREBF1|GPRASP1|NSUN5|AEBP1|ZNF516|KRT73|ZNF229|SLC29A2|PIK3IP1|ROBO3|EFNA1|PCED1B|CEP41|LINC02604|MZF1|SLC25A25-AS1|SCARB1|GAL3ST4|PIGL|AGRN|VPS52|NUDT17|CENPV|LMLN|ENGASE|SLC2A11|TTC28
HERNANDEZ_MITOTIC_ARREST_BY_DOCETAXEL_1_DN	0.623107384113673	0.992129872059986	0.316053557106741	0.90388963465638	2674	33	DPYSL2|RGS2|DTL
PETRETTO_CARDIAC_HYPERTROPHY	0.622680890538033	0.992129872059986	0.322325629772435	0.896623456574887	2684	29	FBN1|CD44|ARID5B|RTN4|CPNE3|DDX3X|ANXA1
PID_ALK1_PATHWAY	0.6225317348378	0.992129872059986	-0.346742732346949	-0.893116711567162	3530	25	SMAD7|ENG|TGFB3|GDF2
REACTOME_SIGNALING_BY_NTRK2_TRKB	0.62301767104667	0.992129872059986	0.347618000919064	0.893460319765618	2749	21	SRC|PIK3CA|NRAS|SOS1|GAB1|PTPN11|CDK5R1|SHC1|RAC1
WP_METABOLIC_PATHWAY_OF_LDL_HDL_AND_TG_INCLUDING_DISEASES	0.623169838945827	0.992129872059986	-0.386782376987207	-0.883288097850741	3404	15	APOA1|LCAT|APOE|SCARB1
XU_HGF_SIGNALING_NOT_VIA_AKT1_48HR_UP	0.623051322473288	0.992129872059986	-0.33077058794334	-0.902679022916992	3556	33	MMP1|FYN|TIMP1|ECE1|FHL1|ASNS|HPCAL1|MAP4K2|CDCP1|PCK2|ITPR3|UPP1|CARS1|SLC4A7|HMGA1
REACTOME_SIGNALING_BY_FGFR3	0.623287671232877	0.992160108442058	0.308331876753606	0.904790927354507	2638	37	FGF5|SRC|PIK3CA|SPRY2|MAPK1|NRAS|BRAF|PPP2CA
GSE32164_ALTERNATIVELY_ACT_M2_VS_CMYC_INHIBITED_MACROPHAGE_UP	0.623407762625506	0.99219393074914	-0.265233036290552	-0.938007545493588	4159	180	ADGRG3|EXT1|TMEM115|FICD|TAP1|HBB|RABAC1|TNK2|APOE|RTTN|NBEAL2|NXF1|CRYBG1|CYBA|GPC1|ICAM1|ERO1B|IRF3|RPAP1|STARD3|PPP4C|ENTPD1|AKAP8L|INPPL1|CTSD|PRF1|IL16|DIAPH1|MLEC|ITGB1|VKORC1|MAPKAPK2|PER1|IL18RAP|ZMYND11|VARS1|AP3D1|ID2|TK2|POLR2A|OGFR|SMARCD2|PCK2|CKB|ABHD8|NEURL4|TTC17|TRIM11|CTSH|ITPR2|RELB|BCAP31|LEMD2
GSE13522_CTRL_VS_T_CRUZI_G_STRAIN_INF_SKIN_DN	0.623757690487459	0.992436154242052	-0.276979724586105	-0.929424161428465	3953	116	SRGAP3|SEMA4D|MAPK8IP3|LPCAT3|SRD5A3|CFAP58|GPR173|PTGIR|HGS|TRPC3|BICRA|GPATCH3|DAPK3|MCOLN1|MTCH1|POLM|ABCD4|MED16|ATP6V0A2|ITPR3|NAT1|LY6E|PI4KA|ARAP1|H6PD|DDX54|SERINC3|MTMR14|RAB27A
WP_TUMOR_SUPPRESSOR_ACTIVITY_OF_SMARCB1	0.623698218005091	0.992436154242052	0.32477969320569	0.89491141922452	2694	28	DPF3|GLI1|H3-3A|ACTL6A|RBBP4|RB1|CDK6|ARID1B|SUZ12|EED
APPIERTO_RESPONSE_TO_FENRETINIDE_UP	0.623972003499563	0.99246252117392	-0.328164885915799	-0.90119473060046	3565	34	GDF15|ITGAX|UCHL1|SRR|CCNL2|PALM3|RRP12|SDC4
YOKOE_CANCER_TESTIS_ANTIGENS	0.623972003499563	0.99246252117392	-0.331032951810803	-0.897737826850386	3565	32	WFS1|FBXL2|GREB1|MOK
TAYLOR_METHYLATED_IN_ACUTE_LYMPHOBLASTIC_LEUKEMIA	0.624084827063873	0.992484710720398	0.27870151720992	0.923386759956037	2471	72	TTK|SP8|ARID5B|WDCP|NAP1L5|SMARCAD1|DLC1|SMC2|H3-3A|RUNDC3B|GTF2H2|IFT74|MOB1B|PSMA2|MYC|ZMPSTE24|PPP4R3B|FBXO36|TUT4|CLOCK|NFU1|STX17|NFIA|LAPTM4A|CWF19L1|NUDT9|SFXN5|AZIN1
GSE17580_UNINFECTED_VS_S_MANSONI_INF_TREG_UP	0.624663274468722	0.992660005585228	-0.264282509977616	-0.93702190353144	4173	186	NFKBIZ|SPIB|CCR7|IRF7|CD37|PHYHD1|RUFY1|DDX41|SNX30|CD19|ING4|IFIT2|KLF7|METTL25B|PLEKHA1|PILRA|RASGRP1|TXNDC16|CCNL2|FASTK|CA12|PXMP4|PIP5KL1|BIN1|ZFYVE19|RPP14|MAP4K2|HYAL3|ZBTB20|CRYZL1|INTS11|CDK11B|DGCR8|MADD|FBXL3|SFSWAP|H2AC25|LMBR1L|FZR1|MMP17
GSE20500_CTRL_VS_RETINOIC_ACID_TREATED_CD4_TCELL_DN	0.62484993997599	0.992660005585228	0.251845220748038	0.948548172216303	2081	179	OSGIN1|BCAR3|ITGB1BP2|IFIH1|FOXO1|EFNA2|SFT2D2|TMEM51|RHBDL1|GNAI3|HIPK3|IL18R1|USP2|AMMECR1|PFKFB3|RAB22A|H2BC21|IPO7|CLK1|WDR26|SLK|CTSF|ERP44|SCARF1|MYT1|SYCE1L|PMFBP1|MAMLD1|NPAS3|MYO6|SLC25A32|TOPORS|CRABP2|PYGL|ELK1|BAZ1A|ZMAT3|GDAP1|CLTC|TRDMT1|ATP2A2
GSE24574_BCL6_HIGH_TFH_VS_TFH_CD4_TCELL_DN	0.624887285843102	0.992660005585228	-0.263796307895911	-0.937772202682882	4157	192	TPM2|COL14A1|SEC31B|CD37|EXT1|MT2A|RPS28|RPS20|RPLP2|BTN3A1|TNK2|NXF1|RPL23|CLCN7|PIK3IP1|DGCR2|NME3|TIMP1|RBM38|MAGED2|CHD3|MZF1|SORBS3|PPP6R2|RPS16|DGKA|CDIPT|SGK1|CLSTN1|RPS23|PER1|RPL10|RGL2|FASN|ZBTB1|MFGE8|LAMP1|ICAM3|IL6ST|RPS12|NUMA1|UBXN1|SNRNP70|MOAP1|CENPB
GSE42021_CD24HI_TREG_VS_CD24HI_TCONV_THYMUS_DN	0.624737945492663	0.992660005585228	-0.26459708385067	-0.936931977196546	4171	182	NFKBIZ|SLC30A3|ABRACL|PLAT|SLC30A4|CD14|MADCAM1|TIMP3|MT2A|SMAD6|EEIG1|SERPINH1|COL6A1|IER3|ICAM1|FOS|SCAND1|SERPINE1|TBRG4|EFNA1|IL1B|EXOSC5|KCNJ11|JUNB|FAM83H|NDEL1|SLC39A4|SGK1|PDGFA|PISD|NR4A1|ID1|UGDH|TANK
GSE5589_LPS_AND_IL10_VS_LPS_AND_IL6_STIM_IL10_KO_MACROPHAGE_45MIN_UP	0.624808810033649	0.992660005585228	-0.268166656005409	-0.93427548856875	4084	159	PRG2|AXL|SLC9A1|LPCAT3|EREG|TECPR2|TWIST1|TNFRSF21|ETHE1|SOD3|CILP|RGL3|KLF7|MYO1A|ZNF462|TTYH2|CHD4|ZNF446|CASZ1|RAMP1|ZC3H12A|DDT|IL16|ABHD12|SDC4|ZBTB5|ATP6V0A1|RPS11|TMEM65|IQSEC1|USP40|ELL|CPT1A|ADCY3|BCAP31|AFMID|EBP|STARD5
KAUFFMANN_DNA_REPLICATION_GENES	0.624648283624086	0.992660005585228	0.25673967077368	0.93942960236583	2219	141	CXCL8|EGF|CCL2|CDC7|CCL4|REV3L|RFC4|ORC4|MSH2|SMC2|POLA1|ORC2|RRM2|CDK2AP1|RFC5|SMC3|RRM1|CDK2|RFC1|RBBP4|RPA2|TMX1|ORC3|PPP2CA|PCNA|CHRAC1|SSBP1|SMC4|PPP2R1B|BLM|UBE2A|CENPE|RFC3|NFIA|NT5M|MCM9|POLD4|POLL|POLD3|UBP1|RAD17|FEN1|NFIX|CTBP1|NAP1L1|UBE2B|POLQ|RPA3|BRCA1
KEGG_MEDICUS_REFERENCE_MICROTUBULE_DEPOLYMERIZATION_AT_THE_MINUS_ENDS	0.624414836154123	0.992660005585228	-0.364994041358592	-0.883912435477814	3467	19	TUBA3E|TUBB2B|TUBA1B|TUBB3|TUBA3C|PSRC1|TUBB4B
GSE15659_NAIVE_CD4_TCELL_VS_RESTING_TREG_DN	0.625417045799211	0.99318720229908	-0.26668221913394	-0.934668535873836	4123	168	SLC26A11|UBL3|WFS1|VASN|SLC22A18|TCN2|ZNF585B|ZNF596|UBL7|SERHL2|ZNF285|RGS17|ZIC1|TMEM208|STC2|TMCO6|TMEM139|SEMA6A|RAMP1|TRABD|THBD|SLC4A2|SAP30BP|ZNF579|SNHG12|TP53I13|ZMYND11|TBCCD1|SPATA2|TLCD1|TK1|TTC12|ENTR1|RUSC1|ZMIZ2|YIPF2|SKI|S100A16|WDR74
ONO_AML1_TARGETS_DN	0.625318213376533	0.99318720229908	0.324550029017657	0.894278593007987	2701	28	SLAMF6|CCL5|RUNX2|FOXN3
ACOSTA_PROLIFERATION_INDEPENDENT_MYC_TARGETS_UP	0.62657207352467	0.993543721420456	-0.285873469783327	-0.918988405170761	3885	84	NUP210|GLB1L2|SLC29A1|PDCD11|NRTN|JAG2|RGS14|TMEM161A|FBXO41|TSPO|SLC39A4|DHCR7|SLC5A3|CLUH|PRPF19|XPO6|PTK7|REPIN1|DUSP9|EMC1|STUB1|WDR74|PARP1|MRPL4|MAST2|MPZL1|CD320
ENGELMANN_CANCER_PROGENITORS_DN	0.626267623052189	0.993543721420456	0.287173671618763	0.914531939717276	2531	58	OSGIN1|CD44|BNIPL|ABCC3|REC8|RAPGEFL1|RBM4B|VPS37D
GARCIA_PINERES_PBMC_HPV_16_L1_VLP_AGE_18_25YO_12MO_CORRELATED_WITH_ANTIBODY_RESPONSE_POSITIVE	0.627621113521331	0.993543721420456	-0.373914000147947	-0.881833175262541	3471	17	MT2A|ADGRB3|POLR3K|HIRIP3|FANCG
GILDEA_METASTASIS	0.62689728203318	0.993543721420456	-0.340962608500735	-0.892963581844477	3551	27	TAGLN|TIMP3|IFI16|DUSP4|CPQ
GSE12845_PRE_GC_VS_DARKZONE_GC_TONSIL_BCELL_UP	0.627599817822985	0.993543721420456	-0.267661423304818	-0.93509972918486	4133	162	CCR7|TYROBP|CD14|MT2A|CXCL1|TAP1|CHST12|ARID5A|SH3BP2|DGLUCY|IFITM2|APOC1|FLT1|IGFBP2|CACNA2D2|IER3|GLG1|SDF2L1|BRD3|ENTPD1|EPHB6|IFITM3|LTBP3|PSAP|QTRT1|SP110|IL17RA|GAK|SAP30L-AS1|SFSWAP|ICAM3|DNASE2|IL6ST|PARP12|PCK2|APBA2|HES1|RNASET2
GSE14413_UNSTIM_VS_IFNB_STIM_NIH3T3_CELLS_UP	0.627094753328113	0.993543721420456	-0.273618075701765	-0.929285269628743	4003	128	NUP210|NPB|SLC35G2|AQP11|HSPB1|CHD4|HGS|AXIN2|DPP3|OAZ3|RAMP1|RPP14|RNF32|RAB11FIP5|ATP13A2|CLCN6|TIMM10|DUSP7|DNTTIP1|VPS52|PRKAB2|MUL1|RPL36|RPL37A|SDF4|CRAT|TXNDC11|PTPN23|PRR14|TMEM128|GOLGA2|PXN|TMA7|PIGT|KIAA0319L|CD320
GSE1460_DP_VS_CD4_THYMOCYTE_DN	0.627388535031847	0.993543721420456	-0.266556153008645	-0.934226698989716	4136	168	SMAD7|CCR7|SCN5A|PPFIBP2|BTN3A1|PLOD1|EEIG1|ARHGAP45|ZNF516|SLC7A7|CRYBG1|ACVR1B|PLEKHA1|PIK3IP1|THEMIS2|NME3|EMP3|GBP2|NLRP1|SLC16A5|KIF5A|SP100|IL16|SP110|LPIN2|TTC4|DIAPH1|SFXN3|CPQ|PDGFA|LINC00623|SIRT6|CTSL|RPS23|EVL|NNMT|IL6ST|RPL3|IQSEC1|PDIA5
GSE20366_TREG_VS_NAIVE_CD4_TCELL_HOMEOSTATIC_CONVERSION_UP	0.627037535516674	0.993543721420456	-0.265241219611496	-0.937191996288569	4192	178	RAB26|TP53I11|PDE2A|KLC3|STX1A|CUBN|DBNDD2|CASTOR1|CCS|PPM1J|ITIH5|SNHG11|CHCHD10|FOXP3|ECM2|LSR|MIF|BCL3|RBM38|ENTPD1|KCNJ15|CNTROB|MUC1|NINJ2|CALR|CSRP2|DUSP4|DGAT1|STON1|SLC2A3|TREML2
GSE5589_LPS_AND_IL10_VS_LPS_AND_IL6_STIM_IL6_KO_MACROPHAGE_45MIN_UP	0.627224199288256	0.993543721420456	0.252143164577408	0.947056095953453	2114	174	DPYSL2|CD83|PTPN6|AIF1|DCK|LPXN|FCGR2B|CCL5|MS4A6A|CCL2|HLA-B|NT5C3A|LAMP2|DTX3L|S1PR2|MARCHF5|SCARF1|RCBTB2|RSAD2|RAB19|RBM43|C1orf54|NFATC2|MTCP1|RAP2C|NAA25|PLEKHA8|B3GNT2|RBPJ|SNX2|TRAFD1|AFTPH|AZI2|RNF14|P4HA1|PSME4|PLBD1|NMI|MYCBP2|NCAPG2|TRAK2|PNP|PARP9|LAPTM4A|DENND1B|DOCK2|GPSM2|ZC3HAV1|ZUP1|MBD2|PGK1|PARP14|XRN1
IGARASHI_ATF4_TARGETS_DN	0.627569847127043	0.993543721420456	0.27191988432684	0.926463498244367	2380	88	ST8SIA4|CCL2|CDS1|ETNK1|NAB1|DDHD2|RHOBTB1|EPS15|PER2|AP5M1|KCNS3|POF1B|SGMS2|NCKAP1|DSG2|DOCK11|SOAT1|FAM3C|PRKAA1|VEPH1|LEPR|OPN3|SFXN1|LINC00294|LMNB1|SUCLG2|SKP2|KPNA1|BCAT1|PGM2L1|PEX19|PSAT1|RPS6KA3|TOMM20|CDK19|TRAK1
LEE_CALORIE_RESTRICTION_MUSCLE_DN	0.626647495806374	0.993543721420456	0.30099480643611	0.910319597807059	2614	43	FBN1|AMD1|HSPH1|JAK3|RIT1|DYRK1A|EIF1B|HMGN1
PID_EPHB_FWD_PATHWAY	0.626858626386594	0.993543721420456	0.306335690735091	0.904132638870102	2655	38	SRC|KALRN|PIK3CA|ITSN1|MAPK1|EFNB2|RAP1B|RAP1A|ROCK1|NRAS|PTK2
PID_IL1_PATHWAY	0.626545369722417	0.993543721420456	0.317545233812919	0.90059902099519	2685	32	PIK3CA|TAB2|UBE2N|MAPK8|PRKCI|IRAK4|ERC1|CHUK|UBE2V1|IL1R1
REACTOME_EVASION_BY_RSV_OF_HOST_INTERFERON_RESPONSES	0.625984251968504	0.993543721420456	-0.357892007670389	-0.885244783375544	3497	21	UBA52|RIGI|IRF3|UBB|RBX1|TYK2|MAVS|UBC
REACTOME_FRS_MEDIATED_FGFR1_SIGNALING	0.627187079407806	0.993543721420456	0.356464077849694	0.882888817737542	2795	18	FGF5|FGFR1|NRAS
REACTOME_TERMINATION_OF_TRANSLESION_DNA_SYNTHESIS	0.627296587926509	0.993543721420456	-0.330350504849783	-0.895887079218236	3584	32	UBA7|UBA52|UBB|ISG15|POLE|POLD1|RFC2
SARTIPY_NORMAL_AT_INSULIN_RESISTANCE_DN	0.627187079407806	0.993543721420456	0.356456186099213	0.882869271481173	2795	18	CCNG2|KLHL24|PIK3C3|FBXO45|ZNF124|GAB1|HMGB2|TXNIP
WP_IL1_AND_MEGAKARYOCYTES_IN_OBESITY	0.626935541951747	0.993543721420456	-0.364391855870306	-0.882454112378678	3481	19	ICAM1|TIMP1|IL1B|SELENBP1|F2R
WP_INTERFERONMEDIATED_SIGNALING	0.627368884971353	0.993543721420456	0.371667584276135	0.8774145691019	2846	15	IL10RB|PIK3CA|JAK2
ZHAN_MULTIPLE_MYELOMA_MS_DN	0.626765621259277	0.993543721420456	0.299571277112139	0.909949626353458	2617	44	ZBTB26|FAM133A|ANKRD49|ARHGAP42|TMEM123|PAX5|RHOA|MRPS31|ARHGEF12|STK24|NPAT
GSE27786_LIN_NEG_VS_CD4_TCELL_UP	0.628054298642534	0.993759307971903	0.250999112347071	0.950044468414423	2081	185	TTK|MATCAP2|AGO4|C9orf43|STT3B|DEPDC1B|ANKRD49|SUV39H2|AMMECR1|VPS50|MRPL42|METAP2|RHOBTB1|ZRANB3|FNIP2|OLA1|OAT|ABCB10|MAPK8|TMEM106C|SERPINE2|TMEM176B|ATL1|DMKN|EIF4E|GALNS|ASNSD1|SLC25A3|RBL1|PSMG2|SQOR|LRP12|CUL2|DBF4|EIF2S1|CDK2|CLNS1A|KLHL12|CEP78|TPP1|IPO5|CLPX|NCBP1|AGPAT5|SFXN2|SPRED1|MRS2|TMT1A|ACACA|TFG|RUSF1|PALB2
GSE5455_EX_VIVO_VS_POST_24H_INCUBATION_MONOCYTES_FROM_TUMOR_BEARING_MOUSE_DN	0.627886056971514	0.993759307971903	-0.265331678375372	-0.937402609778397	4187	179	PLEKHN1|NDOR1|ITGA4|SFN|LEAP2|ASPHD2|ARID5A|ADGRE5|CCS|ACAP1|TNK2|SLC45A4|ITGA7|EEIG1|ARHGAP4|IFI35|MAST1|RIGI|LIAT1|RASGRP1|BCL3|RGS14|PGS1|AKT3|C19orf38|MUC1|CTSA|SEMA4F|ID3|ICAM2|RNF32|GMFG|DGKA|SGK1|MGRN1|FAM98C|NCKAP5L|NR2C2AP|ARHGEF1|SAMD9L|CLCF1|NIBAN1
JIANG_MELANOMA_TRM11_CD8	0.627955859169732	0.993759307971903	-0.330114694493418	-0.900889077619272	3584	33	GZMM|RASGEF1B|LINC01871|NR4A1|CKLF|CAPG|CCL4L2|ITGAE
GSE17812_WT_VS_THPOK_KO_MEMORY_CD8_TCELL_UP	0.628349049543482	0.993963085878413	-0.263842128327138	-0.934813906918572	4197	183	MEIS3|GTF2I|PRKCZ|ARID5A|CCS|ACAP1|PPM1J|HCST|CHCHD10|PLXNA2|KLF7|HSD17B10|LRRC75B|MIF|RPL13A|KCNAB2|TNFAIP8L2|BCL9L|GUCA1B|GBP2|ADPRM|FRMD8|WDR4|ICAM2|MACROD1|KCNN4|CDIPT|TREML2|UNKL|CERS4|RPS2|NOP10|GRK6|APBB3|SMCO4|FAM118A|TEX264|SIGIRR|RPL37A|SDF4|CAPG|TMEM65|C8orf82|POLM|ANKIB1|GRAMD4
GSE21033_3H_VS_24H_POLYIC_STIM_DC_UP	0.628412771864877	0.993963085878413	-0.270748913083952	-0.93313679748278	4073	145	IL21R|SEMA4D|PLA2G6|PPFIBP2|MAPK8IP3|WHRN|TRPV2|DGKD|NTRK3|GCOM1|DNAI7|IP6K2|RGP1|ARHGAP26|RGS14|FBXL9P|SLC12A6|MAD1L1|LZTS2|TBC1D8|PSAP|BCAT2|SUPT5H|IL16|FAM161B|DUSP7|PARP3|INPP5D|KLF13|TNIP1|POLR2A|KDM4B|RNF24
GSE27786_BCELL_VS_NEUTROPHIL_DN	0.628480146052031	0.993963085878413	-0.267591894958488	-0.935022367296199	4130	163	SSC4D|HLX|COX8A|AXL|STK36|SH3BP2|UNC5B|SERF2|STK39|GPC1|PCOLCE|ANKRD63|GDF9|BATF2|COMMD1|MMRN2|AKNA|NSDHL|MAP7D1|IGF2R|GAK|TMEM120A|GALE|ELOVL1|PPOX|TNFRSF1B|CEL|ID2|CNIH4|TMUB2|ULK1|SREBF2|NPTXR|BCORL1
GSE37301_HEMATOPOIETIC_STEM_CELL_VS_COMMON_LYMPHOID_PROGENITOR_UP	0.628623463348004	0.99398158052077	-0.267268757289943	-0.93508141660969	4141	165	MAPK13|RPH3AL|TCN2|EXT1|APOL1|KCNC4|SLC9A1|CLN3|LAMA5|RAB33B|COPE|TEF|NAA38|NSUN5|EXTL1|MST1R|SERPINE1|ESR1|NINJ2|MMRN2|MYDGF|DDX39A|DGAT1|INTS11|PRTN3|VKORC1|PLEKHF1|DDX31|CDCA3|DHCR7|ZNF205|HSPA1A|NEU1|FSD1|PRSS2|ELL|PRR7|HOXB3|C15orf39|FAM8A1|URM1|HBE1
LEE_AGING_NEOCORTEX_UP	0.628689883913765	0.99398158052077	-0.292916997794828	-0.915321378946252	3790	70	LAMB1|GFAP|MAG|LCAT|RUFY1|APOD|PHB1|LGALS3BP|FOS|VPS72|CSNK1D|ICAM2|CTSD|JUNB|NR4A1
GSE16385_ROSIGLITAZONE_IL4_VS_IFNG_TNF_STIM_MACROPHAGE_UP	0.629061371841155	0.994209560484359	0.251528720217903	0.949506903565974	2090	182	PITPNC1|TENM1|SEC24B|NCOA3|LTN1|TBC1D2B|KLF10|PPM1B|ERBIN|PFKFB3|MOB4|NR4A2|TSC22D2|ZFYVE16|TOB1|ADD3|ZNF12|WDR26|RNF6|PPP2R5E|PER2|GCC2|MYOM2|GPR183|IL6R|DOCK10|S1PR1|EGR2|BACH2|PIGK|CAB39|CDK17|SLC30A1|HERPUD1|MED23|FBXL4|INPP5F|KRBOX4|PTK2|ABCB1|NPAT|CCNT2|BIRC2|CEP170|PTPRC|SPG11|GALNT10
KEGG_MEDICUS_REFERENCE_GF_RTK_RAS_ERK_SIGNALING_PATHWAY	0.629230258792303	0.994209560484359	-0.293252317497161	-0.9145541426834	3792	69	IGF1R|FLT3LG|EREG|FLT1|FGF17|PGF|NRTN|EFNA1|MET|FGFR3|PDGFA|FGF2
URS_ADIPOCYTE_DIFFERENTIATION_UP	0.6291324047659	0.994209560484359	-0.301052888309588	-0.909898894868401	3748	57	MIR9-1HG|TAP1|FXYD1|APLNR|IGFBP2|PPARG|ECM2|LBP
ZHU_CMV_ALL_UP	0.629162191192266	0.994209560484359	0.266095613145233	0.928864904265462	2342	101	MX2|CCL5|REC8|NAA30|PSMC1|TFPI2|EGR1|NPM1|PSMD6|PLA2G4A|FGFR1|EIF4E|IFI6|NAMPT|SNRPB2|SSR1|RAB2B|MLLT11|PSMA2|PSMA6|RB1|IDH3A|GTF2B|RIPK1|PNP|ATP6V1C1|EIF1AX|IMPA1|POLR2K|GORASP2|PSMA3|CSE1L
REACTOME_CYTOSOLIC_SULFONATION_OF_SMALL_MOLECULES	0.629344321031888	0.994233285256231	-0.35944215417676	-0.882184757228826	3512	20	SULT2B1|SULT1A2|SULT1A1
GSE17721_0.5H_VS_4H_CPG_BMDC_DN	0.629551609990972	0.994404258235937	0.250957506338395	0.94932115941373	2091	184	TSLP|AIM2|GPR85|CCL5|KAT2B|RFFL|ZNF436|ME1|MOB4|SATB2|CWC22|COP1|BCL9|SYNE2|GFI1|POU3F1|SGCB|RPS6KA2|ELL2|JAK2|CRBN|RBL1|HBEGF|REL|RDH11|CRY1|RFK|AFTPH|ANXA1|IKBKE|CREB1|MTF2|SERINC1|FBXW11|ZC3H15|GALNT10|RAB1A|TFG|HELZ2|FDFT1|CHM|GHITM|RAB10|PALS1
REACTOME_ACTIVATION_OF_AMPK_DOWNSTREAM_OF_NMDARS	0.629969959356777	0.994908504094293	-0.343098221877585	-0.890753442809858	3564	26	TUBA3E|PRKAB2|TUBB2B|TUBA1B|CAMKK2|TUBB3|TUBA3C|TUBB4B|PRKAG1|TUBB2A|MAPT|TUBB4A|PRKAG2
ELVIDGE_HYPOXIA_BY_DMOG_DN	0.630431107354184	0.995230048472585	-0.302588147225674	-0.905701806305761	3728	54	SPAG1|LPCAT3|SLC29A1|PUS1|SDF2L1|ATP2A3|ESR1|PYCR3|SRM|POLR3K|RPP25|ATP6V0A2|ADAT1|DOLK|TOR3A|URB2
GSE3982_MAC_VS_NKCELL_DN	0.630470998031198	0.995230048472585	-0.265895808978426	-0.934059854214251	4162	172	GZMM|RAB26|AQP1|APOA1|RDH16|MYO16|CHST12|APBA3|GPR176|ADGRE5|UNC5B|ADAMTSL4|NKX6-1|LOXL3|SMPD3|HCFC1|NRTN|NFIL3|P3H1|CAPN10|SLC10A3|YPEL1|RBM23|RASSF7|APBB3|IL18RAP|PCNT|RPL37A|E4F1|ICAM3|RUSC1|LPCAT1|HBZ|MED16|WDR45B|C15orf39|RBCK1|NLE1|TCTA|SYNGR3|PIGO|ACAD10|ANKZF1
LEE_LIVER_CANCER_MYC_TGFA_DN	0.630431107354184	0.995230048472585	-0.3026191321941	-0.905794549997571	3728	54	TRPV2|CYP4F2|HSD17B10|CYP2F1|DCT|MAPKAPK2|G0S2|ZC2HC1C|ALAS2|MMD|SLC25A22|SLC27A5|PXMP2
GSE17721_0.5H_VS_24H_POLYIC_BMDC_UP	0.630734632683658	0.995489660829962	-0.265073858381437	-0.936491745547456	4206	179	CIITA|RPL28|MT2A|GDF15|NDUFB2|ANKH|TMED9|CLDN6|CENPT|NAA38|SERHL2|CD48|SELENOV|RP1|IRS1|PALD1|PPIE|COMT|PGF|TBRG4|PPP4C|GNMT|DUS3L|AKR1B1|ZC3H18|PITX1|RPLP1|UXT|PPP1R18|MMP17|MYBL2|HAUS4|SSR4|DNAJC27|CD81|MCM2|C19orf53|PI4KA|HIP1|CDKN1A|CCT7|EBP|RBM10|PFKP|INTS1|CDC20|AKR7A2|AAAS|H2AX|DAG1|FURIN
GSE34205_HEALTHY_VS_FLU_INF_INFANT_PBMC_UP	0.63093277436742	0.995624519308458	-0.263468451599148	-0.933631465245932	4213	184	SPIB|CLDND2|POLR2L|CRIP2|CIITA|PBXIP1|RPLP2|ANKH|HLA-DOB|DENND11|UBA52|LINC00877|DUS2|ZNF575|ULK4|RPL18|C12orf57|EIF3LP3|RPL38|YPEL1|IL16|RPS18|RPS10|RPLP1|UXT|RPL27|ITFG2|RPS23|RPL10|TMED4|ZMYND11|KDM4B|SIRT4|RPS12|ENTR1|COMMD6|EEF1D|NOP53|STMN3|RPL35|SEMA4B|RPL8|TUFM|VPS36|ESYT1|TRIM27|RPS5
GSE41867_DAY6_VS_DAY8_LCMV_ARMSTRONG_EFFECTOR_CD8_TCELL_UP	0.631018449077546	0.995624519308458	-0.263435759745542	-0.935225443934082	4206	189	WFS1|PBX3|SEL1L|SMPD1|RPL28|SFN|ABCB4|DERL3|ATXN1|MUTYH|CPEB3|CCS|MANEA|RAB33B|MRPL41|MAN1B1|CD48|B3GNT9|FAS|TAF15|MUC1|MRPS14|MAP3K12|GMPPA|MYDGF|LARS2|NDUFA1|SLC2A3|MFSD10|SPATA24|PYCR1|SLC66A2|PRELID1|ANKRD55|PAFAH1B3|BID|IL6ST|ACYP1|PARP1|TIMM17B|GCAT|TMEM39A|MTM1|VEGFA|DNPEP|GALNT2|RSAD1|TAF5L|ANTXR2|PDIA4|PIMREG|ARID3A|CHRNB1
ABRAHAM_ALPC_VS_MULTIPLE_MYELOMA_UP	0.632371170533026	0.995751207611991	-0.348283490549298	-0.888262734389018	3570	24	MAPK12|APOE|CCND1|TNFRSF1A|DCN|FAS|BCL6
GAVIN_FOXP3_TARGETS_CLUSTER_T4	0.632615546218487	0.995751207611991	0.270735890898244	0.924526548442977	2408	89	TTC39B|CD44|SNX18|BMPR2|FAM107B|GLUD1|SH3BGRL|YWHAQ|SC5D|P2RX7|SYT11|SOCS2|INPP5F|SLC30A7|RESF1|ENDOD1|SEMA4A|MYC|NOD1|SMPDL3A
GSE11864_UNTREATED_VS_CSF1_IFNG_PAM3CYS_IN_MAC_UP	0.632339656729901	0.995751207611991	0.251126845366042	0.948752678335212	2099	183	VAV2|ANKDD1A|AGO4|RNF11|HACD2|BNIP3L|AP1S2|RSRC2|KIF3C|TMEM59|LYPLA1|SH3BGRL|OLA1|PRKRA|FAM13B|TBPL1|RBL2|PDE4D|CHN2|SYTL2|XYLT1|CENPU|CRBN|IRAK4|CCNH|PCYOX1|NUDT16L2P|SNX2|BCAS3|MAPRE2|UBE2D3|BAG2|PEX5|ANP32B|ABRAXAS1|ING2|LEPR|PTPRA|METTL5|ERCC5|SEC62|PARP16|CHMP1B|SLC35A1|ZNF124|HLA-F-AS1|RMDN2|GRSF1|SUCLG2|SERTAD2|USP48|SNHG16|STAC3|ZC3H7A|NPRL2|SORD|SARAF|MAP1LC3B|SFPQ|USP15|TPGS2|FAM149B1|STK38|FKBP1A|GNAI2|NTPCR|TCEA1
GSE12845_IGD_NEG_BLOOD_VS_NAIVE_TONSIL_BCELL_UP	0.631697433588474	0.995751207611991	-0.262964422330001	-0.934152586466108	4208	190	WFS1|PITPNM3|BSCL2|RETSAT|MAGEH1|TAP1|NDUFB2|TMED9|BSG|MOGS|SLC7A7|FLAD1|PPIE|RASGRP1|NDUFS8|AKT3|FDXR|FAS|SEC61B|MAGED2|AKR1B1|MYDGF|CTSA|SF3B5|CTC1|PSMB5|ICAM2|ASNS|STOML2|UQCRQ|RHOB|NOP10|PPOX|G0S2
GSE15659_NAIVE_CD4_TCELL_VS_NONSUPPRESSIVE_TCELL_UP	0.63148288973384	0.995751207611991	-0.267029809264011	-0.933489520748612	4151	164	CDC26|ANO8|CUBN|FCSK|CARD19|CNNM4|ECM1|CCS|DOHH|CITED4|LINC03040|ECM2|CDH15|ALDH16A1|TMEM8B|APOL6|THEMIS2|MFSD12|C2orf15|FHL1|AFAP1|EPHX3|SUCO|C11orf21|DDT|FBXW9|AGRN|DMBX1|DNTTIP1|GPC2|DDAH2|OGFOD3|BID|ERP29|EEF1D|ALDH6A1|CCDC28B|GCAT|TMA7|DUSP14|CTAG2|AKR1A1|CHCHD7|AP4B1
GSE16266_LPS_VS_HEATSHOCK_AND_LPS_STIM_MEF_UP	0.632810271041369	0.995751207611991	0.253984687496227	0.94143986900355	2217	156	CD83|CD40|ALDH1L1|ABCC3|TTC8|ZNF227|TMEM51|GCC1|PPT1|PTGS1|MEF2C|CIP2A|SYPL1|CLK1|TMEM106C|HNRNPH2|C19orf73|NKAIN1|TGFBI|TAC1|CR2|MYLK2|PKP2|TYMS|CERT1|STAU2|CDK1|SEPSECS|ANKRD46
GSE17721_LPS_VS_CPG_6H_BMDC_UP	0.63196915776987	0.995751207611991	0.251455040187832	0.945671858336341	2130	175	IFIH1|GNA13|GPR85|NTS|SEC24B|FGF13|PDCD10|CD164|RARS1|ADPRH|CCRL2|SMAD2|BMI1|PPM1A|MXI1|ATL3|SH3BGRL2|RTRAF|MAD2L1|POU3F1|CLMP|NCKAP1|DOK3|LRRC8C|OTUD7B|RBL1|RAP2C|RDH11|CRY1|CACYBP|TMEM70|CACUL1|BFAR|CDKN1B|VRK1|HMGN3|SUGT1|SFMBT2|CA2|UBE2D1|PMPCB|ARL4A|PCNA|RTCA|ALDH1A2|ATP11B|STK4
GSE17721_POLYIC_VS_CPG_4H_BMDC_UP	0.632898093951673	0.995751207611991	-0.262835853516498	-0.933695859702053	4216	190	WNT11|CCR7|RPS21|RPL28|ACADS|HELB|RPP21|SERF2|METTL25B|HFE|COMT|STAB1|FAU|LIG1|DBR1|RPL38|CSNK1D|POLR2E|ORAI1|ASNS|SP110|RALBP1|B9D2|SGK1|TPGS1|FAM98C|H2AC25|RAP1GAP|MRPL2|NDUFC2|FZR1|RPL37A|RPSA|MEF2D|TUBA1B|HES6|BID|MYCL|RPS11|SMARCD2|MINK1|ANKIB1|NCBP2AS2|PARP1|PDXK|SH3BGRL3|SESN2|IRF1|PGAP6
GSE2770_IL12_AND_TGFB_VS_IL4_TREATED_ACT_CD4_TCELL_2H_DN	0.632983508245877	0.995751207611991	0.249625592018336	0.948477385597346	2110	189	C14orf28|SERINC5|SLC49A4|CETN3|WDSUB1|TRIM23|STRADB|ETFRF1|PGGT1B|PIK3C2A|LGALS8|AKAP11|ATG2B|YIPF6|GAS2L3|MFAP3|BTBD9|TAPT1|RNF6|ITPRID2|RBL2|IPMK|MAPK1|S1PR3|SLC35D1|NDUFV2|CRBN|CERT1|METTL14|RDH11|PDE7A|PABIR2|FH|KIDINS220|MYC|CITED2|CWC15|TPST1|ANP32B|PPWD1|RACGAP1|MAPK9|KCTD11|ING2|AGO1|ASAH1|MPHOSPH6|NUP155|ANKRA2|RAB4A|PHF21A|TMCO3|ZZEF1|GPR161|METTL9|MDM1|LTA4H|CEP192|RNF130|PHF10|SARAF|PXK|TCEA1|NEK4|MTIF3|TRAK1|GPATCH8|EVI5
GSE29615_CTRL_VS_LAIV_FLU_VACCINE_PBMC_DN	0.631785114717404	0.995751207611991	0.256152783801574	0.936659699713764	2257	139	LINC01220|TTC21A|ZNF385D|ZNF268|MRPL1|BBS2|MGAT2|BPNT2|FOXJ3|TSACC|CFAP210|CIP2A|ZNF770|HPRT1|STYX|PREPL|IBTK|TRIM2|DOCK10|WNT2B|BTG2-DT|GTF2E1|TARS1|FTO|DARS2|SNW1|MON2|ZNF891|HECTD1|NR5A2|RTCA|H2BC8|TMOD2|CUL5|SGMS1
GSE3982_CENT_MEMORY_CD4_TCELL_VS_NKCELL_UP	0.632140709561034	0.995751207611991	-0.264944573284126	-0.93408035002959	4204	176	PLCB4|EPM2A|PLA2G6|RPS28|ZCWPW1|HBQ1|TMEM63A|EEIG1|PLSCR3|ARHGAP45|IGFBP2|DNAI7|TRIM46|SLC19A1|PUS1|LGALS3BP|DUSP8|UBB|HRC|CAMTA1|ACP6|ADPRM|CCL24|TRADD|LRRC20|USP36|DGKA|POLR1C|RPL27|PLEC|MALT1|ENGASE|ANKRD55|TGIF2|WRAP73|SYMPK|NOSIP|DPH2|CAND2
GSE41176_WT_VS_TAK1_KO_ANTI_IGM_STIM_BCELL_24H_UP	0.632720699005725	0.995751207611991	-0.263440918615111	-0.937047642160451	4199	194	HOMER3|SFN|FICD|RABAC1|EPS8|TSPYL2|SLC3A2|HYOU1|TSPAN4|ECI1|POR|ZNF516|PPARG|RRBP1|SLC6A8|NDUFS7|FOS|FAU|NRG1|MAPK7|TBXAS1|SLC10A3|TSPO|RNH1|HIC2|HPCAL1|NDEL1|STX5|RHOB|CNPY3|MAPKAPK2|BLVRB|UGDH|FLNB|HDAC5|MEF2D|KLHL21|LMNA|IL6ST|TUBB3|CDKN1C|ULK1|PLEKHM2|MOAP1|GOLGA2|PITPNM1
GSE42021_CD24HI_VS_CD24LOW_TCONV_THYMUS_DN	0.632818359082046	0.995751207611991	-0.263300973166511	-0.93474693699815	4218	189	STS|C3|IL15|IFI30|CYLD|RASGRP3|SEMA3F|WDR25|APOL1|PSMB9|TAP1|FLT3LG|DOCK4|BTN3A1|UBA7|IFI35|IFIT2|RIGI|APOL6|ACTN2|ADAP1|FAS|ZNF302|GBP2|GGCX|LARS2|TAP2|SP110|GUK1|PSMB10|LPIN2
GSE43700_UNTREATED_VS_IL10_TREATED_PBMC_UP	0.63134328358209	0.995751207611991	0.252045947133597	0.947319212376837	2114	176	DPYSL2|TENM1|CCNG2|RGS2|GPR162|PTER|CKS2|CCRL2|RNF138|PHLDA1|EGR1|FMNL3|NCBP2|SC5D|RMND5A|STYX|IFRD1|SLC38A2|GTF2A1|HOMER1|CD96|FPR3|PSCA|IFITM10|OTULINL|WNT2B|SLC20A1|SPDL1|NFE2L2|NGDN|PCYOX1|SEPTIN2|AZI2|VMP1|CITED2|PUM2|APC|GART|IPO5|HNRNPA1|ECPAS|VAMP3|PSPN|UBE2A|ZYG11B|ZZZ3|DDX27|SMAD5|ATF3|NFIA
GSE8515_CTRL_VS_IL1_4H_STIM_MAC_UP	0.632538982053545	0.995751207611991	0.252115244499291	0.946009426416086	2149	172	ZC2HC1A|SLC18A2|CFAP44|ABHD17B|PPT1|AMZ2|ITSN1|THAP9|TOB1|MKRN1|PLGRKT|PPP2R5E|BCL9|TSPAN12|GPNMB|XYLT1|LEFTY2|EGR2|BACH2|SIRT5|MCTS1|TBC1D19|PCF11|KLHDC2|FBXL4|SLC25A14|ZW10|CAP1|CPNE3|TMEM70|ABCB1|PRR3|SEPTIN2|GSTCD|ZBTB25|ABHD5|GTF3A|PUDP|PTGER3|MRS2|CEP76|GLT8D1|OSBPL3|UGT8|RAB31|TIPARP|ZNF510|TXLNG|KIF13B|MRPL33|PIP4K2A|KDM4A|DPH5|ATP7A|PPP2R5A|CD68|TMEM223|ANP32A|CDK13|NAA16|ZKSCAN4|ATMIN|TPMT
JAEGER_METASTASIS_UP	0.632970451010887	0.995751207611991	-0.316315617507546	-0.8966352847398	3662	40	TBC1D1|CSAG3|EPS8|UCHL1|MET|SLC16A3|TACC3|MERTK|TUBB2B|H2AZ2|MAGEA3|MAGEA12|KIF2C
REACTOME_KINESINS	0.632815140250084	0.995751207611991	-0.301691998271102	-0.905462121113686	3744	55	KLC4|KLC3|KIF1A|TUBA3E|KIF4B|KIFC2|KIF5A|KLC2|KIFC1|TUBB2B|TUBA1B|TUBB3|KIF2C|TUBA3C
RICKMAN_TUMOR_DIFFERENTIATED_WELL_VS_POORLY_DN	0.631739431739432	0.995751207611991	-0.252330721452027	-0.948232774694235	4557	350	NUP50-DT|SLC30A4|S100A2|KLC3|HOMER3|SFN|RAB38|C6orf132|TSPAN5|SLC39A3|ADAMTS14|SLC9A1|GPR68|EVI5L|EREG|BSG|EPPK1|SMTN|AFAP1L1|KLF7|MMP1|TMCC3|TOM1|NLRX1|LINC02762|OCEL1|GAS2L1|B3GNT9|SHFL|DOCK6|NR1D1|CA12|CNGB1|KLK8|NRG1|FRMD6|FBLIM1|MEAK7|MAFK|CCL24|EHBP1L1|KCNK6|TXNDC17|MAP7D1|FAXDC2|FAM131B-AS2|KCTD10|TMEM79|NDEL1|BMP1|PPARD|CDCP1|CC2D1B|DUSP7|CARHSP1|WDR83OS|ANKRD9|DAPK3|PCSK7|SLC35F6|YKT6|P4HA2|MCOLN1|IPPK|HSD17B1|LINC00520|DDA1|OSTM1|GIPC1|DCUN1D3|USB1|LRFN4|YIPF2|PSD4|KDELR3|S100A6|MRPL4|SEMA4B|PXN|MAN2A1|UPP1|DESI1|METRNL|SH3BGRL3|DUSP14|FKBP14|CDKN1A|CAVIN1|LTB4R|STARD5|MSRB1|ILVBL|PLBD2
TAKEDA_TARGETS_OF_NUP98_HOXA9_FUSION_8D_UP	0.631859517089997	0.995751207611991	-0.273043354302971	-0.929573479404007	4029	132	CCR7|RAB27B|IRF7|REN|GDF15|HBB|IFITM1|PPP1R14A|APOC1|IFIT2|HERC6|RIGI|LGALS3BP|SLC27A6|SLC6A13|C3orf80|MX1|LTBP3|ISG15|SMIM24|DHRS3|F2R|TSC22D1|TTC28|OAS3
GSE17721_LPS_VS_POLYIC_4H_BMDC_DN	0.633208676140613	0.995930213704316	-0.263529261193326	-0.935526225747992	4232	188	SCX|TEP1|TSC22D3|IFI30|N4BP2L1|TMEM134|APOE|RPP21|MRPL41|ECI1|SREBF1|AHCYL2|STAB1|NDUFS8|EMP3|KCNAB2|DPP3|PXMP4|SLC2A8|POLR2E|BIN3|ORAI1|MBD3|LPIN2|TMEM42|PISD|C6orf136|H2AC25|VPS11|RDH13|MRPL2|VARS1|FZR1|HDAC5|NR2C2AP|TGIF2|SIGIRR|DCTPP1|MEF2D|GPR180|HES6|ANAPC2|FRRS1|HCFC1R1|ZMIZ2|FAM50A|MICAL1|EMC6|PARP1|CPT1A|C19orf53|MCM7|TRIM27|DNPEP
GSE20715_WT_VS_TLR4_KO_48H_OZONE_LUNG_DN	0.63331837894422	0.995930213704316	-0.263549187241077	-0.934543209842065	4234	185	GAA|ADSS1|SPON2|ABCA7|SELENOM|RENBP|LPCAT3|REX1BD|PRPF31|ITGA7|PLSCR3|RSPH9|TGFB3|RECQL5|SCRIB|TADA2A|PLEKHA1|EXOSC4|TMEM160|TTYH2|TOM1|PEX7|SHFL|SMIM11|SEC61B|GAL3ST1|MYO9B|BIN3|CREB3L1|ALG3|RANBP3|PSMD2|CENPV|MRPL2|NUDT1|WNK4|ATP6V0A1|NIBAN2|SLC25A35|S100A16|CKB|EXOSC7|CC2D1A|EIF4G1|NAF1|PIH1D1|MRPS28|GDA|ATP6V1H|DYNLT1|MRPL58|SLC39A7|MSTO1|TUFT1
GSE7509_UNSTIM_VS_FCGRIIB_STIM_MONOCYTE_DN	0.63339494762785	0.995930213704316	-0.268690811741258	-0.930849786007528	4111	153	PBX3|NDOR1|ATP9B|PLA2G6|NUP210|SH3PXD2A|NXF1|TCIRG1|SMTN|MICAL3|IFT140|SGIP1|HPS1|CCNL2|PHLDB1|CABIN1|NFRKB|SORBS3|PPP6R2|ACACB|POLG|PPOX|AP3D1|MCOLN1|ZER1|TROAP|CARS2|INO80D|SNAPC4|SRGAP2|DDX42|SNRNP70|CLEC2D|FHIP2A|REXO4|CRTC2|ELK4|RSAD1|GTF2IRD1|PANK4
GSE15930_NAIVE_VS_24H_IN_VITRO_STIM_CD8_TCELL_DN	0.633501633501633	0.995941957257541	0.247915880808053	0.948311733606243	2132	195	DCK|ESF1|LGALS3|ENOPH1|PLK4|MNS1|TOP2A|ANLN|NBN|RHOT1|RFC4|MTHFD2|ABCD3|CKAP2|NCBP2|SAAL1|OLA1|GCLM|RPF2|HK2|MRPS22|NUSAP1|MAD2L1|XCL1|PDS5B|PPA1|PHTF2|CDK1|DDX52|RBPJ|RFC5|CLIC4|ARMC1|RRM1|DECR1|RIOX2|DTD2|TAMM41|RCN2|CYB5B|JAGN1|XPOT|ZDHHC16|CKAP5|LMNB1|CISD1|CCT6A|MTX2|ELOF1|IDI1|RPL7L1|ALDH18A1|BLMH|GFM1|RNASEH2B|RAD51AP1|MTMR9|MSMO1|ACOT7|PEX19|DUSP12|RPRD1B|WDR43|POLD3|KIF23|MRPL45|PDCD2
GSE17721_PAM3CSK4_VS_GADIQUIMOD_6H_BMDC_DN	0.633705155260778	0.995949952795943	0.251012258451448	0.946561490432116	2101	181	CD83|TLE6|FGF5|KCTD12|TAMALIN|PGAP4|TMEM209|VPS54|STXBP3|GNAQ|RFX5|MEF2C|VPS50|PLEKHF2|TOB1|DENND4C|BCL9|MPP2|SLAMF7|SGCB|IGFBP5|ATP8A1|USP47|FUT8|CXCL11|PELI1|REL|DNAJA2|SCIN|CPNE3|RABGAP1L|BFAR|HMGN3|KDM6A|ATG12|TMEM243|RBBP8|SMPDL3A|PUDP|BNIP2|COX15|FBXW11|SFXN2|EFR3A|ATP11B|TFG|AEBP2|LRR1|SAV1|GPSM2|ZFP36|MPP1|WDR43|KRCC1|RAB9A|TFIP11|PPP1R15B|STAG2|SMC5|TENT2|ASF1A|SNAP23|ELF1|CUTC|GK
PELLICCIOTTA_HDAC_IN_ANTIGEN_PRESENTATION_UP	0.633675012602924	0.995949952795943	-0.296827088202911	-0.909713678830159	3770	63	WFS1|TRAPPC6A|TMED9|GOPC|COPE|TBCB|CALR|ASNS|TRAPPC1|SIL1|SELENOS|PSMD2|PSMB4|POMP|PSMD9|ADCY3|BCAP31|PDIA4|ERGIC3|PSMB3
GSE37416_CTRL_VS_6H_F_TULARENSIS_LVS_NEUTROPHIL_DN	0.634424752177831	0.996924806255647	0.251112633236303	0.94659670251159	2111	180	FEM1C|MGARP|PIGA|PDK1|PKD2|BNIP3L|INTS13|LGALS8|TAF9B|FNDC3B|LDHA|RANBP2|MYNN|MAPK1IP1L|SNAPC1|ZNF770|CLK1|ETV5|FNTA|SIAH2|HK2|SAR1B|ICOSLG|HPCAL4|TMF1|UBE2V2|ERO1A|VDAC1|TGFBR1|DDX18|ZNF292|RBPJ|ZNF654|KDM3A|SEC24A|RLF|GBE1|PSMA6|ZBTB25|KCTD11|GPI|P4HA1|NGLY1|MRGBP|ASCC1|BHLHE40|TFRC|CTDP1|ESCO1|BZW1|RIOK3|FUT11|BNIP3|ALDOA|HLCS|NUP58|FKBP15|UFSP2|PGK1|RNF227
GSE19941_IL10_KO_VS_IL10_KO_AND_NFKBP50_KO_LPS_AND_IL10_STIM_MACROPHAGE_DN	0.634825014343087	0.997176380218064	0.254450020288732	0.938582903579744	2212	152	BMPR2|ARL5A|HAT1|DTL|TOP2A|CDCA7|ABCE1|WDR35|LRP6|NUP107|UHMK1|SPAST|MPHOSPH9|IBTK|MAD2L1|CDC27|SAMD3|NFYB|VDAC1|MEAF6|NUP205|CPNE3|KCTD9|FAR1|HSPD1|CLTC|SEPHS1|ATP2A2|PAPOLA|TTC3|MFSD14B|NEK2|FAM20B|SMPDL3B|HSD17B12|SEPTIN11|RNF168|CORO1C|NCAPG2|IDI1|RFWD3|PBRM1|TNFSF9|COPB2|PKNOX1|GPSM2|GALNT7|SORD|SMURF1|VDAC3|MAP3K5|PSAT1|DLGAP5|IMMT|MELK|GINS3|YWHAB
HAHTOLA_MYCOSIS_FUNGOIDES_DN	0.634882869692533	0.997176380218064	-0.383796636606272	-0.876469615162118	3468	15	CD37|PIK3IP1|IGHA1|CDC42|PRMT1|FLNA
VECCHI_GASTRIC_CANCER_ADVANCED_VS_EARLY_UP	0.634723086496578	0.997176380218064	-0.27091205266643	-0.928596425519406	4079	139	MTCL1|CARMN|ITGBL1|TIMP3|MAGEH1|AXL|TWIST1|APOC1|ACTL8|CTHRC1|STC2|IER5L|AKT3|EGFL6|FRMD6|TRPC1|PCED1B|BCL6
BIOCARTA_IL7_PATHWAY	0.635081533715293	0.997332358484686	0.369869556014449	0.873169872337363	2881	15	PIK3CA|JAK3|BCL2|PIK3CG|NMI|EP300
GSE5679_CTRL_VS_PPARG_LIGAND_ROSIGLITAZONE_TREATED_DC_DN	0.635218239088046	0.997391003279494	-0.263098777745498	-0.934029121381316	4234	189	PLCB4|NEIL1|LATS2|TCN2|STX1A|B4GALNT4|FCSK|L1CAM|FAM193B|ADGRE5|PNCK|NBEAL2|CLCN2|CARNS1|MICU3|CACNA2D2|PCYT1B|CCNL2|C3orf80|FRMD6|AKAP8L|SUCO|LTBP3|FHIP2B|MIB2|TRIP6|ITGB5|PIGL|ACSBG1|RAI1|DGAT1|CAPN15|AGRN|CD151
GSE17186_BLOOD_VS_CORD_BLOOD_NAIVE_BCELL_UP	0.635733654715276	0.997585521101768	-0.263221899244722	-0.936268599991568	4219	194	NDST2|SEL1L|MAPK13|IAH1|EXOC3L4|IFT122|DBNDD2|COX8A|TRPV2|IFITM2|CXCL16|ZNF516|GCA|LMAN2|LSR|ATP6V1F|MET|IL1B|SLC6A13|MAP4K1|PMF1|SLC22A23|STRADA|SELENOS|GALE|MAPKAPK2|NSMF|ITGAV|CENPV|FLNB|EXTL3|NDUFC1|TUBB2B|FKBP2|DCTPP1|HELLS|MGAT4B|BID|DTNBP1|NIBAN1|PNPO|MTCH1|POMP|SPINT1|PARP12|SRGAP2|GOLIM4|PSMA7|LPCAT1|MRPL17|ATP5MG|CENPB|ATP6V0A2|ATP6V0B|GFER|PGAP6|PTTG1IP|LANCL2|HIPK2|PTPA|ZNF600
GSE20198_UNTREATED_VS_IL12_IL18_TREATED_ACT_CD4_TCELL_DN	0.635494472662086	0.997585521101768	0.249094800052414	0.948172075390887	2126	191	ZC2HC1A|DNAAF9|SCRN3|CCNG1|FGF13|ERI2|ZNF687|PNPLA6|MYCBP|AKAP12|MRPL42|FMNL3|ZNF493|UBE2N|PIAS2|EARS2|NFAT5|NLK|MRPL39|SMARCA5|GFI1|AGBL4|ABHD1|ICOSLG|MRPL15|NOP58|NSUN4|MCU|RABL3|DDX5|THOC1|NGDN|EMC2|NSA2|ADCK1|ABCB1|ELOVL5|ZBTB9|CITED2|UTP15|NF1|MAN1A2|SUB1|MAK16|VAMP3|PRXL2A|GNL3
GSE24634_IL4_VS_CTRL_TREATED_NAIVE_CD4_TCELL_DAY7_DN	0.635556224597321	0.997585521101768	-0.263197762279047	-0.935983369245037	4221	193	SLC30A3|C3|CD14|LILRA2|APOL1|PSMB9|DOCK4|RHBDF1|COX5B|RGS3|ECI1|MAST1|DNAAF1|LONP1|DCHS1|ACVR1B|LMAN2|STX4|SIRT7|NRG1|INHBE|GBP2|ASNS|SLC1A5|PSMB10|B9D2|NFE2L1|NACC2|CEBPB|ELOVL1|VPS39|VPS11|TSC22D1|TEX264|CTTN|RCN1|RNF24|NIBAN1|R3HDM2|PCK2|IQSEC1|AARS1|MSRB1|GTF2IRD1|CARS1|ATP6V1H|S100A13|TBL1X|CYRIA|STYXL1|EFCAB2|SYNC|DAG1|RAB13|AP3S2|CLN8|CEBPG|NPC1|PDE4DIP|ANXA4|SH3BP5
GSE3982_NEUTROPHIL_VS_TH2_UP	0.635839028094153	0.997585521101768	-0.266225142619647	-0.932186380526926	4186	167	SLC30A3|DPEP2|PAK1|MAPK8IP3|MINDY1|L1CAM|ECM1|TLR6|RAB33B|ARHGAP45|IFIT2|ZNF516|NTRK3|SLC7A7|CFD|APH1B|RIPOR1|EXD3|SLC12A6|SPATA1|NLRP1|DACH1|RRP12|H2BC5|MYO9B|ARID3B|PISD|ULBP1|MAP1S|GIT2|KLHL21|FLOT1|NIBAN1|R3HDM2|MED25|RAB2A
REACTOME_PLASMA_LIPOPROTEIN_REMODELING	0.635803555712023	0.997585521101768	-0.33630816321038	-0.888208289802209	3611	28	APOA1|LCAT|LMF2|APOE|LMF1
BLANCO_MELO_COVID19_SARS_COV_2_LOW_MOI_INFECTION_A594_ACE2_EXPRESSING_CELLS_UP	0.636434228917534	0.997629424813873	-0.270310511208208	-0.927421951396728	4097	140	NFKBIZ|NOTCH2NLA|H2AC15|CREBRF|IRF7|ZNF596|CXCL1|FOXD3|EREG|DBP|ICAM5|DCAF4L1|LBP|IER3|ICAM1|NFYC-AS1|FOS|DUSP8|NFIL3|NR1D1|EFNA1|BCL3|ZC3H12A|LINC00115|NFKBID|JUNB|IL23A|ZBTB10|NR4A1|PER1|ADM5|ID1|ZBTB43|H2BC18|ZBTB6|ZNF764|INO80D|SOCS3|PRR14|IER2|BBC3|IRF1|WRAP53|KDM6B|KMT2E-AS1
GSE10422_WT_VS_BAFF_TRANSGENIC_LN_BCELL_UP	0.637507580351728	0.997629424813873	-0.265613535906807	-0.931121256138932	4204	169	AOC2|SEMA4D|SMPD1|DYNC2H1|SPPL2B|TMEM134|FAM234A|PHYHIP|L1CAM|HELB|MOGS|EEIG1|ACAP3|GABRG2|HDAC4|TMEM107|CCNL2|ATP2A3|ACP3|NAA60|PCNX3|PELP1|SEMA4F|CSGALNACT2|ANKS3|HSD17B7|PAQR7|RETREG2|RANBP3|WDR83OS|DAPK3|OSBPL11|LYSMD1|SIGIRR|CASC3|MTG2|EIPR1|EHMT2|CD81|CIPC|NOL6|SCPEP1|UBE2O|RBCK1|STIMATE|SEPTIN9|TBC1D10B|FOXP4|CYRIA|LRRC8A|TLE3|DNAJC10|LIMK2|PDPK1|UBA1|TBC1D22B|SH3BP5|SF1|NAT10
GSE17721_CTRL_VS_GARDIQUIMOD_1H_BMDC_UP	0.637206520113653	0.997629424813873	-0.263188357029776	-0.933263708935962	4260	185	PCNX1|APOA1|ZNF467|PDLIM2|SLC12A9|P2RX4|N4BP3|RAB33B|LYPLA2|D2HGDH|GIGYF1|CEP250|YBX2|GCA|MSI1|MST1R|PTGIR|STARD3|MED22|EMP3|KEL|GALR3|NAA60|AKR1B1|LTBP4|AKNA|ZFYVE19|KCNN4|DGAT1|STOML2|HPGD|GAK|RAB40C|OXLD1|UXT|PLEKHF1|TMEM147|KLHL21|PEF1|RRP7A|PIGS|GPANK1|SENP3|CENPB|MRPL4|FHIP2A|TBX1|ABCA2|MYLIP|AHDC1|SLC39A13|TLN1|CPNE2|ACRBP|RBM5|LENG8|OTULIN|CUEDC2|PHF19|ATP1A1
GSE17721_LPS_VS_GARDIQUIMOD_12H_BMDC_DN	0.636418450406994	0.997629424813873	0.250697475224947	0.945374450078477	2110	181	GPR137B|PRKCH|KCTD12|SLC22A4|FGD4|UAP1L1|UQCRB|ETFRF1|MEF2A|EGR1|CTSK|NPM1|PNPLA7|TFB2M|SLF1|CABLES2|METAP2|SC5D|NUP37|TGFBI|ART4|UBE2E3|NDUFV2|SLC20A1|HERPUD1|SQOR|RTN3|CRY1|PRKD3|SPCS2|FGD6|DHX15|RIOX2|ANXA5|ZMPSTE24|CLIP1|GTF3A|MTF2|MAK16|TAF9|FANCF|HSD17B12|ASTN1|GARS1|TFRC|AKIRIN2|ATP11C|ZZZ3|HJURP|EIF1AX|EEF1E1|WASHC2A|SLC30A5|SLC35F5|SERPINB1|POLD4|LACTB2|RASA2|SRFBP1|GOLGA5|UBE2B|SLAIN2|SLC31A1|ADAM17|PIP5K1A|CCDC82
GSE32164_RESTING_DIFFERENTIATED_VS_CMYC_INHIBITED_MACROPHAGE_DN	0.637481259370315	0.997629424813873	0.249344952019438	0.94741106587309	2125	189	BATF|CD44|IFIH1|CAMK2B|CCL5|CD3G|SLC33A1|DOK2|TCF7|NABP1|IL18R1|MTHFD2|DDHD2|MKRN1|IFIT3|CD96|RECK|OTULINL|TMEM176A|TMEM176B|ATP6V1D|MYO6|LDHB|TIMM23|ITM2A|ATP11A|SPNS1|KLRG1|PRDX6|S100A10|HACD3|SPTSSA|SFMBT2|VMP1|ELOVL6|CWC15|WAS|TUBGCP4|SUPT4H1|NCBP1|DAD1|NMI|CAPZB|GALNT10|CNDP2|HTATIP2|BZW2|BUB3|BRAP|SLC39A8|S100A4|NUP50|METTL9|FIP1L1|BTG3
GSE360_CTRL_VS_B_MALAYI_LOW_DOSE_DC_DN	0.636869871043376	0.997629424813873	0.251704814451856	0.942522993720579	2172	170	SLC35A3|DOP1B|TENM1|CD40|GNA13|PPP2R3A|MMP14|DOK2|CTF1|ADPRH|S1PR2|PTGS1|HSPH1|MFAP3|SLK|ATXN10|ZNF92|COIL|RBM4B|PRRG1|SPINK4|PDE4D|ERVW-1|KIF3A|ELL2|CAPRIN1|TDRD3
GSE3982_BASOPHIL_VS_CENT_MEMORY_CD4_TCELL_DN	0.637134635771619	0.997629424813873	-0.265343214662638	-0.932118657141505	4206	172	COL14A1|ABCC10|GLB1L2|DIAPH2|TRPV2|HOOK2|NBEAL2|C1orf159|GGA1|SGSH|H2AC16|DOHH|SFI1|SYNGR4|DCAF11|CHMP6|SEMA3G|SDR39U1|NDUFAF3|CHD3|LTBP3|MORC4|ARHGEF10|TMEM161A|SLC12A7|LRRC20|CAD|USP36|NECAP2|WDR18|ALG3|PHC1|ITGB1|SIVA1|DNAL4|DCTPP1|RPSA|GSTP1|OGFOD3|SRRT|CTSH|GCAT|CHMP7|ADAT1|AP5S1|CD320|TAF5L|LARP1|PILRB
GSE42021_CD24INT_VS_CD24LOW_TCONV_THYMUS_DN	0.636283704572099	0.997629424813873	0.25176119649539	0.942734119489385	2170	170	SAMD9|IFIH1|MX2|BMPR2|BLZF1|LEMD3|SRC|PRKN|TMCC1|CD164|EVC|LAMP2|PIK3CA|CUL4B|NBR1|AAK1|TOB1|IFIT3|SMARCA5|CD96|RSAD2|WWTR1|IFIT1|TPTE|IFIT5|BICD1|ZBED5|HLA-C|TENT5A|HBEGF|PAPSS1|MAP4K3|TMEM50A|NRAS|IFI6|SCAMP1
GSE43863_TH1_VS_LY6C_LOW_CXCR5NEG_EFFECTOR_CD4_TCELL_DN	0.636308896582869	0.997629424813873	-0.263150236380298	-0.935814357736533	4226	193	SULT2B1|SEMA4D|ANAPC11|COX8A|PSMB9|HELB|SLC38A10|UBA7|GTF3C1|PDE6D|OSBPL5|KLF7|CRYBG1|SOX11|EXOSC4|COMT|STARD3|NME3|STX4|SMIM11|MDFIC|MX1|MORC4|GNA11|DDT|MED10|CDK2AP2|XPC|GPSM3|TRAPPC1|CPNE1|HDAC7|SLC37A4|NISCH|TAPBP|ERAL1|PTCD2|KLF13|EVL|TNIP1|YJU2|HES6|PRMT1|HCFC1R1|ADD1|ABHD8|CCNF|SEMA4B|CTSH|ITPR2|ESYT1|ZDHHC14|CDCA7L|PRAF2|TRAF5|SEPTIN9|AKR1A1|ARL14EP|SLC25A28|SLC48A1|MFHAS1|RAB12|IFT25
GSE45365_NK_CELL_VS_CD8_TCELL_MCMV_INFECTION_DN	0.636390532544379	0.997629424813873	0.251924883111659	0.945494646558207	2150	173	LRRC8E|LIPG|CD40|TNFRSF14|FOXO1|BMAL2|CD70|PIEZO2|CSTA|STAP2|POGLUT1|NCOA3|B3GALT4|BATF3|CD80|ETV3|ZFTA|RNF115|RAB11A|DCAF6|SLAMF7|MCC|GATA6|JAK3|ICOSLG|SOCS2|MTCP1|REL|EEF1A1
HAHTOLA_MYCOSIS_FUNGOIDES_SKIN_DN	0.637428243398393	0.997629424813873	0.334577014901359	0.886388211175233	2775	24	TOP2A|SCFD1|PRKCI|RFC5|SMC3|BCLAF1|ZWINT|DSTN|CAT|EIF1AX
HIRSCH_CELLULAR_TRANSFORMATION_SIGNATURE_DN	0.63724434876211	0.997629424813873	0.267481493344704	0.926096803461928	2367	97	DPYSL2|TCEAL1|HACD2|NPM1|SPRY2|TOB1|ATP1B3|DCAF6|AP5M1|RAP2A|MAMLD1|FBLN1|CALD1|IFIT5|CHD9|MLLT11|HMGN3|TTC3|RACGAP1|BCLAF1|ZWINT|STARD7|DSTN|DLG5|GALNT7|DST|SPARC|UBP1|DROSHA|NR2F2|ASF1A|S100A1|BAG1
KEGG_PANCREATIC_CANCER	0.636933099473816	0.997629424813873	0.280135194801203	0.917573024556184	2541	67	EGF|TGFBR2|PLD1|PIK3CA|SMAD4|SMAD2|MAPK8|MAPK1|TGFBR1|PIK3CG|CHUK|RB1|BRAF|MAPK9
MEISSNER_NPC_HCP_WITH_H3K27ME3	0.637081545064378	0.997629424813873	-0.31236570193805	-0.900081100560845	3710	44	PRKCZ|PPM1N|MESP1|CYP2S1|HOXC13|HOXC8|SIGIRR|HOXB4
MISHRA_CARCINOMA_ASSOCIATED_FIBROBLAST_DN	0.637290439510648	0.997629424813873	0.34452897555014	0.88552079538372	2812	21	TCEAL1|MAN2B1|SFRP2|C1S|CD24|MGST1
REACTOME_TP53_REGULATES_TRANSCRIPTION_OF_GENES_INVOLVED_IN_CYTOCHROME_C_RELEASE	0.637556561085973	0.997629424813873	0.347664408647798	0.881630199700481	2817	20	TP53INP1|BNIP3L|TP63|TRIAP1
WALLACE_PROSTATE_CANCER_UP	0.636478213899892	0.997629424813873	-0.36211708589468	-0.876945262256568	3534	19	GDF15|TPD52|GFUS|FASN
AUNG_GASTRIC_CANCER	0.637733264851909	0.997750391612136	-0.312422905981672	-0.89487284256003	3724	42	MAPK13|SEC31B|BRD4|LRRC45|IL16|TYRO3|ATP5IF1|TAPBP|MYBL2|C19orf25|PRICKLE3|RPL8|JUN|KMT2D|CCT3|BIRC5
GSE29618_PDC_VS_MDC_DAY7_FLU_VACCINE_UP	0.638093810879664	0.998148836205863	-0.263807190464581	-0.932964983065557	4257	180	TPM2|ADAM19|CYFIP2|IRF7|MGAT4A|TNFRSF21|HYOU1|AEBP1|IFIT2|TCL1A|RRBP1|SMPD3|RIPOR1|ATP2A3|CMKLR1|FHL1|MDFIC|RAB15|SEC61B|COBLL1|CRYM|DACH1|SNHG20|IGF2R|SLC7A11|ATP13A2|HIVEP1|MAPKAPK2|FLNB|PTK7|MREG|ENTPD4|LAMP1
REACTOME_KEAP1_NFE2L2_PATHWAY	0.638186813186813	0.998148836205863	0.260048271925517	0.930710836167786	2322	120	EGF|CCL2|ABCC3|EIF2AK3|PSMC6|PSMC1|PSMD5|ME1|PSMA1|PSMA4|GCLM|IDH1|PSMD6|PRKCI|NFE2L2|UBXN7|BCL2|SP1|BACH1|PSMD10|SKP1|PSMA2|MYC|PSMA6|CUL3|PSMC2|PSME4|PSMD14|PSMD11|PALB2|PSMC5|AMER1|SKP2|EP300|FBXL17|MAP1LC3B|PSMA3
GSE360_CTRL_VS_B_MALAYI_LOW_DOSE_MAC_DN	0.638326585695007	0.998211912635376	-0.264162142457162	-0.932359381186125	4256	177	HSPA6|POU2F2|MATR3|RAPGEF5|CD37|PIK3C2B|ETHE1|RRBP1|PCYT1B|IFT27|NDUFS7|FYN|OCEL1|HCFC1|KATNB1|NPAS1|TBCB|B3GAT3|ZNF593|AFAP1|TRPM1|TMEM94|DHX38|ID3|AMHR2|HIC2|NDUFA6|RNPS1|DGKA|GYPB|HIVEP1|IQSEC2|NPHP4|ARHGEF1|YJU2|THOP1|PDIA5|PLEKHM2|GAS6|CLK3|CYC1|DOLK|ADCY3|DHX16|JOSD1|EIF2B4|KATNA1|ATP6V1H
GSE22935_UNSTIM_VS_12H_MBOVIS_BCG_STIM_MACROPHAGE_UP	0.639068369646882	0.998594068262049	-0.262381378301767	-0.932257340480007	4252	191	LATS2|S1PR5|RENBP|TRPV2|DDX41|OST4|MRPL41|D2HGDH|TULP3|RSPH9|TMEM80|JMJD8|SIAE|SNX21|DDRGK1|COMT|MAP4K1|TXNRD2|CTSA|ADAM15|FBXW4|GAK|DHRS3|BABAM1|SIL1|HDAC7|TPGS1|MTMR10|PER1|DHCR7|SDHA|POLR2A|DHX8|SLC66A1|MTERF4|PSEN1|CIPC|ITPR3|ADISSP|TUFM|C15orf39|ZDHHC14|SLC25A26|SPTBN1|JUN|HABP4|NUDC|AP1G2|SNX15|GPCPD1|SLC35B4|DYNLT1|STEAP3|SERINC3|CUX1|AP2A1|CYTH1|ORMDL2|UCKL1|RABEPK|PCYT1A|PXMP2|SLC41A1|ANXA4|MNT|GGA2|GRB2|RPA1|NAPA|CDK5RAP3|RELL1|CDK4|NDUFS3|VPS25
GSE27786_BCELL_VS_CD4_TCELL_DN	0.638790035587189	0.998594068262049	0.25153284667225	0.944763726483442	2153	174	TTC39B|DPYSL2|SLAMF6|IGSF11|PDK1|DOK2|SFT2D2|NABP1|GLUD1|PUS3|TSPAN13|PRKAR1A|PXYLP1|RECK|IFIT1|TMEM176B|CDC14B|MTMR12|CTNND1|TMPRSS5|HACD3|HMG20A|PSMA2|DMTN|BIRC2|HECTD1|ARHGAP5|FRYL|PLSCR1|TMT1A|NCOR1|TMEM181|SEPTIN8|REEP3|SRPK1|PFDN5|TMX4|SETD3|MSMO1|FBXL17|MAP1LC3B|BRD10|PLAU|ALG5|WAPL|RPS6KA3|EXOSC8|UBE2B
GSE7509_DC_VS_MONOCYTE_WITH_FCGRIIB_STIM_DN	0.639063906390639	0.998594068262049	0.251276277740848	0.945096736723692	2129	177	MTMR6|MX2|CCL2|BMPR2|SFT2D2|ST3GAL5|CLDND1|AMD1|ADPRH|CGGBP1|PTPN2|PSMA4|BLTP1|RIF1|TWF1|IFIT3|RSAD2|IFIT1|EVPL|RNF144A|CDK17|FZD2|CXCL11|ACSL1|SSB|B4GALT5|RBPJ|NAMPT|CCSER2|CTNS|CHSY1|PPFIBP1|BAZ1A|EIF4G3|RABGAP1L|DHX15|TOR1B|TRAFD1|ATG12|BIRC2|GTF2B|KBTBD2|RAB14|PLSCR1|MYL12A|LMNB1|ETV6|RIPK1|ATF3|BAK1|ZC3HAV1|SERPINB1|ZFP36|EED|TOP1|STRN|ARHGAP25
HALLMARK_FATTY_ACID_METABOLISM	0.63905987688864	0.998594068262049	0.255740843389264	0.935153380019839	2283	139	GPD1|MLYCD|CD36|HSDL2|NBN|ME1|LDHA|CRYZ|HSPH1|HIBCH|IDH1|HSD17B11|AUH|ACSL4|ALDH9A1|SDHD|CPOX|ACSL1|ETFDH|RDH11|PRDX6|FH|DECR1|S100A10|ELOVL5|OSTC|APEX1|CA2|GLUL|SERINC1|MIX23|SUCLG1|SUCLA2|HMGCS1|ACAT2|YWHAH|HSP90AA1|GABARAPL1|DLD|SUCLG2|IDI1|ACSM3|ALDOA|TP53INP2|RAP1GDS1
REACTOME_ENDOGENOUS_STEROLS	0.638708513708514	0.998594068262049	-0.365150982563625	-0.872861854284617	3540	18	CYP19A1|FDXR|FDX2
BIOCARTA_PPARA_PATHWAY	0.640058055152395	0.998733639165877	0.293702375927102	0.906946182677737	2645	48	ME1|PIK3CA|PRKAR1A|MAPK1|APOA2|SP1|PIK3CG|MYC|RB1|CITED2|NCOR1|HSP90AA1|EP300|NCOR2|PRKAR1B|PPARA|PRKCB|HSD17B4
GSE10240_IL17_VS_IL17_AND_IL22_STIM_PRIMARY_BRONCHIAL_EPITHELIAL_CELLS_DN	0.640236506973924	0.998733639165877	-0.265342359247252	-0.930170633080438	4222	169	GNG8|ENG|DYNC2H1|IFT122|FAM234B|RAB38|RENBP|LRRIQ3|TNFRSF21|PLSCR3|ZC3H12C|SLC7A7|UCHL1|PKN3|LUC7L|BRD3|KDF1|ESR1|OAZ3|ARHGEF10|SMARCC2|SCARB1|CCDC57|LARS2|SCAP|SLC1A5|SDC4|PALM|HEMK1
GSE10325_CD4_TCELL_VS_BCELL_DN	0.640042598509052	0.998733639165877	-0.26659288581157	-0.931531619201429	4206	163	SPIB|ADAM19|RHOBTB2|MARCKS|CIITA|RASGRP3|ABCB4|HLA-DOB|SYNGR2|MICAL3|CD19|TCL1A|SLC7A7|TPD52|DUS2|P2RX5|ENTPD1|IGHA1|CACNA1A|SH2B2|SCARB1|LYL1|CLCN6|TCTN1|DDAH2|NT5C|RAB30|H2BC12|IRAG2|BMS1P20|GUSBP11|ZMIZ2|TIMELESS|EAF2|BCL7A|SCPEP1
GSE19888_ADENOSINE_A3R_ACT_VS_TCELL_MEMBRANES_ACT_AND_A3R_INH_PRETREAT_IN_MAST_CELL_UP	0.639593137999089	0.998733639165877	-0.266432653462277	-0.930806909051113	4212	162	TLX1|HLX|ANKRD33|ABCA7|MAGEH1|ODAD4|IGIP|PRKCZ|SPSB2|H2BC13|C1orf35|PLOD1|NAA38|RPL23|TEKT5|RASGEF1B|CCND1|HAGHL|SPG7|GRASLND|NPFF|PRDM16|UNKL|SIL1|NTHL1|DUSP7|PSMD2|AHSP|MYL6|MALT1|AAMDC
GSE24142_EARLY_THYMIC_PROGENITOR_VS_DN2_THYMOCYTE_ADULT_UP	0.639781685870224	0.998733639165877	-0.265416992859627	-0.930432264863123	4219	169	FES|TYROBP|SPAG1|IL15|ADGRG3|CTBP2|N4BP2L1|ZNF467|GDPD5|VILL|RUFY1|DGLUCY|TRIO|ITIH5|TEF|LGALSL|LBP|APOBR|CCND1|ECE1|TIRAP|LTBP3|BCL6|SLC25A45|ZBTB20|PRTN3|PARP3|ARHGAP6|IL18RAP|TSC22D1|ID2|RNF149|SASH1|NEK6|NIBAN2|SPINT1
GSE24142_EARLY_THYMIC_PROGENITOR_VS_DN3_THYMOCYTE_UP	0.640197397936294	0.998733639165877	-0.263789286400041	-0.932061797494752	4280	178	FES|PAK1|TYROBP|PLXNB2|GKAP1|CTBP2|ABCB4|P2RX4|PLA2G15|ITIH5|TSPAN4|SMAD6|ECI1|ITGAX|LBP|NAPSA|IER3|CCND1|ACVR1B|SH2D3C|THEMIS2|RIPOR1|PTK2B|RNH1|CST3|SELENBP1|CD151|ATP13A2|CEBPB|PRTN3|TMEM205|HIP1R|ARHGAP6|TSC22D1|RNF149|SASH1|MGAT4B|NEK6|NIBAN1|TNIP2|NR2F6|LPCAT1|CD81|NRGN|GATA2|MANBA|S100A6|TLCD2
GSE339_CD4POS_VS_CD8POS_DC_UP	0.640161725067386	0.998733639165877	-0.263136472807231	-0.931759988250451	4274	182	ASCL2|TPM2|TEP1|SMAD7|PTPRB|PLXNB2|TLR6|RGS3|IFITM2|CIB1|IL2RG|NLRX1|BCL3|ACTN2|EMP3|RGS14|ATP2A3|SLC6A13|TSPAN9|KLK8|FOLR2|NAA60|CTSA|BIN1|CTC1|ICAM2|RNF181|SHISA5|LPIN2|DHRS3|ENO3|DIAPH1|SLC2A3|B4GALNT1|MAP3K3|NR4A1
GSE3720_UNSTIM_VS_PMA_STIM_VD2_GAMMADELTA_TCELL_DN	0.640252138676272	0.998733639165877	-0.262343305969886	-0.931946137969554	4265	190	TNS2|LCA5L|S1PR5|SELENOM|L1CAM|PWWP2B|ADGRE5|BSG|RGS3|IFITM2|OSBPL5|NCCRP1|CRYBG1|TADA2A|NFIL3|HMGCL|B3GAT3|KCNAB2|NCAN|TKTL1|CRAMP1|KRTCAP2|GBP2|H2BC5|KCTD10|DMBX1|SDC4|SELENOS|RAB11FIP4|RAD54L|IL18RAP|ERN1|TUBGCP2|PTCD1|KLF13|C12orf75|DCTPP1|NIBAN1|CAPG|EHMT2|WDR53|GPANK1|MCM2|DNMT1|ITGAE|CCNF|ESYT1|ABCA2|ARMC7|EBP|PIMREG|SYNGR3|CENPW
GSE4984_GALECTIN1_VS_LPS_STIM_DC_UP	0.640159045725646	0.998733639165877	0.254471935449939	0.936324012040601	2253	148	ST8SIA4|ASAH2|USP25|ACOX3|HSDL2|TMEM106B|VPS54|EXD2|WDCP|RIMOC1|PPM1A|ZFAND1|PLEKHF2|MKRN1|TRIM13|EPS15|DRAM2|MTMR12|KDM4C|NSA2|SPNS1|PEX5|FUCA2|WRN|REEP3|BRAP|FUCA1|ZZEF1|DCAF12|SYNJ1|TFDP2|ACOT13|SMAD5|INPP4A|AKAP10|CCDC32|SCAI|BBS4|SARAF
GUENTHER_GROWTH_SPHERICAL_VS_ADHERENT_UP	0.640232811931612	0.998733639165877	-0.376612906785556	-0.873936602539295	3519	16	VANGL2|METRN|DLL3|HES6
LI_ESTROGENE_MCF7_E2_RESPONSE_UP	0.63938315539739	0.998733639165877	0.300833768587071	0.897679385949896	2694	40	COL21A1|LONRF2|PLAC1|DDX10|RHOBTB1|JAK2|NR5A2|RAB31|TIPARP
GSE37416_0H_VS_3H_F_TULARENSIS_LVS_NEUTROPHIL_DN	0.640530759951749	0.998874940639305	0.249542701253289	0.945717790390052	2123	187	CD83|PRKCH|NABP1|STRAP|DNTTIP2|ARIH1|B3GNT5|EAF1|LDHA|THAP9|ETV3|MAPK6|MAPK1IP1L|ARF4|ANKHD1|CABLES2|SNAPC1|ZNF16|WTAP|METTL21A|RBKS|PDE4D|MAGT1|ELL2|APOO|USP47|NFE2L2|IL10RA|CNOT2|ZNF292|DNAJB11|RLF|HPS5|FBXO28|SLC36A4|AFTPH|BRAF|CHD1|CHMP2B|SUB1|PPP2CA|ATP13A3|ASCC1|TIPARP|TFG|TFRC|ANKRD33B|BZW1|HSPA9|PNPLA8|GGT1|ATP6V1C1|EIF1AX|RALGAPA1|RBM12|MAFF
LEE_METASTASIS_AND_RNA_PROCESSING_UP	0.640541740674956	0.998874940639305	0.365109134367025	0.874493399134301	2884	16	COIL|PPIG|RAE1|GRSF1|HNRNPA2B1|PABPC1|EXOSC8|RNGTT
GSE14350_TREG_VS_TEFF_IN_IL2RB_KO_UP	0.640910452231207	0.998906999759238	0.248735678974841	0.946037551272542	2139	190	ITGB7|OSGIN1|SLC49A4|MS4A6A|DET1|RFFL|RNF139|UBR3|NT5C3A|TMEM106B|EIF3E|EXD2|FAM76B|KDM7A|PIK3C2A|NEMF|FMNL3|ZNF493|ANKHD1|ADD3|TAPT1|WDR44|ATP1B3|TRIB1|RBL2|ABR|IFIT1|OTULINL|SHTN1|CDK17|DYRK1A|MOSMO|MBNL1|TRAPPC2|SP1|RFX7|CHD9|ABCB1|ADNP|TOGARAM1|FBXO33|CYP4V2|TENT4B|CCNT2|PUM2|IKBKE|SNAPC5|CA2|APC|TTLL4|C6orf62|KBTBD2|GOLM2|BMP2K|FYCO1|ASXL2|STX17|ZYG11B|ZNF281|USP48|SRPK1|DHX33|CAST
GSE14415_NATURAL_TREG_VS_FOXP3_KO_NATURAL_TREG_UP	0.640854843186234	0.998906999759238	0.257824961749	0.933658899109348	2308	130	MS4A3|STAP1|FCGR2B|CCL5|CD3G|CCL2|LGALS3|SERPINI1|CAVIN4|PBK|MLF1|AP1S2|PPP1R12A|IFIT3|HOMER1|CD164L2|ATP6V1G2|RSAD2|ACOT11|SYNE1|IFIT1|B3GALT1|KIF27|DPH6|TMF1
GSE14908_RESTING_VS_HDM_STIM_CD4_TCELL_NONATOPIC_PATIENT_UP	0.640741848638947	0.998906999759238	-0.262673070851081	-0.931736370997806	4283	187	TEP1|SEMA4D|APBB2|DBNDD2|HBB|FLT3LG|TLR6|MYL11|UBL5|ITIH5|SERF2|PPCDC|GABRG2|NTRK3|PIWIL1|GCOM1|SLC23A3|QRICH1|GBA2|ZNF622|HS6ST1|RPL13A|ACTN2|TMUB1|SUCO|BCL6|CSNK1D|MAP3K11|GAK|MCRIP1|WDR13|PYROXD1|VPS39|PCSK7|SLC39A11|AKT2|WNT5B|SDF4|ZNF764|TMUB2|UQCRHL|MINK1|PTPN23|RAB2A|ANKIB1
KEGG_MEDICUS_REFERENCE_TNF_JNK_SIGNALING_PATHWAY	0.640960349217898	0.998906999759238	-0.376347616046178	-0.873320990903901	3523	16	TNFRSF1A|FOS|TRADD|TRAF2|TAB1|JUN|TRAF5
GSE25123_CTRL_VS_IL4_AND_ROSIGLITAZONE_STIM_MACROPHAGE_UP	0.641217939103045	0.999153317714431	-0.262570692336047	-0.932154361052778	4274	189	CCR7|TSC22D3|VANGL2|TMEM81|CLBA1|CD37|ZNF169|FLT3LG|CECR2|SH3PXD2A|CBX8|QRICH1|IFI27L2|TMEM38A|PIK3IP1|SPINT2|PPP4C|NOTCH3|MYO1G|PPP1R35|EMC4|GNA11|PSAP|NCSTN|GPATCH2L|WDR18|AGRN|ATP13A2|UNKL|JUNB|B4GALNT1|ITFG2|PRKAB2|PPP1R18
KEGG_MEDICUS_VARIANT_MUTATION_CAUSED_ABBERANT_ATXN2_3_TO_MGLUR5_CA2_APOPTOTIC_PATHWAY	0.641651865008881	0.999579419648141	0.364925354998548	0.874053218844348	2889	16	GNAQ|VDAC1|MCU|SLC25A5|PLCB1|VDAC3|SLC25A4|VDAC2|ATXN3
LIU_PROSTATE_CANCER_UP	0.641889712995808	0.999579419648141	-0.283946348400401	-0.912793348988709	3980	84	FARP1|SEL1L|GDF15|PTRHD1|TRPM4|ATF6B|DNPH1|SLC19A1|BCAM|ARHGEF26|CALR|TMEM161A|SLC43A1|CREB3L1|ENTPD6|H2AC25|PYCR1|RAP1GAP|HOXC6|CAMKK2|PDIA5|EDRF1
TAKAO_RESPONSE_TO_UVB_RADIATION_DN	0.64171974522293	0.999579419648141	0.2673776058022	0.923640038721381	2417	95	ELK3|FOXO1|RGS2|CD164|CCT8|PSMA4|RAB11A|WTAP|CBFB|ESD|UGCG|DAZAP2|RAD23B|DPM1|MORF4L2|VRK2|PIGC|PUM2|RBBP8|GTF2H1|BZW1|H2AC6|CAST|PIR|MCL1|ZFP36|PSMA3|PRMT5|TOMM20|TXNIP|ATIC|TNFAIP3|NFKB2|CCND2
WP_MECHANOREGULATION_AND_PATHOLOGY_OF_YAPTAZ_VIA_HIPPO_AND_NONHIPPO_MECHANISMS	0.64184821642327	0.999579419648141	0.297690368553467	0.904236354852037	2680	44	ITGB7|ITGB4|SRC|YWHAQ|MAPK8|WWTR1|PAK3|MAP4K3|MAPK9|CTNNB1|TEAD1|SGMS1|LATS1|SAV1
ABE_VEGFA_TARGETS_2HR	0.688752196836555	1	-0.32413713294644	-0.862029595920549	3918	29	AURKC|APOE|PDCD1|TKTL1|NR4A1|DAPK3|POLR1G|MCM2|UPP1|CDKN1A|CARS1|CUX1
ABRAHAM_ALPC_VS_MULTIPLE_MYELOMA_DN	0.709502262443439	1	0.331763334603649	0.841307213693602	3135	20	XRCC4|CCNB1|CASP3|MYC|CD47|PTEN
ABRAMSON_INTERACT_WITH_AIRE	0.809010304337407	1	0.272204935615036	0.823248382402813	3375	43	TOP2A|RANBP2|MSH2|IPO7|RANBP9|DDX5|SMC3|CAND1|PCNA|SRSF1|XPOT|LMNB1|H2AC6|PABPC1|KPNB1|POLR2B
ADDYA_ERYTHROID_DIFFERENTIATION_BY_HEMIN	0.705882352941177	1	0.268741545864755	0.891773207815222	2783	73	OSGIN1|CXCL8|NPL|EGR1|YES1|NFYA|MEF2C|AAK1|RTN4|GYPA|ETV5|INSIG1|HERPUD1|CPOX|SOCS2|ANGPT1|MYB|ADAM10
AGUIRRE_PANCREATIC_CANCER_COPY_NUMBER_DN	0.983642654922932	1	0.212842870493607	0.825427057872247	3126	226	PLEKHA8P1|LEMD3|REV3L|CD164|SOCS6|AMD1|HDAC2|PDGFB|TWF1|PPP1R12A|PIAS2|PLGRKT|APOL2|ISOC1|LRP2BP|HECA|HOXC4|APOL3|MMP11|NKAIN1|ALPL|RAB36|DAZAP2|RAP1B|SNX3|YTHDF2|CARD10|PIK3C3|DCTN6|PLPBP|HBS1L|CLIC4|DEPDC5|C6orf120|CAND1|STMN1|VDR|RACGAP1|LSM3|MAK16|HNRNPA1|PSIP1|XPOT|YWHAH|SEC63|ATP6V1B2|EIF4B|CTDP1|FUCA1|BTG1|PFDN5|TAF12|SUMO3|CCDC28A|GALNT7|RPS6|PHF10|SARAF|FKBP11|UFSP2|KDM1A|MAP3K5|FBXW7|RLIG1|TFIP11|CDK19|ATG5|HAUS6|TMEM43|TOMM22|ASF1A|INTS9|CEP290|CHEK2|THOC5|YEATS4
AIYAR_COBRA1_TARGETS_DN	0.978441420745715	1	-0.242053009757283	-0.628419321452258	5536	26	HSPB1|FGFR3|HELLS|HNRNPAB|NELFB|MCM2|DCPS
ALCALA_APOPTOSIS	0.744770982261054	1	0.261216390440359	0.884850882773445	2812	85	TBC1D10C|BNIP3L|MSH2|TMEM35B|DDHD2|SCCPDH|MTCH2|TMEM106C|IL32|RIT1|RHOA|SLC25A3|ATP5F1B|VDAC1|SAMSN1|MFF|RTN3|NUP205|EEF1A1|HMGN1
ALCALAY_AML_BY_NPM1_LOCALIZATION_DN	0.796410709032068	1	0.240022351559809	0.895201068378313	2706	166	PITPNC1|NXT2|STAP1|CD69|TNFRSF14|ASB9|SERPINI1|CCNA2|CCNB1|TSPAN13|GYPA|PLXND1|TMEM106C|MAD2L1|CD96|PALM2AKAP2|RSAD2|OTULINL|ATP8A1|INPP4B|RPS6KA2|PLXNC1|RAD23B|TYMS|PIP5K1B|POU4F1|RRM2|ITM2A|ENDOD1|ABCB1|NNT|ACAT1|HMGN3
ALCALAY_AML_BY_NPM1_LOCALIZATION_UP	0.963927227101631	1	-0.226925768813955	-0.76668575161259	6145	122	PBX3|IRX5|FZD7|RASGRP3|RAB38|PLPPR3|KCNK5|IGFBP2|SPATA6|RRBP1|ZNF580|ACVR1B|IGHA1|SEMA4C|SCYL3|PPP1R26|SNX11|RTL8C|TANK|TGIF2|ARHGAP22|RTL8A|ITGA5|LMNA|GATA2|PSEN1|LTBP1|HOXB3
ALFANO_MYC_TARGETS	0.879525135570863	1	-0.236430525214577	-0.854845153823179	6000	226	TGFB1I1|CRIP2|MARCKS|SMPD1|CELSR3|QSOX1|MAG|DDB2|SYNGR2|ITGA7|SMTN|CLCN2|PDCD11|PCYT1B|CLCN7|FYN|NPAS1|AFAP1|ID3|RRP12|FILIP1L|TRIP6|ITGB5|SNU13|KCNN4|CDK2AP2|AGRN|TRAP1|SDC4|NBL1|PLEC|MYL6|DHCR7|PYCR1|RAP1GAP|MMP17|PDLIM4|MYBL2|PAFAH1B3|CAMKK2|FLOT1|PDIA5|KCNH2|CDKN1C|GAS6|PXN|LY6E|CDC42EP3|LTBP1|DESI1|TUFM|IRF1|ADCY3|AK4|PES1|LARP1|KARS1|RBM5|TCF7L2|NOP56|TTLL12
ALONSO_METASTASIS_EMT_UP	0.930143206426825	1	-0.263044893985926	-0.705132182692322	5325	30	ENC1|L1CAM|APLP2
AMIT_DELAYED_EARLY_GENES	0.788245850157021	1	0.317553090148077	0.78651423734191	3513	18	KLF10|PIAS1|BHLHE40|ATF3|MAFF|ZFP36|FOSL2
AMIT_EGF_RESPONSE_120_HELA	0.770318021201414	1	-0.276858407161571	-0.844357300734694	4577	61	TAGLN|CXCL1|GDF15|ZNF747|IRS2|DUSP4|NDEL1|MVD|CLCF1|OGFR|CDKN1A|KDM6B|DAG1|CYTH1|TNFRSF10B|SNAI1|MATK|JUND
AMIT_EGF_RESPONSE_40_HELA	0.659437559580553	1	0.297592828511406	0.892412910678105	2766	41	CAMKMT|EGR3|MBNL2|PALMD|EGR1
AMIT_SERUM_RESPONSE_120_MCF10A	0.651754819574889	1	0.281923876040519	0.904802967945131	2636	60	BCAR3|C3orf52|KLF10|SKIL|FEM1B|ISOC1|IFIT5|DUSP10|SERTAD3|CIZ1|SUN1|SETD3|MCL1|MAFF|DAPP1|RYBP|PIM1|PLAUR|CD55|PDLIM5|RAP2B
AMIT_SERUM_RESPONSE_240_MCF10A	0.709771096686027	1	-0.298844090442084	-0.865715303259991	4154	45	TGFB1I1|TNFRSF21|TGM1|SERPINE1|TIMM44|MAP3K11|ITGA5|BCL2L1|CDKN1C|NECTIN2|ARHGEF3|PRSS8
AMIT_SERUM_RESPONSE_480_MCF10A	0.980436681222707	1	-0.236318565041546	-0.637674476676175	5612	31	S100P|MRM2
AMUNDSON_RESPONSE_TO_ARSENITE	0.960522225676096	1	0.220078435087125	0.846935951409748	3089	211	PRNP|ZNF43|SCRN3|SLC22A1|REV3L|ST3GAL5|TLE4|ANLN|DNTTIP2|ME1|ARIH1|DLC1|ZNF184|CCT8|NPM1|MT1X|HIBCH|CLK1|BCAS2|RNF115|SIAH2|HSPA4|DAZAP2|RIT1|PDS5B|ASB3|TMF1|DYRK1A|NFE2L2|FXR1|IL10RA|LAMTOR3|TFE3|MLLT11|ADNP|HPS5|BAG2|KDM6A|TPP1|MAN1A2|ZNF254|TNKS|LEPR|BMP2K|INTS6|MED14|GARS1|ZFAND5|TIMM17A|PLAAT3|GTF2H1|ATP6V0E1|DNAJB6|HSPA9|CDK6|PFDN5|GOLGB1|ATF3|ATP6V1C1|BCAT1|PEX11B|RAD51AP1|N4BP2L2|MAFF
ANDERSEN_CHOLANGIOCARCINOMA_CLASS2	0.908215561422581	1	-0.238668571826953	-0.818860027423535	5847	140	KRT15|DHDH|S100P|SFN|ASPHD2|VILL|ELL3|CTHRC1|MYO1A|SPOCD1|CYP2S1|STYK1|LAMB3|COL6A3|EPHX3|PKP3|SLC16A3|KCNN4|SLC39A4|CDCP1|CDCA3|SPIRE2|WNK4|COL1A2|CAPG|SAPCD2|NMU|DTX2
ANDERSEN_LIVER_CANCER_KRT19_UP	0.847594050743657	1	-0.282079140413566	-0.774635696453637	4843	34	RPP21|IP6K2|RPL13A|RPS18|POLR1H|RPS12|RPL3|CSTB|ZSWIM1|RPL35A|DYNLT1|RPS14|RPS17|RPL27A|KHDRBS1
ANDERSON_BLOOD_CN54GP140_ADJUVANTED_WITH_GLA_AF_AGE_18_45YO_1DY_DN	0.658855850032321	1	-0.281891905065122	-0.903715949706548	4076	82	DPEP2|ZNF341|SH2D3C|HGS|FRA10AC1|MAP7D1|GRK6|ARHGAP1|VPS8|LAMP1|ACD|ADD1|FLII|ARAP1|ANTXR2|MAST3|ARID3A|KMT2D|SF3B2|UBA1|ARF1|CTCF|ATP6AP1|MYH9|PGD|BABAM2|RAB5B|DPF2|GBA1|MTMR3|PPP1CA|ACO2|RABGEF1|MSN|RIC8A|ARF3|SEC23B|FBXL18|ZNF106
ANDERSON_BLOOD_CN54GP140_ADJUVANTED_WITH_GLA_AF_AGE_18_45YO_3DY_DN	0.963954505686789	1	-0.248035530837751	-0.672654722793966	5508	32	DPEP2|AMDHD2|SCAND1
ANDERSON_BLOOD_CN54GP140_ADJUVANTED_WITH_GLA_AF_AGE_18_45YO_6HR_UP	0.818722659667542	1	-0.291530460882826	-0.790609880321584	4678	32	NFKBIZ|FUT8-AS1|TAF15
APPIERTO_RESPONSE_TO_FENRETINIDE_DN	0.842688960928169	1	-0.270198052851672	-0.796849924779868	4938	50	NDUFA2|UQCR10|H4C3|IFITM2|IFITM3|ASNS|MBOAT7|NDUFC1
APRELIKOVA_BRCA1_TARGETS	0.841752453914293	1	0.265077532635315	0.805174661941672	3515	44	PSMC1|ROCK2|FGFR1|RIT1|EIF3C|DLG1|EIF2S1|DDX3X|ANXA5|QKI|CA2|PSMC2|RPA2|PDIA3|HSP90AA1|DDX21|NUMB|VIM
ASGHARZADEH_NEUROBLASTOMA_POOR_SURVIVAL_DN	0.910791616144119	1	-0.263628014372536	-0.743641275821084	5257	39	PLPPR3|C1orf35|ZNF710|TADA2A|CAMTA1|CHD3|H2AZ2|HOXC6|APBA2
ASTON_MAJOR_DEPRESSIVE_DISORDER_DN	0.763938499767045	1	-0.256393757536785	-0.879674260086574	4918	140	APLP1|PLLP|CYP19A1|PPFIBP2|MAG|SYNGR2|TRIO|TMEM63A|SORBS2|APOD|UNC13A|PTK2B|MX1|ARHGEF10|BIN1|MYO9B|SLC4A2|PRPF19|CNP|RNASE1|DPH2|TMBIM6|TMC6|PSEN1|CDKN1C|GOLGA2|PMP22|DICER1|MAN2A1|MCM7|ABCA2|BRD2
BAE_BRCA1_TARGETS_UP	0.777750062359691	1	0.26265707628892	0.863037191684254	3117	68	CCNG2|LGALS3|LAMP2|UBE2N|IFRD1|RNF6|COL4A5|CNBP|GNG10|KCNK1|CRY1|HACD3|NET1|ANXA1|MGST1|RYK|TAX1BP1|ADH5|TRAM1|BTG1|IDI1|MSMO1|KYNU|TCEA1|NEK4
BAKKER_FOXO3_TARGETS_DN	0.839376639407499	1	-0.246430673934874	-0.854783609379966	5439	155	PCBP4|SEL1L|RDH16|COX8A|CCS|PNCK|RPP21|RNASEH2C|IFI35|POR|TULP3|DYNLT4|ARHGEF17|CFD|SLC19A1|PDLIM7|SCRIB|TEX22|TSHZ2|GNMT|SEC61B|MMP24OS|DMPK|WDR4|MED10|HIC2|CAPN15|TIMM10|TPGS1|DEAF1
BALDWIN_PRKCI_TARGETS_UP	0.941890719861231	1	-0.25308252094369	-0.710559406964692	5429	38	MTCL1|IFITM1|HFE|ZBTB20|RHOB
BANDRES_RESPONSE_TO_CARMUSTIN_WITHOUT_MGMT_48HR_UP	0.825279642058166	1	0.312416222039873	0.76097201639045	3688	17	CD80|GDI2|SNAPC1|SNRPB2
BARIS_THYROID_CANCER_DN	0.899577345731192	1	-0.256704824290166	-0.768364607730673	5320	54	IGF1R|PKN3|CCND1|GLG1|RPL13A|TIMP1|SP110|NEDD8|INPP5D|GRB7|RAD50
BARIS_THYROID_CANCER_UP	0.805510907003444	1	0.298480353932729	0.790758047355355	3507	24	PTPRN|CRNKL1|ATP6V1D|COX7B|GLUL|NRF1|ERCC5|COPB1|CD46
BASSO_B_LYMPHOCYTE_NETWORK	0.704612517471657	1	-0.262928759573631	-0.902095527814209	4536	140	TEP1|N4BP2L1|POLR2F|CYLD|IFITM1|DDB2|ETHE1|SUN2|UCHL1|ZNF593|PRSS53|MDFIC|SP100|BIN1|PSMB5|ASNS|WDR18|ZBTB20|PSMD2|NOP16|TNFRSF1B|NISCH|ZMYND11|TUBG1|HNRNPAB|RPS26|EPOR|DESI1|CTSH|CYC1|ITPR2|EIF4G1|PES1|SEM1|MRPS12|RBM5|ARVCF|HLA-E|NDUFAB1|BYSL
BEGUM_TARGETS_OF_PAX3_FOXO1_FUSION_UP	0.958183990442055	1	-0.242351702297441	-0.707878215149048	5613	47	STX11|TPBG|MDFIC|DACH1|SGK1|LIFR|GOLIM4|LTBP1
BEIER_GLIOMA_STEM_CELL_DN	0.644392209536602	1	-0.296559486920467	-0.902482089547405	3837	60	NFKBIZ|BTN2A2|SYNE3|KLF7|CCND1|SNX21|CACNA1A|COMMD1|USP36
BENPORATH_ES_2	0.782436524574889	1	0.288494771223829	0.825073559522426	3358	33	CYP26A1|LIN28A|ORC2|HESX1|GJC1|PRKD3|DSCC1|GOLGA7|TXLNG|ERCC6L
BENPORATH_ES_CORE_NINE_CORRELATED	0.895819935691318	1	-0.246337048614213	-0.800885271781549	5571	92	SPIB|GTF2H4|SOX11|ZIC1|NFIL3|CALR|SUPT5H|ZBTB5|CEBPB|HIVEP1|MYBBP1A|TGIF2|MYBL2|SMARCA4|MAFG|SRF|IRF1|RELB|VGLL4|NFKBIE|HMGA1
BERENJENO_TRANSFORMED_BY_RHOA_DN	0.660854043663326	1	-0.249392940677738	-0.941113491358546	4812	365	GAA|MEIS3|PLAT|IL11RA|OSMR|SEL1L|NAGK|MARCKS|ARSA|TIMP3|SEMA3F|MT2A|LAMA4|P2RX4|TLR6|RABAC1|COL1A1|GRN|TWIST1|TRIO|APLP2|SMAD6|AEBP1|CRYBG1|MAP1LC3A|PCOLCE|TOM1|TXNDC16|COL6A3|NME3|STX4|DCN|CACNA1A|MAGED2|ATN1|IFITM3|SMOC2|LTBP4|PSAP|CTSA|DLK1|CSRP2|ID3|LSS|MXD4|TONSL|NDUFA6|SLC1A5|IL17RA|CPQ|NACC2|STX5|F2R|TMEM205|VKORC1|GNS|PER1|DHCR7|TAPBP|GRINA|MVD|CD276|ID2|SMIM14|GLMP|RCN1|CLTA|ATP6V0A1|HES6|COL1A2|NNMT|IL6ST|CLN6|PCK2|HCFC1R1|UBE2M|ECH1|KDELR3|GAS6|PMP22|CPT1A|MAN2A1|ITPR2|SPTBN1|THRA|FAM8A1|CNPY2|PLCD1|MIEN1|RAB24|ERGIC3|MROH1|SNAPIN|CASP9|S100A13|HLA-E|SLC12A2|IFT25|FKBP9|MAOA|SSBP4|FN1|CCDC80|RRAS|USP22|CALML4|USE1|TSPYL4|SPTAN1|JUND|ANXA4|TBX15|TMEM150A|MNT|ST3GAL2|GGA2|GSN|COQ9|PIK3R1|LGALS9|EID1|DCTN2|DDIT3|TMED3|RALGDS
BERENJENO_TRANSFORMED_BY_RHOA_FOREVER_DN	0.917478307065699	1	-0.277749333024036	-0.708372313707861	5180	24	EREG|TNK2|IER3|F2R|MTMR10|FLNB
BERNARD_PPAPDC1B_TARGETS_DN	0.815133131108864	1	-0.27168664865599	-0.818155200083238	4836	56	TBC1D2|IFT122|KCNK5|SH3BP2|ARHGAP45|HDAC4|STC2|RHOF|RAP1GAP|PLPP5|IL6ST|HSD17B1-AS1|PRR7|HIP1|PROSER2
BHATI_G2M_ARREST_BY_2METHOXYESTRADIOL_DN	0.793773704171934	1	-0.256487209042757	-0.860987184718202	5022	117	OGDHL|BFSP1|CBS|C5|PRKCZ|SPSB2|SGSH|VMO1|DCN|TRIB3|SMOC2|MACROD1|ZNF490|TMEM79|LENG1|RPS2|PYCR1|GCHFR|DNASE2|RPL3|NOP53|AARS1|SESN2|THRA|ELAC1|B3GALT6|MYL5|HLA-E|RPS17|CEBPG|ZNF581|GPT2|PGLS
BILANGES_RAPAMYCIN_SENSITIVE_GENES	0.968483371060421	1	-0.241107693011513	-0.666638324903633	5561	35	SLC12A9|N4BP3|RPS15|RPL27|TPRN|NUDT7|NEU1|RPL35|TNFAIP2
BILANGES_RAPAMYCIN_SENSITIVE_VIA_TSC1_AND_TSC2	0.804494382022472	1	0.260523771313147	0.846362463549687	3221	64	EIF3E|CNIH1|CRYZ|OLA1|TCP1|RTRAF|ATP6V1G2|SLC25A3|VDAC1|FXR1|NSA2|CS|PRDX3|CCT4|MRPL30|AIMP1|SLC25A5|GYG1|PAICS|AHCY|VIM|BTF3|SLC25A17|PSAT1|TOMM20|NAP1L1|HSPA8|UQCRFS1
BILANGES_SERUM_AND_RAPAMYCIN_SENSITIVE_GENES	0.850659102286	1	-0.260655777361535	-0.809503138479016	5097	68	RPL28|RPL23|UBA52|RPS9|RPL18|C8G|RPL13A|FAU|RPS10|RPS16|RPS23|RPL10|NOP53|QARS1|RPL8|RPS5|RPS14|RPS17|USE1|RPS13|RPL13|RPL27A
BILANGES_SERUM_SENSITIVE_VIA_TSC2	0.859937128885784	1	-0.283550933388664	-0.760101766413652	4923	30	FAM234B|GLG1|FAM98B|SMG6|KIFC1|TUBB2B|SMARCA4|COL1A2|NUMA1|DICER1
BILBAN_B_CLL_LPL_UP	0.89010989010989	1	-0.2590559802474	-0.775402048611611	5264	54	TBC1D1|CCR7|DIPK1A|KLK2|RRBP1|ATOX1|IGSF3|FLNB|MYBL2|ATP6V0A2|CPT1A|BCL7A
BILD_E2F3_ONCOGENIC_SIGNATURE	0.759312320916906	1	0.237181717492954	0.919626543053283	2384	228	CD83|DCK|GPR137B|TM6SF1|ANKRD18B|ZNF483|ZNF367|RAVER2|CSPG5|SLC27A3|CCNE2|DTL|HACE1|PTGS1|PFKFB3|MACIR|AP1S2|NEMF|CIBAR1|ENTPD1-AS1|GINS1|CCP110|PDE8A|ABCB10|CMPK2|PLXND1|TMEM106C|DYM|METTL21A|PXYLP1|HECA|PLPP3|MAP3K21|ARHGAP8|EML6|EPB41L4A|EPB41L4B|GNAL|SCN8A
BIOCARTA_ARAP_PATHWAY	0.999276934201012	1	-0.208073351681668	-0.49071707485776	5527	17	CYTH3|ARAP1|CYTH1|CYTH2|GBF1|ARF1|ARFGAP3
BIOCARTA_ARENRF2_PATHWAY	0.965377697841727	1	0.251877203558864	0.631721032592302	4293	19	CRYZ|MAPK8|MAPK1|NFE2L2|CREB1|MAPK14
BIOCARTA_ARF_PATHWAY	0.98016747465844	1	0.246925103691299	0.582928650820342	4447	15	PIK3CA|PIK3CG|MYC|RB1|POLR1B
BIOCARTA_AT1R_PATHWAY	0.768822170900693	1	0.305335253831878	0.816046460800587	3328	25	MAP3K1|GNAQ|MAPK8|MAPK1|CALM2|ELK1|ATF2|MAP2K4|SOS1|MAP2K1|PRKCB|SHC1
BIOCARTA_ATM_PATHWAY	0.994796380090498	1	0.217186824922059	0.550756589013763	4396	20	NBN|MAPK8|RBBP8|ATM|BRCA1|CHEK2|CHEK1
BIOCARTA_ATRBRCA_PATHWAY	0.886270956048935	1	0.283268702819882	0.728067433596369	3911	21	NBN|HUS1|ATR|FANCF|ATM|RAD17|BRCA1|CHEK2|CHEK1|BRCA2|FANCC|MRE11
BIOCARTA_BAD_PATHWAY	0.730648064806481	1	0.318466677575772	0.830158305297225	3246	22	PIK3CA|PRKAR1A|MAPK1|KIT|BCL2|PIK3CG|YWHAH
BIOCARTA_BCELLSURVIVAL_PATHWAY	0.897972675187307	1	0.295875542105908	0.698488440390241	4074	15	PIK3CA|CASP3|CCT4|PIK3CG
BIOCARTA_BIOPEPTIDES_PATHWAY	0.946771580652627	1	0.254011908410325	0.69991493375618	4090	28	MAPK8|MAPK1|CALM2|JAK2|MAPK14|STAT1|SOS1|MAP2K1|PRKCB|SHC1
BIOCARTA_CARM_ER_PATHWAY	0.960687090490526	1	-0.259097700453886	-0.66080316214845	5424	24	CCND1|HDAC4|ESR1|PELP1|HDAC5
BIOCARTA_CASPASE_PATHWAY	0.945239799570508	1	-0.269298862335804	-0.66610991009136	5281	21	PRF1|LMNA|LMNB2|PARP1|CASP9|CASP10
BIOCARTA_CDMAC_PATHWAY	0.993339253996448	1	0.220500386974315	0.528132864300677	4473	16	MAPK1|MYC|PLCB1|MAP2K1|PRKCB
BIOCARTA_CERAMIDE_PATHWAY	0.874731567644954	1	-0.29554864750408	-0.731038673201226	4887	21	SMPD1|TNFRSF1A|TRADD|TRAF2
BIOCARTA_CHEMICAL_PATHWAY	0.878869448183042	1	0.292226403151334	0.723785199188471	3917	18	BCL2|CASP3|EIF2S1|ATM|STAT1|PRKCB|CASP6|APAF1
BIOCARTA_CHREBP_PATHWAY	0.852494577006508	1	-0.311975005579272	-0.735757178558881	4715	17	MLXIPL|ACSBG1|PRKAB2
BIOCARTA_CXCR4_PATHWAY	0.865674955595027	1	0.304334344165809	0.728928284865454	3898	16	GNAQ|PIK3CA|MAPK1
BIOCARTA_DEATH_PATHWAY	0.995782073813708	1	-0.211649569072978	-0.562873469158761	5665	29	TRADD|TRAF2|BID|LMNA|CASP9|CASP10|RELA|SPTAN1|DFFB|NFKBIA
BIOCARTA_EDG1_PATHWAY	0.900996828273675	1	0.278661069940735	0.716224729436398	3976	21	PIK3CA|MAPK1|S1PR1|RHOA|PIK3CG|PLCB1|ASAH1
BIOCARTA_EFP_PATHWAY	0.98567650947554	1	0.24035608012461	0.567420822787902	4472	15	CCNB1|CDK1|CDK2|CDK6|CCNB2|SMURF1|CDK8
BIOCARTA_EICOSANOID_PATHWAY	0.838937093275488	1	-0.316323721043533	-0.746013123949117	4640	17	PTGIR|TBXAS1|EPHX1
BIOCARTA_ERAD_PATHWAY	0.763264388489209	1	0.320674008215577	0.804266971100123	3394	19	FBXO2|MAN2B1|UBA2|SKP1|MAN1A2
BIOCARTA_ERK_PATHWAY	0.768159379407616	1	-0.313608884973423	-0.807772766194424	4356	25	IGF1R|KLK2
BIOCARTA_ETS_PATHWAY	0.744893428063943	1	0.337713418305124	0.808876380534577	3354	16	HDAC2|ETV3|RBL1|DDX20|NCOR2
BIOCARTA_FAS_PATHWAY	0.990394690883688	1	-0.22638022452552	-0.606846912780595	5670	30	PAK1|FAS|LMNA|LMNB2|PARP1|JUN|CASP10
BIOCARTA_FMLP_PATHWAY	0.897364124096105	1	0.266739189895854	0.756506562535226	3846	32	MAP3K1|PPP3CB|MAPK1|CALM2|NFATC2|ELK1|MAPK14|PLCB1
BIOCARTA_G1_PATHWAY	0.839281602578863	1	0.287348437509638	0.776522247828176	3644	26	SMAD4|CDK1|CDKN1B|CDK2|RB1|ATR|SKP2|CDK6|ATM
BIOCARTA_GH_PATHWAY	0.932794457274827	1	0.263043119692077	0.703015469615103	4038	25	PTPN6|PIK3CA|MAPK1|JAK2|PIK3CG
BIOCARTA_GSK3_PATHWAY	0.898091465610371	1	-0.291762883805631	-0.706567264075679	4987	19	LBP|CCND1|DVL1|GSK3B|RELA|PDPK1|PIK3R1|AXIN1
BIOCARTA_HDAC_PATHWAY	0.665776353276353	1	-0.343189361928951	-0.866187637962948	3738	23	IGF1R|CABIN1|MAPK7|CAMK1|HDAC5
BIOCARTA_HIVNEF_PATHWAY	0.973036737445231	1	-0.233182992271866	-0.702205568959565	5773	56	TNFRSF1A|FAS|TRADD|TRAF2|CDK11B|TNFRSF1B|BID|LMNA|LMNB2|NUMA1|PSEN1|PARP1|CASP9|RELA|CDK11A|SPTAN1|GSN|CRADD|DFFB|MAP2K7|NFKBIA
BIOCARTA_IGF1_PATHWAY	0.651574803149606	1	-0.351374111339858	-0.869122786791314	3640	21	IGF1R|IRS1|FOS
BIOCARTA_IGF1MTOR_PATHWAY	0.911235145840836	1	-0.286685640769332	-0.694271616067226	5060	19	IGF1R|INPPL1|GSK3B|EIF2B5|EIF4EBP1|PDPK1|PIK3R1
BIOCARTA_IGF1R_PATHWAY	0.745951781216265	1	-0.328140771032645	-0.818248621552452	4145	22	IGF1R|IRS1
BIOCARTA_IL1R_PATHWAY	0.997887695828199	1	-0.208469051794825	-0.550578190561313	5668	28	TGFB3|IL1B|TAB1|JUN|IRAK2|RELA
BIOCARTA_IL2_PATHWAY	0.994604316546763	1	0.221077353829966	0.55447341907463	4423	19	MAPK8|JAK3|ELK1|SOS1|MAP2K1|CSNK2A1|SHC1
BIOCARTA_IL2RB_PATHWAY	0.725840583117799	1	0.293122984734748	0.854965261881495	3086	36	PTPN6|PIK3CA|MAPK1|JAK3|BCL2|PIK3CG|MYC|NMI|SOS1|CRKL|RPS6KB1
BIOCARTA_IL6_PATHWAY	0.96647032170367	1	0.250635672328201	0.644192842001767	4265	21	IL6R|JAK3|JAK2|ELK1|SOS1|MAP2K1|PTPN11|CSNK2A1|SHC1
BIOCARTA_INSULIN_PATHWAY	0.644416607015032	1	-0.352815953058928	-0.872689177861536	3600	21	SLC2A4|IRS1|FOS
BIOCARTA_INTEGRIN_PATHWAY	0.999767062660144	1	0.187583993215887	0.536476249935164	4291	33	MAPK8|MAPK1|RAP1A|RHOA|ROCK1|CAPN1|SOS1|CRKL|MAP2K1|SHC1|BCR
BIOCARTA_LIS1_PATHWAY	0.754809843400448	1	0.330239717108118	0.804385834317858	3373	17	DNAH1|DNAH8|RELN|DCTN6|CLIP1
BIOCARTA_MAPK_PATHWAY	0.823386705482775	1	-0.259585233518759	-0.8297481463916	5090	80	PAK1|MAPK13|MAPK11|MAPK12|TGFB3|FOS|MAPK7|MAP3K12|MAP4K1|TRADD|TRAF2|MAP3K11|MAP4K2|MAP3K3|MAPKAPK2
BIOCARTA_MET_PATHWAY	0.916855895196507	1	-0.266415081229753	-0.718885955794276	5248	31	PAK1|FOS|PTK2B|MET|MAP4K1|ITGB1
BIOCARTA_MITOCHONDRIA_PATHWAY	0.992131294964029	1	0.227180632894653	0.569780758121064	4412	19	BCL2|CASP3|BIRC2|BAK1|CASP6|APAF1|XIAP
BIOCARTA_NFKB_PATHWAY	0.676628489620616	1	-0.345182306710101	-0.853807377028876	3780	21	TNFRSF1A|TRADD|IKBKG|TAB1|TNFRSF1B
BIOCARTA_NGF_PATHWAY	0.966052158273381	1	0.251586239971859	0.630991280891743	4296	19	PIK3CA|MAPK8|ELK1|PIK3CG|SOS1|MAP2K1|CSNK2A1|SHC1
BIOCARTA_NO1_PATHWAY	0.707628643396905	1	-0.337263280909344	-0.840996423077441	3932	22	PDE2A|FLT1|SLC7A1|NOS3
BIOCARTA_P53_PATHWAY	0.835212804656239	1	-0.319574798844054	-0.741578710997227	4591	16	TIMP3|CCND1
BIOCARTA_PITX2_PATHWAY	0.998535871156662	1	-0.215602396742296	-0.492367393762779	5455	15	DVL1|GSK3B|KAT5|AXIN1|LDB1
BIOCARTA_PROTEASOME_PATHWAY	0.993255395683453	1	0.22572104950178	0.566120047603905	4417	19	PSMA1|PSMA4|PSMA2|PSMA6|UBE2A|PSMA3
BIOCARTA_PTDINS_PATHWAY	0.773825809393525	1	0.307673007194633	0.807470669957304	3393	23	VAV2
BIOCARTA_PTEN_PATHWAY	0.977181208053691	1	0.249303744726392	0.60724495059645	4367	17	PIK3CA|MAPK1|CDKN1B|PTEN
BIOCARTA_PYK2_PATHWAY	0.958877515001765	1	-0.253676817605406	-0.664366572850593	5432	27	PAK1|BCAR1|PTK2B
BIOCARTA_RAC1_PATHWAY	0.651110104213865	1	0.341101943919749	0.87671251512136	2873	21	CHN1|PLD1|MAP3K1|PIK3CA|VAV1|LIMK1|PIK3CG
BIOCARTA_RACCYCD_PATHWAY	0.98462625905637	1	-0.236077676672687	-0.612906129667372	5571	26	PAK1|CCND1|IKBKG
BIOCARTA_RHO_PATHWAY	0.908375089477452	1	-0.283465010289034	-0.701149833608379	5075	21	ARHGAP4|DIAPH1|ARHGAP1|ARHGAP6|ARHGEF1|BAIAP2|OPHN1|TLN1|GSN|ARHGEF11
BIOCARTA_SPPA_PATHWAY	0.946492007104796	1	0.273375104240149	0.654776070064965	4262	16	PTGS1|MAPK1|PLA2G4A
BIOCARTA_SPRY_PATHWAY	0.657558395769061	1	0.364282897710966	0.859981163944574	2983	15	EGF|SPRY2|MAPK1
BIOCARTA_STRESS_PATHWAY	0.903488578006021	1	-0.281152044056046	-0.717050593005172	5101	24	TNFRSF1A|TRADD|IKBKG|TRAF2|MAP4K2|TANK
BIOCARTA_TCR_PATHWAY	0.896716990174934	1	0.255513751814453	0.772768070452662	3741	43	CD3G|MAP3K1|PIK3CA|MAPK8|PPP3CB|VAV1|CALM2|NFATC2|ELK1|PIK3CG
BIOCARTA_TGFB_PATHWAY	0.782823741007194	1	0.315324192248667	0.790849356409141	3481	19	TGFBR2|SMAD4|SMAD2|SKIL|TGFBR1|APC
BIOCARTA_TNFR1_PATHWAY	0.675571177504394	1	-0.326612966243903	-0.868613974444472	3843	29	PAK1|TNFRSF1A|TRADD|TRAF2|MADD|LMNA|LMNB2|PARP1|JUN
BIOCARTA_TNFR2_PATHWAY	0.910701373825018	1	-0.289364083350922	-0.682431918375119	5037	17	IKBKG|TRAF2|TNFRSF1B|TANK|TRAF3|RELA
BIOCARTA_TOLL_PATHWAY	0.937083811710677	1	0.263241041146072	0.69739923897093	4080	24	MAP3K1|MAPK8|ELK1|CHUK|MAPK14|MAP2K4|EIF2AK2|PPARA
BIOCARTA_VDR_PATHWAY	0.722388059701493	1	0.317040926169288	0.839930201120917	3145	24	COPS2|KAT2B|ACTL6A|VDR|NCOR1|EP300|TOP2B
BIOCARTA_VEGF_PATHWAY	0.884988452655889	1	0.278005208600815	0.743003514057826	3831	25	HIF1A|PIK3CA|EIF2B2|EIF2S1|PIK3CG|EIF1AX|EIF1|PRKCB|EIF2S2|SHC1|EIF2S3
BIOCARTA_WNT_PATHWAY	0.966921692169217	1	0.246699170839938	0.643079417732758	4296	22	SMAD4|NLK|MYC|APC|CTNNB1|PPP2CA
BLALOCK_ALZHEIMERS_DISEASE_INCIPIENT_UP	0.981541802388708	1	0.213794212200573	0.865260546992808	2711	352	FBN1|DLX4|SLC35A3|ZNF350|SNX16|CD44|DPF3|ZNF268|ZNF43|KAT2B|IL10RB|NCOA3|RUNX2|GNAI3|DARS1|HS2ST1|CTSS|PDGFB|PTGS1|KDSR|PTBP3|ERBIN|YES1|RGS9|THOC2|DAPK2|ADD3|SP3|NCAPG|INPP5K|APOL2|ITPRID2|TRMT1L|ZNF32|HOXC4|LAMA2|IL6R|WWTR1|SGK2|JAK3|COL8A2|NPAS3|LARP7|GOLGA4|ZNF160|RBL1|TENT5A|IFT74|IL10RA|PPIG|TOPORS|ANGPT1|EIF5B|RBPJ|NAMPT|CDK2AP1|ZMYM5|CPNE3|DBF4|PGM3|PRDX6|TASOR|WWP2|QKI|ANP32B|WAS|ZNF254|SERTAD3|IPP|ZMYM2|IL13RA1|CDC5L|ACTR8|AGO1|SYF2|SEC63|GTF2H1|PRPF40A|POLR1B|BRAP|ZNF136|TGFBR3|S100A4|SCLY|MDM1|CAST|PBRM1|EP300|NOTCH4|EIF2AK2|CUL4A|ZNF253|IL18|ATG3|PPP1R13L|EMID1|PDSS1|PIBF1|SNRK|KTN1|NCAPD2|NAP1L1|DIP2A|TM7SF3|ZNF7|STAG2|RAB1B|NUP98|CEP350
BLANCO_MELO_BRONCHIAL_EPITHELIAL_CELLS_INFLUENZA_A_DEL_NS1_INFECTION_DN	0.967858215680385	1	0.219570119967598	0.827693727920951	3221	180	TTK|ZNF782|CDC7|PLK4|DEPDC1B|DTL|SNHG4|TOP2A|ANLN|ZNF608|FOXA2|KIF11|PRIM1|TFAP4|CCNA2|KNL1|CDCA7|FANCB|NEXN|NCAPG|NEIL3|PER2|NUSAP1|ZNF90|LURAP1L|ZNF324B|RBL1|RRM2|KIF15|CENPI|KIF14|NEK2|CDKN3|PRR11|SFXN2|ZWINT|ATAD5|SHCBP1|LMNB1|CDCA2|BLM|NCAPG2|CENPE|PCLAF|CDC25C|HJURP|CCNB2|ZNF714|XRCC2|ERCC6L|BUB1B|EXO1|ZSCAN31
BLANCO_MELO_COVID19_SARS_COV_2_INFECTION_A594_ACE2_EXPRESSING_CELLS_RUXOLITINIB_UP	0.700577103744464	1	-0.244732273499212	-0.932562717395121	5219	414	NFKBIZ|H2AC13|MXD3|AGAP6|POU2F2|NHLH1|STX11|AOC2|PYGM|GNRH1|RNASEK|H2AC15|CREBRF|MARCKS|ATP2A1|CYLD|NBPF10|ZNF554|ZBTB49|CXCL1|TSSK3|GDF15|TIGD3|LINC01089|EREG|N4BP3|KCNAB3|RAB33B|DBP|ICAM5|DCAF4L1|KLF7|CCDC13|FGF12|ACTG1P20|N4BP2L2-IT2|DCHS1|NPHS1|ENSG00000284691|LCDR|IER3|ZNF436-AS1|NFYC-AS1|FOS|NFIL3|NR1D1|EFNA1|BCL3|LINC00926|PIGR|ESR1|RPS6KL1|ESRRB|GUCA1B|TMCC2|PLEKHG2|ZC3H12A|ALDH8A1|FILIP1L|SNHG20|DIRAS1|LINC00115|NFKBID|STON1|ARID3B|ZBTB20|ZBTB10|KCNN1|FERMT3|HIVEP1|PER1|H2AC25|ADM5|RAB30|ZNF615|TANK|ZBTB43|HOXC10|TAF1D|H2BC18|ZBTB6|SMARCA4|ZNF764|NOCT
BLANCO_MELO_COVID19_SARS_COV_2_INFECTION_CALU3_CELLS_DN	0.676985195154778	1	0.345255986554274	0.855128661559673	3017	18	PCOTH|TEX15|SOSTDC1
BLUM_RESPONSE_TO_SALIRASIB_UP	0.990166305133767	1	-0.214210630327494	-0.779968277566535	6846	241	SEL1L|CBS|QSOX1|ZFPL1|APBA3|HYOU1|SNHG32|MMP1|PPIE|GLG1|STC2|TOM1|ROBO3|TIMP1|HMGCL|STX4|ZNF593|STK19|SEZ6L2|TRIB3|SUCO|ADPRM|TIMM44|YIF1A|CTSD|ASNS|SLC1A5|XPC|NDEL1|STX5|SPHK1|ENTPD6|CTSL|ULBP1|GALE|PFDN2|BLVRB|YKT6|TSSC4|RAD50|TMBIM6|ERP29|NOP53|MAFG|UBXN1|BCL2L1|ECH1|PSEN1|AARS1|NINJ1|PKD1|RAD23A|RELB|CDKN1A|SURF1|MGAT1|CSRNP2|DNAJC1|P4HB|CARS1|ACBD3|EIF4EBP1|TBL1X|CLASRP|DNAJA3|RELA|TNFRSF10B|MYO5A|AP3S2|CEBPG|NPC1
BOCHKIS_FOXA2_TARGETS	0.893941456773315	1	-0.230360473260246	-0.87161360043864	6565	376	UBL3|HPX|H2AC8|IL11RA|PLA2G6|RDH16|ITPKC|LEAP2|MT2A|ALKBH6|MLXIPL|QSOX1|DHRS1|RENBP|PEMT|PBLD|NDUFA2|APOE|PDE6D|APOC1|CYP4F2|PPARG|COLEC12|DCAF11|WDR46|ODAD3|CLCN7|TNFRSF1A|HPS1|TCP11L2|TXNL4B|KATNB1|NDUFS8|EFNA1|PIGR|SH3D19|INHBE|MAFK|DHX38|SCARB1|ID3|ISG15|MERTK|HPGD|PSMB10|ATP5PF|TRAP1|JUNB|GFUS|ZBTB5|CDC42EP4|PLD2|HIVEP1|ACAA1|SLC37A4|PER1|DHCR7|PFDN2|PTCD2|LIFR|PSMG3|DPH7|VARS1|GPAM|CD276|SYS1|SLC25A42|TK1|DHX8|IL6ST
BOHN_PRIMARY_IMMUNODEFICIENCY_SYNDROM_DN	0.916491719150921	1	0.259342925465393	0.745579130271097	3928	34	LST1|SNRPN|BMP2K|GALNT10|PLSCR1|NIPA2|ASAH1|TOP1|TFEB|TUBB6|RRAGC
BORLAK_LIVER_CANCER_EGF_UP	0.682042553191489	1	-0.298489551703099	-0.878115107430728	4006	49	CLDN7|TLR6|AEBP1|SLC7A7|CCND1|FOS|SERPINE1|JUNB|PDGFA|ID1
BOYAULT_LIVER_CANCER_SUBCLASS_G1_DN	0.987008487787979	1	-0.22992681737306	-0.648577019493707	5697	39	DGLUCY|CRYBG1|HSD17B10|ZNF593|PRSS53|ACYP2|VKORC1|GCHFR
BOYAULT_LIVER_CANCER_SUBCLASS_G1_UP	0.707877635124426	1	-0.268534946399401	-0.891288888318356	4465	107	IDUA|NOTCH2NLA|MAPK13|ABCC10|CLDN7|HOOK2|TMEM63A|SFI1|PLXNA2|ZNF551|SPINT2|BRD3|TRIOBP|CXADR|ZNF83|HIC2|PDGFA|RBFOX2|LMNA|SPINT1|TAX1BP3|SREBF2|EDEM3|DCPS|KLHL23|MPZL1|EXOC2|ARHGEF3
BOYAULT_LIVER_CANCER_SUBCLASS_G12_UP	0.711116355912202	1	0.291868203552786	0.861432660514435	3012	38	CAMSAP2|TMEM106B|WDR26|HSPA14|RAP2A|MFF|UXS1|PIGC|RCOR3|ZNF281|SUN1|AFP|GORASP2|RPS6KC1|PRCC|TUG1|FGFR4|FBXW2|SYNJ2
BOYAULT_LIVER_CANCER_SUBCLASS_G123_DN	0.927421292958423	1	0.250005062810518	0.751258555104886	3858	42	MLYCD|EXPH5|CFI|ITIH4|SLC4A4|ETFDH|RIDA
BOYAULT_LIVER_CANCER_SUBCLASS_G2	0.828868360277136	1	0.292032157836331	0.780492281358097	3588	25	SATB2|RRAS2|MLLT11|KIF14|KLHL7|INTS7|DEGS1|AMIGO2
BOYAULT_LIVER_CANCER_SUBCLASS_G6_DN	0.993943472409152	1	0.219810473708311	0.544425711643489	4430	18	CMTM6|GATA6|SLC20A1|INPP1|AGO2|NUP98|OSBPL9
BOYLAN_MULTIPLE_MYELOMA_C_D_UP	0.870099564405725	1	-0.243847694530145	-0.835001108238688	5592	138	MSH5|CROCC|AMZ1|INCENP|SLC29A1|EPS8|CECR2|DYRK2|RPL23|ZFAS1|RBM38|ZNF593|EGFL6|ESRRB|CHCHD6|SCARB1|ID3|FANCA|DIRAS1
BOYLAN_MULTIPLE_MYELOMA_C_DN	0.823702252693438	1	0.262245576392551	0.827766527332547	3363	55	ZC2HC1A|AK7|RNF43|EGLN3|TANC1|SPP1|PDE4D|RNF125|BICD1|SLC30A1|SOAT1|ABCB1|SFMBT2
BOYLAN_MULTIPLE_MYELOMA_D_CLUSTER_DN	0.830971128608924	1	-0.288769147394179	-0.783121394486592	4748	32	ADAM19|CEP250|CRYBG1
BOYLAN_MULTIPLE_MYELOMA_D_CLUSTER_UP	0.756523272214387	1	-0.315825199343831	-0.813481400341996	4290	25	PLLP|UCHL1|CCND1|STC2
BRACHAT_RESPONSE_TO_CAMPTOTHECIN_DN	0.990867579908676	1	0.219434871699478	0.6593959450234	4122	42	BNIP3L|OSTF1|CDK1|SSB|BCL2|EMC2|GPI|HMGCS1|TAX1BP1|BAK1|ALDOA|PSAT1|HIGD1A
BRACHAT_RESPONSE_TO_CAMPTOTHECIN_UP	0.747639880267097	1	0.307268783593851	0.830354424724246	3246	26	CCNG1|TP53INP1|TOB1|SERTAD1|TRAFD1|TPP1
BRACHAT_RESPONSE_TO_METHOTREXATE_DN	0.991710798986875	1	0.226884984800483	0.613127532283253	4306	26	BNIP3L|OSTF1|EMILIN2|BCL2|GPI|HMGCS1|ALDOA|HIGD1A
BRAUNE_GEIST_20_GENE_NOTCH_SIG_BREAST_CANCER	0.696782723666814	1	0.35449301741793	0.836869695626446	3161	15	RHOV|MT1X|KIT|HEYL
BREDEMEYER_RAG_SIGNALING_VIA_ATM_NOT_VIA_NFKB_UP	0.882352941176471	1	0.256971867504637	0.783021178582215	3659	45	CAMK2B|PKD2|FGGY|AKR1E2|DOCK7|LDLRAD3|SH2D5|SLC20A1|ACER3|IFTAP|CYBB
BROWN_MYELOID_CELL_DEVELOPMENT_DN	0.792767295597484	1	-0.256440223669978	-0.859331853945865	5041	114	RAB27B|TASP1|KCNK5|LAMA5|GAS5|RPL23|CD48|TMTC2|ZFAS1|STC2|SPINT2|RIPOR1|IFITM3|CALR|SNHG5|BIN1|CSGALNACT2|SLC1A5|FBXW4|F2R|NOP16
BROWNE_HCMV_INFECTION_10HR_DN	0.801308456505937	1	0.269929956925991	0.836222204028181	3306	49	KIF11|RHOBTB1|SCN8A|ANKRD28|PCF11|EEF1A1|RDH11|IFT70A|ENSG00000291006|MGA|ADORA2B|PARP4|ETV1|STAMBP|GEMIN2|NR3C1|RAD17|NIPBL|ANP32A|SETX|IGF2BP3
BROWNE_HCMV_INFECTION_10HR_UP	0.7803911205074	1	0.255756350616694	0.876556908855472	2952	91	FOSB|NXT2|RGS2|CCL5|CCNE2|SERPINI1|ZNF10|RMND5A|RRAD|IL24|ERVW-1|HERPUD1|TRIM52|PIGH|IFI6|DNAJB9|BRAF|ZNF473|DNAJB6|ATP6V1C1|FUBP1|EP300|NUP58|SOS1|TOP1|SNRK|BCL2L11|DNAJC3|FEN1
BROWNE_HCMV_INFECTION_12HR_UP	0.900814566363201	1	-0.244364592331202	-0.799719205508727	5639	96	MIR9-1HG|STX11|SYNM|LZTS3|TAP1|CCK|IGFBP2|SLC6A8|THEMIS2|CAMTA1|RBM38|PRORP|ASNS|IL17RA|ZBTB5|ZNF263
BROWNE_HCMV_INFECTION_14HR_UP	0.999845679012346	1	-0.19475871269789	-0.670961229191006	6478	144	MAPK8IP2|SPAG1|TSC22D3|H2AC8|FICD|TSPYL2|APOE|NXF1|MNDA|FOS|SULT1A2|TAF6L|TIMM44|DDX39A|TSFM|NDEL1|ZNF263|RGS19|TENT4A|NEU1|HES1|UBE2M|SRRT|CCNF|ATP6V0B
BROWNE_HCMV_INFECTION_1HR_DN	0.687210172026926	1	-0.258866055386192	-0.916356578509259	4593	181	PAK1|LYRM9|PLCB4|CUBN|CLDN7|PPFIBP2|DPH1|CENPX|ZNF710|ETFB|DYRK2|PPARG|KATNB1|TMCO6|HMGCL|PIGQ|AKT3|FOLR2|MAD1L1|BCL6|SLC16A5|DDX23|HIC2|NAA80|NDUFB7|CLCN6|SPN|PPARD|MGRN1|IQSEC2|POLG|PCSK7|NCAPH2|TFR2|DUSP9|SUPT7L|DHX30|SRGAP2|MANBA|MTM1|BCKDK|TXN2|MAN2B2
BROWNE_HCMV_INFECTION_1HR_UP	0.786581137309293	1	-0.290928052171707	-0.813105244396685	4536	37	IGF1R|CXCL1|RASGRP1|BRD3|FGFR3|NR4A1|NDST1|WIZ|IL6ST|KLHL23
BROWNE_HCMV_INFECTION_20HR_DN	0.755118491052716	1	-0.267825346228176	-0.868156341504983	4683	90	FBXL2|FARP1|AXL|DIAPH2|H4C3|TRIO|ETHE1|TMCO6|AKT3|ACP3|TBC1D8|FILIP1L|F2R|ACAA1|FGF2|COL1A2|TRAF3IP2|ECH1|PMP22|ALDH6A1|LTBP1
BROWNE_HCMV_INFECTION_20HR_UP	1	1	0.189034562011324	0.727637287290694	3201	212	ZNF101|ZNF41|GNA13|FOXO1|ADAMTS3|PANK3|ZBTB18|CGGBP1|PLCL1|USP6NL|SIAH2|ERP44|CCNC|RAP2A|GTF2A1|MPP2|EFNB2|PAK3|EDA|RAB5A|PIP5K1B|TRIM52|HUS1|RAP2C|REL|THOC1|DDX52|B4GALT5|AHCTF1|IREB2|RABGAP1L|ABCB1|PGM3|CLGN|SEPHS1|HCN2|BRAF|CA2|ZNF37A|CLOCK|CDC5L|PLAAT3|H3C10|TFRC|MAP2K4|TFDP2|POT1
BROWNE_HCMV_INFECTION_24HR_UP	0.994701573944211	1	-0.210453776943577	-0.718493621670263	6382	134	WNT11|SLC29A1|SYNGR2|RALGAPA1P1|PLXNA2|MSI1|ICAM1|RASGRP1|KMT2B|MED22|CXADR|TSPAN9|TMEM109|GAL|SNRPB|MERTK|TSFM|IL17RA|TSC22D4|UCP2|TGIF2|ATP6V0A1|BID|GYG2|APEX2|ADGRL1|NPTXR|ABHD2|MCM7|AK4|TAF5L|PDIA4|SYNGR3|RAB27A|CLPTM1|PPM1G|TRIP10|UNC13B|RXYLT1|SF1|METTL3|BRMS1|CAMK2G|KHDC4
BROWNE_HCMV_INFECTION_2HR_DN	0.852255054432348	1	-0.276611815618767	-0.78409000483136	4931	40	TPM2|AXL|IFIT2|SERPINE1
BROWNE_HCMV_INFECTION_4HR_DN	0.857956204379562	1	-0.238720073232019	-0.862526008071158	5876	220	SMAD7|GNRH1|ABCC10|GFAP|GLB1L2|LYST|MAPK11|CENPX|CCS|ZNF710|ETFB|DYRK2|KLF7|ABCA4|SPECC1L|KATNB1|HMGCL|B3GAT3|NLRP1|CPSF1|DDX23|AMHR2|PAEP|NDUFB7|SLC7A1|GPSM3|RIN1|ACAA1|PLEC|POLG|PRKAB2|MOCS3|PCSK7|FZR1|ZBTB1|ZNF205|ZNF23|NCLN|MAST2|PDXK|JUN|AP1G2|AHDC1|RBM10|SYNGR3|CHRNB1|RALGPS1|MYL5|CDK5|SMAD3|PATZ1|RXRA|SIPA1|LIMK2|SETDB1|NOC2L|CLK2|MATK|PIK3R4|MPDU1|LTBR|DXO|METTL3|TCOF1|EMG1
BROWNE_HCMV_INFECTION_8HR_UP	0.652803369307713	1	0.268091850038585	0.91811835173203	2479	90	COL21A1|GNA13|MX2|CSPG5|AMD1|PLCL1|RAP2A|EFNB2|PLA2G4A|ABCA6|RAB5A|TGFBR1|CRY1|WT1-AS|DLG1|DBF4|DDX3X|SEC24A|GABPA|RB1|PLAAT4
BRUINS_UVC_RESPONSE_EARLY_LATE	0.869580061454421	1	0.226317976975112	0.900114165966236	2546	295	LNX2|NXPH3|BCAR3|EMC9|INSIG2|CCNE2|SEC24B|WDSUB1|EMSY|PSMC6|CYP26A1|PTER|UBLCP1|KPNA3|HNRNPLL|TRIM6|C5orf63|ARIH1|PTPN2|MOB4|C3orf62|NDFIP2|ABCD3|SPRY2|ZFAND1|SLC30A6|SORBS1|SNX24|ECT2|ETV5|RRAS2|IFRD1|RNF115|NUP37|SEC22A|MAPK1|DDHD1|GFI1|PMFBP1|C8B|CALD1|SLIT1|EVPL|CASP8AP2|PGM2|TCEANC2|PKP2|PSMG2|NR2C1|WAC|SSB|UBE2W|TRAPPC2|ARHGDIG|EBAG9|SMC6|SMC3|PTPN12|NIP7|LMBRD1|ZBTB25|NMNAT3|QKI|PHF3|ABRAXAS1|PUM1|PLCD3|FBXW11|STIL|MTIF2|ALKBH8|ACTR8|CHORDC1|SLC4A1AP|ARL6IP6|NSMCE3|CTDP1|STX17|AKIRIN2|LRR1|ZNF281|YAF2|DHX33|NEB|EIF1AX|FUBP1|DENND1B|EXO1|RAB3IP|KCMF1|RMND1|DUSP12|ASAP1|ATG3|KDM1A|RLIG1|TGFBRAP1|PIK3CB|PPP1R15B|RASSF5|PPP1R11|STAG2|NIPBL|TMEM223
BRUINS_UVC_RESPONSE_MIDDLE	0.982076963626779	1	0.219746532546325	0.74870266208716	3725	88	FCHSD1|KIN|CMTM6|NAA30|TRIM13|MRPS31|NATD1|FASTKD3|RBM43|PTK2|C10orf88|ELOVL5|DCAF4|CLUAP1|BTG1|OTUD4|FBRS|KNOP1|PNP|SH3YL1|DYRK3|ARMC10|DEPDC7|IFT43|PIGF|TTC23|CASP6|SLC25A12|DUSP11|L3HYPDH|LPIN1|IMP3|RAP2B|ZFYVE21|CCNT1|ZFP64|ATP23
BRUINS_UVC_RESPONSE_VIA_TP53_GROUP_C	0.889421863165867	1	0.244874278441755	0.81131121506093	3522	72	DHX40|KLF10|PTGS1|ERI1|HSPH1|SNAI3|MTCH2|USP14|IL1RL1|BCL2L15|SMIM20|KLHL8|TLR5|RABGAP1L|HMGN3|ETF1|ADGRV1|BZW1|SSBP2|DHX33
BRUNO_HEMATOPOIESIS	0.830049261083744	1	0.257149517197737	0.831669151761513	3369	62	TSPAN32|CCNG2|MAP3K1|RBL2|HK2|LAT2|BCL2|NET1|ELOVL6|BHLHE40|BNIP3|MSMO1|SPARC|FKBP1A|SNAP23|ELF1
BUCASAS_PBMC_FLUARIX_FLUVIRIN_CAUCASIAN_MALE_AGE_18_40YO_HIGH_RESPONDERS_1DY_TOP_FUNCTIONAL_NETWORK_POSITIVE	0.787740996726082	1	-0.33433474255017	-0.775829409323768	4330	16	PIGR|ISG15|TAPBP|IRF9|SNRNP70|RBCK1
BUCKANOVICH_T_LYMPHOCYTE_HOMING_ON_TUMOR_DN	0.890962230215827	1	0.284701433950033	0.714045897342958	3962	19	P2RY1|MPHOSPH9|SGCB|WT1-AS|MEG3|SEC61G|ALDOA|ACTR6
BURTON_ADIPOGENESIS_2	1	1	0.171567920548888	0.558499984055673	4003	65	HSPH1|PER2|SAR1B|IL1RL1|RHOJ|LIMK1|CLIC4|HSPD1|PRDX6|VDR|IVNS1ABP|IL1R1|TGFBR3|BCAT1|MCL1|SFPQ
BURTON_ADIPOGENESIS_5	0.947798742138365	1	-0.232521131384407	-0.779178913723372	6027	114	C3|H2AC8|UQCR11|COX6A1|ETFB|MIGA2|COX17|POR|PPARG|PHB1|LMAN2|G6PD|RPP14|SLC1A5|PTGES2|ISCA2|IFNGR1|CRAT|CYC1|CAVIN1|BCAP31|NDUFA8|MRPS26|NDUFAB1|AIFM1|SIPA1|UQCRH|PDIA6|RREB1|MRPS34
BURTON_ADIPOGENESIS_6	0.870145449092818	1	-0.240780894416971	-0.849835345942705	5802	177	SLC2A4|C1QTNF12|PLA2G6|RETSAT|FMC1|ACADS|NDUFB2|NDUFB8|UQCR10|APOE|COX5B|DNAJC15|APOC1|RARRES2|CFD|SLC19A1|ACYP2|SCARB1|BCAT2|DDT|DGAT1|NDUFB7|UQCRQ|CD151|GRHPR|DHRS7B|C6orf136|ACAA1|DHCR7|G0S2|FASN|TANK|NDUFC1|SDHA
BURTON_ADIPOGENESIS_9	0.801062769843906	1	-0.267898862744766	-0.838458017599206	4823	71	PLAT|LATS2|IFI30|GRN|BCAR1|CYTH3|FOS|TXNDC16|NDRG4|MAGED2|ID3|EPHX1|DDAH2|GLMP
BURTON_ADIPOGENESIS_PEAK_AT_16HR	0.964459084604716	1	-0.245220880969416	-0.68535977491138	5562	37	ECM1|IFI16|POLD1|PGP|HELLS|POLA2|DNMT1|MCM3|MCM7|HMGA1|NAP1L4|MCM6
BURTON_ADIPOGENESIS_PEAK_AT_24HR	0.875207591933571	1	0.262046910834641	0.781940508583641	3688	40	TOP2A|ANLN|CCNA2|CCNB1|KPNA2|NUSAP1|CDK1|BUB1|RRM1|STMN1|RACGAP1|IPO5|SRSF1
BURTON_ADIPOGENESIS_PEAK_AT_8HR	0.98248959778086	1	-0.232414947069227	-0.649568891440659	5666	37	TSC22D3|EREG|POR|IFI16
BYSTRYKH_HEMATOPOIESIS_STEM_CELL_AND_BRAIN_QTL_TRANS	0.987223168654174	1	0.214641487051563	0.786516983289745	3476	144	EGF|PIGA|ABCC3|NAA30|GDI2|SYPL1|ZFYVE16|NRBP2|MRPL50|RANBP9|HNRNPH2|FBLN1|EPB41L4B|RAP1B|NOP58|CNBP|FLCN|SKAP2|SBNO1|EIF5B|DNAJB11|NNT|DMTN|LRRC58|NF1|TPST1|MKLN1|CETN2|RPF1|S100PBP|PSMD14|TIPARP|ZFAND6|BLM|FABP5|DNAJB6|AHCY|TBC1D15|VAMP1|SFPQ|VDAC2|RAP1GDS1|FASTKD5|PPARA|PRKCD|ANP32A|ZMYM4|PTCD3
CAFFAREL_RESPONSE_TO_THC_24HR_5_DN	0.993578911794525	1	-0.216885764369415	-0.650934878520789	5879	55	MT2A|SLC3A2|H4C3|TGFB3|SPINT2|ASNS|NDUFA1|UBR4|TYRO3
CAFFAREL_RESPONSE_TO_THC_24HR_5_UP	0.783259293897592	1	0.291188397530453	0.819867767404023	3349	31	EIF2A|CKS2|NCOA4|CCNA2|FNTA|CNBP|RAB5A|NAMPT|PSMA2|PCNA|TFRC|PNP
CAFFAREL_RESPONSE_TO_THC_8HR_5_UP	0.930453879941435	1	-0.288620424336166	-0.659117376542721	5083	15	SRRM2|STX5|CTSL|ID2
CAFFAREL_RESPONSE_TO_THC_DN	0.935152787497084	1	0.2538449574831	0.719936865210618	4008	32	CCNA2|HSPH1|EIF1AXP1|CDK1|RRM2|ZWINT|PCLAF|PNP|HSPA8|PPIF|CYP51A1|TUBA1A|DNAJA1
CAFFAREL_RESPONSE_TO_THC_UP	0.839981338931654	1	0.279792593323572	0.793527689278337	3600	32	IPO7|FNTA|HERPUD1|RAB5A|ZNF451|CDKN1B|MYC|SERINC1|TFRC|ZRANB2|H2AC6|IMPA1|KCMF1|CPEB4|SEC31A|NUCB2|USP3
CAMPS_COLON_CANCER_COPY_NUMBER_DN	0.784956605593057	1	0.27360543130892	0.833705453326091	3255	45	BCAR3|HLA-B|H2BC21|ZNF630|HLA-C|NME7|MTA2|ASB12|AMER1|TMEM167B|H2AC21|GPSM2
CASORELLI_APL_SECONDARY_VS_DE_NOVO_UP	0.828516377649326	1	-0.288219208439309	-0.786555525016845	4729	33	ENC1|DPM3|GCA|HDAC4|FOS|ENTPD1|CPQ|SLC38A6|CNIH4
CAVARD_LIVER_CANCER_MALIGNANT_VS_BENIGN	0.924936679714483	1	0.263805441504612	0.712900324782851	4016	26	DUSP22|SPP1|HLA-C|GLUL|SLC25A5|GGH
CERIBELLI_PROMOTERS_INACTIVE_AND_BOUND_BY_NFY	0.704267752789092	1	-0.33214593538498	-0.847105489599714	3976	24	PI4KAP2|MAP3K7CL|MX1|AP1B1|PI4KA|APOBEC3B
CERVERA_SDHB_TARGETS_1_UP	0.768810289389068	1	-0.265227740042692	-0.862302247522509	4781	92	AQP1|APLP1|GPR68|COL1A1|ITIH5|GPX8|IFIT2|IGFBP2|FEZ1|DUSP4|EMP2|PACSIN1|LMLN|CACNB3|CAND2|NBDY|CCDC74A|MAGEA3|S100A6|MINDY4
CHANDRAN_METASTASIS_TOP50_UP	0.964478495559812	1	-0.244742863703555	-0.676689203291682	5538	35	DENND11|ZNF605|GRINA|GNL3L|H2AZ2|TUBA1B|ENTR1|AK4|LARP1
CHANDRAN_METASTASIS_UP	0.999849284099473	1	-0.19142454059557	-0.681118069355978	6633	195	HSPA6|SEL1L|LINC00205|HBB|PLXNA1|TRIO|DENND11|CRB2|ZNF605|HS6ST1|CDKN2D|DUSP8|SULT1A2|KCNJ15|GPATCH2L|NECAP2|DYNC1H1|PDP1|PGP|TYRO3|PAAF1|ARHGAP1|PRKAB2|GNL3L|NCAPH2|RNF149|GSK3B|POLR2A|TAF1D|HOXC6|HES6|GABPB1-AS1|HSPA1A|ENTR1|UBFD1|TALAM1|GRAMD4|ADD1|VEGFA|UBE2O|AK4|HBE1|NBPF14|LARP1|UBE2Z|RAB12|FN1|SLC16A1|HCG18|CSNK1G2|HBD|OSBP2|FUS|COX19|DXO|GRB2|TPX2|ATG4D|CBX5|HSPE1
CHANG_IMMORTALIZED_BY_HPV31_UP	0.995126869433709	1	-0.214031946200756	-0.655963680216295	5921	63	FZD7|MANEA|SGIP1|UCHL1|CLDN12|MS4A4A|ALDH8A1|RNF32-DT|G0S2|FANCG|LTBP1|CTSH
CHANGOLKAR_H2AFY_TARGETS_DN	0.744685876239962	1	0.288615530754815	0.846933883288497	3152	37	TBCEL|CRYL1|P2RY1|RELN|ELL2|LUC7L2|PEX19|MSL1|NEK4|MACROH2A1|SECISBP2
CHAUHAN_RESPONSE_TO_METHOXYESTRADIOL_DN	0.893755973239885	1	-0.245901831713441	-0.80914949203889	5610	101	TRBC2|CYFIP2|MARCKS|COX6A1|H4C3|COPE|CD48|CTDNEP1|IL2RG|ATP6V1F
CHEMNITZ_RESPONSE_TO_PROSTAGLANDIN_E2_UP	0.965152457996266	1	-0.226665458667618	-0.776164439658029	6203	138	TGFB1I1|ADAM19|DYSF|DIPK1A|NUP210|MZT2A|SLC35G2|AFAP1L1|FLT1|TPD52|RPS9|FEZ1|PCGF1|KSR1|RAB15|MZT2B|CHD1L|DGAT1|SLC7A1|NOP16|GRINA|GTSE1|C19orf48P|SH3KBP1|TK1|RPL8|CHMP7|TGS1|PCBD1|GRAMD1A|PRAF2|LARP1|ARAP3|UHRF1|PIMREG|KPTN|EIF4EBP1|SAE1|AP2S1|BOLA3|PRC1|BIRC5|SLC16A1|UBE2S|URB1|RNASEH2A|NES
CHEN_LUNG_CANCER_SURVIVAL	0.991499911457411	1	-0.227431063739206	-0.580040524583508	5598	24	GFAP|EPHX1|GSTP1|ATP5F1D|PDIA5|P4HB
CHEN_LVAD_SUPPORT_OF_FAILING_HEART_UP	0.668488745980707	1	-0.278039748830426	-0.903956351920346	4157	92	FSTL3|TSC22D3|LAMB1|TIMP3|MT2A|TCAP|SH3BGR|SERPINE1|NFIL3|FHL1|IRS2|BCL6|ZBTB20|CDC42EP4|CEBPB|PER1
CHEN_NEUROBLASTOMA_COPY_NUMBER_GAINS	0.682068470193919	1	0.291059163828608	0.884094029059568	2848	44	FBN1|TRIM23
CHENG_IMPRINTED_BY_ESTRADIOL	0.910289389067524	1	-0.244270208618814	-0.794165609754435	5661	92	A1BG|POLR2F|ZNF467|LAMA5|OS9|PRDM12|SLC25A19|MAD1L1|LRRC45|NDUFA4L2|BRD1|SPINDOC|OTX1|RALBP1|PITX1|CLUH|RBSN|TMEM102|VPS13B|CLK3|SPTBN1|RAC3
CHEOK_RESPONSE_TO_HD_MTX_UP	0.729076479076479	1	-0.340269719079392	-0.813385345062826	4041	18	TYROBP|IGHA1
CHEOK_RESPONSE_TO_MERCAPTOPURINE_AND_LD_MTX_DN	0.932060390763766	1	0.280060221578721	0.670787970164792	4197	16	PIGA|KIF3A|PRKCQ|L3MBTL1|CDR2|TCTN3|CDKL1|USP34|MRE11|RCC1
CHESLER_BRAIN_HIGHEST_GENETIC_VARIANCE	0.656517935258093	1	-0.32187597239732	-0.88392434011295	3751	34	ACKR1|SNHG11|TULP3|BCAT2|RPP14|ACAA1|SNHG6|VPS52|RGS19
CHESLER_BRAIN_QTL_CIS	0.903967989329777	1	-0.25158813905998	-0.776699260923848	5421	65	ACKR1|TPBG|KRT12|SNHG11|TULP3|CCND1|SLC15A2|BCAT2|PSMB6|RPP14|ACAA1|SNHG6|VPS52
CHIANG_LIVER_CANCER_SUBCLASS_INTERFERON_UP	0.892104082548228	1	0.287360799248462	0.711734090691652	3976	18	FCGR2B|ACSL4|IFI6|STAT1|GOT1
CHIANG_LIVER_CANCER_SUBCLASS_POLYSOMY7_DN	0.935020519835841	1	0.267502495412366	0.702045399287278	4100	23	RHOBTB1|HOMER1|CARD6|MOB1B|DRAM1|GNL3|SERPINB1|ASAP1|RBIS|BAMBI|CERS6|SLC38A1
CHIARADONNA_NEOPLASTIC_TRANSFORMATION_CDC25_UP	0.918286078368907	1	-0.241096801926161	-0.793338355600752	5764	101	ADAM19|C3|OSMR|LAMA4|TWIST1|IFI16|SLC6A8|SMOC2|DLK1|F2R|CEBPB|HMGN2|EVL|TAF1D|NOCT|PDK3|SRRT|MAN2A1|NOC4L
CHIARADONNA_NEOPLASTIC_TRANSFORMATION_KRAS_CDC25_UP	0.988171679621494	1	-0.225216817936835	-0.675938701882021	5847	55	ANKH|GPC1|CCND1|CSRP2|TSPO|PSMB5|PMF1|KCNN4|PDGFA
CHIN_BREAST_CANCER_COPY_NUMBER_UP	0.700971572508096	1	-0.338634000894338	-0.844414437043601	3895	22	PAK1|EXT1|CCND1|CTTN|MYBL2
CHO_NR4A1_TARGETS	0.678760045924225	1	0.327235822420077	0.866939336382401	2955	24	PIGZ|EAF1|GRPEL2|ABCC6|INSIG1|HERPUD1
CHUANG_OXIDATIVE_STRESS_RESPONSE_UP	0.658850493653032	1	-0.338834422095172	-0.872747015572921	3736	25	GDF15|FDXR|FAS|RPL38|RCBTB1|HSPA1B|JUN
CHUNG_BLISTER_CYTOTOXICITY_DN	0.759972607430235	1	-0.290913045613966	-0.833262155501613	4438	42	RAP1GAP2|MAML3|SNN|NBEAL2|GCA|MNDA
CLASPER_LYMPHATIC_VESSELS_DURING_METASTASIS_UP	0.671537769784173	1	0.343772415597995	0.862198969537008	2986	19	AJUBA|PDGFB
CONCANNON_APOPTOSIS_BY_EPOXOMICIN_DN	0.935919055649241	1	-0.232756800962291	-0.806030288174276	6104	151	EMILIN1|TRAPPC6A|POLR2L|MARCKS|NDUFA2|TWIST1|H4C3|LDOC1|SMAD6|COX17|DNPH1|PPFIA4|LAGE3|PCOLCE|AURKB|DACH1|POLD1|LSM7|IGSF3|NDUFB1|MFSD10|DUSP7|TSPOAP1|KIFC1|RTL8C|NUDT1|H2AZ2|ESPL1|DPY19L1|ACYP1|NDUFB6
CORRE_MULTIPLE_MYELOMA_DN	0.645788849347568	1	0.2998707128026	0.894805654954537	2721	40	PRRT2|MME|PLCL1|TCEA3|LAMA2|FBLN1|INSIG1|CNKSR3|CADPS2|NEK2|TRIM59
COULOUARN_TEMPORAL_TGFB1_SIGNATURE_UP	0.899171710735903	1	-0.244542989099288	-0.804678167838738	5644	101	TBC1D1|SMAD7|PLAT|CXCL1|SLC29A1|UNC5B|PDLIM7|IER3|SLC6A8|SERPINE1|BCL3|MOK|DUSP4|ASNS|SGK1|PDGFA|SLC35D2|TNFRSF1B|GTSE1|GRB7|SMURF2|IFNGR1
CREIGHTON_ENDOCRINE_THERAPY_RESISTANCE_4	0.998015873015873	1	0.203971004881516	0.803017689845041	3017	266	NOS1AP|ATP8B1-AS1|ST8SIA4|TRIM69|EGR3|PRRT2|TCN1|SLC27A3|CHN1|LAMP2|ZBTB41|GNB4|FAM227B|DLC1|RFX5|CCNB1|PLAC1|ADD3|RBMX|SIAH2|HSPA4|ASS1|SLC19A2|COL4A5|SYTL5|SNHG14|IL24|NREP|XYLT1|HSPB8|PSMG1|LINC00342|RAP2C|METTL14|KCTD6|BCL2|NSA2|MYB|RERG|FTO|PRKD3|RPRD1A|ELOVL5|HMGN3|MYC|APEX1|RBBP8|TPP1|COX15|SMPDL3B|METTL5|PARP4|AMFR|RAB31|TIPARP|BHLHE40|FDFT1|SERTAD2|SAV1|DLG5|SKP2|LYSMD2|KPNB1|GATD3|PCBD2|SFPQ|PRMT5|SPARC|RPS6KA3|TMEM164|SKIC3|SLC27A2|SIMC1|PPP2R5A|ATP2B4|HAUS6|TMEM167A
CUI_GLUCOSE_DEPRIVATION	0.815237455948985	1	-0.271201239695156	-0.819675604745571	4857	57	CCPG1|GFAP|PRKCZ|H4C11|SLC3A2|B3GNT6|CALR|ASNS|PLK3|PYCR1|FKBP2|NEU1|PCK2|FUT1
DACOSTA_UV_RESPONSE_VIA_ERCC3_TTD_DN	0.91489918826918	1	0.240326830677507	0.807224741388963	3493	80	PLCE1|TMCC1|PIK3C2A|RALGAPB|TSC22D2|LRP6|MPHOSPH9|MSH3|PLPP3|TRIM24|BICD1|PDS5B|SKAP2|UBXN7|CDKN1B|TOGARAM1|TEAD1|SGMS1|AVL9|RB1CC1|ITCH|HERC4|DST|USP15|TOP1|WDHD1|BTAF1|GPATCH8|AGO2|CDC42BPA|ZEB2
DACOSTA_UV_RESPONSE_VIA_ERCC3_XPCS_UP	0.971688034188034	1	-0.253440717786362	-0.639667894917006	5456	23	COX6A1|MED6|CDKN1C|IRF1|BUD23|MPDU1|PDCL
DAIRKEE_CANCER_PRONE_RESPONSE_BPA	0.998306724721819	1	0.202444894690722	0.625145179240631	4126	48	TOP2A|RDX|ZFYVE26|DHX15|PSMA2|MYC|RB1|GTF3A|GLUL|PTEN|QDPR|BRWD1|FARSB|SORD|SNRPD1|CSE1L|GOT2|EIF2S2|PSMD1|TRIP12|NUP93|FKBP5|C1QBP
DAIRKEE_CANCER_PRONE_RESPONSE_BPA_E2	0.707013268345519	1	0.257148005534821	0.905377126547627	2610	107	ITGB1BP2|MX2|LST1|C1QTNF3|VBP1|ZBTB18|USP2|BCAP29|EIF4G2|IFRD1|EPS15|AP3S1|TCP1|EIF4E|RRM2|RFC5|PTP4A2|EIF2S1|PRDX6|PSMA6|ANP32B|RPL4|PPP2CA|RAB14|EIF4B|S100A4|DOCK2|KPNB1|RPS6|SFPQ
DAIRKEE_CANCER_PRONE_RESPONSE_E2	0.773801128349788	1	-0.311991045292654	-0.803605643077665	4388	25	ATP2A1|MYL11|APLNR|PPFIA4|SGCG|SLC1A5|EML2|ERCC2|NDUFB6
DALESSIO_TSA_RESPONSE	0.705123611608742	1	-0.340194404744502	-0.83494469102405	3935	20	PLA2G6|TEX14|FOS
DANG_MYC_TARGETS_DN	0.993274582560297	1	0.218819390537346	0.60869685866347	4282	29	PDGFB|ALDH9A1|GTF2H2|CDKN1B|MYC
DANG_REGULATED_BY_MYC_DN	0.810933606917778	1	-0.243877301524394	-0.881769937051885	5532	226	GAA|WFS1|AQP1|CYFIP2|TCN2|IRF7|SFN|REN|DDB2|COL1A1|IFI35|GABRG2|KLF7|CD48|PDLIM7|IER3|GPC1|CCND1|PPIE|HSPB1|SERPINE1|COL6A3|PHLDB1|FAS|GBP2|ID3|TSPO|IGF2R|SFXN3|CD151|F2R|ITGB1|RPS23|PYCR1|VARS1|AKT2|ID2|LAMP1|IRAG2|COL1A2|NIBAN1|RPS12|RAB2A|CSTB|GOLGA2|PMP22|VEGFA|SCPEP1|CDKN1A|BRD2|GCN1|TCTA|PTPA|ARVCF|SERINC3|MYO1C|MLF2
DANG_REGULATED_BY_MYC_UP	0.939046669988374	1	-0.242269199997576	-0.750624636335963	5653	66	SYNGR1|SREBF1|UCHL1|SERPINE1|SNRPB|TRAF2|SRM|UXT|SNRPD2|VARS1|THOP1|TK1|SURF6|SNRNP70|THRA|EFTUD2|SLC16A1|TERT|FEZ2|RUVBL2|UBE2C|UNC119|CLPB|TIMM23B|SLC2A1
DARWICHE_PAPILLOMA_RISK_HIGH_DN	0.847332924586144	1	-0.245034405888235	-0.852474422656694	5527	158	ANKEF1|FAM178B|GTF2I|MAPK8IP3|ACTA2|APOE|RTN4R|TMEM144|SOD3|ARHGAP4|MYO1A|MSI1|APOD|MAP1LC3A|SMIM11|TEX48|LTBP4|ACSBG1|CPA5|ASNS|RNF181|PAQR7|TSC22D4|TYRO3|DGUOK|BAIAP2|PHF2|NPTXR|SRF|CHCHD5|GADD45GIP1|ARAP1|BRF1|SLC39A13|RNF19A|AMBRA1|PACSIN2
DARWICHE_PAPILLOMA_RISK_LOW_UP	0.986286426679134	1	-0.217864848464538	-0.743795175744913	6328	134	FES|ENG|HOMER3|SFN|AXL|COX5B|SNHG9|MCAM|HRC|SMIM11|IL1B|IFITM3|TRAF2|SRM|SNHG3|HEXA
DARWICHE_SKIN_TUMOR_PROMOTER_DN	0.990391947536983	1	-0.216201511801752	-0.754337771126972	6493	161	FES|ANKEF1|ELAPOR1|SFN|FAM178B|GTF2I|MAPK8IP3|APOE|RTN4R|TMEM144|MYO1A|MSI1|HRC|SMIM11|TEX48|IL1B|ACSBG1|ASNS|HEXA|TSC22D4|TYRO3
DARWICHE_SQUAMOUS_CELL_CARCINOMA_DN	0.737571186701555	1	-0.257107520119709	-0.892660608102246	4791	156	ANKEF1|HOMER3|SFN|FAM178B|GTF2I|MAPK8IP3|ACTA2|APOE|RTN4R|TMEM144|ARHGAP4|MYO1A|MSI1|APOD|MAP1LC3A|SMIM11|TEX48|TRAF2|ACSBG1|CPA5|ASNS|PAQR7|TSC22D4|TYRO3
DAVICIONI_PAX_FOXO1_SIGNATURE_IN_ARMS_DN	0.654693697664169	1	0.364966561660738	0.861595124201742	2970	15	RGS2|CCL2
DAVICIONI_PAX_FOXO1_SIGNATURE_IN_ARMS_UP	0.89543588505192	1	0.251048523663132	0.781301437175376	3707	50	PBK|WSB2|ASS1|KCNS3|PAX5|VWA5A|POU4F1|ADAM10|MEG3|NMRK1|SKP2|TMX4|INPP1|MAP1LC3B
DAVICIONI_RHABDOMYOSARCOMA_PAX_FOXO1_FUSION_UP	0.885915835563123	1	0.254076746113796	0.792089948758713	3641	51	FGGY|ASS1|OSTF1|EPB41L4B|VWA5A|PELI1|POU4F1|FAM3C|ADAM10|MEG3|NMRK1|ACAT2|SKP2|TMX4
DAVICIONI_TARGETS_OF_PAX_FOXO1_FUSIONS_UP	0.938795027095951	1	0.222266089136923	0.86146652372891	2944	229	ELK3|CD44|FOXO1|CCN1|ST3GAL5|ARID5B|MME|NCOA4|PBK|FGGY|PTGS1|AKAP12|RHOBTB1|SC5D|WSB2|ASS1|OSTF1|PALM2AKAP2|KCNS3|OTULINL|PAX5|SERPINE2|EPB41L4B|PLXNC1|RAP1B|PCCA|UGP2|CARD10|SPDL1|VWA5A|SOCS2|CSRP1|CAP1|PELI1|CREG1|POU4F1|FAM3C|S100A10|ABI1|ADAM10|MEG3|CUL3|CAV2|ITM2B|NMRK1|GALNT10|PLSCR1
DE_YY1_TARGETS_UP	0.653151167915381	1	0.36512985816886	0.861980626573678	2963	15	H4C12|DAPK2|MTSS1|RFC1
DELPUECH_FOXO3_TARGETS_DN	0.842369651827473	1	-0.278628657596344	-0.78595505454312	4862	39	EPB41L4A-AS1|SNHG32|DTYMK|SLC7A1|PYCR1|PCK2|AARS1|CDC42EP3|VEGFA|KIF22|PRC1|HAX1|CEBPG
DEMAGALHAES_AGING_UP	0.642718916303822	1	0.293089033475081	0.905052195290749	2656	48	FCGR2B|LGALS3|CTSS|PTGES3|VWF|SPP1|GPNMB|LITAF|CLIC4|ANXA5|DERL1|MGST1|PCSK6|PSMD11|HBA1|S100A4
DER_IFN_ALPHA_RESPONSE_UP	0.990866821653936	1	-0.219563758262703	-0.687180944343797	5966	71	IFI30|PSMB9|TAP1|IFITM1|IFI35|IFI16|MX1|FAS|TRIM26|ISG15|SP110|PSMB10
DER_IFN_BETA_RESPONSE_UP	0.795594950308891	1	0.251797991780538	0.875189191413786	2961	99	MAP3K10|MX2|CD164|HIF1A|SMAD4|RBMX|EPS15|IFIT3|IFIT1|CSRP3|C1S|CALD1|IFIT5|SRP9|HLA-C|IFI6|SKP1|RBBP4|BCLAF1|NMI|TEAD1|PLSCR1|SSBP1|PARP4|DDX21|BTG1|FUBP1|EIF2AK2|STAT1|PPP3CA|POLR2B|NAP1L1|RHOC|ELF1|DDX17|PTPN11|PMAIP1|BAG1|PPP5C|HADHB|PML|CTR9|DNAJC2|PLAUR
DING_LUNG_CANCER_BY_MUTATION_RATE	0.98468028419183	1	0.237050379343858	0.567772680784533	4434	16	VAV1|MYB|LMTK3|SMG1|FGFR4
DING_LUNG_CANCER_MUTATED_SIGNIFICANTLY	0.911843876177658	1	0.279908895220838	0.693277244278036	4064	18	PAK3|NRAS|RB1|NF1|APC|ATM
DITTMER_PTHLH_TARGETS_DN	0.896732352207533	1	0.244378543007232	0.802977686513403	3594	68	SEMA3A|LRBA|PIK3CA|MT1X|MAPK6|RRAS2|TCP1|SNX13|PTK2|SEC24A|CREB1|IVNS1ABP|PANX1|HSP90AA1|ZDHHC7|TFDP2|CUL4A|YME1L1|KDELR2|NDUFS4|BCKDHA|RGS10|PDHB|GLS|SPEN|TOMM70
DITTMER_PTHLH_TARGETS_UP	0.990652724968314	1	-0.217276602098564	-0.723763739249345	6252	110	MARCKS|TIMP3|ECM1|NDUFA13|BSG|LAMA5|RHEBP1|COL6A1|STK39|TBC1D8|RNPS1|ATP5PF|GRHPR|CDCP1|ATP5IF1|RBX1|CDCA3|TSC22D1|TNIP1|LAMP1|FLOT1|FAT1|DUSP5|AP1S1|LTBP1|AP2M1|MSRB1|H2AZ1|ATP1A1|AP2S1|RAB13|ANXA11|HAX1|UROD
DORN_ADENOVIRUS_INFECTION_12HR_UP	0.721090844696299	1	-0.328369346926544	-0.837473672755737	4071	24	TSC22D3|PDE2A|IFIT2|RIGI|MMP15|JUNB|NR4A1|H2BC12
DORSAM_HOXA9_TARGETS_DN	0.84662146364274	1	0.279363076027809	0.786572484963405	3620	31	CD36|BMI1|SDCBP|FCGRT|FXR1|SRP72|SBNO1|WSB1|MYC
DUAN_PRDM5_TARGETS	0.97632639355272	1	-0.230616289034618	-0.701805471046851	5814	60	S100A2|UBL7|LRRC37A3|TINAGL1|CYB5D1|ACSBG1|ARID3B|PHC1|CDC42EP4|EVL|ID2|CKLF|SOCS3|CLK3|APOBEC3B|STK32C
DURAND_STROMA_NS_UP	0.705965109735509	1	0.250406590683345	0.916256390009963	2508	141	AIM2|MYL9|PREX2|TCF7|TLE4|PDE3B|ZNF518B|MLF1|CTSK|DDX19B|TNFSF13B|STAG3|LMO7|RBKS|S1PR3|LFNG|BRINP3|NREP|RUNDC3B|CHN2|GATA6|GATA4|ICA1|BICD1|MRPS31
EBAUER_TARGETS_OF_PAX3_FOXO1_FUSION_DN	0.718911470892181	1	-0.29995435041109	-0.854600088438721	4173	41	ADAM19|IQCG|GTF3C1|ARHGAP26|DISC1|MACROH2A2
ELVIDGE_HIF1A_AND_HIF2A_TARGETS_UP	0.899012645071886	1	-0.266585394253079	-0.751983445953074	5189	39	SPAG1|SLC29A1|FLAD1|AREL1|RRP12|SRM|POLR3K|RPP25|OSTM1|ATP6V0A2|ADAT1|TOR3A
ELVIDGE_HYPOXIA_BY_DMOG_UP	0.741591468416735	1	0.251502584158114	0.899041492631252	2711	119	CCNG2|PDK1|INSIG2|EGLN3|ANGPTL4|KLHL24|BNIP3L|EGR1|PFKFB3|AKAP12|FAM13A|TNFAIP8|MXI1|HK2|TGFBI|IGFBP5|CCN5|ERO1A|ZNF292|SAMD4A|KDM3A|RLF|WSB1|GBE1|CITED2|P4HA1|OPN3|ADORA2B|BHLHE40|S100A4|ATF3|BNIP3|MAFF|DST|PGK1|NR3C1|NAP1L1|TXNIP
ELVIDGE_HYPOXIA_DN	0.999719337636823	1	0.20134429800625	0.736419410428774	3561	140	GNA13|SLC25A44|AMD1|CORO1A|GLUD1|TAF9B|GULP1|ZWILCH|HSPH1|SCYL2|HSPA4|MAPK1|TIGAR|RRP15|TIMM23|JAK2|SOCS2|DDX3X|NIP7|CHUK|ZMPSTE24|RNF14|IDH3A|CA2|SEC23IP|ETF1|SRSF1|IDE|GYG1|RAB35|KPNA1|EEF1E1|TMEM33|SUMO3|BAK1|RIOX1|ACOT7|SLC35B1|SNRNP40|KPNA4|FASTKD5|FKBP4|NUP98|TOMM22|SLC7A6|ARHGDIA|GLYR1|NETO2|PPIF|STX3
ELVIDGE_HYPOXIA_UP	0.648401826484018	1	0.252798888037497	0.935479037918591	2271	154	DPYSL2|PGAP1|CCNG2|PDK1|CCN1|INSIG2|EGLN3|ANGPTL4|KLHL24|PDGFB|BNIP3L|EGR1|PFKFB3|AKAP12|FAM13A|TNFAIP8|MXI1|HK2|TGFBI|NREP|IGFBP5|CCN5|ERO1A|ZNF292|RBPJ|ZNF654|SAMD4A|KDM3A|RLF|WSB1|GBE1|CITED2
ENGELMANN_CANCER_PROGENITORS_UP	0.981100072692028	1	0.228538280349159	0.699280533542075	4048	46	MORF4|LURAP1L|CDC14B|NFE2L2|WIPF1|BCL2|FTO|ELOVL5|SFXN1|BZW2
ERWIN_COHEN_BLOOD_TC_83_AGE_23_48YO_VACCINATED_VS_CONTROL_2DY_UP	0.773728583084036	1	0.250433963261409	0.882850389630082	2844	108	SAMD9|TTC21A|IFIH1|MX2|CCL2|MT1X|PNPT1|TNFSF13B|NEXN|SRGAP2B|IFIT3|SRGAP2C|RSAD2|IFIT1|CD274|IFIT5|TENT5A|DDX60L|IFI6|ETV7|SAMD4A
ERWIN_COHEN_BLOOD_VACCINE_TC_83_AGE_23_48YO_VACCINATED_VS_CONTROL_2DY_DN	0.843144104803493	1	-0.286243805874088	-0.772391153782042	4826	31	IGF1R|TMCC3|IRS2|THBD|SGK1|H2AZ2
ERWIN_COHEN_BLOOD_VACCINE_TC_83_AGE_23_48YO_VACCINATED_VS_CONTROL_7DY_UP	0.835751208937802	1	-0.263841111239309	-0.812867083747	5011	64	IRF7|MT2A|IFITM1|IFITM2|IFI35|IFIT2|HERC6|RIGI|APOL6|MX1|MS4A4A|ISG15|SHISA5
FAELT_B_CLL_WITH_VH_REARRANGEMENTS_DN	0.997092318875697	1	0.213037505081303	0.651851322194807	4114	46	ADTRP|TRAPPC8|YWHAQ|CBX7|HSPA4
FAELT_B_CLL_WITH_VH_REARRANGEMENTS_UP	0.889400921658986	1	-0.26272795219595	-0.767394625691463	5210	47	N4BP2L1|CDKN2D|EMP3|CACNA1A|BCL6|ID3|YIF1A|SNU13|ZBTB20|DUSP7|ARFRP1
FARDIN_HYPOXIA_11	0.867898059387421	1	0.274615165535663	0.773204305434126	3711	31	PDK1|EGLN3|ANGPTL4|BNIP3L|MXI1
FARMER_BREAST_CANCER_CLUSTER_7	0.6451317715959	1	-0.381062475943853	-0.870225660642942	3524	15	IRX5|SREBF1|RND1|BLVRB|FASN
FEKIR_HEPARG_SPHERE_VS_HEPARG_DN	0.709791030758394	1	0.297816067695423	0.862626113131561	3022	35	RPL7P32|C14orf28|SORBS1|KCNJ8|ZBTB16
FEKIR_HEPARG_SPHERE_VS_HEPARG_UP	0.67580203127519	1	-0.278386447327295	-0.902390169712805	4191	90	ADAM19|PDE2A|EXT1|CXCL1|EREG|TNFRSF21|PDLIM3|SPOCD1|IER3|LAMB3|DOCK6|IL1B|ITGB5|CDCP1|ITGAV|IL15RA|TP53BP1|TRAF3IP2|DUSP5|RBM26|ITPR3
FERRANDO_T_ALL_WITH_MLL_ENL_FUSION_DN	0.98425702811245	1	-0.223080774615571	-0.718571935131047	6126	85	COX8A|HBB|SLC9A1|CENPX|SLC29A1|H4C3|APLP2|APLNR|IGFBP2|PKMYT1|DDX39A|SLC1A5|HMGN2|SDHA|EEF1D|HBZ|POLA2|MCM2
FERRARI_RESPONSE_TO_FENRETINIDE_UP	0.77068345323741	1	0.318610900957423	0.799092591564958	3427	19	DEPP1|HERPUD1|BHLHE40|ATF3|TRIM33
FIGUEROA_AML_METHYLATION_CLUSTER_4_UP	0.790984921398781	1	-0.261302802000909	-0.853709110108405	4930	95	DHRS12|MT2A|TIGD3|FAM131A|KCNAB3|AEBP1|RECQL5|TNFAIP8L2|CNTROB|OAZ3|LARGE2|STOML2|TRAPPC1|SAP30BP|ITGAV|CENPV|LBX2|LAMP1
FIGUEROA_AML_METHYLATION_CLUSTER_6_UP	0.690783265177729	1	-0.268410988836413	-0.902826604415327	4391	118	DHRS12|IL11RA|MT2A|TIGD3|FAM131A|KCNAB3|CUL9|AEBP1|RECQL5|TNFAIP8L2|CNTROB|MAD1L1|OAZ3|TRAPPC1|PHC1|MRPS21|SAP30BP|ITGAV|CENPV|INO80C|LBX2|STX18
FIRESTEIN_PROLIFERATION	0.913193446392641	1	0.230603637110616	0.849616017526878	3176	151	DLG2|CD40|TSKS|PICK1|KALRN|ETNK1|AAK1|GRK4|SPEG|PRKRA|MAPK8|TRIB1|NUAK2|ARHGEF25|TXK|AKAP4|CERT1|TAF1|LIMK1|CMPK1|ADK|MOB3C|STK24|BMPR1A|DBF4|C17orf75|PRKAA1|PIK3CG|WWP2|BRAF|NF1|IKBKE|MASTL|ATR|AK3|BTK|CDK6|DKC1|INPP4A|EP300|CDK8|FOXO4|BCL2L11|TAOK1|PRKAR1B|PKLR|PPARA|TERF2IP
FLECHNER_BIOPSY_KIDNEY_TRANSPLANT_OK_VS_DONOR_DN	0.931207452525976	1	-0.274004612835993	-0.672494002290642	5197	20	RHBDF1|FOS|GPAA1|AP1B1|BRD2|USP22|GSS|TMEM11|PAXIP1|C1QL1
FLECHNER_PBL_KIDNEY_TRANSPLANT_OK_VS_DONOR_DN	0.810913404507711	1	0.274942040694015	0.820419208326276	3417	40	NFYA|ETFA|RAB11A|UBE2E3|DDX5|PTPN12|ANXA5|BCLAF1|MAPK14|AMFR|DNAJB6|PAX8|IMPA1|CANX|MIR22HG|ATP6V1G1|ZBED4|HAUS2|USP7
FLECHNER_PBL_KIDNEY_TRANSPLANT_OK_VS_DONOR_UP	1	1	-0.196238795747465	-0.678528344184078	6496	149	RPS20|FLT3LG|ARID5A|RPS29|H4C3|HYOU1|RPL23|IL2RG|STK19|CHD3|CTSD|CAD|TSFM|CDIPT|CPNE1|ARHGAP1|ITGB1|SETD1A|RPS23|LAMTOR5|TAPBP|MBOAT7|TUBGCP2|KLHL21|CAMKK2|PSMB4|PRMT1|NELFB|OXA1L|RPL35|PHF2|CYC1|ATP5MC1|RAD23A|PSMD9|SMARCE1|LEMD2|CCT7
FLECHNER_PBL_KIDNEY_TRANSPLANT_REJECTED_VS_OK_DN	0.733106382978724	1	-0.290179903039678	-0.853669266739965	4306	49	RPL28|SLC3A2|TMEM63A|IL2RG|RALBP1|RPS2|ITGB1|SETD1A
FLECHNER_PBL_KIDNEY_TRANSPLANT_REJECTED_VS_OK_UP	0.814039408866995	1	0.259434288152097	0.839058524070233	3304	62	NFYA|KPNA2|PSMD6|SERPINE2|RNF144A|UBE2E3|LITAF|DCTN6|ITM2A|MTMR4|ZFC3H1|PTPN12|SPCS2|TASOR|CD47|RPA2|ATR|PSMD14|TAX1BP1|OTUD4|H2AC6
FLETCHER_PBMC_BCG_10W_INFANT_PPD_STIMULATED_VS_UNSTIMULATED_10W_DN	0.807593014426727	1	-0.24821151228762	-0.869111718629372	5317	167	ENG|IFI30|RAB34|NCEH1|GRN|HCST|APOE|TNFRSF21|ICAM5|APOC1|PPARG|DAGLA|MNDA|SERPINE1|THEMIS2|MFSD12|STAB1|C5AR1|TKTL1|G6PD|CAMK1|TSPO|IGF2R|CTSD|CST3|CD151|SPHK1|MRAS|SMCO4|LINC00520|GLMP|SLC38A6|RNASE1|NEK6|LMNA|NIBAN2|SPINT1|INF2
FLOTHO_PEDIATRIC_ALL_THERAPY_RESPONSE_DN	0.884221673138016	1	-0.282215478406814	-0.739107861586992	5009	27	SNN|PDLIM2|TCL6|CA12|POLD1|ESPL1|EHMT2|BAIAP2
FONTAINE_PAPILLARY_THYROID_CARCINOMA_UP	0.922271037512673	1	-0.251337582375821	-0.754334426361204	5457	55	SLC22A18|PLXNB2|ECM1|KCNK5
FONTAINE_THYROID_TUMOR_UNCERTAIN_MALIGNANCY_DN	0.686502507979936	1	0.327923347689263	0.860616560638962	3010	23	VAV2|FRZB|IGSF10|IL24|CD274|PPIL4|S100A10|ATR|PCSK6
FORTSCHEGGER_PHF8_TARGETS_UP	0.728918258870852	1	-0.249428680637935	-0.912732334843118	5073	253	IGF1R|FAM171A1|GKAP1|ZNF76|HLX|CDC26|FZD7|CHAC1|MLXIPL|IQCG|CLN3|RNLS|FAM120C|TMEM116|CBX8|RIMS4|ECM2|TRAPPC3L|SORBS2|UCP3|STC2|TPCN1|MTLN|EFNA1|JAG2|ECE1|ACP3|INHBE|MOK|SLC7A11|ASNS|DHRS3|SLC2A3|TMEM79|NR4A1|PYCR1|CENPV|ID1|YKT6|MIR17HG|CDH24|PTGES2|ACVR2B|GSK3B|GPR180|IQCK|XYLT2|BID|NMNAT1|PCK2|DPCD
FOSTER_TOLERANT_MACROPHAGE_DN	0.664761904761905	1	0.235048746230707	0.956694523759355	1744	386	AIM2|MIER3|LIPG|SETDB2|CD83|CD69|CD40|IFIH1|IGSF9|TNFSF4|CDS1|SRC|SEC24B|RFFL|USP25|CMTM6|KPNA3|GNB4|OTUD1|MARCHF5|GCNT2|MOB3B|PFKFB3|MACIR|TAB2|RANBP2|PNPT1|ETV3|ETNK1|ARF4|BLTP1|PLEKHF2|TMEM30A|SLC44A1|TJP2|ZDHHC21|BCL9|HOMER1|POU3F1|TANC1|PLA2G4A|PTX3|ICOSLG|RNF125|FOXP1|SLC30A1|CXCL11|JAK2|PPA1|SERTAD1|RBL1|SOCS2|HBEGF|RAP2C|XKR8|REL|DNAJA2|ANGPT1|B4GALT5|NAMPT|ENDOD1|ZNF800|PPFIBP1|PCGF5|BFAR|DRAM1|S100A10|PPM1K|HMGN3|CITED2|MINPP1|DCP2|TMEM243|TPST1|CA2|CHD1|NOD1|TOR1AIP1|SERTAD3|ARL4A|IL13RA1|PHIP|USP12|SPRED1|SEPTIN11|PTPRJ|ATP11B|TIPARP|AEBP2|RIPK2|TMA16|TMCO3|CENPJ|MAP2K4|ETV6|ZNF281|FZD5|TASOR2|TNFSF9|ZC3H7A|DENND1B|GPSM2|INPP1|NUP58|IL18|SFPQ|ZFP36|ZUP1|WDR43|PARP14|NR3C1|PRKX|PDSS1|XRN1|KTN1|PPP1R15B
FOSTER_TOLERANT_MACROPHAGE_UP	0.9241411472097	1	-0.235923791818377	-0.807690248976652	5944	137	SMAD7|IRF7|SLX4IP|RTN4R|SMAD6|ZC3H12C|TMCC3|RASGRP1|MET|CXADR|IL18BP|SLC16A3|ID3|TSPO|SLC7A11|TREML2|PITX1|SGK1|IQSEC2|TNFRSF1B|TANK|MIR4435-2HG|CTTN|OAS3|ID2|RNF149|MREG
FRANCO_BLOOD_SANOFI_PASTEUR_SA_INACTIVATED_INFLUENZA_VACCINE_CORRELATED_WITH_ANTIBODY_RESPONSE_AGE_18_40YO_0DY_POSITIVE	0.668038654259127	1	-0.347464891833604	-0.859453344331542	3732	21	RINL|TCL1A|MED22|SAT2|SUSD3
FRASOR_RESPONSE_TO_SERM_OR_FULVESTRANT_DN	0.993694614860259	1	-0.220297035319365	-0.64583313066204	5830	48	GAL|NFRKB|POLE|RFC2|BRPF1|NUDT1|TK1|POLRMT|POLA2|TIMELESS|MCM2|MCM3|MCM7|KIF2C|CDC20|H2AX|MCM6|RNASEH2A
FRASOR_TAMOXIFEN_RESPONSE_UP	0.664735698769008	1	0.290615530972764	0.894832967053048	2753	47	ZNF185|CD44|MSH2|ETNK1|RDX|EFNB2|YWHAZ|PCYOX1|B3GNT2|TASOR|GBE1|KBTBD2|IL13RA1
FUJII_YBX1_TARGETS_UP	0.727808599167823	1	-0.303239302255111	-0.847513552338013	4197	37	SYTL1|ACTA2|DIAPH2|SERHL2|FAS|MUC1|SLC16A3|CAPG|ULK1|S100A6|CDKN1A
FULLER_PBMC_F_TULARENSIS_VACCINE_LVS_AGE_22_54YO_192HR_UP	0.897635015884222	1	-0.278064268714778	-0.728236056341578	5085	27	TAP1|TLR6|ADAM11|TIRAP|ICAM2
FULLER_PBMC_F_TULARENSIS_VACCINE_LVS_AGE_22_54YO_336HR_UP	0.837769034945614	1	0.28454954081801	0.784059590978976	3619	28	DCP1B|CARD9|FCER1G|IRAK4|CARD10|TLR5|NOD1
GAJATE_RESPONSE_TO_TRABECTEDIN_UP	0.691349713901043	1	-0.288760517665473	-0.88248302561439	4107	62	TRAPPC6A|S100P|CYP19A1|CLDN7|CBS|CFD|FOS|TAF15|CSRP2|ISG15|ASNS
GALE_APL_WITH_FLT3_MUTATED_DN	0.732682060390764	1	0.341155845913151	0.817121532290193	3299	16	HLA-B|ST3GAL5
GARCIA_TARGETS_OF_FLI1_AND_DAX1_DN	0.981132075471698	1	0.215922351153692	0.803053406866986	3379	161	SAMD5|H4C5|CFL2|RFFL|RMI1|PANK3|DTL|TRMT10A|NPM1|ZWILCH|PPIL1|PPP2R5E|CCNC|CNOT7|SCFD1|RRP15|TPRKB|TYMS|TIPIN|RRM2|PCGF5|CDK2|NDN|TNPO1|RSL1D1|CYB5B|MPHOSPH10|ZWINT|ESCO2|CHCHD3|LMNB1|YAF2|NUP50|SKP2|SCLY|DDX27|DHX33|MAPRE1|TRMT6|BICD2|FDXACB1|TAF3|POLR1F
GARGALOVIC_RESPONSE_TO_OXIDIZED_PHOSPHOLIPIDS_CYAN_UP	0.979447071662423	1	-0.252302619138227	-0.585472483307586	5384	16	CREBRF|CSGALNACT2|SLC7A1|PSEN1|SETD5
GARGALOVIC_RESPONSE_TO_OXIDIZED_PHOSPHOLIPIDS_GREY_UP	0.965959004392387	1	-0.266844509708631	-0.609388104076536	5277	15	CREBRF
GARGALOVIC_RESPONSE_TO_OXIDIZED_PHOSPHOLIPIDS_MAGENTA_UP	0.998411577832686	1	-0.202058795290137	-0.529181620174846	5656	27	LATS2|UBB|MAFG|NUP153-AS1|ZSWIM6|BTN2A1
GARGALOVIC_RESPONSE_TO_OXIDIZED_PHOSPHOLIPIDS_SALMON_DN	0.674414348462665	1	-0.373146792835055	-0.852148754629743	3684	15	PIK3IP1|CXADR|VGLL4|CYRIA|PIK3R3|GMPR
GARGALOVIC_RESPONSE_TO_OXIDIZED_PHOSPHOLIPIDS_TURQUOISE_DN	0.655324191637041	1	-0.29979326601446	-0.891451069762654	3870	52	NXF1|PPP1R35|RARA-AS1|TACC3|LYL1|EID2B|DHRS3|CDK2AP2|KIFC1|CBX2|ESPL1|CCDC51|NR2F6|CCNF|ZNF280D|NIF3L1|CDC20|TTLL12|OSGEPL1|EXOSC2|PAGR1
GARGALOVIC_RESPONSE_TO_OXIDIZED_PHOSPHOLIPIDS_YELLOW_DN	0.898860398860399	1	-0.284848887161428	-0.718940072500881	5047	23	RGS3|OXLD1|RNF145|CCDC85B|LPCAT1|DENND5B|TMEM50B|ZNF18|PATZ1|PCTP|RTL10
GAUCHER_PBMC_YF_VAX_STAMARIL_UNKNOWN_AGE_10DY_DN	0.763660834454913	1	0.253002909655933	0.883770799282753	2836	102	FOXO1|LST1|EPB42|ABTB1|LGALS3|GPR162|NPL|MKRN1|DCAF6|HSD17B11|HECA|ALPL|TOPORS|PYGL|DDX3X|LMBRD1|ABHD5|ZNF217|EIF4B|TMCO3|DCAF12|PABPC1|TMX4|CD46|BTF3|RPL22|TP53INP2|MPP1|PIP4K2A|GUCD1|CDK19|RPS4X|IMPA2|RPS6KA5|PCBP2|CPPED1|EIF3L|GLS|PITHD1
GAUCHER_PBMC_YF_VAX_STAMARIL_UNKNOWN_AGE_28DY_UP	0.683159568828415	1	-0.331581105912739	-0.860852644604651	3865	26	ANPEP|MX1|SHISA5|SIL1|OGFR|IRF9|LY6E|RNF31
GAUCHER_PBMC_YF_VAX_STAMARIL_UNKNOWN_AGE_3DY_DN	0.984235668789809	1	-0.22247953257873	-0.731148989836079	6180	100	ELAPOR1|RPS20|RPS29|H4C3|RPL18|PPM1F|RPL13A|FAU|C12orf57|IRS2|BCL6|RPS18|TOMM7|RPL27|KLHL2|RPL37A|ICAM3|NIBAN1|RPL3|STMN3|MPZL1|RPS5|NARF|CREB5|ARAP3|TBL1X|KBTBD7|RPL35A|RPS14
GAUCHER_PBMC_YF_VAX_STAMARIL_UNKNOWN_AGE_60DY_DN	0.922789829717751	1	0.25794698939431	0.731570753960789	3955	32	DNAJB2|SESN3|ADIPOR1|DCAF6|CDC14B
GAUCHER_PBMC_YF_VAX_STAMARIL_UNKNOWN_AGE_60DY_UP	0.650815450643777	1	-0.310065266045244	-0.89345239946684	3790	44	IL15|NAGK|IFI30|TAP1
GAUCHER_PBMC_YF_VAX_STAMARIL_UNKNOWN_AGE_7DY_DN	0.999850074962519	1	-0.198349956038626	-0.700759771989957	6668	179	ELAPOR1|TSPAN5|RPS20|RPS29|BSG|H4C3|PANX2|SERF2|RPL23|LINC00265|RPL18|PPM1F|RPL13A|FAU|C12orf57|MGAM|IRS2|BCL6|RPS18|RPS10|TOMM7|SGK1|RPLP1|RPL27|AHSP|RPS23|KLHL2|RPL37A|MEF2D|ICAM3|NIBAN1|RPL3|MED25|CDC34|STMN3|RPL35|PINK1|MPZL1|RPS5|NARF|CREB5|ARAP3|TBL1X|KBTBD7|RPL35A|RPS14|APMAP|RPS17|MYADM|OSBP2|RPS13|SLC25A37|SRRD|RPL13|FBXO7|DSC2|RPS8|MTURN
GAUSSMANN_MLL_AF4_FUSION_TARGETS_B_UP	0.679298742695236	1	-0.337437551732212	-0.860601235833672	3835	24	TCN2|CRLF1
GAUSSMANN_MLL_AF4_FUSION_TARGETS_C_UP	0.99885877318117	1	0.201809330817461	0.742461352508107	3500	149	RFX3|SCRN3|NXN|PTHLH|TCF7|RASSF3|MAP3K1|FOXN3|ERBIN|PIK3CA|NEMF|SH3BGRL2|SPEG|CTSF|GLIS3|LFNG|B3GALT1|TSNAXIP1|HYPK|YWHAZ|SNX13|UBE2D3|SACM1L|ZC3H11A|CHMP5|NCK1|BNIP2|PHIP|YIPF4|BTF3L4|LCORL|BUB3|MAP2K4|ZBTB38|RMND1|PLAU|MAP4K5|DNAJC3|TOMM20|DAPP1|MIR22HG|PDCD6IP|TENT2|PRPF38B|GPSM1|MXRA7|ERGIC2|CALU|PLD3|COX11|RPS6KA5|NETO2
GAUSSMANN_MLL_AF4_FUSION_TARGETS_G_DN	0.821837736731354	1	0.284569917111211	0.801232825864625	3514	31	LRCH2|ELMO1|RPS6KA2|CPOX|TMEM243
GAUSSMANN_MLL_AF4_FUSION_TARGETS_G_UP	0.732833583208396	1	0.242237376354681	0.920405121771217	2443	189	TSLP|ENKUR|DEPP1|CD40|ABTB1|MS4A6A|SESN3|GPR162|TMEM53|ARID5B|UBA6|ANLN|DUSP22|METAP2|RELN|SH2D1B|INPP5K|AGPS|NCALD|HSD17B11|DOCK10|TMED6|SYT11|SH2D5|CLMP|SYTL2|EGR2|BMF|SLC18B1|TCEANC2|IRAK4|MCU|TRIP11|ANGPT1|CS|EIF2S1|C1D|IL17RE|NDN|VDR|NF1|TTC3|SUB1
GAVIN_FOXP3_TARGETS_CLUSTER_P4	0.892069327731092	1	0.241978967371876	0.826325533559197	3396	89	VAV2|CD83|PDK1|SH3BGRL2|PXYLP1|SLC22A15|TANC1|IL1RL1|SYT11|BACH2|GPLD1|SOAT1|SEMA4A
GAVIN_FOXP3_TARGETS_CLUSTER_T7	0.930409914204004	1	-0.238839028871111	-0.783778423355227	5855	98	ADGRG3|MARCKS|LONP1|CYBA|RPS9|RPL18|LRPAP1|LIG1|AKR1B1|SNRPB|KCNN4|GUK1|PDRG1|DCTN3|MYL6|RPL10|OAZ1|FAM50A|NRGN|ECH1|QARS1|MRPL46|CHCHD2|DDX54|EIF3B|STRN3|MCM6|USE1|PPDPF|CDC37
GAVIN_IL2_RESPONSIVE_FOXP3_TARGETS_UP	0.811409395973154	1	0.316132627557367	0.770024301133882	3626	17	ZNF608|SYPL1|IL10RA|ELOVL6
GAVIN_PDE3B_TARGETS	0.804838122953801	1	-0.329406168576124	-0.76439257028656	4424	16	SYTL1|ENTPD1
GAZDA_DIAMOND_BLACKFAN_ANEMIA_ERYTHROID_DN	0.997594226142743	1	-0.208973215538965	-0.797680576647212	7463	424	MSH5|PRG2|APOLD1|CYFIP2|H2AC8|ITGA4|POLR2F|RPL28|ITPKC|RPS28|TMEM134|TSPAN5|DIAPH2|REX1BD|SYNE3|SH3BGR|SMIM27|UNC5B|SFI1|ADAM22|TPD52|RRBP1|HFE|TADA2A|MPG|IFT27|CLCN7|TMEM160|AURKB|TMEM8B|RPAP1|ZNRD2|SRR|TMCO6|NME3|MED22|TRIOBP|DBR1|ACYP2|TRIB3|ARHGEF10|TBC1D8|YPEL1|GNA11|PSAP|ISG15|BCAT2|MXD4|H2BC5|SNHG20|MYO9B|SNHG3|SPATA7|KANK1|PCIF1|LPIN2|ACACB|SLC39A4|ATPAF2|RHOB|NTHL1|DCTN3|KCNN1|PAQR4|HEMK1|SCYL3|WIZ|MAPKAPK2|ARFRP1|ERN1|LMBR1L|SIVA1|BTD|KDM4B|IQCK|CAMKK2|NOCT|ZNF133|SUPT7L|TENT4A|NOPCHAP1|MTERF4|INF2|CDC42|NUDT2|UBFD1|MXRA8|ABCA5|CKB|SUPT6H|CDKN1C|CPT1A|MR1|NMU|CDV3|CCDC28B|SAP30L|DESI1|PDXK|FLII|SPTBN1|THRA|HNRNPM|AP5S1|BRD2|ERAP1|PCGF2|OBSL1|MYLIP|AHDC1|HPS4|RMND5B|KIF22|CLASRP|WARS2|EFCAB2|TMEM120B|ARIH2|RAB27A|SMAD3|MAOA|PSRC1|HK1|ZNF142|SGSM2|CYTH2|WDR45|EML3|GBF1|CEBPG|USE1|MICA|PIK3R3|PGLS|SDHAF1|GSTM4
GAZDA_DIAMOND_BLACKFAN_ANEMIA_ERYTHROID_UP	0.745944992947814	1	-0.317622028619933	-0.818109552873004	4230	25	DDB2|FAS|DPY19L1|PDK3|SNRNP70|SPHK2|TNFRSF10B|LIMK2
GAZIN_EPIGENETIC_SILENCING_BY_KRAS	0.808083140877598	1	0.296429757053209	0.792245412488277	3498	25	MAP3K9|BMI1|MAPK1|NPM2|S100Z
GENTILE_UV_LOW_DOSE_DN	0.785259549461313	1	0.267905871974287	0.845632999216731	3206	55	PPP2R3A|CDH18|SATB2|UTRN|DDX10|POLA1|XYLT1|IGFBP5|ANGPT1|ERC1|SAMD4A|EIF4G3|FTO|GBE1|TPST1|AP3B1
GENTILE_UV_RESPONSE_CLUSTER_D8	0.798260051728192	1	0.28047447344375	0.818072768520373	3394	36	REV3L|TOP2A|TAB2|MT1X|PPP1R12A|CBX3|NREP|INSIG1|STK24|HMGN4
GENTLES_LEUKEMIC_STEM_CELL_UP	0.834652752788773	1	-0.305805170120264	-0.762552785278929	4638	22	LGALSL|ICAM1
GERHOLD_ADIPOGENESIS_DN	0.68621155795877	1	-0.293451218903684	-0.880729235891631	4060	55	PLAT|IL11RA|ECM1|IER3|CCND1|AKR1B1|THBD|UCP2|ITGB1|G0S2|BID|CD81|GAS6|TNFAIP2
GERHOLD_ADIPOGENESIS_UP	0.660319094184251	1	-0.308228416030366	-0.88556688140362	3848	43	COX8A|ACADS|APOE|ITGA7|PPARG|CFD|CEBPB|FASN|ACADVL|CRAT|PMP22|VEGFA
GESERICK_TERT_TARGETS_DN	0.689537800071659	1	-0.344303226782341	-0.84502904014623	3848	20	NFKBIZ|IER3|NFIL3|JUNB|NR4A1
GHANDHI_BYSTANDER_IRRADIATION_UP	0.752322495023225	1	-0.274695928781145	-0.856683083663927	4534	69	NFKBIZ|POU2F2|CXCL1|GPR68|ZC3H12C|MMP1|LAMB3|C2CD4B|IL1B
GHANDHI_DIRECT_IRRADIATION_DN	0.764870538838349	1	0.293842766897213	0.833375784030999	3278	32	DEPP1|MRPS6|ARHGEF25|TOX|OPRL1|S1PR1|BRINP3|CNKSR3|FZD4
GINESTIER_BREAST_CANCER_20Q13_AMPLIFICATION_UP	0.944956616052061	1	0.229533264883691	0.80567764422064	3484	105	FITM2|PPP1R3D|CDS1|NCOA3|BNIP3L|UHMK1|ODR4|MAGT1|PRRC1|KLHL8|DPM1|MORF4L2|TAF1|TCAF1|KIF5B|RDH11|RAPH1|ADNP|ZNF91|AZI2|ZNF217|SEC62|ITPRIPL2|GINM1|ZNF148|HSP90AA1|STAU1|DDX27|SMAD5|DNAJC21|SPPL2A|ATP2B4|YWHAB|STAG2|ZNF587|YIPF5|RBM3|PFDN1|TPR|DMAC2L|ELP2|DNAJB14|SLC39A6|RHOBTB3|EFCAB11|KCTD20
GNATENKO_PLATELET_SIGNATURE	0.932003469210754	1	-0.256520769207076	-0.720212699645354	5372	38	H2AC20|HBB|MYL6|OAZ1|MLH3|RNF24|NRGN|FLNA|TLN1|HLA-E|UBC|RPL41|B2M|CFL1
GOLDRATH_NAIVE_VS_MEMORY_CD8_TCELL_UP	0.989605302802049	1	-0.215523312272733	-0.766606845502363	6568	194	NFKBIZ|CCR7|RCAN3|ENG|IRF7|MARCKS|EXT1|DTYMK|IFI27L2|LGALS3BP|CDKN2D|RPL13A|CCNL2|ACTN2|RBM38|MX1|FRMD6|RAMP1|ISG15|SLC12A7|SRM|DGKA|MAP4K2|ARHGAP39|HDAC7|EPHX1|SNHG6|TSC22D1|RGL2|FASN|PDLIM4|TUBA1B|HES6|NOCT|IL6ST|ADGRL1|TUBB3|PDK3|ST8SIA1|ITGAE|ZDHHC14|SPTBN1|DNAJC1|ILVBL|RNF19A|SEC11C|TMEM50B|MFHAS1|CBX6|ATP1A1|IFT25|MGST2|EZR|PPDPF|ILF3|NSMCE1|MATK
GOLUB_ALL_VS_AML_DN	0.695094509450945	1	0.32633762720373	0.850675786918741	3088	22	CXCL8|LGALS3
GOLUB_ALL_VS_AML_UP	0.9969895519745	1	-0.212660234981574	-0.542368980862751	5629	24	CYFIP2|ATP2A3
GRAESSMANN_APOPTOSIS_BY_SERUM_DEPRIVATION_UP	0.811663066954644	1	0.226148007204959	0.93438528301609	1878	482	FBN1|TCEAL1|EGF|MSL2|DPF3|RTL6|IFIH1|KCTD12|CCL5|NMD3|RAD52|HLA-B|SLC22A1|USP25|PTHLH|SLC25A44|REV3L|CMTM6|PICK1|STRAP|ETFRF1|KALRN|TP53INP1|WDR75|ALG13|TBCA|TRMT10A|MARCHF5|DLC1|EGR1|XPR1|PNPT1|ITSN1|TMEM168|KCNJ6|CIP2A|LZTFL1|ETNK1|PLEKHF2|DAPK2|ATL3|HSPA14|RBMX|CMPK2|INTS8|MFSD1|BCL9|UTP11|IFIT3|CCNC|ATG10|PLPP3|BCAN|TMEM140|RECK|EFNB2|RSAD2|HNF4A|PTPN14|ALPL|DKK3|JAK3|CDHR4|SYCP3|CCN5|RIOK2|NOP58|VAPA|RRP15|FLCN|TPRKB|RBM43|UBE2V2|VDAC1|OSGIN2|TMED5|DBT|PIP5K1B|PIK3C3|RPE|VWA5A|DONSON|CCNH|RABL3|TAF1A|RESF1|ANGPT1|CCSER2|ELK1|CASD1|RNPC3|CCT4|BECN1|PDE7A|NIFK|HEATR1|SEPTIN7|TRAFD1|MYC|HOXB7|CLIP1|SENP1|TOR1AIP1|NCK1|IVNS1ABP|DCUN1D1|ETF1|SFXN2|PHIP|PLSCR1|PIAS1|YIPF4
GRAESSMANN_RESPONSE_TO_MC_AND_SERUM_DEPRIVATION_DN	0.920265243409348	1	-0.244321253891288	-0.776740814614561	5689	77	REM2|MT2A|TPD52|PDLIM7|PPFIA4|SERPINE1|PIGU|EMC4|MED24|POLR3K|NISCH|SLC66A2|IL15RA|TXNDC11|RAB2A|ABCD4|KDELR3|VEGFA|MAN2B2
GRESHOCK_CANCER_COPY_NUMBER_UP	0.97985660635029	1	0.214016096843632	0.851187002855454	2869	295	FCGR2B|FOXO1|NCOA2|CHN1|PDGFB|NBN|NCOA4|MLF1|AFF4|KDSR|PIK3CA|NPM1|KNL1|SMAD4|MSH2|PRKAR1A|DDX10|TCF12|PICALM|EPS15|CBFB|BCL9|GMPS|PMS1|ZBTB16|PAX7|FGFR1|PAX5|KIT|SBDS|TRIM24|CLTCL1|CNBP|FLCN|SDHD|JAK2|REL|BCL2|LCP1|NRAS|TRIP11|ARHGEF12|BMPR1A|ERC1|FH|CLTC|MLLT11|ABI1|MYC|RB1|BRAF|NF1|MAML2|APC|CTNNB1|ZMYM2|PTEN|WT1|FANCF|STIL|ERCC5|PSIP1|NACA|DDX6|WRN|HSP90AA1|ATF1|TFG|TFRC|BLM|EIF4A2|EXT2|MAP2K4|PMS2|BTG1|ETV6|CDK6|PAX8|ATM|TRIM33|FIP1L1|EP300|BUB1B|ETV1|ERCC4|SUZ12|RPL22|SFPQ|RAP1GDS1|NCKIPSD|TOP1|FBXW7|TCEA1|CCNB1IP1|KTN1|TFEB|NSD3|GOLGA5
GROSS_ELK3_TARGETS_DN	0.922047970479705	1	0.262072311382426	0.715931218087303	3997	27	PDK1|CNOT7|RSAD2|ERO1A|GBE1|BHLHE40|BNIP3|MAFF|FTH1|CTH
GROSS_HYPOXIA_VIA_ELK3_AND_HIF1A_DN	0.858872252309653	1	-0.251355650176664	-0.82709549271908	5391	101	TBC1D1|IFI30|PLXNA1|MOGS|SAC3D1|CCND1|LGALS3BP|FAS|GNA11|MAP3K11|AGRN|F2R|DUSP7|PLEC|ELOVL1|PRPF19|CD276|NRARP|TK2|MGAT4B|CAMKK2|FRRS1|LPCAT1|GATA2|BCL6B|PMP22
GROSS_HYPOXIA_VIA_ELK3_ONLY_DN	0.985932406930863	1	-0.228954356756852	-0.657805656948133	5746	43	MARCKS|LAMA5|PALD1|UBOX5|BRD3|PDRG1|FASN
GROSS_HYPOXIA_VIA_ELK3_ONLY_UP	0.863620386643234	1	-0.283620509254933	-0.754277273835851	4913	29	APBA3|NFIL3|SLC7A11|THBD|CEBPB
GROSS_HYPOXIA_VIA_ELK3_UP	0.991362620997766	1	-0.213947207631976	-0.764016197257516	6656	199	PTPRVP|NDST2|CRIP2|ENG|MARCKS|AXL|CHST12|PLXNA1|LAMA5|SAC3D1|DTYMK|PALD1|CCND1|LGALS3BP|UBOX5|PPM1F|STAB1|BRD3|FAS|GNA11|MAP3K11|PWWP3A|F2R|PDRG1|DUSP7|PLEC|FASN|CD276|RGS12|NRARP|TUBA1B|HELLS|MGAT4B|HES1|LPCAT1|SKI|CD81|GATA2|BCL6B|POLA2|ULK1|PMP22|CPT1A|PKD1|MR1|BCL7A|ARL6IP4|PPARGC1B|H6PD|ATOSB|SRSF5|SERINC3|MYO1C|CBX6|SLC12A2|USP46|H2AX|RXRA|BIRC5
GROSS_HYPOXIA_VIA_HIF1A_UP	0.876744186046512	1	0.247628708421662	0.822698793499172	3392	75	SIX4|AMD1|MGAT2|IMPACT|KPNA2|FRZB|CHN2|NOP58|CCNH|GTF2E1|RRM2|CACYBP|HSPD1|HACD3|GART|SRSF1|UBE4B|ZNF124|BZW2|DDX21|PPID|RPL5|TFRC
GRUETZMANN_PANCREATIC_CANCER_UP	0.999167937872695	1	-0.204066272576718	-0.764174532328954	7204	333	PLAT|TRIM29|S100P|CRIP2|IFI30|SFN|TIMP3|LAMA4|TAP1|ECM1|COL1A1|GRN|EPS8|ETFB|APLP2|DGKD|DYRK2|IFITM2|APOC1|SERPINH1|IRS1|PHB1|GPC1|FLAD1|PCOLCE|FYN|SERPINE1|SPINT2|TBCB|NR1D1|EMP3|ENTPD1|AFAP1|GET3|GBP2|TRADD|NSDHL|TSPO|EMP2|ITGB5|NDUFB7|HPGD|RALBP1|DGKA|RIN1|MFSD10|CTSL|NBL1|ARHGAP1|PLEC|SIDT2|TSC22D1|MBOAT7|RAP1GAP|TANK|RCN1|NNMT|DHX8|GUSBP11|GOLIM4|DUSP5|RAB2A|CSTB|EXOSC7|ACYP1|DNMT1|PMP22|ITPR3
GRYDER_PAX3FOXO1_TOP_ENHANCERS	0.998924731182796	1	-0.206524105349702	-0.786699842686874	7431	413	CADM2|ADAM19|TRIM45|ZNF331|APBB2|STOML1|VANGL2|ATP9B|ADAMTS14|HELB|SLC38A10|PEMT|RBM20|GRN|UQCR10|APLF|UBL7|POR|PLXNA2|TMCC3|MFSD2A|UCHL1|TSHZ3|PALD1|FYN|LAMB3|TOM1|MIF|HSPG2|PGF|OS9|ARHGAP26|PRDM12|RBM38|PGS1|LRPAP1|SEMA6A|NRG1|MAGED2|CHD6|TBCD|ARHGEF10|SCARB1|PSMB6|EWSR1|MYO9B|CPA5|RNF181|KANK1|GPR107|SLC7A1|TRAP1|ERICH1|DPF1|BABAM1|MYO18B|ITGB1|PTCD2|GNL3L|EXTL3|TANK|HDAC5|BTD|GIT2|RNF145|RCN1|SLC38A6|TTI1|SASH1|NOSIP|AP1B1
GSE10147_IL3_AND_HIVP17_VS_IL3_AND_CPG_STIM_PDC_DN	0.839763534536403	1	-0.247557901825136	-0.848546162790898	5397	139	METTL27|RNF215|FAM234A|L1CAM|P2RX4|TECR|POR|CIAO2B|TRIM10|TXNL4B|CHD4|SH2B2|MAGED2|EPHB6|LZTS2|SRM|SAP30BP|MAP3K3|MOCS1|SLC39A11|JRK|TBC1D17|HSD17B1|BTD|TUBG1|CAND2|TMEM65|MINK1|MRPL17|CD81|GPANK1|GRAMD1A|SYDE2|PTPA|UBE2Z|MAVS|MRPS26|EIF3B|ILF3|UBA1|RAB11FIP1
GSE10147_IL3_VS_IL3_AND_CPG_STIM_PDC_DN	0.747227356746765	1	-0.25683096986944	-0.88976266733413	4850	153	METTL27|CCPG1|ITPKC|FAM234A|PRKCZ|ADAMTS14|HELB|PLXNA1|DDX41|PDCD1|HYOU1|ITGA7|CRYBG1|ATG9A|TXNDC16|TTLL1|IKBKG|RPP14|PPP6R2|LPIN2|FAM98B|SPN|MOCS3|TUBGCP2|VPS8|MLH3|TRPT1|PDLIM4|YJU2|XYLT2|PPP6R1|TTC5|MED25
GSE10147_IL3_VS_IL3_AND_HIVP17_STIM_PDC_DN	0.793460490463215	1	0.247333391903429	0.876443025956044	2911	112	RGS5|IGSF11|PLAAT1|KCTD12|GNAT2|FZD8|MNS1|PROCR|CPSF3|PRSS36|LRRTM1|PAX7|GPNMB|RUNDC3B|NEU4|DMKN|CCN5
GSE10147_IL3_VS_IL3_AND_HIVP17_STIM_PDC_UP	0.999693439607603	1	-0.199740376271029	-0.694896544530736	6521	158	ATF6B|IFT140|CXXC1|GBA2|RELT|TPCN1|TAOK2|CDKL5|FAM76A|PELP1|PLEKHG2|INPPL1|PSAP|RAMP1|ANKS3|RFX1|FBXL20|RETREG2|WDR83OS|ERAL1|OSBPL11|ZMYND11|VPS8|PPP6R1|CASC3|R3HDM2|CRAT|EIPR1|DNAJC27|AP1M1|MED16|TTC17|SIK3|ITPR2|CLEC16A|HABP4|KIAA0319L|SYDE2|ANGEL2|PFKP|GOLGA3|OTULIN|MBTPS1|RNPEPL1|RPTOR|SF1|WDR73|ST6GALNAC1|USP21|RPRD2|CSK|MIPEP|ARHGEF7|NFYC|IRAK1BP1|CTDSP1|UBE3C|DENND10|RYR2|GGA3|IFT52
GSE10211_UV_INACT_SENDAI_VS_LIVE_SENDAI_VIRUS_TRACHEAL_EPITHELIAL_CELLS_DN	0.739318216874904	1	-0.258366592402936	-0.89046109868097	4792	145	PCNX1|LAG3|POU2F2|FARP1|SFN|TMEM134|DHX37|CASTOR1|WNT3|IRS1|ALDH16A1|ST6GALNAC6|ATP9A|FAU|ENTPD1|TMEM161A|MXD4|IGF2R|ASNS|CDCP1|HDAC7|RILPL2|FERMT3|GNS|CDCA3|ITGAV|VARS1|ANKRD55|RCN1|NIBAN1|STARD10|EHMT2|COG7|ITGAE|DCPS
GSE10211_UV_INACT_SENDAI_VS_LIVE_SENDAI_VIRUS_TRACHEAL_EPITHELIAL_CELLS_UP	0.977201748906933	1	-0.222427435357797	-0.758771130949392	6257	133	TBC1D1|C2orf42|TECPR2|GIPC3|NTRK3|SPG7|TBRG4|CMKLR1|CFHR3|MBOAT1|PXMP4|SEMA4F|TSC1|SPOPL|IL17RA|HPCAL1|ARID3B|BRPF1|ENTPD6|MAP3K3|RAB11FIP4|NEMP2|MIR17HG|RPS27|RBSN|NCAPD3|MTG2|SNAPC4|ACYP1|DDX51|POLR1A|ANKRD11|GRAMD1A|GALNT2|BRF1|FNTB|GPCPD1|CARS1
GSE10239_MEMORY_VS_KLRG1INT_EFF_CD8_TCELL_UP	0.778654926370123	1	-0.251709902929224	-0.879371629860222	5128	162	TGFB1I1|SLC22A18|C1QTNF12|NDOR1|LRRC56|CDC26|SNORC|TMEM25|UQCR10|LYPLA2|DYNLRB1|ZSWIM5|LRRC75B|TCP11L2|DUSP8|UBOX5|ATXN7L2|GREB1|NPFF|KCNJ11|TREML2|TMEM42|LRRC61|RPL27|TRIM39|SNHG12|CLCF1|ZBTB39|FLOT1|TNFRSF10A|CENATAC|TIGD5|CLEC16A|AP5S1|URM1|HIPK2|MYLIP|PLCD1|ZC3H13|FHOD1
GSE10239_NAIVE_VS_KLRG1INT_EFF_CD8_TCELL_UP	0.987434554973822	1	-0.216678687781237	-0.769207161520105	6600	188	TCN2|CD84|ARID5A|SPATA6|METTL25B|TNFRSF1A|TCP11L2|GLG1|PIK3IP1|RGP1|TNFAIP8L2|FAS|AKAP8L|ACP6|PLEKHG2|RPL38|DNAJC17|RAMP1|DVL1|HMGXB3|NFKBID|AGRN|TREML2|ANKRD13D|RPLP1|SCYL3|PPP1R3F|DPH7|TEX264|RPS27|HDAC5|KLF13|TNIP1|MEF2D|IL6ST|RPS11|ADGRL1|MTERF4|IRF9|TRIM56|FAM50A|SKI|SOCS3|NINJ1|GPANK1|ST8SIA1|TMEM259|RPL35|GAS6|RFXANK|TMA7|RBCK1|WDR59
GSE10239_NAIVE_VS_MEMORY_CD8_TCELL_DN	0.758211256746338	1	-0.255572606685371	-0.882147240070433	4916	147	DBNDD2|ATXN1|CD84|UQCR10|RGS3|UBL7|DNAJC15|DYNLRB1|DSC3|S100A5|PPFIA4|ENTPD1|MDFIC|CHRM4|RPL38|EHBP1L1|DACH1|ACSBG1|RPS10|SP110|GMFG|TPRN|NEDD8|RAP1GAP|GTSE1|TFR2|ID2|FKBP2|HNRNPAB|ZBTB39|POMP|R3HDM2|COMMD6|NDUFA7|ATP5MG|CCDC106|CLEC16A|URM1|PLCD1|AHDC1|ZNF646
GSE10240_CTRL_VS_IL17_AND_IL22_STIM_PRIMARY_BRONCHIAL_EPITHELIAL_CELLS_DN	0.997605507333134	1	-0.207932998621391	-0.737232948906526	6665	186	PPFIBP2|KHDRBS3|PLSCR3|ADM2|ZC3H12C|CHCHD10|ST6GALNAC6|CCND1|LUC7L|TMEM8B|PPM1F|BRD3|CNTROB|COBLL1|IFITM3|AMPD2|LZTS2|ARHGEF10|BAHCC1|POLD1|SCAP|LPIN2|ATP13A2|RHOB|PPARD|MEX3A|PALM|CDCA3|TSC22D1|ZNF428|SASH1|CBX2|DNASE2|TP53BP1|ESPL1|LPAR2|CIPC|TIMELESS|PARP1|TTC13|CLCN5|CDKN1A|STK35|UHRF1|GPR137|FCHO1|CDCA8|KIF22|H2AZ1|CUX1|PKIG|MAOA|CENPM|NAT8L|TRIM28|COLGALT1|TET1|ZNF296|CBX5|ZNF397|KRT18|FHIT|CDCA5|CHST11|RAD51B|MCM10|DDX39B
GSE10240_CTRL_VS_IL17_STIM_PRIMARY_BRONCHIAL_EPITHELIAL_CELLS_UP	0.874249699879952	1	0.231802437490015	0.873059166036014	2912	179	TCEAL1|CD44|FAM53A|TBCEL|RTL8B|CCN1|SEC24B|CEND1|CYP26A1|HMGN5|TMEM191C|PECR|BBOF1|MARCHF5|PI4K2B|NPR2|HPRT1|CTSF|MAPK8|TCEAL8|TMEM106C|MMP11|MTSS1|APPBP2|LITAF|ANKRD28|MRPL47|NFE2L2|NME7|CELF2|HSPD1|TMPRSS5|TUBB1|CDK2|GOLPH3L
GSE10240_IL17_VS_IL17_AND_IL22_STIM_PRIMARY_BRONCHIAL_EPITHELIAL_CELLS_UP	0.867035596769369	1	-0.240306383048235	-0.852398750064142	5796	187	FOXD2|MXD3|FMC1|MUTYH|TMEM175|ANKH|GPR68|ARID5A|JOSD2|NAT9|SREBF1|PDLIM7|STK39|TOP3B|STYK1|CAMKK1|NFIL3|DZANK1|ADAP1|SDR42E1|NAPRT|INPPL1|PNKP|TRAF2|SLC26A6|TRABD|TMEM120A|TSPOAP1|APBB3|KLHDC4|RBX1|TAPBP|PTCD2|PIDD1|SMYD4|ARMC6|TSSC4|C1orf122|SDF4|SMURF2|TMUB2|APTX|VPS13B|ADD1|ZBTB48|ZNFX1|ATP6V0B|TYK2|RFXANK|GXYLT1|VAMP2
GSE10240_IL22_VS_IL17_STIM_PRIMARY_BRONCHIAL_EPITHELIAL_CELLS_DN	0.890093345377898	1	0.230238939623937	0.869838548351419	2955	183	MYO1F|TTC21A|RAD54B|ATG4A|GNG12|ZNF227|GCC1|ABCC4|PTGS1|PAQR3|HYCC1|FANCB|TSC22D2|TWF1|SC5D|WSB2|GCLM|NEIL3|SLC19A2|IPMK|RAP2A|AP5B1|RBKS|FCER1G|TTC39C|ICA1|ELL2|NCKAP1|ACSL1|SRP72|ITGA2B|SCIN|SEMA4A|IFTAP|KCTD9|MOB1B|DARS2|C18orf54|MIS18BP1|TMEM68|RACGAP1|MASTL|GPI|GALNT1
GSE10273_HIGH_IL7_VS_HIGH_IL7_AND_IRF4_IN_IRF4_8_NULL_PRE_BCELL_UP	0.999850411368736	1	-0.196049335009441	-0.693992488046577	6683	181	REN|KHDRBS3|P2RX4|SYNGR1|MIIP|PDE6D|SMTN|GALNT14|TPD52|SPATA6|VPS18|IFITM3|RFC2|STOML2|TTC4|SDC4|UCP2|TPRN|SPATA24|NMRAL1|CEL|HSPBP1|TGIF2|HIRIP3|PGGHG|THOP1|TENT4A|PCK2|TMEM183A|DNLZ|SRRT|CCNF|ELAC2|TMEM39A|P3H3|CSTPP1|CDKN1A|JUN|APOBEC3B|SYDE2|JADE3|ZC3HC1|TTF2|MAOA|PRC1|C7orf50
GSE10273_HIGH_VS_LOW_IL7_TREATED_IRF4_8_NULL_PRE_BCELL_DN	0.956338452273412	1	0.221055862112548	0.835145047656221	3175	183	SLAMF6|IFIH1|YOD1|SLC49A4|CREBL2|DOK2|NCOA2|CMTM6|EEF1AKMT1|ERBIN|SIAH1|NEMF|OCIAD1|PNPLA7|CAPN2|WSB2|INTS6L|DMTF1|IFIT3|VAV1|TNKS2|TTC14|RECK|ABHD1|RIT1|GNPDA2|JAK2|WASHC3|PIGC|KLRG1|TASOR|PPM1K|SEPTIN7|KIDINS220|ZBTB9|PAK1IP1|TTC3|LYRM1|TPP1|CHMP5|SERINC1|GINM1|NSMCE3|PAPOLG|ZFAND6|MED8|TRAK2|ZNF2|DOCK8|SMURF1|RMND1|DUSP12|FAM149B1|STK38|KIAA0040|RAB20|RNF146
GSE10273_LOW_IL7_VS_HIGH_IL7_AND_IRF4_IN_IRF4_8_NULL_PRE_BCELL_UP	0.933634992458522	1	-0.231653433458062	-0.815564140111738	6189	175	SPIB|AARSD1|SNN|MUTYH|KHDRBS3|WHRN|SLC29A1|EPS8|HYOU1|SMTN|SNHG32|SIGLEC10|GALNT14|MFSD12|SDR42E1|TAF6L|BRSK1|TACC3|CTC1|LYL1|MRPL55|PMF1|SPATA7|DHRS3|FAM98B|WDR18|SDC4|KIFC1|RAD50|SASH1|PAFAH1B3|SMARCA4|LMNB2|PCK2
GSE10325_CD4_TCELL_VS_BCELL_UP	0.926093514328809	1	-0.232912968127907	-0.819673260923451	6139	174	RCAN3|IL11RA|SEMA4D|MGAT4A|CYLD|P2RX4|FLT3LG|IFITM1|TRPV2|DYRK2|EEIG1|SFI1|RASGRP1|FYN|HDAC4|PIK3IP1|TIMP1|TTLL1|FHL1|TKTL1|IGF2R|PRORP|PRF1|SEMA4C|HPGD|PLK3|NACC2|LINC00623|DUSP7
GSE10325_LUPUS_BCELL_VS_LUPUS_MYELOID_UP	0.954995499549955	1	0.222091759949982	0.835328346428413	3182	177	STAP1|CD69|ZNF107|FOXO1|PAOX|NCOA3|ARID5B|LRBA|RFC4|PJA1|NPM1|KIF20B|NOL11|GOLGA8B|TSPAN13|ARPP19|RRAS2|NKRF|SYNE2|S1PR1|PAX5|EHD3|BACH2|ANKRD28|LDHB|ADK|PHLPP2|ITM2A|TMEM14A|SMC6|HMGN1|FAM3C|ZBTB25|PPP1R16B|TMEM243|GTF3A|TUT4|NUP88|NGLY1|RCN2|AGPAT5|HLA-F-AS1|TTC27|GOLGA8A|FCHSD2|E2F5|ALDH18A1|RBBP7|SUZ12|TSPAN3|ZNF253
GSE10325_LUPUS_CD4_TCELL_VS_LUPUS_MYELOID_UP	0.926386806596702	1	-0.232462615488779	-0.821277970913103	6178	179	FAM171A1|DIPK1A|PBXIP1|FLT3LG|ACAP1|DYRK2|EEIG1|GPRASP1|RASGRP1|IL2RG|PIK3IP1|RHOF|ATP2A3|AKT3|FHL1|USP20|LTBP3|TRADD|CTC1|PRORP|CAD|IL16|ASNS|XPC|PHC1|GNB5|SNRPD2|ZMYND11|FASN|EVL|SIGIRR|RPSA|NOSIP|CD3D|RPL35|ITPR3|CLEC2D|MPI|CHMP7|DEXI|SPTBN1|ZNF512B
GSE10325_MYELOID_VS_LUPUS_MYELOID_DN	0.68141592920354	1	-0.258683991318905	-0.91835615200285	4542	189	SEMA4D|IRF7|HLX|ABCC10|MT2A|APOL1|TAP1|IFITM1|IFI35|IFI16|IFIT2|HERC6|GLG1|LGALS3BP|APOL6|TMEM255A|MX1|SP100|CTSA|ISG15|ATOX1|MAP7D1|IGF2R|CTSD|MICB|SLC2A3|CRYZL1|GRINA|DGUOK|IL15RA|DDA1|LAMP1|DHX8|NIBAN1|POMP|PARP12|PEF1|PAFAH1B1|ACP2|LY6E|UPP1|DESI1|RBCK1|CEMIP2|PANK4|FAM168A|ZCCHC2|SPTLC2
GSE10500_ARTHRITIC_SYNOVIAL_FLUID_VS_HEALTHY_MACROPHAGE_UP	0.991885842193621	1	0.211303105337355	0.771582247690737	3544	138	MIER3|FOSB|GNA13|ST3GAL5|TOP2A|TRMT10A|KLF10|KIF11|LANCL1|OCIAD1|TSPAN13|C18orf32|MRPL15|CNBP|ABHD14A|ERO1A|HBEGF|IL10RA|SPCS1|NSA2|CASP3|KLRG1|RRM1|SDE2|STMN1|MFSD14B|GPD1L|QDPR|DAD1|ATP6V1A|TIMM17A|NUP54|SHCBP1|TRAM1|SUCLG2|CDK6|LYRM2
GSE11057_CD4_EFF_MEM_VS_PBMC_DN	0.704831137361805	1	-0.259031916962509	-0.90994783078537	4653	172	ASCL2|TRPM2|DYSF|PLXNB2|NAGK|DGAT2|CATSPER1|SNN|LYST|TRIO|APLP2|PLOD1|TNFRSF8|ADAMTSL4|ITGAX|SLC7A7|CRISPLD2|CFD
GSE11057_EFF_MEM_VS_CENT_MEM_CD4_TCELL_DN	0.926213296820326	1	-0.233347459344897	-0.815365106155648	6087	163	IL21R|LEF1-AS1|KRT15|CBS|SNN|LINC01089|HDAC8|SFI1|AEBP1|KLF7|PIWIL1|FOXP3|ENSG00000284691|PIK3IP1|PKMYT1|GRIK5|TSHZ2|PCED1B|USF3|GAL3ST4|MERTK|ZBTB20|UBR4|CTSL|HIVEP1|LRRC37A2
GSE11057_NAIVE_CD4_VS_PBMC_CD4_TCELL_DN	0.939366515837104	1	0.223803309729789	0.847106965572133	3113	185	MEIS1|AIF1|TM6SF1|RGS2|DDIAS|SESTD1|SRC|HVCN1|TTYH3|TP53INP1|IL18R1|NBN|RASGRP4|PTGS1|B3GNT5|FNDC3B|SGPL1|DUSP22|MTHFD2|TMEM59|GDI2|YWHAG|PLXND1|CARD9|SLC22A15|JAK2|HERPUD1|TMED5|ACER3|PIP5K1B|UBE2E1|REL|B4GALT5|NAMPT|CDK2AP1|WDR11|DNAJB11|PTPN12|CLTC|ATP2A2|ZMPSTE24|GLUL|AP3B1|VAMP3|FUCA2|GALNT10|PLSCR1|CHP1|AKIRIN2|FABP5|ZDHHC7|H2AC6|RAB10|CAT|LTA4H
GSE11057_NAIVE_VS_CENT_MEMORY_CD4_TCELL_DN	0.666264697015375	1	0.247617776982242	0.939415018348788	2209	188	ZC2HC1A|SETD7|MYO1F|BATF|FAR2|RYR1|LGALS3|FXYD7|CLDND1|NABP1|ARID5B|HNRNPLL|EEPD1|TP53INP1|MAP3K1|MLF1|FBXL8|CBLL1|YWHAQ|NDC80|PICALM|SIAH2|TRIB1|MIAT|IFFO2|GPR183|F5|DUSP10|HERPUD1|VDAC1|PAPSS1|IL10RA|VRK2|SMC6|RABGAP1L|ELOVL5|ATP2A2|ANXA1|GOLGA7|CCR10|GALNT10|WEE1|YWHAH|PARP4|OSBPL3|AKIRIN2|TGFBR3|S100A4|SH3GLB1|CAST|DENND1B|DEGS1|CD82|MAP3K5|FBXW7|AQP3|SPPL2A|STOM|ATP2B4|ACOT9|PRKCD|TERF2IP|MICAL2|ZCRB1|CHST7
GSE11057_NAIVE_VS_EFF_MEMORY_CD4_TCELL_DN	0.889761401389308	1	-0.238117597694102	-0.837394254150173	5891	173	UBL3|ADAM19|STX11|SPAG1|PIEZO1|TYMP|ATXN1|CD84|GDPD5|TMEM116|RGS3|IFI16|TTYH2|MATCAP1|B3GNT9|TBCB|MDFIC|FAS|NINJ2|TRADD|CTSA|SPOPL|CDK2AP2|SLC2A3|AFDN|NPDC1|SLC35D2|ITGB1|SMCO4|MYL6|IL15RA|RNF149|NIBAN1|CAPG|DUSP5|ST8SIA1|NMU|CDC42EP3|SH3BGRL3|TOR3A|SMIM29|GSTK1|ANTXR2|CCDC107|SEC11C|SMAP1|MFHAS1|CRELD2|USP46|RAB27A|ACTN4
GSE11057_NAIVE_VS_MEMORY_CD4_TCELL_DN	0.650587880615014	1	0.249758354381964	0.941833046840588	2157	181	ZC2HC1A|MYO1F|FAR2|LGALS3|RNF139|TMEM64|CLDND1|NABP1|HNRNPLL|EEPD1|TP53INP1|MLF1|FBXL8|AMMECR1|LDHA|CBLL1|CDCA7|CRYBG3|CAPN2|SNX24|SIAH2|EPS15|MIAT|SYNE2|GPR183|TTC39C|PLXNC1|DUSP10|HERPUD1|VDAC1|SQOR|IL10RA|PHTF2|ENDOD1|SMC6|MIS18BP1|ELOVL5|ANXA1|GOLGA7|PREX1|WEE1|YWHAH|OSBPL3|REEP3|AKIRIN2|ETV6|TGFBR3|S100A4|GOLGB1|ZBTB38|DEGS1|OPTN|CD82|MAP3K5|GNAI2|AQP3|HMGB2|SPPL2A|STOM|ATP2B4|ACOT9|PRKCD|CHST7|NHERF1|PMAIP1|ACTB|GSE1
GSE1112_OT1_VS_HY_CD8AB_THYMOCYTE_RTOC_CULTURE_DN	0.959589867310012	1	0.220863803125239	0.837030403292516	3181	187	IL10RB-DT|NKIRAS1|HERC3|PKD2|ACOX3|POGLUT1|SOCS6|TRMT61B|EEPD1|RARS1|IMPACT|AASDH|AKAP11|UTP18|GAS2L3|MKRN1|PDE8A|TAPT1|ZNF664|RAP2A|MAPK1|NUP133|RIOK2|APOO|SLC25A3|LCP1|RDH11|NUDT16L2P|PABIR2|FH|CNOT6L|ANP32B|KCTD11|GALNT1|PSIP1|AGO1|ACACA|CFAP97|NSMCE3|NCOR1|NUP155|BZW2|RYK|RAB4A|ETV6|ZZEF1|ANKMY2
GSE11367_CTRL_VS_IL17_TREATED_SMOOTH_MUSCLE_CELL_DN	0.870002647603918	1	0.246170013701028	0.836998869573314	3285	87	TSLP|KLHL13|XRCC4|CAPZA2|CABLES2|CYP2R1|RCBTB2|TMPRSS13|SLCO4C1|KCTD6|SSR1|FTO|CMTR2|ZMPSTE24|GTPBP10|GLUL
GSE11818_WT_VS_DICER_KO_TREG_DN	0.951302378255946	1	0.225045774380143	0.823976176449935	3359	143	GABRG1|COPS2|HERC3|IL18R1|TMEM86B|TAF9B|DUSP22|VPS50|SMAD2|TSPAN13|DDHD2|MRPL50|AP3S1|DDHD1|ISOC1|RBKS|RSAD2|SYNE1|MRPL15|PIGK|INPP5F|PHTF2|TRMT11|WDR11|PTK2|CHD9|ARMC1|ATE1|DARS2|GART|MAPK9|MKLN1|SEC23IP|DDX6|ASXL2|CHCHD3|ATAD5|HELZ2|TFRC|USP16|SUCLG2|UTP25|UBR1|CUL4A|BBS4|FKBP11|XRN1|CALCOCO2|TMEM167A|YTHDC2|POLR2C|ANAPC1|SGF29|PTPN11|ECI2
GSE11864_CSF1_IFNG_VS_CSF1_IFNG_PAM3CYS_IN_MAC_DN	0.868286828682868	1	0.232276497997711	0.873635037294083	2893	177	FSD1L|GPR137B|CD44|SLC22A1|TOP2A|RSL24D1|ARL8B|RAB22A|TXNL1|GCLM|TRIM13|TRIB1|SLAMF7|LFNG|SPP1|RAB40AL|JAK3|RIT1|CDK17|IFT57|MORF4L2|SAMSN1|NFE2L2|NME7|TSPYL6|TRA2B|USP49|PDE7A|FAM78B|NAA11|ATP13A3|CCDC90B|ETF1|DENND4A|GARS1|PSMD14|PSMD11|UBE2A|SH3GLB1|PNP|ATP6V1C1|R3HCC1L|PIR|FUNDC2|OPTN|NUP58|TBC1D7|SERPINB1|ZNF584
GSE11864_CSF1_IFNG_VS_CSF1_IFNG_PAM3CYS_IN_MAC_UP	0.930141523637459	1	0.225428602048272	0.851665180020542	3088	183	AIM2|MYO1F|AKTIP|ZNF362|ITFG1|HVCN1|TMEM53|RASGRP4|EIF4E3|LDHA|PPP1CC|ENTPD1-AS1|ELMO1|ATXN10|AP3S1|CNOT7|CHN2|AUH|ERCC8|RAP1A|SDHD|KLHDC2|HAUS1|ZNF250|BCDIN3D|PCYOX1|CDK2AP1|STK24|ZNF215|TMEM230|NUDT16L2P|SNX2|ACLY|TMPRSS5|FH|ATPAF1|DARS2|CYP4V2|TRIT1|RIDA|STMN1|NUP88|NT5DC1|METTL5|ERCC5|ZWINT|LIX1L|ZNF124|PLAAT3|ZDHHC7|DIMT1|AHCY|DKC1|CAST|STAC3|ACSM3|DOCK8|SORD|NSMCE4A|GLO1|TPGS2
GSE11864_CSF1_IFNG_VS_CSF1_PAM3CYS_IN_MAC_DN	0.985855513307985	1	-0.218666299716241	-0.764419148141515	6481	164	POU2F2|LINC00174|RPGR|EPPK1|SLC3A2|ZNF701|TULP3|SFI1|VMO1|LINC01592|LAMB3|TOM1|HGS|FASTK|CYP2F1|PYCR3|PSMB5|BIN3|GPR107|PRPF40B|JUNB|DGCR8|DDX31|TSC22D1|ZNF81|MREG
GSE11864_CSF1_IFNG_VS_CSF1_PAM3CYS_IN_MAC_UP	0.881401617250674	1	0.230583963709778	0.87699958964383	2942	190	MYO1F|ARL11|HSPBAP1|ATG16L2|DHX58|KAT2B|HLA-B|TMEM106B|ETFRF1|LRBA|RNF138|L3MBTL3|PRIM1|PPP1CC|THNSL1|ZNF785|USP6NL|COG6|MKRN1|GINS1|XPO7|RBL2|SLC2A13|RCBTB2|CARD9|C2|SDS|COL8A2|DLAT|DUSP10|PDS5B|PGM2|JAK2
GSE11864_CSF1_VS_CSF1_PAM3CYS_IN_MAC_DN	0.984701382759635	1	0.213631838242261	0.801608538829725	3346	172	MIER3|CD83|ALDH1L1|EIF2A|NABP1|PSMC1|LITATS1|BATF3|CCRL2|ARL8B|EPB41L5|TRIM13|PLGRKT|BCL9|USP14|UGCG|P2RX7|TRIM61|SLAMF7|ENSG00000268472|ACSL4|RAD23B|MED17|USP47|UFM1|PPA1|TAF1A|CRY1|MTA2|PTPN12|ANKRD12|NIFK|STPG1|NUP88|MRPL3|ZC3H15|GNL2|TEAD1|PANX1|CHORDC1|FARSB|LMNB1|USP16
GSE11864_CSF1_VS_CSF1_PAM3CYS_IN_MAC_UP	0.718140929535232	1	0.243157144366367	0.923899872257441	2394	189	CNRIP1|MYO1F|RFX3|CFL2|KAT2B|PUS10|STT3B|HACD2|NUDT13|HACE1|FAM76B|AP1S2|DUSP22|ITSN1|MRTFB|GNPAT|SLC44A1|MKRN1|UFL1|SLC2A13|SYNE1|S1PR1|IQCH-AS1|CAB39|PGM2|RTN3|TRIM52|DSG2|MCU|DOCK11|CMPK1|SOAT1|ATP11A|WIPI1|NUDT16L2P|KDM3A|ZNF117|GOLPH3L|ZNF823|WDR81|HAPSTR1
GSE11864_UNTREATED_VS_CSF1_IFNG_IN_MAC_DN	0.844926227040048	1	0.234473970474218	0.88583841828241	2805	183	ZNF14|EIF2AK3|WDR5B|ANKRD27|DTX3L|MLF1|SMARCAD1|SIAH1|ZNF146|LYSMD3|ZFYVE16|SLC30A6|ZNF274|TJP2|EARS2|ATP1B3|SLC2A13|PLRG1|PLA2G4A|SDS|SERPINE2|LINC01010|TXNDC9|DLAT|MRPS31|FAM200C|CPSF2|RPE|MOB3C|CACYBP|ACTL6A|ZNF234|PDE7A|COX7B|RNF14|STX7|TNPO1|YIPF4|ACACA|SSBP1|NCOR1|CKAP5|PALB2|TRAM1|BHLHE40|TTC27|SEC61G|C11orf54|PARP9|LYSMD2|NSMCE4A|ATG3|UBE2K|NFX1|NTPCR|IMMT|PHTF1|SRP68|RAB7A|ATP6V1G1|PGBD2
GSE11864_UNTREATED_VS_CSF1_IFNG_IN_MAC_UP	0.910703547805171	1	-0.235537812349961	-0.830404787982264	6057	176	UBL3|SMAD7|FAAP20|UVSSA|SLC12A9|EPB41L4A-AS1|TRPM4|DBP|ATF6B|RPL23|LINC00877|NFYC-AS1|RPS9|LRCH4|ZNF598|TEX22|SH2B2|PET117|STK19|SAT2|C11orf21|BICRA|BIN3|NAA80|FAM161B|PCIF1|FBXW4|DUSP7|GPS1|ZBTB43|MEF2D|NRIP3|RPS11|WDR45B|TRIM11|SESN2|AP2M1|SMARCE1|NARF|JOSD1|ERGIC3|CPNE2|SPTLC2|KPTN|IDH3G|CLASRP|RHBDD2|IKZF5|TLE3|SLC41A3|SGSM2|TSPYL4|C1orf52|RPL41|KIF9|GAB2|CNPPD1|ZXDC|ZNF296
GSE11924_TFH_VS_TH1_CD4_TCELL_UP	0.697639677322976	1	0.244510878101186	0.930723510470983	2334	191	SETDB2|RFX3|DCP1B|ASAH2|AKAP5|MX2|UAP1L1|SEC24B|EMSY|ACTR3|CORO1A|GNAI3|B3GALT4|NBR1|SCAF8|CABLES2|MFAP3|SLK|MAPK8|RIC1|IFIT3|PEAR1|IPMK|UGCG|ATG10|CHIC1|ICOSLG|CEP97|ASB3|PCMTD1|TDRD3|CRBN|MAP4K3|TMEM50A|RAVER1|ARPC3|RAPGEF6|SP1|ABI1|PPM1K|TTC33|BRAF|SECISBP2L|MON1B|CHD1|SLU7|NMRK1|CAPZB|ZFYVE1|MRGBP|CHMP1B|OSBPL3|AP4E1|WBP1
GSE11924_TFH_VS_TH2_CD4_TCELL_DN	0.92497034400949	1	0.226042292184995	0.849020559870741	3118	174	NLGN2|PEX12|BBS12|HEMGN|UBA5|DOCK7|CCT8|TMEM168|VPS50|NEMF|COG6|RTN4|TMEM30A|TMED2|PPIL1|UTP11|PSMD6|DOCK10|ARHGEF25|OR51B6|SLC4A4|FSTL4|ACSL4|GALNS|NFYB|PCCA|YTHDF2|RPE|NR2C1|TSNAX|SEPSECS|CS|TMEM237|RPL6|GTF3A|PARK7|TAMM41|MRS2|PEX2|RAE1|NEMP1|BUB3|IMMP2L|CCT6A|SDHAF3|RIOK3|BLMH|C1GALT1C1|RAD51AP1|GNE|UBE2K|WDR43|AZIN1|CANX|SPARC
GSE11924_TH1_VS_TH2_CD4_TCELL_DN	0.667936694021102	1	0.2493579130139	0.933734887803388	2278	170	MTMR6|SERINC5|BCAR3|SUGCT|NUS1|ALG11|ACBD7|SFT2D2|NT5C3A|TMEM106B|CTSK|LGALS8|TMEM168|TSC22D2|ARF4|OAT|SPEG|TVP23B|IBTK|RAP2A|DRAM2|NIPAL1|GFI1|BCL2L15|KIF3A|RAP1B|PPIL4|ARV1|NIPSNAP3A|MAP4K3|RABL3|ADK|ITM2A|DLG1|SNX2|SDE2|GOLPH3L|HMX3|CA2|FAM20B|HSD17B12|PRXL2A|SIK2|RAB1A|GTDC1|SFT2D3|TFG|ATP6V0E1|TMEM167B|USP16|NUMB
GSE11924_TH2_VS_TH17_CD4_TCELL_DN	0.800299177262528	1	-0.247421005152027	-0.878342078873907	5349	188	TRIM45|SMAD7|PCBP4|CYFIP2|STOML1|RETSAT|ABCA7|GTF2I|GDPD5|CRISPLD2|SLC26A10P|TTYH2|THEMIS2|SLC27A1|FRMD6|MEAK7|PCED1B|AKR1B1|FAM76A|SMARCC2|RAMP1|FRA10AC1|DDT|CAPN15|B4GALNT1|DEF8|ARHGAP1|VPS39|TP53I13|UGDH|EVL|TUBB2B|RGS12|HAUS4|CASC3|STARD10|TRAF3IP2|RRP7A|ZNF23|NCBP2AS2|DDX42|DICER1|TRIM11
GSE11961_FOLLICULAR_BCELL_VS_GERMINAL_CENTER_BCELL_DAY40_UP	0.708395578129668	1	0.243444526426741	0.926664473991526	2370	191	PITPNC1|SLAMF6|NUDT12|MYO3B|AGA|RGS2|MANSC1|TCF7|ETFRF1|KLHL24|ZFP82|C8orf58|LANCL1|SCFD2|GRK4|PLGRKT|INPP5K|DDHD1|HSD17B11|ICA1L|OTULINL|SLC22A2|TMEM176A|LGALS4|TRIM24|SIRT5|SLC25A36|ASB3|DCAF17|SOCS2|SNAI3-AS1|FAM227A|ITM2A|CHD9|IFTAP|PTPN12|CEP120|SNAPC5|TPP1|SNTB2|PREX1|ATP11B|S100PBP|MFSD6|ALDH1B1|SSBP2|C11orf54|ASH1L|LTA4H|INPP4A|VIM|MTMR9|ERCC4|SORD
GSE11961_FOLLICULAR_BCELL_VS_GERMINAL_CENTER_BCELL_DAY7_DN	0.923784104389087	1	0.226252551559778	0.849810299394129	3114	174	CD83|CD69|GABRG1|MX2|DHX58|CDS1|HAT1|NABP1|EVC|EEPD1|DTX3L|ATP8B3|NAB1|TRIB1|UGCG|NEO1|ARHGAP8|SLC22A15|POPDC2|SGCB|RAP1B|LIPH|RBM43|DYRK1A|ROCK1|NAA25|B4GALT5|CASP3|ASCC3|FZD4|ANKRD12|PPM1K|SCG3|TRAFD1|SLF2|PSMA2|RBBP8|NOD1
GSE11961_FOLLICULAR_BCELL_VS_MEMORY_BCELL_DAY40_DN	0.938159437280188	1	0.224661152081754	0.841256461835817	3200	170	CNRIP1|TCEAL1|LRRC73|ASAH2|DNAAF9|PRKN|SERPINI1|CNIH1|HS2ST1|RBM11|HIC1|FER|AMMECR1|AAK1|HIBCH|ATXN10|FBXO3|MED13|UGCG|PXYLP1|RRAD
GSE11961_FOLLICULAR_BCELL_VS_MEMORY_BCELL_DAY40_UP	0.756711915535445	1	-0.253331412310701	-0.891884106185171	5016	175	CD27-AS1|BCO2|SLC30A4|RPL28|EXT1|LYST|PHYHIP|DHRS1|TNFRSF21|TRIO|SOD3|ELL3|SRMS|ERO1B|TXNDC16|MFSD12|PGS1|MAP3K12|ARHGEF10|KCNE5|BCAT2|TRIP6|TMEM79|MLEC|POLR1H|MLH3|HCN3|AKAP7|BOK|IL17RC|ERP29|INTS4|POMP
GSE11961_FOLLICULAR_BCELL_VS_PLASMA_CELL_DAY7_DN	0.698221284293036	1	0.245472882859478	0.931277695672487	2315	188	PRKCH|FOXO1|SNX33|PDE3B|ANGPTL4|P3H4|RNF138|CAPN2|TCF12|LRIG2|WDR26|UBASH3A|ABCB10|PLGRKT|TRMT10B|PXYLP1|CD96|TTC39C|SERPINE2|AUH|ANKRD28|SLC20A1|KLHDC2|ZDHHC20|MOSMO|LAMTOR3|PPIG|PARD6G|CCSER2|SEMA4A|SMC3|S100A10|ADAM10|KMT2E|MKLN1|NCK1|CETN2|IPO11|AGO1|OSBPL3|VPS4B|HELZ2|GIN1|TBL2|FUT11|MTMR9|ERCC4|ORMDL1|NPRL2|SORD|AFP|ZC3HAV1|EMID1|CDIN1|NR3C1|WDHD1|MED20|NSD3|KCTD15|RHOC|USP37|MFAP1
GSE11961_FOLLICULAR_BCELL_VS_PLASMA_CELL_DAY7_UP	0.863022019741838	1	-0.241449392011854	-0.845434178775219	5682	167	NFKBIZ|LAG3|CTBP2|PHYHIP|IL4I1|COX17|MFSD2A|SLC19A1|ICAM1|CYP2S1|PUS1|PRKCSH|IFI27L2|MIF|PKMYT1|SDR39U1|BATF2|TBC1D8|ISG15|RPUSD1|SNHG3|RILPL2|MLEC|LBX2|HIRIP3|MREG|TUBG1|LPCAT1|SOCS3|TIMELESS|SAPCD2|KDELR3|SRRT
GSE11961_GERMINAL_CENTER_BCELL_DAY7_VS_GERMINAL_CENTER_BCELL_DAY40_DN	0.856585658565857	1	0.233345205503941	0.877654644659057	2854	177	CCT6B|SLAMF6|AIF1|TMOD4|GNAT2|SLC49A4|KCNG1|CMTM6|BTBD1|PECR|CRLF3|CRYZ|EARS2|MRPL39|INPP5K|NUAK2|TMPRSS13|PSCA|TMED6|ATP8A1|DYRK1A|PELI1|DDX18|CNOT2|ARHGEF12|ANKRD46|CHD9|RPRD1A|HMGN3|STXBP4|PPP4R3B|MGST1|PLCD3|ERCC5|PTPRJ|STK4|MYCBP2|IMMP2L|ZNF318
GSE11961_GERMINAL_CENTER_BCELL_DAY7_VS_GERMINAL_CENTER_BCELL_DAY40_UP	0.863486348634864	1	0.232730793151051	0.875343725717802	2877	177	KDM4D|NUDT12|RAD54B|FBXW8|ARL5A|SLC22A1|EGLN3|PTER|PBK|PAQR3|PRIM1|DUSP22|MAPK6|NDFIP2|AAK1|DDHD2|TJP2|ATP1B1|NDC80|RBL2|ESD|RAP2A|COL4A5|GLIS3|RNF125|NCAM2|IFT57|VDAC1|LRP12|UXS1|MYB|EIF2S1|PTPN12|BORA|LIN28B|SEPTIN2|CA2|DSCC1|MIR1915HG|PCNA|ITPRIPL2|ATP11B|AK3|HACD1|CKAP5|GYG1|CDCA2|SREK1|SKP2|CDK6|CDC25C
GSE11961_MARGINAL_ZONE_BCELL_VS_GERMINAL_CENTER_BCELL_DAY40_DN	0.821106434155141	1	-0.246139806003416	-0.867782847174327	5461	176	SLC30A4|AHRR|VANGL2|SPON2|RAPGEF5|TEX14|N4BP2L1|EXT1|NPB|KRTCAP3|RENBP|NRDE2|EXTL1|MFSD12|RBM38|MX1|SPATA9|TPPP3|GMPPA|CTC1|GAL3ST1|TMED1|HIC2|NECAP2|FLYWCH2|GPSM3|JUNB|TOMM7|FAM98C|NDST1|MLH3|MVD|DYNC2I2|HCN3|AKAP7|TAX1BP3|IFT46|SREBF2|TCF15|DEXI|EPB41L2|JUN|RADIL|STARD5|STIMATE|GTF2IRD1|NFKBIE|SLC8B1|AKR7A2|MTMR14|CDC42BPB|EIF2AK4|CEP85|MYO5A|RNF19B|PCYT1A|AHSA1|TINF2|TNNI3|LTBR
GSE11961_MARGINAL_ZONE_BCELL_VS_MEMORY_BCELL_DAY40_DN	0.985830569791981	1	0.213654818270397	0.805687437209954	3269	181	KDM4D|ATG16L2|FBXW8|CCL4|GPR174|ITGB3BP|ERI2|BLTP3B|PDE3B|ALDH1L2|P3H4|HEMGN|WDR75|RFC4|GLE1|NDFIP2|LRP6|ZNF512|UGCG|SYNE2|SPP1|SLC35D1|WDR89|LZIC|ARV1|NME7|ANKRD46|PRMT3|MYB|ACLY|RLF|MON2|CETN2|SEPTIN11|GARS1|HACD1|OSBPL3|LTV1|MEX3D|PMS2|EIF2D|HJURP
GSE11961_MEMORY_BCELL_DAY40_VS_GERMINAL_CENTER_BCELL_DAY40_DN	0.971218795888399	1	0.218072851958473	0.817557959692594	3306	171	CARMIL2|ZNF367|CD36|RNF217|GABRR2|WDFY3|SLC25A44|TBCA|NAAA|SCFD2|PALS2|FNIP2|STARD3NL|LRRC28|ATP1B3|RTRAF|SYNE1|VWF|DKK3|RPS6KA2|PRKCI|CARD10|CDK1|SEPSECS|RBPJ|FAM91A1|ERC1|SLF2|LMNTD2|SDAD1|MAN1A2|RBM47|TTLL4|OPN3|STX17|PHKA2|LRRCC1|C11orf54|ARID1B|INPP4A|NOTCH4|ERCC6L|GALNT7|KCMF1|SLC35B1|SLC6A19|KCNQ1OT1|PRKX|CCNB1IP1|MTIF3|SH3GL3|WDPCP|IFT43|ATG16L1|PIGF|TUBB6|ARHGAP21|ACO1|MDH1|IWS1|SETX|HADHB|VPS37C|OXCT1|MORN1|GTF3C4
GSE11961_MEMORY_BCELL_DAY7_VS_GERMINAL_CENTER_BCELL_DAY40_UP	0.995292733156811	1	0.207403093021355	0.77354241907516	3382	166	SETDB2|CAMK2B|PPP1R3D|TMEM53|RSL24D1|PFKFB3|PNPT1|HSPH1|FBXO44|CWC22|IFRD1|ASS1|MRPS6|JAK3|RRP15|NAA25|LRP12|ZNF623|B4GALT5|NAMPT|CMTR2|EIF3J|CNOT6L|TRAFD1|LRP11|MYC|MINPP1|OSTC|MRPL38|BIRC2|CHMP5|GART|ZNG1B|SFXN2|GNL3|MYCBP2|CISD1|RMDN2|DNAJB6
GSE11961_MEMORY_BCELL_DAY7_VS_MEMORY_BCELL_DAY40_UP	0.896916299559471	1	0.229753718409375	0.861349680015764	3053	171	CD44|ASAH2|FOXO1|EIF2A|STRADB|SOHLH2|TBCA|FASTKD1|RIMOC1|MRPL42|KHK|RTN4|SLC19A2|SLC5A5|SLC22A15|MTSS1|SYNE1|SH3PXD2B|COPZ2|ATP8A1|LITAF|ZDHHC20|ROCK1|GRK5|CCNH|NAA25|PLEKHA8|KCTD6|SEPSECS|ITM2A|RBPJ|CASP3|SNX2|PPFIBP1|ZNF25
GSE11961_MEMORY_BCELL_DAY7_VS_PLASMA_CELL_DAY7_DN	0.837083708370837	1	0.235268944758319	0.884890185188255	2789	177	BICDL1|TNFRSF14|KIN|BMPR2|MEMO1|FGF13|MNS1|HS2ST1|P3H4|PARS2|SMAD4|AAK1|UTRN|FBXO44|DDHD2|MEX3B|C3orf38|TAPT1|WBP4|SLC39A1|MRPS6|WWTR1|IFIT1|RSPH6A|DNAI4|RAP1B|DUSP10|YWHAZ|IFT57|NFE2L2|NME7|NKX3-2|CRY1|MYB|PTPN12|ARRDC4|PSMA2|STARD4|SNTB2|ARL4A|ARHGAP5|NMRK1|PTGER3|PANX1|MRS2
GSE11961_PLASMA_CELL_DAY7_VS_GERMINAL_CENTER_BCELL_DAY40_DN	0.995352323838081	1	-0.210451714412654	-0.743514636211907	6638	179	LYRM9|TP53I11|PDE2A|NAGK|WASHC1|ATRN|LEAP2|QSOX1|TFPT|TMEM116|NAT9|NAA38|DENND2C|PPM1F|SRR|SLC6A13|CHD6|DUS3L|LZTS2|YPEL1
GSE11961_PLASMA_CELL_DAY7_VS_MEMORY_BCELL_DAY40_DN	0.873323823109843	1	0.234103340470237	0.867746084845638	3060	156	NIPSNAP3B|TTK|LRRC73|CD69|MATCAP2|DHX58|LONRF1|BACE2|HACE1|WSB2|MYOM2|SYCE1L|EGR2|ATL1|REL|CADPS2|MYB|DNAJB11|CLTC|ATE1|CHMP4C|MOV10L1|LPCAT2|PRR11|PARP16|ACAT2
GSE11973_MIR223_KOVS_WT_BONE_MARROW_NEUTROPHIL_UP	0.965130200538761	1	-0.224217666007679	-0.794970746364135	6448	186	TCEA2|ELOVL3|TSPAN5|ARID5A|PPCDC|NAA38|COX6B1|SLC2A9|EXTL1|KIFC2|ATP9A|FYN|COMTD1|ZNF622|DDRGK1|MYO1G|SELENOH|TBCD|LYL1|USP36|RNF32|HPGD|HPCAL1|CPQ|RILPL2|PSMD2|SLC39A11|TP53I13|NDUFC1|ASRGL1|IRAG2|NUDT14|PNPO|SSR4|C9orf85|GOLIM4|PRMT1|MRPL17|S100A6|TSPAN31|MED16|CLCN5|URM1|FLNA|CEMIP2|CD52|SEPTIN9|CYB5R3
GSE12003_4D_VS_8D_CULTURE_BM_PROGENITOR_DN	0.650095082857919	1	0.26134814105701	0.924723129058468	2392	111	TTC39B|CCDC159|EFCAB7|LGR4|PUS10|SOCS6|NUDT13|CTSK|FMNL3|RTN4|NAA15|SLK|NFAT5|RANBP9|RNF182|TRMT10B|CDC14B|BEST1|PDS5B|TMF1|UBE2V2|MICALL1|GGH|SUCLA2|MIER1|RAB1A|SGMS1|WRN|RNF168|CKAP5|RB1CC1|SGTB|KIF13B|SMURF1|ACTR6|TOP2B|XRRA1|FBXW7|SNRK|VPS51|TAOK1|DAPP1|SMC5|ZMYM4|MTA3
GSE12003_4D_VS_8D_CULTURE_BM_PROGENITOR_UP	0.999541494727189	1	-0.198290891773807	-0.691305636308067	6539	160	GAA|WFS1|RAB38|C1orf35|DOCK4|SYNGR2|TRIO|HYOU1|ROGDI|POR|CAGE1|CXXC1|THEMIS2|ARHGEF10|PSAP|HIC2|MERTK|SLC26A6|CST3|PLK3|TIMM10
GSE12003_4D_VS_8D_CULTURE_MIR223_KO_BM_PROGENITOR_DN	0.7393297049556	1	0.245587330729205	0.911320365824334	2580	157	PITPNC1|POC1B|ABTB1|POU6F1|TLE4|PDE3B|TEX15|NRG4|ADPRH|CPD|ACSF2|PIK3C2A|PTBP3|SH3BGRL|PPIL1|UBASH3A|MAD2L1|ARSG|PAX5|BEX3|CYTH4|CSRP1|WIPI1|BMPR1A|ENDOD1|ANKRD12|COMMD10|VDR|CLIP1|SMPDL3B|RAD21|SGMS1|OSBPL3|TAX1BP1|LMNB1|UBE2V1|PHF21A|ETV6|TGFBR3|RFT1|CDC25C|ANXA7|ZMAT5|EXO1|VAMP1|TBC1D4|CDK19|NCAPH|VSIG10L|TCF19|FAM83D|TMEM43|INTS9|IMPA2|CDK5R1|CTDSP2|CEP55|TTC9C|DBI|FBXO8|CCDC163|B4GALT1|CSNK2B|RNF214|PHYH|LAPTM5|SYNJ2|LPIN1
GSE12003_MIR223_KO_VS_WT_BM_PROGENITOR_8D_CULTURE_DN	0.992660836976889	1	-0.213646543891123	-0.728816701370168	6356	133	SPRR2D|SMPD1|NBEAL2|CLIP3|SLC2A12|CD163L1|PDLIM7|TMEM86A|DUSP8|MBOAT1|PKP3|NAA60|EPHB6|TSC1|YIPF3|STING1|STXBP2|GPR107|GRK6|ITGB1|CDCA3|NPHP4|HMG20B|NCAPD3|TTC12|ATP6V0A2|MR1|RNF216|ARAP1|LDAF1|VGLL4|PIMREG|FAM168A|CCDC125|EDEM1|FBXO25|DYRK1B|ANXA11|TRIM14|SIPA1
GSE12198_CTRL_VS_LOW_IL2_STIM_NK_CELL_DN	0.665668961388806	1	-0.260422411944382	-0.923335805245084	4447	186	LAT|SPAG1|C1QTNF12|CDC26|ELMO3|METRN|SH3BP2|APOE|MRPL41|TEF|CIAO2B|ABHD17A|RPP25L|TMEM101|GUCA1B|TXNRD2|IGF2R|ACSBG1|KCNN4|PLK3|PRPF40B|CHID1|ATPAF2|BABAM1|RPS2|HEMK1|BAP1|WDR83OS|TPRN|WIZ|PYCR1|ID1|CTTN|WRAP73|IL15RA|STX18|EGFL7|RRP7A|NR2F6|C8orf82|MED11|NOL6|TMEM183A|NELFB|TMEM39A|EIF2B5|REXO4|ERAP1|ARL6IP4
GSE12198_LOW_IL2_STIM_NK_CELL_VS_HIGH_IL2_STIM_NK_CELL_DN	0.973592350887843	1	-0.222991888998837	-0.780171889792932	6414	165	LAT|VASN|EPB41L1|SCN5A|DHH|GNB3|SYNGR1|WNT3|MAP1LC3A|CIB1|TRIM10|KDF1|PIGR|NAA60|USP27X|CHRM4|MXD4|SDHAF4|ITGB5|IL16|FOXRED1|DIAPH1|SFXN3|RIN1
GSE12198_LOW_IL2_STIM_NK_CELL_VS_HIGH_IL2_STIM_NK_CELL_UP	0.982068141063957	1	-0.218968473002799	-0.780876652663533	6571	197	IGF1R|VASN|RGS20|PLA2G6|EXT1|SLC39A3|SH3BP2|DGLUCY|PHPT1|SAC3D1|RSPH9|RASGRP1|SLC29A2|TBRG4|FRMD6|PIGU|TMUB1|ZC3H18|CSNK1D|FOXRED1|ZC3H3|MBD3|LPIN2|ENO3|XPC|PRPF40B|ALG3|RAB40C|ENTPD6|PSMD2|FAM98C|WDR83OS|EPHX1|PYROXD1|SLC66A2|ARFRP1|VAC14|TAF1D|SDF4|ENTR1|ADPRS|TP53BP1|ZMIZ2|PRRG2|TMEM183A
GSE12198_NK_VS_NK_ACT_EXPANSION_SYSTEM_DERIVED_NK_CELL_UP	0.953641393749065	1	-0.227320687915444	-0.806077254769444	6376	185	SLC30A4|HLX|CCPG1|TASP1|MT2A|SMAD6|PHPT1|ZC3H12C|CASQ2|HSD17B10|SAMD10|CDKN2D|SERPINE1|SPINT2|NFIL3|PGS1|HOXC13|IL17D|FRMD6|NDRG4|MAFK|PXMP4|GUCA1B|GBP2|ARHGEF10|GPR146|GAL3ST1|DGAT1|IL17RA|CPQ|DPF1|MAF1|DPH7|SIGIRR|WNT5B|GPR180|HAUS4|ZNF707|RHEBL1|HOXB4|SPRYD3|BCL6B
GSE12366_GC_VS_MEMORY_BCELL_DN	0.968325791855204	1	0.217318615710392	0.822562067285921	3209	185	C14orf28|FOSB|MYO1F|ZNF284|EGR3|MAN2B1|SNX18|LEMD3|POU6F1|AMN1|NABP1|MAP3K1|NAAA|MOB3B|DUSP22|ZNF337|TMEM59|BMI1|RDX|ZNF274|RPL21|DRAM2|GPR183|DOCK10|ITIH4|PLXNC1|LRRC69|CTNND1|FCGR2C|CTNS|BACH1|ZSCAN9|CLIP1|CHD1|ITM2B|GALNT1|GALNT10|ASAH1|LIX1L|ZNF264|CDC42SE2|EIF4A2|SERTAD2|GOLGA8A|NDFIP1|SH3YL1|PGM2L1|CD46|N4BP2L2|STAT1
GSE12366_GC_VS_NAIVE_BCELL_DN	0.907346326836582	1	-0.235364931822913	-0.831531699087131	6051	179	ENC1|N4BP2L1|ABCB4|NBPF10|LINC00205|LYST|PSMB9|ZNF559|BTN3A1|DYRK2|ABCA17P|IFI16|IFIT2|HERC6|PLEKHA1|RHOF|PLOD3|SHFL|EMP3|IFITM3|SLC12A6|FHIP2B|CSNK1D|CTC1|LYL1|IL16|LARGE2|DGKA|SAP30L-AS1|ZBTB10|RPL27|RGS19|SLC66A2|ZMYND11|RPSA|KDM4B|IFNGR1|INO80D|IRF9|HES1|SKI|LY6E|APPL1|ESYT1|ANKRD11|GALNT2|ADAM8|ANTXR2|PLEKHO1
GSE12366_NAIVE_VS_MEMORY_BCELL_DN	0.984297891431135	1	-0.218017438575802	-0.770333505417647	6581	178	ASCL2|HSPA6|DND1|SLC22A18|MGAT4A|ARSA|ATXN1|LPCAT4|TIGD3|SNHG32|RPL23|CRYBG1|APH1B|COMTD1|ROBO3|CRACR2B|NFIL3|EMP3|IGHA1|FAS|KCNN4|SHISA8|ZBTB20|AFDN|NOL4L|SLC35D2|ITGB1|SMCO4|TSC22D1|SMIM14|ENTPD4|NEK6|TMEM65|GRAMD4|KCNH2|CD81|CDC42EP3|CTSH|SCPEP1|MPZL1
GSE12366_PLASMA_CELL_VS_NAIVE_BCELL_UP	0.969783096484667	1	-0.222549221365152	-0.787799090675787	6482	181	RHPN1|CCPG1|RETSAT|EXT1|SELENOM|CHST12|RABAC1|TMED9|SLC45A4|TRPM4|TSPAN4|ZKSCAN2|PCED1B-AS1|ENSG00000284691|ERO1B|ROBO3|OCEL1|FZD3|NDUFA4L2|MORC4|H2BC5|CST3|LINC03011|PRDM15|ITFG2|DAPK3|PACSIN1|RTL8C|SDHA|GSTP1|LMNA|APBA2|EDRF1|EDEM3|ABHD8|EAF2|MAST2|TMEM39A|FAM8A1|STARD5|CNPY2|SH3D21|ERGIC3|MROH1|TOM1L2|SLC39A7|ISYNA1|MGST2|NDUFB4|WDR45
GSE12392_CD8A_POS_VS_NEG_SPLEEN_DC_DN	0.967399431733214	1	-0.223530064051086	-0.792635734305712	6468	185	IRF7|RPL28|L1CAM|LMF2|INCENP|CENPT|SUN2|PRKCSH|CDKN2D|TXNDC16|TPCN1|BRD3|PKMYT1|C19orf38|IFITM3|LIG1|KRTCAP2|NAPRT|GPR146|TSPO|POLD1|RFC2|KMT5C|DYNC1H1|SEC61A1|SPN|GRK6|DEAF1|PLEC|VKORC1|HIP1R|KIFC1|ARHGAP22|HIRIP3|SYS1|HES6|INTS4|SRGAP2|CKB|LY6E|MAST2|MCM7|POLR1A|SPTBN1|PIF1|ARL6IP4|PTPA|FRMD4A|SAE1|FCHO1|CDCA8|SERINC3|KIF22|TTLL12|SLC25A10|ELMO2|SDC3|PSRC1
GSE12392_CD8A_POS_VS_NEG_SPLEEN_IFNB_KO_DC_DN	0.763649962602842	1	-0.250899330955617	-0.890690100479625	5104	188	IGF1R|ARSA|SEMA3F|TMEM115|AXL|UQCR10|ETFB|RGS3|TSPAN4|ARHGAP45|MSI1|NAPSA|CCND1|ROBO3|BRD4|ENTPD1|SMIM11|SLC15A2|GGCX|EWSR1|ICAM2|MED24|THBD|CDIPT|CPQ|JUNB|DHRS7B|CDK11B|NOP16|PFDN2|G0S2|RGL2|ZMYND11|FHDC1|MYCL|SLC35C2|SMARCD2|DHX30|RPL3|POLA2|TIMELESS|ST8SIA1|IER2|SAFB|POLR1A|ADCY3|JUN|TAF1C|CNPY2
GSE12392_CD8A_POS_VS_NEG_SPLEEN_IFNB_KO_DC_UP	0.984036144578313	1	0.212187813517545	0.803908420691423	3266	186	TBCEL|C5orf15|PKD2|PLD1|CPEB2|TBCA|NCOA4|PJA1|MTHFD2|KIF3C|PSMA1|PROCR|TCF12|GCLM|ESD|RANBP9|RTRAF|DRAM2|PLPP3|LAT2|LRRC8C|HLA-C|EIF3C|SOCS2|MAP4K3|NR2C1|CREG1|UTP3|CNOT2|DDX52|PCYOX1|TMEM230|RFK|CMTR2|PRDX6|CYBB|SACM1L|TUBGCP4|CHMP5|MKLN1|MAK16|EIF3M|PARK7|NUP88|NDE1|ARFGEF1|TBC1D23|DNASE1|VTA1|DCAF12|ZZZ3
GSE12392_WT_VS_IFNAR_KO_CD8A_NEG_SPLEEN_DC_DN	0.937321937321937	1	-0.229893604938343	-0.811408694846272	6250	177	ANKEF1|RHOBTB2|MINDY1|IFITM1|CCS|C2orf42|DGLUCY|SH3PXD2A|OST4|LINC01116|RPP25L|HDAC4|OCEL1|ABCB6|FBXL19|BRD3|MED22|TMEM109|NAA60|TBCD|LINC02604|SLC6A16|SLC43A1|TSC1|WDR24|GRHPR|NACC2|ENTPD6|STRADA|DEF8|UCP2|SIDT2|PSMG3|CNP|HSPA1A|MTCH1|TMEM65|LCMT2|NAXD|WDR53|TTC13|TGS1|AP5S1|PIH1D1|NBR2|POC5|ELAC1|NBAS|UBAC1|STX16|YAE1|PATZ1|AIFM1|PHF14|ZNF581|PIGV|UNC13B|CBY1
GSE12392_WT_VS_IFNAR_KO_CD8A_NEG_SPLEEN_DC_UP	0.788804071246819	1	-0.248881075978753	-0.881805693688627	5269	183	IL21R|SMAD7|RAP1GAP2|PURG|SEMA4D|IFI30|BCL2L12|ITGA4|LYST|IL4I1|SLC29A1|SYNGR2|IFITM2|SIGLEC10|RECQL5|PLEKHA1|PILRA|RHOF|PLEKHG2|PNKP|CTC1|STING1|MYO9B|CTSD|STXBP2|DGKA|SPN|SDC4|ARHGAP39|NDST1|ARHGAP6|WRAP73|MREG|PGGHG|SASH1|IL6ST|FRRS1
GSE12392_WT_VS_IFNB_KO_CD8A_NEG_SPLEEN_DC_DN	0.958883553421369	1	0.220581469397793	0.830796586095998	3194	179	ELK3|MYO1F|STAP1|PAOX|MDP1|RNF43|WDR5B|PRPS2|GLUD1|TAF9B|TMEM168|CRLF3|SLC44A1|MKRN1|NFAT5|FAM13B|GPR183|RSAD2|IFIT1|RUNDC3B|JAK3|CR2|RAP1A|EIF5A2|CDK17|RBM43|JAK2|PHTF2|SBNO1|PYGL|PTK2|PTP4A2|CHD9|ABCB1|PTPN12|S100A10|BACH1|ANKRD50|PIK3CG|MEGF9|CNOT6L|CD47|GGH|PANX1|PTPRJ|S100PBP|NIPA2|STK4|MYCBP2|HELZ2|ESCO1|LTA4H|AKAP10|RNF130|DEGS1|ACOT7|B4GALT3|MRPL33|TRPS1|MAP3K5|TBC1D4|SIMC1|MAP2K1|TXNIP|DAPP1
GSE12392_WT_VS_IFNB_KO_CD8A_POS_SPLEEN_DC_DN	0.776529527857902	1	-0.251995022221262	-0.880367720254866	5114	162	ADAM19|ACKR1|BCO2|BCAS1|SH3BP2|VILL|APOE|SH3PXD2A|CUL9|GCA|ITGAX|SLC26A10P|DISP2|LIAT1|PHB1|RND1|ZNF580|FLAD1|FEZ1|ESR1|KLK8|MYO1G|DUS3L|ATOX1|SLC26A6|DECR2|RPLP1|MAPK8IP1|MPV17|MALT1|SNX11
GSE12392_WT_VS_IFNB_KO_CD8A_POS_SPLEEN_DC_UP	0.999405469678954	1	0.199317741830869	0.761499723091024	3361	194	CD44|EXO5|MX2|UBTD2|KCTD12|ARID2|SLC33A1|INSIG2|ACOX3|B3GNT5|RIMOC1|STT3A|PALS2|MAPK1IP1L|TWF1|TMED2|LRRC28|RAB11A|AP3S1|POGLUT2|RCBTB2|DSEL|DKK3|RPS6KA2|TXNDC9|CARD10|LIMK1|VRK2|SLC30A7|HBS1L|FGD6|OSTC|ELOVL6|MAPK9|SNX22|SUCLG1|PLBD1|GALNT10|LRRC40|ASAH1|OSBPL3|SEC63|ATP6V0E1|STMP1|FCHSD2|C11orf54|DENND1B|STAMBP|GALNT7|WDR3|POLR1F|SLC37A3|SSX2IP|ANO6|PSMA3|CANX|PIK3CB|MTIF3|CCDC93|DIP2A
GSE12484_HEALTHY_VS_PERIDONTITIS_NEUTROPHILS_DN	0.686372467388288	1	0.254166388299697	0.920410144466605	2472	130	DYNC2LI1|HYKK|SHLD2|GFM2|RINT1|USP6NL|RPAP3|RHOBTB1|WSB2|CBFB|PSMD6|VAV1|TRMT10B|SERTAD1|INPP5F|XKR8|DDX5|NME7|CMTR2|NIFK|SUGT1|RAB3GAP2|TUBGCP4|CLUAP1|MRPL3|EFR3A|SLC30A9|USP12|FAM118B|PPP2R1B|PEX2|ATP6V1B2|EIF4B|TTC27|GRSF1|CCDC115
GSE12505_WT_VS_E2_2_HET_PDC_DN	0.996266334785314	1	-0.209068701203251	-0.716617982531644	6403	139	GZMM|PCNX1|ADGRD1|NPB|ZBTB46|DNAJC15|CLCN2|PNMA3|IL2RG|OS9|ATXN7L2|AXIN2|IFITM3|EHBP1L1|RPS15|RILPL2|GNS|MALT1|RBSN|RPL37A|HOXC10|RPUSD3|NFE2|NOP53|ZMIZ2|TRAF3|MPZL1|ATP5MC1|MAN2B2|NAF1|ADAM8
GSE12839_CTRL_VS_IL12_TREATED_PBMC_DN	0.91624203821656	1	-0.241348609272042	-0.793159666519662	5753	100	TSC22D3|PYGM|NDOR1|COL14A1|NUP210|ODAD4
GSE12845_IGD_NEG_BLOOD_VS_DARKZONE_GC_TONSIL_BCELL_DN	0.976516052318668	1	0.215944726359191	0.825023642225627	3284	194	PITPNC1|EGR3|RMI1|ACTR3|CNIH1|PSMC1|RSRC2|CD80|DCTN4|MSH2|IPO7|RMND5A|NLK|RRAS2|SKIL|RAB11A|ABR|BEX3|EIF4E|NFYB|MBNL1|LCP1|DDX52|AP1G1|ACTR10|RABGAP1L|HMGN1|PRDX6|RPRD1A|PRPF39|ZNF117|SEPTIN2|RBBP4|MON1B|CLCN3|TUT4|MTF2|ZNF254|WEE1|INTS6|CEP76|GARS1|SGMS1|ZNF195|HLTF|LNPEP|DNAJB6|E2F5|DDX27|PPAT|PALS1|FUBP1|U2SURP|ALDOA|ASAP1|VDAC2|DEPDC1|KDM1A|CLIP2|TOP1|MAP4K5|CSE1L
GSE12845_IGD_NEG_BLOOD_VS_PRE_GC_TONSIL_BCELL_UP	0.8607367475292	1	-0.241626327690792	-0.855593076278347	5747	182	DIPK1A|PIEZO1|MAGEH1|MT2A|MINDY1|NDUFA3|CHST12|REX1BD|FXYD1|ING4|PPIE|LMAN2|HSPB1|CHMP6|AKT3|PRDM16|IGHA1|EPHB6|THAP7|CTSA|CTC1|NDUFA6|STK11|RHOB|ALG3|ITGB1|PPOX|H2BC12|CRELD1|SLC2A11|DNAL4|BTD|NFE2|ERP29|PCK2|INTS5|STUB1|TMEM184B|RPS6KB2|S100A6|CENPB|NAT1|AUP1|SURF1|URM1|RSAD1|APOBEC3B|EBP|ADAM8|PRAF2|COG2|RNF31
GSE12845_IGD_POS_BLOOD_VS_DARKZONE_GC_TONSIL_BCELL_DN	0.786456786456786	1	0.237261763151707	0.90755829436789	2647	195	AIM2|RAD54B|ZNF410|YIPF1|CNIH1|MARCHF5|LDHA|RSRC2|DCTN4|ZWILCH|DNA2|SNAPC1|RRAS2|SIAH2|AGPS|NCALD|EIF2B2|CR2|BACH2|CAPRIN1|PPA1|LCP1|AP1G1|CASP3|AGGF1|TSG101|RPRD1A|ZNF117|RCOR3|SEPTIN2|HMGN3|RBBP4|CLCN3|NCBP1|RABGAP1|SRSF1|CFAP298|DENND4A|RSF1|SGMS1|GTDC1|STAU1|HERC4|LNPEP|E2F5|BLMH|PALS1|FUBP1|GPSM2|ALDOA|GOT1|OSBPL2|GEMIN2|CLIP2|TOP1|CSE1L|MED20|PLA2G12A|CDK19|RAD17|MRPL35|PRKCD|NAA16|MTERF3|YIPF5|PRCC|MDH1|WDR41
GSE12845_NAIVE_VS_DARKZONE_GC_TONSIL_BCELL_DN	1	1	0.192175631720809	0.734442955017455	3318	196	ELK3|EMC9|YIPF1|PDCD10|MNS1|CNOT8|CNIH1|PSMC1|UBA6|MTREX|MARCHF5|UCHL3|IPO7|RBMX|AGPS|EIF2B2|NFYB|ATP5F1B|UGP2|LINC00342|GTF2E1|COPS5|EMC2|DEPDC5|HPS5|CMC4|SEPTIN2|PSMA2|CMAS|CENPI|CLCN3|ZNF254|ORC3|PPP2R5C|HSD17B12|CFAP298|DENND4A|HERC4|DNAJB6|PTPN9|PPAT|EXO1|ALDOA|RMND1|OSBPL2|POLR2B|CLIP2|MRPS2|TOP1|CSE1L|CDK19|RAD17|TDRD7|CEP350|PRKCD|ANP32A|ATIC|TRRAP|ARL2BP|MTERF3|PRCC|MDH1|ANKRD26
GSE12845_NAIVE_VS_DARKZONE_GC_TONSIL_BCELL_UP	0.645224171539961	1	-0.263425078441172	-0.929757916254585	4302	177	SULT2B1|MTCL1|NDST2|AKAP13|CLDN7|MAPK8IP3|PDLIM2|TBKBP1|APBA3|ITPA|TRIO|ATF6B|HERC6|APH1B|TIMP1|FHL1|PRSS53|TMEM109|LTBP3|ARHGEF10|FHIP2B|YJU2B|CREB3L1|PCIF1|LPIN2|SFXN3|RAB11FIP3|NDEL1|PPARD|TSKU|DNAH3|SLC66A2|JRK|SPATA2L|MCOLN1|AKT2|TMBIM6|DNASE2|PCK2|NUMA1|ZSCAN2|MANBA|CENPB|IER2|ESYT1|GNA12|ANKRD11|KCNQ4|SMYD5|NFKBIE|ARID3A|EIF4EBP1
GSE12845_NAIVE_VS_PRE_GC_TONSIL_BCELL_UP	0.974823917278585	1	-0.220950527036635	-0.78140062957358	6504	180	ZNF331|TP53I11|PITPNM3|AKAP13|PPFIBP2|LYST|PDLIM2|FXYD1|PLXNA2|MNDA|MST1R|RPS9|DCAF15|PTK2B|FASTK|BRD4|EPHB6|C11orf21|CAPN10|LIN7B|FRMD8|YJU2B|SEMA4C|SAP30L-AS1|SLC2A3|CYB561D2|RPLP1|CNPY3|GNB5|SLC66A2|SIGIRR|ZBTB39|INF2|UBXN1|RPS6KB2|NAT1|SAP30L|RPL8|SH3BGRL3|C15orf39|UBE2O|VAMP2|PRR5|IRF1
GSE12845_PRE_GC_VS_DARKZONE_GC_TONSIL_BCELL_DN	0.998502545672357	1	0.199587110709117	0.759106623782399	3333	190	UBE4A|SGPP1|PLK4|YIPF1|MME|AMZ2|PEX3|DCTN4|RNF103|SYPL1|BBS1|ERP44|C5AR2|XCL1|MRPL15|BACH2|EIF4E|LARP7|DLAT|ATP5F1B|MTMR12|IFT57|VDAC1|UGP2|TMEM230|ACTR2|NNT|CLTC|RFC1|ALDH2|RCOR3|TRAFD1|NF1|MON1B|ANP32B|STX7|TUBGCP4|CLPX|MRPS33|RAD21|ARFGEF1|SEC62|PSIP1|WEE1|DENND4A|HLTF|GTF2H1|BLM|DNAJB6|E2F5|EIF2D|SCMH1|C1GALT1C1|KIF2A|ZMAT5|TBC1D12|ATP5MJ|BTAF1|WAPL|MED20|CDK19|TRAK1|ST13|PDCD6IP|PTPN18
GSE12963_ENV_NEF_VS_ENV_NEF_AND_VPR_DEFICIENT_HIV1_INF_CD4_TCELL_DN	0.73950636692344	1	-0.261603761735617	-0.887022479051668	4703	127	RAB27B|FZD7|ACE|CHAC1|FAM178B|TNFRSF21|COX5B|ZC3H12C|SLC22A13|VMO1|ICAM1|EGFL6|FAS|ESRRB|CHRM4|SPATA7|KCNJ11|RALBP1|POLR3K|SDC4|CLSTN1|RAD54L|RGS12|TAF1D|NMNAT1|TENT4A|CDC34|POLA2|ZC2HC1C
GSE12963_ENV_NEF_VS_ENV_NEF_AND_VPR_DEFICIENT_HIV1_INF_CD4_TCELL_UP	0.952755905511811	1	-0.231024178719927	-0.774602582778458	6049	115	SMAD7|PYGM|NDOR1|RHOBTB2|TLR6|SOD3|SPATA6|TXNL4B|KMT2B|NFRKB|TBXAS1|DDX23|ARID3B|RAB40C|DNTTIP1|GRIPAP1|UCP2|WIZ|VPS11|INPP5D|AFG3L1P|RBSN|BTD|KDM4B|TTC5|R3HDM2
GSE12963_UNINF_VS_ENV_AND_NEF_AND_VPR_DEFICIENT_HIV1_INF_CD4_TCELL_UP	0.777338811630847	1	-0.258738518728345	-0.868544476933116	4918	117	NHLRC3|COL14A1|TMEM81|CCPG1|TASP1|GHDC|ODAD4|TLR6|LDOC1|GIGYF1|CAGE1|AQP11|SPATA9|FRMD6|YJU2B|ING5|RTBDN|VPS39|VPS11|OSTM1|NUDT7|SNAPC4|FAM50A
GSE13229_IMM_VS_INTMATURE_NKCELL_DN	0.96791604197901	1	0.219667672093331	0.83464927471072	3227	189	AJUBA|DPYSL2|TCEAL1|NKIRAS1|PAQR9|EFCAB7|ZNF14|SLC49A4|BMPR2|SLC27A3|USP25|HYCC1|CAPN2|YWHAQ|PLAA|ZNF12|CCP110|SLK|GCLM|PRKRA|IFITM10|OTULINL|DAZAP2|LRRC8C|TMF1|ZNF799|DNAJA2|ZNF627|BFAR|ABI1|PPM1K|MAGI2|PEX5|PPP2R5C|PTPRC|FUCA2|PIAS1|ACTR8|HELQ|RAE1|CCNDBP1|DDX20
GSE13306_RA_VS_UNTREATED_MEM_CD4_TCELL_UP	0.742684766214178	1	0.243672081683522	0.916596096111158	2461	178	PITPNC1|ZFP69|TM6SF1|PRKCH|IFIH1|MS4A6A|SESN3|IL10RB|CSTA|DNAJC6|AK7|EEF1AKMT1|TBC1D2B|HIC1|SYCP2L|AP1S2|PNPLA7|LZTFL1|FNTA|DDHD1|CD96|NIPAL1|GFI1|TXK|DKK3|ATP8A1|CYTH4|EHD3|SIRT5|VWA5A|CELF2|ENDOD1|CNKSR3|ABCB1
GSE13306_TREG_RA_VS_TCONV_RA_UP	0.924887556221889	1	-0.23261663749433	-0.821822122410018	6168	179	TNS2|PTPRB|GFAP|SLC12A9|DIAPH2|PRPF31|JMJD4|YBX2|GABRG2|B3GNT6|FGF12|CAGE1|MST1R|JMJD8|RAB40B|C19orf67|RTKN2|KCNJ15|MDFIC|TXNRD2|ADAM15|MED10|ZNRF3|STOML2|CDIPT|F2R|ALG3|WDR83OS|DOT1L|CDK10|TTC28|SF3A2|MGAT4B|C19orf48P|LMNB2|POLR2J|EMC1
GSE13306_TREG_VS_TCONV_LAMINA_PROPRIA_DN	0.962940369071222	1	-0.226129507728345	-0.788977040096983	6313	161	SRGAP3|NHLH1|ZFP42|NAGK|GTF2I|SPSB2|RBM20|SHLD1|TMEM247|NTRK3|LRRC75B|TPCN1|ABCB6|HRC|MED22|NRG1|VPS18|RPS18|PPP6R2|RPS16|CDK2AP2|GNPTG
GSE13411_IGM_MEMORY_BCELL_VS_PLASMA_CELL_UP	0.867810900331226	1	0.232721481513582	0.879217546695653	2881	183	AIM2|PIGA|TGFBR2|ZNF573|DET1|PIGZ|ESR2|ST3GAL5|GCC1|CORO1A|BACE2|PIKFYVE|ELMO1|ZFYVE26|NKRF|TRIM13|ZFP37|IL24|HOXA5|LAT2|ATP8A1|BACH2|SOS2|SLC25A36|RAP2C|B4GALT5|MTHFSD|TRBC1|CHD9|TRDMT1|KDM6A|ATP6V0E2|CHD1|KBTBD2|SPG11|RABGAP1|AGO1|AMFR|ZNF264|ZNF136|TTC27|EXT2|VSIG10|PFDN5|EIF2D|TMX4|TNFSF9|AKAP10
GSE13411_NAIVE_BCELL_VS_PLASMA_CELL_UP	0.963660834454912	1	-0.223967176232786	-0.791356054327315	6443	178	IL11RA|NUP210|SNN|NACA4P|ADGRE5|GON4L|DGKD|DNPH1|CD19|GPRASP1|ABHD17A|CRYBG1|ZNF345|FYN|P2RX5|PEX7|RBM38|STK19|CHD3|BCL6|SP100|BIN1|DGKA|SLC2A3|PHC1|COX16|RPL10|VPS11|VPS8|RNF220|EVL|GIT2|GSK3B|AP1B1|REPIN1|CAPG|TRAF3IP2|RNASET2|UBXN1|WDR74
GSE13411_NAIVE_VS_IGM_MEMORY_BCELL_UP	0.864429937756187	1	-0.241609238567032	-0.844084032592548	5693	162	TSC22D3|MAPK13|FNDC11|BTN2A2|H2BC17|SH3BP2|PBLD|SYNE3|TRIO|DGKD|MOGS|CRYBA4|TCL1A|KLF7|AHCYL2|ZNF345|HSPB1|EMP3|PGS1|IQCH|BCL6|TSPO
GSE13411_NAIVE_VS_SWITCHED_MEMORY_BCELL_DN	0.999550830962719	1	-0.199305461763854	-0.706262359567856	6675	184	ZNF711|APOA1|MARCKS|SCN5A|PPFIBP2|METRN|EPN2|ETHE1|ATF6B|IFITM2|MSI1|FAS|IFITM3|ZDHHC24|TIMM44|SUGP2|PMPCA|PRSS21|KANK1|B4GALT7|DYNC1H1|NDUFB1|ITGB1|VKORC1|G0S2
GSE13411_PLASMA_CELL_VS_MEMORY_BCELL_DN	0.938967838444278	1	-0.229581182135134	-0.812691437035293	6276	181	CYFIP2|NOTCH2NLA|ABCB4|SNN|PDLIM2|PRKCZ|IFITM1|SYNGR2|SNHG32|IFITM2|CD19|CD48|CRYBG1|FYN|P2RX5|RBM38|IFITM3|SP100|BIN3|IL16|RPS18|RPS10|SP110|NECAP2|PHF11|MSRA|RPL10|NISCH|SLC66A2|INPP5D|VPS8|RPS27|RNF220|GIT2|REPIN1|RPS12|RNASET2|NAXD|UBXN1|WDR74|RBCK1|CD52|SEPTIN9|SYNGR3|ZCCHC2|UBE2Z|ATP6V1H|EIF3K|ARHGEF6|USP11|PKIG|TRIM14|USE1|CSNK1G2|RPL23A|RPL41|STK10|MNT|GGA2|FNBP1|STK17B
GSE13411_PLASMA_CELL_VS_MEMORY_BCELL_UP	0.922832980972516	1	-0.23398511727297	-0.822861454417792	6110	173	H2AC13|RAB26|TRIM29|SEL1L|ARSA|CHAC1|APOL1|H2BC17|COMMD4|LYPLA2|DTYMK|H2AC16|DNAAF1|UCHL1|RRBP1|AURKB|SDF2L1|LMF1|SEC61B|TXNDC15|RFX1|SEC61A1|PPP1R26|VKORC1|CDCA3|RAD54L|RAB30|GTF3C5|WNT5B|FKBP2|TROAP|TK1|BMS1P20|SSR4|NEU1|TMEM184B|ELL|AARS1|CDKN1C|KDELR3|PINK1|VEGFA|BCKDK
GSE13484_12H_UNSTIM_VS_YF17D_VACCINE_STIM_PBMC_DN	0.816348195329087	1	-0.247385216541358	-0.867036350951513	5382	168	PCNX1|PLAT|C3|DGLUCY|ATF6B|IFI35|CD48|CLIP3|SLC7A7|IRS1|APOD|LBP|MST1R|LAGE3|SHFL|ECE1|TMEM255A|TRADD|ATOX1|ZC3H12A|TAP2|SLC2A3|NOL3
GSE13484_12H_VS_3H_YF17D_VACCINE_STIM_PBMC_DN	0.676603432700994	1	0.247932598644794	0.93668487201355	2246	183	SAMD9|GJC2|PRNP|CCZ1B|CD36|MTX1|RAB29|IL18R1|PPP1CB|NR4A2|RNF103|SEH1L|RIF1|RHOBTB1|IRGQ|PICALM|UTP11|TGFBI|CHN2|BTG2-DT|MAGT1|DCAKD|MYO6|OTUD7B|TIPIN|SLC25A32|B4GALT5|AHCTF1|ETV7|HBS1L|ENDOD1|PRDX6|RLF|MAPRE2|EIF3J|TOR1B|COX7B|AFTPH|CYB5B|SFXN1|CNDP2|CHP1|PARP4|ZNF124|RAB4A|RPL5|ECD|ISCA1|TFDP2|CLASP2|KPNA1|TMX4|ERCC6L|BAK1|RBM12
GSE13484_12H_VS_3H_YF17D_VACCINE_STIM_PBMC_UP	0.671682214866085	1	0.248108363647582	0.938543432610332	2231	184	MYO1F|PPP1R3D|SELENOT|CETN3|LGALS3|DET1|IL10RB|ADPRH|NCOA4|ERBIN|ZNF274|NAE1|COIL|PPP2R5E|IDH1|ZDHHC6|SLC19A2|MAPK1|RCBTB2|GRIA2|XYLT1|AUH|FLCN|UBE2V2|PAPSS1|PHTF2|LRP12|RESF1|AASDHPPT|RAB28|CRIPT|SNX19|BORA|ABI1|RIOX2|MEGF9|PCSK1N|RIDA|ANP32B|KLHL12|STX7|TPP1|TNKS|ADO|CLOCK|HACD1|CHCHD3|FDFT1|FABP5|SUCLG2|BCCIP|GGT1|SMAD5|ACSM3|CEP192|RNASEH2B|VAMP1|BBS4|MCM9|SOS1|RAB20
GSE13484_3H_UNSTIM_VS_YF17D_VACCINE_STIM_PBMC_DN	0.800150829562594	1	-0.248542986363909	-0.874678819947375	5304	174	ADAM19|CCR7|C3|MARCKS|CYLD|EPB41L1|GTF2I|MT2A|APOL1|IFITM1|CHST12|ARID5A|HLA-DOB|UBA7|ICAM5|IFI35|DNAAF1|MMP1|IRS1|RRBP1|ICAM1|STC2|TMEM255A|LGSN|COBLL1|BCL6|FANCA|TAP2|LPIN2|AGRN|ULBP1|ARHGAP6|IL18RAP
GSE13484_3H_UNSTIM_VS_YF17D_VACCINE_STIM_PBMC_UP	0.828760928549895	1	0.235406456849855	0.893087579075106	2748	188	ZNF268|ZNF573|CRYL1|CETN3|NCOA4|FGGY|AMZ2|AP1S2|ABCD3|GDI2|MXI1|ADIPOR1|MFAP3|RMND5A|RAB6A|COIL|SPAST|RBM4B|MAPK1|ZFP37|TXNDC9|FLCN|EDC4|SLC30A1|MEAF6|NME7|CELF2|RDH11|CRY1|ACBD4|PRDX3|CRIPT|LSM14A|GDE1|ATG12|PAPOLA|SNAPC5|ANP32B|VAMP3|XPOT|MIOS|NCOR1|PAPOLG|GABARAPL1|FDFT1|PTPN9|DKC1|PPAT|ATP6V1C1|BICD2|VAMP1|RPL22|GATD3|RMND1|POLR3C|POLR2B|SNRK|CDK19|PYGB|KDELR2
GSE13484_UNSTIM_VS_12H_YF17D_VACCINE_STIM_PBMC_UP	0.981006933976485	1	0.216053604532796	0.819666517243042	3253	188	PIGB|CD36|GLMN|HERC3|CORO1A|BACE2|DERA|PTGS1|ORC4|MEF2C|NR4A2|LZTFL1|RHOBTB1|PDS5A|OLA1|OAT|ZNF34|HSPA14|DYM|CNOT7|ABLIM3|INPP4B|EHD3|CASP8AP2|AUH|SLC25A36|FXR1|PHTF2|NGDN|CDK2AP1|MTMR4|PTP4A2|CITED2|MTRF1|TPP1|RPS24|CHP1|NPEPL1|XPNPEP1|ZDHHC7|PEPD|NDC1|CAT|VAMP1|MRPS2|PRKX|BTAF1|VPS51|RPS6KB1|NELFCD|POLQ|YTHDC2|CDK13|AQR|SECISBP2|PECAM1|CRTAP|DDX47|NUCKS1|ANKRD26|AATF|IGF2BP3
GSE13484_UNSTIM_VS_3H_YF17D_VACCINE_STIM_PBMC_UP	0.749625636418089	1	0.240809538880023	0.915891388899495	2502	190	PCYOX1L|TCEAL1|DOP1B|UBE4A|MAN2B1|ANKRD36B|ATG4A|ENOPH1|LRBA|AMZ2|RFC4|ERBIN|PPP1CC|CEP135|TCF12|CBX3|PPP2R5E|SPAST|SLC39A1|RBM4B|RCBTB2|ZBTB16|CYTH4|CASP8AP2|SLC25A36|LDHB|SKAP2|LIMK1|CNOT3|BMPR1A|DLG1|SSR1|TMEM14A|PRDX3|MEGF9|THOC7|POPDC3|NCK1|GPI|MRPL3|NDE1|XPOT|AGO1|PAPOLG|SNX29|ADH5|ZZEF1|SPOP|PFDN5|SUN1|CAST|ACSM3|NPRL2|CPSF6|SPTLC1|RMND1
GSE13485_CTRL_VS_DAY21_YF17D_VACCINE_PBMC_UP	0.995213163799551	1	-0.210502350135779	-0.747281225021685	6652	188	SMAD7|SNN|PWWP2B|ARID5A|NBEAL2|KATNIP|PLA2G15|NXF1|ITGAX|ATG9A|ACVR1B|HGS|NFIL3|PGS1|VPS18|SAT2|SLC16A5|GPATCH2L|MAP7D1|SUPT5H|SLC26A6|STON1|ATPAF2|RILPL2|ZBTB10|BAP1|C6orf136|ABL1|MADD|TNFRSF1B|MAPKAPK2|VPS11|RBSN|MEF2D|SPATA2|ZBTB39|MAFG|TMEM184B|ULK1|PIGS|PXN|FHIP2A|TRIM11|METRNL
GSE13485_CTRL_VS_DAY3_YF17D_VACCINE_PBMC_DN	0.890262285197468	1	0.230250896277002	0.868270868115573	2952	181	AIM2|VAV2|TRIM69|IFIH1|MX2|DHX58|FGD4|C1orf162|ST3GAL5|DTX3L|ADPRH|TMEM168|TNFSF13B|FAM13A|FNIP2|CMPK2|IFIT3|C2|RSAD2|IFIT1|NREP|PLXNC1|PCCA|CXCL11|RPE|VRK2|TLR5|DDX60L|IFI6|SAMD4A|VIPAS39|DECR1|RIOX2|TOR1B|MEGF9
GSE13485_DAY3_VS_DAY21_YF17D_VACCINE_PBMC_UP	0.999251272836178	1	-0.200890819377181	-0.711349610738423	6672	182	SMAD7|EXT1|SNN|PWWP2B|NBEAL2|NXF1|ZNF516|FLT1|HERC6|SHFL|KSR1|PGS1|MX1|TIMM44|TBC1D8|MERTK|MED6|CLCN6|CTSL|ZBTB10|BAP1|ABL1|TNFRSF1B|VPS11|OAS3|MEF2D|OGFOD3|SPATA2|TENT4A|PARP12|IQSEC1|ULK1|FHIP2A|UPP1|METRNL|DNAJC4|LENG8|SLC25A28|CUX1|RELA|EIF2AK4|ELMO2|HIRA|RRN3P3|MNT|SLC11A2|DIS3|GRB2|SCO2|PHLPP1|ATXN1L|ELF4|MYO19|PAXIP1|AREG|MAPKAP1|CORO7|POLR3E|AGPAT3|AKAP8|GUSB|MKNK1|RCC2|SUSD1
GSE13485_DAY7_VS_DAY21_YF17D_VACCINE_PBMC_UP	0.679506470057177	1	0.247488096042257	0.936197086526384	2257	184	TRIM69|ZNF185|MX2|DHX58|SESTD1|PKD2|USP25|ST3GAL5|REC8|DTX3L|KLF10|PNPT1|PARP11|NEXN|PPM1A|UTRN|CAPN2|RHOBTB1|FNIP2|IFIT3|PEAR1|HESX1|EMILIN2|RSAD2|IFIT1|IFIT5|UBE2E3|TENT5A|TYMS|DDX60L|IFI6|SAMD4A|PTK2|PIWIL4|VDR|RBBP8|TPP1|GLUL|SLU7
GSE13493_DP_VS_CD4INTCD8POS_THYMOCYTE_DN	0.994312228708277	1	-0.210626742987506	-0.746267511417101	6642	183	GPR135|RAB27B|CEP83-DT|FGFBP3|B3GAT1|ITIH5|RPL23|CHCHD10|LONP1|RRBP1|ZNF229|ICAM1|PPIE|PUS1|EMP3|TRPM1|MBOAT1|CEP41|FILIP1L|TONSL|FOXRED1|GUK1|FGFR3|ENO3|RPS2|SMCO4|RAB30|MBOAT7|MLH3|PDLIM4|RCN1|HELLS|TAF1D|DPY19L1|DPCD|TUBB3
GSE13493_DP_VS_CD4INTCD8POS_THYMOCYTE_UP	0.959293624663274	1	-0.225791704450614	-0.80055154888548	6409	186	TSGA10|ARSA|FCSK|ACADS|PABPC1L|FAM193B|ADGRE5|TNK2|GIGYF1|APOC1|IFT140|SFI1|TMCC3|CRYBA2|AQP11|GLG1|ZNF446|SKIDA1|TTLL1|SIRT7|AKAP8L|USF3|NFRKB|PLEKHG2|PNKP|PSAP|TAP2|BRPF1|ZBTB20|TSC22D4|FBXW5|POLG|TP53I13|FGF2|SASH1|ITGA5|NMNAT1|TRIM56|AP1M1|PAFAH1B1|PSEN1|PIP4P1|ARMCX3|FHIP2A|CLK3|EXOC2|FAM8A1|ELK4|MAST3|TOX4|LENG8|RAB11B|TMEM120B|ZNF335|ACIN1|KRBA1|ILKAP|RNPEPL1|SAFB2|VPS13D|SLC25A37|DCTN1|ZNF653|CROT|TEPSIN|KHDC4|ATG4D|HBP1|PPP6R3|PABPN1
GSE13493_DP_VS_CD8POS_THYMOCYTE_DN	0.840586212053238	1	-0.243430613996895	-0.863202917679213	5620	185	KRT15|ARK2C|FSTL3|SYTL1|ADGRG3|TMEM81|ENC1|MAPK12|CLN3|FGFBP3|TRAIP|PRPF31|SGSH|CEP250|PGF|ACTN2|EMP3|CACNA1A|MBOAT1|RPL38|NSDHL|SPTB|POLE|TONSL|TSFM|RPS18|GUK1|ENO3|KCTD10|POLR1C
GSE13522_CTRL_VS_T_CRUZI_G_STRAIN_INF_SKIN_UP	0.834626865671642	1	0.235766444284803	0.886132408970583	2795	176	STK38L|CD83|AGA|RNF217|GPRASP2|SFT2D2|PTER|HNRNPLL|BBOF1|ZNF608|UCHL3|GFM2|NHLRC2|TNFAIP8|YWHAQ|SC5D|PROS1|LYRM7|MFSD4A|FAM124B|UFL1|SLC22A15|BCL2L15|INTS12|SOCS2|ACSL1|PHTF2|BTBD8|PARD6G|SCAMP1|SSR1|EIF2S1|NIFK|ANXA5|MYC
GSE13522_CTRL_VS_T_CRUZI_Y_STRAIN_INF_SKIN_129_MOUSE_DN	0.72959028831563	1	-0.256744218497621	-0.900216275213361	4807	170	IGF1R|VASN|HSF4|ADGRD1|CUBN|SELENOM|DDX41|WNT3|TRIM62|ITGA7|TMTC2|SLC52A3|AHCYL2|ZNF585A|FHL1|MACROH2A2|TPPP3|SLC12A6|BIN1|ID3|IGF2R|NECAP2|STON1|ENO3|IGSF3|SFXN3|NOL3|CERS4|PDGFA|FAM98C|STAG1|FBXO31|FLOT1|SUPT7L|KDM8|CD81|BCL2L1|SPHK2|BRF2|RFXANK|RELB|ABCA2|CAVIN1
GSE13522_CTRL_VS_T_CRUZI_Y_STRAIN_INF_SKIN_BALBC_MOUSE_DN	0.687262958280657	1	-0.270547030762541	-0.900899354695417	4348	109	IGF1R|CCR7|DYNC2H1|DPM3|CARF|IQCG|TRIO|NSG2|EPHB6|MAD1L1|MS4A4A|TNKS1BP1|SLC12A7|STON1|UNKL|ZBTB10|TTC28|EVL|TUBB2B|CLCF1|ITGA5|ADGRL1|CCNO|ST8SIA1|PKD1
GSE13522_CTRL_VS_T_CRUZI_Y_STRAIN_INF_SKIN_IFNAR_KO_DN	0.849214659685864	1	-0.242632136244228	-0.858890339536624	5676	181	ADAM19|LAG3|STX11|C1QTNF12|DBNDD2|AXL|ALKBH6|GPR68|PDCD1|SLC45A4|ITIH5|AHCYL2|ICAM1|COMT|NFIL3|MDFIC|C3orf80|TRPM1|MAGED2|YDJC|LZTS2|DUSP4|KCNK6|STING1|IGF2R|ACSBG1|DHRS3|ENO3|LRRC61|CLSTN1|EPHX1|NSMF|CTTN|TNIP1|PAFAH1B3|IRAG2|BID|CAPG|DUSP5|CD81
GSE13522_CTRL_VS_T_CRUZI_Y_STRAIN_INF_SKIN_IFNG_KO_DN	0.761567773543821	1	0.249772764459885	0.891132735541576	2797	117	TSLP|NTS|IGSF9|NECAB1|SIX4|RFX5|STAG3|HSD17B11|EMILIN2|ZCWPW2|GARIN1A|FRZB|OPRL1|LY6G5B|KIF27|IL10RA|UBA2|B4GALT5|DDN|CHSY1|UXS1
GSE13522_CTRL_VS_T_CRUZI_Y_STRAIN_INF_SKIN_IFNG_KO_UP	0.999384141647421	1	-0.203343039664753	-0.701563652841017	6490	146	CRIP2|MGAT4A|FZD7|LPCAT3|SRD5A3|LYPLA2|ANO3|PUS1|MIF|KATNB1|TBRG4|PPP4C|FMO4|LGSN|COBLL1|TBCD|TSFM|SPATA7|WDR18|PLK3|TRAP1|NT5C|HSPBP1|GPS1|OGFR|RAB2A|CCHCR1|ATP5MC1|MRPS18A|ARL6IP4|PIH1D1|ERGIC3|KPTN|PACSIN2|S100A13|NLRP2
GSE13522_WT_VS_IFNAR_KO_SKIN_UP	0.652488687782805	1	-0.263359090652192	-0.926820032236977	4325	174	SPIB|IL17B|TYROBP|PDE2A|IFI30|EPB41L1|H2BC13|DDB2|ANKH|HLA-DOB|PPM1J|NTRK3|ITGAX|LBP|APOBR|CCND1|TMEM107|ACTN2|SLC16A5|SEMA4F|PRF1|TXNDC15|GMFG|NACC2|SGK1|COX16|PDLIM4|MRPS5|ASRGL1|ENTPD4|ZNF205|SUPT7L|CKLF|RAB2A|ATP5MG|ST8SIA1
GSE13522_WT_VS_IFNG_KO_SKIN_UP	0.696390658174098	1	0.261974565062713	0.904975555797089	2623	95	ETV2|TBCEL|PPP1R3D|SPAG6|CAVIN4|SEMA6B|NKX3-1|RSPH6A|ITIH4|SLC20A1|KCNK1|ITM2A|RERG|KIDINS220
GSE13522_WT_VS_IFNG_KO_SKING_T_CRUZI_Y_STRAIN_INF_DN	0.877335499593826	1	0.239494664838436	0.843222528690966	3239	107	ACBD7|TMEM156|TAF9B|SRP19|LYPLA1|CRLF3|CBX7|GRPEL2|VAV1|GFI1|CNIH3|ZFP14|PRKD3|HMG20A|SEPTIN2|KIF14|NRF1|HMGB1|CYB5B|ATP6V1A|PEX2|CTDP1|SGTB|ATF3|TMX4|HIF1AN|INTU|ANO6|ARHGAP25|ASPM|XPNPEP3|CDC42BPA
GSE13547_2H_VS_12_H_ANTI_IGM_STIM_ZFX_KO_BCELL_UP	0.782428065856286	1	-0.252938786558026	-0.874915164038848	5084	150	TSGA10|SRGAP3|LATS2|CCPG1|S1PR5|N4BP2L1|RNF215|CYLD|APOE|IZUMO4|GCA|LGALSL|RIGI|PLEKHA1|FYN|THEMIS2|STX4|CHD3|ADPRM|SP100
GSE13547_CTRL_VS_ANTI_IGM_STIM_BCELL_12H_DN	0.982257571122667	1	-0.219583705377853	-0.765015593957704	6421	159	GZMM|IL15|CDC26|MTG1|MYL11|RNASEH2C|MRPL14|RCN3|DNAJC15|SPATA6|NRM|DKKL1|PIK3IP1|RPL13A|SPG7|MTLN|KLK8|AXIN2|CHID1|RPLP1|NOP10|WDR83OS|RPL36|PFDN2|CD2BP2|EVL|UQCC3|LAMP1|ERP29|EEF1D|CDC34|FAM50A|WDR74|ACYP1|MRPL21|AUP1|TUFM|CHCHD5|MRPS18A|ERAP1
GSE13547_CTRL_VS_ANTI_IGM_STIM_ZFX_KO_BCELL_12H_DN	0.88164521544488	1	0.234717561659769	0.857081127647384	3150	138	HSPBAP1|AKAP5|FOXO1|PDK1|SLC49A4|CREBL2|TET3|TCF7|TDRKH|PNPLA7|LRP6|NLK|PRRG1|TANC1|MTSS1|IL6R|SYNE1|ART4|BACH2|FOXP1|LDHB|AGL|CARD6|QSER1|MYC|IKBKE|MAML2|TTC3|LRRC23
GSE13547_WT_VS_ZFX_KO_BCELL_ANTI_IGM_STIM_12H_DN	0.896546335364901	1	-0.241017543432705	-0.820199681531919	5736	130	TSC22D3|PDE2A|KISS1R|S1PR5|CYP19A1|MAPK8IP3|CCS|D2HGDH|ZC3H6|MICU3|SPATA6|TCP11L2|DDRGK1|PIK3IP1|AKAP8L|FAM161B|SFXN3|NFE2L1|VKORC1|PER1|LYSMD1|DGUOK|APTX|STARD10|SNAPC4|NOP53
GSE13547_WT_VS_ZFX_KO_BCELL_ANTI_IGM_STIM_2H_DN	0.985802469135803	1	-0.21853044524297	-0.752856979411889	6387	144	CCR7|TSC22D3|IRF7|EVI5L|SNX30|ECI1|NSG2|MICU3|PLEKHA1|TCP11L2|NDUFS7|PIK3IP1|NFIL3|KLK8|SLC16A5|POLR2E|ICAM2|TRMT112|QTRT1|IL16|POLR1C|NOP10|VKORC1|PER1|POLR1H|DGUOK|EVL|CLCF1|SYS1|PRPF6|APTX|FAM50A|WDR74|GNL1|CDC42EP3|CHCHD2
GSE13738_TCR_VS_BYSTANDER_ACTIVATED_CD4_TCELL_DN	0.69788838612368	1	-0.259091577798789	-0.911801692104621	4626	174	NFKBIZ|SLC26A11|ESPN|CYLD|LINC00528|PDLIM2|TPBG|FLT3LG|ATP13A1|TMEM63A|ACAP3|SNX30|GPRASP1|PLXNA4|PPP2R2B|CYTH3|SMPD3|HS6ST1|APOL6|LINC02481|RTKN2|KLK8|FAS|IRS2|TRIM26|ZC3H12A|ZNF329|ICAM2|SEMA4C|IL16|GUK1|AFDN
GSE13762_CTRL_VS_125_VITAMIND_DAY12_DC_UP	0.786265857694429	1	0.246178628636297	0.882939491090274	2850	122	NIPSNAP3B|SLC35A3|ARL5A|BLTP3B|HNRNPLL|CPEB2|ME1|KIF20B|IPO7|SLC38A2|P2RX7|MAGT1|ZSCAN29|LCP1|CUL2|UXS1|SHISA4|SEC24A|ZNG1A|TMEM237|NF1|API5|CEP170|PSIP1|DDX21|ATAD5|CENPE|CENPJ|NEB|TNFSF9|CEP192|HSPA5|HECTD2
GSE13762_CTRL_VS_125_VITAMIND_DAY5_DC_UP	0.68726491133799	1	0.261571671399213	0.910898213990207	2557	100	TMEM182|SAMD5|RAVER2|CCL2|B3GALT4|PDGFB|SOSTDC1|ADRA1D|GSTM2|SCN4A|SLC4A3|PPY|BEST1|NIPSNAP3A|EIF1B|NKX3-2
GSE13887_HEALTHY_VS_LUPUS_RESTING_CD4_TCELL_UP	0.649524423665968	1	-0.281127664020854	-0.911275828555285	4028	90	GZMM|IRX5|MARCKS|RNF215|EXT1|UBL7|MAN1B1|PNPLA1|AQP11|PANX3|TSHZ2|DDO|ENO3|MGRN1|PARP3|FBXO10|LAMP1|ITGA5|S100A16|PRR14
GSE13887_RESTING_VS_NO_TREATED_CD4_TCELL_DN	0.666666666666667	1	0.263950255047366	0.915672203984275	2471	98	PLA2G3|GPR160|CD44|FGGY|PEX3|RGS9|SPRY2|RPL39|ETFA|IDH1|MED21|SERPINE2|LAT2|SLC4A4|NIPSNAP3A|TCAF1|TMEM14A|S100A10|C1D|COX7B|RNF25|BIVM|SUB1|OPN3|FBXW11|FDFT1|SRBD1|PAX6|ATL2|IDI1|ATP6V1C1
GSE14000_4H_VS_16H_LPS_DC_DN	0.997916046442394	1	0.204056755825541	0.778541539997495	3351	193	SETDB2|ADTRP|DEPP1|ENTHD1|H2BC6|TTPAL|PAQR3|MACIR|RAB23|CIP2A|ROCK2|CYP27B1|RPAP3|STAG3|ZNF33B|NUP37|PXYLP1|ZNF630|SLC25A36|PDS5B|KLHDC2|MBOAT2|CELF2|PHLPP2|YARS2|AASDHPPT|MED7|MTMR4|KCTD9|MOB1B|PIGC|MOB1A|RCOR3|SUGT1|TPST1|RPA2|ORC3|GGH|PIAS1|GLT8D1|GTDC1|ANKRA2|BUB3|H3C10|GRSF1|USP48|POT1
GSE14000_4H_VS_16H_LPS_DC_TRANSLATED_RNA_DN	0.998353786291529	1	-0.205510581218618	-0.728644192253328	6670	186	ADAM19|TSC22D3|DIPK1A|BSPRY|N4BP2L1|NBPF10|MUTYH|NUDT18|SPOUT1|TWIST1|ACTMAP|ARHGAP45|TMCC3|PPARG|MCAM|CCNL2|RPL23AP7|CRAMP1|CTC1|H2BC5|SLC22A23|FBXL20|C12orf76|NFE2L1|HEMK1|RANBP3|PPP1R26|FAM118A|SNX11|PTCD1|SMYD4|HSD17B1|POLR2A|RAD50|REPIN1|CASC3|TMUB2|TTC5|RHEBL1
GSE14000_4H_VS_16H_LPS_DC_TRANSLATED_RNA_UP	0.92263868065967	1	-0.233095253108688	-0.823513045743135	6153	179	NFKBIZ|PLAT|ACE|PYCARD|ASPHD2|GASK1B|PEMT|PYROXD2|CLN3|SYNE3|ZNF710|DNPH1|ZC3H12C|RAB7B|JAZF1|UBA52|HSD17B10|RPS9|SDF2L1|ARHGAP26|EXOSC5|MAP4K1|NLRP1|SCARB1|TSC1|ITGB5|GMFG|IL17RA|SLC2A3|MSRA|PPARD|RPL27|BLVRB|MAP1S|EVL|SLC38A6|ICAM3|LMNA
GSE14000_4H_VS_16H_LPS_DC_UP	0.94429469901168	1	-0.229126781095155	-0.811332479239719	6305	182	CIITA|ATXN1|ASPHD2|CARD19|GASK1B|NDUFB2|SYNE3|TECR|ATF6B|DNPH1|ZC3H12C|FLT1|RAB7B|SYNGR4|RIGI|UQCC5|SLC27A1|GALR3|AMPD2|MAP4K1|DGAT1|IL17RA|ATP5PF|SLC2A3|MSRA|NDUFB1|EPOP|BLVRB|MAP1S|EVL|ASRGL1|AP1B1|RPS11|RPS12|COMMD6|PDK3|IQSEC1|NDUFB6|PKD1|CLCN5|ESYT1|ATP5MC1|LTB4R
GSE14000_TRANSLATED_RNA_VS_MRNA_16H_LPS_DC_DN	0.981949458483754	1	0.213572537149095	0.806224427411262	3263	182	PRR4|TRIM69|GPR160|LST1|RNF11|ARL5A|RFFL|TMED2|STARD3NL|WSB2|SVIP|RPL39|STYX|WTAP|TBPL1|AP3S1|FGFR1OP2|CNOT7|FBXO24|ARHGEF25|PSCA|SNX3|MBOAT2|MOSMO|MBNL1|CMPK1|PCP2|ZDHHC2|PIGH|HMGN4|PTP4A2|HMGN1|WAC-AS1|SVBP|DTD2|GTF3A|GOLGA7|PTEN
GSE14000_UNSTIM_VS_16H_LPS_DC_UP	0.968086707812735	1	-0.223460201497057	-0.794668733040521	6430	193	PLXNB2|HOMER3|MRM2|ATXN1|SLC12A9|PYROXD2|UQCR10|MICOS10|GBA2|MPG|STX10|UQCC5|RPL13A|STARD3|KATNB1|GAS2L1|BRD3|NDUFAF8|ATP2A3|ACP6|SCARB1|CAMK1|SMDT1|IL16|DGAT1|IL17RA|NDUFB1|MAP3K3|PRDM15|GPAA1|TUBGCP2|PSMG3|GIT2|IRAG2|HAUS4|SMARCD2|JTB|NDUFB6|NCLN|TUFM|ESYT1|DMAC1|TXN2|ARL6IP4|STK32C|SEPTIN9|LRRC8A|EIF3K|STYXL1|C15orf61|MAP1A|RXRA|PLEKHG4|USP22|RPL26L1|UQCRH|KIAA2013|RPS13|COX7C|KIF9|RPL27A|CROT
GSE14000_UNSTIM_VS_4H_LPS_DC_UP	0.999402628434886	1	0.195832329561306	0.746294393095701	3345	192	ZBTB26|DCP1B|RTL6|SLC25A44|PDIK1L|LANCL1|PPP1CC|SATB2|ZNF641|SHQ1|GAS2L3|RAB3D|ZNF383|DCAF13|UTP11|CNOT6|RBM4B|PXYLP1|ZNF630|NATD1|KLHDC2|SPDL1|KCTD6|TSN|DBF4|CASD1|BCAS3|NIFK|RCOR3|PEX5|SHB|TMED8|CLPX|DCAF4|CLUAP1|TAMM41|OGFOD2|UBE4B|STARD7|RFC3|CCT6A|MMACHC|ZYG11B|TBL2|MBTD1|PPAT
GSE14308_INDUCED_VS_NATURAL_TREG_UP	0.979235630454409	1	0.215480376113256	0.815118397801222	3253	184	CD44|STT3B|PTHLH|STRADB|PDIK1L|STRAP|CNOT8|PECR|KIF18A|EEF1AKMT1|SCFD2|FANCB|GDI2|MAPK1IP1L|HARBI1|PPIP5K1|KCNJ8|YWHAG|ABCB10|SLC39A1|TMEM106C|CCNC|C12orf56|SLC22A15|POPDC2|EVPL|CNIH3|UFM1|MRPL47|TSTD2|FAM229B|NSUN4|CEP44|ZW10|ERC1|ELK1|FZD4|PTK2|TMEM70|ACLY|PRDX3|C10orf88
GSE14308_NAIVE_CD4_TCELL_VS_INDUCED_TREG_DN	0.996730083234245	1	0.204550822477962	0.781492872858172	3352	194	DPYSL2|PRKCH|CRYL1|ZNF410|CMTM6|PECR|ALDH1L2|HS2ST1|WDR75|ZNF608|FAM174A|SUV39H2|KIF20B|NR4A2|PSMA1|USP6NL|CRYZ|SH3BGRL|FBXO30|TMEM30A|SLC39A1|CFAP418|SLC35D1|CDC14B|EXOSC9|UFM1|MED23|DDX18|BORA|DRAM1|PIK3CG|RBBP4|MINPP1|CEP152|LRRC58|EFL1|API5|ANAPC10|METTL5|NDE1|SPRED1|CEP76|SIK2|ATP5PB|DDX21|TMA16
GSE14308_NAIVE_CD4_TCELL_VS_NATURAL_TREG_UP	0.947209653092006	1	-0.228945903898375	-0.806031952376767	6279	175	VWA7|DIPK1A|IRF7|IFI30|LYST|DPH1|RNF207|TRIO|RTN4R|SERPINH1|DOHH|MATN4|GCA|ARHGEF17|SMPD3|TXNDC16|BRD3|C12orf57|ACP3|TAF15|ZNF329|FILIP1L|LSM7|MSRA|GRIPAP1|DDX31|DPH7|UBE2J2|ID2|ISCA2|WNT5B|BLTP2|MAN2C1|STUB1|WDR74|ANKRD39|ST8SIA1|C19orf53|CLK3|ZDHHC14|REXO4|PPARGC1B|PKN2|RIPOR3|ELAC1|DYNLT1|GPATCH4
GSE14308_TH1_VS_NAIVE_CD4_TCELL_DN	0.985280865124662	1	0.213726497342398	0.805665549424128	3279	180	ZNF841|CMYA5|STT3B|RRM2B|PRMT9|NCOA3|CAVIN4|VPS26A|BBS2|ZFP82|MAP3K1|TMEM86B|KIF3C|LRP6|RELN|DDHD1|RRAD|C2|LDHD|GPR183|CDH7|XCL1|APPBP2|CERT1|PHTF2|DDX5|CNOT2|NGDN|IREB2|PPM1K|MRPL38|PPP4R3B|TUBGCP4|TUT4|PIGX|TAF4B|SFXN2
GSE14308_TH1_VS_NAIVE_CD4_TCELL_UP	0.854373309287647	1	-0.241614137446887	-0.858916577264209	5684	192	TRIM45|DHDH|CEP83-DT|MAPK13|AARSD1|POLR2F|RETSAT|HELB|NDUFA13|COX17|NAA38|ECI1|OSBPL5|UCHL1|TRIM46|LONP1|APOBR|PRKCSH|FDXR|MBOAT1|SDR39U1|IRS2|DBR1|ARHGEF10|TXNDC17|CST3|GALE|TNFRSF1B|NSMF|ERN1|TUBG1|C19orf25|BORCS7|FLOT1|PSMB4|ANAPC2|TENT4A|RHEBL1
GSE14308_TH1_VS_NATURAL_TREG_DN	0.944293887383318	1	0.223282648567866	0.843557806596763	3135	183	TMTC3|ZBTB26|LPXN|ATXN7|C2CD5|CREBL2|GABRR2|GPR174|DNAJC28|TMCC1|VPS26A|ADPRH|RHOT1|NBR1|BTBD9|FAM13B|C12orf56|BCL2L15|PHETA2|RBL1|ROCK1|PIP5K1B|IL10RA|CREG1|PPIG|DDX5|SLC36A4|SLF2|DERL1|KMT2E|TIAM2|KLHL12|SPRED1|AMFR|PAPOLG|STAU1|EXT2|SCMH1|TCAIM|TRMT6|MTMR9|HLCS|KCMF1|TOP2B|HIBADH|RAP1GDS1
GSE14308_TH1_VS_NATURAL_TREG_UP	0.700060168471721	1	0.246487596102052	0.930476940921599	2326	182	CD69|RAD54B|PDK1|CAMK2B|RTL8B|MEMO1|PDIK1L|ANGPTL4|TMEM143|RSL24D1|NAAA|TMEM86B|RBMXL1|SUV39H2|SCFD2|SPRY2|SLC25A40|CEP135|FNIP2|CTSF|RNF115|UTP11|DRAM2|UGCG|PXYLP1|SYNE2|RBKS|F5|RIT1|ANKRD28|NDUFV2|TIMM23|WASHC3|HUS1|PLPBP|CMPK1|COPS5
GSE14308_TH1_VS_TH17_DN	0.9982000899955	1	-0.205997514879473	-0.731313461348457	6654	189	CEP83-DT|AKAP13|ENG|SELENOM|SNN|FAM234A|TSPAN5|HDAC10|H2BC13|B3GNT8|SUN2|TPD52|CTDNEP1|PPM1F|COL6A3|MCAM|STAB1|SLC15A2|MEAK7|DHRS4|INPPL1|RAI1|LENG1|JUNB|TRPC4AP|MLEC|PPP2R3C|ARFIP1|ERAL1|BLVRB|CACNB3|DHX30|ZMIZ2|NUMA1|RPL35|PKD1|SPHK2|CSTPP1|ZNF512B|HABP4|DPM2|GCN1|EIF2B4|CDC37L1|RBM5|KMT2D|INTS1|CBX6|KRBA1|RRAS|USP22|GSS|LPL|PNISR|DYNLT3|EPC1|SSNA1|ZDHHC18|BEX2|SETD2|RER1|DNAJC8|RPS8
GSE14308_TH1_VS_TH17_UP	0.678646301287811	1	0.24600199850614	0.935640311973255	2265	190	KCTD12|IL10RB|PIGZ|MEMO1|TMEM51|NEDD4|PDE3B|ANGPTL4|NAAA|LGALS8|NFYA|DUSP22|HYCC1|MAPK6|MRPL42|TMEM37|SPRY2|CAPN2|SNAI3|UBASH3A|TBPL1|RAP2A|PXYLP1|BCAN|RCBTB2|TTC39C|S1PR1|HOXA5|ICOSLG|FOXC2|DCAKD|RPE|MOB3C|HNRNPK|FAM241B|STMN1|CWC15|STARD4|ANP32B|IDH3A|KIF14|PRR11|HSD17B12|GALNT10|MRS2|MFSD6|NUP54|PCLAF|CENPJ|SRBD1|ATL2|NEB|ZBTB11|VTI1B|STAT1|ZFP36|NIPA1|KIF23|NEK4|NSD3|NAP1L1|ACTR3B|VSIG10L|WARS1|CDC42SE1|OSBPL9|UBE2L6|KLHL42
GSE14308_TH17_VS_INDUCED_TREG_DN	0.989823406165819	1	-0.214632064682453	-0.760984697113211	6613	186	TRIM29|CLDN7|PPFIBP2|C6orf132|ELMO3|KCNK5|NRDE2|NSUN5|NCCRP1|MFSD2A|MYPN|LONP1|CTDNEP1|MFSD12|STAB1|CAPN10|TRAF2|RALBP1|B9D2|CPQ|GTPBP3|TOMM7|RHOB|ENTPD6|RCBTB1|DGCR8|CERS5|AAMDC|MRPL2|MAP1S|GCHFR|TNIP1|RNF24|ANAPC2|PEF1|ATP5F1D|EMC1|PLEKHH1|KCNH2|BCL6B|SREBF2|MRPL46|TXN2|PSMD9|CDKN1A|PIF1|SEPTIN9|GATA1|EIF2B4
GSE14308_TH17_VS_NAIVE_CD4_TCELL_DN	0.889949977262392	1	-0.238942174680063	-0.838640384071952	5870	171	DNASE1L2|FAM234B|ABCA7|CASKIN1|RNASEH2C|CLCN2|NSUN5|NCCRP1|RIGI|LENG9|PPIE|CHD4|ZNF598|CCNL2|GPR146|AKNA|EWSR1|ORAI1|CTSD|CAD|LSM7|RNPS1|CAPN15|DYNC1H1|SLC6A9|MAP3K3|NR4A1|DEAF1|NAT14|RDH13|RGL2|XPO6|EVL|VAC14|POLR2A|ZBTB6|IRF9|EMC1|PKD1|C19orf53|EIF2B5|PI4KA|SLC22A5|TMEM179B|C1orf174
GSE14308_TH17_VS_NATURAL_TREG_UP	0.995040577096483	1	-0.210383467957276	-0.747894349727616	6620	192	SLC26A11|DHDH|BSCL2|POLR2F|SPSB2|DHRS1|NDUFB2|PBLD|IZUMO4|DOHH|MFSD2A|DENND11|MAP1LC3A|LONP1|PRKCSH|STC2|TOM1|MIF|TXNDC16|ABCB6|RTKN2|SLC6A13|TMEM18|ESRRB|B9D2|POLR1C|GGT7|POLR3K
GSE14308_TH2_VS_NAIVE_CD4_TCELL_DN	0.938461538461539	1	-0.230815227268007	-0.812613133081866	6221	175	MYBPHL|MGAT4A|DYNC2H1|FGD3|LYST|RPLP2|TCIRG1|TMCC3|PIWIL1|RIGI|ZNF598|P3H1|KCNAB2|ESR1|SMOC2|AREL1|BICRA|FBXW4|LPIN2|ENO3|MSRA|MAP3K3|DEAF1|SETD1A|SFSWAP|RGL2|PLXNA3|GIT2|RNF145|HES6|TCHP|TPRA1|VPS13B|SAP30L|CLK3|PI4KA|ZDHHC14|REXO4
GSE14308_TH2_VS_NAIVE_CD4_TCELL_UP	0.783268830008931	1	0.237984959837715	0.907988448501568	2630	193	ZC2HC1A|MAP3K10|DEPP1|ZNF14|SUMF1|GPR174|ITGB3BP|STT3B|CNOT11|HS2ST1|TMEM143|MOSPD2|CCT8|SPRY2|SAAL1|KCNJ8|PLXND1|APOA2|LFNG|GPRASP3|HOXA5|SCFD1|IFT74|NUP205|PHTF2|UTP3|COPS5|NSA2|CUL2|ZNF800|HNRNPK|DDX3X|ACAT1|NDUFB5|RIOX2|HMGN3|NDN|GOLT1B|CAV2|KIF14|MTMR2|METTL5|PCNA|SRSF1|CHP1|AK3|ACACA|YWHAH|ASCC1|VPS4B|BUB3|STMP1|PAICS|RPAP2|ERCC6L|MTMR9|OPTN|CUL4A|YME1L1|KYAT3|SSX2IP|PSMA3|CDIN1
GSE14308_TH2_VS_NATURAL_TREG_DN	0.922386720502467	1	-0.232893333952376	-0.825837810926667	6167	185	PURG|DGAT2|EXT1|HEPACAM2|TSPAN5|PABPC1L|CTU1|PNCK|CLN3|FAM120C|ROGDI|TEF|CLCN2|SERPINH1|RP1|PPP2R2B|CLCN7|ACVR1B|DDRGK1|ZNF598|ACP3|CPSF1|SLC16A5|HERC2|UNC13D|TAP2|BRD9|HPCAL1|DEF8|WDR83OS|DHCR7|MBOAT7|PTGES2|HCN3|HES6|SMARCA4|MRPL24|DHX30|SNAPC4|QTRT2|ZSCAN2|PITPNM1|PDXK|ZFAT|STARD5|UCK1|ZNF280D|RNF31
GSE14308_TH2_VS_TH1_UP	0.817469879518072	1	0.236223113126721	0.894970105287461	2713	186	BCAR3|TMOD4|UAP1L1|GPR174|EMSY|TMEM135|ANLN|TMEM86B|PLCL1|PPP6C|USP6NL|SACS|NUP35|TMEM30A|FNIP2|PLAA|ETV5|WDR26|RBMX|GCLM|PRKRA|TAPT1|WTAP|GTF2A1|HNRNPH2|AUH|EIF4E|ALDH9A1|PRRC1|PRKCI|EIF5A2|FASTKD3|ROCK1|PAPSS1|KCTD6|ANKRD46|WDR11|ASCC3|TARS1|UXS1|HMGN3|WDR81|MON2|PFN1|APC|ZDHHC5|ANAPC10|ERCC5|ADARB1|SPRED1|ZNF638|RYK
GSE14308_TH2_VS_TH17_DN	0.972301242701003	1	-0.222627541968873	-0.788906895497051	6493	184	METTL27|EXT1|SNN|TMEM175|ACAP1|EPS8|NXF1|ECI1|PPP2R2B|DCAF11|CXXC1|DDRGK1|TMEM44|PPM1F|MCAM|PCGF1|P3H1|SIRT7|DZANK1|MAP3K12|AKNA|CAPN15|NDEL1|PPP2R3C|ARFIP1|PLEKHF1|SLC37A4|TRIM39|IL18RAP|AAMDC|SDHA|POLR2A|SIRT4|IL6ST|STARD10|IFT46|NDUFA7|ITGAE|PKD1|DTX2|SURF1|PARL|ANKRD11|ARMC7|RNF19A|PLEKHO1|NFKBIE
GSE14308_TH2_VS_TH17_UP	0.998502545672357	1	0.200877465860505	0.764014341214503	3333	190	HECW2|AGA|MX2|DDIAS|EIF2A|ZNF277|KLF10|PPP6C|MAPK6|TNFAIP8|UBE2N|CAPN2|SMC2|TWF1|HSPA14|WBP4|GTF2A1|RSAD2|DCAKD|EIF4E|RAP1B|RPS27L|RAP1A|ZFAND4|RAB5A|EIF1B|CASP3|BMPR1A|CFAP20|CEP152|ANP32B|FAM20B|MRPS33|PRR11|STIL|PSMD14|OSBPL3|SLC35A1|NUP155|RYK|DDX20|TAX1BP1|CDCA2|CENPE|CENPS|MTX2|CDK6|EIF2D|ERCC6L|BAK1|VIM|KYAT3|GORASP2|TPGS2
GSE1432_1H_VS_24H_IFNG_MICROGLIA_DN	0.783694839192221	1	-0.2490120765245	-0.883990366237688	5238	188	LAG3|PAK1|DIPK1A|TYMP|IRF7|CIITA|CYLD|BTN2A2|APOL1|PSMB9|TAP1|IFITM1|ADGRE5|BTN3A1|TRPM4|CRYBG1|LGALS3BP|APOL6|FAS|TMEM109|GBP2|TRAF2|TAP2|MAP3K11|SP110|PSMB10|PHF11|SMCO4|OSBPL11|AP3D1|CYBC1|IL15RA|RCN1|RAD50|AKAP7
GSE1432_1H_VS_6H_IFNG_MICROGLIA_UP	0.964707641692837	1	-0.22491488827518	-0.797546309401766	6450	185	FARP1|HLX|RASGRP3|CFAP70|FAAP100|AATK|SPSB3|PLXNA2|ATP2B3|ECM2|PPM1F|KATNB1|ARHGAP26|KCNAB2|SDR39U1|NINJ2|AMPD2|MAP4K1|LSM7|RHOB|PPARD|BABAM1|CDC42EP4|APBB3|SOX18|MRPL57|OAZ1|SNRPD2|NCAPD3|SLC38A6|SPATA2|TAX1BP3|RNASET2|LPCAT1|GRAMD4|SOCS3|PSD4|BAIAP2|MPI|PARL|WRAP53|STARD5|FAM168A|CDC37L1|SLC4A7|COX7A2|USP46|COX4I1|ABHD6|FKBP9|TLE3|MAOA|MCM6|RXRA|TBC1D13
GSE1432_6H_VS_24H_IFNG_MICROGLIA_DN	0.749511645379414	1	-0.252441353187558	-0.896939813614137	4987	191	TRPM2|DNASE1L2|SEL1L|APOL1|PSMB9|BTN3A1|UQCR10|DGLUCY|COX5B|ATP13A1|RNF170|PRPF31|PLXNA2|SCRIB|LGALS3BP|SDF2L1|ZNF446|TKTL1|ARHGEF10|MYDGF|LARS2|DDT|POLD1|PSMB10|CDK2AP2|MLEC|ATP5IF1|SOX18|MRPL57|SLC37A4|GNS|VPS11|NISCH|NCAPD3|CCDC85B|AKAP7|OGFOD3|CKLF|ZNF674|DNMT1|ACP2|TTC13|SCPEP1|CSTPP1|FAM8A1|MAN2B2|ARHGEF3|MRPS28|FHOD1|PFKP|ARB2A|TKFC|UBAC1|HLA-E|CDK5
GSE1432_CTRL_VS_IFNG_6H_MICROGLIA_DN	0.739064856711916	1	0.242665935076021	0.918502966547555	2449	185	STAP1|BCAR3|IFIH1|BMAL2|ESF1|CDS1|C5orf15|USP25|VPS54|NBN|MTHFD2|AKAP12|GDI2|PSMA4|THOC2|APOL2|ISOC1|SCARF1|APOL3|IL32|RSAD2|SLAMF7|C1S|IFIT5|GNG10|LITAF|CXCL11|JAK2|PPA1|LAMTOR3|VRK2|SSB|ETV7|CTNS|ACTR10|ASCC3|BAZ1A|TRAFD1|PSMA2|CD47|TIA1|PLAAT4|TMEM126B|NMI|PLSCR1|CNDP2
GSE1432_CTRL_VS_IFNG_6H_MICROGLIA_UP	0.688725857164246	1	-0.258688145362435	-0.916691887512741	4599	184	PCBP4|SEL1L|RHOBTB2|HOMER3|RASGRP3|FAM193B|NDUFA2|SPSB3|SAC3D1|GDF2|LAGE3|CHD4|PPM1F|KATNB1|HMGCL|TNK1|ARHGAP26|NINJ2|MAP4K1|FHIP2B|VPS72|RBM23|SLC26A6|DGKA|CDK2AP2|STK11|SLC25A16|STRADA|GRK6|SLC5A3|RNF220|SIVA1|ACVR2B|PCNT|ATP6V0A1|ZER1|SLC25A42|SUPT7L|IFNGR1|EIPR1|GRAMD4|JTB|ASB1|MCM7|PARL|MAST3|RNFT2|PRPF8|MMD|NDUFA8|CDK5|USP46|PASK|DAG1|NT5DC2|MAOA|MCM6|TBC1D13|PAGR1|PIK3R4|CBY1
GSE14350_IL2RB_KO_VS_WT_TEFF_DN	0.817345399698341	1	-0.24676254111381	-0.868413031589712	5418	174	LAT|SLC2A4|TP53I11|ENKD1|BSPRY|LYST|ARHGAP33|LPCAT4|TBKBP1|KCNK5|SH3BP2|SLC3A2|ITIH5|TSPAN4|CHCHD10|PTGIR|SDF2L1|ENTPD1|NKPD1|HOXC13|GBP2|ASNS|HPGD|TREML2|GTPBP3|CHID1|SLC39A4|F2R|CEBPB|PAQR4
GSE14350_IL2RB_KO_VS_WT_TREG_DN	0.814177978883861	1	-0.247096791521701	-0.869589334154583	5397	174	SRGAP3|BCAS1|TCN2|PHYHD1|AXL|FAM234A|L1CAM|ECM1|HLA-DOB|MAPK12|PDCD1|TRPM4|ZC3H12C|ADAMTSL4|ZNF516|TMTC2|ZDHHC24|SLC16A3|CSRP2|NSDHL|KCNK6|KCNN4|ENO3|SELENBP1|SLC39A4|SDC4|CDCP1|CCDC157|TSPOAP1|EPHX1|AP3D1|GRB7|TTC28|TUBB2B
GSE14350_TREG_VS_TEFF_IN_IL2RB_KO_DN	0.813634283971328	1	-0.248338205188996	-0.866464284300265	5334	161	SRGAP3|APOLD1|TIMP3|KIF24|MLXIPL|RENBP|CASKIN1|LRFN1|CENPT|IFITM2|GPR173|GGN|PRKCSH|TMEM160|SDF2L1|KLF14|MYDGF|DMPK|POLE|MAP7D1|TONSL|MLEC|TPGS1|ARFIP1|DHCR7|CACNB3|CLSTN3|NRIP3|STARD10|ESPL1|NUDT2|UBE2M|TMEM183A|DNMT1|MINDY4|PCGF2|PILRB|CEP89|CDC20|OIP5|KIF22|TKFC|CBX6
GSE14386_UNTREATED_VS_IFNA_TREATED_ACT_PBMC_MS_PATIENT_DN	0.684834488067744	1	-0.264203812741365	-0.911542348668282	4447	146	SULT2B1|SRGAP3|STX11|NHLRC3|IRF7|IFI30|SYCE2|MT2A|PDCD1|ITIH5|ZC3H12C|IFI16|TPD52|MFSD2A|RIGI|NFIL3|ENTPD1|MDFIC|TRPC1|NINJ2|GPR146|ROM1|PMF1|NR4A1|PRTN3|PACSIN1|TUBGCP2|HELLS|IL6ST|IFNGR1|CAPG|PARP12
GSE14415_ACT_TCONV_VS_ACT_NATURAL_TREG_UP	0.862880091795755	1	0.236075917012839	0.870806846089976	3007	152	TSPAN32|TNFRSF14|MX2|PDK1|SLC49A4|PTH2R|STT3B|TRPM7|HDAC2|TDRKH|TMEM86B|PIK3C2A|ABCE1|CRLF3|CBFB|NIPAL1|TANC1|SLC4A3|TOX|ART4|INPP4B|ATP6V1D|CEP97|LDHB|PELI1|TGFBR1|SBNO1|ARHGDIG|QSER1|RAPGEF6|PTK2|MYC|SFMBT2|TNKS|BRWD1|SEC63|TFDP2|UTP25|TGFBR3|USP28|SSBP2|METTL9|DKC1|GGT1
GSE14415_INDUCED_TREG_VS_FAILED_INDUCED_TREG_DN	0.705176863519053	1	-0.259417404662164	-0.906298494008877	4644	162	TSGA10|LAG3|SRGAP3|FARP1|PBX3|SEMA4D|COX8A|L1CAM|INCENP|PPM1J|NBEAL2|ETFB|CD48|CRYBG1|TMEM163|RRBP1|LMAN2|SDF2L1|TBCB|ATP6V1F|ARHGAP26|LRPAP1|MX1|COBLL1|EHBP1L1|PRF1|LPIN2|PHF11|F2R
GSE14415_INDUCED_TREG_VS_FAILED_INDUCED_TREG_UP	0.708295625942685	1	0.245288917622219	0.92843108954154	2347	185	BATF|TEX15|CCRL2|PBK|UCHL3|LDHA|PRIM1|HEATR3|MRPL42|GINS1|SAAL1|PPIL1|NUP37|PSMD6|MRPS22|COPS3|ISOC1|SERPINE2|BEX3|PPA1|MORF4L2|HAUS1|CDK1|RRM2|ADK|NAMPT|CDK2AP1|RFC5|UXS1|USP49|CS|COPS4|MIS18BP1|CFAP20|MYC|NF1|DSCC1|LSM3|MIX23|PARK7|CDKN3|AGPAT5|HSD17B12|SFXN1|PANX1|TIMM17A|BUB3|CENPS|CISD1|RFC3|GGT1|TAF12|CCNB2|RBBP7|VIM|MAFF|SNRPD1|KYAT3|PGK1|POLL
GSE14415_INDUCED_TREG_VS_TCONV_UP	0.795670225385528	1	0.239334570801125	0.900089209445016	2682	175	DCK|HAT1|LAMP2|MTX1|PBK|PRIM1|GEN1|CCNA2|KNL1|HEATR3|H2BC26|PSMA1|GINS1|SC5D|PPIL1|NUP37|NEIL3|MAD2L1|SERPINE2|SDHD|CKAP2L|SPDL1|HAUS1|CDK1|RRM2|COPS5|CDK2AP1|RFC5|BUB1|CS|KIF15|MIS18BP1|STMN1|DSCC1|LSM3|GLTP|CDKN3|BUB3|H4C8|LRR1|CENPS|RFC3|CDC25C|GGT1|NDC1|TAF12|CCNB2|RBBP7|RAD51AP1|VIM
GSE14415_NATURAL_TREG_VS_TCONV_UP	0.675376313547288	1	0.251877306083344	0.926777129104404	2377	148	ZNF17|TTC39B|MS4A3|ZNF708|TBCEL|SLC38A9|RUNX2|CD164|TMEM106B|IL18R1|FOXN3|B3GNT5|RBAK|IFIT3|PEAR1|CD96|IL1RL1|TOX|PDE4D|DAZAP2|TRIM24|GNPDA2|ICA1|FOXP1|ZBTB34|SAMSN1|MOSMO|MAP4K3|IL10RA|ARL5B|ARHGEF12|PPFIBP1|RABGAP1L|FILIP1|ZBTB25|CD47
GSE1448_CTRL_VS_ANTI_VALPHA2_DP_THYMOCYTE_DN	0.911600587371512	1	0.228255070272342	0.85573122864868	3103	171	NKIRAS1|ZNF362|KCTD12|CCL4|SERPINI1|USP38|SCG2|PJA1|NIPSNAP2|PPM1A|RAB6A|ESD|RAP2A|QNG1|PERP|RPS6KA2|RIT1|ASNSD1|TIMM23|SERTAD1|MFF|ARPC3|PTK2|CAPN7|PTP4A2|KDM3A|CRIPT|NIP7|SPCS2|NDUFB5|EIF3J|RPL6|RNF14|SUPT4H1|ZC3H15|CDC5L|CHP1|DSTN|STMP1|GLRX3
GSE1448_CTRL_VS_ANTI_VBETA5_DP_THYMOCYTE_UP	0.759722640940609	1	0.240565049684934	0.912658304738986	2519	188	DCK|CDC7|CCNE2|GPR162|NEDD4|MNS1|JKAMP|USP2|AKAP12|TNFAIP8|OAT|RMND5A|ZNF644|PROS1|EPS15|PLXND1|ISOC1|OPRL1|SERPINE2|TDRP|DNAI4|SMIM20|LDHB|TIMM23|SPDL1|MAP4K3|ANGPT1|CLIC4|PRDX3|NNT|SEC23A|SEMA7A|TIPRL|CLCN3|MAPK9|ATP13A3|QDPR|CYB5B|GALNT10|YIPF4|CDC5L|ATF1|ATP6V0E1|CDC42SE2|SLMAP|ZNF326|ATL2|SSBP2|BTG3|DEGS1|LMAN1|ZC3H14|MPP1|PIP4K2A|FKBP1A|XRN1|KIF23|CRKL|ACADM|NAP1L1|STAG2|SRP68|ASPM|TMEM43
GSE1460_CORD_VS_ADULT_BLOOD_NAIVE_CD4_TCELL_UP	0.994871794871795	1	-0.212964338803703	-0.749469535555338	6595	174	MARCKS|MAGEH1|CARF|CPEB3|H4C11|KRT12|CD19|PCOLCE|UBB|FGD1|MAGED2|IFITM3|PSMB6|POLE|GAL3ST4|HPGD|GAK|AGRN|NOP10|MYBBP1A|SIDT2|RBX1|H2BC12|OSBPL11|NDUFC2|IPPK|ANKRD55|RGS12|ID2|KAZN|ZBTB39|CBX2|BID|HSPA1A|RPS26|PEF1|RNASET2|EML2|UPP1|RAD23A|ERAP1|JADE3|BRD3OS|FRMD4A|MMD
GSE1460_DP_THYMOCYTE_VS_THYMIC_STROMAL_CELL_UP	0.736275243081526	1	-0.25382368274777	-0.898507149268257	4921	181	PCNX1|FZD9|DNASE1L2|GLB1L2|ACADS|RENBP|GABPB1-IT1|NOL12|ACAP1|IFI16|AEBP1|CACNA2D2|ZNF345|DUS2|FYN|CCNL2|PGS1|CASZ1|TSPAN9|SDR39U1|FAM76A|PCIF1|PHF11|TNFRSF1B|SETD1A|KIFC1|RGL2|ZBTB43|WRAP73|CMTR1|SYMPK|NUDT1|AKAP7|SMARCA4|NUBP2|INF2|PDK3|PRR14|SAFB|FAAP24|HOXB3
GSE1460_DP_VS_CD4_THYMOCYTE_UP	0.647525048601765	1	-0.263026726272461	-0.929367400110727	4329	178	TBC1D1|PLCB4|NEIL1|H2AC8|MARCKS|RAPGEF5|POLR2F|SLC29A1|TNFRSF21|COX17|SPSB3|ECI1|AEBP1|EXTL1|RPL23AP7|RHOT2|TSPAN9|TBCD|HERC2|CTC1|ACSBG1|BRD9|CDK2AP2|DCTN3|HEMK1|AAMDC|REXO5|DHX8|IFT46|PEF1|PSMA7|STN1|COASY|SNRNP70|ACYP1|EAF2|ASL|PSMD9|CTNNBL1|NUDC|RAG1|SEC61A2|CHCHD7|NIF3L1|RALGPS1|DHTKD1|MAP1A|PPM1G|MAGOH|WDR45|PPP2R2D|BAZ2A
GSE1460_INTRATHYMIC_T_PROGENITOR_VS_CD4_THYMOCYTE_DN	0.692587539790814	1	-0.260208810593986	-0.913282124211177	4568	171	SMAD7|CCR7|TSC22D3|MAPK13|SMPD1|ENC1|LYPD3|IFITM1|EEIG1|ZNF516|SLC7A7|LBP|DCHS1|CACNA2D2|PLEKHA1|PIK3IP1|COL6A3|RBM38|GBP2|NLRP1|ID3|SEMA4C|IL16|SP110|LPIN2|DHRS3|SGK1|PDGFA|LINC00623|CTSL
GSE1460_INTRATHYMIC_T_PROGENITOR_VS_CD4_THYMOCYTE_UP	0.960878724044538	1	0.219205383901752	0.829209343970538	3192	184	ARMCX1|PREX2|CPVL|TNFSF4|PLK4|RMI1|HMGN5|ERI2|MTX1|PSMC1|SEH1L|NUP107|RRAS2|NEIL3|ESD|MRPS22|RTRAF|COPS3|MAD2L1|EIF2B2|PLPP3|GFI1|ARL3|TCEAL9|UBE2E1|UTP3|ADK|NUBPL|CDK2AP1|RHEB|CD24|BUB1|MYB|KCTD9|MLLT11|CLGN|MYC|STMN1|PEX5|GART|ZNF254|GNL2|CETN2|ACAT2|CHCHD3|CEP70|TFDP2|DNAJB6|CIB2|CAT
GSE1460_INTRATHYMIC_T_PROGENITOR_VS_DP_THYMOCYTE_DN	0.681825072002425	1	-0.261057615736312	-0.916261264547184	4497	171	IL17B|IL21R|STX11|TSC22D3|MAPK13|RHOBTB2|ATP9B|ENC1|LYST|KCNC4|COMMD4|SLC12A4|EEIG1|POR|FOXP3|AGBL2|LBP|APH1B|COL6A3|CABIN1|PGS1|ARSL|MEAK7|BCL6|ACSBG1|TONSL|DGKA|SIX5|SGK1|IL23A|NOS3|SLC35E3|HDAC5|SLC9A8|AKAP7|KDM4B
GSE14699_DELETIONAL_TOLERANCE_VS_ACTIVATED_CD8_TCELL_UP	0.971034273582044	1	-0.223871762190926	-0.784626334931596	6402	168	BSPRY|BSCL2|PYCARD|COX8A|L1CAM|IFITM1|PPM1J|BSG|GPX8|ITGAX|THEMIS2|SEC61B|COBLL1|EHBP1L1|TXNDC17|CTSD|LPIN2|PLK3|SPN|F2R|RILPL2|HMGN2|ITGB1|PLEKHF1|MRPL57|IL18RAP|ERN1|PTGES2|ID2|ASRGL1|NIBAN1|HAUS4|IFNGR1|STARD10|DPCD|CDC34|MICAL1|RNF216|SCPEP1|HIP1
GSE14699_NAIVE_VS_ACT_CD8_TCELL_DN	0.968330955777461	1	0.219599116258469	0.813983572323588	3393	156	FOXO1|PDK1|SLC49A4|CREBL2|TCF7|TDRKH|PIK3C2A|ABCD3|CYP2R1|RRAS2|DCAF6|ISOC1|INPP4B|SLC25A36|FOXP1|ARV1|KLHDC2|USP53|PELI1|PHTF2|ITM2A|QSER1|RAPGEF6|PRMT3|FAM3C|NEU3|MGA|ELOVL5|MYC|TTC3|ZMYM2|ATP11C|NUMB|ICE2|USP28|SSBP2|PALS1|TASOR2|RAB3IP|AFP|SLC6A19
GSE14769_20MIN_VS_360MIN_LPS_BMDM_UP	0.998513674197384	1	0.202366468474619	0.773147479450645	3358	194	NXT2|TM6SF1|ABCC3|CNOT8|WDR75|MLF1|GNAQ|GLUD1|RFC4|SLF1|NEIL3|ORC2|DYM|APOO|ATP5F1C|PGM2|DYRK1A|SPDL1|MEAF6|HAUS1|NUP205|TUBE1|PLPBP|ETFDH|CTNS|IFTAP|BAG4|ACAT1|PIK3CG|COMMD10|APEX1|OTUD6B|ING2|GGH|MRPS33|ABCB7|FAM111A|FAM118B|CCNDBP1|BTBD3|POLR3G|ATP11C|USP28|HSPA9|ZZZ3|PHKA2|VTI1B|ALDOA|IMPA1|FBXL17|GORASP1|GEMIN2|CDIN1|FKBP1A|MELK|CDK19|NCAPH|NCAPD2|CCDC47|EEF1B2|GINS3|EVI5|PTPN18
GSE14769_40MIN_VS_360MIN_LPS_BMDM_UP	0.825470987189149	1	-0.244643938779518	-0.870480904604578	5476	195	TEP1|RCAN3|TBC1D2|ABCB4|COX8A|CARD19|DHRS1|AMDHD2|RPP21|SAC3D1|DTYMK|ABHD17A|PPARG|TMEM208|PALD1|LAGE3|ZNF622|MFSD12|CHMP6|KCNAB2|CTSA|MXD4|POLD1|ITGB5|TXNDC15|IL16|LRSAM1|RAB11FIP5|GNPTG|MAF1|DHCR7|ID1|GSK3B|ENTPD4|CARS2|SLC66A1|FRRS1|GOLIM4|SKI|POLA2|S100A6|CENPB|PTGR2|FHIP2A|ATP5MC1|UQCC6|HABP4|NUDC|MRPS12|GTF2IRD1
GSE14769_UNSTIM_VS_120MIN_LPS_BMDM_UP	0.991015274034142	1	0.210552271837108	0.80081135317863	3308	190	ZBTB12|GPR137B|EXO5|RAD54B|MBLAC2|WDR5B|PDIK1L|ERI2|S1PR2|C8orf58|NEK9|LIPT1|NBR1|ZNF770|MFAP3|PRIMPOL|ORC2|UFL1|TMEM140|SMIM20|EXOC8|NATD1|VDAC1|CREG1|ZNF623|C17orf75|AKIRIN1|RCOR3|HYCC2|ATG12|KMT2E|NMNAT3|TUBGCP4|INPP5B|FANCF|RAB14|WEE1|MBD4|ZNF124|TRIM59|ATP6V1B2|TRAPPC11|POLR3G|CCDC115|ZRANB2|SKP2|ZC3H8|RNF130|USF1|ORMDL1|RIOX1|DYNC1LI2|HIF1AN|MRPS2|UBTD1|ARHGAP25|CRKL|EPM2AIP1|GINS3|C2orf69|ATG16L1|GZF1|GAN
GSE14769_UNSTIM_VS_20MIN_LPS_BMDM_DN	0.667768098528087	1	0.248783960151139	0.937818513078287	2222	180	ZC2HC1A|CD44|MSL2|ITGB4|NEDD1|GABRG1|PPP1R3D|SELENOT|CCL4|GPR174|RNF139|HS2ST1|ANLN|CCRL2|INTS13|PHLDA1|EGR1|PEAK1|IPO7|NUP153|NAA15|EARS2|ABCB10|NUP37|BCL9|ABCA13|SLAMF7|FGFR1|ATL1|KDM4C|SFXN4|MAP4K3|MFSD4B|PHLPP2|ZNF654
GSE14769_UNSTIM_VS_240MIN_LPS_BMDM_UP	0.951299671347475	1	0.222680105154593	0.847625311360432	3183	191	RHOV|GPR160|AGO4|MAP3K9|ERI2|RAB3A|WDR75|ATG4C|ZNF518B|C8orf58|RMDN1|PPP1CC|NEK9|PSMA1|ADIPOR1|OLA1|GCLM|AGPS|SLC19A2|FEM1B|TCEAL8|CDC14B|HAUS5|SLC20A1|ARPC3|MTRR|ANKRD46|FAHD1|HSPD1|DARS2|PIK3CG|SLC36A4|ABHD5|UTP15|IDH3A|DSCC1|C6orf62|FANCF|AGPAT5|RSL1D1|RPF1|ERCC5|LRRC40|JAGN1|BTF3L4|MMS22L
GSE14769_UNSTIM_VS_360MIN_LPS_BMDM_UP	0.979500224450097	1	-0.219144761092308	-0.781186363763809	6545	196	EFNB1|PCNX1|IL11RA|C1QTNF12|TBC1D2|TMEM81|INAFM1|DHRS1|MRPL41|ING4|SLC41A2|TMEM208|MFSD12|KCNAB2|PCED1B|TRIB3|ACP6|CAMK1|MXD4|POLD1|MERTK|TXNDC15|SDHAF2|PAQR4|MAF1|SNRPD2|PDLIM4|GSK3B|TUBG1|PAFAH1B3|GPR180|POLR1G|FRRS1|ZNF219|NUMA1|POLA2|ECH1|ABCD4|VPS13B|S100A6|CENPB
GSE14769_UNSTIM_VS_40MIN_LPS_BMDM_UP	0.695745005337807	1	-0.26069613679836	-0.909581719087192	4561	161	EFNB1|TMEM30A-DT|APOA1|NHLRC3|TMEM117|SH3BP2|KCNC3|RCN3|SFI1|NKX6-1|TMEM80|STYK1|C8G|STAB1|ELMOD3|ST8SIA5|KLF14|CACNA1A|SNHG17|LRRC45|AKR1C2|RTBDN|ELOVL1|TMED4|PIDD1|ACVR2B|SYS1|SLC20A2|RPS11|MTG2|METTL17|HES1|PLEKHH1|MRPL4|TEAD3|CPT1A|TRIM11|EPB41L2|ELK4|CDC37L1|SPTLC2|KPTN|GPATCH4|SLC8B1
GSE14769_UNSTIM_VS_60MIN_LPS_BMDM_UP	0.89642269121389	1	-0.236419948461399	-0.837654915444962	5988	183	NHLRC3|FGD3|PYCARD|COX8A|SLC39A3|NDUFA3|N4BP3|MYL11|APLF|ATP5ME|ECI1|NDUFA11|IER5L|MFSD12|SHFL|LRRC75A|NFRKB|TMEM184A|SLC25A45|IL18BP|FBXO41|LYL1|SNHG3|RNF181|PSMB10|BABAM1|PGP|PAQR7|SDHAF2|AGPAT2|ELOVL1|MRPL57|TMED4|RPS27|OSTM1|WNT5B|SYS1|ZNF764|BID|SLC66A1
GSE14908_ATOPIC_VS_NONATOPIC_PATIENT_HDM_STIM_CD4_TCELL_DN	0.741332529394031	1	0.243726088630731	0.919085510543376	2458	181	LIPG|PTPN6|ATP6AP2|ENOPH1|RARS1|RBMXL1|SUV39H2|NHLRC2|CRLF3|LIPT1|SLF1|LIPT2|HPRT1|SLC39A1|QNG1|BRIX1|CD164L2|C1S|CHAC2|RRP15|MRPS31|EIF5A2|ARV1|IFT57|VDAC1|PPHLN1|POGLUT3|SBNO1|B3GNT2|CLIC4|UXS1|RBBP4|ATAD1|PAPOLA|PFN1|PSMC2|MTF2|IPO11|CSAD|TYSND1|CUL5|ZNF638|ASB8|DLD|ECD|PCLAF|BTK|FABP5
GSE14908_ATOPIC_VS_NONATOPIC_PATIENT_HDM_STIM_CD4_TCELL_UP	1	1	-0.190854289272689	-0.678715651537056	6642	193	COX6A1|PEMT|MRPL41|SAC3D1|MATN4|TMEM163|RPP25L|NDUFA11|AKT3|KCNAB2|SMIM11|TMEM101|TMEM161A|NSDHL|LSS|H2BC5|SMDT1|ACSBG1|KCNN4|CHID1|BABAM1|RPS2|TSEN34|PPP2R3C|RNF121|ITGB1|PDF|NCAPH2|SIGIRR|TSR2|FANCG|NMNAT1|APTX|NR2F6|CENPB|TMEM39A|EIF2B5|PIGM|TUBA3C|CEMIP2|SEM1|PLBD2|ARL14EP|NEFH|EFCAB2|CBX6|GPR89B|YAE1|NCBP3|GSS|CHST2|PBDC1|RXYLT1|PLCB3|VAMP8|EI24
GSE14908_ATOPIC_VS_NONATOPIC_PATIENT_RESTING_CD4_TCELL_DN	0.923341303048416	1	-0.232115242266849	-0.827760137922708	6178	197	MXD3|WFS1|CDC26|MRM2|COX8A|COX6A1|NDUFB2|SLC52A2|GRN|SPOUT1|TSPAN4|SAC3D1|ZC3H12C|COX6B1|NDUFA11|AURKAIP1|EXOSC5|PYCR3|LSS|WDR4|RPP14|KCNN4|CHD1L|ATPAF2|MFSD10|WIZ|KIFC1|FZR1|FANCG|NMNAT1|GNB1L|TNIP2|POLRMT|CSTB|NELFB|TLCD2|UPP1|TMEM39A|MPI|VPS36|DOLK|DMAC1|CRCP|CD320|LANCL2
GSE15139_GMCSF_TREATED_VS_UNTREATED_NEUTROPHILS_DN	0.884066587395957	1	0.228958632650077	0.874743681926113	2973	194	CNRIP1|PRKCH|DHX58|TAMALIN|NCOA2|SCOC|TDRKH|KLF10|RBMXL1|MRTFB|ZWILCH|SACS|INTS8|IPMK|USP14|CPSF3|MAP3K21|GPRASP3|OTUB2|DCAKD|CENPU|ARV1|CPOX|NFE2L2|SRP72|PHTF2|NRAS|FAM91A1|ACTR2|EIF4G3|RNPC3|CS|DNAJB11|C10orf88|APC|NRF1|OTUD6B|UPF2|PTPRC|RAB14|RCN2|SRSF1|WDR31|DDX6|XPOT|TMEM181|SEC63|AEBP2|LATS1|TMEM87A|SRBD1|PRKCQ|CDK6|DHX33|ALDH18A1|RFWD3|RALGAPA1|KNTC1|OMA1|PORCN|ATG3|EED|DNAJC21|CWC27|SRSF10|TRAK1|DAPP1|YWHAB|MRPL35|SMC5|FAM204A|SLC66A3|TRIM5|SMG1|ZMYM4
GSE15324_NAIVE_VS_ACTIVATED_CD8_TCELL_DN	0.802365623596347	1	-0.247506526290605	-0.877068504392332	5358	184	TNS2|SLC30A3|PCBP4|PURG|BCAS1|TIMP3|AMZ1|RPGR|TMEM25|SH3BP2|PLXNA1|GRN|TSPAN4|IER3|ST6GALNAC6|ACSL6|SDF2L1|GAS2L1|BCL3|CA12|LIG1|MOK|CRLS1|SRM|SLC7A11|UQCRQ|MEX3A|SIL1|MLEC|HEMK1|PPP2R3C|DDX31|KIFC1|NENF|NMRAL1|P4HA2|HIRIP3|C12orf75|DCTPP1|NEK6|SLC66A1|TTC12|TNIP2|CCDC112|NUDT2|ABCA5|POLA2|NINJ1|NT5DC3|MAST2|NOC4L
GSE15324_NAIVE_VS_ACTIVATED_ELF4_KO_CD8_TCELL_DN	0.821203953279425	1	0.235444185290501	0.895484883518111	2741	190	MTMR6|SNX18|MANSC1|DCLRE1A|HACE1|ZNF518B|TDRKH|MLF1|CEP162|KLF10|THG1L|DOCK7|YES1|ALG6|CRYBG3|LYPLA1|SLF1|FBXO30|NAB1|HIBCH|PRKRA|ARL1|PREPL|POGLUT2|AGPS|SLAMF7|GPNMB|OTUB2|CDHR4|UBE2E3|MRPS31|CENPU|DCAF17|TYMS|DCTN6|CPSF2|FBXO45|PEX13|DEPDC5|BORA|PPP1R16B|ZNF266|AP3B1|KCTD11|ARHGAP5|NMRK1|DOC2A|TCERG1|PTGER3|ANAPC10|NDE1|PRDM2|WDR31|DDX21|NEMP1|GYG1|L2HGDH|ANKRD33B|ELOF1|EIF2D|TNFSF9|RNASEH2B|EXO1|SARNP|EXOC4|ABHD18|NAA35|RHAG|UBE2K|WDR43|PAIP1|WAPL|KDELR2|MRPL35|MTFR1|RPA3|SLC7A6|ZEB2|ZCRB1|NAA16
GSE15330_HSC_VS_GRANULOCYTE_MONOCYTE_PROGENITOR_DN	0.735059461086858	1	-0.25353213860584	-0.901610497176654	4882	193	ASCL2|LAT|IDUA|IL21R|POU2F2|LATS2|RGS20|SPON2|POLR2F|TSPAN5|HBB|MAPK11|APBA3|COMMD4|SOD3|SAC3D1|CXXC1|IRF3|IL2RG|GET3|AMPD2|C2orf76|NDUFA6|SDF2|NDEL1|DUSP7|SELENOS|WDR83OS|TNFRSF1B|PER1|SLC5A3|FHDC1|NR2C2AP|CYBC1|KLHL21|DPH2|SDF4|C8orf82|LCMT2|ANKIB1|PAFAH1B1|EMC6|WDR45B|ATP6V0B|ATXN7L3|SAP30L|SAFB|LEMD2|ALAS2|SEM1|UQCC2|CDC37L1|NEFH|PRSS8|COA5|NFKBIL1|SLC12A2|LSM14B|MESD|ARHGAP17|TBC1D13|AP3S2
GSE15330_HSC_VS_GRANULOCYTE_MONOCYTE_PROGENITOR_IKAROS_KO_DN	0.808085362188158	1	-0.246306693315809	-0.875598192289498	5376	192	LAG3|POU2F2|ABRACL|BSPRY|MRM2|RAB34|APOE|NRDE2|PHPT1|PPCDC|NSG2|PLEKHG6|STK39|HSD17B10|FYN|COMTD1|IFI27L2|RPAP1|SELENOH|TBCD|ID3|BIN3|DHRS3|HPCAL1|MSRA|TRAP1|THOC6|NR4A1|SELENOS|EPHX1|GPAA1|PYROXD1|ZNF354B|TSC22D1|PACSIN1|EXTL3|DGUOK|SLC9A8|RCN1|SF3A2|SDF4|TSR2
GSE15330_HSC_VS_GRANULOCYTE_MONOCYTE_PROGENITOR_IKAROS_KO_UP	0.778112752487187	1	0.240492426778714	0.906891445595781	2580	181	TTC39B|BATF|TAMALIN|SMARCA1|RAD52|ARID5B|LAMP2|CAPZA2|RUFY2|MGAT2|CPEB2|SIAH1|SACS|COG6|PLEKHF2|SLC44A1|RAB6A|SLK|SKIL|PROKR1|SYT3|IL24|EGR2|ACSL4|KIF3A|ZDHHC20|TGFBR1|SEPSECS|SYP|TRIP11|RBPJ|KDM3A|ATE1|HYCC2|TRIM32|VMP1|SEMA7A|MAN1A2|UBQLN1|CHMP5|GLUL|SNTB2|TMX1|SERINC1|PUM1|PTPRJ|ATP11B|RAB4A|TFRC|IL1R1|CHM|YAF2|RIOK3|RBM12|RPS6|TRPS1|POLD4|RAB20|RASA2|PLA2G12A|NEK4|AQP3|DNAJC3
GSE15330_HSC_VS_GRANULOCYTE_MONOCYTE_PROGENITOR_UP	0.988305847076462	1	0.21169005567891	0.804337523824645	3295	189	PRKCH|RGS2|EVC|TP53INP1|INTS13|PHLDA1|CCT8|CBLL1|C3orf62|ETNK1|TCF12|INTS6L|SKIL|RNF6|ARL1|MFSD1|DYNLT2|AP5M1|VAV1|RBKS|USP47|HLA-C|DPH6|IRAK4|CERT1|WDR36|PLPBP|LCP1|TRAPPC2|CCSER2|ZMYM5|MED31|MGA|FBXO28|SEPHS1|MEG3|ZMPSTE24|IKBKE|C6orf62|CAPZB|FYCO1|C12orf43|NCOR1|TBC1D23|TFG|ITCH|ATP6V1B2|CTDP1|DNAJB6|ATP6V1C1|FUBP1|RPS6|RRN3|TFIP11|SIMC1|HSPA4L|ATG5|AGO2|SRP68|NIPBL|ST13|VASP|DMAP1
GSE15330_HSC_VS_MEGAKARYOCYTE_ERYTHROID_PROGENITOR_IKAROS_KO_DN	0.809104258443466	1	0.238184262288274	0.892955898721263	2754	171	RHOV|RTL6|CLDN23|CD3G|EMC9|HVCN1|HMGN5|PECR|HNRNPLL|EEF1AKMT1|RASGRP4|PHLDA1|EDARADD|RRAS2|INTS6L|RAB11A|EPS15|CD96|FABP6|FABP9|CD274|XCL1|RPS6KA2|BEX3|TCEAL9|TMEM38B|CSRP1|ITM2A|B3GNT2|PDE7A|MAPRE2|ADAM10|GPR153|HOXB7|TMEM243|TTC3|CA2
GSE15330_HSC_VS_MEGAKARYOCYTE_ERYTHROID_PROGENITOR_IKAROS_KO_UP	0.999698431845597	1	0.192104222255805	0.728037244463245	3314	187	CD44|KAT2B|MDP1|UBLCP1|CKS2|HIF1A|VPS54|CPD|PHLDA1|EGR1|CTSK|MOB3B|PIK3CA|LDHA|HYCC1|LYSMD3|CHPT1|COG6|INTS6L|ERP44|SLC39A1|RRAD|IFFO2|TXK|ATP6V1D|LRRC8C|TBC1D19|ZDHHC20|LAMTOR3|SYP|CYRIB|SUGT1|CHUK|MKRN3|SUCLG1|P4HA1|FRYL
GSE15330_HSC_VS_MEGAKARYOCYTE_ERYTHROID_PROGENITOR_UP	0.923590619661438	1	-0.236193750712394	-0.810369038977825	5946	140	IGF1R|CCR7|CYLD|ELMO3|RPS29|SH3PXD2A|CARNS1|GRIA3|NSG2|PLEKHA1|RASGRP1|PIK3IP1|NPFF|SLC16A5|ID3|RAMP1|SLC12A7|RFX1|TREML2|ZBTB20|MAP3K3|MGRN1|EPHX1|TTC28|EVL|POLR1G|IL6ST
GSE15330_HSC_VS_PRO_BCELL_DN	0.966882432635857	1	-0.223839018528688	-0.796015881430093	6422	193	TBC1D1|PCBP4|ENKD1|ARSA|CD37|PYCARD|TMEM9|DHRS1|N4BP3|SREBF1|ABHD17A|NSG2|IER3|IFT27|RPAP1|STAB1|ABCB6|VWA1|SLC2A8|RAMP1|SEC61A1|BMP1|RCBTB1|PLEKHF1|LAMTOR5|ID1|TEX264|CTTN|SDHA|SIGIRR|CMTR1|BORCS5|NEK6|NIBAN2|LPCAT1|TMEM128|MICAL1|MRPL4|PTGR2|FANCE|MPI|ESYT1|SPTBN1|NUDC|AKR1A1|ATOSB|MROH1|TIMM50|POLE3|TCF25|HDAC6|SIPA1|NES|MRPS34|HEXIM1|STK10|TUBB4B|DCTN1|VAMP8|LIMD1
GSE15330_LYMPHOID_MULTIPOTENT_VS_GRANULOCYTE_MONOCYTE_PROGENITOR_DN	0.875558201845788	1	0.229975866596592	0.877431205930983	2940	193	IGSF9|CAPZA1|SERPINI1|EGLN3|CLDND1|CNIH1|ANGPTL4|EEF1AKMT1|ZNF518B|EIF4E3|RAB22A|SLF1|MXI1|TSPAN13|SAAL1|STARD3NL|FNTA|MRPL50|AP3S1|RBM7|OSTF1|TANC1|SERPINE2|BEX3|DUSP10|AGL|HERPUD1|OSGIN2|HAUS1|TDP2|LAMTOR3|VRK2|WIPF1|MTMR4|RABGAP1L|IFTAP|ATE1|CDKN1B|CFAP20|BIRC2|RNF14|CA2|GLTP|IPP|DHX57|NUP88|RAD21|PRXL2A|PANX1|YIPF4|MFSD6|KLHL7|SEPTIN8|RYK|ATP5PB|IQGAP3|LMNB1
GSE15330_LYMPHOID_MULTIPOTENT_VS_GRANULOCYTE_MONOCYTE_PROGENITOR_IKAROS_KO_UP	0.996686746987952	1	0.204551584149533	0.774977310136536	3308	186	TNFRSF14|RGS2|FAM53A|IGSF9|NCOA2|DNAJC28|TCF7|BCAP29|LHPP|OCIAD1|RPAP3|PPM1A|GNPAT|WDR26|MAPK8|NUP37|ETFA|MAPK1|SCFD1|PANK1|WASHC3|DBT|TDP2|CDK1|ZNF654|SMC3|MAPRE2|RPRD1A|BAG2|SEPTIN2|PPP4R3B|TMEM243|IDH3A|LSM3|ARL4A|CCDC90B|FANCF|HMGCS1|PHIP|SGMS1|GTF2H1|NCAPG2|HERC4|STMP1|DCAF12|FBXO11|ATM|LYSMD2|PIP4K2A|CEBPZOS|NR3C1|XRN1|IMMT|MRPL45|FEN1|CCDC47|NUDCD1|STAG2|WARS1|LYPLAL1|ANAPC1|PPIF|NUCKS1|NFKB2|POLK
GSE15330_LYMPHOID_MULTIPOTENT_VS_GRANULOCYTE_MONOCYTE_PROGENITOR_UP	0.992011834319527	1	0.209576555101407	0.786557915379346	3352	173	CD3G|UAP1L1|ACTR3|MNS1|KALRN|KIF11|TMEM37|KHK|NAB1|OAT|ATL3|INTS6L|NEIL3|AP3S1|GSTM2|PAX7|SLC22A2|PSMG1|CHTF8|SDHD|PCCA|KCNK1|SAMSN1|TMEM38B|NFE2L2|CDK1|ITM2A|RAPGEF6|MAPRE2|ADAM10|SCG3|SEPTIN7|MINPP1|RBBP8|SMPDL3A|AGBL5|PARK7|C6orf62|NGLY1|SFXN1
GSE15330_LYMPHOID_MULTIPOTENT_VS_MEGAKARYOCYTE_ERYTHROID_PROGENITOR_DN	0.919723391461215	1	-0.233838945682061	-0.824415316478333	6117	176	NFKBIZ|STS|LATS2|SPON2|CLDN6|PPCDC|SLC19A1|STK39|PLEKHA1|LUC7L|PGF|NRTN|HMGCL|ST8SIA5|CXADR|HOXC13|MRPS14|PELP1|DDT|SRM|PIN1|KCNN4|NFE2L1|DPF1|CPNE1|NR4A1|BAP1|PER1|ARFRP1|BID|MTG2|PLEKHH1|GRAMD4|SH2D2A|DNLZ|SENP3|DCPS|GABRQ|SPHK2|SRF|GCAT
GSE15330_LYMPHOID_MULTIPOTENT_VS_PRO_BCELL_DN	0.971864711164322	1	-0.222339592093695	-0.788311976572658	6493	186	CD27-AS1|ADAM19|TBC1D1|CYFIP2|CREBRF|LYST|MTG1|APLP2|PRPF31|EEIG1|IFI35|TTYH2|TXNDC16|STARD3|BCL3|PGS1|FRMD6|MAFK|GPR146|ZC3H12A|STING1|MTFMT|IL17RA|SGK1|SDHAF2|NDST1|SLC66A2|MRPS11|GPR180|SYS1|SDF4|MDK|OGFR|APEX2|TNIP2|C9orf85|TRAF3IP2|SOCS3|JTB|MCM3|CSTPP1|EBP|PRAF2|LDAF1|FNTB|PNPLA2|GATA1|RNF19A
GSE15330_LYMPHOID_MULTIPOTENT_VS_PRO_BCELL_UP	0.725087924970692	1	0.245089544888164	0.917751740588144	2473	170	TNFRSF14|RGS2|SNX18|SRC|UQCRB|ABCC3|HVCN1|EIF2AK3|PHLDA1|C3orf62|TMEM37|RNF103|TFB2M|WDR26|DMTF1|HOMER1|GSTM2|RECK|OTULINL|TDRP|CATSPERG|RNF144A|DUSP10|RHOA|TCEAL9|MRPL47|MORF4L2|YTHDF2|CSRP1|PCDH1|ITM2A|B3GNT2|EBAG9|ADNP|SCG3|PFN1|MOV10L1|CCR10|QDPR|NCBP1|SEPTIN11|CHMP1B
GSE15330_MEGAKARYOCYTE_ERYTHROID_PROGENITOR_VS_PRO_BCELL_DN	0.965352449223417	1	0.219764092316787	0.837495577299154	3231	192	RPGRIP1|PLAAT1|ZNF235|IGSF9|BLZF1|EGLN3|MTX1|NUDT13|HDAC2|CD80|LYPLA1|RIF1|CHPT1|YWHAQ|INTS8|NEIL3|AP3S1|MED21|GJC1|CHAC2|ALDH9A1|PRKCI|NDUFV2|HAUS5|WASHC3|GRK5|LAMTOR3|CMPK1|NME7|ZNF451|SNRPB2|SSR1|FBXO45|IFTAP|SMIM30|SELENOF|NIP7|C1D|SPTSSA|HMGB1|PCNA|SRSF1|MTIF2|UBE4B|RYK|ATP5PB|IQGAP3|LMNB1|REEP3|DALRD3|STMP1
GSE15330_MEGAKARYOCYTE_ERYTHROID_PROGENITOR_VS_PRO_BCELL_UP	0.886497064579256	1	-0.237519005866732	-0.844664625739387	5888	193	CYFIP2|HLX|CD37|TSPAN5|SLC9A1|ANKH|SYNGR1|N4BP3|APLP2|ZC3H12C|POR|ABHD17A|PLEKHA1|AURKB|CAMKK1|SERPINE1|ABCB6|SLC15A2|PKP3|TMEM101|SLC25A45|CSRP2|TSPO|TXNDC17|ACSBG1|GMFG|CAPN15|GPSM3|TRAPPC1|CDCA3|PPP1R18|AP3D1|CTTN|KLF13|MYBL2|ATP6V0A1|NEK6|PNPO|IFNGR1|PRR14|ST8SIA1|CCNF|CDC42EP3|SH3BGRL3|FAM8A1|HIPK2|PIMREG|TOX4|MROH1|POLR2I|LRRC8A|KIF22|RPS14|MRPL58|CUX1|CDK5|COX4I1|USP22|RAB18|MNT|GSN|DIPK2A|EID1|JADE1|TMED3|CDK5RAP3|EIF6|TRAPPC10|XYLB|CMTM3|INHA|SMAP2|HASPIN
GSE15330_MEGAKARYOCYTE_ERYTHROID_VS_GRANULOCYTE_MONOCYTE_PROGENITOR_DN	0.9998499174546	1	-0.197826409810502	-0.702756862538134	6661	190	FES|SRGAP3|EXT1|B3GNT8|RABAC1|RNASEH2C|SPSB3|CIAO2B|LBP|IER3|ST6GALNAC6|CAMKK1|STAB1|BCL3|MYO1G|AMPD2|SLC16A3|YIF1A|CST3|BMP1|SGK1|CERS4|FBXL3|GNB5|IL18RAP|ITGAV|NT5C|SLC35F6|TEX264|CTTN|NIBAN2|NUBP2|TAX1BP3|DPCD
GSE15330_MEGAKARYOCYTE_ERYTHROID_VS_GRANULOCYTE_MONOCYTE_PROGENITOR_IKAROS_KO_DN	0.700703698158407	1	-0.257495248757999	-0.91246471800563	4679	184	ESPN|SEMA4D|NAGK|ARSA|TSPAN5|L1CAM|N4BP3|SPOUT1|MEF2B|SERF2|ARHGAP4|ARHGAP45|CIB1|HSPB1|DCAF15|TIMP1|PLOD3|MET|EMP3|SIRT7|TMEM109|IRS2|FRMD8|TSPO|RPS16|B9D2|SEC61A1|ABCD1|SGK1|TSC22D4|MAP3K3|ARHGAP1|PLEC|GALE|VKORC1|AP3D1|KLF13|DDA1|MYBL2|NEK6|RPS11|SLC66A1|FAM50A|UBXN1|CDC42EP3|SAP30L|FLII|MPI|ARAP1|AP1G2|PRAF2|SEPTIN9|GTF2IRD1|UHRF1|ENTREP3|RHOG|ATOSB|SAE1
GSE15330_MEGAKARYOCYTE_ERYTHROID_VS_GRANULOCYTE_MONOCYTE_PROGENITOR_IKAROS_KO_UP	0.972871137905049	1	-0.221736299645992	-0.788971987871196	6454	195	FOXD2|LAG3|RAB34|FMC1|SH3BP2|MRPS18C|PDE6D|JMJD8|RPP25L|PEX7|FDXR|PIGU|AMPD2|TXNRD2|POLR2E|MRPL55|RPP14|MED24|GUK1|TRAP1|POLR1C|ATPAF2|HDAC7|MRPS21|ELOVL1|KIFC1|NENF|PYCR1|NCAPH2|SDHA|IL15RA|MRPS5|GTF3C5|SF3A2|FANCG|SLC66A1|EEF1D|C8orf82|PDK3|LPCAT1|ACP2|NUP188|MRPL46|PTDSS2|LARP1|CCDC107|PTPA|FXN|RCC1L|UBAC1|CBX6|ATP1A1|ISYNA1|SLC16A1|GPT2|PDIA6|EIF4A3|POLR2G|ATP5MC3|PXMP2|SPRYD7|MRPL54|MEA1
GSE15330_WT_VS_IKAROS_KO_GRANULOCYTE_MONOCYTE_PROGENITOR_UP	0.908056304282719	1	0.228262480230683	0.868170094193338	3031	190	SLAMF6|FAM53A|CRYL1|LRATD1|HLA-B|NCOA2|ETFRF1|CTSS|ZNF277|PNPLA6|PNPT1|SOSTDC1|PSMA1|HIBCH|DDX10|WDR26|MRPL39|RBMX|DYM|CD96|SYNE2|TAPBPL|SLAMF7|XCL1|TDRP|PSMG1|SDHD|HAUS5|PKP2|OSGIN2|HAUS1|MBNL1|CNOT3|VRK2|PHTF2|CMPK1|EXOC6|CELF2|B3GNT2|NAMPT|RFC5|CASP3|EBAG9|EIF4G3|PRKD3|ZNF566
GSE15330_WT_VS_IKAROS_KO_HSC_DN	0.953029169783096	1	-0.227204302482774	-0.80657298780754	6370	188	MXD3|SEMA4D|FAAP20|CARD19|ANKH|COMMD4|PLA2G15|SMTN|ZC3H12C|LBP|RRBP1|AURKB|CAMKK1|TBCD|PNKP|CTSA|SLC12A7|RNH1|DGAT1|GMFG|IL17RA|SLC4A2|CAPN15|B4GALT7|DYNC1H1|TRPC4AP|MFSD10|TMEM199|ELOVL1|NT5C|PYCR1|INO80C|ID1|KLF13|SIGIRR|MYBL2|C19orf25|SF3A2|NOCT|PAFAH1B1|NCBP2AS2|ULK1|CDC42EP3|SERPINF1|RDM1|GSTK1|HIPK2|GTF2IRD1|DENND4B|PIMREG|UBE2Z
GSE15330_WT_VS_IKAROS_KO_HSC_UP	0.766040570999249	1	-0.250718323238592	-0.890817781142982	5097	191	SHF|METTL27|RCAN3|STX1A|NUP210|UBL5|IFI35|POR|SGIP1|SLC23A3|TMEM80|QRICH1|SLC52A3|LGALS3BP|RIPOR1|PCNX3|GUCA1B|SEMA4F|MIB2|IGF2R|MYO9B|IL16|DGAT1|RPS16|NECAP2|SFXN3|RHOB|TRPC4AP|SYVN1|ARHGAP1|GRIPAP1|ABL1|PLEC|PCSK7|CYBC1|E4F1|KDM4B|CLTA|XYLT2|ZNF764|SAMD8|TMUB2|MAN2C1|PARP12|IRF9
GSE15330_WT_VS_IKAROS_KO_LYMPHOID_MULTIPOTENT_PROGENITOR_DN	0.993975903614458	1	0.207004964266158	0.784272344107696	3299	186	CD40|PPP2R3A|POU6F1|FMR1NB|NAA30|ETFRF1|COPS8|MGAT2|HIF1A|RARS1|EXD2|STXBP3|CLK4|RIMOC1|TAB2|RPAP3|SCAF8|LIPT2|LRPPRC|IFRD1|IFFO2|WWTR1|TXK|TMED7|UFM1|NSUN4|NFE2L2|EXOC6|ZNF623|CCSER2|KRR1|PRDX6|CLTC|DHX15|RIOX2|GABPA|MYC|RBM25|PTPRC|FBXW11|AGPAT5|RPF1|OR51B2|TMOD2|MED14|RAB6B|PAPOLG
GSE15330_WT_VS_IKAROS_KO_LYMPHOID_MULTIPOTENT_PROGENITOR_UP	0.996689738188384	1	0.203839117700538	0.771081887020412	3311	184	TNFRSF14|TBCEL|SELENOT|ATP6AP2|USP25|CMTM6|DUSP19|NAA30|NUDT13|ZBTB18|RNF138|ARIH1|NPR2|FMNL3|SLC44A1|ZFYVE26|GRK4|TOX|RAP1B|HAUS5|NATD1|RBM43|CARD10|PIK3C3|BCL2|STK24|CASD1|CRIPT|FAM3C|WSB1|STARD4|APC|UPF2|HMGB1|RAD21|RB1CC1|ANKMY2|FBRS|PHKA2|ATM|CAT|CCDC28A|HLCS|GOT1|PARP14|MED20|HMGB2|DAPP1|ABCB9|SLAIN2|RYBP|TM2D2|FANCM|ATAD2B|TUBGCP3|CHURC1|ME2|TPR|SSR3|TEX9|PRXL2C|FOXJ2|SPPL3|MIA3|CHIC2
GSE15624_3H_VS_6H_HALOFUGINONE_TREATED_CD4_TCELL_DN	0.765459088069956	1	-0.257878001628053	-0.879704352242029	4901	133	CCR7|TSC22D3|PDE2A|NPW|GTF2I|MYO16|SLC3A2|DAGLA|PLEKHG6|AHCYL2|UNC13A|EXOSC4|MED22|DBR1|DHX38|GBP2|TRIM26|PSMB6|IGF2R|TTC4|MSRA|PHC1|CLSTN1|PARP3|TAPBP|RBSN|RNF145|NRARP
GSE15624_3H_VS_6H_HALOFUGINONE_TREATED_CD4_TCELL_UP	0.912983425414365	1	-0.236627416292825	-0.819793786591117	5948	152	CRIP2|MAPK8IP3|L1CAM|NBEAL2|CRYBG1|HFE|KMT2B|PTK2B|MX1|CRAMP1|IFITM3|DHX38|TSC1|GFI1B|MYO9B|CTSD|IL17RA|NECAP2|SFXN3|GNPTG|MTMR10|UBALD1|PLEC|KDM4B|TRAF3IP2|NR2F6|PRR14|PSD4|MICAL1|PITPNM1|CLK3|KIAA0319L|SLC22A5|CCDC125|S100A13|KBTBD7|RC3H1|IKZF5|SDC3|RXRA|EML3|ACTR1B|MATK|SPI1|FUS
GSE15624_CTRL_VS_3H_HALOFUGINONE_TREATED_CD4_TCELL_DN	0.701896604466198	1	-0.260217684610616	-0.906581780319877	4588	159	MXD3|H2AC15|CDPF1|COPS9|POLR2F|SYCE2|GFAP|MAPK11|RNASEH2C|RASGEF1B|DNAJC22|UNC13A|MED22|PPP4C|TMEM255A|POLR2E|FANCA|CAD|TOMM7|BABAM1|GFUS|DEF8|RPL36|NT5C|MCRIP2|TMEM147|NRIP3|IRAG2|POLA2|PPME1|PDXK|MCM7|ATP5MC1|DNMT3A|AP2M1|MSRB1|SNAPC2|SGTA|NDUFA8|COX7A2|WDR90|ARFIP2|C7orf50|SLC25A39|SNAI1|RAB18|INTS3|SDHB|ANAPC15|DBNL|KCTD13|CENPM|PFKL|DYNLT2B
GSE15624_CTRL_VS_6H_HALOFUGINONE_TREATED_CD4_TCELL_DN	0.802691954726216	1	-0.249474423772744	-0.869152946259604	5247	159	SLC30A3|FARP1|DGAT2|PNKD|CHAC1|H4C3|SLC12A4|PRPF31|COX6B1|COMTD1|KSR1|ECE1|SLC7A11|SLC26A6|CHD1L|MBD3|TRAP1|CHID1|BOP1|TRAPPC5|MYBBP1A|RPP25|POLR1H|SPATA24|NEDD8|TUBGCP2|PIDD1|HSPBP1|SIRT4|ADGRL1|EEF1D|PCK2|MRPL21|KLHL26|TAF6|PDXK|BCKDK|CDKN1A|EFTUD2|MSRB1|MRPS12
GSE15624_CTRL_VS_6H_HALOFUGINONE_TREATED_CD4_TCELL_UP	0.802281368821293	1	-0.256881673895791	-0.855691036438005	5063	110	BHLHA15|TYROBP|LRRC56|VANGL2|IFI30|GHDC|ACAP1|TRPM4|UBL7|CD48|THEMIS2|PTPN3|FHIP2B|HPGD|ENO3|FBXL20
GSE15659_CD45RA_NEG_CD4_TCELL_VS_ACTIVATED_TREG_DN	0.989464442493415	1	0.211451601491445	0.789757687033094	3380	167	TNFSF12|PLEKHM3|ZNF385D|SGO2|TRAPPC6B|PLK4|UBR3|ZNF687|UBA6|S1PR2|PNPT1|PROCR|RTN4|SLC39A1|UTP11|TCEAL8|SCARF2|SCN8A|SLC25A3|ZSCAN29|PSMG2|ROCK1|SAMSN1|PRMT3|SEMA4A|RAB2B|ZFC3H1|PRDX3|RRM1|DNAAF10|PSMA2|STARD4|TOR1AIP1|PPP2CA|ZCCHC9|RABGAP1|TYSND1|TIMM17A
GSE15659_CD45RA_NEG_CD4_TCELL_VS_NONSUPPRESSIVE_TCELL_DN	0.711650922177238	1	-0.256952143242247	-0.906911713538364	4745	177	SLC26A11|UBL3|ZNF341|NDST2|REM2|SLC22A18|S100P|PDLIM2|RENBP|RGL3|RGS17|PKD2L2|TMEM80|PILRA|STC2|PPP1R16A|ZNF316|THEMIS2|PCGF1|ZNF747|TMCO6|SEMA6A|STING1|TRIP6|UNC13D|TRABD|THBD|GFUS|PLD2|RAB11FIP4|ZNF579|SLC9A8|PLEKHH3|TK1|ENTR1|EIPR1|ZMIZ2|YIPF2|SKI|S100A16
GSE15659_CD45RA_NEG_CD4_TCELL_VS_RESTING_TREG_DN	0.80704845814978	1	0.238408922897929	0.893798154270285	2747	171	TNFSF12|ZNF268|SGO2|TBX3|CFAP44|RRM2B|UBR3|UCN|ZNF687|SNHG4|ZNF44|ZNF277|SEH1L|TSC22D2|ZNF644|RBM41|TCEA3|TLN2|SLC4A11|SCARF2|SCN8A|SLC35D1|RIT1|WDR89|ZNF324B|TSNARE1|ZSCAN29|TRIP11|TMEM70|PSTK|RPS3A|SPCS2|PRPF39|ZSCAN9|HACD3|SEMA7A|PUM2|SHB
GSE15659_NAIVE_CD4_TCELL_VS_ACTIVATED_TREG_DN	0.965879265091863	1	0.220287731681779	0.820393729260581	3311	163	SGO2|TBX3|TRAPPC6B|PTH2R|SLC22A1|S1PR2|ZNF277|TP63|ARHGAP42|ZNF34|SAGE1|SLC39A1|RANBP9|SCARF2|UTS2B|SCN8A|ZNF324B|SNX3|ZSCAN29|PSMG2|ROCK1|TSNAX|PVR|SEMA4A|RAB2B|RRM1|PPM1K|TTC33|DNAAF10|PSMA2|PSMA6|STARD4|SEMA7A|SHB|TOR1AIP1|VAMP3|SLC9A5|ZFAND5|UBE4B|TIMM17A|TRIM16|ST7-AS1|TP53INP2|SNRNP40|TBC1D4|WDHD1|PPP2R5A|TRAK1|TDRD7|RHOC|TOMM22|PTPN18|RNF10|WARS1|TPMT|ZNF28|TMEM126A
GSE15659_NAIVE_CD4_TCELL_VS_ACTIVATED_TREG_UP	0.919828815977175	1	0.229403484893632	0.850325225887593	3223	156	ALX4|ANKMY1|ARHGEF16|DHX58|CSTA|CDS1|CCL4|EIF2AK3|CAMSAP2|CCDC15|BBS1|HMX2|PXYLP1|LINC01588|ABHD1|SAXO4|DGCR5|CR2|CLTCL1|GUF1|CRBN|BCDIN3D|SMG8|CPNE3|CA8|CHD9|DMTN|CLCN3|CETN2|CFAP298|HELZ|GTF2H1|TRAPPC11|CCDC115|ETV6|HNRNPA2B1|EEF1E1|CD46|CCNY
GSE15659_NAIVE_CD4_TCELL_VS_NONSUPPRESSIVE_TCELL_DN	0.773733697300576	1	-0.252020612135988	-0.883282497498885	5101	168	SLC26A11|UBL3|ZNF341|REM2|SLC22A18|S100P|RENBP|UBL7|SERHL2|RGL3|SOX11|ZIC1|TMEM208|STC2|KATNB1|TIMP1|RAD21L1|SEMA6A|SEC61B|UNC13D|SPATA7|TRABD|THBD|SLC4A2|GFUS|SAP30BP|ZNF579|TP53I13|SLC9A8|TBCCD1|SPATA2|TLCD1|TK1|RUSC1|RNASET2|YIPF2|S100A16|RPS6KB2
GSE15659_NAIVE_CD4_TCELL_VS_RESTING_TREG_UP	0.856514084507042	1	0.2341801477386	0.875126455329192	2918	168	ALX4|DHX58|CSPG5|TBC1D32|CCL4|DNAJC28|EIF2AK3|CAMSAP2|CCDC15|ARIH1|DCHS2|AP3M1|BBS1|INTS6L|AGPS|LINC01588|SAXO4|DCAKD|ASB3|CRBN|XKR8|CDK1|DDX18|CASP3|CA8|CHD9|C17orf75|ACAT1|EIF3J|DMTN|DCP2|CLCN3|DOC2A|DAD1|CETN2|EFR3A|CFAP298|FAM118B|DLD|CENPE|TRAPPC11|CCDC115|ETV6|EEF1E1|DOCK2|EIF2AK2
GSE15659_NAIVE_VS_PTPRC_NEG_CD4_TCELL_UP	0.799636528850523	1	-0.248867122074366	-0.87151378238325	5279	166	ATRN|CDC26|ANO8|CUBN|FCSK|CNNM4|GASK1B|ECM1|FAAP100|CCS|CITED4|LINC03040|ECM2|ALDH16A1|THEMIS2|MFSD12|C2orf15|SUCO|C11orf21|ANKRD45|CSNK1D|DDT|FLYWCH2|DMBX1|PAXBP1-AS1|DNTTIP1|DDAH2|CYBC1|OGFOD3|C1orf122|ERP29|EEF1D
GSE15659_NONSUPPRESSIVE_TCELL_VS_ACTIVATED_TREG_DN	0.909549228944247	1	0.227925870240851	0.857183380029236	3066	175	SGO2|TRAPPC6B|PTH2R|SLC25A46|UBA6|ZNF277|TSC22D2|PROCR|RTN4|PRKRA|SAGE1|SLC39A1|UTP11|RANBP9|UTS2B|SCN8A|RIT1|ZNF324B|SNX3|SLC25A3|PSMG2|ROCK1|SAMSN1|TSNAX|PRMT3|RAB2B|ZFC3H1|RRM1|RLF|ZSCAN9|TTC33|DNAAF10|PSMA2|PSMA6|STARD4|SEMA7A|PUM2|UBE2D1|TOR1AIP1|ZCCHC9|PSPN|TYSND1|ZFAND5|UBE4B|TRIM16|SUCLG2|ZNF530|RAB35|ZNF346
GSE15659_RESTING_TREG_VS_NONSUPPRESSIVE_TCELL_DN	0.749773755656109	1	-0.254021315917747	-0.893958297109596	4970	174	UBL3|TBC1D1|REM2|SLC22A18|S100P|POLR2F|CARD19|PDLIM2|STK36|RENBP|SLC35F3|UBL7|SOX11|TMEM208|PKN3|APOL6|PPP1R16A|STARD3|TIMP1|TMEM139|SEC61B|EMC4|TRIP6|UNC13D|THBD|GFUS|SAP30BP|TP53I13|SLC9A8|TK1|RUSC1|UBFD1|PTPN23|ZMIZ2|YIPF2|RPS6KB2|PSEN1
GSE15659_RESTING_TREG_VS_NONSUPPRESSIVE_TCELL_UP	0.864435274338988	1	-0.242310982256465	-0.844773788018058	5655	160	EFNB1|CFAP45|ENTPD3|ATRN|CDC26|CCS|SPOUT1|DOHH|PRR29|CDH15|CEACAM19|ZNF436-AS1|C2orf15|ARSL|EPHX3|INHBE|SUCO|CSNK1D|FLYWCH2|AGRN|DMBX1
GSE15659_RESTING_VS_ACTIVATED_TREG_DN	0.972123368920522	1	0.216463137846171	0.814074347745803	3277	175	TNFSF12|ZNF385D|SGO2|SLC25A46|S1PR2|PPM1B|PROCR|ZNF34|RBM41|SAGE1|SLC39A1|RANBP9|UTS2B|PPY|SCN8A|RIT1|ZNF324B|SNX3|SLC25A3|PSMG2|ROCK1|PPHLN1|TSNAX|EMC2|PYGL|TMEM70|RAB2B|ZFC3H1|PRDX3|RRM1|PPM1K|TTC33|DNAAF10|PSMA2|STARD4|TIPRL|UBE2D1|TOR1AIP1|PPP2CA|ZCCHC9|VAMP3|POLR3F|PSPN|ZFAND5|TRIM16|ST7-AS1|TP53INP2|TOP1|TBC1D4|PRKX|RAB9A|WDHD1|PPP2R5A|TDRD7|RHOC|TOMM22|RNF10|WARS1|TPMT|SF3B1|ZNF28|TMEM126A|TNFAIP3
GSE15659_TREG_VS_TCONV_DN	0.731726162880544	1	-0.259551871122624	-0.892612729921595	4734	142	WIPF3|RAB27B|IL11RA|RHOBTB2|ITGA4|LILRA2|RPS29|ASH1L-AS1|APOC1|TCL6|SHFL|TTLL1|AMPD2|DUSP13B|FBXW9|BRD9|DUSP7|PPP1R3F|MRPL57|ALG12|AP3D1|PLXNA3|NHSL3|RCN1|IGSF1|QTRT2|ZNF408|GAS6
GSE15659_TREG_VS_TCONV_UP	0.827331486611265	1	-0.247846524794934	-0.859446000400573	5375	154	TCN2|LRRC56|GHDC|PNCK|APOE|ADM2|GUCY2F|ZNF345|HTATSF1P2|ZNF622|INPP5J|DEFB119|GAL|MMP15|SLC43A1|PLK3|PALM|H3C2|SDHAF2|RAB11FIP4|RNF121|MADD|SELENOI|MAF1|HCN3|BOK|DHX8|HMGN3-AS1|HES1|TNFRSF10A|SREBF2|C11orf71|GNA12|NAF1|JOSD1|MAST3|UBE2Z
GSE1566_WT_VS_EZH2_KO_LN_TCELL_UP	0.886401962287291	1	-0.24037321393245	-0.832405713149231	5781	151	ARHGAP33|ANKH|CLN3|COPE|CBX8|ADM2|APOC1|CEP250|RPP38-DT|APOD|DNAJC22|ALDH16A1|MFSD12|DGCR2|ATP6V1F|DIPK1C|TMEM255A|BATF2|BAHCC1|CTSD|ATP5PF|CCDC61|ATP5IF1|ELOVL1|AHSP|DDX31
GSE15733_BM_VS_SPLEEN_MEMORY_CD4_TCELL_DN	0.996101949025487	1	0.205961105024884	0.782569803237135	3321	189	SLAMF6|DCK|IFIH1|FOXO1|SESN3|TCF7|MAP3K1|EGR1|SMAD4|TSPAN13|NAB1|FAM13B|POGLUT2|MRPS6|CNOT7|HSD17B11|LGALS4|EHD3|TXNDC9|RPS27L|SNX3|INSIG1|YWHAZ|MORF4L2|INPP5F|PLPBP|ITM2A|ANKRD46|CUL2|DECR1|MRPS30|CFAP20|PSMA6|RBBP4|CCNT2|CLNS1A|CLIP1|SMPDL3A|INPP5B|ETF1|METTL5|NUFIP2|ACACA|STK4|FARSB|AKIRIN2|TGFBR3|KPNA1|ARID1B|POLR1F|HIBADH|FAM149B1|CRK|PIP4K2A
GSE15733_BM_VS_SPLEEN_MEMORY_CD4_TCELL_UP	0.705703422053232	1	-0.259382512996212	-0.906755910191326	4639	164	CD27-AS1|SRGAP3|TYROBP|SEMA3F|PPFIBP2|LYST|APOE|APLP2|ROGDI|BEND6|ADAMTS4|SLC41A2|MMP1|SELENOV|APOBR|ICAM1|ATXN7L2|MACROH2A2|CCL24|CSRP2|ATOX1
GSE15735_2H_VS_12H_HDAC_INHIBITOR_TREATED_CD4_TCELL_UP	0.92731904690544	1	-0.231807144551461	-0.819795504095503	6187	180	RCAN3|LATS2|IFI30|TASP1|L1CAM|P2RX4|FLT3LG|ECM1|MAPK11|PPM1J|ITIH5|FOXP3|AHCYL2|TRIOBP|AKT3|PKP3|EPHB6|ARHGEF10|NSDHL|IGF2R|STON1|TRAPPC1|MLEC|HEMK1|UCP2|ZBTB7B|SLC5A3|PDLIM4|TUBB2B|CAPG|TMEM65|PCK2|SKI|CD81|CKB|DCUN1D4|RNF216|GCAT|C15orf39
GSE15767_MED_VS_SCS_MAC_LN_DN	0.939101597829364	1	0.223972120020185	0.849707867514972	3114	188	DNAJB2|SETDB2|AKTIP|LPXN|FOXO1|TMEM64|TMEM209|ABHD17B|SLC25A46|HS2ST1|BBOF1|WDR75|IL18R1|AFF4|FASTKD1|MYNN|CIBAR1|CBX7|IBTK|IFFO2|DKK3|EHD3|RAB19|TRIM24|TUBE1|CNOT2|TRIP11|RAVER1|ZDHHC2|NEU3|C18orf54|HACD3|SUGT1|CUL3|PPP1R16B|CLIP1|GALNT1|NCBP1|PSIP1|SEPTIN11|S100PBP|TAX1BP1|BRAP|AKIRIN2|STMP1|SRPK1|DLG5|PPAT|NDFIP1|EIF3H|TRMT6|SP4|SLC37A3|CDK8|WDR43|CD82|KIAA0040|KPNA4|AQP3
GSE15767_MED_VS_SCS_MAC_LN_UP	0.686606361248906	1	0.248995348504665	0.927935972907455	2352	164	TSLP|MTMR6|PTPN6|GPR160|ASAH2|AGO4|IL10RB|CDS1|CTF1|YIPF1|MEF2A|DOCK7|DUSP22|HYCC1|PROS1|MFSD1|HOMER1|FCER1G|FLACC1|SKAP2|TENT5A|CTNND1|TLR5|CREG1|MIR99AHG|ALDH2|CYBB|ANXA5|NOD1|RBM47|PLBD1|CAPZB|NIPA2|ASAH1|MORF4L1|RAB31|HSP90AA1|DSTN|B3GALNT1|NCAPG2
GSE15930_NAIVE_VS_24H_IN_VITRO_STIM_IL12_CD8_TCELL_DN	0.683239059243823	1	0.24458257414224	0.933160449203892	2294	193	DCK|ESF1|LGALS3|ENOPH1|PLK4|MNS1|TOP2A|BATF3|ANLN|NBN|RHOT1|RFC4|MTHFD2|ABCD3|CKAP2|NCBP2|SAAL1|OLA1|GCLM|RPF2|HK2|MRPS22|MAD2L1|XCL1|PDS5B|PPA1|CDK1|DDX52|CRABP2|RBPJ|RFC5|CLIC4|ARMC1|RRM1|RIOX2|DTD2|TAMM41|RCN2|CYB5B|PLSCR1|JAGN1|XPOT|ZDHHC16|CKAP5|LMNB1|CISD1|CCT6A|MTX2|ELOF1|IDI1|RPL7L1|ALDH18A1|BLMH|GFM1|RNASEH2B|RAD51AP1|MTMR9|MSMO1|ACOT7|DUSP12|WDR43|POLD3|KIF23|MRPL45|PDCD2
GSE15930_NAIVE_VS_48H_IN_VITRO_STIM_CD8_TCELL_DN	0.72887537993921	1	0.241744686630153	0.925353613478721	2397	200	TTK|ARL5A|HAT1|HMGN5|DTL|PSMC1|HNRNPLL|PSMD5|RBMXL1|KIF11|MTHFD2|ABCE1|PSMA1|PSMA4|GNPAT|SMC2|ECT2|HSPA14|KPNA2|HSPA4|MTCH2|ARL1|CCNC|PLRG1|MAD2L1|SAR1B|PSMG1|LITAF|RRM2|CUL2|PRDX3|HSPD1|RRM1|STMN1|GART|LSM3|MRPS33|ETF1|SFXN1|IPO11|GARS1|RAB1A|S100PBP|SSBP1|TRIM59|HTATIP2|ELOF1|HSPA9|ZRANB2|AHCY|DRG1|ALDOA|FAM98A|SLC25A17|SNRNP40|ANAPC4|PSAT1|PGK1|SMN1|NCAPH|FDX1|HMGB2|ACOT9|MRPL35|ASPM|ASF1A|PIGF|BANF1|TNPO3|XPO1|GPN1
GSE15930_NAIVE_VS_48H_IN_VITRO_STIM_IFNAB_CD8_TCELL_DN	0.893422655298417	1	0.228662153720957	0.873524970158647	2933	198	DCK|CCNE2|ARL5A|ENOPH1|HMGN5|KPNA3|PSMC1|HNRNPLL|EEF1AKMT1|RSL24D1|PSMD5|MTHFD2|CKAP2|SMC2|MTCH2|CCNC|PLRG1|ARL3|RAD23B|PSMG1|MRPS31|TIPIN|PHTF2|RRM2|PCYOX1|B3GNT2|CUL2|BUB1|TARS1|FH|SEPTIN2|CFAP20|DTD2|MYC|MRPL38|GART|CLCN3|PMPCB|MRPS33|ETF1|PLSCR1|GARS1|GABARAPL1|CISD1|PMS2|ELOF1|NUP50|ALDH18A1|BLMH|FUBP1|DRG1|BCAT1|EXO1|U2SURP|LMAN1|NAA35|SLC25A17|RPRD1B|MRPS2|CEBPZOS|PDCD2|NCAPH|FDX1
GSE15930_NAIVE_VS_72H_IN_VITRO_STIM_IFNAB_CD8_TCELL_DN	0.892183288409704	1	0.229675661066202	0.873544964990522	2978	190	DCK|ESF1|LGALS3|IL10RB|PLK4|HSDL2|TOP2A|ANLN|NBN|RFC4|MTHFD2|CKAP2|SH3BGRL|SAAL1|OLA1|CMPK2|HK2|CFAP418|MRPS22|NUSAP1|MAD2L1|XCL1|PDS5B|SKAP2|IL10RA|CDK1|DDX52|RBPJ|RFC5|CLIC4|BUB1|DECR1|RIOX2|TRAFD1|DTD2|RNF14|TAMM41|ECPAS|RCN2|CYB5B|XPOT|KLHL7|ZDHHC16|XPNPEP1|CKAP5|HPF1|LMNB1|BHLHE40|FDFT1|PCLAF|CISD1|MTX2|IDI1|ALDH18A1|BLMH|EIF2AK2|GFM1|RNASEH2B|RAD51AP1|MTMR9|MSMO1|ACOT7
GSE15930_NAIVE_VS_72H_IN_VITRO_STIM_IL12_CD8_TCELL_DN	0.876964526268523	1	-0.239122983565777	-0.847231986485446	5858	183	SULT2B1|SLC30A4|ADSS1|IFI30|SMPD1|SYCE2|MT2A|APBA3|CHCHD10|STK39|COMT|ELMOD3|TRIB3|THAP7|SEMA4F|TACC3|RNH1|RFC2|SLC2A3|HIP1R|SLC37A4|MAPKAPK2|DHCR7|UGDH|PCYT2|SIVA1|MVD|REXO5|YJU2|RAD50|TUBG1|FKBP2|PAFAH1B3|NOCT|POMP|CAPG|HCFC1R1|MRPL17|CKB|S100A6|TSPAN31|VEGFA|CRCP|CNPY2|LDAF1|MAEA|PDIA4
GSE15930_NAIVE_VS_72H_IN_VITRO_STIM_TRICHOSTATINA_CD8_TCELL_DN	0.935270209242812	1	-0.23122308766003	-0.822275093683442	6212	193	ENKD1|POLR2L|IFI30|MARCKS|POLR2F|MT2A|GTF2H4|INCENP|SYNGR2|ETFB|MOGS|CHCHD10|UCHL1|IFT27|COMT|TMEM109|LIG1|MZT2B|CSRP2|TACC3|RNH1|CAD|RFC2|POLR3K|MAPKAPK2|DHCR7|ID1|MRPL2|SIVA1|RAD50|TUBG1|FKBP2|DCTPP1|NOCT|CHERP|HAUS4|POMP|ZMIZ2|MRPL17|CKB|MCM2|DNMT1|S100A6|TSPAN31|DESI1|GCAT
GSE15930_STIM_VS_STIM_AND_IFNAB_24H_CD8_T_CELL_DN	0.783283582089552	1	0.240539493604405	0.90407200043596	2623	176	FOSB|TENM1|DPF3|CD70|CCN1|CCL4|PSMC1|CAPZA2|MXI1|NAB1|DDX10|DCAF13|GRPEL2|TBPL1|IFIT3|MSH3|FKBP10|MYT1|CA3|CFI|NKAIN1|DKK3|VAPA|LITAF|SLC20A1|SLC30A1|RAB5A|CSRP1|TMEM230|SNX2|SEC23A|PRPF39|RIOX2|HOXB7|THOC7|NAA11|MRPL3|MBD4|TMT1A|RYK|TBC1D23|IL1R1|SRPK1|E2F5|CAT|DEGS1|HSPA5|KCMF1|PLAU|WNT10B|C9orf78|KTN1|TFEB
GSE15930_STIM_VS_STIM_AND_IFNAB_24H_CD8_T_CELL_UP	0.927991581479254	1	-0.232121720869259	-0.818361122069523	6172	176	SCX|SHF|ABRACL|MATR3|PBX3|POLR2F|SEMA3F|LCAT|SH3BGR|COPE|GRIA3|LGALSL|GBA2|MIF|B3GAT3|EMP3|ECE1|IRS2|PHKG1|PNKP|HPGD|MRPS21|RGS19|NEDD8|CNP|GLMP|REXO5|MEF2D|H2BC18|KLHL21|NFE2
GSE15930_STIM_VS_STIM_AND_IFNAB_48H_CD8_T_CELL_UP	0.934034560480841	1	-0.231081484443131	-0.821046872744761	6215	191	MXD3|ENG|QSOX1|INCENP|TRPV2|STK11IP|RPP21|SUN2|DYNLRB1|NAA38|RPL23|HSD17B10|OCEL1|C12orf57|RBM38|KLK8|ACP6|FRMD8|CTSA|ID3|CTC1|CTSD|GMFG|IL17RA|DGKA|GPSM3|HPCAL1|MAP4K2|TRPC4AP|PDRG1|RCBTB1|EPHX1|HDAC5|AKT2|SMIM14|RNF145|NUDT14|MTCH1|POMP|CAPG|NOP53|FAM50A|NRGN|CSTB|MCM2|ADD1
GSE15930_STIM_VS_STIM_AND_IL12_24H_CD8_T_CELL_UP	0.740072202166065	1	0.243460002674106	0.919047944429528	2459	182	CD70|SGPP1|MFSD14A|NCOA2|ANLN|PTPN2|PPP6C|KIF3C|ROCK2|MXI1|NAB1|PROS1|GRPEL2|INTS8|MPHOSPH9|NUSAP1|SCP2|HSD17B11|HTR2C|S1PR1|SERPINE2|TDRP|NOP58|LITAF|SERTAD1|ROCK1|DDX52|PRMT3|IREB2|RIOX2|SEPTIN7|CYBB|ATF2|GABPA|RBBP4|CWC15|KMT2E|LRRC58|TMEM245|SLU7|PMPCB|MIX23|OGFOD2|IVNS1ABP|ECPAS|CYB5B|BMP2K|MPHOSPH10|NFU1|MBD4|BTF3L4|S100PBP|ASAH1|RAB4A|DSTN|ATP6V1B2|SLMAP|FIP1L1|IMPA1|RMND1|PCBD2|SLC25A4|PIP4K2A|FKBP1A|LACTB2|C9orf78|KTN1|PDCD2|DCUN1D5|HMGB2
GSE15930_STIM_VS_STIM_AND_IL12_48H_CD8_T_CELL_UP	0.799012271774918	1	-0.247768885076417	-0.878472330044962	5338	186	ABCB4|TAP1|TLR6|ADGRE5|INCENP|TRPV2|SLC29A1|CLN3|ZNF692|ITIH5|NAA38|CHCHD10|STARD3|C12orf57|RBM38|LIG1|CHCHD6|MAP4K1|FRMD8|POLD1|TAP2|ICAM2|IL16|DGKA|ENO3|SLC4A2|GPSM3|HPCAL1|PDRG1|BABAM1|TSC22D4|PPP2R3C|ARHGAP1|EPHX1|SIDT2|POLG|PPOX|PPP1R18|TAPBP|XPO6|RNF145|POMP|RPS11|TMC6|CAPG|IRF9|RNASET2|TIMELESS|PIGS|NAT1|MAST2|ESYT1|NRBP1|HNRNPM|RPS5
GSE15930_STIM_VS_STIM_AND_IL12_72H_CD8_T_CELL_UP	0.797049081601927	1	0.23874636106443	0.901979432634938	2646	183	FOSB|MPP3|RAD52|MFSD14A|ATP6AP2|NCOA2|PSMC1|CAPZA2|ANLN|KIF3C|UBE2N|CHPT1|LRPPRC|DCAF13|GRPEL2|SPAST|INTS8|EPS15|IRF2BP1|MSH3|NUSAP1|CFI|GJC1|ROCK1|CSRP1|EMC2|IREB2|PTP4A2|SEC23A|CLGN|PRPF39|RIOX2|ATF2|GABPA|RBBP4|HOXB7|KMT2E|THOC7|C6orf62|OGFOD2|IVNS1ABP|CLOCK|SUCLA2|MPHOSPH10|TYSND1|S100PBP|TBC1D23|IQGAP3|SLMAP|E2F5|FIP1L1|PKNOX1|IMPA1|KCMF1|PCBD2|UBE2K|PLAU
GSE15930_STIM_VS_STIM_AND_TRICHOSTATINA_72H_CD8_T_CELL_UP	0.704552306300874	1	0.24490984618979	0.92914164102475	2336	188	TENM1|SGPP1|RAD52|MFSD14A|NCOA2|CAPZA2|ANLN|PTPN2|KIF3C|LRP6|MXI1|CHPT1|NAB1|SP3|SPAST|MPHOSPH9|TBPL1|MSH3|SCP2|HSD17B11|MYT1|S1PR1|FABP9|TDRP|VAPA|ROCK1|DDX52|TMEM230|PRMT3|IREB2|ACLY|SEC23A|CDKN1B|C1D|CLGN|SEPTIN7|WWP2|ATF2|DTD2|VMP1|THOC7|SLU7|PMPCB|NAA11|C6orf62|IVNS1ABP|ECPAS|CYB5B|PRXL2A|MPHOSPH10|S100PBP|ASAH1
GSE16266_CTRL_VS_LPS_STIM_MEF_UP	0.94270205066345	1	0.223776054179258	0.848067262387315	3125	187	ELK3|MYO1F|GNA13|SLC22A4|BMPR2|RFFL|TMEM51|RUNX2|SOCS6|DCBLD1|GNB4|ANGPTL4|NCOA4|MEF2A|KDM7A|DLC1|KLF10|UAP1|FMNL3|SKIL|SPAST|CBFB|LFNG|LAT2|ICOSLG|GPR157|ELL2|CDK17|SERTAD1
GSE16385_IFNG_TNF_VS_IL4_STIM_MACROPHAGE_ROSIGLITAZONE_TREATED_DN	0.997901049475262	1	0.201194310689569	0.764457891744872	3327	189	ITGB7|PRNP|PRKCH|MRPL1|KAT2B|SERPINI1|RNF139|ONECUT2|CPD|SGPL1|PAQR3|LIPT1|MXI1|CAPN2|ARHGAP27|TMED2|C18orf32|RAB6A|ATP1B3|PMS1|IL32|MYL12B|ABHD14A|CAP1|TGFBR1|YARS2|MED7|TMEM14A|BAG4|NDUFB5|COX7B|PSMA2
GSE16385_IFNG_TNF_VS_IL4_STIM_MACROPHAGE_UP	0.986972147349506	1	-0.216816315406311	-0.767741413192415	6590	182	TBC1D1|WNT11|IRX5|CREBRF|ATP9B|TMEM81|PYCARD|PPFIBP2|PSMB9|TAP1|ANKH|GSDMD|ZNF516|CRYBG1|CCND1|PHLDB1|ECE1|AKNA|CTSA|KCNK6|GPATCH2L|MYO9B|ABHD12|GPSM3|APBB3|RGS19|PPP1R18|EVL|RNF145|CEP170B
GSE16385_IFNG_TNF_VS_UNSTIM_MACROPHAGE_ROSIGLITAZONE_TREATED_UP	0.994431418522861	1	0.208485361994122	0.780685295835705	3392	170	SAMD9|LINC01220|NIPSNAP3B|SAMD5|ZNF350|CD70|LINC01097|BLZF1|CCRL2|SRP19|TBPL1|SLAMF7|LSMEM1|CD274|HLA-C|INTS12|SAMSN1|IL10RA|XKR8|CRY1|RAB2B|RPA2|SUPT4H1|AIMP1|NDE1|KRBA2|MYL12A|SFT2D3|TMEM87A|RIPK1|TRIM33|R3HCC1L|EIF2AK2|PATL1|PSMA3|DEPDC1|KCNQ1OT1|NFX1
GSE16385_IL4_VS_ROSIGLITAZONE_STIM_MACROPHAGE_DN	0.997687192830298	1	0.205993707540039	0.765517942239936	3450	160	ZNF350|NXPH3|IFIH1|OR51I1|CFAP95|ARHGEF16|TAMALIN|FXYD7|KIF18A|TRIM6|PEX3|SRP19|ZNF92|TBPL1|TRMT10B|VPS37D|SLAMF7|CD274|KCNQ2|CATSPER3|HLA-C|PELI1|XKR8|GTF2E1|DDX60L|RHEB|TCP11L1|PPM1K|MRPS30
GSE16385_IL4_VS_ROSIGLITAZONE_STIM_MACROPHAGE_UP	0.963932954205328	1	-0.224824713847083	-0.797123053461797	6440	186	IGF1R|PCNX1|TEP1|KISS1R|ENC1|ATXN1|TMEM134|RPLP2|NDUFB8|SH3BP2|PYROXD2|CENPT|ABCA17P|D2HGDH|SEC14L1P1|ERMARD|TRIB3|TSC1|TSPO|ZNF329|FILIP1L|RPLP1|THOC6|MLEC|RPL27|C6orf136|UGDH|VARS1|TMBIM6|CARS2|INTS4|ZSCAN2|OXA1L|VPS13B|TTC17|RPL8|SRF|ESYT1|PIGT|GALNT2|VGLL4|ARAP3|ZNF558|GOLGA3|RPS14|CUX1|AIFM1|USE1|ILF3|KLHL36|POLR2G|MATK|RPS13
GSE16385_MONOCYTE_VS_12H_IFNG_TNF_TREATED_MACROPHAGE_DN	0.663427964171854	1	-0.263974549327709	-0.922219296827571	4369	162	SLC30A4|IAH1|IFI30|KIF1A|PHYHD1|AMZ1|GDPD5|GRN|NDUFA2|MYL11|DBP|SOD3|ITGA7|SGSH|PNPLA1|AHCYL2|PILRA|ZBTB3|THEMIS2|PIGQ|SPATA9|TRIB3|SUCO|FHIP2B|CSNK1D|FILIP1L|GMFG|NACC2|POLR3K|CRYZL1|C6orf136|ELOVL1|PRKAB2|ZNF354B
GSE16385_MONOCYTE_VS_12H_IFNG_TNF_TREATED_MACROPHAGE_UP	0.997748761819	1	-0.206861324588727	-0.734852417266785	6647	190	LATS2|RASGRP3|QSOX1|RPLP2|RHBDF1|EEIG1|WDR46|LGALS3BP|FOS|UBOX5|COMT|RECQL4|ZDHHC23|IQCH|EMC4|PSMB5|EID3|JUNB|PPARD|ITGB1|RPL36|NT5C|PACSIN1|SLC35F6|KLF13|EVL|BTD|CLTA|SDF4|NUBP2|PARP12|CDKN1C|PARP1|CENPB|CCDC186|LY6E|SAFB|MINDY4|CYC1|ELP5|PSMC3|ELK4|CEMIP2|TM9SF4|SEPTIN9|POLE3|NDUFAB1|APMAP|DHDDS|TLE3|TUT1|LDLRAP1|SLC16A1|PPDPF|EXOSC2|KLHL36
GSE16385_MONOCYTE_VS_12H_IL4_TREATED_MACROPHAGE_UP	0.882629107981221	1	-0.239354495593251	-0.838201286076573	5827	166	SLC30A3|HPX|STX1A|IFI30|PYROXD2|SYNGR2|CASKIN1|GRM3|AXDND1|COL6A1|SPMAP2L|METTL25B|PCYT1B|IFI27L2|SPINT2|ACP3|COLGALT2|SMOC2|ARHGEF10|TSPO|EMP2|UQCRQ|GGT7|SDC4|P4HA2|MREG|IQCK|NOCT|NMNAT1|IRF9|TMEM128|ACYP1|MIER2|MAN2A1|SNX15|ZNF280D|GDA|SLC35B4|DYNLT1|TKFC|PHF19|ACSS2|MGAT5|IFT25|RNF213|TRIP10|NEK11
GSE16385_MONOCYTE_VS_12H_ROSIGLITAZONE_IFNG_TNF_TREATED_MACROPHAGE_DN	0.675052410901468	1	0.246350633764812	0.936966306087815	2253	190	DNAJB2|PRKCH|IFIH1|EGLN3|TLE4|MGAT2|P3H4|ZNF518B|L3MBTL3|SIAH1|AKAP12|LEO1|RTN4|COIL|COP1|SLC22A2|EHD3|RAB19|ELL2|LITAF|RRP15|RHOA|YTHDF2|CPSF2|CMPK1|CARD6|ERC1|SCAMP1|FBXO45|DNAJB11|MAPRE2|AKIRIN1|NDUFB5|SDAD1|SUPT4H1|PPP2CA|SUCLG1|MID1|ETF1|DAD1|GARS1|STK4|DDX21|CTDP1|PSMC5|ALDH18A1|PPAT|NDFIP1|COPB2|LYSMD2|TRMT6|BTF3|STAT1|SLC35B1|NSMCE4A|ZC3H14|PPP3CA|TRMT44
GSE16385_ROSIGLITAZONE_IL4_VS_IL4_ALONE_STIM_MACROPHAGE_12H_UP	0.749064231172331	1	-0.252927240927089	-0.896277444658321	5002	184	TPM2|SPIB|SUZ12P1|TYROBP|PBX3|ABCC10|TSPAN5|TAP1|AMDHD2|GRN|SYNGR2|TNFRSF21|ATP13A1|NXF1|ACTMAP|TCL1A|IGFBP2|SMPD3|THEMIS2|RBM38|SIRT7|SNHG17|TRADD|GNA11|SLC12A7|USP36|CAPN15|PHF11|JUNB|NT5C|FLNB|KDM4B|IL6ST|MYCL|PARP12|RABL6|MINK1|RNASET2|S100A6|SRRT|GAS6|SRF|RAD23A|SERPINF1
GSE16385_ROSIGLITAZONE_VS_UNTREATED_IFNG_TNF_STIM_MACROPHAGE_UP	0.747210804462713	1	0.243457637040575	0.910748337255603	2544	169	C14orf28|LRRC73|NUDT12|EFCAB7|CCL5|DNAAF9|CPVL|TC2N|MAP3K9|ALOX12|C8orf58|PPP1R3B|SH3BGRL2|ATP1B1|AGPS|FGFR1OP2|IFFO2|RCBTB2|ZCWPW2|FBLN1|IGFBP5|BMF|RAP1B|SLC18B1|SQOR|CSRP1|ATP11A|STK24|KIF15|TOR1B|CYBB|ANXA5|EEIG2
GSE16385_UNTREATED_VS_12H_IFNG_TNF_TREATED_MACROPHAGE_DN	0.765332133753186	1	-0.251909492473683	-0.889113694842788	5103	177	LEF1-AS1|ZNF876P|NAGK|RPS21|FICD|TSPAN5|SLC12A9|TIMM8B|ITPA|EPS8|MICOS10|RNASEH2C|MRPS18C|SLC41A2|ZNF285|STK39|IER3|CCND1|NOP2|ELMOD3|TBCB|DPP3|CALR|ARHGEF10|TIMM44|MTFMT|ASAH2B|NFE2L1|ARID3B|POLR1C|SLC39A4|NPDC1|MLEC|DEF8|HMGN2|SETD1A|MALT1|TAS2R14|CNP|ASRGL1|GIPC1|NIBAN1|TTC5|ZNF219|MRPL21|KLHL23|BCL7A|MRPL46
GSE16385_UNTREATED_VS_12H_ROSIGLITAZONE_IFNG_TNF_TREATED_MACROPHAGE_UP	0.849597814539384	1	-0.243249170364104	-0.851045146913464	5597	165	NFKBIZ|RINL|HSPB3|CPEB3|CUL9|NICOL1|HAS1|TRIM46|S100A5|LENG9|ERO1B|ZNF622|B3GAT3|SV2A|DCT|CHRM4|TMCC2|ID3|FILIP1L|NFKBID|PLK3|AGRN|JUNB|NR4A1|PRKAB2|TNFRSF1B|PER1|MALT1|JRK
GSE16385_UNTREATED_VS_12H_ROSIGLITAZONE_IL4_TREATED_MACROPHAGE_UP	0.758100979653353	1	-0.251176059084911	-0.893723197141198	5029	195	CCR7|TSC22D3|SEMA4D|BCL2L12|METRN|EEIG1|MAN1B1|PHPT1|CEP250|QRICH1|NYAP1|PPP4C|AKT3|CACNA1A|IFITM3|ALG9|GPR146|AKNA|NCSTN|SPINDOC|BCAT2|IL17RA|RAB11FIP3|JUNB|PPARD|ANKRD13D|WDR83OS|ITGB1|FBXL3|PER1|TAPBP|EVL|CCDC85B|ITGA5|NMNAT1|ERP29|IFNGR1|TTC5|PRR14|SNRNP70|WDR45B|TRIM11|CDC42EP3|PIGM|CDKN1A|STK25|APOBEC3B|SETD5|SEPTIN9|PLEKHO1|FHOD1|CYRIA|EDEM1|SLC39A7|HLA-E|TLE3|CYTH1|ARHGAP17|SLC16A1|SLC25A39|PPDPF|DLG4|PNISR|TRIP10|KLHL36|TBC1D22B|SF3B4|CFL1|SLC25A23|MKNK2|MRI1|MTURN|UBTF|NPM3
GSE16386_IL4_VS_IL4_AND_ROSIGLITAZONE_STIM_MACROPHAGE_6H_UP	0.825153834609035	1	-0.244726709965701	-0.869365091544243	5497	190	ATP9B|PNKD|AARSD1|MAPK8IP3|KIAA0753|RHBDF1|HOOK2|TEX19|TECR|DNAJC15|TUBGCP6|SLC2A9|PHB1|GBA2|COMT|PGF|KCNAB2|LMF1|FRMD6|SH2B2|ACP6|MZT2B|POLE|SLC1A5|GTPBP3|CYB561D2|DPF1|DGCR8|ACAA1|RAD54L|SNRPD2|YJU2|TLCD1|BORCS7|NUDT7|TCHP|EEF1D|CCDC51|WDR74|AARS1|SAP30L|MINDY4|BCKDK|AP2M1|MRPS18A|PLBD2|GTF2IRD1|PTPA|FHOD1|AP4M1|POLR2I|TIMM50|H2AX|DNAJC10|ISY1|RBFA|CSNK1G2|RNASEH2A|MATK|SPI1|GSTM4|LAS1L|LUC7L3|ZPR1|SLC35A4|MRPL10|HSPE1|PPP6R3|TAF8|CBR1|SNRNP25|ATG2A
GSE16450_CTRL_VS_IFNA_12H_STIM_IMMATURE_NEURON_CELL_LINE_UP	0.9979035639413	1	0.202414000798103	0.769858375153668	3331	190	CCT6B|ITFG1|TMEM135|MBTPS2|LRBA|PSMD5|GNAQ|XPR1|DDX19B|SCFD2|MRTFB|UTRN|DDX10|POLA1|DENND6A|AGPS|SKAP2|SLC20A1|FUT8|PCCA|STAU2|RABL3|THOC1|ADK|DLG1|WWP2|BIVM|NF1|METAP1D|MAML2|PUDP|GPD1L|FUCA2|ACACA|PPP2R1B|FARSB|ATXN7L1|STX8|BLM|OTUD4|FCHSD2|CLASP2|PRKCQ|DHX33|NDC1|EHBP1|DOCK2|GFM1|TAF3|FBXL17|ZNF407|FBXO4|TANC2|CDIN1|FBXW7|KDM4A|PRPF38B|HNRNPA3|RNGTT|PRKCB|VWA8|NAGA|LDAH|TNIK|SMIM8|RTN4IP1|FARS2|OXCT1|GMDS|POLR3B|ARHGAP15
GSE16450_CTRL_VS_IFNA_12H_STIM_MATURE_NEURON_CELL_LINE_DN	0.730445246690734	1	0.244277655963195	0.922134540035952	2427	182	NOXRED1|NEDD1|TRAPPC8|MEMO1|CNOT11|NEDD4|KPNA3|CNIH1|PPT1|PBK|GNAQ|LANCL1|MYCBP|UTP18|GAS2L3|SP3|POLA1|ECT2|TAPT1|UFL1|MAPK1|RTRAF|GTF2A1|NUSAP1|TAPBPL|SLC22A2|TMEM176A|TMEM176B|RNF125|TMF1|NIPSNAP3A|ACER3|SAMSN1|UBXN7|SPCS1|NUBPL|ALDH2|TRDMT1|GSTCD|TRAFD1|ATP2A2|WDR81|OSTC|MGST1|STX7|ATP13A3|MAPK14|PLBD1|AGO1|MPHOSPH6|PEX2|HTATIP2|UBE2A|GRSF1|MED8
GSE16450_CTRL_VS_IFNA_6H_STIM_IMMATURE_NEURON_CELL_LINE_DN	0.696229260935143	1	-0.259215186128531	-0.912598648865235	4615	175	SLC26A11|DPEP2|SMAD7|TSC22D3|CREBRF|PBXIP1|DHRS1|PWWP2B|NOL12|BTN3A1|EEIG1|SUN2|ING4|ANXA2R|CYTH3|USP35|PIK3IP1|LINC02481|PRSS53|FDXR|TMEM94|TBCD|FHIP2B|ID3|GAL3ST4|SORBS3|XPC|FBXL20|PHC1|TSPOAP1|GTSE1|PIDD1|ARHGEF1|SMIM14|MEF2D|IRAG2|ZER1|PDK3|NUMA1|CDKN1C|MICAL1
GSE16450_IMMATURE_VS_MATURE_NEURON_CELL_LINE_12H_IFNA_STIM_UP	0.703698158406947	1	-0.2572385764308	-0.911555169407014	4699	184	PLCB4|TP53I11|RAP1GAP2|IRF7|RAPGEF5|DBNDD2|ABCA7|CD84|L1CAM|ECM1|ADGRE5|ACAP1|HCST|GSDMD|TMEM63A|ARHGAP4|CARNS1|DENND1C|RIGI|TPCN1|CCNL2|OS9|RGS14|AXIN2|EPHB6|ARHGEF10|PLEKHG2|AKNA|BICRA|GMFG|RFX1|SDC4|PAQR7|MAP3K3|HIP1R|RGL2|BLVRB|ZMYND11|TTC28
GSE16450_IMMATURE_VS_MATURE_NEURON_CELL_LINE_DN	0.850007477194557	1	-0.242327575498808	-0.85929155240667	5683	185	LAG3|SPAG1|MAPK13|PEMT|KCNK5|SLC3A2|MFSD2A|PDCD11|EXOSC4|NOP2|ZNRD2|COL6A3|SLC25A19|FDX2|TIMM44|KCNK6|TRIP6|RFC2|SLC1A5|TRAP1|DHRS7B|SDC4|SNX8|MYBBP1A|CLUH|EPOP|HELLS|THOP1|DPH2|TLCD1|C19orf48P|SLC38A5|NEU1|ESPL1|RRP1|GRAMD4|BCL2L1|NOL6|MRPL4|NCLN|DDX51|FANCE|NOC4L|POLR1A|WRAP53|NUDC|PCBD1|CD320|FNTB|URB2|UHRF1|FXN|PFKP|EIF4EBP1|NEFH|CDC20|OIP5|TIMM50|TTLL12|PUSL1|SLC16A1|GPT2|PPAN|RAB11FIP1
GSE16451_CTRL_VS_WEST_EQUINE_ENC_VIRUS_IMMATURE_NEURON_CELL_LINE_DN	1	1	-0.185457140677243	-0.659283493022925	6653	192	SLC30A4|SYCE2|AMZ1|MTG1|TRAIP|PRPF31|MRPL41|SNHG32|ZNF580|TIGD2|MFSD12|STAB1|ZNF593|LRRC75A|POLE|ASNS|SLC7A1|RAD54L|SLC5A3|RNF149|NUDT1|DCTPP1|CEP170B|NEK6|LONRF3|NNMT|SLC66A1|FRRS1|DPCD|MAFG|CCHCR1|AARS1|GFER|MPZL1|CDKN1A|EXOC2|ERAP1|P4HB|EIF4EBP1|MYO1C|UBL4A|COQ4|GPR89B|IFT25|PSRC1|HAX1|COX19|IFT172|KMT5A|METTL1|EI24|RHOQ|TPX2
GSE16451_CTRL_VS_WEST_EQUINE_ENC_VIRUS_MATURE_NEURON_CELL_LINE_DN	0.944652206432311	1	-0.228618799098206	-0.80928470985502	6314	181	IGF1R|DND1|SAMD11|SYTL1|RAPGEF5|RNF215|HEPACAM2|TNK2|ITIH5|IFITM2|CHCHD10|CLIP3|CYTH3|AHCYL2|ICAM1|TBCB|ZDHHC23|ENTPD1|GRIK5|ADAP1|FRMD6|MAGED2|USP27X|IFITM3|CSRP2|ACSBG1|STON1|ENO3|SLC2A3|ADCK5|CCDC157|EPHX1|HIP1R|PAFAH1B3|NIBAN1|CAPG|TMEM65|IFT46|ZNF23|CD81|BCL2L1|S100A6|ITGAE|RNF216
GSE16451_IMMATURE_VS_MATURE_NEURON_CELL_LINE_WEST_EQUINE_ENC_VIRUS_DN	0.969103240391861	1	-0.22349309917523	-0.795222951827421	6429	195	LAG3|CHAC1|TSPAN5|SLC39A3|PEMT|SERPINH1|AEBP1|MFSD2A|EXOSC4|ZNRD2|SPINT2|TBRG4|SLC25A19|MRPS14|ATOX1|TACO1|CYREN|SRM|QTRT1|SLC1A5|TRAP1|POLR1C|PDGFA|TIMM10|GPAA1|SELENOI|PYROXD1|HSPBP1|HIRIP3|THOP1|TLCD1|BLTP2|C19orf48P|LMNB2|CLN6|FSD1|ESPL1|TEDC2|CCDC137|COASY|BRF2|FANCE|TMEM39A|PIGM|PTRH2|MRPS18A|PCBD1|PTPN7|URB2|DDX54|OIP5|SEC11C|DNAJA3|TFAM|CDK5|RAB27A|SLC16A1|ORMDL2|SLC25A39|GPT2|PDIA6|CISD3|LAS1L|RXYLT1|CENPM|SLC11A2|WDR73|NSUN2|C1orf216
GSE16522_ANTI_CD3CD28_STIM_VS_UNSTIM_MEMORY_CD8_TCELL_DN	0.914002701485817	1	-0.234093120181689	-0.831590417266487	6089	190	RINL|NEIL1|PCBP4|KLC3|IRF7|N4BP2L1|CD37|RPGR|NDUFA3|NDUFA13|NDUFA2|REX1BD|ABHD17A|DCAF11|RASGRP1|SPINT2|OS9|FLYWCH1|LRPAP1|ENTPD1|SMIM11|C19orf38|PNKP|BIN1|CREB3L1|NDUFB7|SHISA5|CHID1|INTS11
GSE16522_ANTI_CD3CD28_STIM_VS_UNSTIM_MEMORY_CD8_TCELL_UP	0.817990373044525	1	0.23693100031142	0.894401324308384	2718	182	FEM1C|STK38L|ENKUR|PPP2R3A|MEMO1|ESR2|PSMC6|RUNX2|RNF2|HNRNPLL|FAM107B|ALOX12|RND2|PSMD5|NHLRC2|TXNL1|CRYBG3|BCLAF3|PALS2|RBMX|TBPL1|GMPS|MRPS22|SGMS2|SBDS|USP33|MED17|FOXP1|FAM83G|JAK2|EIF3C|ZNF286A|HBS1L|ACTL6A|CCT4|PGM3|ZSWIM4|DHX15|DERL1|IPO5|SCN1B|NCS1|ACACA|PSMD11|PAPOLG|TIPARP|ATXN7L1|CTDP1|SRPK1|FBXO11|PEPD|TNFSF9|MSMO1|PHF10|KCMF1|KDM1A|CSE1L|WAPL|SLC13A3|PDCD2|NFIX|NAP1L1
GSE16522_ANTI_CD3CD28_STIM_VS_UNSTIM_NAIVE_CD8_TCELL_DN	0.954463208685163	1	0.221972469340246	0.841232030340193	3164	187	DCK|C2CD5|TBC1D10C|MAN2B1|TRMT2B|DOK2|CETN3|EIF2AK3|CD164|TM9SF1|DTX3L|PRPS2|GEN1|UAP1|ZWILCH|PRKAR1A|WASHC4|AP3M1|LRIG2|ATXN10|AP5M1|FGFR1OP2|RBKS|AUH|PCCA|RBL1|FAM229B|SOCS2|LIMK1|MBNL1|IL10RA|ETFDH|SCAPER|SEMA4A|VRK1|HMG20A|SPTSSA
GSE16522_MEMORY_VS_NAIVE_ANTI_CD3CD28_STIM_CD8_TCELL_DN	0.975113808801214	1	-0.222070022752651	-0.778638950036531	6425	170	LAT|LAG3|PLCB4|IRF7|PSMB9|TBKBP1|SLC29A1|PDCD1|CHCHD10|NDUFS7|CTDNEP1|IFI27L2|LGALS3BP|FOS|IL2RG|ACTN2|C2CD4B|GBP2|MAP4K1|IL18BP|PSMB10|TREML2|INTS11|NDST1|GNB5|HIRIP3|SDF4|TLCD1|LONRF3
GSE16522_MEMORY_VS_NAIVE_CD8_TCELL_DN	0.78289872650091	1	-0.25145449410177	-0.88148604178052	5163	169	IGF1R|MEIS3|LAG3|DND1|STX1A|SPPL2B|ZFPL1|ECM1|EPS8|EPPK1|S100A5|MST1R|DISP2|B3GNT4|STARD3|KSR1|ZDHHC23|FAS|TRIB3|NFKBID|AGRN|SPHK1|WDR83OS|FBXL3|SNX11|ID1|FHDC1|RNF149|IRAG2
GSE16697_CD4_TCELL_VS_TFH_CD4_TCELL_DN	0.940307506783238	1	0.223863474396207	0.844184046169888	3118	181	DPYSL2|ITGB7|BICDL1|PELI2|PDK1|EMC9|DNAJC6|PDE3B|IL18R1|PEAK1|MTHFD2|ST8SIA6|RAB23|NUP153|RAB3D|MEX3B|NLK|SNX4|P2RX7|RCBTB2|IL6R|LFNG|OTULINL|RUNDC3B|RNF125|SLC20A1|DCTN6|PELI1|ZNF623|ITM2A|RBPJ|PSTK|RCOR3|CMAS|SFMBT2|SMPDL3A|INPP5B
GSE16697_CD4_TCELL_VS_TFH_CD4_TCELL_UP	0.874495138369484	1	-0.239450396527806	-0.850046498453857	5845	188	TSGA10|UBL3|FES|POU2F2|MARCKS|RASGRP3|B3GNT8|N4BP3|GRN|COMMD4|APOE|ROGDI|ABHD17A|RASGEF1B|GCOM1|CYBA|RECQL5|ICAM1|ARHGAP26|ATP2A3|C19orf38|ZDHHC24|CALR|MAP4K1|CTSA|RNH1|PMF1|BIN3|RNF181|ATP13A2|TRAPPC5|STRADA|SZRD1|MAPKAPK2|RAB30|SLC66A2|NMRAL1|FKBP2|BID|BORCS7|DTNBP1|ERP29|CAPG|CD81|COASY|SEMA4B|NAT1|PTGR2|RELB|RDM1|APOBEC3B|LANCL2|BLOC1S5|ZNF600|NFKBIE|CEP89|SERINC3|IDH3G|USP11|EFCAB2
GSE17186_BLOOD_VS_CORD_BLOOD_CD21HIGH_TRANSITIONAL_BCELL_UP	0.836095209400422	1	0.233890701561032	0.893866597275714	2774	196	TMTC3|MX2|SUMF1|PLK4|DCLRE1A|KPNA3|CAPZA2|RFC4|DOCK7|MOB3B|MACIR|CCNA2|STT3A|GAS2L3|OAT|YWHAG|RAB11A|COP1|FCER1G|UBE2E3|LITAF|RPS27L|USP8|SEPSECS|PRELID3B|QSER1|WDR11|MOB1A|C18orf54|MIS18BP1|TRIT1|EEFSEC|CENPI|IPO5|PDIA3|RCN2|IL13RA1|BRIP1|MMS22L|NIPA2|LIX1L|ATAD2|IQGAP3|PALB2|ATP6V0E1|CENPE|CENPS|MAP2K4|MED9|PTPN9|SKP2|DSN1|NDC1|ANXA7|SUPT3H|RNF130|SNRPD1|CCDC88A|SLC25A4|DLGAP5|ALS2|KIF23
GSE17186_BLOOD_VS_CORD_BLOOD_CD21LOW_TRANSITIONAL_BCELL_DN	0.95451144695496	1	-0.227087407796851	-0.809499553943925	6378	196	TPM2|NDST2|SEL1L|ADSS1|MAPK13|EXOC3L4|AMZ1|SLC12A9|TNFRSF21|ZNF710|IFITM2|PPFIA4|FSIP1|LSR|TXNDC16|SLC6A13|TAF6L|INPPL1|CAMK1|H2BC5|PMF1|LPIN2|ABL1|PRKAB2|MAPKAPK2|ARHGAP6|ITGAV|CENPV|EXTL3|DCTPP1|HELLS|MGAT4B|SPINT1|NUDT2|SRGAP2|LPCAT1|SREBF2|MIER2|TYK2|METRNL|TNFAIP2|SLC25A26|HIPK2|ARAP1|PLBD2|HPS4|CDCA8|SLC25A10|ELMO2|PKIG|SDC3|BIRC5|USP22|RAB11FIP1
GSE17186_CD21LOW_VS_CD21HIGH_TRANSITIONAL_BCELL_CORD_BLOOD_DN	0.983350832458377	1	-0.218377366193864	-0.775263272689645	6555	189	UBL3|POU2F2|CDPF1|STOML1|SMPD1|B3GNT8|KCNK5|C2orf42|MTG1|TNK2|RTTN|TECR|ETHE1|CIB1|NAPSA|RECQL5|BCL3|PCED1B|AREL1|MXD4|ICAM2|TRMT1|SP110|DHRS7B|CERS4|TRAPPC5|HDAC7|SZT2|SUSD3|ZBTB1|HDAC5|GPAM|BTD|RPL37A|TK2|SH3KBP1|SMARCD2|NEU1|C9orf85
GSE17186_CD21LOW_VS_CD21HIGH_TRANSITIONAL_BCELL_CORD_BLOOD_UP	0.912388980882132	1	-0.23455389777178	-0.834120114111106	6060	193	NDST2|STX11|MAPK13|EXOC3L4|SANBR|SLC12A9|DHRS1|VILL|DGLUCY|ZNF710|NBEAL2|TSPAN4|IFITM2|PPFIA4|LGALS3BP|HS6ST1|LRPAP1|FGD1|SLC6A13|TAF6L|CSGALNACT2|TAP2|WDR13|FAM98C|ABL1|RAD54L|ITGAV|SLC39A11|PRPF19|EXTL3|FBXO10|TUBB2B|SASH1|MGAT4B|IL6ST|SPINT1|SRGAP2|GOLIM4|RNASET2|NBDY|CSTB|ELAC2|TYK2|SLC25A26|PROSER2|EBP|PLBD2|SEPTIN9|EIF4A1|TOX4|GPR137|FRMD4A|NDUFA8|COA5|AKR7A2|CPTP|HDAC6|ELMO2|USP22|RAB11FIP1|MYO9A|TRIP10
GSE17186_CD21LOW_VS_CD21HIGH_TRANSITIONAL_BCELL_UP	0.991469619874289	1	-0.214028454509244	-0.758844578368543	6624	186	RAP1GAP2|GKAP1|RASGRP3|LYST|SLC12A9|MAPK11|ANKH|N4BP3|SLC29A1|EPS8|RUFY1|IFT140|RRBP1|PPFIA4|ALDH16A1|AURKB|NLRX1|COMT|PTPN3|LRRC75A|INPPL1|CTC1|FILIP1L|RFC2|B9D2|DHRS3|AFDN|ARHGAP39|TSPOAP1|CNPY3|ABL1|NDST1|GPC2|RNF149|SASH1|SLC35C2|CD81|AARS1|SAPCD2|SREBF2|TSPAN31|CDC42EP3|METRNL
GSE17186_MEMORY_VS_CD21HIGH_TRANSITIONAL_BCELL_DN	0.988238841978287	1	0.210530971264599	0.797871001448107	3276	187	CD83|PRNP|STAP1|IFIH1|IL10RB|TCF7|NDFIP2|CAPN2|ADD3|CRNKL1|ATL3|PDE8A|NFAT5|EPS15|CNOT6|CD96|CD274|XCL1|CMTM7|TDRP|LITAF|FOXP1|CSRP1|PAPSS1|MBNL1|WDR36|VRK2|ITM2A|ZNF451|QSER1|MYB|ADNP|DECR1|S100A10|ADAM10|ELOVL5|TMEM243|IKBKE|SMPDL3A|AP3B1|NDE1|ATP11B|MRTFA|SMC4|TRIM59|WBP1|PLAAT3|RIPK2|CDC42SE2|HERC4|PHF21A
GSE17186_MEMORY_VS_CD21LOW_TRANSITIONAL_BCELL_DN	0.969783096484667	1	-0.222555253198589	-0.787820442684426	6482	181	PCBP4|ADGRD1|BCL2L12|KCNK5|KCNC3|GCOM1|GBA2|RECQL5|ZNF622|SPECC1L|TIGD2|BCL3|ATP2A3|C19orf38|ADPRM|DMPK|DNAJC17|STING1|TRMT112|PRF1|TREML2|MEX3A|B4GALNT1|DPH7|TEX264|CNP|KLF13|GPAM|TGIF2|ARHGEF1|BTD|KDM4B|LAMP1|CAND2|SMARCD2|NEU1|C9orf85|ATP5F1D|CIPC|NELFB|ADD1|RPL35|POLR3GL|RFXANK|ZSWIM1|DNAJC4|ASTE1|DDX54|BUD23|TFAM|DDX24|KDM2A|TUT1|MGST2|CSNK1G2|TMEM39B|RP9|LAS1L|KRT10|STK17B|AOPEP|RPS8|ATP6AP1|KAT8|CSK
GSE17186_MEMORY_VS_NAIVE_BCELL_DN	0.892502258355917	1	0.230069339499209	0.869197802148652	2963	183	ELK3|CAMKMT|IL12RB2|LGALS3|ATP6AP2|RAB29|ATG4C|CD80|CRYBG3|STAG3|RTN4|SMC2|MKRN1|WSB2|DYM|SCP2|RUNDC3B|PHETA2|ATP6V1D|ZFAND4|RBL1|ACSL1|VRK2|TGFBR1|ZNF623|DBF4|SSR1|UXS1|CHD9|SMIM3|BACH1|MOB1A|ANKRD50|C4orf46|SEPHS1
GSE17186_NAIVE_VS_CD21HIGH_TRANSITIONAL_BCELL_CORD_BLOOD_UP	0.916691774630913	1	-0.233807822595011	-0.831644036291169	6084	194	SPIB|NEIL1|H2BC13|B3GNT8|KCNK5|RABAC1|N4BP3|TMEM208|RECQL5|RASGRP1|TOM1|MIF|TIGD2|C12orf57|GREB1|SLC25A19|C19orf38|KRTCAP2|MAP4K1|AREL1|BIN1|TSPO|IGF2R|ICAM2|TRMT1|SP110|HDAC7|NOP10|SZRD1|SLX4|METTL26|BTD|GLMP|RNF145|RPL37A|SYS1|NEU1|POLR2J|C9orf85|ATP5F1D|ABCD4|COASY|GNL1|ADD1|PPME1|NAT1|POLR3GL|ESYT1|SPTBN1|DMAC1|TOR3A|POP7|ARHGEF3|TXNRD3|CARS1|PFDN6|FCHO1|SERINC3
GSE17186_NAIVE_VS_CD21HIGH_TRANSITIONAL_BCELL_DN	0.98087839856588	1	0.215256275576245	0.819366721068022	3282	191	SLC35A3|TTK|CFAP410|UBTD2|LONRF1|SLC33A1|ARL5A|GNG12|ACOX3|DCLRE1A|HACD2|NEDD4|UBA6|GNAQ|KIF20B|CD80|SYPL1|OAT|YWHAG|KCTD14|MAGT1|PRRC1|ACER3|QSER1|MIS18BP1|TRIT1|CENPI|RBM47|PDIA3|RAB14|VAMP3|FUCA2|RCN2|CAPZB|PLSCR1|PTPRJ|WBP1|ATAD2|IQGAP3|PALB2
GSE17186_NAIVE_VS_CD21LOW_TRANSITIONAL_BCELL_CORD_BLOOD_UP	0.880844645550528	1	0.231041773968777	0.874504922663538	2919	185	PITPNC1|ITGB7|BICDL1|EXO5|FOXO1|TGFBR2|TBC1D10C|TBCEL|EMC9|RFFL|B3GNT5|SIAH1|C5orf34|AKAP12|UTRN|CBX7|ADD3|TCF12|NLK|MSH3|RCBTB2|RECK|TANC1|IFIT1|DSEL|SGCB|ARV1|CRBN|WASHC3|TMEM50A|ITM2A|SNX2|PSTK|ATPAF1|S100A10|ZBTB25|ELOVL6|PEX5|NMNAT3|MAN1A2|NCK1|PIGX|DAD1|PTPRA|GALNT10
GSE17301_ACD3_ACD28_VS_ACD3_ACD28_AND_IFNA2_STIM_CD8_TCELL_UP	0.821589205397302	1	-0.246230999172065	-0.869920933096016	5479	179	ATP2A1|MRM2|ARHGAP33|CXCL1|LAGE3P1|METRN|OTUB1|TNFRSF21|NBEAL2|TRAIP|SEMA3B|MICAL3|H2AC16|RND1|HCFC1|G6PD|BCAT2|POLE|POLD1|ACSBG1|KANK1|STK11|TREML2|HYAL3|CLSTN1|CARHSP1|SMCO4|WIZ|ALG12|RAD54L|CLUH|MAP1S|HSPBP1|VAC14|TUBG1|REPIN1|TK1|ACYP1|CC2D1A|NOC4L|CYC1|MCM3|ZSWIM1|RAD23A|CD320|FNTB|TBC1D10B|PIMREG
GSE17301_ACD3_ACD28_VS_ACD3_ACD28_AND_IFNA5_STIM_CD8_TCELL_DN	0.93135935397039	1	-0.231324657755589	-0.817352665284357	6227	178	TPM2|IGF1R|SPIB|TYROBP|RAP1GAP2|PLXNB2|IRF7|SPON2|CHST12|GRN|MICAL3|TCL1A|MNDA|TMEM8B|THEMIS2|MX1|ACYP2|MS4A4A|TRIP6|KANK1|DUSP7|RGS19|MAPKAPK2|DHCR7|FLOT1|CAPG|TRAF3IP2|QTRT2|IQSEC1|PDIA5|TMEM184B|ADISSP|CTSH|PTRH2|SERPINF1|MSRB1|NLE1
GSE17301_CTRL_VS_48H_ACD3_ACD28_IFNA2_STIM_CD8_TCELL_UP	0.953926701570681	1	-0.227006040956088	-0.805869161382605	6376	188	COL18A1|DIAPH2|GSDMD|RGS3|MOGS|OST4|DOHH|CIB1|LAGE3|HAGHL|CCDC103|ZNRD2|SPG7|PGS1|ZNF593|ALG9|EMC4|DDX39A|IGF2R|CAD|HSD17B7|PSMB10|FAM98B|WDR18|ENDOG|JUNB|CHID1|INTS11|TRMT2A|MALT1|CLUH|BLVRB|UGDH|VARS1|P4HA2|LSM6|YJU2|GTF3C5|TUBA1B|PLPP5|CNIH4|HSPA1A|NUDT2|MED11
GSE17301_IFNA2_VS_IFNA5_STIM_ACD3_ACD28_ACT_CD8_TCELL_DN	0.992067055829965	1	-0.212142010764721	-0.751636227170824	6627	183	HSPA6|TYROBP|PURG|PIEZO1|BSPRY|ATP2A1|SPPL2B|TNFRSF21|TRAIP|TRIO|AEBP1|GALNT14|HCFC1|MDFIC|SNHG17|NSDHL|POLD1|HOXC8|NDST1|CDCA3|ARHGAP6|CLUH|ERN1|HIRIP3|VAC14|REPIN1|ATP5F1D|CCNO|MRPL4|ADISSP|CLCN5|NOC4L|CYC1|MCM3|MCM7|ZSWIM1
GSE17301_IFNA2_VS_IFNA5_STIM_ACD3_ACD28_ACT_CD8_TCELL_UP	0.998196844477836	1	-0.20485385142485	-0.727858462946153	6642	191	SRGAP3|CCR7|NDST2|OSMR|N4BP2L1|FLT3LG|SMIM27|ETHE1|SUN2|IFITM2|POR|GPRASP1|CRISPLD2|CACNA2D2|IER3|ACVR1B|PLEKHA1|IRF3|PIK3IP1|NLRP1|SP100|BIN1|EHBP1L1|TXNDC15|LPIN2|SAP30L-AS1|AGRN|JUNB|HIVEP1|SCYL3|ARFRP1|ENGASE|TNIP1|NOSIP|NIBAN1|IL6ST
GSE17322_CD103_POS_VS_CD11B_HIGH_LUNG_DC_UP	0.65541151643051	1	0.249482301678642	0.94079205840478	2173	181	FRG1BP|HSPBAP1|EXO5|SGO2|TGFBR2|RGS2|DNAAF9|LGALS3|CMTM6|WDR5B|SOCS6|ZBTB33|RIMS3|PTBP3|ZWILCH|MAPK1IP1L|CIBAR1|UTRN|SNAI3|NRBP2|ATP1B1|TAPT1|AP3S1|PLPP3|DOCK10|DAZAP2|MAGT1|EXOC8|LRRC8C|CALM2|MTMR12|TMED5|RAB5A|PHTF2|ZNF766|RBPJ|ZNF627|ZNF846|SSR1|ZMYM6|KDM3A|PWWP2A|EEIG2|STARD4|KMT2E|PDIA3|GALNT1|FRYL|CLOCK|PTPRA|CAPZB
GSE17580_UNINFECTED_VS_S_MANSONI_INF_TEFF_UP	0.995199519951995	1	0.207001555789452	0.778571286681933	3316	177	DNAJB2|BICDL1|PTPN6|SEC24B|EIF2AK3|ERI2|HS2ST1|DHX40|MEF2C|ETNK1|SCAF8|ADD3|FCRLA|RAB3D|ATP1B1|CHRNA3|CR2|TDRP|ALDH9A1|DOK3|EXOC8|KDM4C|MED7|MTMR4|HSPD1|PRKD3|AKIRIN1|RPL6|LMBRD1|SFMBT2|LRRC23|SPG11|GALNT10|PANX1|IPO11|CDC5L|AVL9|KLHL7|RB1CC1|MYCBP2|NUMB|GGT1|CAST|MAPRE1|RAB3IP
GSE17580_UNINFECTED_VS_S_MANSONI_INF_TREG_DN	0.947958725886048	1	-0.228671789484397	-0.810868249612909	6338	185	PRG2|COX8A|SELENOM|TIMM8B|UQCR10|MRPL14|ATP5ME|DNAJC15|LGALSL|RRBP1|STK39|B3GNT9|LRPAP1|TRPC1|MZT2B|LPIN2|CPQ|TRAPPC1|F2R|PGP|RBX1|COX16|MRPL57|NENF|NEDD8|GRB7|CTTN|ID2|NUDT1|PAFAH1B3|CNIH4|BID|NIBAN2|POMP|STARD10|SMARCD2|PCK2|ATP5MG|DNMT1|S100A6|METRNL|TMA7|ATP5MC1|DNPEP|CNPY2|CEMIP2|PTDSS2|ANTXR2|UHRF1|EIF4EBP1|NEFH|ZCCHC17|SEC11C|COX7A2|POLE3|FURIN|PPM1G|CEP85|ALAD|ORMDL2
GSE17721_0.5H_VS_12H_CPG_BMDC_UP	0.812910938433951	1	-0.245180008101112	-0.874351185814618	5439	197	EFNB1|ADSS1|C1QTNF12|IFI30|CCPG1|UQCR11|GASK1B|CHST12|GTF2H4|PLA2G15|TSPAN4|ETHE1|DTYMK|CHCHD10|COX6B1|ABHD17A|TPD52|RECQL4|NDRG4|SEC61B|GMPPA|SCARB1|TIMM44|NSDHL|SLC12A7|SELENBP1|PGP|EPHX1|SIDT2|CERS5|PER1|GNB5|DHCR7|NDUFC1|SIVA1|TMEM147|RPL37A|PNPO|CRAT|EEF1D|TPRA1|NDUFB6|MRPL4
GSE17721_0.5H_VS_12H_GARDIQUIMOD_BMDC_UP	0.999701314217443	1	0.188117721666105	0.716894913295725	3346	192	KCTD12|PPP2R3A|MANSC1|NXN|ITFG1|ESR2|EGLN3|BBS2|EEF1AKMT1|RASGRP4|GLUD1|TJP2|RRAS2|SH2D1B|NUP37|SLC39A1|CPSF3|ARHGEF25|NREP|TMEM176B|RAP1A|SNX3|SDHD|EXOC6|AGGF1|NNT|TIAM2|IPP|HMGB1|NCBP1|DAD1|SEPTIN11|GNL3|MPHOSPH6|EXTL2|CISD1|BTK|MTX2|PAICS|PHKA2|BUB1B|GFM1|VTI1B|RPS6|ALDOA|RPL22|NSMCE4A|SERPINB1|HEXB|DPH5|DNAJC3|EXOSC8|MACROH2A1|STOM
GSE17721_0.5H_VS_12H_POLYIC_BMDC_UP	0.876909254267745	1	-0.239389807138045	-0.847673610224411	5855	182	PRG2|CATSPER1|GTF2H4|PHPT1|ROMO1|PALD1|HS6ST1|C8G|TIMP1|PPP4C|CHCHD6|KRTCAP2|CPSF1|ADAM15|TRMT1|STOML2|SELENBP1|TTC4|SFXN3|BABAM1|TMEM199|PGP|SDHAF2|NR4A1|MRAS|UXT|SIDT2|KLHDC4|RBX1|SLC39A11|TUBGCP2|NDUFC2|FASN|LBX2|GPS1|IRAG2|NOL6|SNRNP70|EMC6|FANCE|PDXK|SH3BGRL3|TIGD5|SPTBN1|POP7|GSTK1|CCT7|EBP|PES1|MIEN1|ENTREP3|SAE1|NEFH|SELENON|TMEM50B|AP2S1|DNAJC10|YARS1|HOXB9|WDR45
GSE17721_0.5H_VS_24H_GARDIQUIMOD_BMDC_UP	0.696673189823875	1	-0.256967603285863	-0.913827689976039	4627	193	ENC1|FMC1|RPLP2|RENBP|IL4I1|GRN|HCST|DGLUCY|STK11IP|AATK|UBL7|FLT1|ATP1A3|LMAN2|LSR|TPCN1|SIRT7|ENTPD1|PIP5KL1|TSC1|POLR2E|RAI1|IL17RA|HEMK1|UXT|ARHGAP1|UBALD1|EPHX1|ATP5IF1|KIFC1|VPS11|PPP1R18|NT5C|CLUH|ID1|HSPBP1|CNP|SIGIRR|POLR2A|COL1A2|PNPO|EMC10|MRPL4|GSTK1|TAF1C|SEM1|AP1G2|DHX16|DDX54|MROH1|INTS1|PDE1A
GSE17721_0.5H_VS_24H_LPS_BMDC_DN	0.676567656765677	1	0.248328281243553	0.934008774523218	2254	177	OSGIN1|PTGDR2|SLAMF6|NKIRAS1|MX2|CCL5|C5orf15|EVC|KLHL24|STXBP3|CPD|PPP1CB|RAB23|LYSMD3|ETNK1|ARF4|NAB1|COG6|CAMTA2|ZNF821|UTP11|OSTF1|TGFBI|APPBP2|TMED7|OTUD7B|WASHC3|TMEM38B|PARD3B|AP1G1|IREB2|BECN1|ABI1|FBXO33|PIK3CG|HMG20A|CYBB|ANXA5|GBE1|CD47|ATG12
GSE17721_0.5H_VS_24H_PAM3CSK4_BMDC_UP	0.999699157641396	1	0.193710165161549	0.731245079895667	3322	182	PIGA|UAP1L1|WDSUB1|TMEM53|TMEM51|EEF1AKMT1|RASGRP4|PTPN2|DDR2|MEF2C|SCAF8|CAPN2|METAP2|SAAL1|RELN|HOMER1|LARP7|GNG10|SNX3|PRRC1|DUSP10|SLC25A3|HBEGF|CCNH|ZW10|NDUFA5|ENDOD1|SMC3|C1D|NDUFB5|IDH3A|DCAF4|PIGX|ALDH1A2|NIPA2|TOMM40L|YWHAH|PLAAT3|ATF1|ATP6V1B2|TRAM1|GRSF1|GLRX3|PTPN9|ALDH18A1|GDAP2|VIM
GSE17721_0.5H_VS_4H_GARDIQUIMOD_BMDC_UP	0.838743612864442	1	-0.243179215110778	-0.864480287916354	5580	192	FES|C1QTNF12|PNKD|SMPD1|ARSA|ELAPOR1|DBNDD2|ADGRE5|EEIG1|PRKCSH|AURKAIP1|CHMP6|TTLL1|SIRT7|CSGALNACT2|ATP13A2|MRPS21|ATP5IF1|FIZ1|PER1|MAF1|VPS11|FBXL6|ID1|RAP1GAP|SLC35F6|TEX264|VARS1|GPS1|DGUOK|HMG20B|CLTA|BORCS5|BLTP2|MTERF4|DPCD|LPCAT1|AP1M1|FAM50A|UBXN1|GPANK1|ACYP1|EMC6|PITPNM1|ABHD8|GPR3|POLR3GL|SPHK2|C1orf174|AKR1A1|PLEKHO1|CHCHD7|RHOG|TIMM50|POLE3|DRAP1
GSE17721_0.5H_VS_4H_LPS_BMDC_UP	1	1	-0.188819251388647	-0.67075990925475	6662	190	IFI30|FAM193B|TECR|PALD1|HCFC1|PLEKHG2|SLC16A3|RNH1|BRAT1|SLC26A6|TRMT1|STOML2|BABAM1|PGP|C6orf136|RGS19|PPP1R18|MRPL2|ARMC6|GPS1|DPH2|DTNBP1|FRRS1|NEU1|LMNB2|MED11|ZMIZ2|EMC10|ATP5MG|INPP5E|MCM2|MCM7|HIP1|RAD23A|DMAC1|TXN2|WDR20|HABP4|NUDC|ARMC7|NAF1|CRCP|SLC39A13|RHOG|ATOSB|POLE3|AKR7A2|TMEM50B|SLC15A4|H2AX|LDLRAP1|SLC25A39|SUPT16H|PAGR1|HEXIM1|MPDU1|KRT10|RPL13|GRB2|MKNK2|RNF126|CRADD|ECHDC3
GSE17721_0.5H_VS_4H_PAM3CSK4_BMDC_UP	0.89738219895288	1	-0.236480013861131	-0.839501669873537	5998	188	RPS21|LRRC56|DBNDD2|EXT1|FLT3LG|NOL12|SLC52A2|REX1BD|MYL11|NBEAL2|TRIO|RPP21|ABHD17A|SYT7|SRMS|PALD1|LMAN2|TXNDC16|COMT|C12orf57|TTLL1|MBOAT1|EXOSC5|POLR2E|ICAM2|DGKA|SPN|MRPS21|TPGS1|RETREG2|ATP5IF1|LAMTOR5|KLF13|TSR2|C19orf48P|MYCL|CRAT|FRRS1|PARP12|HCFC1R1|PDXK|MCM7|CDCA7L|ARL6IP4|AP1G2|PRAF2|SNX15|EHHADH|MAVS|S100A13|DYNLT1|HLA-E|CBX6|ZBTB45|PKIG|ARFIP2|SDC3|RNF34
GSE17721_0.5H_VS_8H_GARDIQUIMOD_BMDC_UP	0.850820412464248	1	-0.24162781278587	-0.859276356897174	5651	193	ADAM19|EMILIN1|AARSD1|FAM234B|NUP210|COX8A|NOL12|SLC52A2|STK11IP|TEF|EEIG1|ATP5ME|NAA38|DTYMK|CHCHD10|ATP1A3|NAPSA|COMTD1|AURKAIP1|NFIL3|MAP4K1|MYDGF|PNKP|LSS|EWSR1|ENO3|XPC|UXT|ARHGAP1|HSPBP1|NR2C2AP|GPAM|HMG20B|MEF2D|OGFOD3|SYS1|BLTP2|LMNA|PNPO|EMC10|ACYP1|ABHD8|NCLN|ATP5MC1|CHCHD7|PRPF8|TIMM50|NOP56|E2F6|MLF2|POLE3|GPR89B|WDR45|GBF1|CSNK1G2|MYADM|PAGR1|PBDC1|LTBR|RPL13|RPL27A|COLGALT1|BRMS1
GSE17721_0.5H_VS_8H_LPS_BMDC_UP	0.683395942900075	1	-0.258270931911768	-0.917652669048947	4547	191	PNKD|IFI30|ACADS|N4BP3|CD48|SLC7A7|PALD1|C8G|RPL13A|SRR|PGF|HIGD2A|ENTPD1|MAD1L1|PLEKHG2|RPL38|YPEL1|DCXR|MRPL55|SORBS3|KCNN4|KCNJ11|XPC|TTC4|ARHGAP39|NR4A1|RANBP3|RBX1|RGS19|NSMF|CENPV|RGL2|RAP1GAP|CEL|MCOLN1|HDAC5|ARMC6|TUBB2B|NEU1|COMMD6|ZMIZ2|FAM50A|RWDD4|MANBA|DCPS|ATP6V0A2|CPT1A|IER2|C19orf53|SRF|SH3BGRL3|MCM7|HIP1|URM1|HABP4|GALNT2|GADD45GIP1|C1orf174
GSE17721_0.5H_VS_8H_PAM3CSK4_BMDC_UP	0.910791797635085	1	-0.234509805200295	-0.830887124053918	6084	183	TCEA2|TRIO|NRDE2|RNASEH2C|DCAF11|HSD17B10|TMEM160|TOM1|MIF|MICOS13|NFIL3|MBOAT1|EXOSC5|RAMP1|SLC12A7|BIN3|QTRT1|MAP3K11|TSEN34|MRPS21|NOP16|PLEKHF1|SLC66A2|INPP5D|RAP1GAP|PTCD2|DPH7|HSPBP1|CNP|KLF13|NHSL3|MEF2D|SH3BP5L|NDUFB11|PNPO|HAUS4|ZNF219|DNMT1|CENPB|CPT1A|NPTXR|TMA7|DNAJC4|RAG1|PTTG1IP|AP1G2|PRAF2|PTPA|SERINC3|HLA-E|CYTH1|SDC3|SSBP4|RNF34|POLR2G|PGLS|ATP5MC3|AHSA1|IFT172|HINT2|GINS4|FNBP1|COQ9|RABGGTA
GSE17721_0.5H_VS_8H_POLYIC_BMDC_UP	0.850404312668464	1	-0.242773981626855	-0.859656891554782	5678	182	N4BP2L1|ATP2A1|POLR2F|HEPACAM2|CEP250|JMJD8|IER3|PALD1|ST6GALNAC6|SCAND1|RPL13A|BRD3|MED22|NAA60|USP20|CPSF1|HIC2|SUPT5H|DGAT1|RALBP1|SFXN3|RIN1|PITX1|PALM|RPLP1|PISD|MAP3K3|MRAS|CERS5|MPV17|RGS19|NSMF|ERAL1|MMP17|ARMC6|ACADVL|GLMP|TK1|IL6ST|SKI|MCM2|C11orf71|PDXK|EIF4G1|CCT7|EBP|C1orf174|SNX15|ANGEL2|CUEDC2|NDUFAB1|SLC41A3|SIPA1|WDR45|ORMDL2|SETDB1|ACTR1B|ATP5MC3|RP9|LTBR|MRPL54
GSE17721_12H_VS_24H_LPS_BMDC_UP	0.730020951810835	1	-0.254641029056024	-0.902837731424184	4877	186	MESP2|IL21R|ITGA4|TLR6|SH3BP2|RHBDF1|SLC3A2|APLP2|NXF1|ZC3H12C|DNAAF1|CRYGS|RGS14|ECE1|MDFIC|CCL24|TBC1D8|ISG15|KCNN4|MAP3K11|DIAPH1|HDAC7|GRK6|PLEC|ITGAV|PCSK7|CTTN|SLC9A8|RCN1|CLTA|DUSP9|CAMKK2|NIBAN2|USB1|PARP12|CLK3|FLII|TNFAIP2|IRF1|TOR3A|SLC22A5
GSE17721_12H_VS_24H_PAM3CSK4_BMDC_DN	0.718187274909964	1	0.245405048113863	0.924291948640729	2392	179	OSGIN1|LPXN|ZNF362|TGFBR2|SESN3|CENPQ|ABCC3|LAMP2|ETFRF1|HIF1A|TP53INP1|DNTTIP2|ACSF2|PHLDA1|PTGS1|KIF3C|NEMF|MXI1|TSPAN13|UTRN|SP3|SH2D1B|TCEAL8|SERINC4|MYEF2|FCGRT|BACH2|DOK3|PGM2|C1orf54|GRK5|TDP2|EMC2|SHD
GSE17721_4_VS_24H_CPG_BMDC_DN	0.795437490619841	1	-0.247839185622099	-0.880421823702059	5299	190	PNKD|DDB2|SRD5A3|GTF3C1|MRPL41|ATF6B|NAA38|POR|TULP3|CXCL16|PDLIM7|RPP25L|DDRGK1|FOS|HGS|NFIL3|FLYWCH1|B3GAT3|SLC25A19|MYDGF|LYL1|KLC2|GMFG|SLC1A5|RNPS1|RALBP1|FBXW4|ATP13A2|HOXC8|DHRS7B|SPN|SIL1|PAQR7|GRIPAP1|C6orf136|RGL2|INPP5D|GRINA|STAG1|HDAC5|DGUOK|SLC9A8|TUBB2B|CDK5RAP1|SASH1|HCFC1R1|AARS1|MOAP1|MRPL4|WDR45B|C9orf72|TRIM27|JUN|GRAMD1A
GSE17721_4_VS_24H_CPG_BMDC_UP	0.96638783269962	1	-0.224966962785107	-0.786445164505622	6353	164	SLC30A3|GLYCTK|HOMER3|SNN|MT2A|TPBG|TLR6|FXYD1|SOD3|EEIG1|FOXH1|CDH15|CCNL2|EMP3|PPP4C|FRMD6|TBXAS1|NSDHL|GFI1B|C2orf76|IL23A|PDGFA|CLSTN1|THOC6|MYL6|ARHGAP6|AP3D1|KAZN|CAMKK2|PARP12|SRGAP2|PMP22|CLK3|NOC4L|MTM1|NECTIN2|ATP5MC1
GSE17721_4_VS_24H_GARDIQUIMOD_BMDC_DN	1	1	-0.192230322233012	-0.682415709810081	6684	188	PLA2G6|N4BP2L1|MRM2|DGLUCY|SERF2|TULP3|PPFIA4|SLC6A8|RPP25L|GLG1|LGALS3BP|SNX21|NLRX1|COMT|LRPAP1|FDXR|USP20|TSPO|SUGP2|PSMB5|SRM|SDF2|LPIN2|ATP13A2|SGK1|CRYZL1|RILPL2|PARP3|PER1|RDH13|CD2BP2|NDUFC2|MLH3|DGUOK|FRRS1|ENPP3|MOAP1|PARP1|CPT1A|PINK1|C15orf39|CNPY2|SNX15|DHX16|CYB5R3|GPCPD1|ENTREP3|NIF3L1|FCHO1|UBAC1
GSE17721_4H_VS_24H_POLYIC_BMDC_UP	0.710240963855422	1	0.244986701195274	0.92817239964636	2357	186	TM6SF1|CAMK2B|PDCL2|CD70|CCL2|RYR1|MFSD14A|CAPZA1|HIPK3|GLUD1|PTBP3|MEF2C|SEH1L|SLC30A6|ABCB10|PLGRKT|ETFA|NUP160|NUSAP1|MAD2L1|PSCA|HKDC1|GPRC6A|LARP7|GNG10|PRKCI|ATP5F1C|DPH6|UFM1|CXCL11|TIMM23|TMED5|HBEGF|CDK1|PRMT3|SCAMP1|ACLY|NDUFB5|MINPP1|RACGAP1|GALNT1|RTCA|TFG|TRAM1|SERTAD2|MBTD1|GPSM2|EXOC4|SLC25A4|DEPDC1|PGK1|GAB1|FKBP1A|DNAJC3|SRP54|ACOT9|MRPL35|UQCRFS1|RPA3|BRCA1|S100A1|GSTO1|CCNJ|HDDC2|CRTAP|RBM3|PIM1|CHURC1|ME2|CEP55
GSE17721_ALL_VS_24H_PAM3CSK4_BMDC_DN	0.806122448979592	1	0.238089535630716	0.896738850852717	2685	179	OSGIN1|PTPN6|CFAP410|ABCC3|ITFG1|SERPINI1|LAMP2|LRBA|RAMAC|MYCBP|TNFSF13B|NAB1|HIBCH|HPRT1|CTSF|ZNF821|PLRG1|SCP2|TGFBI|SYT11|C1S|ARL3|DOK3|TBC1D19|TCEAL9|CREG1|WIPI1|EBAG9|CPNE3|IFTAP|KDM3A|COX7A2L|PIK3CG|ALDH2|HACD3|SKP1|CYRIB|RIDA|MGST1|TUBGCP4|ITM2B|PTEN|DHX57|PLBD1|AGPAT5|MFSD6|HTATIP2|CCNDBP1|EXT2|PABPC1|ETV1|HLCS|SARAF|TP53INP2|MAP1LC3B|ZC3H14|MRPL33|SSX2IP|UFSP2|CWC27|MRPL45|NCAPH
GSE17721_ALL_VS_24H_PAM3CSK4_BMDC_UP	0.953666216824112	1	-0.226794583319416	-0.800470708607862	6359	177	ANPEP|SLC30A4|IL11RA|CIITA|LCAT|NOL12|APOE|LYPLA2|IFIT2|ITGAX|RRBP1|P2RX5|TBCB|EMP3|LTBP4|PSAP|YIF1A|DDX39A|IGF2R|KCNN4|PSMB10|NECAP2|MCRIP1|SEC61A1|ARID3B|CEBPB|ARHGAP1|PCSK7|EVL|ID2|GTF3C5
GSE17721_CPG_VS_GARDIQUIMOD_12H_BMDC_DN	0.672590361445783	1	0.247747327103506	0.938631484818202	2232	186	NKIRAS1|KCTD12|SLC22A4|SCRN3|EMC9|DOK2|CNIH1|JKAMP|ABHD3|PEX3|PIK3C2A|THNSL1|SATB2|CABLES2|C18orf32|PRKRA|MAPK8|MTCH2|BCL9|F5|IFITM10|EGR2|DAZAP2|RIOK2|USP33|HYPK|PPIL4|SQOR|VWA5A|NR2C1|PHTF2|FGD6|DMTN|RB1|TMEM243|MGST1|CLIP1|RPA2|GLUL|TMX1|SERTAD3|HSD17B12|SUCLA2|PRXL2A|ALDH1A2|INTS6
GSE17721_CPG_VS_GARDIQUIMOD_16H_BMDC_DN	0.96749924766777	1	0.217963987692727	0.824513394821066	3214	184	TENM1|FAM53A|CAPZA1|SCN2A|EIF2AK3|TMEM135|ZBTB33|STXBP3|CCRL2|B3GNT5|XPR1|AMMECR1|ROCK2|WASHC4|HPRT1|GINS1|PROKR1|IBTK|USP14|TNKS2|TRIM2|TANC1|TAC1|KCNE2|LHX5|ITIH4|PRRC1|HLA-C|YWHAZ|ERO1A|TMEM38B|WIPI1|CACYBP|ABI1|PIK3CG|HMG20A|CITED2|MTF2|CLPX|P4HA1|ETF1|PARP16|ATP6V1A|USO1|AK3|UBE4B
GSE17721_CPG_VS_GARDIQUIMOD_1H_BMDC_UP	0.818099547511312	1	-0.246683875249922	-0.868136188674116	5423	174	TBC1D1|SMAD7|PLAT|CCR7|DGAT2|RPS21|PLA2G6|SPSB2|L1CAM|PTRHD1|NXF1|ADAMTS4|IFT140|SFI1|SLC41A2|TTYH2|PSMG4|SLC15A2|FAS|MMP15|TBC1D8|GGCX|KCNJ11|IL17RA|KCTD10|SFXN3|TELO2|APBB3|VPS11|TSC22D1|CACNB3|IL15RA|TNIP1|TAX1BP3|MXRA8|HCFC1R1|PRR14|CHRD|SUPT6H
GSE17721_CPG_VS_GARDIQUIMOD_24H_BMDC_DN	0.815481548154816	1	0.236919666304744	0.891098855424822	2717	177	CCDC120|DPYSL2|CD83|RGS2|CMYA5|CENPQ|PKD2|SERPINI1|FAM76B|B3GNT5|PIK3C2A|FMNL3|RNF103|ZNF146|TFB2M|TSPAN13|AP3M1|NAE1|FNTA|WBP4|PLGRKT|RP2|SNX4|LHX5|RAD23B|RAP1A|TMED7|NSUN4|MFF|CNOT2|QSER1|NET1|CYBB|OSTC|ZMPSTE24|TMEM243|MTF2|DAD1|PRXL2A|ARCN1|TMOD2|TLE2|ADORA2B|GINM1|AK3|SGMS1|CFAP97|ADH5|POLR1B
GSE17721_CPG_VS_GARDIQUIMOD_2H_BMDC_UP	0.910495229441163	1	-0.235668346833028	-0.827874431460606	6011	172	ZSWIM9|VANGL2|PLA2G6|ITGA4|RAB34|TMEM115|MT2A|DEGS2|LAMA5|SLC3A2|ICAM1|SDF2L1|SCAND1|PEX7|NR1D1|KLK8|LTBP3|SGCG|ISG15|YIPF3|POLD1|TBC1D10A|KCTD10|CDC42EP4|DDAH2|NENF|ID1|PRELID1|RPS27|MVD|EVL|NFKBIB|NOCT|NIBAN1|C8orf82|POLA2|DTX2|NPTXR|UBE2O|SMARCE1|CDKN1A|PTTG1IP|ARHGEF3|UQCC2
GSE17721_CPG_VS_GARDIQUIMOD_4H_BMDC_DN	0.988945324170899	1	0.212428182824653	0.808601668673871	3309	191	SNX16|PRNP|PIGA|CENPQ|FGF13|MGAT2|PIK3C2A|PFKFB3|UAP1|SMAD4|HYCC1|PLEKHA5|TFB2M|UTRN|ADD3|ZNF644|FNTA|YWHAG|ATP1B1|RNF6|TRIB1|CNOT6|RRAD|TGFBI|ERO1A|NFE2L2|SOCS2|DONSON|MAP4K3|SUPV3L1|CCT4|SKP1|HYCC2|WAS|OPN3|ALDH1A2|ADORA2B|SGMS1|MPHOSPH6|AMFR|ECHDC1|ASB8|ITCH|VPS37A|ATP6V1B2|FBRS|THUMPD1|ALYREF|PKNOX1|RPS6|MAFF
GSE17721_CPG_VS_GARDIQUIMOD_6H_BMDC_DN	0.764565282342396	1	0.239672307134472	0.912305631516984	2558	191	MYO1F|TLE6|KCTD12|SNX18|INSIG2|UQCRB|FGF13|CNIH1|BATF3|WDR75|DHX40|NAP1L5|BCAP29|XPR1|NFYA|NBR1|TSPAN13|NUP107|SMC2|PDE8A|INTS6L|ERP44|MFSD1|TCEAL8|PSMG1|USP33|FLCN|JAK2|ETFDH|CRY1|PPP4R3B|CLNS1A|WAS|NCBP1|HSD17B12|POLR3F|GNL3|MMS22L|S100PBP|RYK|GYG1|UBE2A|GRSF1|PACRGL|RIPK1|NUMB|HSPA9|EEF1E1|AKAP10|RNF130|SLC30A5|HSPA5
GSE17721_CPG_VS_GARDIQUIMOD_8H_BMDC_DN	0.87618332081142	1	-0.239083361766032	-0.849478040079034	5830	191	ESPN|ADAM19|IL21R|TASP1|EXT1|FICD|ZDHHC12|PBXIP1|KRT12|SMAD6|RRBP1|CTDNEP1|GLG1|LSR|NDRG4|TBC1D8|TXNDC17|ADAM15|SRM|RPS16|IL17RA|BRPF1|WDR13|F2R|ARHGAP39|ITGB1|SLC66A2|EXTL3|POLR2A|NUDT14|TMBIM6|CKLF|RABL6|EEF1D|ZBTB11-AS1|EMC6|DNMT1|DNLZ|ATP6V0B|DICER1|TRAF3
GSE17721_CPG_VS_GARDIQUIMOD_8H_BMDC_UP	0.996253559118837	1	-0.208074118810878	-0.735862682100908	6647	180	SYTL1|WASHC1|PYCARD|UBA7|UQCR10|ADAMTS4|PIWIL1|NPHS1|PHB1|CYTH3|NDUFS8|AKT3|C5AR1|AKR1B1|DNAJC17|DIRAS1|ASNS|MED6|CHID1|TRAPPC5|UCP2|IL15RA|C19orf25|CLCF1|OGFR|NMNAT1|DTNBP1|APTX|RWDD4|CD81|CHRD|NINJ1|METRNL|EIF2B5|ERAP1|POP7|FTSJ3|COG8|SPTA1|CARS1|DDX54
GSE17721_CTRL_VS_CPG_12H_BMDC_UP	0.9998499174546	1	-0.197181267603849	-0.700465064827847	6661	190	PDE2A|PLXNB2|CREBRF|HLX|HEPACAM2|RNF5|NDUFB2|ANKH|SLC38A10|N4BP3|NDUFA13|BSG|MIGA2|NDUFA11|HIGD2A|NDRG4|DBR1|LTBP3|PLEKHG2|TRMT1|RNF181|DGAT1|SFXN3|RGL2|AAMDC|OSBPL11|DPH7|IL6ST|HAUS4|MYCL|MANBA|ATP5MG|ATP6V0B|CPT1A|POLR3GL|ADISSP|MCM7|TXN2|EHHADH|CHCHD7|DYNLT1|MRPS26|SERINC3|AAAS|HDAC6|ELMO2|CEP85|MGST2
GSE17721_CTRL_VS_CPG_1H_BMDC_UP	0.672413793103448	1	0.245559711870183	0.938168629013111	2261	194	ZNF841|BATF|TM6SF1|CENPQ|MDP1|BTBD1|ZBTB33|EVC|SLC25A46|CAPZA2|ZFP82|FAM76B|MOSPD2|CGGBP1|DDX19B|RAB23|GNPAT|HPRT1|STARD3NL|PROKR1|AGK|SNX4|VAPA|LIMK1|NRAS|EIF5B|AP1G1|EPCAM|IREB2|BUB1|ACLY|NEK1|SKP1|RAB3GAP2|NMNAT3|LSM3|ZDHHC5|GOLGA7|OGFOD2|IVNS1ABP|ABCB7|WEE1|ZNF124|NCOR1|PEX2|SEPTIN8
GSE17721_CTRL_VS_CPG_2H_BMDC_UP	0.982150892455377	1	-0.219015990103701	-0.777530456651919	6547	189	NAGK|HLX|MINDY1|SLC39A3|FLT3LG|PEMT|ZIC1|PLEKHA1|COMT|HCFC1|MED22|HMGCL|PCNX3|SLC25A45|FRMD8|CSNK1D|CPA5|KCNN4|MTFMT|RALBP1|ATP5PF|HPCAL1|TTC4|CDIPT|ABCD1|PISD|SDHAF2|RETREG2|C6orf136|CERS5|RGS19|RDH13|OSBPL11|NDUFC2|HSPBP1|H2BC18|SH3BP5L|NDUFB11|SMARCD2|ENPP3|LMNB2|SKI|UBXN1|EDEM3|ADD1|TRIM11|SAP30L|MCM7|C1orf174|SNAPC2|TAF5L|RBM5|CNOT9|POC5|ELAC1
GSE17721_CTRL_VS_CPG_4H_BMDC_UP	0.974902314397355	1	-0.220831086910748	-0.785034697585156	6486	192	MATR3|NAGK|IFI30|ACADS|GASK1B|TNFRSF21|TECR|PLSCR3|PHPT1|CEP250|SLC7A7|PLEKHA1|ZNRD2|ATP6V1F|FBLIM1|FAM76A|GPR146|PLEKHG2|RPL38|FRMD8|SLC26A6|RNF181|STOML2|RFX1|RALBP1|SELENBP1|SFXN3|MRAS|TUBGCP2|GPS1|TRPT1|ACADVL|TMEM147|VAC14|TUBA1B|SMARCA4|C19orf48P|PEF1|DCPS|CPT1A|C19orf53|DMAC1|BCAP31|PCBD1|ARMC7|GADD45GIP1
GSE17721_CTRL_VS_CPG_8H_BMDC_UP	0.979210605604098	1	-0.220248298655475	-0.783413412122551	6499	194	PLXNB2|NAGK|CIITA|HEPACAM2|PDLIM2|TSPAN5|MINDY1|ANKH|DGLUCY|PLA2G15|MIGA2|ABCB8|PLEKHA1|MED22|HMGCL|NAA60|LTBP3|RPL38|RRP12|ADAM15|TRMT1|DGAT1|MTFMT|GAK|SLC39A4|UXT|ATP5IF1|CERS5|TRIM39|CENPV|MRPL2|GPAM|SMIM14|TMUB2|SMARCD2|NEU1|MED25|NR2F6|SKI|TPRA1|RPS6KB2|EDEM3|SPTBN1|ABCA2|CTNNBL1|EBP|SNAPC2|AP1G2|DHX16|ACRBP|RBM5
GSE17721_CTRL_VS_GARDIQUIMOD_12H_BMDC_DN	0.691176470588235	1	0.247585480301522	0.932504313997923	2302	179	PIGB|DHX58|CCL2|NMD3|USP25|ST3GAL5|UCN|CCRL2|CPD|PPP1CB|FER|CCT8|TXNL1|PSMA4|LZTFL1|NAE1|PROKR1|ESD|HK2|DDHD1|SCRG1|BCL2L15|DMKN|ELL2|DPM1|LIN9|PPIG|C6orf120|NET1|CITED2|TMEM243|NR5A2|ZNG1B|LEPR|FBXW11|HSD17B12|SFXN1|USO1|EMD|HSP90AA1|TIPARP|RIPK2|HELZ2
GSE17721_CTRL_VS_GARDIQUIMOD_2H_BMDC_UP	0.919521316379955	1	-0.233241298519794	-0.825647835363337	6146	181	HLX|TMEM115|ZNF467|DIAPH2|COMMD4|RELL2|IFIT2|FOXP3|APOD|TADA2A|LUC7L|SCAND1|COL6A3|FAU|MICOS13|NME3|HMGCL|PKP3|GPR146|RNF181|DGAT1|STOML2|RALBP1|OXLD1|SIDT2|RGL2|PRELID1|GRB7|IPPK|CYBC1|PDLIM4|C19orf48P|NDUFB11|TAX1BP3|RRP7A|LPAR2|HCFC1R1|CSTB|TIMELESS|GADD45GIP1|PES1|FRS3|PIMREG|CHCHD7|LINGO1|MRPS26|CUEDC2|CBX6|DNAJC10|RNF34|SLC25A39|PROSER1
GSE17721_CTRL_VS_GARDIQUIMOD_4H_BMDC_UP	0.879481771617957	1	-0.238450144858493	-0.848156570312128	5837	194	WFS1|PAK1|EMILIN1|RPS21|TMEM115|PDLIM2|GASK1B|FAM193B|DGLUCY|NAT9|PLA2G15|SERHL2|SLC7A7|PLEKHA1|LAMB3|HMGCL|FBLIM1|USP20|TBCD|MAD1L1|SLC25A45|CPSF1|RNH1|MTFMT|TTC4|FAM98C|SIDT2|PLEKHF1|CDCA3|TRIM39|TTC28|MEF2D|TUBA1B|MGAT4B|C19orf48P|ANAPC2|ADD1|ATP6V0A2|CC2D1A|DESI1|PDXK|PINK1|CRCP|BLOC1S5|CDC20|GPATCH4|ZKSCAN3|HDAC6|AP2S1|ELMO2|SF3B2|MYO5A|MGST2|ALAD|WDR45|HEXIM1|STK10|CCNQ|GALC|LUC7L3|MKNK2|FAM117A|MRI1|PTDSS1|GSDME|RERE|NGRN|SNX1
GSE17721_CTRL_VS_GARDIQUIMOD_6H_BMDC_UP	0.970848985725019	1	-0.222549218276572	-0.790731200892639	6460	191	LYST|SLC46A1|ANKH|PLA2G15|SGSH|ARHGAP45|DCAF11|TTYH2|OCEL1|IER5L|HMGCL|CDH23|MAD1L1|CHCHD6|SUPT5H|XPC|HPCAL1|TTC4|PALM|DUSP7|FAM98C|PARP3|NDST1|RGS19|RGL2|IPPK|TUBB2B|IRAG2|SH3BP5L|PNPO|NUDT7|TMUB2|LMNB2|ICAM4|IQSEC1|SLC25A35|TPRA1|MANBA|ECH1|CPT1A|BAIAP2|MCM7|CDCA7L|HABP4|TMEM179B|DIPK1B|SNX15|DYNLT1|USP11|CUEDC2|AKR7A2|HDAC6|MGST2|LDLRAP1|SIPA1|ORMDL2|SLC25A39|STK10|GMPR|FAM117A|CRADD|RPS8|DDIT3|WASF2|RBM42|SNX1|RPS3|PGD|HMBS|MRPL28|NAXE
GSE17721_CTRL_VS_GARDIQUIMOD_8H_BMDC_UP	0.973054342917357	1	-0.222200447965685	-0.790188799987511	6463	193	PNKD|ENC1|CIITA|N4BP2L1|ACADS|MINDY1|FAM193B|P2RX4|BSG|TNFRSF21|TECR|NAT9|PLSCR3|CD48|SLC7A7|ZNRD2|SRR|FAU|YPEL1|ZFYVE19|DDT|QTRT1|KCNN4|ATP5PF|SAP30BP|ATP5IF1|NDST1|NSMF|SLC39A11|RGL2|MCOLN1|HDAC5|RPS26|FRRS1|SMARCD2|DPCD|IQSEC1|FAM50A|UBXN1|RPS6KB2|ZBTB11-AS1|CPT1A|SH3BGRL3|SPTBN1|EBP|PES1|DHX16|BLOC1S5|CHCHD7|DHCR24|MRPS26|AKR7A2|H2AX|ELMO2|LDLRAP1|WDR45
GSE17721_CTRL_VS_LPS_12H_BMDC_DN	0.925373134328358	1	0.225970758956668	0.849315149993507	3099	176	MPP3|SLAMF6|MMP14|CCL5|ARID5B|ME1|CPD|CHDH|MOB4|PLEKHF2|TMEM30A|UTP11|ZDHHC6|ESD|MED21|SCRG1|IFITM10|SPP1|HSPB8|RPS6KA2|NOP58|ASB3|RBM43|SERTAD1|SAMSN1|RPE|PARD3B|ITGA2B|NAMPT|CACYBP|EIF2S1|DNAJB11|GDE1|CITED2|CD47|GOLT1B|TMEM243|NR5A2|PMPCB|ZNG1B
GSE17721_CTRL_VS_LPS_1H_BMDC_DN	0.990391947536983	1	-0.216194551258821	-0.754313485448316	6493	161	TAGLN|FLT3LG|EREG|B3GAT1|UBL7|ZC3H12C|PIWIL1|MST1R|IER3|GDF2|ICAM1|FOS|PGF|FMO4|PCDHB5|NINJ2|IRS2|SEMA4F|ZC3H12A|ENO3|FLYWCH2|IL23A|NR4A1|MTMR10|TSC22D1|FLNB|ID2|ICAM4|RWDD4|IER2|C9orf72|TNFAIP2|CDKN1A|JUN|RAG1|PIMREG|AKR1A1|HPS4
GSE17721_CTRL_VS_LPS_1H_BMDC_UP	0.98794091046126	1	0.213012781585106	0.803266331541686	3276	181	ZNF841|TM6SF1|TAMALIN|ZNF436|NAA30|GCC1|GNAI3|CAPZA2|HNRNPLL|ANLN|MLF1|KLF10|CGGBP1|CRLF3|NHEJ1|CAPN2|SC5D|MPHOSPH9|CNOT6|RAP2A|TMEM140|NKAIN1|RAD23B|MED17|PPIL4|HAUS5|IRAK4|ZNF623|PTP4A2|BCAS3|SLF2|RBBP4|STMN1|ATG12|CLNS1A|MAN1A2|KCTD11|ING2|OGFOD2|RABGAP1|TOMM40L|MORF4L1|VPS37A|EIF4B|FDFT1|SMAD5|ALDH18A1|SCMH1|ZC3H7A|SUMO3|BAK1|GALT|ZC3H14|PPP4R3A|CRK|OSBPL2|PPP3CA|POLR2B|ARMC10|FASTKD5|SIMC1|TXNIP|OXR1
GSE17721_CTRL_VS_LPS_24H_BMDC_DN	0.983677747828691	1	-0.218555871498035	-0.773901139916323	6568	182	LAT|MELTF|ITGA4|PHYHD1|ZFPL1|TPBG|MIGA2|COX17|PDE6D|BCAM|IER3|PLEKHA1|UBOX5|MAGED2|WDR4|DDX39A|MRPL55|REXO1|COX16|CRELD1|GRINA|P4HA2|TTC28|SLC9A8|DDA1|TUBA1B|CLCF1|QTRT2|GOLIM4|RWDD4|TMEM183A|MRPL21|ATP6V0B|CHCHD1|C9orf72|TMEM39A|RAD23A|CDKN1A|DNAJC1|PTTG1IP|C1orf174|TRAF5|RBM10|DENND4B|UQCC2|TSHZ1|ATOSB|ZNF18|MTMR14|MAOA|DNAJC10|HK1|HAX1|ZSCAN22|MPDU1|SLC41A1|VAMP8|ERCC3|PMVK|MKKS|RNF126
GSE17721_CTRL_VS_LPS_24H_BMDC_UP	0.854920729883338	1	-0.241718990709556	-0.857409457601607	5715	187	MEIS3|TCN2|PLXNB2|PDLIM2|TSPAN5|CACFD1|MICOS10|PDCD1|RGL3|SLC7A7|PALD1|MED22|SV2A|USP27X|LTBP3|GPR146|RAMP1|MACROD1|RNF181|DGAT1|GAK|CAPN15|XPC|CLCN6|PITX1|RETREG2|FAM98C|SIDT2|POLG|TPRN|NSMF|RGL2|FASN|HAUS4|MYCL|CPT1A|TRIM11|PDXK|MCM3|MCM7|DMAC1|HABP4|GALNT2
GSE17721_CTRL_VS_LPS_2H_BMDC_UP	0.845481927710844	1	0.234286658575436	0.887633528816564	2806	186	MLYCD|MX2|FAM53A|STEAP1|PLD1|MGAT2|IMPACT|XPR1|PNPLA7|ETNK1|UNK|SCAF8|GNPAT|ADIPOR1|TPRKB|CPSF2|QSER1|MED7|PRMT3|SNX2|PTP4A2|SMC3|PEX13|BFAR|RPL6|SKP1|ZBTB25|ATG12|VDR|LSM3|DAD1|POLR3F|NEPRO|PEX2|HTATIP2|SEPTIN8|FAF1|ELOF1|ICE2|ERCC6L|SLC30A5|GNE|GALT|NSMCE4A|MSL1|POLR2B|STK38|HEXB|NCKIPSD|UBP1|MED20|TFEB|EEF1B2|HAUS6|MFAP1|GATAD1|CDC42SE1|BRCC3|DDX17|PLEKHA2
GSE17721_CTRL_VS_LPS_4H_BMDC_UP	0.791435011269722	1	-0.248298776258619	-0.882220980381754	5266	191	IDUA|IFI30|HEPACAM2|BSN|FAM193B|P2RX4|TMEM175|ANKH|TMED9|PALD1|HCFC1|GPR146|PLEKHG2|SLC16A3|RNH1|BRAT1|MYO9B|SLC26A6|MTFMT|RALBP1|CAPN15|SELENBP1|C6orf136|RGS19|PPP1R18|CENPV|MRPL2|IPPK|CYBC1|VAC14|DPH2|DTNBP1|IL6ST|RPS26|NEU1|LMNB2|ZMIZ2|NDUFA7|FAM50A|RPS6KB2|ATP5MG|INPP5E|NINJ1|EMC6|CPT1A|C19orf53|MCM7|HIP1|DMAC1|ARMC7|CRCP
GSE17721_CTRL_VS_LPS_6H_BMDC_DN	0.722716488730724	1	0.245126058909623	0.920699669794674	2436	174	TTC39B|SNX16|CD44|MMP14|DHX58|CCL2|NMD3|KAT2B|C5orf15|USP25|ZFPM2|CMTM6|TAB2|PSMA4|ETNK1|ARF4|PLEKHF2|RBM7|HK2|DDHD1|HOMER1|TANC1|SLC5A11|EPGN|VRK2|CACYBP|PSMA6|CWC15|LRRC58|UBE2D1|CHD1|MTF2|KCTD11|ZNG1B|BNIP2|UPF2|FBXW11|PLSCR1|RTCA|ARCN1|PTPRJ|GINM1
GSE17721_CTRL_VS_LPS_6H_BMDC_UP	0.993168993168993	1	0.209034964829009	0.79958697778944	3343	195	PRKCH|PELI2|RASSF3|MDP1|REV3L|TMEM51|SOCS6|GNAI3|EEPD1|CEP20|PRPS2|BNIP3L|LANCL1|MRPL42|TFB2M|NAB1|NUP35|SC5D|OLA1|SPEG|EARS2|PDE8A|GCLM|EPS15|RBL2|SEMA6B|SCP2|TPRKB|TMED7|TMEM38B|TGFBR1|THOC1|DLG1|SMC3|ELOVL5|RBBP4|CLNS1A|ING2|STIL|NCBP1|CETN2|XPOT|UBE4B|ZNF124|NCOR1|RAB31|RDH14|FAF1
GSE17721_CTRL_VS_LPS_8H_BMDC_UP	0.865271714586783	1	-0.240161212057293	-0.854060834244607	5747	193	PNKD|IFI30|RNF5|MINDY1|DGLUCY|TECR|PDCD1|NAT9|MOGS|D2HGDH|ABCB8|SLC7A7|PALD1|TTYH2|HMGCL|ENTPD1|ESR1|CPSF1|RPL38|RNH1|DCXR|MRPL55|QTRT1|RNF181|STXBP2|ATP5PF|SELENBP1|RAB40C|RETREG2|RGS19|NSMF|CENPV|RGL2|OSBPL11|DPH7|HDAC5|FANCG|TK1|FRRS1|NEU1|COMMD6|FAM50A|MANBA|INPP5E|ZBTB11-AS1|DCPS|ATP6V0A2|SRF|SH3BGRL3|MCM7|HIP1|SPTBN1|GALNT2|PTDSS2|OPHN1|CHCHD7|MRPS26|CUEDC2|AKR7A2|RPS14|TMEM50B
GSE17721_CTRL_VS_PAM3CSK4_12H_BMDC_DN	0.915063138905592	1	-0.234737657812027	-0.827583788021379	6086	176	NHLH1|BFSP1|CD14|GKAP1|ELAPOR1|PACSIN3|ITIH5|PDE6D|MAST1|ADAM22|TMEM208|MDFIC|SLC6A13|HOXC13|FRMD6|GDF9|KRTCAP2|GBP2|SPTB|RRP12|MBD3|HYAL3|SLC39A4|FLNB|HSPBP1|CTTN|ARMC6|GPAM|WNK4|RRP7A|GOLIM4|MAFG|C11orf71|TMEM39A|NECTIN2|TBX1|RAD23A|GPN2|BRD2|PTTG1IP|C1orf174|MYLIP
GSE17721_CTRL_VS_PAM3CSK4_12H_BMDC_UP	0.962578899909829	1	-0.224505915914556	-0.798098384931165	6404	192	ADSS1|TCN2|BSPRY|IFI30|ENC1|RAB38|ANGPTL6|GASK1B|RABAC1|N4BP3|GRN|TNFRSF21|CLDN6|TECR|PLA2G15|SRMS|MED22|HIGD2A|EMP3|ENTPD1|SV2A|SH2B2|PKP3|ZFYVE19|ATP5PF|XPC|HPCAL1|CARHSP1|SIDT2|PLEKHF1|MUL1|PRELID1|ZBTB1|MEF2D|IRAG2|PNPO|SSR4
GSE17721_CTRL_VS_PAM3CSK4_1H_BMDC_UP	0.732854147948488	1	0.24195377421668	0.920243356419526	2446	190	ZNF841|AKTIP|NEDD1|NUS1|CD164|ZBTB33|MTX1|CORO1A|MGAT2|MRPS24|UNK|GINS1|AP3M1|SC5D|FNTA|MFSD1|HNRNPH2|RAD9B|RAP1A|SLC30A1|TCEAL9|IRAK4|CPSF2|RPE|RAB28|VIPAS39|BUB1|SSR1|PTP4A2|ACLY|SMC3|CMTR2|C6orf120|ACAT1|GOLPH3L|CCNT2|IDH3A|TPP1|AGBL5|CETN2|WEE1|CHMP1B|ASAH1|NSMCE3|ASCC1|IQGAP3|CCDC115|ANKMY2|KPNA1|LAPTM4A|BAK1|YME1L1|VDAC3|KYAT3|UFSP2|GEMIN2|UBP1|CTBP1|MTFR1|MFAP1|CDC42SE1|SIRT3|S100A1|SNIP1|NUCKS1|CASP6|XPO4|TUG1|CYP51A1|EIF3L
GSE17721_CTRL_VS_PAM3CSK4_24H_BMDC_DN	0.763038890563762	1	0.241989698130123	0.912537621645967	2530	181	PTPN6|BATF|FAM53A|IGSF9|SERPINI1|JKAMP|TRMT10A|PPP1CB|MYCBP|SATB2|PGRMC2|MRPL39|STYX|ZDHHC6|HK2|OSTF1|TTC39C|TAC1|TMED7|UGP2|SAMSN1|PELI1|RRM2|WIPI1|NAMPT|CDK2AP1|CACYBP|NIP7|ATE1|CYBB|SKP1|GBE1|CWC15|RBM47|PMPCB|GTF2B|ZNG1B|BCLAF1|PANX1|CHRAC1|HSP90AA1|DLG5|HJURP|MAFF|USP15|FAM98A|IER3IP1|UFSP2|GUCD1|SRFBP1|FKBP4|RAD17|BRCC3|RNGTT|SLC31A1|PTPN11|GK|EIF2S2
GSE17721_CTRL_VS_PAM3CSK4_24H_BMDC_UP	0.99730780735866	1	-0.208768555250736	-0.74052987395139	6667	187	STS|NAGK|CREBRF|HLX|CIITA|RPL28|HEPACAM2|GASK1B|RENBP|B3GNT8|ADGRE5|GTF3C1|IFITM2|IFIT2|FAU|PIGQ|MUC1|LTBP3|RAMP1|RNH1|FBXL20|ARHGAP39|TRIM39|AAMDC|HDAC5|CNIH4|IL6ST|MYCL|ANAPC2|TMUB2|GPANK1|ADD1|SENP3|DDX59|RPL35|CENPB|FHIP2A|HIP1|THRA|ADCY3|ARMC7|GALNT2
GSE17721_CTRL_VS_PAM3CSK4_2H_BMDC_UP	0.844922984896067	1	-0.242922202891173	-0.861400096157981	5649	185	HLX|SNORC|FAAP20|PSMB9|ZDHHC12|TAP1|PBXIP1|CHST12|TMEM63A|MIGA2|ABCA4|TMEM208|PALD1|TMEM101|DDT|POLD1|TRMT1|ENDOG|TRAPPC1|MAP3K3|NSMF|GPS1|ACADVL|SIGIRR|ENTPD4|DHX8|MTCH1|UBFD1|INTS5|QTRT2|SURF6|MANBA|CIPC|MICAL1|TIMELESS|TAF6|TMA7|MCM7|REXO4|TOR3A|ERAP1|NARF|ARL6IP4|COG8|RCC1L|ERGIC3|CASP9|OTULIN|CLASRP|FBXO25|ZNHIT2|ALAD|SLC25A39|BAZ2A|ZBTB14|PIK3R4|IMMP1L|ZXDC|FAM117A|DIPK2A|RPRD2|DCTN2
GSE17721_CTRL_VS_PAM3CSK4_6H_BMDC_UP	0.942140066125639	1	-0.229329480485872	-0.815245724137336	6268	192	ADSS1|NAGK|DERL3|MINDY1|B3GNT8|DGLUCY|TNFRSF21|MRPL14|PHPT1|CD48|TTYH2|RPAP1|STARD3|FAU|NFIL3|HMGCL|ENTPD1|USP20|DBR1|LZTS2|HPGD|SELENBP1|HPCAL1|SFXN3|TMEM79|ARHGAP39|PISD|CARHSP1|PARP3|RGS19|ACADVL|GLMP|C19orf48P|FANCG|TMUB2|TTC5|HCFC1R1|FAM50A|UBXN1|SLC25A35|MANBA|ZNFX1|POLR3GL|DMAC1|TXN2
GSE17721_CTRL_VS_POLYIC_12H_BMDC_DN	0.644343891402715	1	-0.264384335714769	-0.930428100823467	4271	174	IGF1R|PCNX1|WFS1|CYFIP2|ENKD1|MELTF|CIITA|RAB38|MAPK11|ATP13A1|MRPL14|UBL7|PDE6D|CLCN2|GCA|CSF2|IRS1|TPH1|STARD3|PGF|TIMP1|PHLDB1
GSE17721_CTRL_VS_POLYIC_12H_BMDC_UP	0.97696823724221	1	-0.220740560186043	-0.784997149910865	6489	193	POU2F2|PNKD|RNF5|MINDY1|GTF2H4|N4BP3|NDUFA2|BSG|TECR|D2HGDH|MIGA2|PHPT1|ROMO1|DKKL1|C8G|HCFC1|HIGD2A|CPSF1|GPR146|CTSA|RAMP1|RNF181|DGAT1|ATP5PF|HPCAL1|SFXN3|TMEM79|PGP|RETREG2|SIDT2|POLG|NSMF|NDUFC2|FASN|FANCG|IL6ST|TAX1BP3|SKI|CD81|RPS6KB2|EMC6|FANCE|PDXK|CHMP7|SH3BGRL3|MCM7|SPTBN1|EIF4G1|FLNA|DHX16|PIMREG|SAE1|POC5|POLE3|AAAS|CDK5|ELMO2
GSE17721_CTRL_VS_POLYIC_1H_BMDC_UP	0.994758909853249	1	-0.211557857446482	-0.749121338694208	6642	182	MEIS3|SEL1L|ENC1|FMC1|BSG|SH3BGR|PLA2G15|ST6GALNAC6|TNFRSF1A|HS6ST1|OCEL1|SRR|BRD3|ENTPD1|C5AR1|FRMD8|CAMK1|SWSAP1|SLC7A1|ATP5PF|NPDC1|RPLP1|NOP10|INTS11|CARHSP1|HIP1R|RBX1|SLC39A11|HSPBP1|ACVR2B|HELLS|CLCF1|METTL6|DHX8|ACD|BCL2L1|CSTB|DCPS|NCLN|CPT1A|CHCHD1|HOXB3|ABCA2|WDR20
GSE17721_CTRL_VS_POLYIC_24H_BMDC_UP	0.728915662650602	1	0.24332132291678	0.9218628402069	2419	186	PRKCH|CENPQ|SCN2A|POU6F1|ANLN|EEF1AKMT1|MEF2A|BCAP29|PIK3C2A|PPP1CC|CUL4B|CCNA2|KHK|TNFAIP8|CRYZ|SLF1|HPRT1|PRKRA|ZDHHC6|POGLUT2|CREB3L3|HAS3|BEX3|BACH2|MYL12B|NDUFV2|TCEAL9|TMEM38B|ADK|EMC2|AHCTF1|SCAMP1|ACLY|SMC3|ABI1|RFC1|ELOVL5|RPL6|SKP1|ELOVL6|PFN1|CLNS1A|SMPDL3A|SUPT4H1|MIX23|GTF2B|PARK7|EFL1|KBTBD2|FUCA2|FAM111A|ASCC1|WBP11|DLD|HERC4|FAF1|CISD1|ACOT13|ATRAID|CCNB2|ALDOA|SLC35A5|TP53INP2|ZC3H14
GSE17721_CTRL_VS_POLYIC_2H_BMDC_DN	0.849775112443778	1	-0.243162482008593	-0.859080026292877	5667	179	MEIS3|PCNX1|MC1R|GLYCTK|PYGM|ENKD1|CD14|KIF1A|ANKRD33|TPBG|EREG|BCAM|ICAM1|ZNF771|C5AR1|SUCO|AKNA|TSC1|NSDHL|JUNB|KICS2|RANBP3|FAM98C|RAB30|ID2|CLCF1|MED25|KCNH2|NINJ1|GPANK1|MRPL4|IER2|PINK1|CRTC2|CDKN1A|BRD2|GRAMD1A
GSE17721_CTRL_VS_POLYIC_2H_BMDC_UP	0.999703440094899	1	0.19729441828614	0.741042819259599	3370	174	SLAMF6|ABTB1|IL10RB|CSTA|RASSF3|RUNX2|MTX1|FSCN3|P2RY1|RARS1|ATP8B3|BNIP3L|TMEM37|YWHAQ|HPRT1|ACOT11|BACH2|PIGK|MYL12B|GALNS|RAP1A|NFYB|NSUN4|PRELID3B|SP1|TTC3|AIMP1|DAD1|KIAA1191|NEPRO|XPOT|ASCC1|PAPPA|HELZ2|EXT2|FAF1
GSE17721_CTRL_VS_POLYIC_4H_BMDC_DN	0.90137547556336	1	0.229630338113128	0.85765406089009	3079	167	DOP1B|MSL2|GNAT2|DHX58|MS4A6A|CCL2|USP25|CMTM6|CLDND1|CAPZA2|TAB2|CRLF3|PSMA4|ETNK1|UNK|PROCR|WASHC4|SLC39A1|OSTF1|RSAD2|ABR|TTC39C|ELL2|ASB3|RBM43|SERTAD1|SFXN4|EXOC6|NAMPT|ENDOD1|PEX13|MOB1B|NEU3|HCN2|CWC15|CHD1|MID1|FBXW11|PARP4|STAU1|HELZ2|ATF3|TNFSF9|SUZ12|FUNDC2|KCMF1|NUDT9|EMID1|SOS1|CD82|DAB2|NR3C1|XRN1|PPP2R5A|TXNIP|TDRD7|SMC5
GSE17721_LPS_VS_CPG_0.5H_BMDC_DN	0.982783775897286	1	0.214304193375854	0.798651747402602	3367	164	AIF1|EMC9|LAMP2|TMEM106B|KIF18A|DOK4|FOXA2|ERBIN|AMMECR1|ZNF146|LYSMD3|C18orf32|BCAS2|SEC22A|MS4A2|FBXO15|FPR3|SPP1|YWHAZ|TGFBR1|COPS5|ANKRD46|ELK1|SMC3|RCOR3|SEPTIN2|LYRM1|FAM20B|SEC62|KLHL11|HELQ|RAB1A|ASAH1|EXTL2|VIL1|BTG1|DNAJB6|CHM|THUMPD1|CDC25C|PALS1|U2SURP|PORCN|RPS6KA3|FASTKD5|CSMD1|SPPL2A|ZNF7|RWDD2B|SEC22B|CCDC82|TUSC3|ARL2|NFXL1|RBM3
GSE17721_LPS_VS_CPG_0.5H_BMDC_UP	0.962730130220027	1	-0.22498005298914	-0.797122444573204	6431	183	RCAN3|MAGIX|IFI30|BSCL2|FAAP20|CARD19|ACADS|GTF2H4|INCENP|JOSD2|RPL23|CHCHD10|ZNF598|FBXL15|TTLL1|SNRPB|TIMM44|TSC1|LSS|GGCX|IKBKG|SLC26A6|DGKA|FBXL20|RIN1|PRPF40B|ABCD1|C6orf136|TANK|TNIP1|TPRA1|GPANK1|NELFB|ST8SIA1|DDX59|MRPL4|SLX9|SPHK2
GSE17721_LPS_VS_CPG_12H_BMDC_DN	0.811354761189547	1	0.237599155393757	0.895656160809808	2700	180	TSLP|TRAPPC2B|TM6SF1|SLC9B2|UAP1L1|NEDD4|NRG4|MEF2A|EGR1|AP1S2|LYSMD3|SP3|ZDHHC6|CSRP3|OTULINL|ABCC6|POF1B|RAP1A|FOXP1|SLC25A3|TYMS|NFE2L2|PLPBP|THOC1|TRAPPC2|EPCAM|HSPD1|LSM14A|AKIRIN1|MYC|PAPOLA|TAF9|DOC2A|CD93|ASB12|MPHOSPH10|HPF1|RAB31|ANKRA2|CHCHD3|TBC1D23|MED8|PTPN9|HJURP|SCMH1|LTA4H|EEF1E1|ACSM3|ALYREF
GSE17721_LPS_VS_CPG_12H_BMDC_UP	0.976176115802171	1	0.216436350827004	0.820251229293375	3236	187	CD83|TGFBR2|SEC24B|NCOA3|NT5C3A|FOXJ3|ERBIN|CD80|RAB22A|UAP1|SEH1L|BMI1|BLTP1|TMEM30A|IFIT3|FEM1B|ISOC1|TAPBPL|GFI1|MPP2|APOA2|CHAC2|CAPRIN1|LRRC8C|CRBN|SAMSN1|VWA5A|CMPK1|ITGA2B|DNAJA2|CPNE3|CDKN1B|HMGN3|RB1|RO60|BIRC2|TMEM243|TPST1|APC|FAM20B|PTEN|FRYL|GALNT10|ARFGEF1|PSIP1|ALDH1A2
GSE17721_LPS_VS_CPG_16H_BMDC_DN	0.997607297741887	1	-0.20802320350327	-0.735020302090039	6670	178	AMH|SLC30A4|SEL1L|COL14A1|NUP210|ZNF467|HBB|NDUFB8|NAA38|OSBPL5|SCRIB|TIRAP|ESRRB|GFI1B|QTRT1|GRHPR|BRPF1|SPN|NOP10|SIDT2|NSMF|RAD54L|CRELD1|UGDH|MFGE8|EGFL7|LMNA|NIBAN2|PRPF6|PPP1R37|MICAL1|SENP3|DICER1
GSE17721_LPS_VS_CPG_1H_BMDC_DN	0.999850142364753	1	-0.197385815913013	-0.698063059146942	6671	180	NFKBIZ|PLEKHN1|SMAD7|CCR7|CYFIP2|PBX3|DERL3|BSN|MIIP|CUL9|SLC41A2
GSE17721_LPS_VS_CPG_24H_BMDC_DN	0.956632271571706	1	-0.226120798187309	-0.798965570155081	6396	178	SPIB|SLC30A4|IRX5|QSOX1|TPBG|RHBDF1|TWIST1|TNFRSF21|ADAMTS4|YBX2|CD48|JMJD8|ACVR1B|ABCB6|KDF1|BRD4|ACP3|DCXR|PMPCA|EWSR1|ITGB5|MED24|RPS16|TMEM79|SIL1|MRAS|UGDH|FHDC1|MLH3|SLC9A8
GSE17721_LPS_VS_CPG_24H_BMDC_UP	0.67581346528715	1	-0.260441426427426	-0.919227126644326	4506	177	TGFB1I1|RAB4B|IL15|ENKD1|CLBA1|RAB34|SLC46A1|P2RX4|ARID5A|UBA7|TFPT|MESP1|NAA38|CXCL16|IFIT2|GCOM1|LSR|SCAND1|SERPINE1|TIMP1|C12orf57|TNK1|IL17D|TPPP3|NDUFAF3|GBP2|NDUFA6|TRAPPC5|NOP16|DGCR8|GPAA1|TRPT1|GLMP|UQCC3|PAFAH1B3|DTNBP1|METTL17|QTRT2|ACD|SLC25A35
GSE17721_LPS_VS_CPG_2H_BMDC_DN	0.93446088794926	1	-0.232046492902899	-0.81604384444619	6187	173	EFNB1|APLP1|BMP8B|SPSB2|GTF2H4|TLR6|NAA38|CXCL16|MMP1|DENND11|COL6A1|ST6GALNAC6|PTGIR|UNC13A|CTDNEP1|SDF2L1|SPINT2|PEX7|TRPC3|CACNA1A|PCNX3|MRPS14|IKBKG|C2orf76|POLR2E|RNF181|RPS16|ATP5PF|CAPN15|B4GALT7|HEMK1|ZBTB7B|GRINA|IL6ST|C8orf82|NCBP2AS2|DDX42|NINJ1|SENP3|DTX2|GFER|ATXN7L3|C19orf53|CTSH
GSE17721_LPS_VS_CPG_4H_BMDC_DN	0.836058197090146	1	-0.243848596840467	-0.865688896803952	5573	189	SLC30A3|GNAS-AS1|RNASEK|NAGK|CTBP2|MAGIX|MICOS10|MRPL41|TNFRSF8|DTYMK|NOP2|MICOS13|TTLL1|SLC25A19|STK19|P2RX6|NSDHL|LSS|BRAT1|GMFG|RALBP1|MRAS|UXT|NOP16|HEPH|MPV17|NSMF|PTCD2|PDF|FZR1|DHX8|SPINT1|TAX1BP3|PEF1|CDC34|PRRG2|FAM50A|POLA2|AARS1|CSTB|NINJ1|SREBF2|ACP2
GSE17721_LPS_VS_CPG_6H_BMDC_DN	0.935595776772247	1	-0.231186511429127	-0.813920284213111	6202	175	PAK1|ITGBL1|AGBL3|CD84|ADGRE5|SRD5A3|SLC3A2|COPE|NAA38|PPARG|HFE|FLAD1|CTDNEP1|RPAP1|FOS|RHOT2|FAS|CPSF1|SRM|MAP4K2|ATP13A2|SGK1|ELOVL1|VPS39|TRMT2A|POLR1H|SLC5A3|CRELD1|INPP5D|PTCD2|PDF|NDUFC2|EVL|RNF149|ASRGL1|SASH1|ZNF707|TUBB3|NDUFA7|FAM50A|WDR74|ABHD8|MCM7|ARL6IP4|UHRF1|UQCC2|TMEM158|ZCCHC17|ACSS2|ARIH2|BYSL|ACTN4|YAE1|MESD|RRAS|GSS
GSE17721_LPS_VS_GARDIQUIMOD_0.5H_BMDC_DN	0.747826086956522	1	-0.25361571008413	-0.896010721257817	4987	179	ATP9B|ATP2A1|RTKN|GASK1B|ANKH|RTTN|PLA2G15|APLF|LYPLA2|MIGA2|IFIT2|SLC41A2|CCK|S100A5|SLC27A1|TBRG4|MDFIC|TMUB1|DHX38|FAM76A|KIF5A|TSPO|SLC22A23|SP110|STK11|CPQ|PAQR7|RBX1|LAMTOR5|WNT5B|C19orf25|AP1B1|SH3BP5L|RPS26|PARP12|PRMT1|TIMELESS|HNRNPM|PIGT|SLC22A5|STARD5|SNX15|EHHADH
GSE17721_LPS_VS_GARDIQUIMOD_0.5H_BMDC_UP	0.88215892053973	1	-0.238937945964306	-0.84415496669477	5883	179	POU2F2|CD14|MINDY1|LAMA5|RPP21|TMEM144|COPE|SMAD6|IER3|FSIP1|PILRA|KEL|GRIK5|RFNG|MAPK7|SUCO|TBC1D8|VPS72|ZC3H12A|H2BC5|FOXRED1|JUNB|NOP10|TRIM39|RPL36|MCOLN1|TSSC4|ID2|TAX1BP3|ZNF23|SURF6|HCFC1R1|RAB2A|HBZ|CCDC137|MCM2|SLX9|METRNL|ARMC7|GADD45GIP1|HBE1|RAG1|PTTG1IP|UQCC2|NFKBIE|POC5|EIF3K|BLOC1S4|CDK5|EIF2AK4
GSE17721_LPS_VS_GARDIQUIMOD_12H_BMDC_UP	0.941449535789159	1	-0.229763872664715	-0.813588405326417	6286	182	FZD9|PLAT|CIITA|MT2A|TPBG|GNB3|D2HGDH|SREBF1|IFIT2|STK39|IFT27|TNFRSF1A|IFI27L2|RPAP1|P2RX5|SERPINE1|SHFL|BCL3|PGS1|FBLIM1|DPP3|ACYP2|SLC2A8|YIPF3|SP110|GUK1|DGKA|SDC4|CLSTN1|H2AC25|CTTN|NFKBIB|TMEM214|BID|TMBIM6|NMNAT1|NUBP2|SLIRP
GSE17721_LPS_VS_GARDIQUIMOD_16H_BMDC_UP	0.730015082956259	1	0.244660276705352	0.920313287235181	2419	178	CCNG2|MX2|CCL2|TSKS|SFT2D2|KPNA3|PFKFB3|PI4K2B|RAB22A|RGS9|BMI1|PLEKHF2|MRPL39|RNF115|NCALD|IFFO2|SGCB|KCTD14|TXNDC9|ELL2|RPS27L|HLA-C|RBL1|SAMSN1|SOCS2|PIGH|ABCB1|SNW1|CFAP20|BIRC2|MRPL30|SMPDL3A|PCSK6|PHIP|ALDH1A2|ADORA2B|ACTR8|MAGI1|RUSF1|HELZ2|REST|FABP5|GLRX3|GHITM|NUP50|SCNM1
GSE17721_LPS_VS_GARDIQUIMOD_1H_BMDC_UP	0.695573074590661	1	-0.259809025964025	-0.910773262311197	4587	169	NFKBIZ|ZFP42|MINDY1|SLC12A9|GIPC3|YBX2|PIWIL1|NSG2|CFD|GPC1|DDRGK1|DUSP8|COMT|TIMP1|ECE1|FGD1|IRS2|AKR1B1|SUCO|SGCG|FLYWCH2|ATP13A2|RHOB|TELO2|SIL1|NR4A1|MTMR10|SFR1|ARMC6|HOXC6|RRP7A|RWDD4|CHRD|ABHD8|IER2|CDV3|ITPR2|JUN|EBP|STIMATE
GSE17721_LPS_VS_GARDIQUIMOD_2H_BMDC_DN	0.999247328014451	1	-0.200941571536182	-0.714588025062406	6637	193	C1QTNF12|ZDHHC12|PBXIP1|FAM193B|SLC9A1|ADGRE5|APLP2|ABHD17A|FLT1|IER3|ST6GALNAC6|PTGIR|MED22|SIRT7|CRAMP1|MRPS14|PSMB5|PIN1|FKBP8|SLC1A5|GUK1|ATP5PF|RAB40C|MTMR10|ABL1|PYROXD1|VPS39|INPP5D|PTCD2|KLHL2|ISCA2|NOSIP|HES6|TP53BP1|SURF6|NDUFA7|TMEM128|GPANK1|EDEM3|ATP6V0B|CHMP7|AP5S1|TOR3A|DNPEP|CRCP|GATA1|ANGEL2|RMND5B|ZC3HC1|POLE3|COA5|CIAO3|PPM1G|ORMDL2|CSNK1G2|HNRNPUL2
GSE17721_LPS_VS_GARDIQUIMOD_2H_BMDC_UP	0.814736203759854	1	-0.247655926760524	-0.868169977965346	5373	169	NFKBIZ|ZSWIM9|PLAT|BFSP1|ITGA4|MT2A|RAB38|SLC12A4|IFITM2|COLEC12|ICAM1|FOS|SCAND1|PKMYT1|MDFIC|MX1|GDF9|IRS2|LTBP3|SLC7A11|KCTD10|RILPL2|CDC42EP4|RAB30|PDLIM4|NFKBIB|RCN1|REPIN1|ARMCX3|METRNL|TMEM39A|P3H3|SMARCE1|CDKN1A|JUN|GSTK1
GSE17721_LPS_VS_GARDIQUIMOD_4H_BMDC_DN	0.828255675029869	1	0.234584543689184	0.893974606002662	2772	192	TTK|EGF|MEMO1|ACOX3|MEF2A|LDHA|KIF3C|ATG2B|ZNF146|C18orf32|FNTA|YWHAG|INTS6L|TBPL1|SLC19A2|TRMT10B|PJA2|QNG1|RRAD|WNT2B|GPNMB|CHTF8|SDHD|NATD1|TMED7|ERO1A|BCDIN3D|DDX18|UBA2|CASD1|ARMC1|MLLT11|WSB1|CFAP20|PPP3R1|CYRIB|PFN1|ANP32B|TTC3|ARHGAP5|IVNS1ABP|MRPS33|HSD17B12|C12orf43|KLHL7|RAB31|FARSB|EIF4B|PCLAF|BTK|MMACHC|PTPN9|FUBP1|MAPRE1|SLC30A5|CUL4A|FAM98A|PRMT5|POLD4|AFG1L|TOMM20|EVI5|VASP|SMARCAL1
GSE17721_LPS_VS_GARDIQUIMOD_6H_BMDC_DN	0.998191136569189	1	0.201100361738385	0.762936741920435	3310	188	FGD4|NRG4|GNAQ|EGR1|PIK3C2A|XPR1|MOB3B|EIF4G2|CCT8|NPM1|KIF3C|TFB2M|LRPPRC|OAT|XPO7|EPS15|RAP2A|QNG1|BRIX1|GRIP1|ACSL4|SLC20A1|LAMTOR3|PHTF2|TSNAX|PRMT3|RABGAP1L|KRR1|PRPF39|SKP1|SLF2|STMN1|MGST1|CLIP1|PPP2R5C|AIMP1|GNL2|MPHOSPH10|JAGN1|HTATIP2|CDC42SE2|UBE2A|POLR3G|YAF2
GSE17721_LPS_VS_GARDIQUIMOD_8H_BMDC_DN	0.877864897466828	1	0.23146418814662	0.877203779028834	2910	187	PRNP|PRKCH|UQCRB|DNASE1L1|CNIH1|DARS1|GFM2|RFC4|NOL11|C5orf34|ARL8B|ZNF146|YWHAG|ORC2|TMEM106C|CPSF3|QNG1|ABR|TMEM176B|PGM2|PKP2|HERPUD1|PSMG2|ETFDH|PRMT3|HID1|TARS1|BECN1|PRKD3|ATP2A2|ZMPSTE24|CAV2|UBQLN1|IPO5|MAK16|OTUD6B|MAPK14|SMPDL3B|OPN3|MRPL3|FBXW11|PLBD1|YIPF4|GARS1|FAM118B|PSMD14|DDX21|UBE2A|BCCIP|ATL2|PAICS|YAF2|DIMT1|LTA4H|RNF130|SLC30A5
GSE17721_LPS_VS_PAM3CSK4_0.5H_BMDC_DN	0.999545040946315	1	-0.197951048578698	-0.693779350384129	6590	168	WFS1|ENG|TWIST1|GPRASP1|MSI1|LSR|RPAP1|CDKN2D|KSR1|PIGQ|KCNJ15|PCDHB5|LTBP3|LIN7B|INPPL1|CREB3L1|SLC1A5|INTS11|ACAA1|RBX1|MNX1|PPP1R18|GRB7|AGAP3|IL17RC|IL6ST|HS3ST3A1|ENPP3|SNRNP70|PTGR2|BAIAP2|SH3BGRL3|HNRNPM|EIF4G1|ELK4|TMEM179B|CD52|MRPS28|RILPL1|CBX6|MTMR14|STRN3|FN1|HBG2|SLC27A5|RABEPK|CBY1|KIAA2013|TMEM98
GSE17721_LPS_VS_PAM3CSK4_12H_BMDC_DN	0.965912518853695	1	0.218236525242687	0.826036401778611	3201	185	KCTD12|CETN3|ST3GAL5|CNIH1|EEF1AKMT1|ZFP82|PPP1CC|NEK9|TMEM37|METAP2|OAT|PGRMC2|BCAS2|RPF2|ZDHHC6|IFITM10|S1PR1|POF1B|FOXP1|SQOR|MFF|PLPBP|CDK1|ARHGEF12|FAHD1|CEP57L1|FAM3C|NIP7|PRKD3|COQ3|FBXO33|STARD4|TAF9|IVNS1ABP|OPN3|MRPL3|SEC62|MTIF2|ZNF148|SMC4|SLC35A1|KLHL7|TRIM3|SEPTIN8|STARD7|RPL5|ECD|CISD1|GLRX3|ATL2|CIB2|MBTD1|WASHC2A|GDAP2|RBM12|ORMDL1|ACTR6|ZC3H14|MRPL33
GSE17721_LPS_VS_PAM3CSK4_12H_BMDC_UP	0.674187725631769	1	0.248311631078226	0.937362571320875	2240	182	AIM2|DOP1B|AIF1|LPXN|SELENOT|STAP2|USP25|POGLUT1|TMEM53|CD164|NUDT13|STXBP3|ADPRH|CPEB2|UAP1|MAPK6|NR4A2|SEH1L|BMI1|BLTP1|TMEM30A|HOMER1|GSTM2|CDC27|IFFO2|CD274|SERPINE2|FUT8|CRBN|SERTAD1|NSUN4|CSRP1|IL10RA|CASP3|ENDOD1|CLIC4|ABCB1|RIOX2|HCN2|TMEM243
GSE17721_LPS_VS_PAM3CSK4_16H_BMDC_DN	0.733872174824128	1	-0.254349744758925	-0.901181627548962	4902	183	PLCB4|MAPK13|NAGK|HLX|CD37|TSPAN5|COX6A1|INCENP|TNFRSF21|OST4|SERF2|KIRREL1|MAP1LC3A|RPS9|CTDNEP1|LTB4R2|PHLDB1|SEC61B|TMEM109|SLC12A6|NSDHL|ID3|WDR4|CAD|RPS10|DGAT1|RPS16|UQCRQ|SFXN3|RBFOX2|RILPL2|GRIPAP1|UCP2|NCKAP5L|RTL8C|FASN|ARHGEF1|DLL3|RPL37A|PRPF6|RPL3|SREBF2|DNLZ|NDUFB6|SRRT|PARP1|ALDH6A1|ATP6V0B|CLCN5|PI4KA
GSE17721_LPS_VS_PAM3CSK4_1H_BMDC_UP	0.974668275030157	1	0.217153622991256	0.822969549816789	3231	187	SGPP1|CCNE2|UQCRB|RNF43|CD164|CKMT1B|RAB3A|JKAMP|RNF138|UCHL3|SEH1L|SH3BGRL|PALS2|DDX10|SAAL1|ECT2|CBX3|SPEG|CDKL2|PAK3|KIF3A|CHAC2|MRPS31|YTHDF2|ZW10|CAP1|PELI1|MFSD4B|C6orf120|RFC1|GOLPH3L|PCSK1N|GABPA|SUGT1|MGST1|MAK16|BRWD3|OTUD6B|ACAT2|ARL6IP6|NSMCE3|PAPPA|TRAM1|BTK|PMS2|MED8|NDC1|BAK1|NT5C2|SARNP|VCF1|ZNF347|HIBADH|CCDC117|EED|PSAT1|LACTB2
GSE17721_LPS_VS_PAM3CSK4_4H_BMDC_DN	0.954748437034832	1	0.221225603609081	0.844046164626572	3206	193	RPGRIP1|ZBTB22|LTN1|PANK3|PICK1|ETFRF1|WDR75|GLUD1|PPP1CC|ARL8B|KIF3C|SACS|PTGES3|DDHD2|C18orf32|TCF12|XPO7|NUP160|SLC39A1|RPF2|SLC19A2|FGFR1OP2|GNG10|LITAF|EXOC8|SDHD|TPRKB|TMED7|NFE2L2|BCDIN3D|CDK2AP1|ATF2|SKP1|ELOVL6|TMEM68|SACM1L|TTC3|DAD1|RPF1|HMGCS1|RABGAP1|YIPF4|ATP6V1A|NFU1|ACAT2|UBE4B|KLHL7|HTATIP2|MORF4L1|RAB31|HSP90AA1|ZNF264|FARSB|CDC42SE2|MMACHC|MBTD1|ATP6V1C1|TSPAN3|HLCS|TP53INP2|ZC3H14|OSBPL2|CSE1L|CTBP1|ATG5|RASSF5|EEF1B2|YWHAB
GSE17721_LPS_VS_PAM3CSK4_4H_BMDC_UP	0.950829562594268	1	0.221726192478816	0.839244970618915	3151	185	NLGN2|IL12RB2|NTS|HAT1|RAB29|ADPRH|GNAQ|PTPN2|SIAH1|CD80|OCIAD1|PLEKHA5|ARF4|BLTP1|TSPAN13|TMEM30A|ELMO1|ATL3|PLGRKT|MSANTD2|RBM7|MAD2L1|CDC27|TENM2|ATP6V1D|APPBP2|CRBN|TMED5|IL10RA|WAC|CLIC4|ABCB1|COQ3|ATAD1|UBE2D1|SEC23IP|C6orf62|SFXN2|PCNA|PSIP1|HELZ2|TMCO3|ATP11C|ZNF281|ATF3|DOCK8|NUDT9|MORC3|MOCOS|PSAT1|PRKX|RAB9A|TCEA1
GSE17721_LPS_VS_PAM3CSK4_6H_BMDC_UP	0.998503218081126	1	-0.204269345258876	-0.72374273932624	6670	183	PLEKHN1|TBC1D1|PAK1|FSTL3|BCO2|ITGA4|MLXIPL|TMEM9|FLT3LG|NXF1|NAPSA|IFI27L2|TIMP1|PSMG4|TRIOBP|IFITM3|TSPO|TAP2|FOXRED1|DGKA|HIVEP1|ARHGAP6|SLC5A3|EVL|NFKBIB|C19orf25|NMNAT1|NNMT
GSE17721_LPS_VS_POLYIC_0.5H_BMDC_UP	0.957341715312079	1	-0.226510702772618	-0.802545660013778	6395	183	GAA|ZSWIM9|DYSF|EXT1|HSPB3|MOGS|CASQ2|ACSL6|NOP2|ACTN2|KCNAB2|GRIK5|ATN1|DPP3|KRTCAP2|DCT|CTC1|C2orf76|KCNN4|FBXL20|HEXA|BOP1|KCNN1|TPGS1|RETREG2|MPV17|NSMF|NRARP|NEK6|DHX8|CASC3|AP1S1|CENPB|NAT1|NUP188|MR1|METRNL|BCAP31|HABP4|NUDC
GSE17721_LPS_VS_POLYIC_12H_BMDC_DN	0.815675108646786	1	-0.246601299505561	-0.872115641776034	5442	180	GNAS-AS1|RPS21|IFI30|RPL28|REN|SLC12A9|LAMA5|RGS3|SUN2|MAST1|FLT1|PKD2L2|APOD|TNFRSF1A|SNX21|TXNDC16|CCNL2|NFIL3|PHLDB1|NDRG4|BATF2|RNH1|TAP2|RFC2|RPS10|SDHAF2|PCSK7|IL15RA|SMIM14|IRAG2|HES6|LMNA|PNPO|TMUB2|NEU1|HCFC1R1|MANBA|TMEM128|SENP3|NAT1|POLR3GL|VEGFA|SESN2|IRF1|DNPEP|VGLL4|PLEKHO1|CARS1|SHARPIN|RPS14|FIG4|SLC15A4|EMC8|ANXA11|RNF34|MGST2
GSE17721_LPS_VS_POLYIC_12H_BMDC_UP	0.954914337240757	1	-0.226509961759077	-0.805222588074431	6353	192	PCNX1|SMAD7|CYFIP2|DGAT2|CTBP2|GHDC|CTU1|MTG1|KRT12|MOGS|SLC41A2|ITGAX|PDLIM7|MPG|PILRA|HS6ST1|SERPINE1|CRYGS|NOTCH3|G6PD|MYDGF|PMPCA|IGF2R|SRM|TRMT112|MAP3K11|CHID1|RETREG2|NOP16|PTCD2|PDF|ZBTB1|NFKBIB|ASRGL1|POLR2A|TRAF3IP2|PRMT1|PAFAH1B1|TIMM17B|TMEM39A|MCM3|CHCHD2|TRIM27|PES1|TM9SF4|MRPS12|MIEN1|RCC1L
GSE17721_LPS_VS_POLYIC_1H_BMDC_DN	0.951040574936368	1	-0.227855848908225	-0.807434016444226	6351	184	SPIB|PLEKHN1|WNT11|C3|CELSR3|PSMB9|CTU1|DIAPH2|GRIA3|NUDT16|METTL25B|ACVR1B|LUC7L|SPINT2|FAU|ORAI1|NECAP2|SLC2A3|ATP13A2|PARP3|POLG|UNC45A|FIZ1|GPAM|SIGIRR|ENTPD4|E4F1|CASC3|NOPCHAP1|EDRF1|PITPNM1|PHF2|SH3BGRL3|REXO4|FAM8A1|PIGT|PCBD1|DPM2|ELK4|PCGF2|SNAPC2|OPHN1|ANGEL2|CDC37L1|PFKP|GDA|CLASRP|DNAJC10|ANXA11|RNF34|UCKL1|RNPEPL1|TMEM150A|GGA2|CTCF|LUC7L3|MAD2L1BP|RHOQ|HP1BP3|UBTF|TAF8|SMARCA2|BMS1|HINFP|RSRP1|DDX39B
GSE17721_LPS_VS_POLYIC_24H_BMDC_DN	0.973265244818264	1	0.218050650251987	0.821965919630995	3239	180	ZNF841|MTMR6|PTGDR2|KCTD12|SELENOT|KAT2B|SEC24B|USP25|FGF13|LAMP2|TLE4|BATF3|HACE1|PTBP3|PFKFB3|FAM13B|ITPRID2|RBKS|LAT2|EGR2|DOK3|C1orf54|LAMTOR3|RAP2C|WIPF1|RRM2|FZD4|RPL7|TTC3|SUB1|CD93|SFXN2|NSMAF|BRWD1|ATP11B|AVL9|SEPTIN8|PLAAT3|RB1CC1|ALDH1B1|ATP6V1B2|HELZ2|REEP3
GSE17721_LPS_VS_POLYIC_24H_BMDC_UP	0.708680142687277	1	0.242797198557784	0.927614359718748	2383	194	SLC22A4|RSL24D1|FAM174A|RBMXL1|PPM1B|DOCK7|NOL11|MOB4|PI4K2B|TXNL1|RAB23|NR4A2|CIBAR1|HIBCH|YWHAQ|KPNA2|NUP160|MFSD1|PER2|MAD2L1|PLPP3|PITX3|TTC39C|CLMP|SERPINE2|HAS3|ICOSLG|TPRKB|SLC20A1|UFM1|UBA2|PRMT3|SCAMP1|CCT4|NNT|SMIM30|NIP7|RIOX2|GBE1|EEFSEC|BRAF|ZMPSTE24|CA2|WAS|MFSD14B|RAB14|GNL2|JAGN1|IDE|SLC35A1|BHLHE40|TFRC|VTA1|SEC61G|PACRGL|DNAJB6|GLRX3|PNPLA8|RAB10|CAT|BLMH|ALYREF
GSE17721_LPS_VS_POLYIC_2H_BMDC_DN	0.999402628434886	1	0.198305136332438	0.755717974138929	3345	192	MLYCD|HVCN1|UBR3|CMTM6|TMEM51|NAA30|ETFRF1|PLD1|MGAT2|EEPD1|PSMD5|FGGY|XPR1|NEK9|PNPT1|SRP19|SYPL1|LIPT2|SP3|DENND4C|PDE8A|NUP37|COPS3|TMEM140|ARHGEF25|GRIA2
GSE17721_LPS_VS_POLYIC_2H_BMDC_UP	0.927925299095419	1	0.227231180799337	0.846827011412994	3179	164	PRKCH|FCGR2B|GPR85|RGS2|SNX18|RNF11|EGLN3|CKS2|CPEB2|MARCHF5|PHLDA1|EGR1|TOB1|RBM7|MAD2L1|EIF2B2|PLPP3|LAMA2|CA3|PAX7|EDA|CR2|RAP1B|UFM1|TMED5|TYMS|ACSL1|FAM133B|SLC30A7|RLF|COQ3|ATAD1|CHD1|MFSD14B|NCK1|KBTBD2|CLOCK|RCN2|EMD|LTV1|TAX1BP1|FDFT1|DNAJB6|IDI1|ANXA7|NUDT9|SLC25A17|NR3C1|WDR48|AMPD3|EPM2AIP1|HMGB2|HCCS|SRP54|SLAIN2|S100A1|SLC31A1
GSE17721_LPS_VS_POLYIC_4H_BMDC_UP	0.987406296851574	1	-0.216481083037361	-0.764816072658259	6585	179	IGF1R|SHF|APBB2|APLP1|MAGEH1|TMEM115|RAB38|CTU1|HBB|CPEB3|EREG|FXYD1|CIAO2B|STK39|PILRA|AKT3|SLC15A2|CACNA1A|ISG15|KCTD10|RILPL2|ITGB1|SFMBT1|NMNAT1|UBE2M|CKB|ACYP1|EDEM3|NMU|CDC42EP3|TUFM|NECTIN2|ELP5|HSPA1B|CEMIP2|TM9SF4|SPTLC2|TSHZ1|ACBD3|ACAD10|CCT3|RAB12|RELA|FKBP9
GSE17721_LPS_VS_POLYIC_6H_BMDC_DN	0.980694402873391	1	-0.219393288852274	-0.777865766296045	6552	186	ADAM19|PLXNB2|RPS21|RPL28|MUTYH|GRN|NBEAL2|SUN2|CIB1|HFE|LMAN2|COMT|KCNAB2|NDRG4|MBOAT1|PXMP4|NSDHL|RFC2|KCNN4|SGK1|MTBP|PLEC|KLHDC4|DPH7|EVL|ARHGEF1|IL15RA|LAMP1|IRAG2|SLC66A1|TTC5|SMARCD2|IRF9|PCK2|FAM50A|UBXN1|ITPR3|CPT1A|POLR3GL|PDXK|MCM7|IRF1|TOR3A|LACTB|DHX16|PTPA|SNAPIN|CASP9|CDK5RAP2|HMGA1|ACIN1|AAAS
GSE17721_LPS_VS_POLYIC_8H_BMDC_DN	0.650377073906486	1	0.249491074925497	0.944336469700281	2155	185	MYO1F|ZBTB12|PDK1|DOK2|FGF13|SOCS6|NEDD4|NPL|ARID5B|HS2ST1|NAP1L5|HIC1|PIK3C2A|LDHA|SMAD4|AAK1|TOB1|TJP2|RNF115|INPP5K|TRMT1L|HOMER1|EIF2B2|IFFO2|TMEM140|RBKS|ARHGAP8|OTULINL|LAT2|ALDH9A1|RBM43|PGM2|SLC25A3|INTS12|IRAK4|SERTAD1|EIF3C|SPDL1|PLPBP|STK24|AGGF1|FAM3C|TRIT1|MAN1A2|GLUL|HMGB1|PIAS1|LRRC40|MBD4|SEPTIN8|TIPARP|ADH5|NCAPG2|FAF1
GSE17721_PAM3CSK4_VS_CPG_0.5H_BMDC_DN	0.957511380880121	1	-0.227233019242774	-0.796741844413183	6309	170	RHOBTB2|CDC26|TMEM258|PTRHD1|COX14|N4BP3|RPP21|DNPH1|HAS1|MST1R|ACSL6|IFI27L2|C8G|ZNRD2|TMCO6|FBXL15|GMPPA|DACH1|YJU2B|SDHAF2|HEMK1|PPP2R3C|DGCR8|TRMT2A|SNRPD2|DGUOK|RPL37A|FKBP2|ZBTB48|MRPL4|ACADSB|NRBP1|PTRH2|RPS5|TM9SF4|TIMM50|PSENEN|POLE3|CUEDC2|RPS14|MSTO1|CPTP
GSE17721_PAM3CSK4_VS_CPG_0.5H_BMDC_UP	0.990422029332535	1	-0.214408559787011	-0.760192253517178	6617	186	ADAM19|MAGIX|CLBA1|EPB41L1|COX8A|MLXIPL|CARD19|ADGRE5|INCENP|TMEM63A|LYPLA2|GPC1|RECQL5|MPG|HGS|SHFL|TRPC1|CRAMP1|GGCX|FBXW9|FGFR3|SYVN1|CEBPB|PER1|NISCH|SLC39A11|RNF149|PGGHG|FBXO31|CHERP|MAN2C1|TTC5|ZNF219|POLRMT|NELFB|DDX59|NT5DC3|IER2|TRAF3|SRF|TRIM27|TNFAIP2|CDKN1A|BRD2|KIAA0319L|EIF4G1|DIPK1B
GSE17721_PAM3CSK4_VS_CPG_12H_BMDC_DN	0.940806234077626	1	-0.229525244423485	-0.811725470407241	6277	180	NFKBIZ|TMCO4|WFS1|ARID5A|IL4I1|HOOK2|ADAMTS4|EXTL1|SLC6A8|LGALS3BP|ECE1|MX1|G6PD|MAPK7|TRIB3|PHKG1|IKBKG|RFC2|CST3|MED24|AGRN|PPP1R18|INO80C|ARFRP1|FZR1|DGUOK|CACNB3|IL15RA|NFKBIB|CMTR1|TLCD1|IL17RC|OGFR|INTS4|ENTR1|GNL1|UPP1|METRNL|C9orf72|TMEM39A|APPL1|TRIM27|IRF1|SLC22A5
GSE17721_PAM3CSK4_VS_CPG_12H_BMDC_UP	0.964130271649407	1	-0.224198214036592	-0.79643983649065	6423	190	CCDC12|COX8A|DHRS1|N4BP3|TMEM63A|MRPL41|SGIP1|PHB1|LAGE3|SIAE|NDUFA11|LMAN2|RPL13A|NDUFS8|MICOS13|EFNA1|SLC12A6|SLC16A3|YIF1A|POLR2E|NDUFA6|CDK2AP2|GPSM3|SFXN3|MFSD10|PGP|SELENOS|TMEM205|RPL27|MPV17|MRPL57|NSMF|OAZ1|NCAPH2|KLHL2|RPL37A|FRRS1|LMNB2|STUB1|RNASET2|S100A6|TIMM17B|C19orf53|LTB4R|MSRB1|PRAF2
GSE17721_PAM3CSK4_VS_CPG_16H_BMDC_UP	0.907541478129713	1	-0.236179241782877	-0.831497799801728	6016	175	RAB27B|PYGM|ANAPC11|RPL28|COX8A|MT2A|MICOS10|RNF207|SLC3A2|TMEM63A|NAA38|ZC3H12C|ING4|ADAM22|UCHL1|VSIG4|ACVR1B|NOP2|EMP3|ACP3|EWSR1|SRM|RNF181|DHRS7B|ABL1|CERS5|RGL2|CRELD1|TMEM147|RNF149|UQCC3|SAMD8|MRPL24
GSE17721_PAM3CSK4_VS_CPG_1H_BMDC_DN	0.824436536180308	1	0.236697216268236	0.890170649211165	2779	175	DNAJB2|TTK|KIN|ZNF410|EMSY|ZBTB33|NPL|KPNA3|PSMC1|TP53INP1|MAP3K1|ARIH1|ORC4|MTHFD2|UAP1|KIF3C|TMEM59|PSMA1|LZTFL1|ETNK1|ZFYVE16|UTRN|ABCB10|TBPL1|SLAMF7|TTC39C|CHAC2|NATD1|SLC30A1|LIN9|RAB5A|SAMSN1|MTCP1|CAP1|BTBD10|RDH11|RAB2B|DNM1L|CDK2|DMTN|STMN1|BIRC2|RACGAP1|RBM47|GTF2B|CCDC90B|PLSCR1|RABGAP1|NDE1|CHRAC1|SGMS1|REST|FUCA1|BTK|ANKRD33B|BTG1
GSE17721_PAM3CSK4_VS_CPG_24H_BMDC_DN	0.945517138152971	1	-0.22902538656056	-0.811455387172877	6316	183	MSH5|WFS1|BMP8B|FGD3|SELENOM|C5|SH3BP2|GTF3C1|POR|IFIT2|NPHS1|CYTH3|PPP4C|PGS1|DHX38|GBP2|PSAP|TSPO|FANCA|HPGD|PSMB10|AGRN|DYNC1H1|INPP5D|LMBR1L|PDLIM4|ID2|IRAG2|SYS1|APTX|CD81|AARS1|GNL1|PXN|SPHK2|TAF6|AP2M1|TOR3A|SERPINF1|LACTB|TCTA
GSE17721_PAM3CSK4_VS_CPG_24H_BMDC_UP	0.971156750226518	1	-0.222723926209628	-0.783258935399251	6430	173	CCDC12|COX8A|PTPRU|RPLP2|EREG|COL1A1|UQCR10|TNFRSF21|TECR|ETFB|ATP5ME|ARHGAP45|UCHL1|APOBR|TOM1|MCAM|FAS|FZD3|PXMP4|LTBP3|GUK1|TBC1D10A|SLC7A1|XPC|MRPS21|DCTN3|COX16|RPL10|CD2BP2|PCYT2|SFR1|IL17RC|SPINT1|EEF1D|TPRA1|JTB|DDX59|METRNL|ATP5MC1|BCAP31|PILRB|SPTA1|NANOS1|EDEM1|SELENON|H2AZ1|SLC12A2|ELMO2
GSE17721_PAM3CSK4_VS_CPG_2H_BMDC_DN	0.883257918552036	1	0.231311466306905	0.870100446213715	2927	178	PITPNC1|RFX3|TM6SF1|KCTD12|BMAL2|CCL2|MANSC1|MFSD14A|CCL4|RRM2B|RNF2|NBN|AMMECR1|PI4K2B|STAG3|RAB6A|IRF2BP1|DRAM2|CNOT7|PLPP3|PAX7|CD274|TPTE|RRP15|USP47|BCL2|B3GNT2|ATP11A|C6orf120|FGD6|EIF3J|QPCTL|SECISBP2L|PFN1
GSE17721_PAM3CSK4_VS_CPG_2H_BMDC_UP	0.893432835820896	1	0.22978511442288	0.863651473418148	2992	176	PTGDR2|CD44|FOXA1|PLAAT1|EFNA2|KLHL13|NXN|SLC25A44|DCLRE1A|CNNM2|ZNF277|KLF10|CALN1|CRYZ|RPAP3|THOC2|SLC44A1|ZNF821|MPHOSPH9|FCER1G|IL6R|TSPAN12
GSE17721_PAM3CSK4_VS_CPG_4H_BMDC_DN	0.948265460030166	1	-0.228616518415455	-0.804872310647598	6286	175	MESP2|TCTN2|PSMB9|SLC12A9|OTUB1|CLN3|LAMA5|ATP13A1|UBL7|GCA|PLEKHG6|STK39|IFI27L2|SERPINE1|CCNL2|MET|VWA1|PGS1|AKT3|GNMT|TRIM26|CCL24|ISG15|TAP2|DGKA|HEPH|ATP5IF1|CNP|BID|SLIRP|APTX|IRF9|TIMELESS|NAT1|CPT1A|IRF1|TOR3A|LTB4R
GSE17721_PAM3CSK4_VS_CPG_4H_BMDC_UP	0.998948159278738	1	-0.202346658274063	-0.718950249894029	6647	191	MATN1|CD14|ANKH|POR|CPS1|ACVR1B|SEC61B|MAPK7|TMEM101|AMPD2|CALR|NSDHL|LSS|EHBP1L1|SMDT1|BIN3|NECAP2|ENDOG|NDEL1|FERMT3|ARHGAP1|NISCH|INPP5D|NDUFC2|ZBTB1|MEF2D|IFNGR1|TMUB2|NOPCHAP1|CDC34|FAM50A|AARS1|DDX42|NELFB|SLX9|SLC22A5|ADAM8|PTDSS2|PLEKHO1|PTPA|ZNF600|FCHO1|TMEM120B|ARIH2|H2AX|HAX1|CLN8|MYADM|ARF1|PBDC1|ATP5MC3|SPICE1|COLGALT1|TEPSIN|SMIM12|TET1
GSE17721_PAM3CSK4_VS_CPG_6H_BMDC_DN	0.8488111260655	1	-0.242764792608711	-0.857774749138865	5675	178	NFKBIZ|TPM2|PLAT|TCTN2|MARCKS|ITGA4|GNB3|GTF2H4|TLR6|SH3BP2|APOE|KCNAB3|EEIG1|IFITM2|TMEM163|RPP25L|UBOX5|TRIOBP|FANCA|FOXRED1|KCTD10|MAP4K2|SGK1|H2AC25|PCSK7|TANK|CNP|IL15RA|RCN1|CLCF1|USB1|DPCD|ANKIB1
GSE17721_PAM3CSK4_VS_CPG_6H_BMDC_UP	0.694131772474861	1	-0.257581235966337	-0.915029400825676	4624	190	IDUA|CDPF1|NUP210|GTF2I|PBXIP1|LPCAT3|SAC3D1|KLF7|PDLIM7|NOP2|STAB1|CHMP6|SIRT7|SMIM11|AMPD2|CALR|CTSA|GAL3ST1|BIN3|MBD3|DGAT1|RPS16|DIAPH1|WDR13|FERMT3|PSMD2|NOP16|PLEC|FAM118A|NSMF|TRMT2A|DHCR7|PPP1R18|JRK|PTCD2|PSMG3|ENTPD4|TSR2|IFNGR1|GRAMD4|MANBA|DNLZ|SENP3|TTC13|FANCE|EBP|PRAF2|DHCR24|SNAPIN|NDUFA8|SAE1|MRPS26
GSE17721_PAM3CSK4_VS_CPG_8H_BMDC_UP	0.919454027298635	1	-0.233466064766077	-0.828829784822303	6129	189	EMILIN1|DGAT2|HLX|NUP210|RNASEH2C|MRPL41|LPIN3|MATN4|RGL3|NKX6-1|PHB1|COMT|BRD4|FRMD6|TRMT112|NECAP2|RIN1|ATP13A2|RBFOX2|MRPS21|UBALD1|GPAA1|RGS19|AAMDC|CLUH|NCKAP5L|MBOAT7|MRPL2|PDF|EXTL3|FASN|GPS1|RPL37A|ENTPD4|GTF3C5|DCTPP1|SYS1|NOCT
GSE17721_PAM3CSK4_VS_GADIQUIMOD_0.5H_BMDC_UP	0.993487808571861	1	-0.212922022965315	-0.747969343684251	6559	172	COX6B2|SAMD11|PLLP|ABCB4|LAMA4|MRPL41|COX6B1|ITGAX|CRYBA2|IER3|UNC13A|KEL|NCAN|PCDHB5|TRPM1|AMPD2|DDO|H2BC5|HSD17B7|B4GALT7|NBL1|NOP16|PER1|MRPS5|HOXC6|IL17RC|IL6ST|KCNH2|ALDH6A1|BAIAP2|SERPINF1|ELK4|RAG1|CNPY2|FTSJ3|H6PD|NFKBIE|BLOC1S4|GPT2|ILF3|NPC1|UBC|PCYT1A|JUND|DDR1
GSE17721_PAM3CSK4_VS_GADIQUIMOD_12H_BMDC_UP	0.899027673896784	1	-0.236202872361375	-0.838517820337851	6009	188	TRAPPC6A|PNKD|AARSD1|ATP2A1|NDUFB2|C2orf42|NDUFA13|DGLUCY|LRFN1|RNASEH2C|SREBF1|GIPC3|SLC22A13|PKD2L2|ZNRD2|RPL13A|KCNAB2|ESR1|HOXC13|SLC10A3|PSMB5|RPS10|RPS16|SFXN3|TRAPPC1|MFSD10|B4GALNT1|ELOVL1|FASN|GPR180|SIRT4|TMEM214|LMNA|SLC66A1|CRAT|FRRS1|PIGS|S100A6|C19orf53|SH3BGRL3|TBX1|TXN2|RMND5B|PSMB3|E2F6|CUEDC2|H2AZ1|H2AX|CLPP|FKBP3|RPL23A|TM7SF2|SDHAF1|UQCC1|PBDC1|LAS1L|STK10
GSE17721_PAM3CSK4_VS_GADIQUIMOD_16H_BMDC_DN	0.905882352941176	1	0.228748287954573	0.865823960883214	3002	185	LPXN|GPR137B|IFIH1|DHX58|UAP1L1|ZNF227|DCLRE1A|TMEM209|ZBTB33|COPS8|NUDT13|RARS1|ZBTB18|AKR1E2|CTSK|OCIAD1|UTP18|SLF1|GTF2A1|TMEM140|EFNB2|POPDC2|RAP1B|GALNS|CNBP|SKAP2|FUT8|SERTAD1|RAP2C|KIF5B|SNX2|ATE1|ABI1|SEPTIN7|SLF2|AFTPH|CD47|TOR1AIP1|PSME4|RSL1D1|NMI|TYSND1|ATP6V1B2|HELZ2|RFC3|CLASP2|RPL7L1|PARP9|LAPTM4A
GSE17721_PAM3CSK4_VS_GADIQUIMOD_16H_BMDC_UP	0.967378410438909	1	0.217892423864835	0.819449605145115	3261	175	AIM2|CD70|RNF11|ITFG1|UBLCP1|CCRL2|BPNT2|XPR1|TRIM13|UHMK1|SLC39A1|SYNE1|TSPAN12|IFITM10|SFRP2|EDA|RNF144A|DYRK1A|USP53|ACSL1|PELI1|SBNO1|PYGL|SNX19|FAM241B|SEPTIN2|HMGN3|KDM6A|ZMPSTE24|ATP13A3|WT1|HMGCS1|TEAD1|SFXN1|ALDH1A2|TOMM40L|ZNF264|RUSF1|BHLHE40
GSE17721_PAM3CSK4_VS_GADIQUIMOD_6H_BMDC_UP	0.981517655897821	1	-0.218716852436521	-0.777114566934403	6531	191	RCAN3|CCDC12|CDPF1|GASK1B|ADGRE5|ETFB|PPCDC|SAC3D1|ITGAX|PLEKHA1|TTYH2|TOM1|NOP2|ZNF598|OCEL1|SIRT7|HOXC13|ALG9|CEP41|FAM76A|CTSA|LSS|MED10|USP36|PPP2R3C|ABL1|FAM118A|DHCR7|SLC66A2|PTCD2|PDF|E4F1|HES6|NMNAT1
GSE17721_PAM3CSK4_VS_GADIQUIMOD_8H_BMDC_DN	0.722924187725632	1	0.244762022877277	0.923962998147537	2402	182	FOSB|NLGN2|PRNP|ZNF362|RGS2|DOK2|RFFL|CCL4|TMEM209|TLE4|CCRL2|GCNT2|CUL4B|PI4K2B|TMEM168|MAPK6|ETNK1|SDCBP|RNF115|ETFA|RANBP9|TNKS2|PLPP3|CHAC2|RBM43|RBL1|RPE|SCIN|EIF5B|UBE2D1|AP3B1|SERTAD3|SERINC1|PSME4|C6orf62|SFXN2|RAD21|PIAS1|MBD4|ATP11B|TAX1BP1|CDC73|RIPK1|CLASP2|SPOP|LAPTM4A|BIRC6|MCL1|POLR3C|ZFP36|MSL1|PSAT1|RAB9A|RASA2|XRN1|GBGT1|PRPF38B|BRCA1|RNGTT|UBE2D2|CUTC|CBX4|RC3H2
GSE17721_PAM3CSK4_VS_GADIQUIMOD_8H_BMDC_UP	1	1	-0.1916757689633	-0.680447051282217	6684	188	ASCL2|EMILIN1|NOL12|NBEAL2|MRPL41|SPSB3|KLF7|COMTD1|RPL13A|CDH23|KCNAB2|TXNRD2|CTC1|RPP14|TRMT1|ATP13A2|PAQR7|NR4A1|UBALD1|PLEC|RGS19|SLC66A2|RTL8C|FASN|MRPS11|GPAM|FBXO31|NOCT|RPS11|IQSEC1|HES1|PSMA7|TPRA1|PSEN1|NUP188|EIF2B5|MCM7|ATP5MC1|NUDC|PTTG1IP|MIEN1|IDH3G|CLPP|AIFM1|ALAD|GSS|PDIA6|KLHL36|MYADM|POLR2G|COX19
GSE17721_POLYIC_VS_CPG_12H_BMDC_DN	0.985529092553512	1	0.214026319817749	0.807088361055383	3268	181	ELK3|PEX12|RNF11|GLMN|MFSD14A|DARS1|EIF4G2|ITSN1|STT3A|IPO7|DDX10|NCBP2|DCAF13|PDE8A|HSPA4|DENND6A|ARL1|FBXO15|SLC40A1|PSMG1|EIF4E|APPBP2|RHOA|UFM1|FAM133B|DDX18|UBE2W|WIPI1|PRMT3|ACLY|SMIM30|AP4S1|LRRC58|ANP32B|GTF3A|RPA2|MTF2|OTUD6B|SRSF1|ADORA2B|GNL3|LTV1|ECD|FDFT1|MED8|DNAJB6|LYRM2|ZC3H8|HJURP|RAB10
GSE17721_POLYIC_VS_CPG_12H_BMDC_UP	0.944293887383318	1	0.223212635724226	0.843293299340184	3135	183	ITGB7|GJC2|BCAR3|MX2|IL12RB2|NTS|KAT2B|NCOA3|TMEM51|NUDT13|NAAA|EGR1|RAB22A|RFX5|THNSL1|TMEM37|ARF4|WASHC4|TOB1|SLC44A1|PLGRKT|RBM7|GPNMB|LAT2|TMEM176B|SLC25A3|NSUN4|CERT1|CSRP1|HBEGF|ANGPT1|NKX3-2|SNX2|BCAS3|BFAR|CLIP1|MAPK9|AP3B1|SNTB2|GLTP|PTEN|ING2|RBM25|DCUN1D1|RAD21|PRXL2A|TLE2|ATP11B|ALDH1B1|HELZ2|FABP5|ZYG11B
GSE17721_POLYIC_VS_CPG_16H_BMDC_DN	0.996682750301568	1	0.204763749509954	0.776014364539475	3304	187	NUS1|EIF3E|MGAT2|EEF1AKMT1|NOL11|CALN1|MRPL42|TFB2M|HSPH1|PIKFYVE|LRPPRC|WDR26|ATXN10|PPP3CB|MED21|FCER1G|RAD9B|SLC25A48|BICD1|ASNSD1|TRIAP1|PANK1|DBT|PYGL|WIPI1|PRMT3|RFK|BUB1|SCAMP1|PRDX3|FAR1|MGA|EIF3J|SEPTIN7|STMN1|OSTC|APEX1|STARD4|CAV2|CNN1|NCBP1|HMGCS1|ACACA|UBE2A|FDFT1|MMACHC|YAF2|CDC25C|HJURP|EIF1AX|RALGAPA1|GALNT6|GLO1|ZC3H14
GSE17721_POLYIC_VS_CPG_16H_BMDC_UP	0.995957478664471	1	-0.209552882086299	-0.742575299476092	6651	184	RAB27B|CIITA|B3GNT8|SH3BP2|N4BP3|EPPK1|SLC3A2|PDCD1|TCIRG1|CEP250|NSG2|TNFRSF1A|STAB1|PTK2B|PGF|NFIL3|AKT3|SIRT7|ACYP2|LYL1|EWSR1|SLC22A23|RNF181|KCTD10|SYVN1|RGL2|TP53I13|INPP5D|GRINA|SMARCD2|PARP12|BCL2L1|NINJ1|CLK3|MTM1|HNRNPM|CDKN1A|SURF1|BRD2|POP7|APOBEC3B|MSRB1|PPARGC1B|TCTA
GSE17721_POLYIC_VS_CPG_1H_BMDC_DN	0.842894969108561	1	0.235017825298919	0.881854957046086	2864	172	ST8SIA4|RGS2|GABRR2|RYR1|RFFL|EMSY|NPL|KPNA3|STXBP3|TMEM143|CPEB2|FOXJ3|ABCB10|SKIL|BMERB1|SLC38A2|RBM7|MED21|HK2|CNOT7|PSCA|CD274|ELL2|SOS2|PRKCI|INTS12|KDM4C|ZDHHC20|LIN9|SAMSN1|SFXN4|LAMTOR3|PELI1|KLRG1|CDK2|PUM2|SERINC1|GTF2B|NCK1|FBXW11|ETF1|CLOCK|RABGAP1
GSE17721_POLYIC_VS_CPG_24H_BMDC_DN	0.730201746461909	1	0.244233482860242	0.922709679504961	2424	183	CD44|PRKCH|CD40|NUS1|ANKRD13C|MFSD14A|NXN|RRM2B|ARHGAP23|VPS26A|EIF3E|XRCC4|EEF1AKMT1|IMPACT|ABCE1|GCLM|NUP160|POGLUT2|MAD2L1|FCER1G|PTPN14|HAS3|JAK2|ERO1A|DBT|AHCTF1|TARS1|HNRNPK|ACLY|MGA|PIK3CG|VMP1|OSTC|RPA2|MRPL3|PANX1|ARCN1|XPOT|ATXN7L1|BCCIP|YAF2|NDC1|EIF1AX|UBR1|MAPRE1|RALGAPA1|ZC3H14|RRN3|FAM98A|RAP1GDS1|AZIN1|RNF146|SLC25A33|VASP|PTCD3|SNIP1|CHEK2|IMPA2|RAC2|ARHGAP21|GPN1|MMUT|CYP51A1|EIF3L|HSD17B4|FOXK2|BCR|COX5A|CHCHD4|UEVLD|CDC16|GPD2|OXSR1|UBE2G2|PSME3|B4GALT1|PITRM1|C21orf91|TM9SF3|ADAM9|STK3|CFLAR|NUCB1|PGRMC1|GTF2E2|TAGLN2
GSE17721_POLYIC_VS_CPG_2H_BMDC_UP	0.999404584697827	1	0.198991756818019	0.759216954974819	3356	193	MLYCD|CAPZA1|BTBD1|DTL|BLTP3B|ETFRF1|MTX1|PLD1|NUDT13|FGGY|SRP19|ETNK1|CAPN2|DDHD2|SMC2|CMPK2|TBPL1|NUP133|PJA2|RECK|USP33|SDHD|CERT1|TIPIN|TDP2|WIPF1|EBAG9|SMC6|KDM3A|BFAR|DRAM1|MYC|MINPP1|MAPK9|GLTP|DHX57|MAPK14|DOC2A|IVNS1ABP|SPG11|ECPAS|POLR3F|NSMAF|BRWD1|FAM118B|SLC4A1AP|TRIM59|PAPOLG|TIPARP|CORO1C|STX17|MMACHC|SP4|ORMDL1|VTI1B|RPS6|GOT1|ANAPC4|MRPS2|FBXW7|OARD1|UBP1|PIBF1|MFAP1|SLAIN2|HARS2|KLHL42|CCNJ|BAG1|YIPF5|PHAX|ATAD2B|RBM18
GSE17721_POLYIC_VS_CPG_4H_BMDC_DN	0.996078431372549	1	-0.210796670963144	-0.741841023576158	6603	174	SCX|PBX3|SEL1L|IL4I1|RHBDF1|OTUB1|PILRA|STX4|ATP2A3|AKT3|FAM76A|CAPN10|ID3|HERC2|C2orf76|GMFG|IL17RA|CHID1|SDC4|RILPL2|SELENOS|CDK11B|ELOVL1|ITGB1|NSMF|PDF|CTTN|RNF145|SIRT4|SLC25A42|DHX8|POLM|TMEM128|CKB|CSTB|ARMCX3|MAN2A1|CLCN5|PIGM|HSPA1B|ABHD16A|COG2|TM9SF4|DDX54|ATOSB|RAB11B|BLOC1S4|TMEM120B
GSE17721_POLYIC_VS_CPG_6H_BMDC_UP	0.924329213144408	1	0.226068762423542	0.857662132292828	3065	188	ATXN7|GNA13|SESN3|INSIG2|HSDL2|BLTP3B|CUL4B|MEF2C|TMEM37|PALS2|AAK1|PLEKHF2|TOB1|CWC22|MRPL39|RP2|BCL9|SEC22A|HOMER1|OTULINL|ATP8A1|PSMG1|SLC25A3|IRAK4|IL10RA|RAP2C|STK24|BMPR1A|SNX2|MTMR4|COX7A2L|CDKN1B|RFC1|AFTPH|BIRC2|CLIP1|BRWD3|FRYL|SUCLA2|LRRC40|PSIP1|AVL9|ECHDC1|ITCH|CORO1C|PNRC1|RAB3IP|GPSM2|U2SURP|INPP1|USP15|MORC3|MOCOS|HEXB|XRN1|ACADM|STOM|DAPP1|CEP350|ASF1A|PLEKHA2|NAGA|XPO1|CTDSP2|RRAGC|PHKB|TMEM268|POLB
GSE17721_POLYIC_VS_CPG_8H_BMDC_DN	0.970728793309438	1	0.218729228867391	0.833551832200303	3249	192	CD40|POGLUT1|CKS2|ETFRF1|PSMC1|CPEB2|ARL8B|UTP18|PRKAR1A|ZNF274|LIPT2|NCBP2|OAT|ZNF644|RBMX|PLGRKT|ARL1|PREPL|COPS3|SERPINE2|EIF4E|NCKAP1|RRP15|SDHD|HLA-C|TPRKB|ATP5F1B|HERPUD1|MORF4L2|FAM133B|SPCS1|LCP1|ATG9B|CCT4|CRIPT|SMIM30|FBXO33|HEATR1|GABPA|ATP2A2|CLNS1A|LSM3|NGLY1|ALDH1A2|STARD7|RPL5|UBE2A|GHITM|NUP50|KPNA1|KPNB1|ACOT7|KIF16B|OSBPL2|POLR2B|UBE2K|CCDC117|MRPS2|OARD1|PIBF1
GSE17721_POLYIC_VS_GARDIQUIMOD_0.5H_BMDC_DN	0.984016887816647	1	0.213333749224235	0.80849297903202	3262	187	PRKCH|GNA13|PPP2R3A|MEMO1|C5orf15|HMGN5|SLC25A46|PIK3C2A|MOB4|PROCR|DDHD2|CAMTA2|DENND6A|INTS8|TRMT1L|SAR1B|PJA2|SYNE1|PTX3|TXK|RPS6KA2|RAP1A|FLCN|MRPL47|TMEM38B|BCDIN3D|DNAJA2|PCYOX1|PRELID3B|VIPAS39|ACTR2|SNX2|SMC6|DNAJB9|ABI1|PSMA2|RNF25|PFN1|LRRC58|TIA1|HMX3|ANP32B|FBXW11|PRXL2A|POLR3F|SLC30A9|XPOT|NCOR1|ASCC1
GSE17721_POLYIC_VS_GARDIQUIMOD_16H_BMDC_DN	0.925278698403134	1	-0.232594522592545	-0.827328382092416	6141	194	TYROBP|ABCB4|MT2A|RPLP2|GTF2H4|MYL11|ETHE1|ARHGAP4|NAA38|POR|SLC41A2|CD48|IER3|PALD1|HSD17B10|TADA2A|ZNRD2|MRPS14|SLC2A8|MYDGF|RPL38|BCAT2|C2orf76|STOML2|SFXN3|TRAPPC1|CHID1|TOMM7|ALG3|DEF8|UXT|PPP2R3C|NOP16|CERS5|FBXL6|PSMG3|PDF|ACADVL|BLTP2|CKLF|STUB1|EMC6|ATP6V0B|TTC13|TAF6|MCM3|ATP5MC1|THRA|STARD5|CD320
GSE17721_POLYIC_VS_GARDIQUIMOD_16H_BMDC_UP	0.996258605208022	1	-0.209591738066155	-0.74311406147855	6656	186	PLEKHN1|IL21R|ENG|P2RX4|ADGRE5|IL4I1|ITPA|NXF1|SUN2|ARHGAP45|CHCHD10|APLNR|TMCC3|TRIM46|RRBP1|RGS14|MDFIC|BATF2|TXNDC17|CST3|ASNS|JUNB|SGK1|PISD|NHSL3|C19orf25|SLC25A42|IL17RC|TMBIM6|NMNAT1|MYCL|POMP|TMUB2|SRGAP2|AP1M1|CHRD|CPT1A|MAN2A1|NRBP1|ELK4|MSRB1|PLEKHO1|SLC25A28|NFKBIL1|MTMR14|PKIG|SDC3|ANXA11|ARHGAP17|RNF19B|PCYT1A|PXMP2|PDE4DIP|SPICE1|KIF9|CHFR
GSE17721_POLYIC_VS_GARDIQUIMOD_24H_BMDC_UP	0.711380290115149	1	-0.256599892272538	-0.906659099360845	4756	178	TAGLN|HLX|TEX14|DBNDD2|L1CAM|GRN|UBL5|NXF1|ARHGAP45|GCA|NSG2|RSPH9|LGALS3BP|SCAND1|TXNDC16|PCGF1|COMT|RPL13A|AKT3|ZNF329|ANKS3|UBR4|RAB40C|DNTTIP1|UCP2|TSC22D1|PTCD1|USB1|POMP|TMUB2|NEU1|HCFC1R1|ZMIZ2|PRRG2|CHRD|LTBP1|HOXB3|PRKRIP1|RBCK1|AP1G2|CARS1|CEP89|MROH1|GDA|TCF7L2|CLASRP|COA5|RELA|ISY1|CLN8|CSNK1G2|EPC1|MATK|CCNQ|SRRD|CCDC97
GSE17721_POLYIC_VS_GARDIQUIMOD_2H_BMDC_UP	0.927000747943156	1	-0.232026618409008	-0.823692160826148	6196	188	TGFB1I1|MC1R|TMEM115|TSPAN5|TFPT|SLC3A2|GIGYF1|SERHL2|METTL25B|PTGIR|ACSL6|SCAND1|MED22|EMP3|CCDC136|LTBP3|ISG15|ANKS3|POLD1|USP19|KCNN4|RNF181|RALBP1|B9D2|ATP13A2|SIL1|RAB40C|GFUS|RPLP1|MAP3K3|DUSP7|RGS19|MAF1|TAPBP|RGL2|CYBC1|TUBB2B|GSK3B|ENTPD4|TMUB2|MAN2C1|MXRA8|KCNH2|NRGN|CIPC|S100A6|NEURL4|P3H3|ITPR2
GSE17721_POLYIC_VS_GARDIQUIMOD_4H_BMDC_UP	0.948518407662377	1	-0.228269928133406	-0.809338168449609	6337	186	MEIS3|WNT11|IRF7|N4BP2L1|ACADS|SLC12A9|CPEB3|N4BP3|ATP13A1|RPP21|ETHE1|NXF1|PPCDC|ARHGAP45|HFE|SLC52A3|IFT27|SAMD10|TPCN1|COMT|RGS14|NDRG4|TAF6L|BATF2|TBCD|KRTCAP2|BIN3|ASNS|NECAP2|HEMK1|ATP5IF1|MPV17|FHDC1|VARS1
GSE17721_POLYIC_VS_GARDIQUIMOD_8H_BMDC_DN	0.992768906297077	1	0.208076665256351	0.795212376994124	3294	196	ZNF362|GPR85|EFNA2|CFL2|CMYA5|ZBTB22|CKS2|ETFRF1|CNIH1|FSCN3|DARS1|MGAT2|CPEB2|STT3A|PROCR|LIPT2|SP3|C18orf32|OAT|SLK|RAB11A|ATP6V1G2|IFITM10|TTC39C|ARL3|CHAC2|EIF4E|SRP9|HERPUD1|PAPSS1|CDK2AP1|HNRNPK|SMIM30|DHX15|UBQLN1|GGH|OPN3|NCBP1|MPHOSPH10|ACAT2|HPF1|RPL5|BCCIP|RPAP2|INTS7|KPNA1|EIF1AX|RPS6|LMAN1|SNRPD1|OSBPL2|POLR2B|PRMT5|CCDC117|MRPS2|FKBP1A|DPH5|UBP1|SIMC1|CTBP1|CCDC47|KDELR2|NUDCD1|SEC31A
GSE17721_POLYIC_VS_GARDIQUIMOD_8H_BMDC_UP	0.907039711191336	1	0.228339462267165	0.861968746914425	3014	182	TTC39B|NLGN2|SNX16|RHOV|MX2|NTS|FAM53A|ABTB1|MYOM1|HLA-B|DCLRE1A|CD164|SOCS6|TP53INP1|TRIM6|BNIP3L|EGR1|CD80|UTRN|RNF115|ITPRID2|IFFO2|C2|S1PR3|ICA1|SLC30A1|DYRK1A|SERTAD1|VWA5A|IFT74|IL10RA|ADK|ADCK1|ABCB1|FAM3C|ARRDC4|SUGT1|TPST1|SUB1|ING2|PSME4|ARFGEF1|STK4|PLAAT3|MAGI1|REEP3|REST
GSE17721_POLYIC_VS_PAM3CSK4_12H_BMDC_DN	0.931469792605951	1	-0.231465034243623	-0.822837426111208	6197	192	CTBP2|S1PR5|NUP210|DHRS1|CTU1|TRPV2|LYPLA2|DYNLRB1|SREBF1|SLC41A2|ATP1A3|ZNRD2|MICOS13|HOXC13|SEC61B|NAA60|AKR1B1|NSDHL|POLR2E|MFSD10|TSKU|TIMM10|GRK6|WDR83OS|ELOVL1|RGS19|MYL6|SNRPD2|CLUH|GPS1|ARHGEF1|WNK4|GPR180|TSR2|NUDT2|CDC34|EMC10|FAM50A|RWDD4|MCM2|MRPL21|PMP22|ATP6V0B|TIMM17B|C19orf53|MCM7|ATP5MC1
GSE17721_POLYIC_VS_PAM3CSK4_12H_BMDC_UP	0.926957042358928	1	-0.232000881206737	-0.821997804310137	6192	183	PLEKHN1|ANPEP|PURG|COL14A1|ENG|CUBN|SFN|SLC12A9|SLC9A1|SYNGR1|HOOK2|NRDE2|UBL7|APOD|IL2RG|SPINT2|STX4|AKT3|GRIK5|SV2A|RNH1|CSNK1D|PSMB6|PMF1|ICAM2|CST3|CDC42EP4|DNTTIP1|MED12|FHDC1|UBE2J2|FZR1|NFKBIB|C19orf25|COL1A2|DNASE2|CHRD|CIPC|ATP6V0A2|NAT1|ADISSP|MAN2A1|NRBP1|EPB41L2|CDKN1A|DNPEP|LACTB|LARP1|VGLL4|PIGO|TBL1X|MLF2|TMEM50B|SLC15A4|CPTP|SLC41A3|CLN8|PPDPF|TRIP10|NES|PCYT1A
GSE17721_POLYIC_VS_PAM3CSK4_16H_BMDC_DN	0.978436657681941	1	0.215739701701779	0.820541146133133	3266	190	CD70|CETN3|ST3GAL5|HNRNPLL|TOP2A|MEF2A|PPP1CC|PPP6C|NEK9|SYPL1|INTS6L|MRPL50|IFITM10|ABCC6|APPBP2|SRP9|HYPK|MRPS23|PRKCI|NDUFV2|ATP5F1B|TCEAL9|PKP2|ERO1A|IRAK4|ZDHHC20|HAUS1|PAPSS1|GRK5|AHCTF1|ARHGEF12|HBS1L|TRA2B|MYB|IFTAP|SMIM30|MLLT11|WAS|SERINC1|MAPK14|ECPAS|RCN2|YIPF4|ALDH1A2|ADH5|DSTN|B3GALNT1|PSMC5|GLRX3|UTP25|COPB1|C1GALT1C1|PEX11B|DEGS1|GATD3|PAFAH2|FAM149B1|PRMT5|TOP1|ACADM|DCUN1D5|SEC31A|UQCRFS1|MNAT1|DRG2
GSE17721_POLYIC_VS_PAM3CSK4_1H_BMDC_UP	0.994573409707567	1	0.206986698637009	0.785268390936187	3298	188	ZNF841|TTK|ARL5A|CORO1A|SLC25A46|MGAT2|CBLL1|SEH1L|SYPL1|ZNF274|LIPT2|CBX3|EPS15|MRPL50|CBFB|TMEM140|DAZAP2|ALDH9A1|EXOC8|MED17|PPIL4|YTHDF2|EIF1B|TOPORS|ZMYM5|SMC6|ZMAT3|SMC3|LUC7L2|RFC1|ZNF823|MAGI2|BIRC2|LSM3|SENP1|GLTP|PPP2R5C|RAB14|BTF3L4|SMC4|HLTF|GTF2H1|GYG1|PMS2|SREK1|ELOF1|THUMPD1|EIF1AX|FUBP1|ZFP1|SARNP|VCF1|KYAT3|DUSP12|SLC25A4|EED|UBP1|ARMC10|CALCOCO2|TMEM223|DHX36|PTPN18|MFAP1|HPS3|NXT1|SNIP1
GSE17721_POLYIC_VS_PAM3CSK4_24H_BMDC_DN	0.989950502474876	1	-0.214668933256781	-0.762097934607857	6599	189	PLCB4|RAB34|FMC1|TMEM134|PBXIP1|NDUFB2|NDUFA3|ANKH|METRN|RABAC1|HCST|ABHD17A|ITGAX|SLC19A1|LAGE3|SEC61B|PNKP|LSS|HERC2|DACH1|PMPCA|CAD|IL16|DGAT1|GMFG|GRHPR|SPN|MRAS|PPP2R3C|ELOVL1|CERS5|MBOAT7|ACADVL|RPL37A
GSE17721_POLYIC_VS_PAM3CSK4_24H_BMDC_UP	0.9612681321968	1	-0.225758124451637	-0.800536417818532	6427	185	LAG3|KLC4|FAM234B|EXT1|CTRL|GRN|APLP2|RPP21|PDE6D|ARHGAP45|GCA|COLEC12|RSPH9|NPHS1|COMTD1|LSR|SCAND1|FAU|PLOD3|ACYP2|CD151|POLR1C|CPNE1|UBR4|MTBP|SFSWAP|PTCD1|SYS1|CAPG|NEU1|PARP12|RRP7A|ZMIZ2|NCBP2AS2|PRR14|GPANK1|SENP3|SESN2|DPM2|RBCK1|SNAPC2|PLEKHO1|CDC37L1|RBM6|KATNA1|RMND5B|GDA|ARL14EP|TCF7L2
GSE17721_POLYIC_VS_PAM3CSK4_2H_BMDC_UP	0.733543733092876	1	-0.253777020691558	-0.902154535756906	4880	192	WFS1|IL21R|AHRR|HLX|TMEM134|CARD19|CHST12|SH3BP2|UBA7|ATP13A1|NXF1|SERF2|SNX30|NUDT16|PALD1|SCRIB|LGALS3BP|NFIL3|MED22|SIRT7|MX1|SEZ6L2|MAP4K1|USP36|RAI1|BRPF1|ATPAF2|PISD|MTMR10|NSMF|TRIM39|RAD54L|INPP5D|ENTPD4|SYS1|BID|DHX8|TRAF3IP2|INTS5|INPP5E|DNMT1|TOR3A|FAM8A1|JUN|NARF|PPARGC1B|VGLL4|MAST3|CDC37L1|SLC25A28|UBAC1|CLASRP|DNAJA3|CPTP|ZKSCAN3|PPM1G
GSE17721_POLYIC_VS_PAM3CSK4_4H_BMDC_UP	0.648915482423336	1	-0.261931436120829	-0.929853962817076	4337	188	MESP2|TEP1|CCR7|TSC22D3|MAPK13|RGS20|RPS21|IFI30|CCPG1|EXT1|SLC12A9|SH3BP2|MYL11|APLP2|RPP21|RAB33B|TSPAN4|SLC52A3|SIAE|P2RX5|TXNDC16|GBP2|RPL38|VPS72|CSNK1D|POLD1|EWSR1|ENDOG|MSRA|SPN|PRTN3|ATP5IF1|SFMBT1|TSC22D1|INPP5D|UGDH
GSE17721_POLYIC_VS_PAM3CSK4_6H_BMDC_DN	0.970914542728636	1	0.218825814017098	0.831450550810922	3237	189	ELK3|DNAJB2|OSGIN1|NMD3|HVCN1|CKS2|DARS1|RHOT1|PIK3C2A|CCT8|STT3A|PSMA1|ZFYVE16|RMND5A|FNTA|HSPA4|RAB11A|TBPL1|FCER1G|CLMP|LARP7|SDHD|TMED7|UFM1|SFXN4|UBA2|TRAPPC2|HBS1L|DLG1|PRMT3|ARMT1|ACLY|CCT4|MAPRE2|QPCTL|ABHD5|HECTD1|NCBP1|HSD17B12|PARP16|ADORA2B|ATP6V1A|BTF3L4|LTV1|MAGI1|CTDP1|CCDC115|SKP2|DRG1|DEGS1|POLR2K|GALNT6|PAFAH2
GSE17721_POLYIC_VS_PAM3CSK4_8H_BMDC_DN	0.894926990817402	1	-0.236742364406848	-0.841902734893422	5944	193	ASCL2|FOXD2|CHST12|RABAC1|REX1BD|COMMD4|NAA38|RPL23|CEP250|ACVR1B|CYP2S1|PRKCSH|LUC7L|NOP2|ZNRD2|ABCB6|NDUFS8|NME3|FASTK|SNRPB|LSS|DACH1|MBD3|NDEL1|KICS2|POLR3K|ABL1|RBX1|TRMT2A|CLUH|PRPF19|RTL8C|EXTL3|FASN|STAG1|ARHGEF1|RPL37A|KLHL21|BORCS5|XYLT2|TSR2
GSE17721_POLYIC_VS_PAM3CSK4_8H_BMDC_UP	0.905660377358491	1	0.228382041611674	0.868624832156811	3023	190	TTC39B|RHOV|NTS|SELENOT|RARS1|NCOA4|NAAA|KLF10|AKAP12|SMAD4|TOB1|STARD3NL|PROS1|MSANTD2|SNX4|FKBP10|SPP1|MYLK2|SPDL1|CERT1|CSRP1|MBNL1|IL10RA|WAC|FRG1|STK24|CDKN1B|RLF|MOB1A|TRDMT1|RBBP8|CHD1|PMPCB|ING2|TAMM41|C6orf62|PLSCR1|ARFGEF1|MBD4|S100PBP|AVL9|STK4|BZW2|TFG|ZFAND6|REST|AKIRIN2|PNRC1|MBTD1|LAPTM4A|VIM|SP4|NSMCE4A|SERPINB1|ATG3|OGA|FBXO4|KRCC1|NR3C1|PRKX|FBXW7|RASA2|MACROH2A1|STAG2|SMC5|PTPN18|BRCA1|PLEKHA2|CUTC|CBX4
GSE17812_WT_VS_THPOK_KO_MEMORY_CD8_TCELL_DN	0.990550472476376	1	-0.214074333814088	-0.759987042266236	6603	189	RAP1GAP2|IAH1|SEMA4D|GKAP1|CTBP2|ITGA4|SYCE2|RASGRP3|DIAPH2|N4BP3|ZNF516|RRBP1|CYBA|NRM|LMAN2|AURKB|CHTF18|MFSD12|PTPN3|ADAM11|CSGALNACT2|RFC2|SLC2A3|WDR13|CDCP1|MFSD10|TSPOAP1|ATP5IF1|NDST1|MALT1|UGDH|CACNB3|ID2|RNF149|BID|TK1|TAX1BP3
GSE1791_CTRL_VS_NEUROMEDINU_IN_T_CELL_LINE_12H_UP	0.955656108597285	1	0.220678038693123	0.835277654970528	3167	185	PELI2|H2BC6|ZNF570|TRMT61B|EEPD1|ZNF518B|LEO1|FMNL3|C17orf58|GAS2L3|TMEM123|DENND4C|TAPT1|XPO7|CARD9|SLC35D1|FCGRT|CHTF8|APOO|PRKCI|DDX18|PIGH|NUDT16L2P|FH|LUC7L2|MIS18BP1|HACD3|GPI|OTUD6B|TCERG1|SUCLA2|CHMP1B|HACD1|ACACA|NSMCE3|WBP11|BZW2|RAB4A|TMCO3|ETV6|ZZEF1|ANKMY2|KNSTRN|BNIP3|ZNF765|MCM9|PIP4K2A|SNRNP40|CSE1L|AGO2|ST13|VPS26B|CHST7|AQR|CUTC
GSE1791_CTRL_VS_NEUROMEDINU_IN_T_CELL_LINE_3H_DN	0.715202801283922	1	0.247037258184746	0.920638718332354	2450	164	IL10RB-DT|NIPSNAP3B|TMEM182|FAR2|PEX12|MX2|TTPAL|PTHLH|REV3L|TMEM135|TMEM53|RNF2|IL18R1|BMX|ZFAND1|PDE8A|ZNF664|ZNF92|SLC19A2|CFAP161|PLPP3|FCGRT|ZBED5|APOO|KDM4C|ETFDH|ZNF451|MTRR|VRK1|SLC36A4|STARD4|PUM1|OPN3|EBLN3P|MPHOSPH6|TMA16|TMEM87A|PCLAF|ZZEF1|EHBP1|DENND1B|DEGS1|STAT1|FBXL17|NSMCE4A|CD82|PARP14|MMAB|BCL2L11|HSPA4L|DCUN1D5|CDC42BPA|UBE2L6|FAM222B|ADAM17|CCNJ
GSE17974_0.5H_VS_72H_IL4_AND_ANTI_IL12_ACT_CD4_TCELL_DN	0.969251537423129	1	-0.223555319893048	-0.793645568440486	6461	189	CDPF1|AHRR|DHRS1|KCNK5|SLC29A1|ETFB|TRAIP|ETHE1|NAA38|PALD1|DCAF15|HMGCL|ATP6V1F|PXMP4|TRIB3|GBP2|MAP4K1|CAMK1|CSRP2|FANCA|KCNN4|C12orf76|TMEM120A|AGPAT2|PAAF1|KIFC1|RTL8C|MAP1S|ZNF775|CACNB3|ACADVL|ISCA2|NCAPD3|PAFAH1B3|HAUS4|CAPG|LMNB2|NUDT2|STN1|GPANK1|MELTF-AS1|ELP5|TXN2|MGAT1|CD320|EHHADH|UHRF1|PIMREG|CPNE2|SNAPIN|HMGA1|ANKZF1|ZKSCAN3|SBF2-AS1|NPC1|RNASEH2A|ZSCAN22|RABEPK|PAGR1
GSE17974_0.5H_VS_72H_UNTREATED_IN_VITRO_CD4_TCELL_UP	0.944510918336823	1	-0.228617253077199	-0.810935849036465	6314	187	ATP2B1-AS1|LEF1-AS1|SYNM|ZBTB49|PBXIP1|FAM200B|TSPYL2|GORAB|DYRK2|CXCL16|SH3BP5-AS1|ENSG00000274253|SIRT7|IL1B|CRAMP1|VPS18|IRS2|SUCO|TSC1|SEMA4C|SORBS3|PPP6R2|SLC22A23|NFKBID|POLR1C|ZBTB10|CLUH|YKT6|RBSN|RNF220|AKT2|ID2|SPATA2|IFNGR1|TXNDC11|LMTK2|QTRT2|IQSEC1|JMY|CENATAC|NOL6|TMEM183A|ZNF674-AS1|DNLZ|TTC17|PXN|MAN2B2|TAF1C|TCTA|JOSD1|GPCPD1|CTU2|CDC37L1
GSE17974_0H_VS_12H_IN_VITRO_ACT_CD4_TCELL_DN	0.99095704596835	1	-0.214133606688511	-0.761920432553395	6574	195	GNG8|PEMT|SLC29A1|ETFB|HYOU1|UBL5|PPCDC|HSD17B10|SDF2L1|MICOS13|RECQL4|ATP6V1F|ZNF593|TRIB3|LTBP4|DNAJC17|ATOX1|SRM|SLC7A1|TRAP1|ALG3|TMEM120A|PGP|MLEC|CNPY3|GALE|ARMC6|IL15RA|ISCA2|TBCCD1|CLN6|CSKMT|PRMT1|MRPL17|LCMT2|SH2D2A|TPRA1|DESI1|ELP5|DUSP14|ZNF780A|PTRH2|MRPS18A|NLE1|FNTB|EIF2B4|RBM6|RCC1L|POLR2I|EIF4EBP1|SEC11C|PSMB3|TTLL12|DNAJA3|AAAS|RAB27A|MCM6|AIFM1|LIMK2
GSE17974_0H_VS_48H_IN_VITRO_ACT_CD4_TCELL_DN	0.768518518518519	1	0.239262544011059	0.911801925010386	2572	192	SENP8|DCP1B|FAR2|INSIG2|RMI1|PDCD10|COPS8|HNRNPLL|RIMS3|PARS2|C5orf34|PI4K2B|MTHFD2|FANCB|GDI2|RIF1|HPRT1|CRNKL1|DYM|SH2D5|SGCB|INPP4B|TBC1D19|VDAC1|CCNH|LCP1|CHSY1|ZMYM6|CCT4|FAHD1|CDK2|DNAAF10|GBE1|CEP152|CHMP5|CYB5B|INTS6|BRIP1|GGCT|BZW2|ATAD5|PPID|NEMP1|CENPJ|FAF1|MMACHC|PAICS|SAV1|HNRNPA2B1|PARP9|C1GALT1C1|ZNF232|KIF2A|EXO1|SORD|WDR3|UBE2K|OARD1|WDHD1|MED20|KDELR2|EFNA4|INTS2
GSE17974_0H_VS_4H_IN_VITRO_ACT_CD4_TCELL_DN	0.940874811463047	1	0.223645764084524	0.846510647252887	3118	185	ZNF443|MLYCD|EGR3|ZNF165|C3orf52|MED18|GLMN|POGLUT1|IL18R1|S1PR2|PEAK1|LEO1|NDFIP2|PALS2|DDX10|PPIL1|UTP11|EIF2B2|GFI1|EGR2|ACSL4|CHAC2|PSMG1|DUSP18|KCTD21|MOB3C|UBE2NL|ZNF234|ZMYM6|TRDMT1|ARL13B|STARD4|SNRNP35|TTLL4|NCBP1
GSE17974_0H_VS_72H_IN_VITRO_ACT_CD4_TCELL_DN	0.986559139784946	1	0.213862116250092	0.815003828073547	3302	192	DCP1B|ZNF367|BMAL2|KDM7A-DT|CETN3|ZNF410|EGLN3|CKS2|VBP1|HNRNPLL|B3GALT4|KLF10|CCNA2|GLE1|HPRT1|CRNKL1|RBM41|DYM|GPR157|PSMG1|SNX3|VDAC1|DNAH14|COPS5|YARS2|ARMT1|CCT4|C10orf88|DNAAF10|CHMP5|P4HA1|PARK7|NUP88|NGLY1|LEPR|INTS6|PPID|NEMP1|BLM|CENPJ|FAF1|HNRNPA2B1|BCAT1|KIF2A|EXO1|CD82|EED|RAB20|WDHD1|KTN1|IMMT|FEN1|MAP2K1|NUDCD1|INTS2|RHOC|MRPL35
GSE17974_0H_VS_72H_IN_VITRO_ACT_CD4_TCELL_UP	0.918750947400333	1	-0.234777303485372	-0.824022499292915	6060	171	NFKBIZ|ATP2B1-AS1|TPM2|RAP1GAP2|IL11RA|ENC1|SYNM|CXCL1|SLC12A9|HES4|FAM200B|TSPYL2|TNFRSF21|KRT73|ENSG00000274253|PSMG4|IL1B|CRAMP1|IRS2|USF3|SLC25A25-AS1|EID3|NOM1|ZBTB20|SGK1|ITFG2|G0S2|TTC28|TSSC4|ID2|MEF2D|NOSIP|SMURF2
GSE17974_1.5H_VS_72H_IL4_AND_ANTI_IL12_ACT_CD4_TCELL_DN	0.684851217312894	1	-0.258044867010031	-0.917326346441861	4556	192	RAB26|ZFTRAF1|SFN|ANGPTL6|RNF5|DDB2|ACAP1|ZNF692|ETHE1|PDE6D|NAA38|ZC3H6|PHB1|NRM|STX10|STC2|SH2D3C|PM20D2|ATP6V1F|GBP2|TRAF2|PSMB10|GRHPR|TMEM120A|POLR3K|TRAPPC5|DDAH2|PINLYP|ZNF775|MCRIP2|ACADVL|HIRIP3|C12orf75|ISCA2|NCAPD3|TROAP|HAUS4|FSD1|ITPR3|TXN2|PCBD1|FNTB|PIH1D1|ARAP3|UHRF1|PIMREG|MRPS16|CPNE2|ANKZF1|DHTKD1|AKR7A2|STYXL1|CDK5|SBF2-AS1|FAM219B|RABEPK|MRPS34|CBY1|GATB|ATP5MC3|ANXA4|HEXIM2|CENPM|TIMM13|TWF2|DHX32|NHP2|RUVBL2|RAD51C|B3GNTL1
GSE17974_1H_VS_72H_UNTREATED_IN_VITRO_CD4_TCELL_DN	0.940316686967113	1	0.223158938343993	0.852501832006082	3087	198	LPXN|CETN3|STAP2|EGLN3|VBP1|HNRNPLL|GFM2|CCT8|MYCBP|CCNA2|GLE1|GNPAT|INVS|YWHAQ|AP3M1|STARD3NL|NUP37|ETFA|APOL2|MPHOSPH9|DRAM2|CPSF3|MAD2L1|GPR157|PSMG1|SIRT5|ATP5F1B|VDAC1|UGP2|PPA2|TIPIN|LCP1|ETFDH|MTMR4|TMEM237|C4orf46|TRAFD1|LRP11|CLNS1A|C8orf88|AP3B1|ORC3|CLPX|P4HA1|PARK7|GLT8D1|USO1|OSBPL3|NEMP1|SHCBP1|BLM|PAICS|SKP2|DRG1|RBBP7|KIF2A|EXO1|SORD|VDAC3|KYAT3|EED|KTN1|DROSHA|MAP2K1|HMGB2|MTFR1|ZNF248|SLC25A20|CRTAP|MOB3A|PIAS3|FANCL|CDC6|HADHB|AGO3
GSE17974_2.5H_VS_72H_IL4_AND_ANTI_IL12_ACT_CD4_TCELL_DN	0.990955682845945	1	0.210003772620076	0.7967145990627	3286	188	DHX58|CRYL1|IL10RB|HSDL2|DARS1|BATF3|ZSCAN30|EIF4E3|RDX|NUP107|PRIMPOL|RAB6A|TCEA3|DRAM2|MAP3K21|EMILIN2|IL32|BEX3|RNF144A|UGP2|ADK|BMPR1A|HMGN4|MTMR4|CS|CEP57L1|FAM241B|CDK2|GOLPH3L|CMAS|STMN1|CEP152|CLNS1A|FUCA2|SFXN1|MTIF2|GTDC1|ASCC1|BUB3|LMNB1|BHLHE40|DLG5|S100A4|INPP1|SORD|PARVB|RMND1|POLD3|RAB20|TCEA1|TXNIP|GINS3|INTS2|VSIG10L|RHOC|POLQ|PTPN18|POU2F1|SLC66A3|MTA3|HPS3
GSE17974_2H_VS_72H_UNTREATED_IN_VITRO_CD4_TCELL_DN	0.994649227110583	1	0.207399566940051	0.792376590981359	3345	194	NXT2|KDM7A-DT|CETN3|CCNE2|STAP2|CKS2|ANKRD27|RWDD2A|GFM2|CCNA2|ARHGAP11A|GNPAT|INVS|HPRT1|TCF12|RBM41|MPHOSPH9|DRAM2|CPSF3|SRGAP2C|MAP3K21|TRABD2A|RNF144A|SIRT5|MCTS1|WASHC3|SPATA20|B3GNT2|PRDX3|NDUFB5|C4orf46|COMMD10|CLNS1A|CENPI|ORC3|P4HA1|NMRK1|STIL|ARL6IP6|CHCHD3|SRBD1|SDHAF3|GLRX3|PAICS|S100A4|EIF2D|ERCC6L|KIF2A|SORD|ACOT7|VDAC3|ANO6|FEN1|HMGB2|RHOC|MTFR1|POU2F1|BRCC3|MTA3|NHERF1|UBE2L6|STIM1|PLD3
GSE17974_CTRL_VS_ACT_IL4_AND_ANTI_IL12_12H_CD4_TCELL_DN	0.994875659382065	1	-0.211213558414713	-0.751530449970764	6600	195	SPAG1|GNG8|NPW|DGAT2|GLB1L2|PEMT|HYOU1|DNPH1|SLC19A1|IER3|SPINT2|TMCO6|ZNF593|TRIB3|ID3|ATOX1|SRM|CDK2AP2|SLC7A1|FAM98B|ENDOG|C12orf76|CTSL|MLEC|GALE|ELOVL1|SNHG12|MIR17HG|ARMC6|DPH2|SLC38A5|TP53BP1|MRPL17|SH2D2A|AARS1|TRAF3|DESI1|PIGM|SPRY4|POP7|NLE1|FTSJ3|FNTB|MRPS28|RCC1L|NIF3L1|EIF4EBP1|MRPS26|SEC11C|TOMM5|SMG9|DNAJA3|BYSL|AAAS|RAB27A|RNF34|ORMDL2|PIGV|RXYLT1|SSNA1|KLHL18|C1orf216|NFE2L3|SMKR1|HSPE1|RAD51D|CDK4|RUVBL2|MIPEP|GLB1|ZNF322|SNRNP25|SLC25A11
GSE17974_CTRL_VS_ACT_IL4_AND_ANTI_IL12_12H_CD4_TCELL_UP	0.734389140271493	1	-0.255653452417359	-0.899702153527993	4868	174	ZNF711|ATP2B1-AS1|TPM2|TSC22D3|REM2|RAP1GAP2|ENC1|ITGA4|SYNM|LILRA2|FAM200B|DIAPH2|LINC00173|ASH1L-AS1|KLF7|KRT73|KIFC2|FOS|MYO1G|IRS2|USF3|ADPRM|SLC16A5|FBXL20|SLC2A3|JUNB|SGK1|PDP1|UCP2|SUSD3|TSC22D1|G0S2
GSE17974_CTRL_VS_ACT_IL4_AND_ANTI_IL12_24H_CD4_TCELL_DN	0.732930513595166	1	0.241426976579335	0.923157567255372	2425	197	MLYCD|ZNF367|BMAL2|RMI1|CKS2|IFT56|MTX1|INTS13|DLC1|SUV39H2|PRIM1|PI4K2B|SCFD2|CCNA2|ZWILCH|SCCPDH|WSB2|PPIL1|ATP1B3|MTCH2|UTP11|TMEM106C|DYM|SGCB|PSMG1|MCTS1|TBC1D19|CCDC121|TIPIN|ZW10|WDR36|TUBE1|MFSD4B|ACTL6A|TMEM14A|ARMT1|ZMYM6|MED31|VRK1|ACAT1|NIFK|TMEM126B|NUP88|MTMR2|OGFOD2|MRPS33|QDPR|ATP6V1A|BRIP1|LMNB1|CENPJ|CENPS|CCT6A|TBL2|SRPK1|PAICS|NDC1|RAD51AP1|WDR3|EED|OARD1|WDHD1|MED20|FEN1|NUDCD1|EFNA4|INTS2|ASPM|MFAP1|GOT2|RNGTT
GSE17974_CTRL_VS_ACT_IL4_AND_ANTI_IL12_24H_CD4_TCELL_UP	0.743935309973046	1	-0.25312581785448	-0.896312497290171	4967	182	NFKBIZ|ZNF711|TPM2|DPEP2|PCNX1|TSC22D3|REM2|IL11RA|MGAT4A|ENC1|ITGA4|SYNM|FAM200B|ASH1L-AS1|CRYBG1|KRT73|PLEKHA1|ERO1B|CNBD2|IRS2|USF3|LINC02604|NLRP1
GSE17974_CTRL_VS_ACT_IL4_AND_ANTI_IL12_48H_CD4_TCELL_DN	0.993723849372385	1	-0.212443350400123	-0.757607020161997	6649	197	KISS1R|MRM2|COX6A1|SLC29A1|COMMD4|ETFB|OST4|PHPT1|DTYMK|ECI1|SERPINH1|TPD52|NRM|IL2RG|MIF|RHOF|TMUB1|DNAJC17|ATOX1|BCAT2|SDHAF4|MACROD1|TXNDC15|SLC7A1|FAM98B|IGSF3|TRAP1|PAAF1|CDCA3|HIRIP3|C12orf75|ISCA2|GSTP1|HAUS4|TP53BP1|MRPL17|SLC25A43|SAPCD2|GPANK1|ZNF780A|WRAP53|PCBD1|PIF1|FNTB|MRPS28|RCC1L|MRPS26|PHF19|IFT25|PRC1|PSRC1|CORO1B|MEA1|DYNLT2B|TWF2|NFE2L3|CREB3|SNAPC3|RAD51D|SPC24|RUVBL2|KLHL17|GLB1|SNRNP25
GSE17974_CTRL_VS_ACT_IL4_AND_ANTI_IL12_4H_CD4_TCELL_DN	0.997901049475262	1	0.202698172173323	0.770171963755194	3327	189	ST8SIA4|ZNF235|GLMN|BBS12|ZNF410|POGLUT1|CNIH1|TESPA1|PHLDA1|TAF9B|PSMA4|PUS3|FBXO30|NAB1|DDX10|INTS6L|RAB11A|ERP44|PER2|IDH1|MED21|HOMER1|EIF2B2|BRIX1|RAP1A|WDR36|TUBE1|TAF1A|MOB3C|B4GALT5|YARS2|CACYBP|ZNF234|ZMYM6|RBBP8|TMEM126B|ADO|NCBP1|GNL2|FYCO1|XPOT|GGCT|OSBPL3|NEMP1|MARS2|SLC39A8|IL1R1|TBL2|NDC1|C1GALT1C1|BCAT1|PKNOX1|FUNDC2
GSE17974_CTRL_VS_ACT_IL4_AND_ANTI_IL12_6H_CD4_TCELL_DN	0.930940892641737	1	0.225363686026447	0.854084075040761	3086	187	EGR3|MED18|ZNF485|GLMN|TFPI2|PHLDA1|DLC1|SCFD2|PEAK1|ALG6|RIF1|CRNKL1|PPIL1|GCLM|LEKR1|PER2|IFIT3|MED21|HOMER1|PTPN14|CHN2|XCL1|EGR2|MRPL15|CHAC2|PSMG1|DLAT|MOB3C|YARS2|UBE2NL|RAPH1|ACTL6A|ZNF234|MYB|FAHD1|DNAAF10|VMP1
GSE17974_CTRL_VS_ACT_IL4_AND_ANTI_IL12_72H_CD4_TCELL_DN	0.892353823088456	1	0.229885479129234	0.873472853758013	2975	189	ST8SIA4|DCP1B|ZNF410|CEP128|ACOX3|DARS1|FGGY|INTS13|PHLDA1|PRIM1|GLE1|GDI2|ZNF146|PPIL1|MTCH2|HOMER1|MAP3K21|NCR3|SYT11|SGCB|GPNMB|PSMG1|RAP1A|CAP1|MFSD4B|YARS2|CLIC4|S100A10|CDK2|ACAT1|CEP152|TPP1|P4HA1|FUCA2|CYB5B|BRIP1|ASCC1|HLTF|NEMP1|LMNB1|SLC39A8|DNAJB6|DLG5|USP28|HNRNPA2B1|IDI1|C1GALT1C1|ZNF232|BCAT1|FUT11|EXO1|SLC37A3|FAM98A|CD82|POLD3|TCEA1|IMMT|NUDCD1|INTS2|FAM83D|GOT2|MTA3|RNGTT
GSE17974_IL4_AND_ANTI_IL12_VS_UNTREATED_0.5H_ACT_CD4_TCELL_UP	0.964695093993581	1	-0.225684211539421	-0.786807533454001	6311	160	H4C4|IFITM1|GTF2H4|NUDT18|EPS8|COX5B|PPCDC|MARVELD3|ATG9A|FLAD1|PNMA3|UBOX5|TIGD2|RPL23AP7|LGSN|GET3|RPL13P5|ZNF329|DDT|PCIF1|DECR2|GALE|MAF1|RPL36|PSMG3|HIRIP3|ID2|FBXO31|MDK|NDUFB11|EEF1D|EHMT2|PSMA7|GPANK1|PTGR2|BAIAP2|BRF2|AP5S1|TCTA|METTL13|CYB5R3
GSE17974_IL4_AND_ANTI_IL12_VS_UNTREATED_2H_ACT_CD4_TCELL_UP	0.71873165002936	1	0.245848835435096	0.919693548374593	2447	169	TSLP|ZNF443|HECW2|KCTD12|AACSP1|NCOA3|ST3GAL5|BLTP3B|TESPA1|MAP3K1|LINC01192|DLC1|H2BC21|NDFIP2|FAM13A|RAB11A|BCL9|WDR97|GPR183|SYNE1|FRAS1|S1PR1|TRABD2A|CD274|LINC02874|RNF125|SLC40A1|IFT57|OSGIN2|IL10RA|RAVER1|CASP3|KLRG1|TRAFD1|VMP1|CD47|MRPL38
GSE18148_CBFB_KO_VS_WT_TREG_DN	0.948773337447925	1	-0.229960508376955	-0.797654245823527	6148	155	MTCL1|RAB26|TEX14|BMP8B|MADCAM1|DPH1|B3GAT1|TRPM4|ZNF516|SMPD3|ELMOD3|CDKL4|DCXR|MDGA1|OAZ1|SLC5A3|AAMDC|ZBTB1|SFR1|SDHA|KAZN|ZNF428|MFGE8|STARD10|SMARCD2|TTC12|DPY19L1|HBZ|NINJ1|PPME1|LTBP1
GSE18281_SUBCAPSULAR_VS_CENTRAL_CORTICAL_REGION_OF_THYMUS_DN	0.879284425736621	1	-0.239573978883978	-0.844634571223867	5848	176	NFKBIZ|CCR7|IL15|IRF7|PSMB9|TAP1|UBA7|TNFRSF21|IFI35|CXCL16|IFIT2|PLXNA2|APOD|PHB1|LGALS3BP|FOS|MIF|THEMIS2|CNBD2|TIMP1|TRIOBP|TINAGL1|AKT3|RRP12|TAP2|SRM|PSMB10|TIMM10|TAPBP|CLUH|FLNB|CACNB3|ITGA5|OGFR|USB1|MRPL17|SOCS3|CSTB|TMEM183A|ZNFX1|MAN2A1|UPP1|NOC4L|TMEM39A|RELB|TOR3A|CDKN1A|LTB4R
GSE18791_CTRL_VS_NEWCASTLE_VIRUS_DC_10H_UP	0.699697885196375	1	0.243561336802514	0.931318837463008	2315	197	AKTIP|NAPEPLD|ZFP69|EXO5|DDIAS|DOK2|DNAJC28|ZNF227|USP38|PDIK1L|ZNF30|G2E3|NAP1L5|SUV39H2|PNPLA6|NOL11|PEX1|THNSL1|MSH2|ZNF641|ZNF813|AP3M1|DCAF13|NUP37|UTP11|SLC19A2|BRIX1
GSE18791_CTRL_VS_NEWCASTLE_VIRUS_DC_14H_UP	0.923262839879154	1	0.225225683948586	0.861207796342016	3055	197	PCYOX1L|SLC18A2|NAPEPLD|TM6SF1|SUMF1|DDIAS|DOK2|TTC8|STRAP|CORO1A|COPS8|PRPS2|SUV39H2|SCFD2|PEX1|ALG6|HYCC1|ZNF641|ADD3|DCAF13|HSPA14|SLC19A2|MRPS6
GSE18791_CTRL_VS_NEWCASTLE_VIRUS_DC_16H_DN	0.709470794570688	1	-0.259237377167226	-0.904492034562837	4651	161	DND1|DHDH|IRF7|EXT1|C17orf67|ARID5A|FGFBP3|TRPM4|ASH1L-AS1|ZC3H12C|IFIT2|HERC6|TMCC3|RIGI|DBF4B|APOL6|PTK2B|SHFL|FAS|CACNA1A|STK19|BATF2|ISG15|PHF11|NOS3|ZBTB5|THAP3|SELENOI|IL18RAP|FBXL6|CCDC9|ERN1|OAS3|IL15RA|HCN3|MDK|TENT4A
GSE18791_CTRL_VS_NEWCASTLE_VIRUS_DC_16H_UP	0.98960498960499	1	0.21113096222095	0.807604450949717	3331	195	PCYOX1L|SLC18A2|LBHD1|GLMN|DOK2|BTBD1|PDIK1L|ZBTB33|G2E3|PRPS2|SMARCAD1|SCFD2|PEX1|MSH2|ZNF641|DCAF13|INTS8|MRPS6|SNX4|SPDL1|PCYOX1|ATP11A|RFC5|RAPH1|NARS1|ACTL6A|PTK2|CCT4|VRK1|DHX15|HEATR1|ATP2A2|MYC|TRIM32|BIVM|HECTD1|DCAF4|CEP85L|IPO11|CFAP298|MRS2
GSE18791_CTRL_VS_NEWCASTLE_VIRUS_DC_18H_UP	0.643567339560109	1	0.247513207278082	0.94592810613604	2135	196	AKTIP|ZNF185|ATG4A|DOK2|HVCN1|USP38|STRADB|PDIK1L|CORO1A|JKAMP|G2E3|XPR1|RMDN1|NHLRC2|PEX1|MYCBP|ERI1|HYCC1|ABCD3|ROCK2|ZNF641|AP3M1|PPIL1|DCAF13|ETV5|INTS8|MRPS6|GNPDA2|MTMR12|KCTD21|WDR36|ACTL6A|PTK2|FBXO45|CCT4|COPS4|NIP7|ATPAF1|CYP4V2|KIDINS220|PPP1R16B|RNF14|SNAPC5|HECTD1|TMEM245|DCAF4|FBXW11|VAMP3|CETN2|SPRED1|TMT1A|IDE|PPP2R1B
GSE18791_CTRL_VS_NEWCASTLE_VIRUS_DC_1H_DN	0.865526802218115	1	-0.243333840031852	-0.843003344454366	5618	153	EMILIN1|COL14A1|TMEM115|TWIST1|ANKS1B|CAPN11|MUC5B|KRT73|SVOP|RND1|HUS1B|TMEM44|SERPINE1|ELMOD3|B3GNT9|ZDHHC23|IRS2|DUS3L|SAP30L-AS1|PDRG1|MOCS1|CDCA3|ALG12|PINLYP|NEMP2|GRB7|ZBTB43|TGIF2|REXO5|MDK
GSE18791_CTRL_VS_NEWCASTLE_VIRUS_DC_4H_UP	0.825802615933413	1	0.234565286151799	0.896164078574252	2777	194	ELK3|ZNF443|DCP1B|LBHD1|EXO5|DDIAS|CETN3|RAD52|MBLAC2|RMI1|TRUB1|TRMT10A|PRIM1|MYCBP|THNSL1|MSH2|TFB2M|PRIMPOL|INTS8|CCNC|METTL21A|EIF2B2|LETR1|MRPS31|CENPU|TRIAP1|ARV1|ZSCAN29|RBL1|FBXL4|NDUFA5|AGGF1|CCT4|FAHD1|HMG20A|TBCK|FANCF|RCN2|IPO11|GGCT|B3GALNT1|PALB2|TBL2|SRPK1|RPAP2|DHX33|SUPT3H|NFIA|INPP4A
GSE18791_CTRL_VS_NEWCASTLE_VIRUS_DC_6H_UP	0.994938969931527	1	0.207570021601945	0.791945768330521	3341	193	ELK3|AKTIP|NAPEPLD|EXO5|DDIAS|CETN3|MBLAC2|HVCN1|PDIK1L|SUV39H2|PEX1|TMEM168|HYCC1|THNSL1|MSH2|TFB2M|LYSMD3|ZNF641|DCAF13|GMPS|BRIX1|IFFO2
GSE18791_UNSTIM_VS_NEWCATSLE_VIRUS_DC_18H_UP	0.997005091344714	1	0.204439004625034	0.777560244341244	3328	190	TGFBR2|PLK4|TTC8|STRADB|STRAP|G2E3|ENTPD7|HDAC2|MRTFB|NIPSNAP2|CDCA7|SEH1L|ROCK2|PPIP5K1|INPP5K|TCP1|MRPS6|EIF2B2|APRG1|CAB39|SLC25A3|ZNF850|CSRP1|PCYOX1|NDUFA5|UBE2NL|RFC5|ACTL6A|PTK2|CASD1|FBXO45|NNT|NIP7|CLTC|DNAAF10|ZNF823|MYC|RIDA|HECTD1|NCBP1|CETN2|UBE4B|TOMM40L|TIMM17A|AMFR|NCOR1|NUP155|SNX29|ZYG11B|TRAK2|INTS7|DRG1|SLC30A5|GPSM2|PHF10|WDR3|HSBP1|PCBD2|B4GALT3|RRAGB|FAM98A|EFCAB14|DPH5|MRPL45|MTIF3|NELFCD|DMAP1|ZNF248|TUBB6|ARL2BP|PHAX|MOB3A|PAK2|GPN1
GSE18791_UNSTIM_VS_NEWCATSLE_VIRUS_DC_2H_DN	0.96376604850214	1	0.222777825921686	0.819604947266983	3377	149	CCT6B|RAD52|CEND1|SIX4|ANKRD36|CLK4|ZFYVE16|ZFYVE26|MEX3B|ABCB10|FAM110D|IFIT3|CCDC144CP|B3GAT2|TEX11|PCDHGA8|ABCC6|KCNQ2|IGFBP5|DMKN|PIN1P1|NR2C1|FAM133B|AHCTF1|MEG3|ATG12|CEP78|PPWD1|TUT4|MTIF2|CSAD|DENND4A|MIOS|POLR1B|SREK1|LRRCC1|NEB|ASH1L
GSE18893_CTRL_VS_TNF_TREATED_TCONV_24H_DN	0.657819763082921	1	-0.262218950066589	-0.925500890268587	4386	177	SLC26A11|TGFB1I1|RINL|MXD3|APOLD1|APLP1|BSCL2|PYCARD|STK36|SYNGR1|BCAR1|B3GAT1|ADAMTSL4|CSF2|CDKL4|NAA60|BATF2|ESRRB|ATOX1|MAP7D1|NFKBID|BRD9|RALBP1|PLK3|JUNB|HEXA|PPP1R12C|CERS5
GSE18893_CTRL_VS_TNF_TREATED_TCONV_2H_DN	0.999849284099473	1	-0.191523759149855	-0.681471104290418	6633	195	MT2A|KHDRBS3|RPLP2|REX1BD|ZNF692|DBP|MRPL14|SNX30|CLDN12|SIAE|ERO1B|FBXL19|PKMYT1|CA12|SDR39U1|DPP3|AREL1|HERC2|POLE|FRA10AC1|RAI1|GTPBP3|NT5C|AAMDC|EXTL3|DYNC2I1|SDHA|PDCD7|TLCD1|LONRF3|NUBP2|PSMB4|SLC35C2|SMARCD2|CCDC51|ZNF213|PSMA7|ITPR3|TAF6|MRPL46|TUFM|SNAPC2|UCK1|DHX16|PDIA4|PANK4|P4HB|ZC3H13|BLOC1S5|EIF4A1|ARB2A|NAP1L4|TACC1|TUT1|ZNHIT2|TSR3|MEN1|ZBTB14|GATB|CNEP1R1|RPTOR|IMMP1L|BST2|DHX32|LSM1|COMMD5|TWNK|TMEM129|KRT18|DFFB
GSE18893_CTRL_VS_TNF_TREATED_TCONV_2H_UP	0.69193742478941	1	0.247119592805319	0.932862693261387	2299	182	MYO1F|PARPBP|SPMIP4|IGSF11|ATG16L2|HLA-B|STRADB|ACTR3|ST3GAL5|DEPDC1B|VPS26A|RARS1|ADPRH|PPP6C|SRP19|MAPK1IP1L|ANKHD1|PRIMPOL|RAB11A|SYNE2|SYNE1|SLC5A11|SPP1|PLXNC1|DAZAP2|SMIM20|CHAC2|ASNSD1|NIPSNAP3A|RAB5A|NSUN4|LAMTOR3|RAP2C|XKR8|KIF5B|SMG8|ADK|ARPC3|MED31|C1D|ADAM10|PSMD10|SEMA7A|MON1B|TNPO1
GSE18893_CTRL_VS_TNF_TREATED_TREG_24H_DN	0.702140488393126	1	0.246527799526059	0.929650698304331	2328	181	DCP1B|ITGB4|CCL5|ABTB1|CSTA|MBNL2|ANLN|CEP20|FOXA2|CALB1|LZTFL1|BLTP1|WDR26|IRGQ|NUSAP1|HECA|PLPP3|HAS3|ATL1|ARL3|ZFAND4|ASB3|ASNSD1|DPM1|VWA5A|MTCP1|ZNF445|PPIG|POU4F1|LCP1|ZMYM5|RABGAP1L|ZFC3H1|CLTC|RLF|ADNP|HPS5|HAPSTR1|SACM1L|CLUAP1|INTS6|MMS22L|OSBPL3|SFT2D3|RNF168|CENPJ|SYNJ1|CIB2|ANXA7|MSMO1|TAF3|PARVB|EXOC4|PCBD2|GUCD1|KRCC1
GSE18893_TCONV_VS_TREG_24H_TNF_STIM_DN	0.884372177055104	1	0.230960040580044	0.87256285471723	2936	183	NOXRED1|ST8SIA4|CD83|RPGRIP1|SLC9B2|TSPAN32|FOXO1|DNAJC6|GPRASP2|DAND5|SIX4|CMTM6|EEF1AKMT1|ARHGAP42|ZNF493|SLC44A1|MRPL39|FAM13B|HOMER1|MAP3K21|MTSS1|OTULINL|ZBED5|USP53|MFF|ZNF250|PHTF2|THOC1|TSN|ZNF623|MTRR|PRMT3|RFK|SCAMP1|CCT4|MOB1A|MGA|DNAAF10|TRIM32|BIVM|OSTC|THOC7|MAPK14|GGH|MRPS33
GSE18893_TCONV_VS_TREG_24H_TNF_STIM_UP	0.971680876979294	1	0.217893866436295	0.832388438922817	3190	198	DDIAS|CCNE2|ITGB3BP|DEPDC1B|ERI2|CCDC15|CKS2|RSL24D1|RFC4|KNL1|ERI1|CDCA7|MSH2|ZWILCH|NUP35|CABLES2|METAP2|GINS1|POLA1|HSPA14|MRPL39|PLGRKT|ETFA|DLAT|APOO|CENPU|TPRKB|SFXN4|PPA2|SPCS1|ACTL6A|DBF4|KIF15|BORA|RRM1|MLLT11|VRK1|CDK2|COQ3|DARS2|RACGAP1|PSMC2|IPO5|C1orf131|FAM111A|PCNA|BRIP1|TRIM59|ESCO2|NUP155|HPF1|BUB3|BHLHE40|TFRC|CENPJ
GSE18893_TCONV_VS_TREG_2H_CULTURE_UP	0.999401376833283	1	-0.199810348102068	-0.708433837486017	6677	186	ARK2C|IL15|PNKD|GKAP1|BSCL2|TMEM258|GNB3|ARID5A|SLC38A10|HCST|NXF1|MRPL41|APLNR|TMEM160|ZNF771|C19orf67|MGAM|HSPB9|DUS3L|WDR24|SDHAF2|CDK11B|UXT|PLEKHF1|SPATA2L|ARMC6|FAM177A1|FLOT1|DHX30|IFT46|RPL3|HOXB4|POLA2|ARMCX3|ACADSB|DTX2|CLK3|REXO4|SURF1|DNAJC1
GSE18893_TCONV_VS_TREG_2H_TNF_STIM_UP	0.987761194029851	1	0.213228781430686	0.801424198953383	3308	176	HSPBAP1|PEX12|TMOD4|ALG11|RTL8B|DNAJC6|ARL5A|ENOPH1|TMEM106B|KPNA3|PRPS2|PJA1|RANBP2|PI4K2B|SCFD2|SHQ1|CABLES2|POU3F1|FRZB|SGCB|GRIA2|FABP9|FAM209A|CDK1|TSN|CDK2AP1|BMPR1A|PRDX6|PABIR2|S100A10|SEMA7A|CR1L|GPD1L|CEP170|KIAA1191|ADORA2B|TMEM181|STARD7
GSE19198_1H_VS_24H_IL21_TREATED_TCELL_DN	0.657254430759988	1	0.249601658500835	0.940900916984038	2187	180	CD83|CD44|TSPAN32|BCAR3|CD40|IFIH1|BMAL2|CCL5|SLC27A3|CDS1|HLA-B|ABCC3|VSIR|ME1|PTGS1|MOB3B|TNFSF13B|OCIAD1|ZFYVE16|ATP1B1|TAPT1|PLGRKT|ISOC1|APOL3|CARD9|SLAMF7|TRABD2A|CD274|ITGB2-AS1|EGR2|CYTH4|LITAF|SFXN4|HBEGF|C1orf54|PAPSS1|NAA25|NME7
GSE19198_1H_VS_24H_IL21_TREATED_TCELL_UP	0.704280155642023	1	-0.256902817729397	-0.910856973894258	4705	186	TLX1|PLXNB2|CRIP2|PDLIM2|GASK1B|DHRS1|ADGRE5|RUFY1|STK11IP|TECR|SRD5A3|DBP|ARHGAP4|ITGAX|TGM1|HFE|NRM|APOBR|SIAE|PILRA|ERO1B|SH2D3C|B3GNT9|ATP2A3|FHL1|KCNAB2|RFNG|RAMP1|SDHAF4|DGKA|ENO3|GRHPR|ATP13A2|ABCD1
GSE19198_6H_VS_24H_IL21_TREATED_TCELL_DN	0.869696057779115	1	0.232220342090498	0.878442281361944	2889	184	ST8SIA4|CRYL1|CEP128|ARID5B|HS2ST1|DTX3L|KDM7A|FER|RIMOC1|ITSN1|TMEM37|ETNK1|RHOBTB1|ETV5|RIC1|EPS15|ABLIM3|C2|MTSS1|SH3PXD2B|PSMG1|SLC18B1|FZD2|DPH6|PLS1|SAMSN1|PELI1|TLR5|RBPJ|FAM91A1|MYC|TRIM32|LRRC58|KLHL12|SNTB2|PREX1|RABGAP1|CNDP2|SPRED1|CFAP97|CIZ1|HELZ|GTF2H1
GSE19198_CTRL_VS_IL21_TREATED_TCELL_1H_DN	0.691402714932127	1	0.247392463468325	0.930590671921542	2291	178	ELK3|DNAJC6|ARL5A|RFFL|STT3B|TMEM51|SOCS6|GNB4|PPT1|IL18R1|NCOA4|RWDD2A|CPD|DLC1|KLF10|RHOT1|PPM1B|FNDC3B|LDLRAD3|SNAI3|SKIL|SLC19A2|GPR157|ELL2|DOK3|TGFBR1|ZMYM6|S100A10|KLHL6|ANXA5|SKP1|AZI2|GBE1|MGST1|GLUL|MAPK9|ARL4A|PSME4|CEP170|ECHDC1|ATP6V0E1|FAM120AOS|RMDN2|BTG1|ZNF281|BLMH|LTA4H
GSE19198_CTRL_VS_IL21_TREATED_TCELL_24H_DN	0.737314773237539	1	-0.254088613074475	-0.90025641696296	4925	183	IL11RA|PDE2A|S1PR5|CD84|GASK1B|FAM193B|MAPK11|CHST12|ANKH|RABAC1|COL1A1|TNK2|NBEAL2|ROMO1|PPARG|NRM|APOBR|SIAE|DDRGK1|TPCN1|HIGD2A|SELENOH|PLEKHG2|CSRP2|RAMP1|MXD4|C2orf76|RAI1|SIDT2|VKORC1|NDST1|NT5C|TSC22D1|ZMYND11|HDAC5|SMIM14|MFGE8|MEF2D|IRAG2|NDUFB11|NCBP2AS2|TPRA1|MICAL1|ULK1|SREBF2|ABHD8|GAS6|PKD1
GSE19198_CTRL_VS_IL21_TREATED_TCELL_24H_UP	0.856734816596512	1	-0.242273373404309	-0.854151472616349	5698	176	CCR7|TSC22D3|ENC1|TIMP3|CHAC1|MT2A|SLC3A2|PRPF31|ADAMTS4|ZC3H12C|CYTH3|ICAM1|SERPINE1|STAB1|NFIL3|TIMP1|AKT3|IFITM3|BATF2|GBP2|ADPRM|ZC3H12A|STING1|MERTK|RNPS1|NECAP2|SPHK1|RHOB|UBR4|PHC1|ITGAV|IL15RA|TNIP1|ITGA5|NIBAN2|TNIP2|PSMA7|GRAMD4|CCDC137|MOAP1|UPP1|EIF2B5|ELP5|TNFAIP2|CDKN1A|CEMIP2|TXNRD3|H6PD|KARS1|CARS1
GSE1925_3H_VS_24H_IFNG_STIM_IFNG_PRIMED_MACROPHAGE_DN	0.646549148491186	1	0.248061566078219	0.944239100469411	2163	191	PITPNC1|CRYL1|YIPF1|TOP2A|PRPS2|LRBA|AFF4|CD80|MYCBP|NUP35|NUP107|POLA1|OAT|KPNA2|SCP2|MAD2L1|OPRL1|AUH|DNAI4|SRP9|CHTF8|INSIG1|TRIAP1|TIMM23|UGP2|NFE2L2|MTCP1|SBNO1|COX7A2L|SPCS2|PRPF39|CFAP20|CD47|STMN1|POPDC3|APC|NEK2|ZWINT|BUB3|CDC42SE2|MAP2K4|NUP50|INTS7|ZFP36|SSX2IP|HIBADH|CRK|STK38|WDR48|EIF1|WDHD1|MED20|CRKL|MELK|TFEB|HMGB2|UBE2B|NELFCD|ATP6V1G1|NHERF1|BPGM|PPIF|CHMP3|CTDSP2|SLC23A2|CASP6
GSE1925_3H_VS_24H_IFNG_STIM_IFNG_PRIMED_MACROPHAGE_UP	0.984100794960252	1	-0.217953815477773	-0.773759621830448	6560	189	SPIB|PBX3|FOXD1|RETSAT|TLR6|TRPV2|EPS8|NXF1|SLC7A7|LGALSL|MCAM|PLOD3|ACP3|CXADR|MAGED2|AXIN2|EPHB6|ACYP2|MAP3K12|ADPRM|INPPL1|CST3|TRABD|DHRS3|AGRN|ZBTB20|TYRO3|WDR83OS|KLF13|EVL|WNT5B|CD3D|C9orf85|ZNF23|KDELR3|JTB|ACYP1|ATP6V0B|DICER1|GFER|MTM1|TRIM27|CHCHD5|CLEC16A|CDKN1A
GSE1925_3H_VS_24H_IFNG_STIM_MACROPHAGE_DN	0.840422322775264	1	0.235040088174219	0.88963874627886	2785	185	CCT6B|ITGB7|KDM4D|SNX16|GPR137B|EXO5|MYLK3|MX2|SLC27A3|PIEZO2|DARS1|USP6NL|SATB2|METAP2|IFIT3|SMARCA5|SLC26A4|RSAD2|APOA2|TSPAN12|IFIT1|OR2J2|HMGB3P30|CR2|SIRT5|NUBPL|IFI6|SAMD4A|ACTR2|CA8|MAPRE2|STX7|NOD1|SNRNP35|PTPRA|PLSCR1|NACA|ACTR8|MRTFA|ZNF195|WBP11|TRIM16|NCAPG2|STX17|PCLAF|S100A4|SENP7|ATP6V1C1|TAF12
GSE1925_3H_VS_24H_IFNG_STIM_MACROPHAGE_UP	0.770257826887661	1	-0.253838893125569	-0.879422810085504	5018	152	CCDC170|SVEP1|CYP19A1|HBQ1|EPPK1|TNFRSF21|TCL1A|PDCD11|SH2D3C|SLC27A6|KCNJ15|RSPH14|INHBE|TRIB3|AKR1C2|SNU13|SLC7A11|STON1|NACC2|PALM|RPS2|GYPB|UCP2|IL18RAP|ERAL1|MLH3|RNF24|ZNF133|NDUFA7|PRR14|AARS1|MCM2|MAGEA3|HIP1|JUN|NLE1|ILVBL|AKR1A1|SPTA1|NBR2|CASP9
GSE1925_CTRL_VS_24H_IFNG_STIM_IFNG_PRIMED_MACROPHAGE_DN	0.774763974224487	1	-0.250753838774841	-0.886801267752415	5169	180	IDUA|TBC1D1|DNASE1L2|SEMA4D|ITGA4|CLDN7|INCENP|APOE|EPB41L4A-AS1|D2HGDH|DNAJC15|TPD52|GCOM1|MAP1LC3A|TRIM46|IER3|ERO1B|LGALS3BP|DCN|CRAMP1|GGCX|IGF2R|RPP14|TRMT1|SLC1A5|HPCAL1|INTS11|PISD|CDK11B|SNHG6|NDST1|PPOX|CDCA3|GNB5|TAPBP|ZMYND11
GSE1925_CTRL_VS_24H_IFNG_STIM_IFNG_PRIMED_MACROPHAGE_UP	0.945002247864529	1	-0.228860861043695	-0.809375851249467	6305	180	SPIB|COX6B2|FOXD1|TMEM134|TLR6|SH3BP2|CCS|EPS8|UBL5|TNFRSF8|IRS1|CFD|BRD3|ACP3|CXADR|AXIN2|ACYP2|MAP3K12|ADPRM|CST3|DHRS3|F2R|WDR83OS|TSC22D1|EVL|SMIM14|AGAP3|HES6|DBN1|C9orf85|RBM26|RWDD4|JTB|ACYP1|ST8SIA1|MRPL46|CLEC16A|FAM8A1|AK4|GSTK1|ZNF808
GSE1925_CTRL_VS_24H_IFNG_STIM_MACROPHAGE_DN	0.96483249962104	1	-0.225124701056876	-0.790143749261586	6364	171	ENG|CLDN7|THAP8|TMEM134|PWWP2B|PNMT|CFAP58|ETHE1|ANKS1B|NYAP2|WDR46|SCRIB|NRM|IL2RG|PLOD3|STX4|TTLL1|ENTPD1|SLC25A19|NAA60|SNRPB|SLC16A3|INPPL1|KCNN4|PPP6R2|KANK1|GTPBP3|MGRN1|ZBTB7B|UNC45A
GSE1925_CTRL_VS_3H_IFNG_STIM_IFNG_PRIMED_MACROPHAGE_DN	0.926792679267927	1	0.226073904679638	0.850305932147991	3088	177	NKIRAS1|RTL6|MMP14|CD3G|RAD52|PKD2|DNASE1L1|SERPINI1|ADPRH|UBA5|SCAF8|SLC44A1|RAB3D|PROS1|ABCB10|INPP5K|TMEM106C|CHIC1|MGMT|HTR2C|PTX3|SGCB|BDKRB1|LDHB|DSG2|TMEM230|PTK2|NIFK|NEK1|ABHD5|RNF14|CA2|TUBGCP4|NMRK1
GSE1925_CTRL_VS_3H_IFNG_STIM_MACROPHAGE_DN	0.786992331723942	1	0.242065044728289	0.89710134926077	2770	155	LIPG|ZNF43|MS4A6A|SLC22A1|EMSY|YIPF1|CLIC2|NUDT13|HAND2-AS1|CD80|GRK4|IL1RL1|VWF|SPAM1|SERPINE2|EPB41L4B|SLC25A3|DCAF17|UBE2NL|CHST3|CD24|EIF4G3|CCT4|IFT70A|ENSG00000291006|NET1|ABHD5|BRAF|SHB
GSE1925_CTRL_VS_IFNG_PRIMED_MACROPHAGE_24H_IFNG_STIM_DN	0.997905759162304	1	-0.206077428303516	-0.729490804912498	6670	181	ITGA4|QSOX1|APOE|EPB41L4A-AS1|COX17|DNAJC15|TPD52|GCOM1|ICAM1|ERO1B|LGALS3BP|PEX7|TPPP3|CRAMP1|IFITM3|GBP2|ISG15|PMF1|IGF2R|SHISA5|SLC1A5|HPCAL1|NOP10|CDK11B|SNHG6|NDST1|PPOX|RPL10|GNB5|RCN1|CASC3|FRRS1|IRF9|NUMA1|ANKIB1|S100A16|CKB|S100A6|LY6E|TRAF3|NOC4L|IRF1
GSE1925_CTRL_VS_IFNG_PRIMED_MACROPHAGE_DN	0.963462114405511	1	-0.225181294969116	-0.797361606759665	6433	182	IDUA|TBC1D1|TYROBP|COL14A1|CLDN7|SNN|MT2A|RENBP|APOE|EPB41L4A-AS1|JOSD2|RNASEH2C|DNAJC15|GCOM1|SLC19A1|AURKAIP1|G6PD|KRTCAP2|SRM|SLC1A5|RHOB|ALG3|BOP1|TRPC4AP|STRADA|CDK11B|HEPH|SNHG6|PPOX|UNC45A|ENTPD4|FANCG|CAPG|FRRS1|C8orf82|NUMA1|AP1S1|CKB|RPL35|GCAT|CD320|ARHGEF3|SEPTIN9|PKN2|MRPS28
GSE1925_CTRL_VS_IFNG_PRIMED_MACROPHAGE_UP	0.848567119155355	1	-0.243505139097901	-0.856949499292735	5625	174	SPIB|FES|CYP19A1|ATXN1|AXL|TPBG|RENBP|GTF2H4|HLA-DOB|SYNGR1|SLC29A1|SYNGR2|TNFRSF21|FGF12|HPS1|VPS72|CTSD|ASNS|DHRS3|ALG3|SDC4|HDAC7|CDC42EP4|CEBPB|MTMR10|CTTN|RAD50|MTCH1|PLEKHH1|AP1M1|BCL2L1|TIMELESS|ST8SIA1|RPL35|CCNF|ACP2|MCM7|GNA12|CAVIN1|KIF2C|PKN2|ANTXR2
GSE19374_UNINF_VS_LISTERIA_INFECTED_MACROPHAGE_DN	0.972700930303492	1	-0.223588132121842	-0.780110054872736	6377	161	SHANK1|MGAT4A|CLDN7|SLC9A1|DOCK4|KRT12|PLOD1|ATG9A|STYK1|TOM1|TPCN1|PTK2B|ARHGAP26|CA12|AFAP1|RFNG|CRYM|SLC16A3|BRD1|EHBP1L1|CTC1|ZC3H12A|MED24|RALBP1|SMG6
GSE19401_NAIVE_VS_IMMUNIZED_MOUSE_PLN_FOLLICULAR_DC_DN	0.904418394950406	1	-0.235268432460221	-0.836358165471465	6017	192	PLXNB2|N4BP2L1|PSMB9|DDB2|BTN3A1|ZNF710|TRIO|RGS3|ATF6B|PDE6D|ARHGAP45|SLC7A7|PTGIR|RASGRP1|GLG1|MIF|SPINT2|PTK2B|ZNF593|USP20|ATOX1|SLC1A5|PSMB10|DEAF1|ACAA1|GNS|VPS39|TUBGCP2|XPO6|HDAC5|SDHA|GIT2|NCAPD3|CCDC85B|POLR2A|ATP6V0A1|IRAG2|DNASE2|MYCL|ZMIZ2|POLRMT|POLA2|EDRF1|VPS13B|ATP6V0A2|ACP2|SPHK2|BBC3|DNPEP|MGAT1|ARAP1|COG2|LARP1|FAM168A|AKR1A1
GSE19401_PAM2CSK4_VS_RETINOIC_ACID_AND_PAM2CSK4_STIM_FOLLICULAR_DC_UP	0.913492183942935	1	-0.234652793065766	-0.820969380694667	6018	165	PLXNB1|VWA7|DIPK1A|NAGK|RHBDD3|CLBA1|ZFPL1|OTUB1|P2RY11|COPE|ANKS1B|ZNF771|FEZ1|INPP5J|HMGCL|P3H1|DDT|RBM23|SCAP|PIGL|RPS10|LINC00623|FBXL6|NDUFC2|DYNC2I1|VARS1|NFKBIB|SLC20A2|NDUFB11|PSMB4|EEF1D|LMTK2|SH2D2A|ELL|WDR45B|SAFB|GPN2|PSMC3|AK4|CSNK1G3
GSE19401_PAM2CSK4_VS_RETINOIC_ACID_STIM_FOLLICULAR_DC_DN	0.731370465928062	1	-0.256460373652598	-0.897266601345274	4818	165	IGF1R|ACKR1|HSF4|ATP2A1|ZNF169|TBKBP1|SH3BP2|TECPR2|SH3BGR|MICAL3|SRRM2|CLIP3|CDH15|MCAM|KATNB1|NRTN|AKT3|NRG1|BRD1|MXD4|SNU13|STON1|SEC61A1|MAP3K3|DOT1L|GNB5|CCDC9|MLH3|NCAPH2|BTD|KLHL21|ZER1|SLC25A42|SUPT7L|SNAPC4|GUSBP11
GSE19401_PLN_VS_PEYERS_PATCH_FOLLICULAR_DC_DN	0.926873037236429	1	-0.232091313375111	-0.822993852679317	6197	185	STX11|STOML1|FICD|CXCL1|TAP1|H2BC13|ITGA7|IFI35|IFIT2|LGALS3BP|ZNRD2|PTK2B|JAG2|TBCC|IL1B|MX1|IFITM3|SNRPB|SP100|PSMB5|LARS2|EWSR1|TAP2|NDUFA6|SP110|GUK1|SDF2|MED6|NDEL1|H2BC12|P4HA2|DGUOK|MRPS11|ZBTB43|NFKBIB|CMTR1|MYBL2|TUBG1|HNRNPAB|FLOT1|RPP38|CKB|NINJ1|NAT1|TRAF3|UPP1
GSE19401_UNSTIM_VS_RETINOIC_ACID_AND_PAM2CSK4_STIM_FOLLICULAR_DC_DN	0.826582658265827	1	0.236221800760327	0.888474053534926	2754	177	BATF|BCAR3|TNFRSF14|CCL5|CPVL|BLZF1|DNTTIP2|MAP3K1|IL18R1|CTSK|PIK3CA|UTRN|ADD3|YTHDF3|ATP1B1|CTSF|WTAP|PPP3CB|RRAD|MGMT|MTSS1|ABR|IFIT1|PTX3|GPNMB|ATP8A1|RPS6KA2|CXCL11|UTP3|DNAJA2|KDM6A|CITED2|CD47|STMN1|TUT4|ZC3H15|PANX1|PTPRJ|VPS4B|ADH5|EIF4B|CCT6A|BTG1|SERTAD2|ATM|BCAT1|NCOR2|ZNF253|CRK|MPP1|DYRK3
GSE19401_UNSTIM_VS_RETINOIC_ACID_STIM_FOLLICULAR_DC_DN	0.881297134238311	1	-0.239555263229337	-0.843048995342907	5842	174	H2AC13|LAG3|ANPEP|CYLD|MT2A|CXCL1|RPGR|P2RX4|HLA-DOB|ITPA|RPL23|N4BP2L2-IT2|SERPINE1|INPP5J|KCNJ15|IL1B|NOTCH3|SLC16A3|LSS|JUNB|SDC4|POLG|G0S2|ZMYND11|PRPF19|IL15RA|TNIP1|SASH1|SRGAP2|ATP5MG|NUP188|TAF6|DESI1|BCKDK|HIP1|TNFAIP2|RELB|SMARCE1
GSE19772_CTRL_VS_HCMV_INF_MONOCYTES_AND_PI3K_INHIBITION_UP	0.999112426035503	1	0.199295059557512	0.747970623503711	3376	173	LRRC8E|PIGA|ZNF417|LEMD3|GOLPH3|SLC25A44|C1orf162|NABP1|ALG13|ENTPD7|SGPL1|WDR26|TRIB1|CBFB|MRPS22|TRIM61|REEP2|NKX3-1|PRRC1|MICALL1|TSTD2|FBXO28|ATP2A2|BIRC2|PUDP|PPP2CA|SEC23IP|JAGN1|MPHOSPH6|NUP54|PRPF40A|POLR3G|ZZEF1|DDX27|TMEM33|ZBTB11|MTMR9|TP53INP2|ZNF407|CLIP2|RLIG1|DCUN1D5|SRP54|SRP68|SHROOM1|GAN|KLHL42|ARL2BP|CCNJ
GSE19772_CTRL_VS_HCMV_INF_MONOCYTES_DN	0.906634279641719	1	-0.236129115817666	-0.824938721192943	5971	162	LINC01547|BEX5|ZNF76|ATRN|IFT122|MROH8|NACA4P|CLN3|TRAIP|MAN1B1|ASH1L-AS1|CD48|LINC01252|ECM2|PRKCSH|SRR|HMGCL|PIGR|HYDIN2|KHDC1|XPC|DECR2|SOCS2-AS1|PRKAB2|GNS|FBXO10|DNAL4|ASB16-AS1|MGAT4B|DNASE2|SSR4
GSE19825_NAIVE_VS_IL2RALOW_DAY3_EFF_CD8_TCELL_DN	0.834588731545646	1	-0.243898984960951	-0.867537852450674	5539	194	SULT2B1|CD84|MAPK11|GDPD5|CHST12|DIAPH2|MYL11|APLF|ETHE1|SREBF1|SCRIB|LAMB3|TPCN1|SPG7|CHMP6|ENTPD1|FAS|MYO1G|SMDT1|NDUFA6|NECAP2|BRPF1|TRAPPC5|PGP|RETREG2|GRK6|REXO1|SIDT2|SMCO4|PRKAB2|NSMF|PYROXD1|VPS39|JRK|MBOAT7|MCOLN1|LSM6|VAC14|CCDC85B|LAMP1|FBXO31|C1orf122|TAX1BP3|FRRS1|CLN6|EIPR1|LPCAT1|ATP5MG|CC2D1A|CHCHD1|TAF6|PHF2|AUP1|SRF|VPS36|DEXI|URM1|GADD45GIP1|TAF1C|URB2|AP4B1|PRPF8
GSE19888_ADENOSINE_A3R_ACT_VS_A3R_ACT_WITH_A3R_INH_PRETREATMENT_IN_MAST_CELL_UP	0.997598679273601	1	-0.207392253683424	-0.736738485285593	6646	190	PBX4|TCEA2|C21orf58|RHOBTB2|FLT3LG|INCENP|RNASEH2C|PLSCR3|PDE6D|PPCDC|DTYMK|ROMO1|STYK1|COMTD1|IFI27L2|SDR42E1|UQCC4|MRPS14|NSDHL|BCAT2|CAD|ASNS|STOML2|RASSF7|SELENOS|DYNC2I2|CKLF|CLN6|APOL4|ATP5MG|AARS1|SAPCD2|CCNF|CCDC28B|NOC4L|CHCHD2|CTNNBL1|SYNGR3|MRPS16|CHCHD7|TMEM177|UBL4A|WDR90|PUSL1|DHODH|NDUFB4|GSS|AIFM2|EIF4A3|ATP5MC3|GMPPB|CCNQ|METTL3|VAMP8|POC1A|SPC24|RNF26|SLCO4A1|CSTF2|USP1|PAXIP1|VPS25|SNRNP25
GSE19888_ADENOSINE_A3R_INH_PRETREAT_AND_ACT_BY_A3R_VS_A3R_INH_AND_TCELL_MEMBRANES_ACT_MAST_CELL_DN	0.943869128020411	1	-0.228649082983033	-0.812251065635262	6288	190	NFKBIZ|FOXD2|IDUA|RPH3AL|HLX|FICD|NCEH1|UVSSA|L1CAM|FAM193B|ANKH|FAM120C|NBEAL2|PLA2G15|CHCHD10|TPD52|FAU|TRIOBP|ATP2A3|LMF1|ACP3|ACP6|HERC2|ZC3H12A|POLD1|MYO9B|CERS4|SYVN1|PARP3|FAM118A|LIFR|FLNB|TGIF2|ID2|GIT2|HES6|CKLF|INO80D|METTL17|NUMA1|NCBP2AS2|MANBA|PARP1|UPP1|CLK3|ANKRD11|AFMID|CSRNP2
GSE19888_ADENOSINE_A3R_INH_VS_ACT_IN_MAST_CELL_DN	0.877481914729875	1	-0.241679527444902	-0.839095619740652	5700	156	TMCO4|CUBN|ITGA4|SLC39A3|UBA7|PNMT|IFIT2|MYH7B|SPATA6|CFD|HFE|IL2RG|APOL6|PIK3IP1|TINAGL1|PRDM16|TSHZ2|IFITM3|GBP2|BCAT2|STING1|SHISA5|PSMB10|ABL1|CERS5|GNS
GSE19888_ADENOSINE_A3R_INH_VS_ACT_IN_MAST_CELL_UP	0.869277108433735	1	0.232170378565136	0.879615654026217	2885	186	AJUBA|TSLP|DNAJB2|PGAP1|C3orf52|IGSF9|MEMO1|KCNG1|CKMT1B|SLC25A46|WDR75|RSL24D1|ARIH1|LANCL1|FAM199X|SC5D|C18orf32|TCF12|DCAF13|PPP2R5E|MAPK1|COPS3|NIPAL1|TMPRSS13|EVPL|NATD1|NCAM2|PKP2|WASHC3|PCDH1|RABL3|TSNAX|MTHFSD|PRELID3B|PARD6G
GSE19888_ADENOSINE_A3R_INH_VS_INH_PRETREAT_AND_ACT_WITH_TCELL_MEMBRANES_MAST_CELL_UP	0.911010558069382	1	0.227874999873336	0.857173845449015	3019	178	ELK3|TCEAL1|MS4A6A|KLHL13|EIF2AK3|DNASE1L1|PPT1|DTX3L|C5orf34|AKAP12|NIPSNAP2|SNAPC1|DAPK2|SNX24|IBTK|PXYLP1|RSAD2|CLMP|ATP8A1|LGALS4|C5orf22|SMIM20|GUF1|SQOR|SAMSN1|CCSER2|ZNF25|SMC6|MIR99AHG|SHISA4|NNT|DECR1|PARK7|GPD1L|CD93|CYB5B|EFR3A|YIPF4|HELZ|BAIAP2L1
GSE19888_CTRL_VS_A3R_ACT_TREATED_MAST_CELL_PRETREATED_WITH_A3R_INH_DN	0.683628653642284	1	-0.260945080714236	-0.916668543916922	4513	172	IDUA|STS|CYFIP2|HLX|ABCB4|HEPACAM2|MUTYH|RPLP2|CTRL|HCST|RUFY1|NRDE2|PKD2L2|LENG9|GDF2|CAPN12|ATP2A3|CCL24|MZT2B|ITGB5|DIRAS1|SORBS3|BRD9|GTPBP3|ARID3B|TSC22D4|C19orf47|CDK10|ZBTB7B|NMRAL1|GRINA|XPO6|OSTM1|TTI1|TUBG1|FBXO31|SMURF2|PRPF6|NUDT2|NUMA1|STN1|ANKRD39
GSE19888_CTRL_VS_A3R_ACT_TREATED_MAST_CELL_PRETREATED_WITH_A3R_INH_UP	0.992832087845051	1	-0.214195063634229	-0.747337174202569	6509	161	TGFB1I1|IL11RA|AXL|XAB2|RPS29|COX14|TMED9|SERPINH1|GALNT14|NSG2|SYNGR4|FYN|SDF2L1|TINAGL1|CHMP6|GREB1|INHBE
GSE19888_CTRL_VS_A3R_ACTIVATION_MAST_CELL_DN	0.753354928273947	1	-0.256946209035928	-0.885565743899336	4883	145	SP5|TRIM45|WNT11|DPM3|SPOUT1|TWIST1|GALNT14|HAS1|MUC5B|NSG2|PILRA|ZMYND10|MATCAP1|OCEL1|IL17D|NDRG4|ARHGEF10|RAMP1|GPATCH3|FLYWCH2|THOC6|PRTN3
GSE19888_CTRL_VS_A3R_ACTIVATION_MAST_CELL_UP	0.886944818304172	1	-0.237770407130319	-0.843131871553688	5930	185	SAMD11|PNKD|BCL2L12|RNF215|ATAT1|TAP1|TNK2|TSPYL2|ZNF692|SUN2|LUC7L|RPAP1|CCNL2|TMCO6|CCDC136|TBCD|CALR|FHIP2B|TRMT112|HMGXB3|IGSF3|FBXL20|MAP4K2|RPS2|STRADA|ARFRP1|PTCD2|DPH7|PLXNA3|MEF2D|TTC5|ADGRL1|FAT1|METTL17|MAFG|PLEKHM2|SRRT|UPP1|CYC1|TBX1|ZNF512B|KIAA0319L|STARD5
GSE19888_CTRL_VS_A3R_INHIBITOR_TREATED_MAST_CELL_UP	0.999850366601826	1	-0.19952682496738	-0.711254214304266	6681	196	C21orf58|ZDHHC12|NDUFB8|ITPA|CCDC167|COX5B|SMTN|PPCDC|DYNLRB1|ROMO1|NRM|COMTD1|IFI27L2|HCFC1|MTLN|TBRG4|EGFL6|UQCC4|SNRPB|SF3B5|BCAT2|PRORP|MICB|CHID1|ATPAF2|GALE|MPV17|ERAL1|REXO5|DYNC2I2|MYBL2|CEP170B|HNRNPAB|TMEM214|CKLF|CLN6|ATP5MG|POLA2|AARS1|SAPCD2|MCM2|CCNF|KLHL23|CCDC28B
GSE19888_CTRL_VS_T_CELL_MEMBRANES_ACT_MAST_CELL_UP	0.999096113287135	1	0.201514588525523	0.770133905899296	3315	196	ST8SIA4|C17orf100|ARL5A|TRIM23|PSMC6|TEX15|UBA5|ZNF277|DDX19B|RIMOC1|PI4K2B|ORC4|DCLRE1C|ROCK2|NAE1|RBMX|FBXO3|NUP37|RANBP9|EPB41L4A|RAP1B|LARP7|WDR89|MED17|RHOA|SLC25A3|UFM1|RAB5A|RABL3|SP1|PPFIBP1|UXS1|DNAJB11|BAG4|DNM1L|ABI1|CA2|ZDHHC5|ARL4A|RCN2|MRS2|GARS1|PSMD14|KLHL7|ZNF638|ECHDC1|EXTL2|STAU1|VPS37A|CISD1|ZNF281
GSE19888_NO_PRETREAT_VS_ADENOSINE_A3R_INHIBITOR_PRETREATED_MAST_CELL_TCELL_MEMBRANES_ACT_DN	0.990400479976001	1	-0.214192764760073	-0.760407484935605	6602	189	EMILIN1|IL15|EPB41L1|GRN|NDUFA2|SLC45A4|NCCRP1|TMEM86A|RIPOR1|BRD4|TTLL1|C19orf38|ESR1|DCT|ARHGEF10|CSGALNACT2|ISG15|LARS2|GPATCH2L|QTRT1|HPCAL1|CHID1|CYB561D2|KICS2|ARHGAP1|NDST1|FIZ1|NT5C|PSMG3|DGUOK|OSTM1|CDK5RAP1|C1orf122|PDCD7|BORCS7|INTS4|APTX|COASY|MRPL21|PEDS1|PMP22|P3H3|GNA12|NUDC|POP7|PLEKHO1|CHCHD7|CDC37L1|RCC1L|ALKBH3|EFCAB2|SLC15A4|RHPN2|PKIG
GSE19923_E2A_KO_VS_E2A_AND_HEB_KO_DP_THYMOCYTE_DN	0.729859239293202	1	0.242225721906043	0.921277678183009	2436	190	PTPN6|NUS1|CCL5|ESF1|RAD52|LGALS3|CCL4|GNG12|DUSP19|LRBA|MRPS24|PNPT1|MAPK6|ZFYVE16|NUP35|CAPN2|SLC44A1|METAP2|TWF1|EPS15|PLXND1|UGCG|EIF2B2|RSAD2|SPP1|XCL1|LAT2|CR2|EGR2|ACSL4|ELL2|NCKAP1|PPA2|DDX18|UTP3|PTP4A2|KLRG1|DNAJB9|DNAAF10|HACD3|ANXA5|MYC|PSMA6|ANXA1|GGH|HSD17B12|CNDP2|MTIF2|NFU1|GARS1
GSE19923_WT_VS_E2A_KO_DP_THYMOCYTE_DN	0.93139482053612	1	-0.232125899131253	-0.812887289629763	6149	166	STS|SEL1L|MGAT4A|SCN5A|XAB2|MINDY1|APBA3|KRT12|TRAIP|CUL9|TPD52|ATG9A|STK39|STYK1|PIK3IP1|CMKLR1|DHX38|TIMM44|PNKP|TRPC4AP|RAB40C|PPP2R3C|KLHDC4|FAM118A|TRMT2A|DAPK3|MALT1|RGL2|PLEKHH3|ACD|ZNF408|SUPT6H|MIER2|DNMT1|C15orf39|PCGF2|PANK4|METTL13|HAND2|RCC1L|SPTLC2|KIF22|TKFC
GSE19923_WT_VS_HEB_AND_E2A_KO_DP_THYMOCYTE_DN	0.816019271303824	1	0.237009136602669	0.895416230048758	2709	183	PRKCH|IFIH1|KCTD12|TBCEL|KIN|KAT2B|CCL4|USP38|FGF13|NABP1|ANLN|ME1|AMZ2|PHLDA1|EGR1|MAPK6|CLK1|SLC38A2|HK2|SYT3|RRAD|RSAD2|IFITM10|EGR2|ERO1A|SERTAD1|TENT5A|PELI1|NAMPT|TARS1|MLLT11|DNAJB9|WSB1|MYC|CITED2|BIRC2|SEC23IP|P4HA1|CAPN1|ADORA2B|ZFAND5|WBP1|TIPARP|BHLHE40|BTG1|ALDH18A1|ATF3|TNFSF9|U2SURP|SFPQ|ZFP36|SOS1|EIF1|PPP1R15B|FASTKD5|NCAPH
GSE19923_WT_VS_HEB_AND_E2A_KO_DP_THYMOCYTE_UP	0.837118947997609	1	-0.242838353851018	-0.866000471634475	5601	197	CCR7|NDST2|PSMB9|P2RX4|TRPV2|RTTN|SUN2|PDE6D|ING4|TMEM160|AURKB|TBCB|EMP3|FDXR|SELENOH|PNKP|TACC3|CSNK1D|TAP2|ICAM2|RFC2|RNF181|PSMB10|ENO3|TRAPPC1|STX5|MRPS21|ATP5IF1|MAF1|SFR1|DGUOK|RNF145|FKBP2|DCTPP1|UQCC3|PAFAH1B3|TK1|NDUFB11|HAUS4|ANAPC2|CIPC|ACYP1|ABHD8|DCPS|CCNF|CPT1A|SAP30L|CTSH|PINK1|BCKDK|MCM7|POLR1A|LTB4R|GALNT2|SEM1|LARP1|PDIA4|CHCHD7|FXN|PRKACB|SNAPIN|SAE1|S100A13|CUEDC2|MTMR14|LSM14B|PRC1|WDR45|NPC1|NSMCE1|RNASEH2A|PGLS|PHF1|RP9
GSE19923_WT_VS_HEB_KO_DP_THYMOCYTE_DN	0.646153846153846	1	0.24979683636159	0.945493792362891	2141	185	KCTD12|C5orf15|EIF2A|SERPINI1|OCIAD1|CYP27B1|PPM1A|ARF4|DENND4C|BCAS2|ABCB10|TRIM13|STYX|OSTF1|SAR1B|CHIC1|TANC1|ATP8A1|SKAP2|ASNSD1|SLC25A3|PSMG2|NFE2L2|SOCS2|RRM2|FRG1|PRELID3B|RAB28|ACTL6A|PRDX3|COPS4|FH|S100A10|CMAS|APEX1|CLNS1A|CREB1|CFDP1|CCNDBP1|ADH5|EIF4B|SUCLG2|GLRX3|S100A4|METTL9|NFIA|ALYREF|RNASEH2B|GLO1|SNRNP40|WDR43|NTPCR|DPH5|ATG5|ACOT9|MNAT1|SLC7A6|ELF1|CHMP3|WDR55|XRCC5|OXCT1|PPIC|ALG2|SCAF11|GANAB|PPIH|BLVRA|SOD2|SNX9|NUP93|SKIC8
GSE19941_IL10_KO_VS_IL10_KO_AND_NFKBP50_KO_LPS_AND_IL10_STIM_MACROPHAGE_UP	0.88139151297046	1	-0.239285076020686	-0.844555860012758	5877	177	AHRR|VANGL2|KIF1A|SELENOM|AMZ1|GASK1B|MYO16|PWWP2B|EREG|KCNC3|TNK2|TRPM4|UCHL1|DDRGK1|PIK3IP1|COL6A3|STAB1|PGS1|KCNAB2|GPR146|GAL3ST1|ACSBG1|SFXN3|DMBX1|DUSP7|RPL10|RBSN|RNF149|NRIP3|ATP6V0A1|IL6ST|SLC38A5|CRAT|GRAMD4|BCL6B|CSTB|PIP4P1|IER2|EAF2
GSE19941_IL10_KO_VS_IL10_KO_AND_NFKBP50_KO_LPS_STIM_MACROPHAGE_DN	0.938604372566637	1	0.223950935702906	0.851771630394051	3133	190	DCK|CD3G|CCL4|ZFP82|PPP6C|AKAP12|SHQ1|YWHAQ|DCAF13|PIAS2|NLK|RIC1|AP3S1|MRPS6|CD96|RBKS|TOX|IFIT1|TMEM176A|TDRP|ATP6V1D|EIF4E|PANK1|KCTD21|NFATC2|SLC25A14|B3GNT2|CACYBP|PRDX3|NIP7|NDUFB5|EIF3J|CYBB|PSMD10|SKP1|CHMP5|SUPT4H1|NCK1|PLCD3|API5|HMGCS1|ZWINT|ATP6V1A|BTF3L4|HTATIP2|FDFT1|ANKMY2|IL1R1|BCCIP|GHITM
GSE19941_IL10_KO_VS_IL10_KO_AND_NFKBP50_KO_LPS_STIM_MACROPHAGE_UP	0.927625772285966	1	0.226109283143925	0.848427526384418	3152	172	SETDB2|SLAMF6|CFAP410|AGA|CCL5|EPS8L3|SMARCA1|PUS10|ENTPD7|HIC1|NSUN3|GCLM|HSD17B11|LRRTM1|ABHD1|TSPAN12|PLA2G4A|B3GALT1|SERPINE2|MAGT1|TRIAP1|MCU|MBNL1|TRMT11|EMC2|CASP3|PTP4A2|FH|PSMA6|MINPP1|CWC15
GSE19941_IL10_KO_VS_IL10_KO_AND_NFKBP50_KO_UNSTIM_MACROPHAGE_DN	0.911613876319759	1	-0.235598461936377	-0.829453093582466	6043	175	FAM171A1|CYFIP2|GKAP1|HLX|CUBN|KIF1A|L1CAM|TBKBP1|CACFD1|MICALL2|TULP3|ARHGAP45|MFSD2A|TNFRSF1A|TCP11L2|DDRGK1|PTPN3|CYB5D2|PCED1B|RAMP1|ZC3H12A|CTSD|WDR24|SGK1|FERMT3|MADD|VPS39|RGL2|ZMYND11|TUBB2B|ID2
GSE19941_IL10_KO_VS_IL10_KO_AND_NFKBP50_KO_UNSTIM_MACROPHAGE_UP	0.761203192142419	1	-0.255028201525149	-0.883543159500591	4959	152	CADM2|HAPLN2|RPH3AL|LRRC56|MAGIX|PWWP2B|PEMT|PPM1J|TRPM4|JSRP1|DSC3|DNAJC22|DDRGK1|NRTN|NME3|NFIL3|NCAN|KHDC1L|TBC1D10A|NOL3|CERS4|IQSEC2|TPRN|TP53I13|DDA1|HCN3|EGFL7|TMEM102|HOXC6
GSE19941_UNSTIM_VS_LPS_AND_IL10_STIM_IL10_KO_MACROPHAGE_UP	0.856488112288742	1	0.235231814276533	0.872893330464132	2989	157	BICDL1|MYL9|PAQR9|IL12RB2|LONRF1|ALDH1L1|RAD52|RRM2B|SCOC|ARID5B|ALOX12|VSIR|ETNK1|SNAPC1|NFAT5|GLIS3|SH3PXD2B|PTPN14|CDKL2|RIT1|GNPDA2|SKAP2|UFM1|UXS1|TMPRSS5|KLHL6|TMEM104|STX7|VEPH1|AGPAT5|PTPRA|PANX1|CHMP1B|TAX1BP1|GABARAPL1|RDH14|LETM2|BICD2|ETV1|SMURF1|ZC3HAV1|TBC1D12|DYRK3|FOSL2
GSE19941_UNSTIM_VS_LPS_AND_IL10_STIM_IL10_KO_NFKBP50_KO_MACROPHAGE_DN	0.993134328358209	1	0.209389737617107	0.786995083932412	3326	176	SLAMF6|AGA|CCL5|SMARCA1|CENPQ|STRAP|TFPI2|L3MBTL3|SUV39H2|KNL1|ST8SIA6|MSH2|NUP37|MAD2L1|HSD17B11|TAC1|CD274|SERPINE2|INPP4B|DCAKD|DUSP10|FAM83G|TRIAP1|PPA2|PELI1|CDK1|ADK|CASP3|DBF4|PTP4A2|PDE7A|RRM1
GSE19941_UNSTIM_VS_LPS_STIM_IL10_KO_MACROPHAGE_UP	0.696425855513308	1	-0.260278563776168	-0.909888347035937	4578	164	FN3K|CD14|CRIP2|CUBN|FAM234B|PAK6|MT2A|AMZ1|L1CAM|PWWP2B|TSPAN4|SEMA3B|TULP3|MFSD2A|ECM2|UCHL1|TNFRSF1A|NYAP1|TIMP1|PGS1|MDFIC|TSHZ2|TIRAP|SMOC2|MMRN2|ZC3H12A|EID3|CTSD|ZBTB20|TRPC4AP|NPDC1|PARP3|RGS19
GSE20151_CTRL_VS_FUSOBACT_NUCLEATUM_NEUTROPHIL_DN	0.957344547912286	1	0.221710886050905	0.835763581234146	3186	180	HSPBAP1|UBE4A|YIPF1|CORO1A|VPS54|DHX40|SH3BGRL|GNPAT|SUMO1|FAM13B|INTS8|ODR4|NUP133|DOCK10|IFIT5|SOS2|SLC30A1|OSGIN2|TLR5|CRY1|SCAMP1|RLF|RPL6|ANXA5|PSMA2|CHUK|STMN1|TIA1|PHF3|ANP32B|MTF2|GALNT1|PTEN|PSME4|YIPF4|INTS6|SEPTIN11|EMD|SLC35A1|SYNJ1|GLRX3|THUMPD1|ATF3|RBBP7|CDS2|VDAC3|MRPL33|USP15|ATP5MJ|MBD2|UBE2K|HIGD1A|KTN1|USP4|AGO2|ST13|CALCOCO1|YTHDC2|APH1A|MARCHF3|SS18L1|JMJD1C
GSE20152_HTNFA_OVERXPRESS_ANKLE_VS_CTRL_SPHK1_KO_ANKLE_DN	0.895478567234292	1	0.230267335361878	0.861404864330286	3049	169	BICDL1|PRR4|LEMD3|SERPINI1|LIN28A|DLC1|MYNN|ARHGAP11A|NBR1|SLC30A6|MKRN1|POGLUT2|BCAN|F5|SPATA6L|VWF|S1PR1|GPNMB|KIT|SOX21|CCDC121|MFF|TSN|BCAS3|MRPS30|SKP1|PHF3|IDH3A|CA2|GTPBP10|CLPX|GPI|ABCB7|GLT8D1|ATP6V1A|PTPRJ|BRIP1|TMT1A|HLA-F-AS1|CCT6A|TRAK2|BTBD7|ZNF510
GSE20152_SPHK1_KO_VS_HTNFA_OVEREXPRESS_ANKLE_DN	0.943847072879331	1	0.223136715361128	0.850348254248133	3159	192	PCYOX1L|RMI1|DCLRE1A|YIPF1|CNOT8|CORO1A|TRMT61B|TOP2A|ZBTB18|PEX3|PPP1CC|NEK9|ORC4|CCNA2|NHEJ1|RDX|TJP2|PGRMC2|XPO7|ZNF33B|NEIL3|PER2|TRMT1L|CNOT7|MGMT|SYNE1|CASP8AP2|VDAC1|FAM200C|CSRP1|NUP205|BMPR1A|AGGF1|BAG2|SNAPC5|ANP32B|GTF3A|PTPRJ|SLC35A1|MAGI1|POLR1B|RPL5|CENPJ|PPAT|BLMH|TMX4|RIOX1|SOS1|RLIG1|KIFBP|ARHGAP25|IMMT|RPS6KB1|CEP350|MTFR1|KANSL1L|HARS2|SS18L1|TNPO3|GLYR1|PHF20|XPO1|AATF|CASP6|HSD17B4|ZNF22|GRK2
GSE20198_IL12_VS_IFNA_TREATED_ACT_CD4_TCELL_DN	0.983112183353438	1	0.213848661211784	0.81044439425941	3259	187	ST8SIA4|PRNP|GPR137B|SESN3|CCNE2|FBXW8|TMEM51|PDIK1L|DNAH8|PTBP3|TP63|AAK1|UBE2N|RIF1|SCYL2|FBXO3|CFAP418|DDHD1|ZNF32|RSAD2|CDK1|UBQLN2|UXS1|FBXO45|PTPN12|ADNP|RCOR3|SKP1|SACM1L|KMT2E|PHF3|PSMC2|UBQLN1|AP3B1|DCUN1D1|ZNF236|ARFGEF1|BRIP1|HLTF|GABARAPL1|FDFT1|VAPB|PHKA2|DRG1|MTMR9|RPS6|MAP1LC3B|SSX2IP|RHAG|CD82|NCKIPSD|MAP3K5|ZNF282|AFG1L|EPM2AIP1|TDRD7
GSE20198_IL12_VS_IFNA_TREATED_ACT_CD4_TCELL_UP	0.972972972972973	1	0.216572434730368	0.828418818355139	3275	195	SLC9B2|SESTD1|EIF2A|STRADB|ONECUT2|BRMS1L|TLE4|STXBP3|WDR75|NBN|PEX3|MACIR|TXNL1|TMEM168|LYPLA1|RNF103|GINS1|ZNF644|ZDHHC21|PLGRKT|SLC39A1|CDC27|C19orf73|ABHD1|RIT1|EXOSC9|EIF5A2|SLC20A1|GUF1|FUT8|ARV1|IFT57|IFT74|MTCP1|B3GNT2|ZNF627|FAR1|C10orf88|TTC33|SEPTIN2|MAGI2|THOC7|LYRM1|PPWD1
GSE20198_UNTREATED_VS_IFNA_TREATED_ACT_CD4_TCELL_DN	0.671033045549271	1	0.245600635491482	0.937044677625756	2253	193	NKIRAS1|HSPBAP1|MRPL1|KIN|STT3B|FGF13|NABP1|DARS1|WDR75|NBN|UBA5|PEX3|MRPL42|ARHGAP11A|WASHC4|SAAL1|OAT|PPIP5K1|MFSD1|HK2|QNG1|ZCWPW2|GPR183|MCTS1|ANKRD28|SLC20A1|MOSMO|CSRP1|ARL5B|FAM133B|UTP3|COPS5|CNKSR3|SMIM30|SPCS2|EIF3J|CITED2|MON1B|MAK16|GOLGA7|ARL4A|AGBL5
GSE20366_CD103_KLRG1_DP_VS_DN_TREG_DN	0.984980474617002	1	0.213916254756103	0.806380860875312	3278	180	MYO1F|SNX16|CD70|TC2N|CCNG1|HNRNPLL|GNAQ|INTS13|CHDH|YES1|HYCC1|CRYBG3|ARHGAP11A|DMXL2|TWF1|AP3M1|ACOT11|TTC39C|CDKL2|SYTL2|ELL2|ALDH9A1|CDC14B|CAB39|HLA-C|ZFAND4|SKAP2|FUT8|PLEKHA8|PHLPP2|EPCAM|SNX2|RFK|CHSY1|ABCB1|CHMP4C|TPP1|ITM2B|WEE1|BRWD1|PTPRJ|NIPA2|ASAH1|LIX1L|RAB31|RYK|LMNB1|FZD5|USP28|DSN1|INTS7
GSE20366_CD103_KLRG1_DP_VS_DN_TREG_UP	0.910752038659015	1	-0.235389828341068	-0.827801437806493	6030	173	TASP1|C6orf132|PHYHIP|CTU1|LCAT|MAPK12|MTG1|WNT3|ITIH5|EEIG1|CHCHD10|CRYBG1|EXTL1|AGER|PILRA|HDAC4|FASTK|CRYM|ARHGEF10|ID3|IGF2R|TRMT112|ENO3|NOP10|TMEM205|NAT14|RCN1|XYLT2|C19orf48P|KCNH2|SOCS3|SNRNP70|NUP188|PKD1
GSE20366_CD103_POS_VS_CD103_KLRG1_DP_TREG_UP	0.764239577216677	1	0.24228274146184	0.906353181663899	2602	169	MAP10|AKAP5|JMJD7-PLA2G4B|MS4A6A|LRATD1|SGPP1|HSDL2|TRPM7|P3H4|HDAC2|PUS3|PIAS2|INTS6L|SLC2A13|CD96|ACER2|MMP11|CDHR4|INPP4B|EGR2|PLXNC1|KIF3A|PRKCI|PIP5K1B|MAP4K3|EXOC6|FAM91A1|PRMT3|RABGAP1L|CEP57L1|DNAAF10|KLHL6|MYC|MAPK9|FRYL|WT1|NGLY1|RABGAP1|XPOT|SMC4|ALDH1B1|NEMP1|L2HGDH|ICE2|DHX33|FUBP1|RAB3IP|TSPAN3|HIF1AN|WDR3|ASAP1|HIBADH|PIP4K2A|AMPD3|SNRK|NFIX|COQ2|CEP95
GSE20366_CD103_POS_VS_NEG_TREG_KLRG1NEG_DN	0.927218934911243	1	0.225773194181659	0.847345223697063	3133	173	MYO1F|MYO3B|TRMT2B|CD70|LAMP2|FNDC3B|FBXO30|AP3M1|RNF115|RBL2|PEAR1|ZNF572|CHIC1|IL1RL1|FRZB|NCKAP1|PPIL4|VWA5A|HUS1|FAM133B|TGFBR1|POU4F1|PLEKHA8|ZDHHC2|MED7|SNX25|CHD9|FGD6|CYBB|ARRDC4|CLIP1|ITPRIPL2|PTPRJ|NIPA2|OSBPL3|PPP2R1B|HLTF|TRAM1|S100A4|PNPLA8|DHX33|AKAP10|KIF13B|HIF1AN|SLC35F5|NIPA1|MBD2|CCDC117|FOSL2|EFCAB14|NUDT4|OR8A1|ACOT9|EVI5
GSE20366_TREG_VS_NAIVE_CD4_TCELL_DEC205_CONVERSION_UP	0.698586891160553	1	-0.258857273306755	-0.912619154493043	4646	176	SULT2B1|ADAM19|COX6B2|COL14A1|RAB34|AXL|NCEH1|HBB|HLA-DOB|SH3PXD2A|ITIH5|SLC7A7|FOXP3|ICAM1|CAMKK1|FRMD6|MAGED2|COMMD1|GPR146|H2BC5|IGF2R|ACSBG1|STON1|FAM98B|SLC2A3|TREML2|LRRC61|EPHX1|CRELD1|RCN1|LAMP1|SLC16A9|NIBAN1|SAMD8|ZNF23|CD81|BCL2L1|NT5DC3
GSE20484_MCSG_VS_CXCL4_MONOCYTE_DERIVED_MACROPHAGE_UP	0.983844427823485	1	-0.218453972475691	-0.775509404323466	6576	188	SEMA4G|RAB34|SCN5A|NDUFA3|APLP2|FXYD1|RGS3|CD48|WDR46|LAGE3|PEX7|ZMIZ1-AS1|MYDGF|SWSAP1|RPUSD1|TSFM|KMT5C|IL17RA|SLC2A3|WDR13|JUNB|POLR1C|PPARD|ALG3|NDUFB1|SIL1|PHC1|TSC22D1|MRPL2|ACADVL|TGIF2|SLIRP|MRPL24|RPS12|IFT46|ZNF219|PRRG2|AARS1|MRPL21|TUFM|CSTPP1|SPTBN1|DMAC1|HIPK2|COG2|CLEC11A|SLC4A7|STEAP3|MLF2
GSE20500_CTRL_VS_RARA_ANTAGONIST_TREATED_CD4_TCELL_DN	0.896484667165295	1	-0.236556662655586	-0.839773772322656	5992	188	PSMB9|NDUFB8|GTF2H4|NSUN5P2|THEM6|DDX41|POR|ING4|ECM2|FLAD1|RPL18|ZNF551|UBB|JAG2|SNHG17|TRIM26|TSC1|BCAT2|TRMT112|POLR3K|CLSTN1|ZNF263|NBL1|ARFIP1|NDUFC2|E4F1|TUBG1|CAPG|SNAPC4|EHMT2|PRR14|MRPL4|MAST2|MPI|TMA7|PSMD9|MRPS12|LARP1|ZNF280D|HPS4|NFKBIE|COX7A2|CDK11A|PRC1|BIRC5|LIMK2|RFXAP|RNASEH2A|POLR2G|RABEPK|ZBTB14|ATP5MC3|AHSA1|DDX11|HPS6|NAT10|CENPM|VAMP8|COLGALT1|LGALS9|LSM1|RPA1|TRAF4|JADE1|POP1|SNRNP25|NGRN|MARCHF8|BCS1L|ZNF45
GSE20500_CTRL_VS_RARA_ANTAGONIST_TREATED_CD4_TCELL_UP	0.737181409295352	1	-0.254481577380021	-0.899069784042406	4916	179	FSTL3|PLAT|CYFIP2|PDLIM2|SLC9A1|RHBDF1|CHRNA10|PLA2G15|SAC3D1|MICAL3|ACTMAP|IRF3|ZNF551|SPECC1L|ROBO3|RGS14|USP20|COLGALT2|GAL3ST1|TRAF2|SNHG20|GAL3ST4|SNRNP200|CAD|RALBP1|NECAP2|MICB|CLCN6|RGS19|DHCR7|TBC1D17|TK2|LRFN4|EHMT2|TMEM184B|NMU|SPHK2|SRF|PRKRIP1|ADCY3|ELK4|DNAJC1|PIMREG|FHOD1|PACSIN2|TCF25|CDC42BPB|PRC1|SLC25A22|EML3|RRAS|NOC2L|URB1|UBC|JUND|PRKCA|TERT|MEA1|KMT5A|METTL3|MKNK2|CDCA4|MCM3AP|AGFG2|CSK|PAXIP1|COL9A3
GSE20500_CTRL_VS_RETINOIC_ACID_TREATED_CD4_TCELL_UP	0.999402628434886	1	0.197233657093003	0.751634690492657	3345	192	PCYOX1L|MLYCD|PRKCH|MANSC1|CCNE2|YIPF1|VPS26A|CNOT8|ZBTB18|BNIP3L|PTGS1|PEX1|MRTFB|ZFTA|SORBS1|RAB11A|MLC1|UBE2E3|LDHB|DCAF17|TIPIN|PIGH|MTRR|NARS1|ACTL6A|RFK|PRDX3|DNM1L|ADAM10|BAG2|SPTSSA|DCP2|NGLY1|PTPRA|CEP76|TIMM17A|SLC35A1
GSE20500_RETINOIC_ACID_VS_RARA_ANTAGONIST_TREATED_CD4_TCELL_UP	0.865515674693321	1	-0.240925616742264	-0.843703233154779	5714	166	UBL3|SEMA4D|CD14|ENG|LYPD3|CD84|TPBG|RPLP2|HBB|KCNK5|ANKS1B|ECM2|NKX6-1|CRISPLD2|MAPK7|SLC6A16|PMF1|MERTK|PPARD|TCTN1|SDC4|CEBPB|NBL1|RNF121|DOT1L|SFMBT1|TNFRSF1B
GSE20715_0H_VS_6H_OZONE_LUNG_UP	0.801766731546639	1	-0.247575065508597	-0.877311381177513	5354	184	WNT11|TYROBP|RCAN3|SEMA4D|CLDN7|PPFIBP2|RAB38|GASK1B|DDX41|UNC5B|NAA38|QRICH1|THEMIS2|RECQL4|EFNA1|KEL|CDH23|CYP2F1|FOLR2|MYO1G|SEC61B|MAPK7|IFITM3|MRPS14|AKR1B1|ESRRB|SLC25A45|DLK1|ATOX1|YIF1A|TRABD|TIMM10|GRK6|ATP5IF1|PRPF19|SIVA1|POLR2A|SH3KBP1|LMNA|RPS11|RPS26|PARP12|AP1M1|KCNH2|DNMT1|TLCD2|CLCN5|VEGFA|ELP5|APPL1
GSE20715_0H_VS_6H_OZONE_TLR4_KO_LUNG_DN	0.72865671641791	1	0.244793390548802	0.920060348388895	2440	176	OSGIN1|MTMR6|FZD8|TRIM23|RNF13|RMDN1|THNSL1|NUP153|NUP160|ITPRID2|SAR1B|GPNMB|DMKN|SBDS|ELL2|C5orf22|EIF4E|VAPA|FLCN|KCNK1|DYRK1A|PDE12|HERPUD1|RAB5A|DUSP18|NFE2L2|MBNL1|DDX5|THOC1|ZNF521|PRDX6|MAPRE2|UBE2D3|CYP4V2|HYCC2|VMP1|TMEM243|CHD1|GTF2B|IDE|STARD7|CDC73|DLD|MYCBP2|ZYG11B|OTUD4|FZD5
GSE20715_WT_VS_TLR4_KO_24H_OZONE_LUNG_DN	0.650344414495358	1	-0.262188350220776	-0.928402708734654	4342	182	CRIP2|ABCA7|MT2A|TAP1|TRPV2|TNK2|APOE|NBEAL2|MIGA2|DYNLT4|LONP1|PDLIM7|IER3|SLC6A8|LSR|TOM1|SH2D3C|ECE1|SLC15A2|RFNG|PXMP4|LZTS2|PLEKHG2|BIN3|B9D2|SLC4A2|DIAPH1|GTPBP3|NOS3|BABAM1|AHSP|SLC37A4|RGL2|MED12|TTC28|EGFL7|MGAT4B|NIBAN2|IFNGR1|ANAPC2|CLN6|NUMA1|NRGN|TPRA1|ECH1|TMEM259|NEURL4
GSE20715_WT_VS_TLR4_KO_48H_OZONE_LUNG_UP	0.914092380111798	1	0.227815147850777	0.854828424894454	3106	172	PRKCH|CMYA5|GABRR2|CEND1|DCLRE1A|EXD2|MEF2A|USP2|PJA1|RIMOC1|HSPH1|PLEKHF2|POLA1|TCF12|FBXO3|ITPRID2|PER2|HOMER1|PLPP3|COPZ2|S1PR1|GPRC6A|SNX3|ATP5F1B|NFE2L2|FXR1|DNAJA2|CLIC4|CACYBP|AKIRIN1|SCG3|NEK1|PAPOLA|SUPT4H1|SERINC1|ARL4A|NDE1|WEE1|TMT1A|SGMS1|ARL6IP6|CCT6A|DEDD2|CAST|PALS1|NDFIP1|STAMBP|VIM
GSE20727_CTRL_VS_DNFB_ALLERGEN_TREATED_DC_DN	0.990959463400408	1	0.21016114139683	0.782680366354995	3397	163	MLYCD|STAP1|DYNC2LI1|PEX12|TGFBR2|CRYL1|EIF2A|HEMGN|INTS13|PPP1CB|THG1L|NPM1|SYTL3|PERP|SPAM1|SLC30A1|GRK5|FBXL19-AS1|AGGF1|ZNF627|PTP4A2|RPS3A|MOB1A|ANKRD50|NF1|SERTAD3|PDIA3|ASAH1|SRPRB|NSMCE3|PEX2|CHCHD3|SEC63|GTF2H1|RPL5|GRSF1|RIOK3|SUPT3H|EIF3H|GDAP2|RPL22|PRDX5|SLC35F5
GSE20727_CTRL_VS_DNFB_ALLERGEN_TREATED_DC_UP	0.989083295947361	1	-0.215123530522646	-0.762826236846978	6613	185	HSF4|PAK6|GHDC|DHRS1|TNFRSF21|PDCD1|COX6B1|GALNT14|S100A5|LMAN2|SH2D3C|GAS2L1|NFIL3|FDXR|DZANK1|G6PD|MUC1|NINJ2|MAD1L1|GNA11|SF3B5|LSS|RNH1|DDT|ACSBG1|CREB3L1|TMEM120A|PLD2|CARHSP1|UXT|PPP1R18|NMRAL1|ERN1|GLMP|FAM177A1|NUBP2|NUDT7|TUBB3|MAFG|RNF216|FAAP24|DUSP14|DOLK|MSRB1|ADAM8|PIH1D1|ARID3A|ZNF697|OIP5|ARSB|CPTP|H2AX|ACTN4|FURIN|AIFM1
GSE20727_CTRL_VS_H2O2_TREATED_DC_UP	0.800209361447585	1	-0.248004061898617	-0.876286959466103	5350	178	ANO9|NEIL1|TSC22D3|AKAP13|LRRC56|FBXW4P1|CNNM4|PDLIM2|RUFY1|GGA1|IFI16|CRYBG1|DENND11|MNDA|TOM1|SPECC1L|RIPOR1|MED15|IRS2|MAP3K12|C11orf21|SEMA4F|ID3|TBC1D10A|ERICH1|ATPAF2|DEAF1|CNPY3|SIDT2|MADD|ZBTB7B|LMBR1L|FLNB
GSE20727_CTRL_VS_ROS_INH_AND_DNFB_ALLERGEN_TREATED_DC_DN	0.873003916842422	1	-0.239264830080783	-0.851054369449264	5794	194	WFS1|SMAD7|H2AC8|MGAT4A|BSCL2|BMP8B|TMEM258|EXT1|MAGEH1|DPM3|TAP1|CHST12|PLXNA1|TECR|JMJD8|NDUFS7|SDF2L1|ZNRD2|KATNB1|PLOD3|P3H1|SDR42E1|KRTCAP2|PSMB5|CTSD|ASNS|RNF181|STOML2|NFE2L1|SPN|SIL1|GNS|B4GALT2|TMEM147|FAM177A1|MYBL2|TUBG1|SSR4|H1-5|PRMT1|RPS6KB2|ECH1|AARS1|KDELR3|GOLGA2|C15orf39|ATP5MC1|AFMID|TMEM179B|SEC24C|FXN|CARS1|PFDN6|LRRC8A|GOLGA3|UBL4A|BUD23
GSE20727_CTRL_VS_ROS_INH_AND_DNFB_ALLERGEN_TREATED_DC_UP	0.703586972835059	1	-0.25660076029911	-0.91154636737046	4687	190	PBX3|IL11RA|SEMA4D|DIAPH2|HCST|TNK2|DGLUCY|EPB41L4A-AS1|TECR|COX5B|SH3PXD2A|TEF|ECI1|CHCHD10|CD101|LONP1|ZBTB3|ZFAS1|NLRX1|MCAM|ATP6V1F|KCNAB2|C11orf21|ACP6|PSAP|NAA80|XPC|TMEM205|EPHX1|ITFG2|CDK10|MRPL57|POLR1H|RPS27|KLF13|PTGES2|ARHGAP22|BTD|REPIN1|PNPO|DPCD|EHMT2|POLRMT|STN1|ECH1|PIGS|ADISSP|SCPEP1|SH3BGRL3|TNFAIP2|GNA12|RSAD1|PPARGC1B|COG2
GSE20727_CTRL_VS_ROS_INHIBITOR_TREATED_DC_DN	0.980445246690734	1	0.214294543308864	0.808949960433984	3258	182	UBE4A|DCLRE1A|YIPF1|CORO1A|TESPA1|NRG4|ALDH1L2|TOP2A|CBLL1|CCNB1|STT3A|TMED2|TJP2|WSB2|HSPA4|TRIB1|BCL9|RCBTB2|APOBEC3D|SLAMF7|ELL2|RAD23B|CENPU|VDAC1|RRM2|ATP11A|WIPI1|CASP3|BUB1|SEMA4A|MYB|SEPHS1|SPTSSA|RBBP4|CITED2|OSTC|VDR|TMEM104|RBM47|SUCLG1|PRR11|CAPZB|GLT8D1|MRTFA|ESCO2|RAE1|CENPE|SLC39A8
GSE20727_CTRL_VS_ROS_INHIBITOR_TREATED_DC_UP	0.899970050913447	1	0.228936428239786	0.870733377944366	3004	190	PARPBP|H2BC6|CCNE2|ATP6AP2|PLK4|DCLRE1A|YIPF1|PIK3C2A|TMEM59|PGRMC2|ABCB10|RNF115|KPNA2|NEIL3|IBTK|RAP2A|CPSF3|MCC|PRRC1|FASTKD3|SLC25A3|UFM1|HERPUD1|CSRP1|MTRR|SPNS1|EPCAM|ERC1|SSR1|MYB|C4orf46|GOLPH3L|SEPTIN2|ATF2|CENPI|MAN1A2|NEK2|SUCLG1|GALNT1|CCR10|GNL2|SUCLA2|ZWINT|FAM118B|TRIM16|HJURP|ALDH18A1|PPAT|BLMH|DENND1B|BAK1|SLC30A5|MCL1|SLC37A3|PRMT5|TOP1|PPP1R15B|NCAPH|TMEM167A|TMEM223|MTFR1|ZDHHC9|GOT2|PLD3|YIPF5|ARHGDIA|MDH1|SHC1|ME2|GAPDH|CDR2|UBE2J1|IARS1|SLC39A9|COPZ1
GSE20727_H2O2_VS_ROS_INHIBITOR_TREATED_DC_UP	0.95221637866266	1	-0.227101502455452	-0.806905749441702	6336	191	CCR7|RCAN3|DIPK1A|CREBRF|ENC1|ZBTB49|IGIP|AMZ1|SH3PXD2A|EEIG1|IFIT2|PKD2L2|SPATA6|DENND2C|PIK3IP1|UQCC5|ATN1|NFRKB|GPR146|RPS16|LENG1|ARID3B|CLCN6|SGK1|ZNF263|PPP1R3F|RPS23|H2AC25|PPP1R18|FNDC10|MREG|RNF24|TSR2|IL6ST|SAMD8|IFNGR1|ADGRL1|EEF1D|TRIM56|SEMA4B|POLR3GL|PHF2
GSE20727_ROS_INH_VS_ROS_INH_AND_DNFB_ALLERGEN_TREATED_DC_UP	0.851204819277108	1	0.233793517078162	0.885765181168889	2825	186	BATF|SLAMF6|GNA13|IL12RB2|CD36|WDFY3|ZNF410|YIPF1|HMGN5|VPS26A|NABP1|HIPK3|BCAP29|PTPN2|PFKFB3|DCTN4|PUS3|TWF1|MFAP3|SNX24|ECT2|PROS1|PLGRKT|TRIB1|SH3PXD2B|SGCB|TIGAR|JAK3|INTS12|SERTAD1|DONSON|CARD6|NAMPT|CDKN1B|DRAM1|CD47|ARL13B|SHB|RBM47
GSE20754_WT_VS_TCF1_KO_MEMORY_CD8_TCELL_UP	0.93807680857398	1	0.223923869926562	0.85434091034884	3150	193	CD44|MEX3C|CD40|GNA13|ALG11|CFL2|SRC|HLA-B|ZNF436|PDGFB|AMZ2|MARCHF5|AFF4|FOXJ3|PTPN2|PPM1B|PAIP2|THAP6|SMAD4|NDFIP2|ARF4|RTN4|C3orf38
GSE21033_1H_VS_12H_POLYIC_STIM_DC_UP	0.804561200923788	1	0.240121190204809	0.891638694967162	2786	159	TLE6|DCK|ARID2|DNAJC6|MBNL2|EIF2AK3|TTPAL|REC8|PPT1|MAP3K1|TBC1D2B|OTUD1|PPP1R3B|EAF1|PFKFB3|PARP11|DCLRE1C|CDCA7|PLEKHF2|TAPT1
GSE21033_3H_VS_12H_POLYIC_STIM_DC_UP	0.974723090031241	1	0.218935921216152	0.805570012152637	3431	148	SEC24B|EGLN3|HDAC2|MAP3K1|MEF2A|B3GNT5|EAF1|RFX5|CDCA7|ATP1B1|PLXND1|MAPK1|UGCG|FBXO15|GRIP1|SLC35D1|HAUS5|ZFAND4|ALG10B|ANGPT1|PRELID3B|CDK2AP1|RFC5|MYB|GSTCD|PPP1R16B|SEMA7A|RBBP8|SENP1|ATP13A3|SEC23IP|AGBL5|PSME4|NCBP1|PTPRJ|MED14|NUP155|STAU1
GSE21033_CTRL_VS_POLYIC_STIM_DC_3H_DN	0.898791540785499	1	0.227765051732095	0.870917716163755	2974	197	PCYOX1L|ZNF443|BICDL1|ZNF573|RMI1|ZBTB18|ZNF184|PRIM1|PPP1CC|MRTFB|CCNA2|ZFTA|NUP107|CBX7|SNAPC1|TOB1|TJP2|CBX3|NEIL3|SYNE1|GRIA2|PDS5B|PSMG2|GRK5|SMG8|BMPR1A|SSR1|FTO|C17orf75|MGA|LSM14A|BAG2|GDE1|PUDP|MPHOSPH10|NDE1|ACTR8|GGCT|DALRD3|NUP50|THUMPD1|PPAT|RIOX1|VDAC3|GORASP1|POLR2B|PLAU|NCKIPSD|RNF146|RAD17|CTBP1|ZNF440|RPS6KB1|MRPL35|TMEM223|CEP350|BRCC3|SS18L1|MAP3K4|SMIM8|PPP5C|AATF|ALDH5A1|TMEM187|ZNF22|ACTR5|CBR4|MKRN2|TUBA4A|CDC23|CCND3|NCOA6|ACAD8|RAB5IF|ASH2L|GLCE|TAL1|UBE2L3
GSE21063_3H_VS_16H_ANTI_IGM_STIM_NFATC1_KOBCELL_DN	0.932178069913355	1	0.225552583370743	0.858559315728042	3119	191	AJUBA|ATG16L2|PAOX|ARID2|CNR1|MNS1|CNIH1|ANLN|TFAP4|ARHGAP11A|CKAP2|IPO7|NUP35|SMC2|NDC80|UFL1|CPSF3|P2RX7|GPR183|ASB3|PCCA|CKAP2L|EIF3C|TDP2|NUP205|HUS1|ZNF286A|SEPSECS|PRELID3B|DBF4|BORA|VRK1|PPM1K|RPUSD4|CLIP1|RACGAP1|KIF14|IPO5|NEK2|CDKN3|SLC9A5|PTPRA|IPO11|RSF1|MMS22L|NPEPL1|PCLAF|CISD1|ATL2|HJURP|ZC3H7A|BUB1B|GFM1|KNTC1|GORASP2|CDIN1|CCDC117|FEN1|NAP1L1|STAG2|SRP68|PTPN18|RPA3|ASF1A|NXT1|TAF11|CTH|ARL2|ELP4|PCBP2
GSE21063_CTRL_VS_ANTI_IGM_STIM_BCELL_16H_DN	0.998470480269195	1	-0.204352463540508	-0.711950920962688	6527	159	ANPEP|ITPKC|LYST|PDLIM2|TWIST1|SLC35F3|GPX8|ZSWIM5|LRGUK|CPS1|OS9|SV2A|RSPH14|BATF2|GAL3ST4|MED10|ACSBG1|HPCAL1|PLK3|CPQ|EPHX1|ANKRD9|RAP1GAP
GSE21063_CTRL_VS_ANTI_IGM_STIM_BCELL_NFATC1_KO_16H_DN	0.949602519874006	1	-0.227902451158033	-0.809078354676727	6330	189	BHLHA15|TSC22D3|NHLRC3|RPS21|GKAP1|SNORC|PDLIM2|INKA1|SLC3A2|CHCHD10|SGIP1|NSG2|CRISPLD2|LUC7L|HS6ST1|DDRGK1|ZNF598|FBXL19|CRAMP1|SELENOH|SLC12A6|TJAP1|BCAT2|POLR2E|SEMA4C|DGAT1|FAM98B|POLR1C|RILPL2|RAB11FIP4|SNHG6|SNRPD2|FLNB|PRELID1|SFR1
GSE21063_CTRL_VS_ANTI_IGM_STIM_BCELL_NFATC1_KO_16H_UP	0.949809885931559	1	-0.229441905106144	-0.802088780378157	6244	164	LAG3|COL14A1|BSCL2|LYPD3|TPBG|TRPV2|DGLUCY|NXF1|CD48|RGS17|NYAP1|TIMP1|FLYWCH1|FAS|PKP3|CTSA|CSNK1D|ATOX1|TRIP6|CTSD|PLK3|CPQ|JUNB|EPHX1|UCP2|MYL6|BTD|SIGIRR|SAMD9L|HOXC10|ATP6V0A1
GSE21063_CTRL_VS_ANTI_IGM_STIM_BCELL_NFATC1_KO_3H_UP	0.80978097809781	1	0.237627554410957	0.893761354030591	2698	177	ELK3|TMOD4|TNFRSF14|LGALS3|ZFPM2|EGLN3|NT5C3A|CD80|UAP1|SMAD2|TMEM30A|DAPK2|STARD3NL|SH2D1B|OSTF1|CD96|TTC39C|TMEM176A|TMEM176B|PHETA2|CCN5|ELL2|RAP1B|TMED7|CRBN|CAP1|SOAT1|ADK|SCIN|CRY1|ACLY|PRDX6|AKIRIN1|SPTSSA|ANXA5|VMP1|GOLT1B|RAB3GAP2|PFN1|ATP6V0E2|IPP|PTPRA|LCORL|PAPPA|RAB4A|B3GALNT1|FABP5|ETV6|IL1R1|STMP1|DNAJB6|S100A4|LYSMD2|CDS2|TSPAN3|ACOT7|SERPINB1|MBD2
GSE21063_WT_VS_NFATC1_KO_3H_ANTI_IGM_STIM_BCELL_DN	0.689681335356601	1	-0.26072221901062	-0.914164245787201	4544	170	C3|EXOC3L4|IFI30|AXL|PSMB9|TAP1|NDUFA13|SYNGR2|DGLUCY|SH3BGR|GCA|ITGAX|GPC1|PILRA|RASGRP1|IL2RG|THEMIS2|PTK2B|MET|FAS|BATF2|ADPRM|IL18BP|TAP2|ZNF490|PSMB10|ENDOG|TIMM10|HIVEP1|IL18RAP|TAPBP|PTCD2|EVL|IL15RA|PDLIM4|RGS12|TNIP1|RCN1
GSE21063_WT_VS_NFATC1_KO_8H_ANTI_IGM_STIM_BCELL_DN	0.970796326960711	1	-0.222887617884098	-0.792632512312079	6448	193	DNASE1L2|POU2F2|LATS2|ZFTRAF1|WASHC1|ATP9B|DHRS1|HLA-DOB|RPS29|DBP|ATP9A|FASTK|RHOT2|DHRS4|TJAP1|TSC1|ZNF329|TRAF2|MIB2|TRMT1|TSEN34|CDK11B|ZBTB7B|RPS23|H2AC25|PCSK7|TTC28|LYSMD1|ARHGEF1|DPH2|PDCD7|C19orf48P|MRPL24|CASC3|DHX30|CCDC137|TPRA1|SUPT6H|NEURL4|SLX9|C15orf39|SPTBN1|RBCK1|ELK4|ZNF280D|DENND4B|AP4B1|RBM5|AMBRA1|DDX54|MPHOSPH8|PSMB3|CBX6|CUX1|MBTPS1|BAG6|HGH1|ZNF142
GSE21063_WT_VS_NFATC1_KO_BCELL_UP	0.967498459642637	1	-0.225253011806003	-0.780364302293603	6280	153	CADM2|STOML1|MELTF|CASTOR1|ECM1|CCS|TSPAN4|TCL1A|TIMP1|C12orf57|CYP2F1|ENTPD1|TBCD|RABL2A|TRIP6|TRAP1|MRPS21|UCP2|PYROXD1|MAP1S|SIGIRR|SAMD9L|USB1|TCF15|EAF2|SH3BGRL3|FKBP14|PRR5|STK32C|TM9SF4|PLBD2|EFNA3
GSE2124_CTRL_VS_LYMPHOTOXIN_BETA_TREATED_MLN_DN	0.993103448275862	1	-0.213311202087725	-0.753617053027168	6623	179	SPIB|ZNF341|COL18A1|PIEZO1|CTU1|APBA3|GORAB|RNF170|JMJD4|IER3|NLRX1|MFSD12|MDFIC|SH3D19|CSRP2|MRPL20-AS1|GPATCH2L|TRABD|LPIN2|ATP13A2|ANKRD13D|DDX31|RBSN|WNT5B|DCUN1D3|ZNF764|SUPT7L|SLC66A1|CCDC51|TEDC2|HOXB4|MANBA|DDX59|ARMCX3|FAM210A|TLCD2|ACADSB|CHMP7|SLC25A26|JUN|CRCP|ANTXR2|BLOC1S5|MAVS|GDA
GSE2128_C57BL6_VS_NOD_CD4CD8_DP_THYMOCYTE_DN	0.668062827225131	1	-0.259994197959769	-0.922976786836752	4465	188	NFKBIZ|METTL27|VMAC|TCN2|RPS21|INAFM1|FAM234B|PLA2G2C|ANKH|LRRIQ3|TEF|PPCDC|IFT140|DENND11|DCAF11|RDH12|PDLIM7|SIAE|RASGRP1|CTDNEP1|GLG1|FAU|ZNF446|FDXR|TMEM18|SUCO|AREL1|LYL1|DGKA|DECR2|ENTPD6|PER1|MBOAT7|RAP1GAP|RTL8C|FASN|CNP|SMYD4|RNF149|NUDT14|TLCD1|NOCT|CLN6|IQSEC1|NUMA1|NINJ1|GNL1
GSE2128_C57BL6_VS_NOD_THYMOCYTE_DN	0.793578676359231	1	-0.249818269923727	-0.877581401833775	5239	172	PIEZO1|ATRN|ABCA7|SELENOM|ACAP1|PNCK|CASQ2|MAP1LC3A|LBP|TRIM46|LONP1|RIGI|CYBA|TXNL4B|PPM1F|ZNF839|P3H1|RGS14|C2CD4B|NAPRT|TRADD|AMHR2|HIC2|SELENBP1|TELO2|ITGB1|FZR1|UQCC3|NOCT|NIBAN2|NUBP2|APEX2|TMUB2|GRAMD4|RWDD4|PYM1|DCUN1D4|SAFB|PDXK|CYC1|FLII|PI4KA|CEMIP2|STK35|ARAP3|RNF19A|TOX4|PRPF8|PDE1A|NBAS|STX16|TMEM50B|RNF213|PHF1|TBC1D22B|GMPPB|PRDM10|PLCB3|SWAP70|GSN|PPP1R14C|TESC|SRPX
GSE21360_NAIVE_VS_SECONDARY_MEMORY_CD8_TCELL_DN	0.782188841201717	1	-0.251897267678585	-0.876350311111191	5102	158	SEMA4D|IRF7|L1CAM|AMDHD2|ADGRE5|PLXNA1|APLP2|SUN2|POR|IFIT2|RAB7B|SLC6A8|TTYH2|LGALS3BP|THEMIS2|STARD3|PTK2B|ENTPD1|MX1|CACNA1A|TRIB3|CHCHD6|IGF2R|UNKL|PDP1|DOT1L|GNS|H2AC25|TAPBP|TSC22D1|OAS3|ANKRD55|PDLIM4|SAMD9L|KLHL21|LMNA|NIBAN2|IL6ST|SAMD8|PARP12|CIPC|MICAL1|S100A6|ZNFX1
GSE21360_NAIVE_VS_SECONDARY_MEMORY_CD8_TCELL_UP	0.691322251029434	1	-0.261088412256382	-0.910950387567841	4532	161	C3|DGAT2|RAPGEF5|SYCE2|PPFIBP2|QSOX1|CXCL1|RTN2|MICALL2|IFITM2|KLF7|IER3|CLCN7|RELT|MIF|NFIL3|BCL3|MET|FAS|SH2B2|ZC3H12A|SEMA4C|GMFG|SPN|SDC4|CEBPB|MALT1|RAB30|FLNB|PRELID1
GSE21360_PRIMARY_VS_QUATERNARY_MEMORY_CD8_TCELL_DN	0.994139744552968	1	-0.212139578314735	-0.753745103293078	6615	191	UBL3|RAB4B|TSC22D3|IRF7|CD37|PRKCZ|DHRS1|LMF2|CCS|RPS29|TNK2|TMEM63A|GPRASP1|AGBL2|TMEM80|RASGRP1|LRCH4|NME3|TRIOBP|NPFF|ZNF302|LTBP3|MZF1|SLC16A5|BRD1|ZNF83
GSE21360_PRIMARY_VS_QUATERNARY_MEMORY_CD8_TCELL_UP	0.663958301395064	1	-0.265890538514758	-0.920771494090886	4330	151	ANPEP|C3|IRF7|GDF15|P2RX4|AMDHD2|ADGRE5|ZC3H12C|IFIT2|PPARG|RIGI|SLC6A8|TTYH2|LGALS3BP|FOS|IL2RG|SERPINE1|MET|ENTPD1|CACNA1A|IFITM3|IKBKG|ASNS|HPGD|SLC7A1|PDP1|RILPL2|DOT1L|GNS|ENGASE|ANKRD55|PDLIM4|SAMD9L|ATP6V0A1|DUSP9|LONRF3|LMNA|IL6ST|NR2F6|MED11|CSTB|ZNFX1|PMP22|LY6E|SCPEP1|TNFAIP2|DNMT3A
GSE21360_PRIMARY_VS_TERTIARY_MEMORY_CD8_TCELL_UP	0.658111961578868	1	-0.260788695817468	-0.926423554032304	4384	190	POU2F2|MAPK13|ENG|EREG|PLA2G15|DGKD|LYPLA2|SGSH|LAGE3|PTGIR|CHD4|SERPINE1|DGCR2|PEX7|NOTCH3|SDR39U1|SLC16A3|ID3|LYL1|THBD|HPCAL1|SFXN3|BAP1|PLEC|RGS19|EXTL3|ACADVL|RGS12|KLHL21|SMARCD2|POLR2J|RUSC1|POLRMT|ACP2|DTX2|HIP1|AP2M1|GNA12|NUDC|CCT7|ARAP1|BRF1|MRPS12|URB2|RHOG|ATOSB|UBAC1|EIF3B|CLPTM1|TLE3|RXRA|USP22|LPL|ACTR1B|EXOSC2|ARF1|MNT|USF2|DOK1|TWF2|CNPPD1|PIK3R1|CSK|CDK4|POP1
GSE21360_SECONDARY_VS_TERTIARY_MEMORY_CD8_TCELL_UP	0.910252509887435	1	0.226735820855652	0.866989379584647	2991	199	FOSB|STEAP1|GLMN|STAP2|RMI1|ACTR3|HAT1|MTX1|VBP1|PRIM1|CCT8|PPP1CC|PSMA4|SMC2|PLAA|PIAS2|MRPL39|POGLUT2|AGPS|TRIM24|EXOSC9|TPRKB|ATP5F1B|INTS12|CPOX|RPE|UTP3|TAF1A|B3GNT2|RFC5|HNRNPK|CS|DNM1L|C1D|GOLT1B|KIF14|GPI|PARK7|TCERG1|GGH|RTCA|GNL3|IDE|RAE1|ALDH1B1|CISD1|MMACHC|MTX2|PNP|EEF1E1|ERCC6L|ALDOA|GOT1|NUP58|SLC25A17|PSMA3|GEMIN2|DYRK3|NCKIPSD
GSE21379_WT_VS_SAP_KO_CD4_TCELL_DN	0.712633451957295	1	0.245690078832998	0.923990997560633	2402	175	SLAMF6|DCK|PARPBP|AKAP5|ATG16L2|SGO2|FOXO1|EIF2AK3|RRM2B|FGF13|TMCC1|NABP1|PBK|EDARADD|MOB4|FCRLA|RRAS2|ATP1B1|PLPP3|SLAMF7|DOK3|RHOA|PDS5B|PCMTD1|HERPUD1|SOCS2|BTBD10|FRG1|QSER1|WDR11|MIS18BP1|PPP1R16B|SECISBP2L|SHB|FRYL|GPD1L|CDKN3|PRR11|NDE1|CHORDC1
GSE21379_WT_VS_SAP_KO_CD4_TCELL_UP	0.975097509750975	1	0.216724784211058	0.815142154152185	3249	177	AJUBA|PRNP|MYOM1|BNIPL|RAD52|STAP2|RAB29|RND2|PTGS1|MEF2C|KHK|SLC44A1|UBASH3A|RAB11A|ASS1|HOMER1|OSTF1|S1PR3|TANC1|TGFBI|NREP|RHOJ|LITAF|GTF2H2|CARD10|TYMS|PIP5K1B|RAPH1|ATG9B|PTPN12|DRAM1|GDE1|MEG3|NMNAT3|SMPDL3B|GPD1L|CYB5B|FAM118B|ASCC1|ZDHHC16|XPNPEP1
GSE21546_ELK1_KO_VS_SAP1A_KO_AND_ELK1_KO_ANTI_CD3_STIM_DP_THYMOCYTES_DN	0.782202111613876	1	0.240120315267934	0.903235783315641	2592	178	NIPSNAP3B|OSGIN1|ZNF367|LRATD1|EXOC5|TMCC1|EGR1|ARL8B|GLE1|KCNJ6|TFB2M|SPRY2|FBXO30|HSPH1|CABLES2|SKIL|MED13|IPMK|EIF2B2|CPEB1-AS1|FIBCD1|CENPU|CDK17|SLC30A1|SRP72|IL10RA|ARL5B|INPP5F|TAF1A|ZNF623|PHLPP2|B4GALT5|SKP1|AZI2|HAPSTR1|OPN3|HSD17B12|RTCA|DDX6|CHORDC1|POLR1B|CORO1C|GRSF1|DNAJB6|UTP25|ACOT13|DENND1B|RBM12|KCMF1|SARAF|PPP1R13L|OGA|DYRK3|CCDC117
GSE21546_ELK1_KO_VS_SAP1A_KO_AND_ELK1_KO_DP_THYMOCYTES_DN	1	1	-0.178493873261953	-0.634080123457765	6662	190	MIR9-1HG|TRIM29|CDC26|NACA4P|CCDC167|SLC29A1|NAA38|DTYMK|STK39|AURKB|RECQL4|TMEM109|DUS3L|DDX23|TJAP1|WDR4|SLC1A5|HPGD|ING5|NOM1|PGP|SIVA1|CHERP|MTCH1|POLA2|COASY|TIMELESS|MCM2|CCNF|HNRNPM|EPB41L2|TOR3A|CTNNBL1|RBCK1|MTFP1|RCC1L|CDC20|TIMM50|NOP56|TTLL12|PHF19|TICRR|COQ4|EIF3B|EMC8|PSRC1|PPAN|CISD3|MRPS34|FUS|MCM8|GGA2|NOTUM|CDCA4|JADE1|SNHG10|GLA|SNRNP25|MALSU1|HMBS|CDCA5|MCM10|CHAF1A
GSE21546_UNSTIM_VS_ANTI_CD3_STIM_DP_THYMOCYTES_DN	0.990422029332535	1	-0.214449170172141	-0.760336238907586	6617	186	TMEM115|SLC39A3|SLC29A1|SYNGR4|NRM|PUS1|TXNL4B|TMEM109|SNHG17|DUS3L|SCARB1|DDX23|TJAP1|DDX39A|PMPCA|CYREN|SNHG3|SLC1A5|PGP|MAP3K3|TUBG1|CLN6|TCHP|TEDC2|TIMELESS|DNMT1|CCNF|ADISSP|SLC25A26|HNRNPM|EFTUD2|POP7|NLE1|TXNRD3|URB2|MTFP1|FXN|ZC3HC1|CDC20|TIMM50|TCF7L2|PHF19|TICRR|H2AX|PSRC1|SLC25A39|CALML4|ANKLE2|PPAN|CISD3|PRKCA|FUS|ANAPC15|SSNA1|SWAP70|SLC11A2|CDCA4|TPX2|TEX10|RNF126|FAM110A|SPC24|GLA|MYO19|SNRNP25|CDCA5|BCS1L
GSE21546_WT_VS_ELK1_KO_ANTI_CD3_STIM_DP_THYMOCYTES_DN	0.968296695080006	1	-0.223254604061242	-0.79165895548963	6474	185	MATN1|CDC26|TMEM115|MUTYH|FGF14-AS2|SLC39A3|CCDC167|SLC29A1|NAA38|DTYMK|STK39|NRM|AURKB|TMEM109|CCDC136|EXOSC5|KLHL32|DDX23|TJAP1|PSMB6|ELOVL1|SLC37A4|IPPK|TUBG1|CHERP|TEDC2|MCM2|DDX51|FANCE|TOR3A|CTNNBL1|NAF1|POP7|PPARGC1B|NLE1|TXNRD3|ASTE1|AP4B1|CDCA8|GPATCH4|PHF19|TICRR|MRPL58|EIF3B|EMC8|DHODH|PSRC1|MCM6
GSE21546_WT_VS_ELK1_KO_ANTI_CD3_STIM_DP_THYMOCYTES_UP	0.904507710557533	1	0.228360499967378	0.85881793506089	3049	175	FOSB|SLC13A4|PLEKHH2|CSTA|EXOC5|EVC|DARS1|EGR1|MRPL42|HSPH1|SVIP|FNTA|PCNP|EIF2B2|C12orf56|LINC01160|SLC5A11|FLACC1|GPNMB|FIBCD1|ARL3|GALNS|DOK3|MCTS1|ARL5B|ZNF623|NRAS|HBS1L|RAB2B|HSPD1|MLLT11|FGD6|AZI2|SNAPC5|TBCK|RTCA|DDX6|CHORDC1|HTATIP2
GSE21546_WT_VS_ELK1_KO_DP_THYMOCYTES_DN	0.647058823529412	1	-0.264061890504162	-0.929293343410121	4289	174	RHBDD3|SMPD1|CYP19A1|SELENOM|ASPHD2|FCSK|SPPL2B|ELMO3|PDLIM2|CTRL|ACAP3|SPSB3|SHLD1|MARVELD3|PFN4|HAGHL|FEZ1|SDF2L1|AURKAIP1|CAMKK1|MATCAP1|DCAF15|CMKLR1|FMO4|SDR42E1|CHD6|MOK|FRA10AC1|CYB561D2|DCTN3|TMEM205|MUL1|H2AC25|CEL|SDHA|ASRGL1
GSE21546_WT_VS_SAP1A_KO_AND_ELK1_KO_ANTI_CD3_STIM_DP_THYMOCYTES_DN	0.956195619561956	1	0.221705834832439	0.833876810404048	3186	177	SLAMF6|DCK|ZFP69|ZNF483|SGO2|TGFBR2|EIF2AK3|TTPAL|RRM2B|NABP1|PDE3B|TOP2A|EDARADD|CCNA2|TSPAN13|FCRLA|RRAS2|ATP1B1|ZNF821|DMTF1|PLPP3|SLAMF7|BMF|RHOA|PDS5B|PCMTD1
GSE21546_WT_VS_SAP1A_KO_AND_ELK1_KO_DP_THYMOCYTES_UP	0.895558223289316	1	0.229427483833063	0.864114156304604	2983	179	C14orf28|TTC21A|MYO3B|CLDN23|IFIH1|CCL5|SNX18|RFFL|CCL4|RAPGEFL1|DCLRE1C|SMAD4|NR4A2|LZTFL1|NAB1|CMPK2|IFIT3|MFSD4A|IBTK|IPMK|HOMER1|LRP2BP|RAP1B|LITAF|ZSCAN29|NFE2L2|METTL14|DNAJA2|RBPJ|KDM3A|FAR1|ABCB1|RIOX2|CYBB|AZI2|TRIM32|BIRC2|IKBKE|CEP170|HSD17B12|TAX1BP1|IQGAP3|DLD|POLR1B|HELZ2|ANKRD33B|ATP11C
GSE21546_WT_VS_SAP1A_KO_ANTI_CD3_STIM_DP_THYMOCYTES_DN	0.999700688416642	1	-0.198520533923723	-0.703860760982785	6679	186	ADAM19|TRIM45|LYST|MINDY1|STK36|SLC52A2|NRDE2|SHLD1|SREBF1|ZC3H6|GRIA3|QRICH1|HCFC1|FBXL19|BATF2|TAP2|TMEM87B|RFX1|WDR24|CPNE1|TAB1|TSPOAP1|ARHGAP1|APBB3|SCYL3|ERAL1|DYNC2I1|KLHL2|ZNF569|SAMD9L|KDM4B|SLC16A9
GSE21546_WT_VS_SAP1A_KO_ANTI_CD3_STIM_DP_THYMOCYTES_UP	0.895502044525216	1	-0.237911428137447	-0.835754105097605	5912	172	BHLHA15|TRIM45|TYROBP|HAPLN2|BCAS1|ADSS1|RETSAT|HEPACAM2|CELSR3|TNK2|MOGS|PPM1F|TBRG4|ACTN2|RIMBP3C|LYG2|EMC4|MYDGF|AREL1|SRM|QTRT1|SLC25A16|B4GALNT1|NOP10|PRTN3|RAB11FIP4|NT5C|ERN1
GSE21546_WT_VS_SAP1A_KO_DP_THYMOCYTES_DN	0.756168359941945	1	0.244150405488253	0.908038532684091	2604	161	EGR3|CFAP69|FITM2|RGS2|LONRF1|SUMF1|ASB9|ENTPD7|PPP6C|TMEM168|CABLES2|DCAF13|BTBD9|CBFB|SH2D5|FSTL4|LETR1|SOS2|TIMM23|LRP12|SBNO1|AHCTF1|ZNF507|TRA2B|TLCD4|TRBC1|CEP78|DCAF4|BCLAF1|ETF1|BMP2K|NEPRO|SIK2|NIPA2|UBE4B|AMFR|SFT2D3|CCNDBP1|RPL5|ZNF473|ZNF318|BTBD7
GSE21546_WT_VS_SAP1A_KO_DP_THYMOCYTES_UP	0.924928966651712	1	-0.232437898052767	-0.821286141001252	6184	178	IRF7|CYLD|LINC01091|WDR25|MT2A|APOL1|PSMB9|TAP1|IFITM1|BTN3A1|IFITM2|IFI35|IFI16|IFIT2|HERC6|RIGI|LGALS3BP|SERPINE1|THEMIS2|SHFL|KEL|MX1|IFITM3|BATF2|TRIM26|ISG15|TAP2|SP110|PHF11|SIDT2|OAS3|ANKRD55|CMTR1|SAMD9L|CDK5RAP1|OGFR|PARP12|IRF9|TRIM56|ANKIB1
GSE21670_IL6_VS_TGFB_AND_IL6_TREATED_CD4_TCELL_DN	0.96723044397463	1	-0.223986985529799	-0.787700768458231	6404	173	SP5|CUBN|TCAP|GDF15|CARF|C17orf99|SRD5A3|PTH2|SEMA3B|SDF2L1|B3GNT4|TPCN1|ZNF446|MAD1L1|TACC3|CDK2AP2|POLR3K|RAB30|CEL|GTSE1|NFKBIB|LAMP1|METTL6|ERP29|TXNDC11|DBN1|ZNF786|TMC8|NCLN|NUP188|DICER1|LTBP1|MCM3|SMARCE1|TP73|MSRB1|PDIA4|EIF4A1|FUZ|CDK5RAP2|SLC15A4|MAOA|MCM6|C7orf50|UBE2S|PIGV
GSE21670_IL6_VS_TGFB_AND_IL6_TREATED_STAT3_KO_CD4_TCELL_DN	0.924471751835756	1	-0.232194463736197	-0.821165274328042	6168	180	ZNF711|HSF4|IRF7|CD37|FCSK|MAPK8IP3|PLOD1|IFI35|DCAF11|PLEKHA1|SPINT2|C3orf80|RAMP1|ISG15|MXD4|IGF2R|KCNN4|DECR2|ZBTB20|TSC22D4|NR4A1|RETREG2|PLD2|PRDM15|ZNF579|MOCS3|PACSIN1|RGL2|AAMDC|RPS27|BLTP2|NOCT|SMURF2|CCDC112|IQSEC1|PITPNM1|TIMM17B|DUSP14|SPTBN1|RELB|TOR3A|GRAMD1A|NARF|CD320|PANK4|EFNA3|HPS4
GSE21670_STAT3_KO_VS_WT_CD4_TCELL_DN	0.88647997591087	1	0.230746724797013	0.871756951548311	2943	183	CXCL8|ZNF101|BATF|ADTRP|SLC9B2|PDK1|CCL2|NCOA3|NABP1|ARID5B|DARS1|HIF1A|TFPI2|KDSR|PPP1R3B|LDHA|PLCL1|TAB2|SCFD2|NDFIP2|ETNK1|NAA15|MKRN1|RPF2|SYNE2|IL32|JAK3|RAB19|NOP58|SFXN4|SOCS2|BCL2|PRMT3|BAZ1A|PCGF5|CDK2|HEATR1|EEIG2|MYC|SFMBT2|IPO5|LINS1|TAF4B|GNL3|XPOT|DDX21|FARSB|POLR1B|BHLHE40|SLC39A8|PAICS|KNOP1|ALDH18A1
GSE21670_STAT3_KO_VS_WT_CD4_TCELL_TGFB_IL6_TREATED_DN	0.922171945701358	1	0.226354361938599	0.85145381882574	3056	178	ITGB7|RGS2|CPVL|CREBL2|BMPR2|ATP6AP2|CAMSAP2|RRM2B|RASSF3|NPL|CTSS|VSIR|ME1|BNIP3L|ZFYVE16|UTRN|SLC44A1|SDCBP|RCBTB2|PMFBP1|SLAMF7|LFNG|TGFBI|GPNMB|LITAF|DUSP10|NFE2L2|CREG1|WIPF1|PDE7A|CPED1|CITED2|CA2|TPP1|ITM2B|PLBD1|IL13RA1|FAM111A|PTPRJ|TMT1A|ASAH1|PARP4|SMC4
GSE21670_STAT3_KO_VS_WT_CD4_TCELL_TGFB_IL6_TREATED_UP	1	1	0.189992641766838	0.726747519759886	3366	195	CFAP221|CD36|CCL5|ZNF658|MFSD14A|RAB29|GLUD1|MOSPD2|ETV3|ABCE1|TFB2M|PSMA4|UBE2N|ZFTA|CBX7|TWF1|ADD3|FBXO3|IPMK|PCNP|IFITM10|PHETA2|MRPL15|EIF4E|RPS27L|ASNSD1|COPS5|FAM91A1|CMTR2|RIOX2|AZI2|CITED2|SACM1L|RAB3GAP2|APC|PPP2R5C|PARK7|LINS1|NEPRO|SLC30A9|CNDP2|TMOD2|WRN|OSBPL3|AVL9
GSE21670_STAT3_KO_VS_WT_CD4_TCELL_TGFB_TREATED_UP	0.9980489269098	1	-0.205508505679981	-0.730046674834298	6649	190	ZSWIM9|MXD3|SLC30A4|SCN5A|GPR68|IQCG|MTG1|TRAIP|PRPF31|SERHL2|IER3|PKN3|PPP1R16A|C19orf67|ZNF839|P3H1|QSOX2|SV2A|USP27X|FAM76A|POLE|SNHG3|SLC7A1|F2R|CARHSP1|ELOVL1|MUL1|OSBPL11|GPAM|RNF149|LRFN4|CAPG|PDK3|COASY|PTGR2|TIMM17B|NOC4L|MCM7
GSE21670_TGFB_VS_IL6_TREATED_STAT3_KO_CD4_TCELL_UP	0.692123390236598	1	-0.258323407733969	-0.914717039364393	4621	182	PDE2A|RPH3AL|NHLRC3|VANGL2|DBNDD2|UVSSA|RPLP2|BCAR1|FGFBP3|TRIO|SH3PXD2A|DYRK2|MIGA2|ZC3H6|DCAF11|LRRC75B|TNFRSF1A|EME2|FASTK|NR1D1|JAG2|TSPAN9|MAP3K12|TSC1|RAMP1|GPATCH3|TRMT1|STON1|SELENBP1|TREML2|RAB40C|TIMM10|MAP3K3|EPHX1|SYT10|TSC22D1|SMIM14|SMURF2|MAN2C1|RNASET2|BCL6B|ITGAE|SEMA4B|ACADSB|BRD2|CSRNP2|PTTG1IP|MYLIP|STIMATE
GSE21670_TGFB_VS_TGFB_AND_IL6_TREATED_CD4_TCELL_DN	0.982815797407296	1	0.214957425717845	0.815507822119814	3259	188	AKTIP|TRAPPC6B|USP25|ACOX3|RASSF3|ZNF518A|GFM2|PNPLA7|CRLF3|ZNF146|TSPAN13|CBX7|ATP1B1|PXYLP1|LFNG|SDS|ICOSLG|RNF125|GALNS|NSUN4|VRK2|TSNAX|RAVER1|AHCTF1|NSA2|HID1|ACTR2|SEPTIN2|CAV2|SERTAD3|ARHGAP5|HNRNPA1|RBM25|RPF1|POLR3F|AP4E1|NUP54|ASB8|STAU1|GTF2H1|EIF4B|SEC61G|SERTAD2|USP28|SPOP|TASOR2|NT5C2|STAMBP|BTF3|GALNT6|PAFAH2|PPP4R3A|WDR43|UBTD1|SMN1|NSD3|ILF2|FTH1|RPA3|ELOVL7|ATIC|KATNAL1|STIM1
GSE21670_TGFB_VS_TGFB_AND_IL6_TREATED_CD4_TCELL_UP	0.882202111613876	1	-0.239378018404956	-0.842425230834001	5848	174	FES|PURG|IAH1|TCN2|SYCE2|FCSK|ATAT1|P2RX4|GRN|RTTN|TRAIP|DBP|AURKB|LRPAP1|SV2A|TRPM1|FRMD6|RFNG|ZNF329|MIB2|TRIP6|DGAT1|LPIN2|STON1|SELENBP1|POLR1C|OXLD1|SLC35D2|PLEKHF1|PRKAB2
GSE21670_TGFB_VS_TGFB_AND_IL6_TREATED_STAT3_KO_CD4_TCELL_DN	0.93642483171279	1	-0.230388018142605	-0.817875146367124	6259	188	FOXD2|LAG3|NHLH1|CYFIP2|FARP1|KLC3|AARSD1|PSMB9|RENBP|TRAIP|PRPF31|NAA38|NLRX1|MEAK7|DPP3|MMRN2|PLEKHG2|KCNK6|POLE|MED10|RFC2|MED24|DHRS3|SLC39A4|CCDC61|INTS11|PPP2R3C|YKT6|XPO6|AKT2|SPATA2|INTS4|APEX2|CAPG|CD81|MANBA|PSD4|PSEN1|OXA1L|ATP6V0B|GCAT|LANCL2|COG2|TRAF5|PIMREG|RNF19A|RMND5B|ATP6V1H|MYO1C|TTF2|H2AZ1|FANCD2|MTMR14|GPR89B|PASK|BAG6|MYO5A|PPP2R1A|RXRA
GSE21670_TGFB_VS_TGFB_AND_IL6_TREATED_STAT3_KO_CD4_TCELL_UP	0.985546522131888	1	0.2126131146428	0.80324850046408	3272	183	CD69|PDK1|FAM53A|CREBL2|TSKS|MBNL2|CMTM6|PDE3B|FAM174A|PIK3CA|ABCE1|ATP1B1|APOL2|DENND6A|SLC38A2|NIPAL1|CDC14B|DPH6|PCCA|TDRD3|KLHDC2|HERPUD1|DBT|DCTN6|FBXL4|BCL2|CARD6|ARHGEF12|PARD6G|CNKSR3|CHD9|DNAJB9|SLF2|ZBTB9|CITED2|LRRC58|TPP1|MAK16|GPD1L|GOLM2|USP12|PRDM2|FYCO1|PAPOLG|DNASE1|ZNF281|UTP25|USP28|TCEANC
GSE21670_UNTREATED_VS_IL6_TREATED_CD4_TCELL_DN	0.991750412479376	1	-0.212693469459787	-0.755084824435176	6611	189	TMEM81|BCL2L12|BSCL2|L1CAM|TLR6|ACAP1|UBA7|RAB33B|EEIG1|ARHGAP4|ARHGAP45|CXXC1|ACVR1B|CYP2S1|RASGRP1|PIK3IP1|DCAF15|OS9|CAMTA1|SIRT7|C19orf38|EPHB6|PCNX3|SLC16A5|GPR146|RNF32|XPC|RGL2|EVL|MEF2D|H2BC18|CLCF1|XYLT2|SMURF2|SAMD8|MRPL24|ENTR1|EDEM3|PITPNM1|ITPR3|CPT1A|POLR3GL|HABP4|GALNT2|ENTREP3|LRRC8A|PSENEN|IRAK2|C15orf61|KDM2A|SLC41A3|SIPA1|USE1|UCKL1|RNPEPL1|VPS13D|KIAA2013|ZNF563|RABGGTA|CAMK2G|ATXN1L|ARHGEF11|TESC
GSE21670_UNTREATED_VS_IL6_TREATED_STAT3_KO_CD4_TCELL_DN	0.95785210739463	1	-0.226170793151201	-0.802930781432511	6385	189	NFKBIZ|IL21R|NDST2|C3|CXCL1|ARID5A|LPCAT3|DYRK2|SREBF1|PHB1|NOP2|MET|IL1B|PCED1B|EXOSC5|BCL6|CTSA|RRP12|TACO1|SRM|CAD|RFC2|TRMT1|SP110|SLC7A1|TRAP1|JUNB|POLR1C|KICS2|ID2|DCTPP1|HNRNPAB|FLOT1|DTNBP1|TMEM65|APBA2|PDIA5|SOCS3|WDR74|NOL6
GSE21670_UNTREATED_VS_IL6_TREATED_STAT3_KO_CD4_TCELL_UP	0.689675870348139	1	0.247691277019655	0.932902786056728	2297	179	DPYSL2|ARRDC3|CD36|LINC00921|CREBL2|CD3G|LGALS3|ATP6AP2|ABCC3|HVCN1|RRM2B|C1orf162|PDE3B|CTSS|VSIR|ME1|UTRN|TOB1|SLC44A1|SDCBP|RCBTB2|CD96|TGFBI|ATL1|NFE2L2|PELI1|CREG1|PYGL|PPFIBP1|MYB|PDE7A|RRM1|DECR1|CYBB|TPP1|PLBD1|IL13RA1|FAM111A|PTPRJ|TMT1A|PARP4|SMC4
GSE21670_UNTREATED_VS_TGFB_IL6_TREATED_CD4_TCELL_UP	0.811519903498191	1	0.236907798219469	0.897833991269002	2690	187	TTK|CLDN23|ZNF367|C3orf52|PLK4|ERI2|KIF18A|ANLN|HEMGN|ZNF518A|DCLRE1C|ROCK2|SCAF8|CEP135|GAS2L3|ECT2|TCF12|NCAPG|MPHOSPH9|LMO7|NEIL3|NUSAP1|SYNE2|CHN2|BACH2|CENPU|TMPO-AS1|SPDL1|SFXN4|POU4F1|WAC|BUB1|CEP57L1|PABIR2|SCLT1|NEK1|SNW1|STMN1|PEX5|CENPI|SNTB2|ZMYM2|AGBL5|NDE1|ZWINT|PSIP1|UBE4B|XPNPEP1|ATAD2|NCAPG2|CENPE|RFC3|CDC25C|TASOR2|CCNB2|CEP192|ERCC6L|BUB1B|GPSM2|DEPDC1|NCKIPSD|WDHD1|KTN1|MELK|CDK19|CCDC93|TCF19|POLQ|FAM83D
GSE21670_UNTREATED_VS_TGFB_TREATED_STAT3_KO_CD4_TCELL_DN	0.652187028657617	1	-0.263385733147162	-0.927281567837213	4323	175	NFKBIZ|SLC26A11|ADAM19|TBC1D1|RAB27B|SEMA4D|DIPK1A|LPAL2|CYLD|RASGRP3|ATXN1|CD84|TSPAN5|NBEAL2|SGSH|FYN|TXNDC16|SPINT2|PCED1B|BCL6|MAP4K1|DUSP4|POLR2E|UNC13D|HPGD|DHRS3|C12orf76
GSE21678_WT_VS_FOXO1_FOXO3_KO_TREG_DN	0.948695136417556	1	0.222190719430299	0.83561463071802	3198	175	NIPSNAP3B|SENP8|C10orf95|ZNF284|ARMCX1|ZNF235|CCDC7|B3GALT4|TMEM143|PARS2|LHPP|AKAP12|ZNF514|NHEJ1|ZFTA|EARS2|KCNK9|LFNG|RUNDC3B|CXCL11|LIN9|PLS1|RPE|BCDIN3D|ZW10|ABCB1|RFESD|ZBTB9|MYC|TRIM32|EEFSEC|STXBP4|IKBKE|GART|DCAF4|MID1
GSE21774_CD62L_POS_CD56_DIM_VS_CD62L_NEG_CD56_DIM_NK_CELL_UP	0.644774328984855	1	-0.2634662096793	-0.929903088819326	4299	177	FOXD2|PAK1|IL11RA|ADSS1|AKAP13|VANGL2|ZNF467|ARID5A|DIAPH2|VILL|TRPM4|GPRASP1|RASGEF1B|TPD52|SLC16A13|NAPSA|ACVR1B|CAMKK1|CDKN2D|ENTPD1|FGD1|PRDM16|MYO1G|IFITM3|LTBP3|CSRP2|DACH1|STING1|SORBS3|PCIF1|HPCAL1|CERS5|SLC35E3|ARHGAP6|TP53I13|BTD|KAZN|SLC16A9|RNF24|NUDT14|NIBAN1|PARP12
GSE21927_BALBC_VS_C57BL6_MONOCYTE_SPLEEN_DN	0.94663167104112	1	0.224281062343996	0.835265657938295	3245	163	PIGB|ANKRD20A11P|MORC1|ZNF417|BBS12|FXYD7|UCN|RAB3A|ANKRD36|NEK9|ZWILCH|LYSMD3|SHQ1|NUP37|AGK|IDH1|ZDHHC6|TRMT10B|EIF2B2|PXYLP1
GSE21927_BALBC_VS_C57BL6_MONOCYTE_TUMOR_UP	1	1	0.18850530615001	0.720804052093107	3286	199	BMAL2|STEAP1|ENOPH1|SLC25A44|PSMC6|VBP1|KIF18A|DNTTIP2|PSMD5|RMDN1|PRIM1|FASTKD1|NOL11|PPP6C|MOB4|PLAA|OLA1|RBM7|INPP4B|PSMG1|FASTKD3|DCAF17|INTS12|CPOX|UTP3|UBE2D3|ACAT1|TRIT1|COX7B|TRAFD1|CHUK|GOLT1B|PFN1|GPI|ARL4A|MRPS33|ANAPC10|PANX1|MTIF2|GNL3|SMC4|ECHDC1|ECD|BHLHE40|SRBD1|CISD1|MED8|RFWD3|PPAT|MAPRE1|ERCC6L|STAMBP
GSE21927_C26GM_VS_4T1_TUMOR_MONOCYTE_BALBC_DN	0.924027735905939	1	0.226094047932632	0.857758060732519	3064	188	PITPNC1|MSL2|CRYL1|CCNG1|TRAPPC8|ATP6AP2|PMS2P3|ANKRD36|FOXN3|PPM1B|PIK3CA|CLK4|LIPT1|AAK1|MXI1|PLEKHF2|TOB1|ADD3|INTS8|RBL2|GCC2|ZNF32|ABR|SYNE1|ATP8A1|BEX3|RNF125|USP47|TAF1|TRIM52|NR2C1|CMPK1|CCSER2|DLG1|ZFC3H1|PIGC|TASOR|WSB1|ABI1|CITED2|TTC3|MAN1A2|TUT4|FRYL|MAPK14|PRR11|EFHC1|NACA|S100PBP|ZFAND6|POLR1B|HLA-F-AS1
GSE21927_SPLEEN_C57BL6_VS_4T1_TUMOR_BALBC_MONOCYTES_DN	0.826178010471204	1	-0.244525063277884	-0.868061514358093	5522	188	IRF7|MT2A|APOL1|IFITM1|GPR176|TNK2|GSDMD|UBA7|DGLUCY|TRIM62|PDE6D|IFITM2|PPCDC|IFI35|IFI16|IFIT2|HERC6|RIGI|SPATA6|LGALS3BP|APOL6|TXNL4B|SHFL|ECE1|MX1|IFITM3|TRIM26|SP100|ISG15|SP110|LPIN2|MICB|PHF11|HMGN2|CNP|OAS3|CMTR1|CCDC85B|TAF1D|MTHFD2L|PARP12|IRF9
GSE21927_SPLEEN_C57BL6_VS_EL4_TUMOR_BALBC_MONOCYTES_DN	0.997872340425532	1	0.202010134503474	0.773257152113124	3282	200	ITGB3BP|KIF18A|RARS1|MTREX|DNTTIP2|IL18R1|UBA5|EIF4G2|PRIM1|MOB4|MMADHC|UTP18|ZWILCH|RAB11A|NEIL3|HK2|SERPINE2|EGR2|PSMG1|FASTKD3|MORF4L2|CASP3|KIF15|MRPS30|EIF3J|CFAP20|CHUK|RNF25|IPO5|CLPX|NUP88|ANAPC10|GNL2|SMC4|HPF1|ATAD2|DDX21|DLD|ECD|BHLHE40|CISD1|GRSF1|HSPA9|DKC1|PPAT|ALDOA|HSBP1|NSMCE4A|SNRNP40|MRPS2|PSAT1|MED20|FKBP4|GINS3|HSPA8|MNAT1|RWDD2B|WARS1|R3HDM1|NXT1|CALU|PMAIP1|CSNK2A1|THOC5|CCND2|FANCL|AATF
GSE21927_SPLEEN_VS_4T1_TUMOR_MONOCYTE_BALBC_DN	0.987937628714328	1	0.212258953697757	0.796457078341638	3357	172	SLC35A3|H4C5|GPRC5D-AS1|KCNRG|UBAP1L|H2AC17|PPT1|BCAP29|GFM2|CCNB1|DDX10|WASHC4|TWF1|ABCB10|NUP37|ETFA|PSMG1|TMPO-AS1|ACSL1|GTF2E1|TSN|SCIN|CRY1|CASP3|CHSY1|ACAT1|ARRDC4|CEP152|C8orf88|GART|NEMP1|FARSB|PSMC5|STX17|CENPE|SUCLG2|ATM|NDC1|LYSMD2|DENND1B|GFM1|SSX2IP|CCDC117|DNAJC3|FEN1|GTF3C6|XPNPEP3|PRPF38B|PGBD5|SETD6|JDP2|UMAD1|XPO4|RABGGTB|XRCC5|SSU72|UBR7|POLE2|DNAJC2|MCMBP|CARNMT1|IMP3|SLC5A6|AIRIM|MTFR2|PC|HNRNPD|RWDD1|SERBP1
GSE21927_SPLEEN_VS_4T1_TUMOR_MONOCYTE_BALBC_UP	0.82471840765314	1	-0.248170850750491	-0.860819686771068	5344	155	FOXD2|MAML3|CTBP2|IFI30|S1PR5|TMEM9|CHST12|TMEM144|RNASEH2C|SNX30|PKD2L2|RRBP1|NDUFS7|SP2-AS1|MAPK7|CRYM|TMEM161A|BRSK1|ATOX1|GRHPR|RILPL2|OXLD1|H2BC12|METTL26|TMEM147|ANAPC2|ADGRL1|DBN1|QTRT2|ZBED10P|CCHCR1|CKB|TEAD3|PRR5|DNMT3A|TSEN54
GSE21927_SPLEEN_VS_BONE_MARROW_MONOCYTE_BALBC_UP	0.707255048616305	1	-0.256699099377652	-0.908685799152718	4727	181	SLC26A11|ARK2C|FAM171A1|CYFIP2|RAP1GAP2|CREBRF|CHAC1|MAGEH1|PHYHIP|NALF1|KIAA0753|RTN2|KATNIP|NICOL1|IFI16|MAST1|ATP1A3|SRCIN1|SVOP|DCHS1|TMTC2|PTK2B|USP20|MZF1|ACP6|BRSK1|PSAP|IGF2R|EID2B|PALM|PLD2|HIVEP1
GSE21927_SPLEEN_VS_C26GM_TUMOR_MONOCYTE_BALBC_UP	0.763534536403236	1	-0.256482364379504	-0.87826566871269	4907	138	ATP2B1-AS1|NHLH1|ANO8|CUBN|RASGRP3|PAXIP1-AS2|CD84|PPM1N|SYNE3|LYPLA2|GIGYF1|SLC7A7|KRT73|LIAT1|SRR|LBX2-AS1|IL18BP|KCNE5|DUSP13B|RNF181|TSKU|PPP1R3F|P4HA2|BTD|ITGA5|GRIN2D|LNP1|CCNO|SEMA4B
GSE21927_SPLEEN_VS_TUMOR_MONOCYTE_BALBC_UP	0.977794911333847	1	-0.22185094379501	-0.765751855466719	6340	147	NFKBIZ|SLC25A5-AS1|KISS1R|ANAPC11|RAB38|KCNH4|ADGRE5|ZC3H12C|EMX2OS|SH3BP5-AS1|LSR|TPCN1|ADAMTSL4-AS2|AXIN2|RPS6KL1|EMC4|TMEM87B|MTFMT|SLC2A3|NFE2L1|RILPL2|GRK6|KAZN|FAM177A1|CDK5RAP1|IFNGR1|EDRF1|ITGAE|DCPS|ACADSB
GSE21927_SPLENIC_C26GM_TUMOROUS_VS_BONE_MARROW_MONOCYTES_DN	0.980306674684305	1	-0.219850852458002	-0.775099329919274	6520	176	TMEM238|NOTCH2NLA|CNTNAP3B|COPS9|ANAPC11|MRM2|PDLIM2|CARF|NDUFA3|LINC00173|TNFRSF21|SLC7A7|DENND2C|PALD1|AHCYL2|NDUFA11|NOP2|NFIL3|ARHGAP26|SEC61B|PLEKHG2|HERC2|ISG15|TMEM87B|SGK1|NOS3|KLHDC4|DDX31|NENF|CRELD1|CYBC1|KLHL21|XYLT2|SUPT7L
GSE21927_SPLENIC_VS_TUMOR_MONOCYTES_FROM_C26GM_TUMOROUS_MICE_BALBC_DN	0.949820788530466	1	0.222478628807761	0.847840362389573	3179	192	HSPBAP1|CRYL1|CREBL2|INSIG2|LEMD3|CCNG1|DET1|ATP6AP2|ANKRD49|ALG13|FOXN3|BNIP3L|FOXJ3|ERBIN|PIK3CA|CLK4|ZNF337|LIPT1|BLTP1|TOB1|ADD3|CLK1|INTS8|RBL2|GCC2|CD96|TXK|ZNF586|VWA5A|CERT1|TAF1|TRIM52|CMPK1|AZU1|CPNE3|S100A10|BACH1|WSB1|ABI1|CMC4|AFTPH|MON2|CITED2|ZC3H11A|ZNF266|MAN1A2|WIPF2|FRYL|SPG11|EFHC1|S100PBP|NCOR1|ZFAND6|MYCBP2
GSE21927_SPLENIC_VS_TUMOR_MONOCYTES_FROM_C26GM_TUMOROUS_MICE_BALBC_UP	0.884323832625834	1	-0.239336661234058	-0.839006385301626	5832	169	PBX4|A1BG|SAMD11|SPPL2B|FGF14-AS2|ZFPL1|IFITM2|ZNF252P-AS1|ANXA2R|CYBA|NUDT16|ST6GALNAC6|HSPB1|CYP2F1|SDR39U1|MEAK7|TRPC1|PET100|LZTS2|SLC16A3|ID3|FILIP1L|ITGB5|CD151|REXO1|GALE|LYSMD1|TUBG1|ZNF251|TMEM102|GABPB1-AS1|NNMT|PSMB4|HOXB8
GSE21927_UNTREATED_VS_GMCSF_GCSF_TREATED_BONE_MARROW_DN	0.930997876857749	1	-0.23236981929875	-0.814410347606073	6138	168	FOXD2|RAP1GAP2|CREBRF|MGAT4A|EXT1|MAGEH1|LILRA2|AKNAD1|TFPT|TNFRSF21|SH3PXD2A|PTH2|CIAO2B|CFD|STK39|SH2D3C|CRYM|EXOSC5|SLC43A1|POLD1|FILIP1L|TXNDC15|PAX8-AS1|ZBTB10|TSPOAP1|RCBTB1|SZRD1|FAM118A|KLHL2|ID2|MTHFD2L|ADGRL1|ADD1|PARP1|CHCHD1|HIP1|GXYLT1|F12
GSE2197_CPG_DNA_VS_UNTREATED_IN_DC_DN	0.913725490196078	1	0.22761177450517	0.86152219939176	3028	185	BICDL1|MAP3K10|POC1B|ENOPH1|STRADB|BTBD1|PDIK1L|ZNF436|HS2ST1|ANLN|EEF1AKMT1|TRUB1|FASTKD1|DUSP22|ABCD3|ZNF274|RHOBTB1|SCCPDH|ABCB10|RBL2|AP5B1|GPR183|GNG10|TPRKB|ASNSD1|PPA2|CEP44|TIPIN|GRK5|CMPK1|TSNAX|RFC5|ANKRD46|WDR11|FZD4|IFTAP|PABIR2|BORA|ATPAF1|TTC33|MGST1|AIMP1|OPN3|ABCB7|PIGX|POLR3F|ERCC5
GSE2197_IMMUNOSUPPRESSIVE_DNA_VS_UNTREATED_IN_DC_UP	0.999095022624434	1	-0.201443300250521	-0.708924402684395	6623	174	ANPEP|FOXD1|TEX14|SNN|SLC12A9|ARID5A|GSDMD|GALNT14|ICAM1|CCND1|DBR1|MAFK|MZF1|SLC43A1|CSNK1D|TRAF2|LPIN2|JUNB|UBR4|ACAA1|TSC22D1|TANK|NIBAN1|TENT4A|IRF9|ANKIB1|TMEM184B|PAFAH1B1|SOCS3|GNL1|TIMELESS|LY6E|UPP1|TNFAIP2|CEMIP2|LARP1|CREB5|HMGA1|ARB2A|IRAK2|DDX24|SOCS7|DAAM1|PIGV|POLR2G|PCYT1A|GMPPB|ANXA4
GSE2197_IMMUNOSUPPRESSIVE_DNA_VS_UNTREATEDIN_DC_DN	0.995502248875562	1	0.207060398319471	0.78674667797832	3319	189	TM6SF1|LONRF1|STRADB|PDIK1L|DUSP19|ETFRF1|STARD9|CNIH1|KLF10|NFYA|GULP1|CCNA2|ABCD3|IPO7|NBR1|LRP6|DNA2|CAPN2|NCBP2|NKRF|POGLUT2|RANBP9|ACOT11|CCN5|TRIM24|MCTS1|TPRKB|TIPIN|ZNF799|SBNO1|FZD4|BORA|TTC33|MEGF9|TIAM2|GART|IPO5|AKT1S1|OPN3|ABCB7|METTL5|TEAD1|WEE1|TRIM59|ESCO2|MED8|ZZZ3|CAST|CUL4A|WDR3|CDK8|TRIM47|EED|GAB1|HROB|TFIP11|NTPCR|TGFBRAP1|RAD17|KCTD15|ASPM|POU2F1|ZDHHC9
GSE22025_TGFB1_VS_TGFB1_AND_PROGESTERONE_TREATED_CD4_TCELL_DN	0.782825322391559	1	0.240699263151451	0.901312080922613	2670	170	STK38L|CD44|BMPR2|PGAP4|DNAJC6|ABCC3|CAMSAP2|ONECUT2|PICK1|DSCR4|HS2ST1|PPM1B|UAP1|NR4A2|PPIP5K1|ATP1B1|VAV1|REEP2|HTR2C|GJC1|GATA6|CDK17|HBEGF|ACSL1|ZW10|REL|PHLPP2
GSE22025_UNTREATED_VS_PROGESTERONE_TREATED_CD4_TCELL_DN	0.873349339735894	1	0.231851788435198	0.87324504110925	2909	179	BATF|CREBL2|BMPR2|SCG2|ALG13|GNAQ|GGPS1|DLC1|YES1|RANBP2|SOSTDC1|UAP1|ABCD3|LYPLA1|YWHAQ|CBFB|ABLIM3|HESX1|GFI1|GPR183|RSAD2|F5|S1PR1|XCL1|ELL2|EIF4E|INSIG1|CALM2|RAB5A|FBXL4|HBEGF|ACSL1|IL10RA|PHLPP2|TARS1|EIF2S1|MINPP1|CD47|PPP1R16B|ANXA1|CLNS1A
GSE22025_UNTREATED_VS_TGFB1_TREATED_CD4_TCELL_UP	0.832044868879794	1	-0.245654823631819	-0.862200471371646	5488	171	ADAM19|TP53I11|FARP1|PBX3|S100P|FZD7|EXT1|CELSR3|DIAPH2|NDUFA2|APOE|SLC3A2|ETFB|DYRK2|SERPINE1|SPINT2|MET|AMPD2|DDO|RRP12|DDX39A|PIN1|RPP14|UQCRQ|SLC4A2|IGSF3
GSE22033_UNTREATED_VS_MRL24_TREATED_MEF_UP	0.802825368199579	1	-0.24691509271305	-0.877760997551679	5341	192	IL21R|EMILIN1|S1PR5|TIMP3|MAGEH1|TIMM8B|ITPA|CYP4F2|STK39|PUS1|GAS2L1|RBM38|FGD1|MZT2B|GGCX|POLR2E|SNHG20|ACSBG1|STOML2|STRADA|DEAF1|IQSEC2|RAD54L|PYCR1|PINLYP|H2BC12|PRPF19|DNAL4|SYMPK|KAZN|TK2|DCTPP1|NFE2|MRPL24|TRAF3IP2|CCDC51|PRMT1|MRPL17|AP1S1|BCL2L1|SRF|SCPEP1|MCM7|CSTPP1|ATP5MC1|ELK4|RSAD1|NLE1|H6PD|PACSIN2|DHCR24|CDCA8|MLF2|CDC42BPB|CTPS2|SLC25A22|BIRC5|RPL26L1|TMEM39B|PPFIA3|ATP5MC3|AHSA1|PCTP|TIMM13|FNBP1|C1orf216|TPX2|CAMK2G|TRAF4|AGFG2|NHP2
GSE22033_UNTREATED_VS_ROSIGLITAZONE_TREATED_MEF_UP	0.707788347205708	1	0.242871883738309	0.927899696807994	2380	194	PCYOX1L|IL10RB|CKS2|CNOT8|CORO1A|TBCA|PRIM1|MOB4|NEK9|PEX1|ORC4|MRTFB|ALG6|NHEJ1|TMED2|TJP2|OLA1|PGRMC2|NUP37|RAB11A|NEIL3|ESD|SEC22A|SNRPN|CARD9|MGMT|DOK3|MICALL1|TCEAL9|VDAC1|PSMG2|FAM200C|CSRP1|ADK|VIPAS39|ACTL6A|SCAMP1|SSR1|ZMYM6|RRM1|CMAS|GDE1|DCP2|SACM1L|GTF3A|INPP5B|MPHOSPH10|NACA|CEP76|TIMM17A|SLC35A1
GSE22033_WT_VS_PPARG_KO_MEF_UP	0.982232346241458	1	-0.219869795654697	-0.769873299650629	6467	167	RPH3AL|VWA7|DIPK1A|ELMO3|FAAP100|KIAA0753|NXF1|JMJD4|SLC22A13|HSF2BP|LAMB3|RPL13A|SPG7|NPAS1|TSPAN9|DDT|HMGXB3|PPP6R2|FGFR3|SLC4A2|SMG6|CPNE7|BRPF1|NOL3|FBXL6|SLC5A3|TNIP1|ZNF205|CEP170B|ZBTB39|OGFR|MYCL|HOXB8
GSE22103_LPS_VS_GMCSF_AND_IFNG_STIM_NEUTROPHIL_DN	0.742831541218638	1	0.241096206756697	0.91878980198128	2486	192	ZNF841|EXO5|PEX12|UBTD2|ABTB1|ARID2|MBNL2|SLC25A46|VPS54|IL18R1|FOXN3|PPP6C|DCTN4|KIF3C|RNF103|ROCK2|CAPN2|TJP2|WSB2|CCP110|SLK|NFAT5|TNKS2|DSEL|BACH2|ELL2|C5orf22|BMF|RAP1B|LITAF|DYRK1A|GOLGA4|CERT1|MTRR|PPFIBP1|METTL4|TOR1B|KMT2E|ZNF217|UBQLN1|ATP13A3|TTLL4|ZNF236|ADORA2B|AMFR|MORF4L1|GABARAPL1|MARS2|MED8|DCAF12|THUMPD1|CCDC66|ANO6|ZNF407|TANC2|FKBP1A|KPNA4|SLC25A33|IMMT|VPS13C|GOLGA5|TRAK1|SLAIN2|CDK13|HARS2|ATMIN|NXT1|RC3H2|ZNF655|CTDSP2|TMEM9B|C8orf33|NAA20|PPP4R1|CTNNA1
GSE22103_UNSTIM_VS_LPS_STIM_NEUTROPHIL_UP	0.969534050179212	1	0.219119999310918	0.835041013234127	3245	192	ZNF841|OSGIN1|CD40|GNA13|ZKSCAN8|RNF11|WDR75|PDGFB|AMZ2|PHLDA1|FOXJ3|MMADHC|IPO7|NUP35|SKIL|TRIB1|SEC22A|SH3PXD2B|LFNG|PTX3|NFE2L2|EIF1B|TAF1A|PRELID3B|HBS1L|PRMT6|NIP7|RIOX2|ZBTB21|ANXA5|PPP1R16B|NRF1|PPP2CA|CCDC90B|FANCF|ARCN1|PRDM2|INTS6|BRWD1|NSMCE3|MORF4L1|ATF1|MAP2K4|OTUD4|PTPN9|THUMPD1|KIF2A|OPTN|BAG5|CRK|ANAPC4|ZNF282|PPP1R15B|RHOC|NOL10|VASP|CDK13|NAA16|AQR|SECISBP2|TUBB6|TRMT61A|YEATS4|IWS1|C8orf33
GSE22140_HEALTHY_VS_ARTHRITIC_GERMFREE_MOUSE_CD4_TCELL_UP	0.999698340874811	1	0.186687094599819	0.706620194352206	3313	185	AIM2|PIGB|MYO1F|CD40|TNFRSF14|CCL5|ITGB3BP|CLIC2|GGPS1|C2|FCER1G|SYT11|C5orf22|VWA5A|INPP5F|TLR5|RDH11|HMGN4|PRMT3|PTP4A2|SNX19|FH|NPAT|PIK3CG|IKBKE|PLAAT4|MAPK14|XPOT|MRTFA|XPNPEP1|RYK|PSMC5|CENPS
GSE22432_CONVENTIONAL_CDC_VS_PLASMACYTOID_PDC_DN	0.94122057279952	1	-0.229129812825272	-0.808712893187211	6276	177	STOML1|GKAP1|C5|ZFPL1|TAP1|NUDT18|HERC6|RRBP1|LGALS3BP|DCAF15|ZNF446|ELMOD3|FLYWCH1|PGS1|TRAF2|MED10|TAP2|FOXRED1|STXBP2|ABHD12|STX5|RAB40C|PPP2R3C|IQSEC2|PER1|VPS11|TAPBP|SLC35F6|CNP|IL15RA|KDM4B|IL17RC|TTC12|CDC34|NBDY|PEDS1|LY6E|BAIAP2|DNMT3A|TOR3A|CDKN1A|SURF1|LEMD2|STK32C|RNF31|CDK5RAP2|EFCAB2|ZNF18|DMAC2|CLN8|UCKL1|B2M|DXO|COG4|GAB2|MKNK2|ZPR1|HBP1|DCTN2|GLA|GTPBP2|ATG2A|URGCP|IFT22
GSE22432_CONVENTIONAL_CDC_VS_PLASMACYTOID_PDC_UP	0.900784077201448	1	0.229058197343602	0.8680855467804	2986	187	UBTD2|CENPQ|DNAJC24|FGF13|DARS1|ANGPTL4|TBC1D2B|PHLDA1|KIF20B|MYCBP|GLE1|MSH2|UTP18|PTGES3|ZFAND1|UBE2N|DDHD2|HPRT1|NUP37|TCP1|USP14|COPS3|RPS27L|RAP1A|RRP15|EIF5A2|MORF4L2|PANK1|PSMG2|PPA2|TIPIN|PHTF2|ZMAT3|CCT4|NNT|NIP7|VRK1|HEATR1|PAK1IP1|SUCLG1|PIGX|HMGCS1|NCS1|NPEPL1|ATAD5|BUB3|EIF4B|SUCLG2|DIMT1|PPAT|NDUFAF2|TMX4|EEF1E1|KIF2A|KNTC1|KYAT3|TOP2B|TPGS2|SLC25A17|MAP4K5|KIF23|FKBP4
GSE22432_MULTIPOTENT_PROGENITOR_VS_CDC_UP	0.661678403755869	1	0.250418677873976	0.93580951260094	2254	168	ASAH2|DEPP1|IFIH1|EFCAB12|MX2|IL12RB2|HERC3|PIEZO2|SPAG6|USP25|AMN1|ARID5B|RAB29|KLHL24|ADPRHL1|NPR2|WASHC4|RNF115|PER2|SNRPN|DDHD1|SLC26A4|SPINK4|MPP2|WNT2B|DCAKD|TENT5A|PDE11A|RPE|ACSL1|PELI1|ENDOD1|MIR99AHG|BFAR|TRAFD1|TPST1|DOC2A|PLCB1|ARFGEF1|ADGRV1|PLAAT3|HLTF|ALDH1B1|TFG
GSE22432_MULTIPOTENT_PROGENITOR_VS_PDC_UP	0.940894089408941	1	0.224563516644206	0.844625082302924	3135	177	ZC2HC1A|ASAH2|IFIH1|MX2|TBC1D10C|CREBL2|ARID5B|RAB29|NUDT13|FAM174A|DCLRE1C|ADIPOR1|RNF115|CMPK2|RAB11A|AP3S1|SPINK4|CHIC1|RSAD2|TOX|DOK3|DUSP10|TSTD2|NSUN4|ACSL1|XKR8|EXOC6|ENDOD1|CRIPT|GOLPH3L|TRIT1|TRAFD1
GSE22432_MULTIPOTENT_VS_COMMON_DC_PROGENITOR_DN	0.927165932452276	1	0.226189474579784	0.847987283518456	3156	171	PTPN6|SLAMF6|EFCAB12|IL12RB2|CRYL1|TET3|ACOX3|TMEM51|AMN1|HIF1A|NUDT13|ADPRH|PSMA4|TSPAN13|ARMCX6|MFSD1|PER2|HOMER1|NUAK2|RAB19|USP8|RBM43|RPE|B4GALT5|CASP3|CPNE3|ABCB1|BFAR|HMGN3|LMBRD1|MINPP1|LYRM1|SNRNP35|SMPDL3B|DDX6|HLTF|TAX1BP1|TFG|STX8|ZNF473|PNMA8A|ATF3|R3HCC1L
GSE22432_MULTIPOTENT_VS_COMMON_DC_PROGENITOR_UNTREATED_DN	0.885680261982733	1	0.229139822327601	0.874241430664526	2974	193	C5orf15|POGLUT1|PDIK1L|DARS1|RSL24D1|KDSR|YES1|NOL11|HYCC1|SEH1L|DDX10|NUP107|METAP2|ATL3|PIAS2|CBFB|UTP11|SLC19A2|ORC2|MRPL15|CHAC2|EIF4E|MORF4L2|OSGIN2|PSMG2|ACER3|DNAJA2|SNRPB2|DBF4|MYB|CCT4|TFE3|CMTR2|BFAR|NIP7|BACH1|RIOX2|UTP15|SUB1|ZC3H15|RSL1D1|PCNA|JAGN1|MRGBP|BZW2|RIPK2|FDFT1|POLR3G|OTUD4|UTP25|ZZZ3|IDI1|PPAT|MSMO1|BAG5|RRN3|AZIN1|PRKX|NFX1
GSE22432_PDC_VS_TGFB1_TREATEDCOMMON_DC_PROGENITOR_UP	0.971979511901175	1	0.217288851458358	0.830418845138859	3225	196	GLMN|MEMO1|ARL5A|ARHGAP23|PARS2|RFC4|NPM1|RAB23|LIPT1|PTGES3|NUP35|NUP107|SNAI3|NAA15|ETFA|POGLUT2|MRPS6|SAR1B|QNG1|EIF4E|CAPRIN1|MED17|RAP1A|EIF5A2|TMED7|ARV1|PPA2|NUP205|HBS1L|TRA2B|CUL2|CMTR2|ZNF566|DHX15|PWWP2A|ATF2|SUB1|CLPX|P4HA1|CCDC90B|GGH|ADO|ZC3H15|RSL1D1|SUCLA2|PCNA|MPHOSPH6|NUP155|ECHDC1|ATP6V1B2|MAP2K4|MED8|MTX2|UTP25|PAICS|DPP9|PPAT|TRMT10C|BLMH|BTG3
GSE22432_UNTREATED_VS_TGFB1_TREATED_COMMON_DC_PROGENITOR_DN	0.873764600179695	1	-0.23983416021303	-0.849247053888491	5834	182	FES|POU2F2|IAH1|MGAT4A|CCPG1|ABCA7|PHYHD1|FCSK|TMEM9|MAPK11|SH3PXD2A|PPCDC|DENND1C|CIB1|RDH12|NUDT16|RECQL5|IFT27|GLG1|AURKB|HIGD2A|BCL9L|GBP2|PNKP|CSRP2|HERC2|STING1|FANCA|UNC13D|TAP2|PSMB10|TREML2|SDHAF2|FERMT3|HIP1R|ARHGAP6|SDHA|SIGIRR|RNF145|CKLF|SRGAP2|CD81|PRR14|ECH1|NAT1|ACADSB|ASB1|DEXI
GSE22443_IL2_VS_IL12_TREATED_ACT_CD8_TCELL_DN	0.937349397590361	1	0.224271832785372	0.849690714613785	3111	186	CD83|MX2|RYR1|LGALS3|GLI1|DCLRE1A|ST3GAL5|CKS2|MNS1|ANGPTL4|ADPRH|PDGFB|PRIM1|FCRLA|XPO7|TCP1|GNG10|CNOT3|ADK|COPS5|LCP1|TSN|FRG1|VIPAS39|CACUL1|NNT|RRM1|FH|CDK2|RPUSD4|RFC1|CWC15|RACGAP1|WAS|NCBP1|CAPZB|CHRAC1|ASAH1|HMBOX1|UGT8|AHCY|CDC25C|RAD51AP1|KCMF1|NUDT9|SFPQ|NAA35|MRPL33|KDM1A|NTPCR|BCL2L11|ATP7A|FEN1|NCAPH|MACROH2A1|TCF19|PRKCD|VPS26B|FANCM|PRKCB|NAGA|LDAH|ARHGDIA
GSE22589_HEALTHY_VS_HIV_AND_SIV_INFECTED_DC_UP	0.713988713988714	1	0.242407709048816	0.927242232560254	2403	195	PRKCH|ZBTB22|DNAJC24|STT3B|FGF13|SOCS6|STRAP|JKAMP|ANGPTL4|PRIM1|KIF20B|SCFD2|MYCBP|CCNA2|GLE1|TFB2M|FAM199X|GNPAT|HIBCH|SVIP|RBMX|IPMK|PXYLP1|PHETA2|TYMS|SUPV3L1|PHTF2|MRPS35|FAM91A1|SNRPB2|TARS1|SLC36A4|VMP1|THOC7|CLNS1A|IDH3A|PPWD1|TAF9|ATP13A3|TTLL4|FANCF|NGLY1|MPHOSPH10|BRWD1|GARS1|NPEPL1|TRIM3|BUB3|CISD1|MMACHC|THUMPD1|IDI1|ZC3H8|INTS7|ALDH18A1|NDUFAF2|ALYREF|DEGS1|HLCS|PHF10|KNTC1|CWF19L1|RRN3
GSE22589_HEALTHY_VS_SIV_INFECTED_DC_DN	0.925176056338028	1	0.226755012105644	0.84737887429145	3152	168	SLAMF6|ASAH2|MX2|IL12RB2|CRYL1|HLA-B|HAT1|ZNF687|RAB29|NUDT13|MARCHF5|PFKFB3|GULP1|AKAP12|WASHC4|ZFYVE26|MFSD1|DDHD1|DRAM2|DLK2|WNT2B|DCAKD|RPE|ACSL1|FXR1|CASP3|ENDOD1|CPNE3|BFAR|PPM1K|TRAFD1|LMBRD1|MINPP1
GSE22589_HIV_VS_HIV_AND_SIV_INFECTED_DC_DN	0.997748761819	1	-0.206183531334699	-0.732444630252367	6647	190	TSGA10|CCPG1|CELSR3|CTU1|FAM193B|ATF6B|SPSB3|POR|ARHGAP45|CEP250|ZNF229|PPIE|NLRX1|CMKLR1|LRRC45|MAP7D1|TSFM|CAPN15|TTC4|WDR24|SNX8|PPOX|RGS19|WIZ|PPP1R18|NISCH|SLC35F6|KLF13|GPAM|ZNF569|HMG20B|HSD17B1|HELLS|CEP170B|SYS1|C19orf48P|DNMT1|MED16|ALDH6A1|TAF6|GXYLT1|DOLK|EXOC2|EBP|GCN1|PPARGC1B|EHHADH|GTF2IRD1|MAST3|FHOD1|ATP6V1H|MRPS26|SEC11C
GSE22589_HIV_VS_HIV_AND_SIV_INFECTED_DC_UP	0.793436859068268	1	0.240656975243536	0.896851069027647	2707	165	ENKUR|PIGA|CD69|EXO5|RAD54B|CD70|DUSP19|HIF1A|STXBP3|MTREX|CCRL2|PGGT1B|EGR1|MOB4|CD80|CRLF3|RBM41|SLC38A2|CSRP3|ARMH4|USP47|CDK17|PCMTD1|ARV1|SAMSN1|FXR1|CRIPT|KCTD9|FGD6|TOGARAM1|MTF2|BNIP2|CCR10|TMOD2|RAB1A|LTV1|DNASE1|VTA1
GSE22601_CD4_SINGLE_POSITIVE_VS_CD8_SINGLE_POSITIVE_THYMOCYTE_DN	0.999698431845597	1	0.197393832493041	0.748083827594947	3314	187	SLAMF6|KCTD12|FAM53A|TRAPPC8|SNX33|CD164|VPS54|EGR1|CLK4|C5orf34|RIMOC1|TAB2|RSRC2|NEMF|C18orf32|DMTF1|JAK3|EHD3|RAB19|MYO6|YWHAZ|IFT57|SQOR|LAMTOR3|RFK|ZFC3H1|PRKD3|BACH1|AKIRIN1|TENT4B|LMBRD1|CMAS|PFN1|UPF2|USP12|PAPOLG|SEC63|HELZ2|TRAM1|CISD1|BCCIP|ZYG11B|UTP25|SENP7|DOCK2|GDAP2|INPP1|GATD3|SLC36A1|WDR43|DPH5|SLC25A33|SNRK
GSE22601_DOUBLE_NEGATIVE_VS_CD4_SINGLE_POSITIVE_THYMOCYTE_DN	0.946412622804406	1	0.222847488739345	0.85023417316325	3178	193	AJUBA|NUS1|FOXO1|SLC49A4|UQCRB|TCF7|TMEM64|CLDND1|DNAH8|HIF1A|VPS54|VSIR|LDHA|HSPH1|CAPN2|SNAPC1|NAA15|CRNKL1|PPP1R12A|KPNA2|MTCH2|SLC39A1|PSMD6|TMEM176A|TNS4|GNPDA2|HYPK|PDE12|PPA1|IRAK4|VWA5A|CMPK1|CUL2|SEMA4A|BAZ1A|DNAJB11|AKIRIN1|AP4S1|ATP2A2|MYC|PFN1|SEMA7A|PPP4R3B|INPP5B|NUFIP2|CNDP2|MRS2|RAB1A|IDE|YWHAH|TIPARP|PSMC5|ETV6|BCCIP|FUBP1|GDAP2|RBM12|MCL1|AFP|SLC35B1|PSMA3|EED|PARP14|TOP1
GSE22601_DOUBLE_NEGATIVE_VS_CD4_SINGLE_POSITIVE_THYMOCYTE_UP	0.903434769508888	1	-0.235684404983165	-0.83831895646448	5996	194	IGF1R|TMCO4|TSC22D3|RCAN3|SYTL1|ITGA4|ATXN1|TAP1|GPR68|TECR|DGKD|DBP|ELL3|NSG2|DENND11|CYBA|AQP11|PIK3IP1|RHOF|RBM38|AKT3|ENTPD1|C3orf80|SLC25A45|SCARB1|FRMD8|MXD4|FILIP1L|EWSR1|IGF2R|RNF181|B9D2|SLC2A3|SFXN3|RHOB|HDAC7|TAPBP|GRINA|VARS1|HDAC5
GSE22601_DOUBLE_NEGATIVE_VS_DOUBLE_POSITIVE_THYMOCYTE_DN	0.999700688416642	1	-0.198683411468849	-0.704438248412387	6679	186	TBC1D1|PDE2A|IAH1|CREBRF|RHOBTB2|HLX|LPCAT3|DIAPH2|PPM1J|UBA7|TRPM4|CRYBG1|CIB1|AGER|CDKN2D|TBRG4|AKAP8L|PLEKHG2|SRM|DGKA|ALG3|TRPC4AP|TIMM10|CEBPB|UNC45A|ERN1|ENTR1|PRR14|SENP3|PEDS1|WDR45B|DCUN1D4|MPI|ESYT1|FAM8A1|NARF|GATA1|PRKACB|ATP6V1H|EIF3K|PATZ1|RBFA|BAZ2A|DAAM1|PDIA6|RAB18|GMPPB|ANKRD13A|CHFR
GSE22601_DOUBLE_NEGATIVE_VS_IMMATURE_CD4_SP_THYMOCYTE_UP	0.983112183353438	1	0.21384723482904	0.810438988549167	3259	187	ZNF841|SETDB2|ZNF70|RBM44|ZNF417|TBCEL|SESTD1|UAP1L1|TLE4|TRUB1|SIAH1|TXNL1|PSMA1|SACS|RIF1|SP3|TCF12|SLC39A1|SYTL3|S1PR1|ZBED5|SLC25A3|ZBTB34|SPATA20|VRK2|SP1|SNX25|TMEM14A|PRDX3|SNX19|ZNF91|TMEM237|SNW1|SUGT1|ZNF621|THOC7|TAMM41|ZNF148|SGMS1|SLC4A1AP|SMC4|SLC35A1|TAX1BP1|REEP3|STX8|ZNF473
GSE22601_DOUBLE_POSITIVE_VS_CD4_SINGLE_POSITIVE_THYMOCYTE_DN	0.674784674784675	1	0.245145502277212	0.937714661491444	2271	195	CCNE2|HAT1|CLDND1|BATF3|UCHL3|RFC4|KIF11|NPM1|ERI1|CIP2A|ZWILCH|SAAL1|NCAPG|PRKRA|NUP37|MPHOSPH9|SIRT5|NFYB|PDS5B|ATP5F1B|CKAP2L|RBL1|SPDL1|CSRP1|IFT74|NUP205|TUBE1|ITM2A|RRM1|DECR1|DNM1L|DARS2|C18orf54|SLC36A4|SEPHS1|RACGAP1|CENPI|LSM3|DCAF4|PCNA|NDE1|PSIP1|MRS2|GLT8D1|MBD4|IDE|SMC4|RNF168|TRIM59|ESCO2|ATAD2|CENPJ|CENPS|SRBD1|FABP5|SDHAF3|HJURP|LRRCC1|MDM1|C11orf54|PNP|NDC1|RFWD3|SUPT3H|EXO1|VDAC3|TPGS2|NCAPH|NCAPD2|NAP1L1|NELFCD|ST13|SLC66A3|BRCA1|BRCC3|NSL1|JDP2|POLH
GSE22601_DOUBLE_POSITIVE_VS_CD8_SINGLE_POSITIVE_THYMOCYTE_UP	0.952725082806383	1	0.221849190146983	0.838142226617201	3163	183	SLAMF6|ABTB1|SELENOT|POU6F1|STT3B|TTYH3|CD164|VPS54|AFF4|EGR1|PIK3C2A|TAB2|ST8SIA6|ETV3|CRLF3|ETNK1|UTRN|WASHC4|TMEM123|PPP1R12A|CD96|NIPAL1|IL1RL1|CD274|EHD3|FOXP1|MYO6|SLC20A1|PCMTD1|TENT5A|PELI1|BCL2|SPNS1|CDKN1B|FBXO33|PPM1K|HACD3|KIDINS220|PTEN|UPF2|CHMP1B|MFSD6|OSBPL3|DALRD3|ZYG11B|S100A4|PNRC1|RIOK3|BTG3|DOCK2|DEGS1|INPP1|SARAF|MBD2|PPP3CA|STK38|PARP14|RNF146
GSE22601_IMMATURE_CD4_SINGLE_POSITIVE_VS_CD4_SINGLE_POSITIVE_THYMOCYTE_UP	0.917289859407718	1	-0.23328444539284	-0.827491001861357	6132	187	TMEM238|RAB4B|SLC30A4|ZNF467|L1CAM|ECM1|MAPK11|TRPV2|LAMA5|NXF1|COX17|ROMO1|TGFB3|TNFRSF1A|PIGQ|PKP3|CHD3|CTSD|KCNN4|RFX1|GPSM3|MRPS21|MGRN1|RBX1|NISCH|AKT2|TMEM147|SYS1|SMARCD2|ENTR1|GRAMD4|PSD4|ECH1|EDEM3|S100A6|PPME1|CDC42EP3|VPS36|ESYT1|HSPA1B|NARF|TRAF5|ZNF280D|UQCC2|TMEM158|ATP6V1H|ARHGEF6|UBL4A|HDAC6|SSBP4|PPDPF|UBA1|PDIA6|ARF1|DBNL|SPICE1|TUBB4B|SSNA1|METTL3|EI24|EMG1|GRB2
GSE22611_MUTANT_NOD2_TRANSDUCED_VS_CTRL_HEK293T_STIMULATED_WITH_MDP_6H_UP	0.972681742297769	1	-0.223333546143983	-0.781367230582173	6408	165	C3|GFAP|PAK6|CARF|BTN3A1|TSPYL2|APOC1|CLIP3|SOX11|APOD|LRRC37A3|PLEKHA1|ENSG00000274253|PCGF1|PGF|MET|SDR39U1|BIN1|DACH1|GPR107|DHRS3|SLC7A1|PALM|SLC35D2|SIDT2|VPS52|SLC35F6|RNF220|SMIM14|KDM4B|SPATA2|IFT46|CKB|VPS13B|ACADSB|TMEM39A|TNFAIP2|RSAD1|TAF5L|CYB5R3|KPTN
GSE22611_MUTANT_NOD2_VS_CTRL_TRANSDUCED_HEK293T_CELL_UP	0.918967587034814	1	0.226563084677565	0.853325702287587	3061	179	GPD1|LPXN|TENM1|CCL5|EPB42|ESF1|EIF2AK3|PLD1|DUSP22|TFB2M|HPRT1|NFAT5|RPL39|GCLM|WTAP|PLPP3|ERVMER34-1|ZBTB16|SLAMF7|CCN5|GALNS|INSIG1|STAU2|B3GNT2|SAMD4A|CLIC4|CS|ABCB1|TMPRSS5|DRAM1|VRK1|ANXA5|CHUK
GSE22611_NOD2_TRANSD_VS_CTRL_TRANSD_HEK293_MDP_STIM_6H_DN	0.679250804799532	1	0.249158485696699	0.930590395062363	2320	167	ANKMY1|PEX12|LGR4|COPS2|CDS1|TMEM135|ATP8B3|FOXN3|PTPN2|RGS9|ZNF468|KCNJ6|USP6NL|TJP2|GCLM|PLGRKT|APOL2|ARL1|AGK|MS4A2|FAM174B|ABR|SLAMF7|UPK1B|DKK3|KCNQ2|SLC25A3|PDE12|OSGIN2|NUP205|TMEM70|NNT|DRAM1|AP4S1|HACD3|ELOVL5|CYRIB|GLTP|NEK2|CD93
GSE22611_NOD2_VS_CTRL_TRANSDUCED_HEK293T_CELL_DN	0.731613285883749	1	0.244166445140306	0.918260917525189	2466	175	ZNF443|ATXN7|AGO4|RGS2|SLC22A4|DNAJC28|MTX1|RAB3A|CORO1A|RUFY2|LDHA|TTLL7|BMX|MEF2C|USP6NL|BLTP1|SUMO1|DAPK2|CEP295|IFRD1|RAB11A|INTS8|OSTF1|INKA2
GSE22611_NOD2_VS_MUTANT_NOD2_TRANSDUCED_HEK293T_CELL_DN	0.889417908155429	1	-0.240351673331631	-0.835229853478149	5790	157	UBL3|IFT122|ZCWPW1|PBXIP1|APOE|SMAD6|SRRM2|ANKS1B|ZNF528|GPC1|DNAJC22|CPS1|ACSL6|IRF3|ENSG00000274253|STAB1|TMCO6|NME3|CCL24|BAHCC1|HIC2|MACROD1|KLC2|RPS2|H3C2|SOX18|SIVA1|DNAL4|COL1A2|IL6ST|ICAM4|GUSBP11|SRGAP2|RNASET2|KLHL26|ACADSB
GSE22611_NOD2_VS_MUTANT_NOD2_TRANSDUCED_HEK293T_CELL_UP	0.849745585154146	1	-0.242527906776924	-0.859890277592931	5677	186	SUZ12P1|WNT11|AOC2|RCAN3|SEMA4D|SFN|P2RX4|TIMM8B|DDB2|RABAC1|COMMD4|LAMA5|MFSD13A|KATNIP|CSF2|SPECC1L|TPCN1|OCEL1|STARD3|ACTN2|THAP7|LSS|DUSP13B|RIN1|LINC00623|TYRO3|RPL10|SLC66A2|SPATA2L|PTCD1|STAG1|KLF13|WRAP73|SMIM14|VAC14|ZNF205|TSR2|IFT46|FAT1|TUBB3|ACD|TTC13|ASL|ZDHHC14|F12|CTNNBL1|CSRNP2|DNAJC1|TCTA|BRD3OS|CASP10|UBAC1|SLC12A2|ZKSCAN3|DHDDS|CEP85|SLC41A3
GSE22611_UNSTIM_VS_2H_MDP_STIM_MUTANT_NOD2_TRANSDUCED_HEK293T_CELL_UP	0.770580296896086	1	-0.251267426138369	-0.886847523901312	5138	177	TCEA2|NEIL1|PRDM11|SNN|FICD|TMEM134|P2RX4|MAPK11|SH3BP2|RABAC1|FAM131A|DGKD|SUN2|ACTL8|KLF7|CSF2|ARHGEF17|CIB1|PRKCSH|TXNL4B|CHD4|TBCB|ACTN2|RGS14|MERTK|RALBP1|INTS11|ZNF263|MAP3K3|PRKAB2|TAS2R14|INPP5D|SIVA1|CACNB3|SDHA|WRAP73|ARHGEF1|ACVR2B|ZNF205
GSE22611_UNSTIM_VS_2H_MDP_STIM_NOD2_TRANSDUCED_HEK293T_CELL_DN	0.936094674556213	1	0.224843771895645	0.843857026005101	3163	173	ETV2|NTS|ZNF354A|PLK4|ACOX3|BPNT2|HAND2-AS1|NIPSNAP2|RAB3D|PRKRA|RPL21|MSH3|SNRPN|MYT1|ABR|FRAS1|VWF|POPDC2|RAB36|APPBP2|MED17|SLC25A3|PDE12|USP53|DCTN6|EMC2|PHLPP2|CRABP2|UBE2NL|TMPRSS5|FH|MRPS30|TUT4|PMPCB|SLC9A5|MRS2|ZNF124|EIF2D|RAB35|PIR|BUB1B|IMPA1|GATD3|FAM98A|DEPDC1|OARD1|CSE1L|PLA2G12A|FKBP4|TRMT13|ATG5|TUBAL3|AMIGO2|YTHDC2|CDK13
GSE22611_UNSTIM_VS_6H_MDP_STIM_NOD2_TRANSDUCED_HEK293T_CELL_UP	0.807105108631826	1	0.238902554948065	0.893708274383701	2748	169	CCZ1B|MATCAP2|SCRN3|C5orf15|DNAJC6|GNG12|POGLUT1|H2AC17|EVC|FSCN3|ACSF2|CTSK|YES1|EXPH5|ZNF337|CKAP2|ZNF146|OPA1|RAB3D|RRAS2|SCNN1D|BICD1|NCAM2|IFT57|TIPIN|PHTF2|SBNO1|MTRR|CHST3|ZFC3H1|ATP2A2|PAPOLA|MKLN1|TAF9|OGFOD2|FBXW11|POLR3F
GSE22886_CD8_VS_CD4_NAIVE_TCELL_DN	0.647908745247148	1	-0.265341862321354	-0.927588753388996	4259	164	TNS2|CYLD|GFAP|MAGEH1|ZNF467|LZTS3|P2RX4|ARID5A|SEMA3B|ATG9A|N4BP2L2-IT2|NPHS1|SLC6A8|PILRA|TPCN1|SPG7|GAS2L1|ECE1|FOLR2|SH2B2|TAF15|EPHB6|CRYM|OAZ3|NLRP1|SORBS3|MAP4K2|ZBTB20|PALM|RAB40C|CTSL|CDC42EP4|LMBR1L|ARMC6|ARHGEF1|AKT2|ENTPD4|ZNF205|MFGE8|TENT4A|SPINT1|ENPP3|LMTK2
GSE22886_CTRL_VS_LPS_24H_DC_UP	0.995930670685757	1	-0.209325538066225	-0.744812582080546	6607	195	FES|TRAPPC6A|MGAT4A|MRM2|COX8A|PDLIM2|SLC12A9|RPLP2|PEMT|UQCR10|ROGDI|ARHGAP4|GCA|HSD17B10|STX10|EXOSC5|TBXAS1|CAMK1|CYREN|IL16|LSM7|RPS18|DIAPH1|CDIPT|MSRA|BRPF1|NDUFB1|MLEC|RPL27|ARFIP1|NDUFC2|MAP1S|TMEM147|AP1B1|PNPO|IFNGR1|GRAMD4|NRGN|DNMT1|ESYT1|ATP5MC1|RNF113A|TXNRD3|PDIA4|MAST3|CHCHD7|EIF3K|ARHGEF6|SLC48A1|RPS14|EIF3B|ISYNA1|TACC1|CDK5|NT5DC2|MGST2|SLC16A1|UQCRH
GSE22886_DAY0_VS_DAY1_MONOCYTE_IN_CULTURE_DN	0.794940877114204	1	-0.248280504513899	-0.879677820626796	5310	183	CCR7|C3|MAPK13|MT2A|FICD|CXCL1|DOCK4|SLC3A2|TMEM208|IER3|RHOF|STX4|IL1B|DUSP4|ATOX1|ZC3H12A|PSMB5|SLC7A11|KCNN4|SLC2A3|SPHK1|SDC4|CTSL|TNFRSF1B|TSC22D1|H2BC12|CD2BP2|ZBTB43|TNIP1|TUBG1|NRIP3|LMNA|TNIP2|TP53BP1|MAFG|AARS1|CSTB|NINJ1|PPME1|UPP1|CDKN1A|BCAP31|AK4|NFKBIE|ATP6V1H|RAB13|ORMDL2|CLN8|ANKLE2|NPC1|TRIP10|UNC13B|GMPPB|SH3BP5|TUBB4B|FADS3|RHOQ|TEX10|CREB3|SLCO4A1|SH3GL1|GSDME|CD63
GSE22886_IGA_VS_IGM_MEMORY_BCELL_DN	0.770430349377718	1	-0.251287516498939	-0.886918432760451	5137	177	PBX3|DYNC2H1|N4BP2L1|ABCB4|ABCA7|SNN|CD84|GGA1|PLOD1|DNPH1|TCL1A|SLC7A7|TMEM80|TMEM8B|VENTX|MGAM|YPEL1|TSC1|HERC2|ZC3H12A|BIN3|SORBS3|PPARD|RPP25|H2BC12|MBOAT7|RCN1|ZBTB39|IFNGR1|TP53BP1|LPAR2|HES1|RRP1|DUSP5|ULK1|DICER1|BCL7A
GSE22886_IGM_MEMORY_BCELL_VS_BLOOD_PLASMA_CELL_DN	0.84833836858006	1	0.232611897604008	0.889450866466065	2807	197	AGA|SLC33A1|EMC9|CETN3|ITFG1|HAT1|KPNA3|COPS8|RARS1|HDAC2|NCOA4|FNDC3B|RCHY1|PPIP5K2|RINT1|TFB2M|ETNK1|RPAP3|PGRMC2|IBTK|ISOC1|H2BC7|TAPBPL|ACSL4|PIGK|C5orf22|ABHD14A|PDS5B|EDC4|FUT8|UFM1|MFF|AASDHPPT|AGGF1|CLIC4|SNRPB2|RRM1|SEC24A|DECR1|DNM1L|GOLPH3L|SNAPC5|MAN1A2|GLT8D1|TIMM17A|PSMD11|RUSF1|DSTN|ALDH18A1|NDC1|NDFIP1|BAK1|RAD51AP1|INPP1|POLR2K|MAIP1|SLC25A4|UFSP2|TOP1|NEK4|GOLGA5|HCCS|ABCB9
GSE22886_IGM_MEMORY_BCELL_VS_BLOOD_PLASMA_CELL_UP	0.766001174398121	1	0.242086960134183	0.90562078517473	2608	169	TNFSF12|DCK|STAP1|HSPBAP1|MX2|ZNF573|TCF7|RUFY2|ZBTB18|PTGS1|RFX5|ZNF337|SACS|STAG3|UTRN|CBX7|RPL39|NEIL3|PER2|PRRG1|RECK|SPP1|SYT11|PAX5|FBLN1|SERPINE2|CR2|SLC4A4
GSE22886_NAIVE_BCELL_VS_BLOOD_PLASMA_CELL_UP	0.982935668982181	1	-0.218719405173735	-0.769176133714059	6508	173	TEP1|TSC22D3|PBX3|NBPF10|LYST|CD84|HLA-DOB|FAM131A|TSPYL2|GPRASP1|TCL1A|KLF7|CRYBG1|AGBL2|HPS1|SPG7|BRD3|SLC6A16|SEMA4F|SLC12A7|SLC25A16|PHC1|MTMR10|COX16|RPS23|PER1|RGL2|ENGASE|RPS27
GSE22886_NAIVE_BCELL_VS_BM_PLASMA_CELL_UP	0.99249699879952	1	0.20933130863769	0.788424055084932	3306	179	CD83|ZNF43|TRMT2B|SGPP1|CORO1A|LRBA|ARIH1|SGPL1|PRIM1|NEK9|NHLRC2|ZNF468|AKAP11|MYNN|CRLF3|SMC2|CCP110|MRPL39|NUP37|XYLT1|CR2|TXNDC9|SOS2|NFYB|DCAF17|NUP205|TGFBR1|PLPBP|SBNO1|ENDOD1|FBXO28|TIPRL|R3HDM4|FRYL|STK4|HPF1|ZNF264|ATP6V1B2|LMNB1|GIN1|BTG1|UTP25|POT1|VAPB|SCLY|CAT
GSE22886_NAIVE_BCELL_VS_DC_DN	0.64922711058264	1	0.247072522341798	0.943948369163899	2183	194	MTMR6|GPR137B|TM6SF1|CD36|LST1|MAN2B1|ITFG1|SLC25A44|TM9SF1|LAMP2|PSMC1|RARS1|KLF10|MTHFD2|RTN4|SMC2|ZFYVE26|ATP1B1|PLXND1|RAP2A|ISOC1|SAR1B|RCBTB2|FCER1G|ABR|TGFBI|MRPL15|RIT1|FCGRT|SDHD|VDAC1|SAMSN1|PPA2|RTN3|LRP12|SOAT1|ZMYM6|DNM1L|CITED2|RNF14|RBM47|ECPAS|VAMP3|PLBD1|NCBP1|YWHAH|GABARAPL1|TFG|CTDP1|SYNJ1|DNAJB6
GSE22886_NAIVE_BCELL_VS_NEUTROPHIL_UP	0.969860548807917	1	-0.222654065718538	-0.785856765851962	6467	177	SPIB|RPL28|MUTYH|PIK3C2B|RPS20|HLA-DOB|SYNE3|HYOU1|RPL23|CD19|TCL1A|TPD52|P2RX5|RBM38|MDFIC|RPL38|TSC1|DDX39A|RPS18|CHD1L|RPS15|RPS16|RPLP1|SZT2|RPL27|RPL10|MALT1|RPS27|EVL|RPL37A|RPS11|CD81|TIMELESS|MCM2|RPL35|PARP1|BCL7A|RPL8|APPL1|RPS5|JUN|DNPEP|TRAF5|CD52|RPL35A|POLE3|RPS14|PKIG|RPS17|SMAD3|EZR|TSPYL4|RPL41|DDR1|RPS13|RXYLT1|RPL27A
GSE22886_NAIVE_CD4_TCELL_VS_MONOCYTE_DN	0.673759928068335	1	-0.26042462038436	-0.921002384805618	4495	180	CD14|TBC1D2|PLXNB2|NAGK|TYMP|CTBP2|IFI30|MARCKS|LILRA2|TIMM8B|DIAPH2|GRN|GCA|SLC7A7|MNDA|PILRA|FOS|ARHGAP26|C5AR1|BCL6|PSAP|CTSA|CLCN6|PISD|SMCO4|GNS|OAZ1|SNX11|NFE2|BID|HSPA1A|IFNGR1|CAPG|NEU1|MANBA|ATP6V0B|CDC42EP3|CTSH|SCPEP1|TNFAIP2|MGAT1|PTTG1IP
GSE22886_NAIVE_CD4_TCELL_VS_MONOCYTE_UP	0.900697392359006	1	-0.237182022233499	-0.831453192781234	5940	169	GZMM|ZNF331|ZNF224|ZNF76|MGAT4A|SMPD1|PBXIP1|FLT3LG|EEIG1|GPRASP1|TPD52|PLEKHA1|ZNF551|HSPB1|LIG1|LTBP3|ADPRM|LTBP4|BIN1|QTRT1|FBXW4|DGKA|ZBTB20|GNB5|NOSIP|CD3D|TSR2|ADGRL1|PRMT1|ABCA5|STMN3|ITPR3|CLEC2D|CHMP7|PRR5|MYLIP|TRAF5|PILRB
GSE22886_NAIVE_CD4_TCELL_VS_NEUTROPHIL_UP	0.78448275862069	1	0.237833858948625	0.908651764099998	2638	194	CD3G|ALG13|PJA1|NIPSNAP2|HEATR3|SEH1L|LIPT1|CAPN2|ATXN10|UBASH3A|ATP1B3|MPHOSPH9|ZDHHC6|IBTK|ZNF32|CD96|S1PR1|TXK|INPP4B|SLC25A36|MRPS31|IFT57|IL10RA|SSB|TRMT11|UBA2|ITM2A|ZNF451|HBS1L|TARS1|ZNF91|HMG20A|MYC|SUCLG1|FAM20B|ABCB7|CYB5B|MPHOSPH10|GLUD2|RAB4A|HLTF|ADH5|HLA-F-AS1|SUCLG2|TRAK2|SUN1|EIF1AX|DRG1|SUMO3|GALT|ACTR6|ZC3HAV1|MAIP1|TBC1D4|RLIG1|C9orf78|SRSF10|EXOSC8|NELFCD|ST13|GATAD1|SETD6|MAP3K4|HDDC2|MDH1|SF3A3|NUCB2|ZNF22|BAG3|BCR|COPZ1|GANAB|TOMM70|CGRRF1
GSE22886_NAIVE_CD8_TCELL_VS_MEMORY_TCELL_UP	0.858703900440128	1	-0.242084017057034	-0.846968676412423	5657	165	TBC1D1|DYSF|RPGR|CHST12|KIAA0753|SYNGR1|SH3BP2|H4C3|GTF3C1|MRPL41|NAA38|SREBF1|FOXH1|CEP250|CACNA2D2|PGF|NPFF|ADAP1|MAP3K12|ZDHHC24|TMED1|PRF1|SPATA7|RALBP1|TSPOAP1|SIDT2|SFSWAP|SLC5A3|PTCD2
GSE22886_NAIVE_CD8_TCELL_VS_NEUTROPHIL_DN	0.674823022468452	1	-0.264517751565381	-0.917256047087677	4384	154	HSPA6|TYROBP|CCDC170|S100P|ADGRG3|CXCL1|TLR6|ITIH5|SERHL2|DNAAF1|GCA|GALNT14|MNDA|TGFB3|APH1B|C5AR1|ST8SIA5|IL1B|FAS|SLC16A3|SLC7A11|TREML2|CDC42EP4|CEBPB
GSE22886_NAIVE_CD8_TCELL_VS_NKCELL_DN	0.957228915662651	1	0.220951167689574	0.837109828894884	3177	186	TM6SF1|PPP1R3D|SELENOT|C5orf15|NCOA2|RNF13|IL18R1|ARIH1|PPM1B|YES1|ZWILCH|ZNF493|PPM1A|ZFYVE16|PPP1R12A|NFAT5|FCER1G|TOX|NKAIN1|PCDHGA8|SLCO4C1|LAT2|RAD23B|INSIG1|UBE2W|ARHGEF12|VIPAS39|HNRNPK|DNM1L|MON2|BIRC2|TIPRL|STX7|TNPO1|SNRNP35|PSME4|PTPRC|RAB14|PHIP|ACTR8|RSF1|MFSD6|ITCH|DVL3|TMEM87A|PHF21A
GSE22886_NAIVE_TCELL_VS_DC_DN	0.698522761531504	1	0.245424078133779	0.931092539772751	2316	188	ZNF185|GPR137B|BCAR3|CD36|KCTD12|MAN2B1|PPP1R3D|WDFY3|SLC27A3|ITFG1|LAMP2|PPT1|PTGS1|MTHFD2|ZFYVE26|SDCBP|ATP1B1|HSPA4|MFSD1|RCBTB2|TIGAR|RIT1|CAPRIN1|SNX3|NDUFV2|VDAC1|RPE|SNX13|NFE2L2|LRP12|CREG1|CTNS|ALDH2|RBM47|AP3B1|VAMP3|PLBD1|TFG|CORO1C|SYNJ1|LAPTM4A|PIR|DEGS1|VIM|HSBP1|TBC1D12|CCDC88A|ASAP1|PLAU|DAB2|KYNU|TOP1
GSE22886_NAIVE_TCELL_VS_MONOCYTE_DN	0.699027673896784	1	-0.257505471556373	-0.911540265527597	4672	181	CD14|TBC1D2|PLXNB2|NAGK|CTBP2|IFI30|MARCKS|EXT1|LILRA2|DIAPH2|GRN|APLP2|GCA|SLC7A7|MNDA|APOBR|PILRA|ARHGAP26|BCL6|PSAP|DHRS7B|CEBPB|PISD|DEF8|SMCO4|TNFRSF1B|GNS|OAZ1|SNX11|BID|HSPA1A|IFNGR1|CAPG|NEU1|MANBA|ATP6V0B|DICER1|CDC42EP3|CTSH|SCPEP1|BCKDK|TNFAIP2|MGAT1|PTTG1IP|MSRB1|ARAP1
GSE22886_NAIVE_TCELL_VS_MONOCYTE_UP	0.964885954381753	1	0.219038292560349	0.824984375071244	3214	179	AKTIP|PRKCH|CD69|CD3G|PMS2P3|LRBA|AMMECR1|PJA1|YES1|GOLGA8B|MSH2|DDHD2|CLK1|UBASH3A|MPHOSPH9|CD96|SYNE2|IL32|S1PR1|TXK|INPP4B|BEX3|BACH2|RNF144A|ABHD14A|TRMT11|BCL2|CCSER2|TMEM14A|TRBC1|KDM3A|HMGN1|MLLT11|BAG2|ZBTB25|ATP6V0E2
GSE22886_NAIVE_TCELL_VS_NEUTROPHIL_DN	0.721965495995071	1	-0.259652499331705	-0.899537546047481	4686	153	CCDC170|S100P|ADGRG3|RAPGEF5|CXCL1|TLR6|AATK|ITIH5|PPCDC|SERHL2|GCA|GALNT14|SLC39A2|MNDA|APH1B|KCNJ15|IL1B|GAL|BCL6|SLC7A11|STON1|TREML2|FGF2|SMIM14|SASH1|NFE2|IFNGR1|MED25|PDK3|ZNF552|MPZL1|TNFAIP2|MSRB1|CREB5|ARAP3
GSE22886_NAIVE_TCELL_VS_NEUTROPHIL_UP	0.8797583081571	1	0.229942883694349	0.879245211643554	2911	197	PRKCH|COPS2|STRAP|MTREX|LGALS8|CCT8|NEK9|GOLGA8B|PSMA1|LRPPRC|ATXN10|ESD|GMPS|RTRAF|DOCK10|NDUFV2|PSMG2|UTP3|MRPS35|TRA2B|CCT4|HMGN1|MAPRE2|ACAT1|HMGN3|TMEM243|TTC3|GTF3A|IPO5|EIF3M|PDIA3|GPI|AIMP1|SLC25A5|RCN2|RSL1D1|ERCC5|XPOT|HELZ|ADH5|SEC63|BUB3|PSMC5|GRSF1|SUCLG2|ATRAID|RBBP7|SUMO3|RIOX1|GLO1|SFPQ|DUSP12|VDAC2|TCEA1|PAIP1|C9orf78|NAP1L1|NELFCD|YTHDC2|PTCD3|GLRX5|PTPN11|COX11|BANF1|SF3A3|BCKDHA|CCND2
GSE22886_NAIVE_TCELL_VS_NKCELL_UP	0.669809908696303	1	-0.26018573882362	-0.921859024471742	4474	183	CCR7|SEC31B|PBXIP1|FLT3LG|LPCAT3|ACAP1|RPS29|SYNE3|TMEM63A|GPRASP1|ZNF580|LRCH4|SPINT2|HIGD2A|RGS14|MDFIC|ID3|TACC3|BCAT2|SNHG20|SNU13|PRORP|CAD|SORBS3|KCNN4|RPS10|DGKA|GPSM3|MAP4K2|UXT|RPL10|RPL36|NENF|MALT1|PAFAH1B3|NOSIP|CD3D|SF3A2|ERP29|WDR74|OXA1L|RPL35|RPL8|MPI
GSE22886_NAIVE_VS_IGG_IGA_MEMORY_BCELL_DN	0.852276153150437	1	0.233407364243333	0.880173836684297	2826	181	AIM2|DPYSL2|MYO1F|ITGB7|LPXN|FBXO2|CD70|SGPP1|CCNG1|GOLPH3|UQCRB|RARS1|KLF10|PTPN2|UBE2N|CAPN2|AP3S1|APOL3|DOCK10|TOX|EHD3|CAB39|LDHB|PPA1|SAMSN1|PPA2|PAPSS1|TMEM14A|PRDX3|DEPDC5|S100A10|ACAT1|ANXA5|PLAAT4|SUB1|AGBL5|WEE1|GARS1|YWHAH|RAB31|ZFAND6|BHLHE40|TFRC|S100A4|SCNM1|ZBTB38
GSE22886_NAIVE_VS_IGM_MEMORY_BCELL_DN	0.989140271493213	1	0.21084355089238	0.798053616019086	3278	185	AIM2|ITGB7|LPXN|CD70|SGPP1|CCNG1|HLA-B|ST3GAL5|CLDND1|ABCC4|KLF10|SACS|CAPN2|KPNA2|AP3S1|GPR183|DOCK10|EHD3|CAB39|LDHB|FUT8|PPA1|ERO1A|SAMSN1|PAPSS1|IL10RA|IFI6|WIPI1|CD24|TMEM14A|DEPDC5|FH|DECR1|S100A10|ACAT1|PPP1R16B|PLAAT4|HTATIP2|RAB31|RAB4A|BHLHE40|STX8|FABP5|USP48|S100A4|ZBTB38|EIF2AK2|VIM|VAMP1|OPTN|ALDOA
GSE22886_NAIVE_VS_IGM_MEMORY_BCELL_UP	0.792298362644027	1	-0.250228817810056	-0.877189373523521	5225	169	IL21R|NEIL1|SLC30A4|FAM171A1|FARP1|KCNJ14|AURKC|LYST|PIK3C2B|CXCL1|APLP2|DGKD|KLF7|RPAP1|YY2|TSFM|TREML2|SLC39A4|PDP1|SZT2|SLC35E3|RGL2|UGDH|MMP17|ANKRD55|ACVR2B|OGFOD3|ATP6V0A1|FAT1|NRGN|TIMELESS|BCL7A|ASB1|SPRY4|FAM8A1
GSE22886_UNSTIM_VS_IL2_STIM_NKCELL_DN	1	1	0.193264595873492	0.739002560070602	3286	199	CD69|DCLRE1A|CKS2|RFC4|CCT8|IPO7|UBE2N|NUP107|NAA15|MRPL39|KPNA2|TCP1|PSMD6|USP14|COPS3|APOO|DONSON|TIPIN|PRMT3|EIF2S1|PRDX3|HSPD1|PAK1IP1|ORC3|MRPL3|PCNA|ADARB1|XPOT|GGCT|PSMD14|ACACA|ECHDC1|SHCBP1|B3GALNT1|BLM|CENPS|CCT6A|FABP5|BCCIP|PAICS|HSPA9|CDK6|DIMT1|SCLY|DKC1|ALDH18A1|EEF1E1|ERCC6L|VIM|EXO1|MSMO1|WDR3
GSE22919_RESTING_VS_IL2_IL12_IL15_STIM_NK_CELL_DN	0.983567373767553	1	0.214427598457327	0.816212385836986	3291	191	CNRIP1|CAMKMT|AGO4|ITGB3BP|HSDL2|DUSP19|NEDD4|PPT1|KLHL24|KDM7A|CEP162|RWDD2A|BNIP3L|L3MBTL3|RCHY1|ALG6|GDI2|CABLES2|NAE1|CYP2R1|IFIT3|TCEA3|OTUB2|SMIM20|HAUS5|RBM43|MAP4K3|NME7|CELF2|RFC5|WDR11|TMEM14A|FH|CDKN1B|CD47|STXBP4|ANXA1|CREB1|GTF3A|NOD1|CHMP5|GPI|GPD1L|PTPRC|CDKN3|CETN2|NMI|CAPN1
GSE22935_24H_VS_48H_MBOVIS_BCG_STIM_MACROPHAGE_DN	0.651702319975896	1	-0.261691964237681	-0.930826689150447	4325	194	TAGLN|CLBA1|MT2A|COX6A1|NDUFB2|C1orf35|ITPA|GON4L|PLOD1|ADAMTS4|MRPL41|DNAJC15|ARHGAP45|FYN|HS6ST1|WDR83|PXMP4|KRTCAP2|ID3|ZFYVE19|YIF1A|ANKS3|PMPCA|SRM|KCNN4|PPP6R2|B9D2|RAB11FIP5|UBALD1|FAM98C|ELOVL1|FAM118A|CD2BP2|FASN|DGUOK|WRAP73|ENTPD4|SYS1|TMEM214|PDCD7|TSR2|COL1A2|SMARCD2|MTERF4|LMNB2|LCMT2|GFER|CLCN5|C19orf53|C15orf39|PRKRIP1|NAF1|ARAP1|CNOT9|POLR2I|ARL14EP|LRRC8A|MRPS26|POLE3|RPS14|HDAC6|YARS1|CCDC80|SLC16A1|PPAN|EIF4A3|MRPS34|PAGR1|PEX16|SLC41A1|LTBR|CHFR|METTL3
GSE22935_UNSTIM_VS_12H_MBOVIS_BCG_STIM_MACROPHAGE_DN	0.735104307369053	1	-0.253627944138719	-0.900985760423285	4897	190	C1QTNF12|HLX|PLA2G6|MRM2|RPL28|CTU1|NDUFA13|AATK|MRPL41|DYNLRB1|RPP25L|SIAE|SNX21|AURKAIP1|NLRX1|HRC|NME3|SEC61B|DPP3|AKR1B1|DCXR|SUGP2|IL16|KCNN4|SDF2|DHRS3|MRPS21|PER1|ARHGAP6|RPL36|RAD54L|EXTL3|FASN|SDHA|POLR2A|CDK5RAP1|TMEM214|TTC5|STUB1|GRAMD4|C11orf71|FANCE|C19orf53|PINK1|CHCHD5|SLC25A26|SPTBN1|HABP4|WRAP53|TUBA3C|MYLIP|MRPS12|ANGEL2|GPCPD1|CDC37L1|DYNLT1|E2F6|MRPL58|CBX6|CMIP|COX4I1|FBXO25
GSE22935_UNSTIM_VS_48H_MBOVIS_BCG_STIM_MACROPHAGE_DN	0.651368049426302	1	0.250845147157368	0.941243653285976	2213	172	STK38L|HSPBAP1|KCTD12|YOD1|LEMD3|LAMP2|BBS2|CTSS|RND2|CPEB2|B3GNT5|EIF4G2|ARL8B|MACIR|MARCHF7|TSC22D2|PROCR|SMNDC1|NRSN2|ZFYVE26|ETV5|IBTK|TMEM140|IL6R|FGFR1|BDKRB1|KIT|NCKAP1|DYRK1A|TSTD2|OSGIN2|REL|KIF5B|SCIN|CPNE3|PTP4A2|MAPRE2|HPS5|LRRC58|CLOCK|KIAA1191|NMI|CSAD|SIK2|NIPA2|SRPRB|WRN|TRIM59
GSE22935_WT_VS_MYD88_KO_MACROPHAGE_12H_MBOVIS_BCG_STIM_DN	0.836495031616983	1	0.23524585376862	0.88875457940353	2777	183	PTGDR2|PTPN6|COL15A1|MMP14|SNX18|SEC24B|USP25|KPNA3|DNTTIP2|PHLDA1|RBMXL1|PTGS1|TAB2|PLEKHA5|SMAD2|PTGES3|THOC2|SLC30A6|SLC44A1|TMEM123|ASS1|ZDHHC6|DDHD1|RSAD2|PAX7|CD274|ACSL4|LRRC8C|SERTAD1|NFE2L2|FAM133B|LCP1|CLIC4|SEMA4A|MYB|ABI1|PIK3CG|CHUK|BRAF|RNF14|UBE2D1|PPP2CA|ADORA2B|MED14|SGMS1|MPHOSPH6|LTV1|HELZ2|VTA1
GSE22935_WT_VS_MYD88_KO_MACROPHAGE_12H_MBOVIS_BCG_STIM_UP	0.745668135095448	1	0.243114176882909	0.911438212687681	2538	171	FBN1|LIPG|NLGN2|MATCAP2|MED18|STEAP1|PDCL2|SNX18|LVRN|SLC25A44|DCBLD1|HIF1A|HIC1|THAP6|NR4A2|UBE2N|NAB1|SLC22A15|MLC1|S1PR1|RSPH6A|RAD23B|REL|FRG1|ELK1|ZFC3H1|DEPDC5|SMIM3|ATP2A2|TPP1|MFSD14B
GSE22935_WT_VS_MYD88_KO_MACROPHAGE_24H_MBOVIS_BCG_STIM_DN	0.779724468403714	1	-0.249940411379899	-0.885033048768025	5206	182	TPM2|TAGLN|VASN|CTBP2|ABCC10|ENC1|PPFIBP2|CARD19|TLR6|IL4I1|RPS29|SLC29A1|OST4|ADAMTS4|DNAJC15|SPSB3|WDR46|FAU|LIG1|ALG9|CPSF1|TBC1D8|PSMB5|LSM7|KCNN4|CPQ|KICS2|FERMT3|GRK6|RNF121|NT5C|FLNB|RPL37A|WNK4|DCTPP1|HELLS|SH3BP5L|IFNGR1
GSE22935_WT_VS_MYD88_KO_MACROPHAGE_48H_MBOVIS_BCG_STIM_DN	0.911328588374852	1	0.227562857918304	0.855818163657335	3072	175	GPR137B|ALG11|STAP2|ATP6AP2|PKD2|ACTR3|CMTM6|TM9SF1|ANKRD49|TNFAIP8|MAPK1IP1L|TMEM123|SDCBP|PICALM|SKIL|DSEL|CREB3L3|LAT2|SHTN1|GNG10|LITAF|LRRC8C|ZDHHC20|ACER3|VWA5A|TGFBR1|SLC30A7|WIPF1|CMPK1|SOAT1|MED7|EPCAM|BACH1|MOB1A|CYBB|TMEM68|STARD4|ANXA1|ZNF217|ZCCHC9|SPRED1|LIX1L|RAB31|RIPK2|CORO1C|TRAM1|BTK|IL1R1|CDK6|RAB35|PNP|ALDH18A1
GSE22935_WT_VS_MYD88_KO_MACROPHAGE_48H_MBOVIS_BCG_STIM_UP	0.921266968325792	1	-0.233756590973594	-0.822968562420829	6107	175	TPM2|WFS1|MELTF|MLXIPL|PACSIN3|ANKH|MAPK12|KRT12|ETFB|FXYD1|AATK|ITGA7|ANO3|ACSL6|HRC|GNA11|KCNE5|CCDC57|SPTB|ACACB|SULT1A1|ENDOG|MSRA|NOL3|NR4A1|SDHA|PCNT|PDCD7|LMTK2|NDUFA7|RWDD4|NT5DC3|KLHL23|BCKDK|POLDIP2|FAM185A|CSRNP2|PNPLA2|EIF2B4
GSE23114_PERITONEAL_CAVITY_B1A_BCELL_VS_SPLEEN_BCELL_IN_SLE2C1_MOUSE_DN	0.844464637286082	1	-0.243736060256725	-0.853545193141485	5575	166	FAM171A1|SAMD11|EPM2A|HEPACAM2|BTN2A2|KREMEN2|PAXIP1-AS2|PLPPR3|ARID5A|TMEM52|RBM26-AS1|IL4I1|MIR3945HG|TNFRSF8|SORBS2|TMEM139|KSR1|CASZ1|NINJ2|PELP1|NFKBID|NFE2L1|SIX5|PLEC|SNX11|SIRT4|SLIRP|TMC6|SPINT1|DPCD|CDC34|TNFRSF10A|BCL2L1
GSE23308_CTRL_VS_CORTICOSTERONE_TREATED_MACROPHAGE_DN	0.965067466266867	1	-0.224237353908874	-0.792218562257778	6436	179	TGFB1I1|TAGLN|ABRACL|CCR7|SYPL2|VASN|KIF1A|MT2A|ELMO3|GDF15|IL4I1|NXF1|SAC3D1|SYT7|PLEKHG6|LOXL3|CYTH3|NOP2|CAMKK1|PHLDB1|IL1B
GSE23308_CTRL_VS_CORTICOSTERONE_TREATED_MACROPHAGE_MINERALCORTICOID_REC_KO_UP	0.954661080353135	1	-0.227071295387877	-0.809442117963641	6379	196	PURG|TCN2|NAGK|RHOBTB2|BSCL2|COX6A1|TRPV2|SRD5A3|NRDE2|POR|TOM1|OCEL1|COMT|DCAF15|RGS14|FRMD6|DHRS4|AKAP8L|YIPF3|LYL1|MYO9B|GPSM3|SFXN3|MSRA|CLSTN1|TPGS1|DEF8|SNRPD2|TMED4|NCAPH2|HMG20B|ASRGL1|CBX2|PRPF6|SLC35C2|SLC66A1|TTC5|NEU1|ZNF219|LPCAT1|CKB|MCM2|ABHD8|FANCE|DNPEP|PTDSS2|PTPA|ENTREP3|RMND5B|PRKACB|SNAPIN|FIG4|MESD|ARHGAP17|DMAC2|SLC25A39|RREB1|ANAPC15|STK10|SPICE1|DCTN1|ST3GAL2|CAMK2G|RPA1|DIPK2A|JADE1|TMEM129|RELL1|TAF8|GLB1
GSE23308_WT_VS_MINERALCORTICOID_REC_KO_MACROPHAGE_CORTICOSTERONE_TREATED_DN	0.861320470304492	1	0.232688935455143	0.877464658141727	2856	181	MTMR6|PDK1|CCL2|SEC24B|CAPZA1|CCL4|PHLDA1|PEAR1|GTF2A1|CNOT7|RRAD|OPRL1|TAC1|ARMH4|IGFBP5|VAPA|ERO1A|ZNF292|ZNF654|TRA2B|CA8|TARS1|SMIM30|RLF|SEPTIN7|SECISBP2L|RNF14|IKBKE|IDH3A|NCK1|ETF1|SPRED1|SEPTIN11|MED14|GARS1|RBM22|CHORDC1|CCDC115|ETV6|SAV1|NCOA5|SUN1|MAPRE1|CDS2|HSPA5|TRAPPC13|GORASP2|ATG3|CRK|RAP1GDS1|EMID1|TRPS1|KRCC1|PGK1|RAB20|MRPL45
GSE23308_WT_VS_MINERALCORTICOID_REC_KO_MACROPHAGE_UP	0.670773854244929	1	-0.259442431183582	-0.921815078754179	4463	191	METTL27|RCAN3|NAGK|TRPV2|NRDE2|D2HGDH|ITGAX|RSPH9|SLC2A9|GBA2|SIAE|TPCN1|COMT|TMCO6|NME3|LRPAP1|KCNAB2|CHD6|AKR1B1|MAD1L1|COMMD1|CALR|MMP15|NCSTN|FBXW4|DHRS3|ATP13A2|CYB561D2|CPNE1|TPGS1|SNHG6|RGL2|SDHA|PGGHG|POLR2A|RAD50|CBX2|TTC5|FRRS1|MED25|PRRG2|PEDS1|CENPB|NCLN|ITPR3|PDXK|SLC25A26|KIAA0319L|CD320|SNX15|H6PD|MAST3|CEP89|RMND5B|PRKACB|POLR2I|SERINC3|FIG4|ASPSCR1|ACTN4|ARHGAP17|DMAC2|SLC25A39|USP22|SLC41A1|ANXA4|MEA1|MNT|GGA2|CNPPD1|RPA1|FEZ2|DCTN2|TMEM129
GSE23321_CD8_STEM_CELL_MEMORY_VS_NAIVE_CD8_TCELL_DN	0.995327807083647	1	-0.210292866776862	-0.748254486978277	6603	195	SYTL1|MGAT4A|CCPG1|ITGA4|FCSK|ALKBH6|TMEM134|CFAP70|UVSSA|CHST12|BTN3A1|UBA7|UQCR10|DGLUCY|EEIG1|MAN1B1|PDE6D|SAC3D1|DENND1C|IRF3|PRORSD1P|THEMIS2|CABIN1|RGS14|SLC25A25-AS1|TACC3|RALBP1|MAP4K2|SIDT2|VPS52|PPOX|GNB5|VPS11|TAS2R14|SFR1|PCNT|SLC38A6
GSE23321_CD8_STEM_CELL_MEMORY_VS_NAIVE_CD8_TCELL_UP	0.839819004524887	1	0.235076038239746	0.889774819114235	2783	185	BICDL1|SELENOT|MFSD14A|ZNF614|CKS2|STRAP|FAM107B|DNTTIP2|HDAC2|S1PR2|MLF1|KLF10|ARL8B|NFYA|HSPH1|ANKHD1|SNAPC1|NFAT5|NUP160|ODR4|HMGB3P30|CAPRIN1|UBE2E3|DPM1|NAA25|DNM1L|ZBTB21|SDAD1|MIX23|GCNA|TTLL4|HNRNPA1|GNL2|HSD17B12|HMGCS1|NCS1|PANX1|TIMM17A|C12orf43|EXTL2|VPS37A|ECD|TMA16|CCT6A|USP16|MED9|ZNF326|ATL2|DDX27|TRMT6|MSMO1|SLC35B1|RLIG1|SCML2|FASTKD5|SRSF10|FDX1
GSE23321_CENTRAL_VS_EFFECTOR_MEMORY_CD8_TCELL_UP	0.991992882562278	1	0.20913820602973	0.786526751651222	3344	175	ST8SIA4|CD83|CCNG2|CADM4|SESN3|SRC|ZNF436|REC8|GCC1|LRBA|POGLUT2|SLC38A2|MRPS6|FEM1B|PEAR1|RBKS|MPP2|MGMT|TTC39C|CPOX|ROCK1|KIF5B|ARHGEF12|CASP3|ENDOD1|ABCB1|TMEM68|MRPL3|PANX1|CDC5L|ACAT2|RIPK2|ANKRD33B|ESCO1|PTPN9|TNFSF9|BTG3|CDS2|EIF2AK2
GSE23321_EFFECTOR_MEMORY_VS_NAIVE_CD8_TCELL_DN	0.960467205750225	1	0.220726395929438	0.839507464176136	3206	190	BICDL1|CD83|KBTBD8|PITRM1-AS1|TET3|ZNF614|AMD1|HIF1A|BATF3|CPD|NFYA|UAP1|RIF1|DDX10|LRPPRC|DCAF13|SDCBP|TCP1|SLC19A2|BRIX1|OTUD7B|IFT57|TIPIN|ARL5B|MRPS35|PHLPP2|TRA2B|BAZ1A|KRR1|NIP7|MRPS30|VMP1|BRAF|TAF9|NUP88|CDKN3|ZC3H15|ETF1|USP12|ITPRIPL2|NIPA2|ZDHHC16|LTV1|NUP54|TFRC|OTUD4|ZC3H8|KPNA1|TRMT10C|TMEM33|POLR2K|WDR3|RRN3|MAIP1|DUSP12|NIPA1|VDAC2|TRMT44|KPNA4|PPP1R15B
GSE23505_IL6_IL1_VS_IL6_IL1_IL23_TREATED_CD4_TCELL_DN	0.893667861409797	1	0.229017198533994	0.872758096537371	2991	192	ZNF841|GPR137B|TBCEL|BNIPL|REV3L|NT5C3A|FOXJ3|PNPLA7|LDLRAD3|PALS2|NAB1|SHQ1|TCF12|IFRD1|MAPK8|PLGRKT|WTAP|MSANTD2|MFSD1|S1PR3|DOCK10|SPP1|S1PR1|CD274|EXOC8|ZBED5|DUSP10|SLC20A1|TMED5|ACER3|TAF1A|B4GALT5|AHCTF1|MED7|CLIC4|PDE7A|BACH1|CNOT6L|RBBP8|RBM47|AGPAT5|GNL2|POLR3F|DENND4A|BRWD1|LCORL|GTDC1|TRIM3|RIPK2|REST|CCDC115|BTG1|DHX33|MZT1|TRMT6|DEGS1
GSE23505_IL6_IL1_VS_IL6_IL1_IL23_TREATED_CD4_TCELL_UP	0.994117647058824	1	-0.213422676105936	-0.751082527885238	6590	174	SSC4D|RAP1GAP2|ANAPC11|PAK6|MT2A|L1CAM|PPM1J|TRAIP|CSF2|TMEM208|PALD1|NRM|LRRC75B|STYK1|EMP3|CMKLR1|NKPD1|TPPP3|ACYP2|TNKS1BP1|CSRP2|ROM1|CTC1|MAP7D1|PMF1|RAD54L|G0S2|RCN1|H2BC18|BORCS7|ANAPC2|TAX1BP3|BCL6B|CCHCR1|INPP5E|ITGAE|CLCN5|MTM1|TMA7|CDKN1A|KIF2C
GSE23505_IL6_IL1_VS_IL6_IL1_TGFB_TREATED_CD4_TCELL_DN	0.692829165411269	1	-0.257861739697561	-0.917202750647908	4598	194	ADAM19|AHRR|FMC1|FAM193B|NDUFB2|LYPLA2|SNHG32|DNPH1|DYNLRB1|NAA38|SERHL2|TMEM160|ZNF771|AURKAIP1|C12orf57|FAS|NDUFAF3|SELENOH|MRPS14|ACP6|FRMD8|CSRP2|DCXR|MXD4|POLE|RNF181|ABHD12|CDK2AP2|FBXL20|NOP10|VKORC1|METTL26|NMRAL1|NDUFC2|VPS8|EVL|GDPGP1|NUDT1|TUBA1B|TK1|PRPF6|SLIRP|RPS26|POLR2J|NUDT2|NDUFA7|CD81|NCBP2AS2|ACYP1|ALDH6A1|PXN|TIMM17B|CTSH|CSTPP1|DNAJC19|ATP5MC1|PTRH2|SURF1|PTDSS2|ILVBL
GSE23505_UNTREATED_VS_4DAY_IL6_IL1_TREATED_CD4_TCELL_UP	0.681430495286548	1	-0.258228156199887	-0.920507126694455	4553	196	IAH1|VANGL2|SMPD1|MRM2|PYCARD|TMEM134|CCS|NDUFA2|REX1BD|PRPF31|MRPS18C|DYNLRB1|NAA38|ROMO1|ECI1|HSD17B10|FLAD1|ZNF771|PEX7|MED22|RGS14|DPP3|PXMP4|BCL9L|CHCHD6|SLC25A45|ID3|CTC1|MACROD1|TONSL|SPATA7|ABHD12|FAM98B|LRSAM1|CYB561D2|SLC39A4|PDGFA|SPATA24|DYNC2I1|GTF3C5|HELLS|C1orf122|PRPF6|MAN2C1|EIPR1|ECH1|PTGR2|ZSWIM1|ATP5MC1|DIPK1B|PTDSS2|SEM1|MRPS28|C22orf39|ARHGEF6|SLC48A1|MAOA|FKBP3|AIFM1|TRIM14|INTS3|CISD3|YIF1B|PDCL3|TMEM256|CENPM|GTF3C3
GSE23568_CTRL_TRANSDUCED_VS_WT_CD8_TCELL_UP	0.726837299805418	1	-0.255153648723408	-0.904029924030615	4855	183	SPIB|TEP1|PBX3|IL15|IFI30|MARCKS|CIITA|CD37|SPSB2|P2RX4|IL4I1|EPS8|ETFB|ECI1|ZC3H12C|CD19|SLC7A7|TPD52|ERO1B|TXNDC16|ENTPD1|G6PD|INPPL1|RNH1|LYL1|TMEM199|CARHSP1|NDST1|LIFR|PAFAH1B3|ERP29|MTCH1|C9orf85|PDK3|RBM26|S100A6|PARP1|CTSZ|CCDC28B|CTSH|MTM1|C15orf39|TOR3A
GSE23568_CTRL_VS_ID3_TRANSDUCED_CD8_TCELL_DN	0.997905759162304	1	-0.207122242791361	-0.735281877957802	6670	188	ADAM19|IL15|POLR2L|SYCE2|NDUFA2|UBL5|MRPL41|ROMO1|AURKB|ACTN2|MX1|SELENOH|KRTCAP2|ID3|ROM1|PSMB6|UQCRQ|F2R|POLR3K|ATP5IF1|SNHG6|CDCA3|NUDT1|YJU2|MYBL2|NFE2|FLOT1|RPS26|RWDD4|ATP5MG|MCM2|NDUFB6|ITGAE|CCDC28B|C19orf53|PDXK|MCM7|UHRF1|MRPS28|CEP89|CDC20|CDCA8|KIF22|PSMB3|NDUFAB1|CBX6|AP2S1|BAG6|PRC1|BIRC5
GSE23568_ID3_KO_VS_WT_CD8_TCELL_DN	0.785105428443248	1	-0.249851016172776	-0.882812908810583	5249	178	SPIB|PBX3|IFI30|MARCKS|CIITA|CD37|P2RX4|HLA-DOB|IL4I1|APOE|DDX41|ZC3H12C|OSBPL5|CD19|SLC7A7|TPD52|NAPSA|ERO1B|TXNDC16|MX1|LYL1|POLD1|NECAP2|TTC4|NFE2L1|TRAPPC5|CARHSP1|HIP1R|TRMT2A|POLR1H|PAFAH1B3|IRAG2|SMARCD2|C9orf85|RBM26|CD81|PARP1|ATP6V0B|CTSZ|CLCN5|CTSH|PDXK|ZDHHC14|TOR3A
GSE23568_ID3_KO_VS_WT_CD8_TCELL_UP	0.879892440991933	1	0.230443458145716	0.877176287599341	2944	191	MYO1F|TTK|CCL5|DTL|NEDD4|CKS2|TOP2A|ANLN|BPNT2|AMZ2|CPD|KIF11|TXNL1|NIPSNAP2|CIP2A|POLA1|ARPP19|GCLM|NUSAP1|MAD2L1|SAR1B|KIT|CDK1|ARPC3|RDH11|NDUFA5|RFC5|SNRPB2|BUB1|KCTD9|S100A10|STMN1|ELOVL6|CA2|RACGAP1|NEK2|CYB5B|YIPF4|GABARAPL1|GYG1|LMNB1|BLM|PCLAF|CISD1|RFC3|FABP5|SEC61G|CCNB2|ALYREF|POLR2K|GATD3|SSX2IP|DLGAP5|BCL2L11|NCAPH|KDELR2|HMGB2|TCF19|ASPM|SNAP23|SIRT3|TM2D2|S100A1|GSTO1|SLC31A1
GSE23568_ID3_TRANSDUCED_VS_ID3_KO_CD8_TCELL_DN	0.766566265060241	1	0.240420636498787	0.910873112764251	2544	186	ZNF841|TTC39B|CD83|TSPAN32|PDK1|MS4A6A|HLA-B|RRM2B|IL18R1|RNF138|ARIH1|PJA1|EIF4G2|AKAP12|SMAD4|YWHAQ|TOB1|SLC44A1|EPS15|RANBP9|HSD17B11|IL6R|OTULINL|CR2|ATP6V1D|SLC25A36|SKAP2|DYRK1A|SNX13|IL10RA|DNAJA2|ITM2A|ATP11A|SNX2|DNAJB9|CYP4V2|CD47|CA2|GLTP|ITM2B|CCDC90B|HNRNPA1|RBM25|GALNT10|DDX6|PPID|MYCBP2|CDC42SE2|EIF4A2
GSE23695_CD57_POS_VS_NEG_NK_CELL_DN	0.983127448026514	1	-0.218112012743318	-0.775814738053653	6525	194	PAK1|BCO2|PLAT|ZFTRAF1|RHBDD3|C2orf42|NDUFA2|CLN3|APOE|TFPT|COX17|HYLS1|SLC23A3|MAP1LC3A|CDKN2D|CRAMP1|AKR1B1|EMC4|CHCHD6|AMHR2|H2BC5|DDT|CDK2AP2|PLK3|BRPF1|PDRG1|PDGFA|RAB40C|FIZ1|FBXL3|ZBTB43|CAPG|HES1|NBDY|SKI|JMY|MANBA|WDR53|PIGS|MOAP1|ACYP1|SAP30L|HSPA1B|BRD2|KDM6B|SNAPC2
GSE23695_CD57_POS_VS_NEG_NK_CELL_UP	0.964445772333433	1	0.220233864690991	0.838313768539021	3227	191	TRAPPC2B|PARPBP|ATG16L2|CDC7|SEC24B|NABP1|ANKRD27|MTX1|MGAT2|FAM107B|HDAC2|PFKFB3|RANBP2|HEATR3|ANKHD1|DMTF1|EPS15|RPF2|RCBTB2|SH3PXD2B|LFNG|BMF|SHTN1|MRPS23|PRRC1|PSMG2|SAMSN1|SRP72|TRMT11|RBPJ|ANKRD46|MED7|EBAG9|WDR11|EIF4G3|FAM3C|PIK3CG|BAG2|ZNF823|TRIM32
GSE23925_LIGHT_ZONE_VS_NAIVE_BCELL_DN	0.999702292348913	1	0.19205920122149	0.732767046524571	3357	193	ZNF708|DNAAF9|RAD52|NAA30|TMEM106B|TP53INP1|OTUD1|LGALS8|LANCL1|CUL4B|RTN4|ZNF383|FGFR1OP2|CDC27|C12orf56|GALNS|FLCN|PPIL4|GUF1|SCAPER|PIGH|ZNF654|ANKRD46|ZNF846|SNRPB2|SNX2|CLTC|NEU3|BACH1|RIOX2|ATF2|PSMA6|COMMD10|ATG12|TIA1|COX15|UPF2|FUCA2|PSIP1|KLHL7|PAPOLG|TIPARP|RDH14|ZYG11B|PAICS|ZZZ3|ZNF346|TASOR2|MZT1|NPRL2|MBD2|KDM4A|OFD1|CDK19|EEF1B2|TXNIP|MFAP1|SIRT3|HARS2|MRPL19|THOC5|ATAD2B|IWS1|RABGGTB|WDR82|PPCS|PPIC|USP30
GSE23984_CTRL_VS_HYPOCALEMIC_VITAMIND_ANALOG_TCELL_UP	0.990509189514914	1	-0.214659818177247	-0.763535435371968	6574	194	ABRACL|GLYCTK|MGAT4A|COX6A1|LPCAT3|UQCR10|ETHE1|SMAD6|KLF7|PTGIR|NLRX1|MIF|SPINT2|C19orf38|SLC6A13|SH2B2|DMPK|DDT|STING1|IGF2R|HSD17B7|ENO3|PGP|PARP3|SLC37A4|CRELD1|FASN|TANK|MRPS11|PTGES2|PHETA1|C19orf25|CNIH4|ATP5F1D|PSMA7|PSEN1|AARS1|TRAF3|VEGFA|NECTIN2|ATP5MC1|SESN2|PARL|LANCL2|AP1G2|HYAL2|CCDC125|SLC4A7|SLC25A10|RC3H1|AP2S1
GSE24026_PD1_LIGATION_VS_CTRL_IN_ACT_TCELL_LINE_UP	0.992499249924992	1	0.211129800491248	0.794098381524082	3307	177	SLC18A2|DYNC2LI1|IFIH1|DOK2|IL10RB|HLA-B|CKS2|TESPA1|BATF3|CCRL2|PHLDA1|MT1X|PUS3|SCCPDH|BCL9|IFIT3|CNOT7|DNAI4|MYL12B|ATP6V1D|CNIH3|HLA-C|C1orf54|ITM2A|B3GNT2|IFI6|TRBC1|S100A10|COX7B|GOLT1B|ANXA1|ATP6V0E2|PLAAT4|LRRC23|NMRK1|PTPRC|MRPS33|TMC7|NMI|HMGCS1|CSAD|ZNF195|PEX2|ATP6V0E1|SEC61G|PFDN5|ACOT13|COMMD3|VIM|STAT1
GSE2405_0H_VS_24H_A_PHAGOCYTOPHILUM_STIM_NEUTROPHIL_DN	0.820284697508897	1	0.237320041881852	0.891380072637806	2765	174	NUDT12|PRNP|PARPBP|CD40|SGO2|LONRF1|CDS1|DNAJC6|EGLN3|DTL|MOSPD2|DOCK7|FNDC3B|CRYZ|PROCR|DNA2|RHOBTB1|SNX24|FCRLA|DENND4C|MSANTD2|C2|PTPN14|PLA2G4A|CDC14B|IFT57|ESAM|SEPSECS|PYGL|CLIC4|MOB1B|APEX1|RBBP8|NEK2|STIL|FUCA2|TLE2|BAIAP2L1|SEPTIN8|ATAD5|TBC1D23|REEP3|CENPE|LRR1|TBL2|SKP2
GSE2405_0H_VS_3H_A_PHAGOCYTOPHILUM_STIM_NEUTROPHIL_DN	0.74678582627783	1	-0.260354929860034	-0.886375860155277	4762	132	FSTL3|ELOVL3|ADGRG3|STKLD1|ASIC3|C22orf46P|ADAMTSL4|APLNR|CEP250|CILP|RPP38-DT|FMN2|NYAP1|DIPK1C|BATF2|ADGRB3
GSE2405_0H_VS_6H_A_PHAGOCYTOPHILUM_STIM_NEUTROPHIL_UP	0.984079303094022	1	0.214478653876278	0.808500886243179	3275	180	SETDB2|ZNF70|SESTD1|UAP1L1|ZBTB22|TLE4|TRUB1|RAPGEFL1|TXNL1|RFX5|THAP9|PSMA1|SACS|PROCR|RIF1|ZNF34|ZNF664|SLC39A1|SYTL3|SIRT5|RBM43|ZBTB34|SPATA20|VRK2|SP1|TMEM14A|PRDX3|TMEM237|SNW1|PWWP2A|SUGT1|ZNF621|THOC7|RPA2|SERTAD3|PSME4|ZNF148|SGMS1|SLC4A1AP|SMC4|SFT2D3|SLC35A1|TAX1BP1|STX8|ZNF473|ZNF714|SH3YL1|SUMO3|VIM|RPS6|SMURF1|RMND1|SLC37A3|TBC1D12|TBC1D4|SCML2|XRN1
GSE2405_0H_VS_9H_A_PHAGOCYTOPHILUM_STIM_NEUTROPHIL_DN	0.999108999108999	1	0.199683102786647	0.763814842188714	3363	195	CD3G|UQCRB|ACTR3|CKS2|TBCA|RBMXL1|LDHA|EIF4G2|NPM1|PPP1CC|GDI2|PSMA1|PRKAR1A|RPL39|KPNA2|DAZAP2|RAP1B|CNBP|RPS27L|SDHD|ATP5F1C|LDHB|YWHAZ|DDX5|RRM2|ARPC3|CDK2AP1|PTP4A2|RPS3A|UBE2D3|RPL6|PSMA6|RBBP4|RPL7|STMN1|CWC15|RPL4|MRPL30|HMGB1|CAPZB|PCNA|HSP90AA1|ATP5PB|RPL5|EIF4B|PCLAF|RFC3|FABP5
GSE2405_0H_VS_9H_A_PHAGOCYTOPHILUM_STIM_NEUTROPHIL_UP	0.852642738149326	1	-0.242687814352889	-0.849874315506442	5629	166	UBL3|POU2F2|RAP1GAP2|VMAC|TMEM81|SHISA7|ODAD4|RHBDF1|RTTN|SLC3A2|TCIRG1|PDLIM3|APOD|TGFB3|SPOCD1|SLC29A2|TXNDC16|RECQL4|PRSS30P|USP20|SLC25A45|PNKP|SLC43A1|ZNF329
GSE2405_HEAT_KILLED_LYSATE_VS_LIVE_A_PHAGOCYTOPHILUM_STIM_NEUTROPHIL_9H_DN	0.981041227806199	1	0.214862063096334	0.812779445527312	3259	184	STAP1|PRKCH|GLMN|RAD52|B3GALT4|DERA|RAMAC|ZNF277|C8orf58|PAIP2|PJA1|NOL11|MYNN|LRRC28|PIAS2|UBASH3A|CD96|TXK|RUNDC3B|AP3B2|EGR2|DDX18|NME7|ITM2A|CARD6|CRY1|STK24|ERC1|CEP57L1|UBE2D3|PIK3CG|KLHL6|ZBTB25|GART|IPP|RPF1|SFXN2|CFAP298|BTF3L4|PPP2R1B|RAE1|ATF1|POLR1B|RAB35|LTA4H|DRG1|NT5C2|DOCK8|BAG5|GOT1|YME1L1|PRMT5|TMEM164|TXNIP|ABCB9|ZC4H2|SMARCAL1|VPS26B|MTA3|PLD3|GSKIP
GSE2405_HEAT_KILLED_VS_LIVE_A_PHAGOCYTOPHILUM_STIM_NEUTROPHIL_24H_DN	0.71892633826445	1	-0.258270864889894	-0.901119825409563	4713	161	ZNF341|POU2F2|PDE2A|PITPNM3|SLC8A2|RPL28|TIMP3|PYCARD|TCAP|ZFPL1|RHBDF1|SRCIN1|PHB1|SERPINE1|ZNRD2|RHOF|PPP4C|PRSS30P|PNKP|POU6F2|THBD|RIN1|PGP|RPL27|ZNF628|ZBTB43|POLR2A|TNIP2|TYW1B|EMC6|PDXK|SESN2|RPS5|SNX15|SETD5|PLBD2|URB2|PRPF8|SHARPIN|PHF19|TMEM231
GSE2405_HEAT_KILLED_VS_LIVE_A_PHAGOCYTOPHILUM_STIM_NEUTROPHIL_9H_UP	0.990140424260532	1	0.21156476725777	0.805315102556056	3313	191	TTC39B|LNX2|RGS2|COPS2|ARL5A|TBCA|RAMAC|ADPRHL1|LDHA|NPM1|C5orf34|GNPAT|HPRT1|C18orf32|INTS8|SAR1B|PXYLP1|GTF2H2|SDHD|ASNSD1|HERPUD1|UBE2E1|CRABP2|CACUL1|DNAJB11|S100A10|PSMA2|VMP1|CWC15|PAPOLA|INPP5B|MAK16|ETF1|YIPF4|RBM48|SGMS1|YWHAH|SSBP1|ADH5|PRPF40A|DNAJB6|GHITM|LTA4H|RBBP7|SP4|BTF3|POLR1F|PPP4R3A|MRPL33
GSE2405_S_AUREUS_VS_UNTREATED_NEUTROPHIL_UP	0.924658562209215	1	-0.232490277794271	-0.82589649354617	6160	190	RHBDD3|FAM178B|METRN|GSDMD|COMMD4|DDX41|ETFB|GIGYF1|CSF2|PDCD11|ALDH16A1|ACVR1B|NDUFA11|PPIE|MED22|HIGD2A|KSR1|FDXR|FAS|VPS18|EXOSC5|ACP6|CTSD|PRF1|MBD3|ENO3|ULBP1|FAM98C|GPAA1|FBXL6|NR2C2AP|ZNF205|DUSP9|USB1|APTX|KYAT1|COMMD6|TMC8|NDUFA7|RPS6KB2|ATP5MG|EML2|NOL6|ITGAE|CHCHD1|SIK3
GSE24081_CONTROLLER_VS_PROGRESSOR_HIV_SPECIFIC_CD8_TCELL_UP	0.81508216863769	1	-0.24864285306841	-0.864041971741026	5306	157	TGFB1I1|MATN1|NEIL1|CCR7|AQP1|TLX1|ABCB4|LPCAT3|PBLD|N4BP3|TNFRSF21|EEIG1|RPL23|FOXP3|ZBTB3|PIK3IP1|GAS2L1|SLC15A2|SLC6A13|MXD4|PAEP|FILIP1L|SNRNP200|RPS16|NBL1|PPP2R3C|PRKAB2|COX16|SPATA2|FBXO31|ITGA5|LMNA|EEF1D|APBA2|SKI|CHRD|CKB|MOAP1|WDR45B
GSE24102_GRANULOCYSTIC_MDSC_VS_NEUTROPHIL_DN	0.749775381850854	1	-0.252581289846897	-0.894384336573662	5006	182	NAGK|GASK1B|ANKH|NOL12|TMED9|SLC12A4|PRPF31|NAA38|ROMO1|TMCC3|SLC7A7|OR2T33|MICU3|MST1R|PPIE|RASGRP1|LUC7L|HS6ST1|TIMP1|STX4|MET|ECE1|MDFIC|PYCR3|SRM|RPP14|CHID1|ATPAF2|SNX8|WDR83OS|NUDT17|HSPBP1|NFKBIB|TUBB2B|TNIP1|TSR2|SUMF2|MYCL|PSMB4|WDR74|GAS6|PARP1|DTX2|EIF4G1|POP7|PLEKHO1|NFKBIE|B3GALT6|E2F6|IRAK2|TTLL12|DNAJA3|MFHAS1
GSE24102_GRANULOCYSTIC_MDSC_VS_NEUTROPHIL_UP	0.814493187602935	1	-0.245910707533418	-0.871413532817951	5439	184	PURG|CREBRF|NDOR1|SMPD1|CHAC1|CD84|TSPAN5|SLC12A9|DHRS1|IFITM2|HSPB6|SLC23A3|SLC2A9|LBP|CIB1|SAMD10|PCGF1|BRD3|NAA60|TMEM18|EXOSC5|PNKP|GMFG|MTFMT|ATP13A2|CPNE1|PALM|MFSD10|ANKRD13D|RAB11FIP4|PLEKHF1|RGS19|RAB30|MANEAL|FGF2|GSK3B|PNPO|C8orf82|ACD|LCMT2|DDX59|IER2|SAP30L|CLEC16A|CTNNBL1|PGAP6|ZFAT|AFMID|MYLIP|MAEA
GSE24142_DN2_VS_DN3_THYMOCYTE_ADULT_UP	0.955203619909502	1	-0.226990729602927	-0.799148523026153	6332	175	TEP1|TYROBP|LATS2|PLXNB2|ENC1|BSN|WFIKKN1|HBB|P2RX4|RCN3|ITGAX|HFE|DKKL1|THEMIS2|GRIK5|DHRS4|TIRAP|MORC4|CSRP2|DCXR|SORBS3|MSRA|BMP1|CRYZL1|CERS4|SLC6A9|SMCO4|SOX18|DDAH2|RAD54L|CTTN|CLSTN3|DTNBP1|SLC66A1|NR2F6|NRGN|S100A6|NECTIN2|IRF1|SERPINF1|KIF2C|RDM1|LDAF1|CEP89|ARID3A
GSE24142_DN2_VS_DN3_THYMOCYTE_DN	0.648765893792072	1	-0.262463689689492	-0.929091797331137	4336	181	SPIB|KLC3|CCPG1|N4BP2L1|FAM234B|FICD|AXL|LYST|DEGS2|FAM131A|TULP3|GCOM1|NSG2|DENND11|TRIM46|SPATA6|AHCYL2|CAMKK1|PGS1|NOTCH3|RPS6KL1|PXMP4|TBC1D8|SLC12A7|ANKS3|MED10|CHD1L|SHISA5|DGKA|HPCAL1|NDEL1|SIDT2|NDST1|KDM4B|CD3D|SH3KBP1|TMC6|NOPCHAP1|KCNH2|SOCS3|TRIM11|DESI1|RFXANK|ITPR2|RELB|GALNT2|RAG1|TAF1C|RNF19A|EDEM1|TCF25|TMEM50B|TMEM120B|IFT25|MBTPS1|MGST2|SLC16A1|PDPK1
GSE24142_EARLY_THYMIC_PROGENITOR_VS_DN2_THYMOCYTE_DN	0.950583598605427	1	-0.228947348418974	-0.803560495201118	6270	171	LAT|SPIB|MC1R|FSTL3|GLYCTK|AXL|TMEM134|DEGS2|MYL11|PDCD1|PPARG|GCOM1|RTKN2|TKTL1|AXIN2|LIG1|RPS6KL1|DGKA|CDK2AP2|HPCAL1|PDRG1|CARHSP1|GALE|DDAH2|KIFC1|MMP17|AKT2|CD3D|IRAG2|TK1|DTNBP1|IFNGR1|TUBB3|SH2D2A
GSE24142_EARLY_THYMIC_PROGENITOR_VS_DN2_THYMOCYTE_UP	0.717797888386124	1	-0.257221710000885	-0.905221205634835	4758	174	UBL3|FES|PAK1|SMAD7|TYROBP|PLXNB2|GKAP1|ABCB4|ZNF467|PLA2G15|ITIH5|SMAD6|EEIG1|ITGAX|LGALSL|LBP|IER3|APOBR|CCND1|ACVR1B|FYN|THEMIS2|ENTPD1|SLC25A45|GFI1B|PRTN3|PARP3|IL18RAP|TSC22D1|TGIF2|RNF149|SASH1|NEK6|NIBAN2|LPCAT1|KCNH2|CD81|GATA2|TLCD2|METRNL|C9orf72
GSE24142_EARLY_THYMIC_PROGENITOR_VS_DN3_THYMOCYTE_ADULT_DN	0.999399759903962	1	0.199973012575579	0.753177030748284	3329	179	LIPG|SLAMF6|CD3G|MS4A6A|HSDL2|TM9SF1|DHX40|CKAP2|C18orf32|TCF12|RRAS2|ATP1B1|ERP44|AP3S1|QNG1|SYTL3|ATP8A1|SLC35D1|ERCC8|NCKAP1|GTF2H2|RHOA|ZW10|EPCAM|SEMA4A|UBE2D3|TRDMT1|CHUK|OSTC|MRPS33|NGLY1|GALNT10|SYF2|CHCHD3|BHLHE40|CDC42SE2|PRKCQ|CDK6
GSE24142_EARLY_THYMIC_PROGENITOR_VS_DN3_THYMOCYTE_DN	0.736849992507118	1	-0.254281266602128	-0.899276161394829	4916	180	LAT|SPIB|KLC3|AXL|ANGPTL6|DEGS2|PDCD1|SLC12A4|UBL5|TULP3|GCOM1|NSG2|TRIM46|SPATA6|MPG|SPINT2|PGS1|PKP3|RPS6KL1|ID3|ANKS3|DGKA|HPCAL1|TP53I13|MLH3|DGUOK|GPAM|CD3D|SMARCA4|SH3KBP1|IFNGR1|TMC6|TUBB3|SH2D2A|SOCS3|ABHD8|DNLZ|TRIM11|DESI1|CLK3|ITPR2
GSE24210_CTRL_VS_IL35_TREATED_TCONV_CD4_TCELL_DN	0.9998505678422	1	-0.19492815631561	-0.695145032187629	6690	197	BSPRY|ACADS|UQCR10|UBL5|LYPLA2|PRPF31|DNAJC15|NAA38|CIAO2B|LAGE3|FBXL15|SEC61B|GET3|LSS|SRM|SNHG3|CAD|PIN1|MBD3|NDUFB7|UQCRQ|BOP1|GFUS|CLUH|TMEM147|DLL3|CNIH4|POLR1G|NUDT2|CDC34|POLA2|AARS1|EML2|DNLZ|PMP22|TIMM17B|BCKDK|CDKN1A|EIF4G1|CCT7|METTL13|SMYD5|CTU2|CNOT9|NDUFA8|MRPS26|GPATCH4|EIF3B|CPTP|SLC25A10|CLPP|ALAD|UROD|PGLS|YIF1B|TMEM256|LAS1L|NAT10|SLC35A4|LETM1|SPRYD4|HSPE1|NHP2
GSE24210_IL35_TREATED_VS_UNTREATED_TCONV_CD4_TCELL_UP	0.781791044776119	1	0.240627130618122	0.90440138572366	2618	176	CNRIP1|PPP2R3A|IGSF9|BMPR2|FGF13|TLE4|KIF18A|VSIR|FOXN3|OTUD1|MACIR|RANBP2|PPIP5K2|FBXO44|PDS5A|ARL1|CBFB|SLC38A2|SPP1|ABCA6|CDH7|EGR2|CEP44|SMG8|CRY1|CNKSR3|TMEM14A|MYB|ADAM10|SEPTIN7|CFAP20|LRRC58|ZNF217|MTF2|MAK16|ADO|NSMAF|ADGRV1|PMS2|SSBP2|NDFIP1|PBRM1|ZBTB11|KIF2A|RAB3IP
GSE24210_RESTING_TREG_VS_TCONV_DN	1	1	-0.191142752789363	-0.679741484932837	6642	193	TCEA2|REM2|BSPRY|POLR2F|GTF2I|AXL|NDUFB2|LPCAT3|PRPF31|CYBA|COMTD1|NOP2|TBCB|AKR1B1|SRM|SNHG3|MBD3|DDX31|NSMF|JRK|CLUH|GNL3L|NDUFC2|PCYT2|NDUFC1|AKT2|TMEM147|LSM6|CNIH4|POLR1G|PNPO|NUDT2|QTRT2|CDC34|NDUFA7|ELAC2|CHCHD1|MRPL46|METTL13|NEFH|EIF3B|BYSL|NAP1L4|CPTP|YAE1|MESD|CLPP|EIF4A3|YIF1B|PBDC1|AHSA1|TMEM256|CCNQ|NAT10|SLC25A1|PDCD5|SF3A1|HSPE1|NHP2|RUVBL2
GSE24210_RESTING_TREG_VS_TCONV_UP	0.956646093632395	1	-0.226488827062754	-0.80543912537447	6354	193	FES|CCPG1|DPM3|H2BC13|ARID5A|ACAP1|RUFY1|EEIG1|IFT140|ELL3|RDH12|RASGRP1|ERO1B|HIGD2A|ARHGAP26|RGS14|TTLL1|COBLL1|USF3|SELENOH|SLC12A6|SPATA1|BIN1|HERC2|POLD1|UNC13D|RFC2|HPGD|SLC35D2|MADD|CDCA3|SUSD3|CNP|KLF13|MEF2D|SYS1|NUDT7|TRAF3IP2|MANBA|ITPR3|TRAF3|CDC42EP3|CTSH|SH3BGRL3
GSE24210_TCONV_VS_TREG_DN	0.982498130142109	1	-0.218633778324345	-0.773938864842512	6567	181	SYCE2|ATXN1|NCEH1|SLC46A1|DGLUCY|TFPT|UBL5|SPSB3|ZC3H12C|SLC41A2|CSF2|SLC2A9|NLRX1|ROBO3|MCAM|TMEM107|LRRC75A|SELENOH|ADPRM|MZT2B|SPINDOC|MTFMT|SLC39A4|KICS2|MRAS|SLC35D2|SLC66A2|PTGES2|MRPS5|MGAT4B|BID|TTC12|MRPL17|TSPAN31|SEMA4B|FAM210A|PHF2|RHBDD1|GXYLT1|TOR3A|FAM185A
GSE24210_TCONV_VS_TREG_UP	0.907932223721697	1	-0.235805947007014	-0.832276286020511	6054	177	RAP1GAP2|RCAN3|BSPRY|PROB1|PDLIM2|SPSB2|NUDT18|ACAP1|RHBDF1|SLC41A2|ATG9A|DENND11|SAMD10|PKP3|TMEM18|SELENOH|MAP4K1|MZT2B|LYL1|UQCRQ|KCTD10|ARID3B|MFSD10|MGRN1|SLC35D2|PPP1R18|SUSD3|LYSMD1
GSE24292_WT_VS_PPARG_KO_MACROPHAGE_UP	0.689665471923536	1	0.244725107786252	0.932619124736735	2308	192	BATF|TNFRSF14|MMP14|C5orf15|TMCC1|EGLN3|TMEM106B|PLD1|ZBTB18|PPP1CB|DOCK7|MOB3B|LDHA|CD80|PI4K2B|TMEM37|TNFAIP8|TMEM123|SC5D|RAB3D|ERP44|ASS1|IPMK|HOMER1|PLA2G4A|MAGT1|DLAT|SOS2|IFT57|SAMSN1|NFE2L2|ACSL1|ZNF292|PYGL|PTK2|KDM3A|KCTD9|RLF|S100A10|PPP3R1|STARD4|MFSD14B|CEP57|PLBD1|PLSCR1|GINM1|ECHDC1|STARD7|FDFT1|TMEM167B|DCAF12|RAB10|LAPTM4A|TNFSF9|MAFF|PRDX5|CUL4A|MRPL33|MSL1|TRPS1|PGK1|GAB1
GSE24492_LYVE_NEG_VS_POS_MACROPHAGE_UP	0.964830011723329	1	0.219851559175286	0.823246667646327	3291	170	ENTHD1|EGR3|ZNF658|HLA-B|ZNF410|STT3B|FGF13|CLDND1|OTUD1|ZNF8|EDARADD|ITSN1|DCTN4|OLA1|MAPK8|ORC2|GPRASP3|TTC39C|CORT|LEFTY2|FOXC2|ARL3|CXCL11|PRR16|NSUN4|CPSF2|UBQLN2|IFTAP|PRR3|FBXO28|SDAD1|PARK7|TLE2|WBP11|ZNF473|MMACHC|ETV6|RIPK1|DNAJB6|DSN1|VSIG10|EHBP1|CCDC28A|RBM12|TSPAN3
GSE24574_BCL6_HIGH_VS_LOW_TFH_CD4_TCELL_DN	1	1	-0.192560010520353	-0.687641444868474	6714	199	LAG3|COX8A|COX6A1|SLC29A1|IZUMO4|ETFB|ETHE1|ECI1|IGFBP2|HSD17B10|PTGIR|AURKB|MIF|COMT|LTBP4|SLC43A1|CAMK1|DUSP4|BCAT2|STXBP2|TRAP1|MFSD10|HMGN2|KIFC1|RAD54L|PYCR1|RTL8C|FKBP2|THOP1|LMNB2|PCK2|SRGAP2|CSTB|DNMT1|PARP1|ATP5MC1|KIF2C|PSMC3|PCBD1|EBP|METTL13|EIF4A1|DHCR24|OIP5|AP2S1|H2AX|UBA1|NPC1|PDIA6|TRIP10
GSE24574_BCL6_LOW_TFH_VS_TCONV_CD4_TCELL_DN	0.980731597169953	1	-0.21897594333578	-0.778721822907193	6514	193	STX11|COX8A|PSMB9|COX6A1|NDUFB8|SLC29A1|TMED9|TRAIP|H4C3|ECI1|HSD17B10|AURKB|MIF|COMT|SRR|NFIL3|HMGCL|DUSP4|BCAT2|YIF1A|SRM|SLC1A5|HMGN2|GALE|KIFC1|RAD54L|PYCR1|RTL8C|PLXNA3|HIRIP3|MYBL2|TUBG1|FKBP2|GSTP1|THOP1|ESPL1|UBE2M|LCMT2|AARS1|MCM2|PARP1|TIMM17B|MCM3|ATP5MC1|TXN2|PCBD1|EBP|MRPS12
GSE24634_IL4_VS_CTRL_TREATED_NAIVE_CD4_TCELL_DAY10_DN	0.948069440287339	1	-0.228357442622407	-0.809648453807036	6334	186	HSPA6|TYROBP|STX11|C3|IRF7|CTBP2|CLDN7|MT2A|TPBG|SYNGR1|TRPV2|GRN|TCIRG1|MICALL2|CIAO2B|CRYBG1|MNDA|LONP1|APOBR|IFT27|GBP2|PSMB6|IGF2R|TAP2|DHRS3|CDCP1|TSEN34|CEBPB|VPS11|BLVRB|P4HA2|HMG20B|ASRGL1|RCN1
GSE24634_IL4_VS_CTRL_TREATED_NAIVE_CD4_TCELL_DAY7_UP	0.95035142814416	1	-0.228009019685772	-0.80851807345992	6354	185	IL21R|SEMA4D|ITGA4|TMEM258|RNF5|NDUFB8|SYNGR2|PLA2G15|CUL9|DTYMK|COL6A1|STK39|AURKB|STAB1|EMP3|H4C2|MZF1|CAPN10|CCL24|CYREN|RPS16|UQCRQ|NDUFA1|HYAL3|NDUFB1|NPDC1|UCP2|DHCR7|NEDD8|AKT2|WNT5B|ZBTB6|TK1|HSPA1A|ESPL1|NDUFA7|EMC6|MCM2|CCDC28B|C19orf53|CTSH|ASL|EPB41L2|KIF2C|LANCL2|AKR1A1|CDC20|CDCA8|OIP5|AKR1C1|CTPS2|MCM6|HK1|TRIM14|BIRC5
GSE24634_NAIVE_CD4_TCELL_VS_DAY3_IL4_CONV_TREG_DN	1	1	-0.186180614670516	-0.662236173902346	6637	194	TIMM8B|DDB2|TNFRSF21|APLP2|SLC35G2|HSD17B10|P2RX5|MCAM|SPINT2|MED22|DPP3|MRPS14|PXMP4|RAMP1|TACC3|SNU13|POLR3K|GALE|SMCO4|RAD54L|PFDN2|NCAPH2|MREG|NCAPD3|RAD50|BID|HSPA1A|SLIRP|DHX30|ESPL1|NDUFA7|MRPL17|BCL2L1|COASY|ITGAE|CTSH|PDXK|BCKDK|ATP5MC1|CCT7|DHX16|MRPS12|MRPS28|RCC1L|DHCR24|CCT3|EIF3B|EMC8|H2AX|RAB13|NT5DC2|SUPT16H|EXOSC2|AHSA1|GMPPB|TUBB4B
GSE24634_NAIVE_CD4_TCELL_VS_DAY5_IL4_CONV_TREG_DN	0.773349558868269	1	0.238594506373992	0.912334461634033	2541	199	BATF|CCNE2|CAPZA1|CMTM6|UCHL3|ETNK1|PALS2|UBE2N|HSPA14|NDC80|NEIL3|IDH1|GMPS|SYT11|SGCB|ARL3|KIF3A|ATP6V1D|PSMG1|RRP15|PPA2|SLC25A32|RBPJ|AASDHPPT|CASP3|CTNS|MYB|HSPD1|DNM1L|ACAT1|HEATR1|DERL1|RNF14|PSMC2|SLC25A5|ETF1|CYB5B|TIMM17A|GTDC1|EXTL2|ITCH|CENPE|CISD1|TBL2|DKC1|ACOT13|PPAT|ATP6V1C1|KPNB1|KNTC1|GLO1|FAM98A|ATG3|MPP1|UBE2K|MRPS2|MED20|IMMT|MELK|KDELR2|HSPA8|RWDD2B|WARS1|BRCA1|GSTO1|SLC31A1|ANAPC1|ACTB|CSNK2A1
GSE24634_NAIVE_CD4_TCELL_VS_DAY7_IL4_CONV_TREG_DN	0.999702734839477	1	0.178453680692319	0.681787919045792	3362	194	LBHD1|BATF|STAP1|PARPBP|CDC7|B3GALT4|PSMA1|GINS1|TRIB1|NEIL3|TMEM106C|MAPK1|NUSAP1|EIF2B2|GFI1|FUT8|SQOR|RRM2|RFC5|BUB1|KIF15|DNM1L|ANXA5|DERL1|RBBP8|PUDP|SLC25A5|ACAT2|PSMD14|ASXL2|SMC4|PLAAT3|ATAD2|ITCH|BLM|CENPE|CISD1|RFC3|PAICS|GOLGB1|CCNB2|EXO1|ALDOA|KNTC1|SERPINB1|RAP1GDS1|POLD3|MED20|IMMT|MELK|FEN1|KDELR2|ACOT9|RPL39L|RPA3|WARS1|GSTO1|SLC25A20|RAC2|GSTZ1|FANCL|LAP3|PPP4R1|GABPB1
GSE24634_TREG_VS_TCONV_POST_DAY3_IL4_CONVERSION_UP	0.996576362012504	1	-0.208476088479694	-0.744204204638906	6694	198	SPAG1|NUP210|TAP1|COX17|MICAL3|DTYMK|LONP1|WDR46|CTDNEP1|LIG1|MAP4K1|FBXO41|TACC3|DDX39A|POLE|PMPCA|SRM|TSFM|POLR3K|NTHL1|SFMBT1|PFDN2|VARS1|NCAPH2|WRAP73|NCAPD3|MYBL2|RAD50|HNRNPAB|MRPL24|UBE2M|MRPL17|TMEM184B|BCL2L1|ATP6V0A2|NOC4L|HNRNPM|POP7|TUBA3C|CCT7|CRCP|CNPY2|MRPS12|RBM10|SGTA|RCC1L|PRPF8|CDCA8|MRPL58|BYSL|CLPP|ILKAP|MAGOH|TSR3|EZR|SUPT16H|EXOSC2|RNASEH2A
GSE24634_TREG_VS_TCONV_POST_DAY7_IL4_CONVERSION_DN	0.7	1	0.24705251655432	0.927208257222101	2365	173	C10orf95|FCGR2B|KCTD12|ZNF573|CCL2|SLC27A3|LGALS3|CSTA|TCF7|ST3GAL5|TMEM51|NPL|CTSS|MEF2A|KDSR|FNDC3B|SGPL1|CYP27B1|ZFYVE16|ZNF34|ATP1B1|FPR3|CHN2|TMEM176B|FCGRT|SHTN1|SLC30A1|ACSL1|C1orf54|LRP12|CREG1|UBE2W|PYGL|SNX2|ALDH2|CYBB|TTC3|CA2|RBM47
GSE24671_BAKIMULC_VS_SENDAI_VIRUS_INFECTED_MOUSE_SPLENOCYTES_DN	0.921591921591922	1	0.225276487662928	0.861712996602101	3102	195	COPS2|GLMN|PUS10|SCOC|TEX15|DARS1|RAB29|B3GALT4|G2E3|MRPS24|ORC4|SRP19|TXNL1|PUS3|LIPT2|CCNC|AP5B1|APOA2|SLAMF7|ADRA2C|RIOK2|LZIC|ARV1|RBL1|UGP2|UBE2E1|SOCS2|STAU2|THOC1|EIF5B|MTMR4|DARS2|C4orf46|VMP1|THOC7|SENP1|TMX1|AIMP1|PSME4|TYSND1|CUL5|BZW2|L2HGDH|GLRX3|UTP25|DSN1|ZC3H8|RAB35|SUPT3H|TAF12|AFP|WDR3|ACTR6|KYAT3|ANAPC4|EED|EFCAB14|POLD3|ALG5|BTAF1|CSE1L|MRPS9|SMN1
GSE24671_CTRL_VS_BAKIMULC_INFECTED_MOUSE_SPLENOCYTES_UP	0.865410700828937	1	-0.240160741003272	-0.854528994758551	5741	195	BHLHA15|UBL3|ADAM19|PCNX1|CRLF1|RNF215|ITPKC|HLA-DOB|RAB33B|ZNF692|D2HGDH|GIGYF1|GRIA3|GCOM1|MAP1LC3A|NRM|FYN|SCAND1|ZNF839|HIGD2A|COBLL1|CHD6|TSC1|MXD4|YIPF3|DVL1|REXO1|RAB30|SLC66A2|ZMYND11|LMBR1L|ZBTB43|E4F1|ERP29|IL6ST|HCFC1R1|DUSP5|SKI|TPRA1|DICER1|C15orf39|RELB|FAM8A1|VGLL4|TLN1|MAST3|LENG8|STX16|C15orf61|CUX1|STRN3|IKZF5|CYTH1|WDR45|NPC1|DYNLT3|SDHAF1|TTC7A|SF1|BCL7B|CROT
GSE24726_WT_VS_E2_2_KO_PDC_DAY4_POST_DELETION_UP	0.998190591073583	1	0.201852039826506	0.764979557132738	3309	187	TTC39B|ATG4A|CLN5|TTPAL|EGLN3|CLDND1|GCNT2|SPRY2|FBXO30|SNAPC1|SC5D|C18orf32|GCLM|DDHD1|GTF2A1|HOMER1|TTC39C|PLA2G4A|MAGT1|DLAT|LRRC8C|IFT57|PPA1|SAMSN1|NFE2L2|TLR5|ZNF292|B4GALT5|PYGL|CUL2|SEMA4A|ARMC1|SMIM3|CYBB|COMMD10|PFN1|TMEM243|PLBD1|IL13RA1|HSD17B12|MPHOSPH10|PLSCR1|USO1
GSE24726_WT_VS_E2_2_KO_PDC_DN	0.910505836575875	1	-0.23456139913526	-0.831644775627924	6083	186	TRAPPC6A|IRF7|MGAT4A|BSCL2|CARD19|P2RX4|LPCAT3|KLF7|PDCD11|CYBA|ST6GALNAC6|COMTD1|LMAN2|SDF2L1|SPINT2|BCL3|MET|CMKLR1|ACP3|GBP2|LSS|ISG15|ATOX1|BCAT2|TRAF2|RNF181|PSMB10|FAM98B|ADCK5|CEBPB|PARP3|SLC37A4|FASN|P4HA2|CMTR1|RNF149|FAM177A1|AKAP7|MTHFD2L|TXNDC11
GSE24972_MARGINAL_ZONE_BCELL_VS_FOLLICULAR_BCELL_UP	0.881237233732127	1	0.232749972367184	0.867394002939296	3019	164	ITGB7|MAP3K10|KRT27|ARHGEF16|DHX58|USP25|PTHLH|KPNA3|GNB4|MTREX|IMPACT|NCOA4|RSRC2|NKRF|MTSS1|FIBCD1|RHOJ|RPS6KA2|CASP8AP2|AGL|DBT|POGLUT3|THOC1|IL17RE|TIPRL|WIPF2|DOC2A|CSAD|SEPTIN11|USO1|MPHOSPH6|YWHAH|RAB6B|DCAF12|KNOP1|NDUFAF2|GALNT6|ZC3HAV1|CORO2A|CRK|HEXB|KDM4A|CCNB1IP1
GSE24972_WT_VS_IRF8_KO_SPLEEN_FOLLICULAR_BCELL_DN	0.999095022624434	1	0.198615389662543	0.747110992504786	3311	178	VAV2|BTBD1|HNRNPLL|PRIM1|PPP1CC|FMNL3|ARMCX6|NUP107|GAS2L3|ATXN10|TMEM106C|NUSAP1|NUP133|AP5B1|PLPP3|INKA2|ABR|KCTD14|BEST1|CKAP2L|NIPSNAP3A|STAU2|NUP205|THOC1|BCL2|B4GALT5|PRELID3B|PIGC|DRAM1|IKBKE|KCTD11|PTPRC|ASB8|LATS1|CCT6A|BTK|C11orf54|DOCK2|KNTC1|ZC3HAV1|NAA35|KDM1A|RPS6KA3|SIMC1|HSPA4L|NAP1L1|RCOR2|SEC22B|TNFAIP3|ABI2|XPO1|NFKB2|SHC1|KAZALD1
GSE25085_FETAL_BM_VS_ADULT_BM_SP4_THYMIC_IMPLANT_DN	0.903016591251885	1	-0.236300142586404	-0.831593491711924	5986	174	ADAM19|C3|SEMA4D|NAGK|FGD3|P2RX4|DIAPH2|RUFY1|TRIO|HYOU1|RGS3|ZC3H12C|PLXNA2|KLF7|ICAM1|CCND1|CLCN7|TNFRSF1A
GSE25085_FETAL_BM_VS_ADULT_BM_SP4_THYMIC_IMPLANT_UP	0.837195305446885	1	0.235074318073183	0.889238291524591	2781	184	STAP1|CD40|IFIH1|MX2|TGFBR2|HLA-B|CCL4|NT5C3A|SLC39A10|MARCHF5|EGR1|PNPT1|MTHFD2|NAB1|WSB2|CWC22|CAMTA2|CMPK2|IFIT3|BRIX1|TAPBPL|RSAD2|GJC1|ELL2|DPH6|PCCA|CXCL11|JAK2|PPA1|SERTAD1|ACER3|NFE2L2|LRP12|DDX18|RBPJ|TMEM230|PCGF5
GSE25087_FETAL_VS_ADULT_TCONV_UP	0.999698795180723	1	0.189853571145566	0.719291471136436	3318	186	LBHD1|FAR2|IGSF11|TMEM135|CCRL2|MBTPS2|S1PR2|GLUD1|PPP1CC|RFX5|KNL1|PLEKHA5|LRRC28|ATP1B1|NEIL3|MRPS6|PTX3|SQOR|MBOAT2|RRM2|B3GNT2|CDK2AP1|TARS1|HNRNPK|NIFK|PSMA2|RBBP8|SUCLG1|PTEN|SLC25A5|LPCAT2|PSMD14|TOMM40L|SSBP1|ECHDC1|TIPARP|C16orf46|CISD1|INTS7|DENND1B|SORD|STAT1|PIP4K2A|PGK1|BCL2L11|MIR22HG|UQCRFS1|ATIC|VPS26B|ZMYM4|CEP83|MTERF3|NDUFS4|NFKB2|ME2|GAPDH|PHKB|CENPA
GSE25087_TREG_VS_TCONV_FETUS_DN	0.98698224852071	1	0.213131209262481	0.799898822550358	3335	173	PITPNC1|PTGDR2|IGSF11|MAN2B1|ARHGEF16|POU6F1|TRMT61B|KLHL24|GGPS1|ZNF8|LGALS8|LDHA|HEATR3|NAB1|TOB1|ADD3|EARS2|PGRMC2|HK2|H1-10-AS1
GSE25088_CTRL_VS_IL4_AND_ROSIGLITAZONE_STIM_MACROPHAGE_DN	0.659973025625656	1	-0.261749722612598	-0.925688663355307	4403	180	CTBP2|SPON2|SMPD1|ARSA|NUP210|MAGEH1|GHDC|CHST12|PLOD1|MOGS|PDE6D|DTYMK|TMEM208|GLG1|HS6ST1|STC2|NLRX1|NFIL3|LRPAP1|TBCD|KRTCAP2|PELP1|NCSTN|SPINDOC|IGF2R|PIN1|GUK1|FBXW5|ATP5IF1|SLC39A11|CRELD1|NDUFC2|BTD|SAMD9L|OSTM1|LAMP1|CD3D|PPP6R1|RUSC1|APBA2|LPCAT1
GSE25088_CTRL_VS_IL4_AND_ROSIGLITAZONE_STIM_STAT6_KO_MACROPHAGE_DN	0.926395173453997	1	-0.232864156662841	-0.819501482370015	6141	174	IL15|TYMP|ABCC10|MYLK-AS1|BRME1|AKNAD1|SLC9A1|IL4I1|GOPC|KATNIP|MRPS18C|POR|PNMA3|LGALS3BP|THEMIS2|ZNRD2|DCAF15|MX1|SEZ6L2|BATF2|GGCX|OTX1|MAP7D1|RPUSD1|AGRN|NFE2L1|SELENOS|IL18RAP|FGF2|GIPC1|PDCD7|TSR2|ZNF707|ADPRS|PARP12|CCDC137|NECTIN2|DEXI|MCM3|UQCC6|EFTUD2|EHHADH|RNF31|UBE2Z|CNOT9|HLA-E|TTLL11|RELA|KDM2A
GSE25088_CTRL_VS_IL4_AND_ROSIGLITAZONE_STIM_STAT6_KO_MACROPHAGE_UP	0.884166417240347	1	-0.23793431292805	-0.843603546954999	5907	186	IGF1R|TEP1|PAK1|COL18A1|ATXN1|TMEM134|IGIP|RPLP2|NDUFA3|PEMT|RPS29|SCRN2|PYROXD2|ETHE1|HDAC4|ERMARD|KLK8|TRIB3|TSC1|EMP2|NDUFA1|SEC61A1|NOM1|BABAM1|MLEC|C6orf136
GSE25088_CTRL_VS_ROSIGLITAZONE_STIM_MACROPHAGE_DN	0.696535796766744	1	-0.262724425358058	-0.906438242728333	4523	146	TGFB1I1|AOC2|C1QTNF12|MADCAM1|ANKRD33|ZFPL1|D2HGDH|FOXH1|PDLIM3|DOK6|SORBS2|NUDT16|LINC01300|URB1-AS1|TAOK2|SRR|TRPC3|ACYP2|LINC02901|NDUFA4L2|NSDHL|ZNF490|USP19
GSE25088_ROSIGLITAZONE_VS_IL4_AND_ROSIGLITAZONE_STIM_MACROPHAGE_DAY10_DN	0.933253516911105	1	-0.231037970136872	-0.819152347932626	6235	186	GLB1L3|CDPF1|B4GALNT4|LRRC24|P2RX4|KCNK5|VILL|SPOUT1|TNFRSF21|DENND1C|KRT4|ARHGEF17|TGM1|MPG|CCND1|HS6ST1|SNX21|CA12|CNTROB|YDJC|GUCA1B|WDR4|RPP14|SLC2A3|TMEM120A|RCBTB1|SMCO4|NDST1|FLNB|ACADVL|IL15RA|MEF2D|METTL6
GSE25088_ROSIGLITAZONE_VS_IL4_AND_ROSIGLITAZONE_STIM_MACROPHAGE_DAY10_UP	0.873184608474323	1	-0.239833409069842	-0.849877910488801	5831	184	CYFIP2|ADGRG3|RHOBTB2|CLBA1|COX8A|NCEH1|GRN|TMED9|TMEM63A|SREBF1|TMEM86A|SIAE|CDKN2D|PIK3IP1|TXNL4B|RIPOR1|C12orf57|RGP1|TRIOBP|LMF1|NFRKB|FHIP2B|SCAP|RAI1|RNF181|NFKBID|MAP4K2|ATP13A2|DUSP7|BORCS8|PHRF1|RPL10|BLVRB|NR2C2AP|TRPT1|C12orf75|FKBP2|ZNF251|SYS1|MANBA|C11orf71|ITPR3|MR1|PTGR2|FHIP2A
GSE25088_ROSIGLITAZONE_VS_IL4_AND_ROSIGLITAZONE_STIM_STAT6_KO_MACROPHAGE_DAY10_DN	0.96566265060241	1	0.219031844306666	0.829838156672188	3205	186	LONRF1|C5orf15|DARS1|DTX3L|B3GNT5|MOB3B|EAF1|PI4K2B|RFX5|ZNF146|PSMA1|PROCR|FNIP2|GCLM|YWHAG|APOL2|WTAP|IFIT3|SLC2A13|SCARF1|PLPP3|FPR3|SPP1|ATP6V1D|NOP58|FLCN|PDE12|SQOR|DDX18|UBA2|IFI6|DNAJB11|GIMAP2|HPS5|HACD3|DERL1|OSTC|UBQLN1|ATP13A3|P4HA1|GNL2|ALDH1A2|GNL3|RAB1A|TOMM40L|HSP90AA1|TFG|PSMC5|SEC61G|NCOA5|HSPA5|RIOX1|RRN3|FBXO4|PSMA3|AZIN1|KYNU|PARP14|PRKX|SRSF10|MAP2K1|CCDC93|STOM|GTF3C6|RBIS|NOL10|ZEB2|GSTO1|CALU|ADAM17
GSE25088_ROSIGLITAZONE_VS_IL4_AND_ROSIGLITAZONE_STIM_STAT6_KO_MACROPHAGE_DAY10_UP	0.693975903614458	1	0.246411505547209	0.933570505208458	2303	186	RPGRIP1|TGFBR2|H2BC6|TBC1D10C|SNX18|ABTB1|MANSC1|NT5C3A|TLE4|MAP3K1|VSIR|NCOA4|BNIP3L|PAIP2|ZNF641|MKRN1|PPP1R12A|COP1|MAPK1|OSTF1|SYNE2|ARSG|F5|KIT|PCMTD1|NATD1|RTN3|XKR8|CELF2|FAR1|HYCC2|GDE1|C8orf88|PPP2R5C|PTEN|PTPRC|PARP16|TMT1A|CHMP1B|MRTFA|UBE4B|PHF21A|SLMAP|NUP50|TMX4|BICD2|DOCK8|CCDC28A
GSE25088_WT_VS_STAT6_KO_MACROPHAGE_ROSIGLITAZONE_AND_IL4_STIM_UP	0.955133995784402	1	0.22126492229856	0.835934873256598	3171	183	PRNP|RAD54B|POC1B|ZBTB22|TMEM143|PBK|DUSP22|ERI1|KPNA2|SLC19A2|SMARCA5|COPS3|EMILIN2|OOSP2|SERPINE2|MRPL15|SLC35D1|ICA1|RPS27L|SLC20A1|SLC25A3|RBL1|NSUN4|MEAF6|CDK1|RABL3|CMPK1|NRAS|DBF4|ACLY|C4orf46|ZMPSTE24|TNPO1|CTDSPL2|IPP|SUCLG1|CFDP1|RCN2|SLC9A5|HSD17B12|PSIP1|WEE1|MMS22L|HACD1|DDX20|CENPE|PCLAF|CISD1
GSE25123_CTRL_VS_IL4_AND_ROSIGLITAZONE_STIM_PPARG_KO_MACROPHAGE_UP	0.861885991510006	1	-0.242263655829292	-0.849267108178272	5684	169	FAM171A1|IL15|TCN2|ATRN|RAB34|TMEM258|ABCA7|QSOX1|B3GAT1|NBEAL2|GGA1|RIGI|SLC29A2|TIGD2|GAS2L1|RGS14|TMEM18|LTBP3|AREL1|FRA10AC1|TRIP6|DGAT1|MSRA|ING5|CERS4|TIMM10|DEF8|TSPOAP1|MPV17|FLNB|METTL6|TMBIM6|NEU1|SNAPC4|INPP5E|CSTB
GSE25123_CTRL_VS_IL4_STIM_MACROPHAGE_DN	0.668375037684655	1	0.247494561817816	0.938947563316435	2216	188	RFX3|ARMCX1|CCNG2|TBC1D32|SESTD1|KLHL13|NXN|HVCN1|FXYD7|CMTM6|EIF3E|GNB4|MAP3K1|DERA|DOCK7|TAB2|CDCA7|SPRY2|PIKFYVE|WASHC4|ZFYVE26|YWHAG|ESD|SLC19A2|SLC2A13|CDHR1|GPR183|DOCK10|NREP|KIT|SLC20A1|MICALL1|JAK2|RAB5A|RPE|IL10RA|RBPJ|PTK2|ARMT1|IFTAP|MYC|KMT2E|MAML2|PTEN|BHLHE40|STX17|FUCA1|ZZZ3|EIF2D|ASH1L|LTA4H|ANXA7|ZC3H7A|SH3YL1|EIF3H|INPP1|DST|POLR1F|PPP3CA|GAB1|DPH5|AMPD3|MACROH2A1|EEF1B2|SLC7A6|ATIC|TRRAP|OSBPL9|ZCCHC24|MAP3K4|IMPA2|ARHGAP21|NFKB2
GSE25123_CTRL_VS_ROSIGLITAZONE_STIM_PPARG_KO_MACROPHAGE_DN	0.816132858837485	1	0.237671825728169	0.893835959472746	2751	175	STK38L|AGO4|CMYA5|BMPR2|TRAPPC8|PKD2|SCN2A|TMEM135|STARD9|GNAI3|MAP3K1|C5orf63|ZNF277|GLUD1|MOSPD2|PAIP2|MOB4|RNF103|SH3BGRL|MFAP3|SDCBP|RP2|CPSF3|CORT|ZNF536|HERPUD1|FXR1|NFATC2|FAM91A1|PTP4A2|ANKRD12|PPM1K|CYP4V2|RCOR3|CNOT6L|CYBB|ATP6V0E2|ARHGAP5|MAPK14|PIAS1|MORF4L1|TBC1D23|REEP3|ESCO1|E2F5|PNRC1|SENP7|GGT1|PEPD|CAST|DOCK2|GDAP2|SCAI|VIM|CCNY|PPM1E
GSE25123_IL4_VS_IL4_AND_ROSIGLITAZONE_STIM_MACROPHAGE_DAY10_UP	0.715173563741094	1	-0.258113986693734	-0.905929701297045	4717	171	SAMD11|STX11|FARP1|B4GALNT4|MAPK11|GDPD5|GPR68|MAPK12|PDCD1|IFITM2|PDLIM7|CLDN12|SAMD10|NFIL3|TBCB|PTPN3|ADAP1|TIRAP|ACYP2|SLC2A8|CAMK1|ID3|EHBP1L1|ROM1|STOX1|DHRS3|PLK3|RAB11FIP3|SLC39A4|RILPL2|ITGAV|MALT1|ID2|PLEKHH3|BID|CAPG|DUSP5|CD81|CCHCR1|S100A6|ITGAE
GSE25123_IL4_VS_IL4_AND_ROSIGLITAZONE_STIM_PPARG_KO_MACROPHAGE_DAY10_DN	0.696983408748115	1	-0.259134333902464	-0.912313998751295	4620	175	TRPM2|KLHDC7B|SPMIP8|SEMA4D|GNG8|DGAT2|LINC00205|PIK3C2B|GNB3|EREG|ACAP1|TNFRSF21|RTTN|SGSH|SUN2|TSHZ3|FOS|TIMP1|EMP3|ENTPD1|IL1B|MAFK|MS4A4A|CSGALNACT2|ZC3H12A|EMP2|SEMA4C|SHISA5|PLK3|SLC25A16|CYB561D2|NPDC1|OAZ1|SLC5A3|FLNB
GSE25123_WT_VS_PPARG_KO_MACROPHAGE_IL4_AND_ROSIGLITAZONE_STIM_DN	0.766561985942874	1	-0.250984706310486	-0.889989665732162	5125	185	ZNF711|COL18A1|SPAG1|PAQR6|ABCA7|EXT1|RPGR|ACAP1|PYROXD2|SPIN3|TCIRG1|SNHG32|MICAL3|ARHGAP45|DENND11|CYTH3|ZNF345|TMEM38A|LSR|BRD3|RGP1|SV2A|USP20|MZF1|DACH1|QTRT1|RAI1|TMEM87B|XPC|TTC4|BRPF1|ZBTB5|APBB3|RGL2|JRK|TP53I13|REXO5|MREG|RPSA|MEF2D|SAMD8|APEX2|INO80D
GSE25123_WT_VS_PPARG_KO_MACROPHAGE_IL4_STIM_UP	0.84947209653092	1	-0.243377121029393	-0.856498974839269	5631	174	SMAD7|GLYCTK|ADGRG3|ANGPTL6|BRME1|CTU1|TRIO|PLSCR3|TULP3|TPD52|DENND11|LBP|AQP11|QSOX2|CDKL4|TSPAN9|KLHL4|GUCA1B|SLC16A5|SLC26A6|TREML2|BRPF1|ARHGAP39|DUSP7|SNHG12|NCKAP5L|CNP|MRPS5|WNT5B|KDM4B|H2BC18|CAND2|MAN2C1
GSE25123_WT_VS_PPARG_KO_MACROPHAGE_ROSIGLITAZONE_STIM_DN	0.687307455329636	1	-0.263483528928303	-0.912809727024089	4461	153	PLEKHN1|TCEA2|ZFP42|MELTF|LPAL2|ITGA4|SCN5A|TPBG|FTCDNL1|B3GNT8|RTN2|MIIP|APLP2|SLC12A4|CFD|NT5DC4|MCAM|SPINT2|SV2A|SLC12A6|CCDC57|ISG15|PROSER2-AS1|DHRS3|TAB1|G0S2|P4HA2|TRPT1|TMEM147
GSE25123_WT_VS_PPARG_KO_MACROPHAGE_ROSIGLITAZONE_STIM_UP	0.999701492537313	1	0.196796341666356	0.73966257940739	3348	176	DISP1|CNRIP1|WDFY3|BMPR2|RYR1|TP53INP1|PDGFB|CTSF|RBM4B|MTSS1|FCGRT|ICA1|USP33|SLC18B1|ABHD14A|GOLGA4|SNX13|SMG8|B3GNT2|CARD6|ARHGEF12|RAPGEF6|BMPR1A|CLTC|PPM1K|HACD3|CITED2|HOXB7|TMEM245|ITM2B|ARHGAP5|NMRK1|SCN1B|H2BC8|FAM118B|SGMS1|BTBD7|FCHSD2|PALS1|NFIA|BAG5|HECTD2|GATD3|DST|TBC1D12|SLC25A4|MAP3K5|DAB2|TBC1D4
GSE25146_UNSTIM_VS_HELIOBACTER_PYLORI_LPS_STIM_AGS_CELL_UP	0.98	1	0.215834846810674	0.811219142420037	3282	176	SGO2|IL12RB2|PANK3|ZBTB41|ANLN|G2E3|FAM76B|PIK3C2A|DNA2|SC5D|CMPK2|MPHOSPH9|TMPRSS13|PDE4D|SAMD3|PLXNC1|NOP58|CKAP2L|TAF1|GRK5|RRM2|BMPR1A|ZMYM5|RFK|MTMR4|SEMA4A|BAZ1A|KIF15|PTPN12|DNM1L|RPRD1A|MIS18BP1|PAPOLA|IKBKE|RACGAP1|CENPI|TUBGCP4|BCLAF1|SMPDL3B|IVNS1ABP|FYCO1|ESCO2|CKAP5|ATAD2|ATAD5|BTK|PTPN9|NDC1|GPSM2|GALNT7|DYNC1LI2|NAA35|USP15|DEPDC1|WDHD1|NCAPH|NCAPD2|NELFCD|CEP95|USP37|BRCA1|ZCRB1|GZF1|GNPTAB|G3BP1|GMEB2|PRPF3|WDR82|CDK16|TPR|TGDS|SSR3|MTO1|GTF3C4|CDC16|SBF1
GSE25147_UNSTIM_VS_HELIOBACTER_PYLORI_LPS_STIM_MKN45_CELL_DN	0.832971464019851	1	-0.247968640927453	-0.851666551924605	5370	141	ESPN|RPH3AL|ANKRD33|TMEM134|CPT1C|PDLIM2|PDCD1|RGS3|RTN4R|ITGA7|FOXH1|TSHZ3|SPATA6|IER3|NPAS1|GAS2L1|PSMG4|ACP3|LTBP3|FRMD8|ATOX1|ASNS|SLC25A16|PITX1|B4GALNT1|RBX1|MIR17HG|WNT5B|CLTA|CAND2
GSE25147_UNSTIM_VS_HELIOBACTER_PYLORI_LPS_STIM_MKN45_CELL_UP	0.841046277665996	1	0.238585832023335	0.879024923378671	2925	151	LY6G5C|BMPR2|STT3B|KLHL24|TBCA|ERI1|HYCC1|LYPLA1|SACS|DDX10|DENND4C|MTCH2|NXPE1|TMEM176B|TXNDC9|ATP6V1D|VAPA|SDHD|FBXO27|MRPS35|SNRPB2|CHD9|CCT4|TUBB1|DRAM1|PSMA2|SUGT1|HMX3|CHMP2B|GLUL|FRYL|GGH|RPF1|CAPZB|MPHOSPH6|CHCHD3|DSTN|UBE2V1|EXT2|ZYG11B|METTL9|LLPH|ALYREF|LYSMD2|DENND1B|MTMR9|VDAC3|UBE2K|PRKX
GSE25677_MPL_VS_MPL_AND_R848_STIM_BCELL_DN	0.681184668989547	1	-0.272062204208684	-0.901215824406454	4300	105	RINL|EXT1|HEPACAM2|GPR68|GAS5|ZC3H12C|IFI16|RASGEF1B|DENND2C|BRD4|PRSS53|HSPB9|GUCA1B|CALR|IGF2R|SLC1A5|GRIPAP1|OAS3|FKBP2|REPIN1
GSE25677_MPL_VS_R848_STIM_BCELL_UP	0.65962910128388	1	0.253134639355675	0.931288389597122	2311	149	BCAR3|CD36|CREBL2|HERC3|SLC38A9|NEDD4|BCAP29|DCLRE1C|FMNL3|CIBAR1|NAB1|UTRN|PDE8A|PLXND1|DRAM2|ATP6V1G2|ABR|S1PR1|PTPN14|ALPL|PDE4D|RUNDC3B|CD274|CR2|PLXNC1|ERO1A|INPP5F|ARHGEF12|WDR11|PTK2|ACBD4|UXS1|CYBB|HMGN3|MYC|TRIM32|ABHD5|SEMA7A|RBM47|LPCAT2|PLBD1|FUCA2|PTPRJ|PSMD14|BZW2|MYCBP2|FUCA1
GSE25846_IL10_POS_VS_NEG_CD8_TCELL_DAY7_POST_CORONAVIRUS_BRAIN_DN	0.964253529588465	1	0.22019566368747	0.830051783805581	3209	180	LPXN|EXO5|CATSPERB|DOK2|CUEDC1|ARL5A|HSDL2|MAP3K1|DERA|RAPGEFL1|DUSP22|NIPSNAP2|TNFAIP8|USP6NL|SH3BGRL|TMED2|RPL39|PRKRA|WDR44|IDH1|SPINK4|ATP6V1G2|GPR157|GALNS|AGL|FASTKD3|B3GNT2|PIGH|EBAG9|NIP7|MOB1A|ALDH2|CHUK|THOC7|ATP6V0E2|TUBGCP4|GPI|MAPK14|CEP170
GSE25846_IL10_POS_VS_NEG_CD8_TCELL_DAY7_POST_CORONAVIRUS_BRAIN_UP	0.733445738810546	1	-0.257442764833934	-0.895643089481291	4784	158	MTCL1|DNASE1L2|C3|ARHGAP33|CXCL1|GTF2H4|GPR176|KCNK5|CACFD1|UNC5B|ACTL8|MUC5B|PIWIL1|CASQ2|ZNF528|SLC15A2|TMEM255A|IL1B|ALDH8A1|FILIP1L|WDR18|SPN|LRRC37A2|SOX18|PRKAB2|RAD54L|B4GALT2|G0S2|TUBG1|HOXC6|TK1|NUDT7|EIPR1|TEDC2
GSE2585_AIRE_KO_VS_WT_CD80_HIGH_MTEC_UP	0.80599700149925	1	0.236528795172903	0.898714797029333	2687	189	GPR137B|PARPBP|GOLPH3|NCOA3|SLC38A9|SLC39A10|ZNF436|DEPDC1B|STRAP|ETFRF1|BCAP29|GLUD1|CBLL1|DUSP22|TFAP4|WDR35|DNA2|CAPN2|FNIP2|NLK|BTBD9|UHMK1|SIAH2|ATP1B3|LINC01160|ATP8A1|SLC18B1|MYO6|ZNF449|SPDL1|VWA5A|PLPBP|RABL3|B4GALT5|MED7|UXS1|DNAJB11|PRKD3|RAB3GAP2|TTC3|TUBGCP4|RAB14|EFR3A|RAB1A|SFT2D3|GYG1|LATS1|TMEM87A|ZNF318|DPP9|SGTB|RMI2|DOCK2|NT5C2|GDAP2|VIM|ZC3HAV1|SMG7|MOCOS|PAIP1|STRN|SKIC3|TCF19|RPS6KC1|RNF10|MFAP1|ZMYM4
GSE2585_AIRE_KO_VS_WT_CD80_LOW_MTEC_UP	0.941480206540447	1	0.225995816008881	0.833624650317556	3281	152	PCOTH|PGAP4|CCL4|NUDT13|PEX3|HAND2-AS1|LGALS8|UAP1|NAB1|ADIPOR1|SLC39A1|BCL9|IL1RL1|VWF|IL24|HOXA5|CHRNA3|HS3ST2|NRXN1|LDHB|MICALL1|CXCL11|HBEGF|EPCAM|SCAMP1|EIF4G3|CCT4|IFT70A|BAG4|PRKAA1|CYBB|HNRNPA1|FBXW11|POLR3F|CFAP298|DDX6|KLHL7
GSE2585_CD80_HIGH_VS_LOW_AIRE_KO_MTEC_DN	0.790304073436604	1	0.242363875609355	0.894001068791985	2754	152	ENTHD1|TBCEL|CMYA5|IGSF9|TNFSF4|WDR5B|TOP2A|SCG2|PARS2|PBK|PGGT1B|SNAI3|ZRANB3|CEP295|SNX24|WSB2|ECT2|BTBD9|LYRM7|BMERB1|ARSG|VWF|LEFTY2|SLC40A1|CNIH3
GSE2585_CTEC_VS_THYMIC_DC_UP	0.856226305045203	1	0.23502317220885	0.875271333719119	2935	163	MYO3B|ZNF14|ALDH1L1|TRAPPC8|STT3B|UBR3|UBLCP1|B3GNT5|SUV39H2|TTLL7|C3orf62|MRTFB|FBXO30|NAB1|CAPN2|RIC1|CD164L2|IL1RL1|AGBL4|HTR2C|ABCC6|TPTE|FAM209A|PKP2|NUP205|PARD3B|WIPF1|SPNS1|VIPAS39|FBXO33|CMAS|CPED1|GOLT1B|C6orf62|CD93|RAB14|CLOCK
GSE2585_CTEC_VS_THYMIC_MACROPHAGE_DN	0.912571600844136	1	0.22707220406092	0.861469000102068	3026	188	STEAP1|MS4A6A|WDFY3|SRC|STRAP|ZNF687|NHLRC2|WDR35|PRKAR1A|DNA2|SMC2|ZRANB3|ATP1B1|MPHOSPH9|EIF2B2|DOCK10|SPAM1|FGFR1|RPS6KA2|SLC18B1|ZNF449|VWA5A|NRAS|RAVER1|RERG|KCTD9|CITED2|CEP152|ANXA1|TTC3|APC|RBM47|TNKS|SEPTIN11|MRGBP|RAB1A|AK3|NCOR1|ZNF264|LNPEP|RTN4RL2|BIRC6|KNTC1|ZC3HAV1|SMG7|DYRK3|GNAI2|PAIP1|CTBP1|UQCRFS1|RNF10|GATAD1|KLHL42|ARL2BP|CSNK2A1|GSE1|PCBP2|POLK|WDR41
GSE2585_CTEC_VS_THYMIC_MACROPHAGE_UP	0.872650090964221	1	-0.241141385508532	-0.845332934615822	5755	169	PLAT|C3|COL14A1|COX8A|ZFPL1|PBXIP1|TIMM8B|PPM1J|COL1A1|NDUFA2|HOOK2|TEX19|ITGA7|IFT27|STAB1|MTLN|ECE1|DCN|IRS2|ROM1|ISG15|NDUFA6|DECR2|GTPBP3|C19orf81|SLC39A4|ULBP1|MYL6|SDF4|HOXB4|POLRMT|EAF2|DTX2|TTC13|VPS36|FKBP14|GALNT2|ZNF808|RIPOR3|SPTA1|CYB5R3|CHCHD7
GSE2585_THYMIC_DC_VS_MTEC_DN	0.970478045856436	1	-0.222097170179854	-0.785455780226642	6475	180	CCR7|FAM171A1|CCDC170|STOML1|PPFIBP2|IFITM1|WHRN|TNFRSF21|CLCN2|SFI1|CD48|MNDA|HGS|CNGB1|TRPM1|FZD3|IFITM3|CAPN10|TBC1D8|NCSTN|ISG15|IGF2R|MED24|RNPS1|LRRC61|SZT2|POLR2A|RNF24|SF3A2|TMBIM6|BMS1P20|IFNGR1|IQSEC1|ELL|NOL6|CLEC2D|AUP1|SRF|GSTK1|STIMATE|VPS33B|LARP1
GSE2585_THYMIC_MACROPHAGE_VS_MTEC_DN	0.855721393034826	1	0.234378491287923	0.875388097627366	2923	167	KDM4D|SNX16|PIGA|LUZP4|IL12RB2|EPS8L3|INSIG2|PTH2R|CCL4|DNASE1L1|ARID5B|PEX3|PSMA1|DMXL2|NAB1|BCL9|PREPL|KCNS3|FRAS1|OTULINL|EVPL|RFX7|PEX13|S100A10|PRKAA1|DARS2|CEP152|TUBGCP4|DCAF4|EFHC1|GALNT10|CFAP298|GARS1|ATP6V1B2|CORO1C|TFRC|NEB|LTA4H|BNIP3|ZNF253|GLO1|KYAT3|PEX19|SERPINB1|UFSP2|RAB20
GSE26023_PHD3_KO_VS_WT_NEUTROPHIL_HYPOXIA_UP	0.780657874791572	1	-0.251258585767726	-0.88186858243742	5149	171	MATN1|IDUA|SH3PXD2A|TSPAN4|SPSB3|DENND1C|MMP1|CSF2|ATP2B3|TRIM10|ZNF771|ABCB6|STARD3|ARHGAP26|ATN1|ARHGEF10|DMPK|GFI1B|AGRN|HEXA|PDGFA|MYBBP1A|TAS2R14|CD2BP2|MED12|ZNF81|SDHA|CHERP|GOLGA2|GPR3|WDR45B|DCUN1D4|TEAD3|PXN|ATXN2L|APPL1|TOR3A
GSE26030_TH1_VS_TH17_DAY15_POST_POLARIZATION_DN	0.879514461261801	1	-0.23931405329735	-0.846343995736874	5868	180	ADAM19|COX6B2|IAH1|TBC1D2|BSCL2|RPL28|COX8A|CD84|CARD19|PABPC1L|B3GNT8|TNFRSF21|DYRK2|MIGA2|IFI35|PPFIA4|ICAM1|RPS9|NDUFS8|ESR1|SEC61B|IFITM3|TBXAS1|MZT2B|STING1|NDUFA1|AGRN|IQSEC2|ARFIP1|PLEC|OSBPL11|RPSA|OGFR|NIBAN2|NOP53|CSTB|PIP4P1|TIMELESS|S100A6
GSE26030_TH1_VS_TH17_DAY5_POST_POLARIZATION_DN	0.937669376693767	1	0.224338471759117	0.84754668751106	3113	183	VAV2|CD83|MGARP|TM6SF1|UBTD2|SNX18|DET1|NEDD4|PECR|ABCC4|NBN|TRUB1|C8orf58|SGPL1|DDX19B|PEAK1|ABCE1|SLC44A1|PER2|GPR183|CR2|RRP15|HLA-C|PPA1|ACSL1|CAP1|LCP1|MTRR|MYB|NIFK|HEATR1|GART|GOLM2|PLBD1|TAF4B|CAPZB|PANX1|CDC5L|SEPTIN11|ACACA|BZW2|ALDH1B1
GSE26030_TH1_VS_TH17_DAY5_POST_POLARIZATION_UP	0.789378937893789	1	0.239452933491154	0.900626943681506	2630	177	SETDB2|DOP1B|CD69|IFIH1|MX2|DHX58|NT5C3A|DTX3L|CCRL2|MARCHF5|PFKFB3|PARP11|CFAP210|MRPL39|CMPK2|IFIT3|TMEM140|CHIC1|SYCE1L|RSAD2|IFIT1|SGCB|SH2D4B|EHD3|RRP15|HLA-C|PPA1|NSUN4|EIF5B|NAMPT|HMGN3|TRAFD1|CD47|TPST1|FAM111A|SFXN2|NMI|HELZ2|TMA16|VTA1|GHITM|PARP9|EIF2AK2|HSPA5|INPP1|STAT1
GSE26030_TH1_VS_TH17_RESTIMULATED_DAY5_POST_POLARIZATION_DN	0.671066446677666	1	-0.25971322598636	-0.922010046408501	4473	189	HOMER3|ZNF467|ACADS|MINDY1|METRN|INCENP|GRN|D2HGDH|SREBF1|ITGAX|SCRIB|ST6GALNAC6|TMCO6|SH3D19|CEP41|AMPD2|FHIP2B|BICRA|SUGP2|PIGL|HMGXB3|ABHD12|DHRS3|RAB11FIP5|REXO1|SFMBT1|NISCH|CLUH|GRINA|ZNF569|ID2|TNIP1|OSTM1|MEF2D|CLCF1|SH3KBP1|R3HDM2|INO80D|ZMIZ2|ABCA5|EDRF1|MCM2|DCUN1D4|PXN|TTC13|ABHD2|TNFAIP2|PTTG1IP|HIPK2|SEPTIN9|CYB5R3|NFKBIE|LENG8|DHCR24|E2F6|ACSS2|TTF2
GSE26030_UNSTIM_VS_RESTIM_TH1_DAY15_POST_POLARIZATION_DN	0.710593538692712	1	-0.255754436270482	-0.908711403670061	4728	191	NFKBIZ|POU2F2|CYFIP2|RAP1GAP2|BSPRY|SYCE2|NUP210|PBXIP1|KCNK5|SLC29A1|RGS3|CENPT|TEF|CITED4|LOXL3|HFE|SCRIB|APOBR|CCND1|RASGRP1|IRF3|RHOF|PTK2B|NR1D1|QSOX2|C5AR1|MYO1G|SH3D19|FILIP1L|PIGL|HIC2|BRD9|AFDN|B4GALNT1|MTBP|FAM98C|UCP2|CLUH|EXTL3
GSE26030_UNSTIM_VS_RESTIM_TH1_DAY15_POST_POLARIZATION_UP	0.963208685162847	1	0.220216908348035	0.83457879923341	3193	187	TGFBR2|LONRF1|HLA-B|STT3B|RRM2B|RUNX2|CKS2|PDGFB|PPM1B|LDHA|KIF20B|NUP107|NFAT5|SH2D1B|IFRD1|SKIL|ETFA|NUAK2|FCER1G|ZBTB16|RAB19|LRRC8C|HAUS5|YWHAZ|NIPSNAP3A|TMED5|ACER3|SAMSN1|NFE2L2|DONSON|MAP4K3|PHTF2|BCL2|B4GALT5|STK24|MED7|DLG1|BAZ1A|PTPN12|AP4S1|FBXO28|SEPTIN7|CD47|LSM3|ZNG1B|LPCAT2|HMGB1|SPRED1|PSMD14|SGMS1|SMC4|PPP2R1B
GSE26030_UNSTIM_VS_RESTIM_TH17_DAY15_POST_POLARIZATION_DN	1	1	-0.184693450242998	-0.654836403404603	6681	186	CADM2|TMCO4|CTRL|SH3BP2|RHBDF1|GRN|RPL23|MST1R|ICAM1|ZNF622|FOS|OS9|TMEM109|KCNK6|SHISA5|CDIPT|FERMT3|GRK6|ARFIP1|NSMF|OAZ1|PRPF19|NCAPH2|RPSA|CLTA|TUBA1B|SF3A2|OGFR|SMARCD2|ADGRL1|INTS5|ABCA5|CSTB|NINJ1|DCUN1D4|PXN|NMU|ADISSP|TNFAIP2|HIPK2|COA5|HLA-E|ARIH2|CMIP|ACTN4|TLE3|HGH1|MYADM|UBC|HEXIM1|PPT2|NAT8L|TRIM28|DCTN1|FNBP1|MKNK2|CHMP4B|UNC93B1|EID1
GSE26030_UNSTIM_VS_RESTIM_TH17_DAY15_POST_POLARIZATION_UP	0.98432983417009	1	-0.219573208681055	-0.767234977007175	6469	163	TBC1D1|CLDND2|BCAR1|PLOD1|CBX8|BEND6|JMJD4|DTYMK|OSBPL5|GCA|KLF12|SDF2L1|SLC27A6|TTLL1|KCNJ15|TMEM109|TMEM18|SF3B5|PRF1|SGK1|CRYZL1|RCBTB1|INO80C|FLNB|EXTL3|STAG1|EVL|ASRGL1|SLC38A6|TAX1BP3|FAT1|LPAR2|PDK3|SH2D2A|KDELR3|ADD1|BAIAP2|SCPEP1|PRR5|GSTK1|CHCHD7|CPNE2|CNOT9|MMD|RALGPS1|STEAP3|EFCAB2|CUX1|PASK
GSE26030_UNSTIM_VS_RESTIM_TH17_DAY5_POST_POLARIZATION_DN	0.882819383259912	1	0.231193787669658	0.866748518411644	3005	171	CD83|FAR2|SERINC5|BCAR3|AKAP5|SLC22A4|SLC27A3|SLC9A2|CCL4|BATF3|PDGFB|RBM11|AKAP12|ERI1|NDFIP2|TSC22D2|ARF4|HARBI1|IRGQ|PER2
GSE26156_DOUBLE_POSITIVE_VS_CD4_SINGLE_POSITIVE_THYMOCYTE_DN	1	1	0.191179257791295	0.730334481415266	3283	198	CCL5|CDC7|CKS2|PRPS2|RFC4|KIF11|LDHA|PRIM1|MTHFD2|CCNB1|STT3A|IPO7|CRYZ|GNPAT|RDX|POLA1|TMEM106C|SYT11|PSMG1|SKAP2|TYMS|NRAS|HMGN4|EIF2S1|PRDX3|FH|SPTSSA|NDN|ANXA5|PSMA6|RPA2|IPO5|SEC23IP|CDKN3|CYB5B|SUCLA2|PSMD14|PPP2R1B|CKAP5|CENPE|RFC3|CCT6A|FABP5|PAICS|GHITM|AHCY|CDC25C|ACOT13|CCNB2|BUB1B|STAMBP|SORD|IMPA1|ACOT7|HSBP1|VDAC3|PGK1|DLGAP5|WDHD1|IMMT|FEN1
GSE26290_CTRL_VS_AKT_INHIBITOR_TREATED_ANTI_CD3_AND_IL2_STIM_CD8_TCELL_DN	0.962451186542505	1	0.220481465762829	0.831129146177276	3203	180	DNAJB2|MPZL3|LST1|HVCN1|FXYD7|NCOA3|C1orf162|ST3GAL5|PDCD10|IMPACT|FOXN3|L3MBTL3|LANCL1|ETV3|NDFIP2|CRLF3|TNFAIP8|SDCBP|BCL9|TCEAL8|EFHC2|RCBTB2|PDE4D|RIT1|RNF144A|DUSP10|SAMSN1|TGFBR1|WIPI1|CHSY1|PPFIBP1|MOB1B|COPS4|FAM241B|TRAFD1|OSTC
GSE26290_CTRL_VS_AKT_INHIBITOR_TREATED_ANTI_CD3_AND_IL2_STIM_CD8_TCELL_UP	0.885947360320148	1	-0.240613916287685	-0.8353958870251	5755	156	MATN1|IL21R|CXCL1|PACSIN3|LAGE3P1|SH3BP2|TMEM144|ETHE1|GRIA3|CASQ2|HFE|ULK4|IL1B|CACNA1A|IDI2-AS1|MRPS14|LRRC20|FILIP1L|KLK13|SLC6A9|PRKAB2|TSC22D1|G0S2|ZBTB1|ID2
GSE26290_WT_VS_PDK1_KO_ANTI_CD3_AND_IL2_STIM_CD8_TCELL_DN	0.95614428977698	1	-0.226739467784795	-0.803356192873542	6387	183	TMEM115|MINDY1|FAM131A|PLOD1|SNHG32|SLC7A7|RIGI|WDR46|SCRIB|C8G|RBM38|VENTX|KLHL4|GNMT|NDUFAF3|SUCO|TJAP1|IKBKG|GPATCH3|SFXN3|DHRS7B|RHOB|THOC6|ARFIP1|SNX11|RTL8C|HDAC5|MGAT4B|SLC25A42|TNIP2|PCK2|POLM|ULK1|ACP2|TTC13|CTSH|SRF|BCKDK|TMA7|FKBP14|STK25|KIAA0319L|POP7|RSAD1|CCT7|DENND4B|CDC37L1|CASP9|TCF7L2|LIG4|POLE3|COQ4|NCBP3|PDPK1|KBTBD4|RNPEPL1|DYNLT3|KLHL36|TMEM127
GSE26343_UNSTIM_VS_LPS_STIM_MACROPHAGE_DN	0.953185761292253	1	-0.227088575867253	-0.805513427349279	6372	187	KLC4|CYFIP2|SEMA4D|SMPD1|FGD3|ZNF467|UVSSA|L1CAM|B3GNT8|CACFD1|NUDT18|TEF|SGSH|HFE|FOS|TIGD2|COMT|HMGCL|CAMK2N2|ACP6|MZT2B|LYL1|IL16|NDUFA6|THBD|SDF2|LPIN2|PDP1|RETREG2|OSBPL11|HDAC5|POLR2A|RAD50|MEF2D|DTNBP1|CKLF|KYAT1|TTC12|TEDC2|RNASET2|ECH1|PSEN1|ZBTB11-AS1|CCDC186|CDC42EP3|METRNL|SCPEP1
GSE26343_UNSTIM_VS_LPS_STIM_MACROPHAGE_UP	0.994579945799458	1	0.205396986483286	0.775986098833661	3302	183	CD83|BATF|STAP1|BCAR3|CD40|UBTD2|NMD3|DOK2|NXN|CMTM6|NAAA|RBMXL1|NPM1|PROCR|SIAH2|UPK1B|RRP15|B3GNT2|RBPJ|ZNF507|PRDX6|NIFK|PIK3CG|OSTC|APEX1|SEMA7A|LYRM1|GART|SUB1|OPN3|RSL1D1|C1orf131|GNL3|ALDH1B1|RIPK2|TMA16|SERTAD2|AHCY|DKC1|FUBP1|BTF3|ZFP36|ASAP1|PLAU
GSE26343_UNSTIM_VS_LPS_STIM_NFAT5_KO_MACROPHAGE_DN	0.945074626865672	1	0.223512355839491	0.840075197789733	3165	176	CD83|EGR3|CD69|CD40|FOXO1|ARID2|TAMALIN|ESF1|HLA-B|HVCN1|KPNA3|CCRL2|PDGFB|RFX5|UAP1|NR4A2|NAB1|IFRD1|SKIL|RBM7|DDHD1|RRAD|SLAMF7|UBE2E3|HERPUD1|SAMSN1|NFE2L2|ACSL1
GSE26343_WT_VS_NFAT5_KO_MACROPHAGE_LPS_STIM_DN	0.955552229871296	1	-0.226870876696942	-0.804377787831744	6384	186	TEP1|PAK1|CYFIP2|DBNDD2|GTF2I|LYST|GPR68|TECPR2|DGLUCY|GGA1|NAT9|SGSH|ZC3H6|PLXNA2|TMCC3|NUDT16|TMEM86A|SLC6A8|SH2D3C|ZNF839|SLC12A6|RAMP1|RNH1|SDHAF4|HPGD|NACC2|MTMR10|PPOX|RGL2|ARHGEF1|MFGE8|SASH1|FANCG|TPRA1|PSEN1|PIGS|EDEM3|GAS6|PMP22|SCPEP1|BCKDK|ITPR2|ZDHHC14|KIAA0319L|STARD5|PTDSS2|MYLIP|OPHN1|RNF19A|ATOSB|MAVS
GSE26343_WT_VS_NFAT5_KO_MACROPHAGE_LPS_STIM_UP	0.818209225203497	1	0.236834746982556	0.893098418670587	2713	181	ST8SIA4|RHOV|ARRDC3|GPR160|LPXN|RGS2|FGD4|SNX33|SOCS6|CNIH1|ANGPTL4|OTUD1|DNA2|ZRANB3|MFAP3|ETV5|CBFB|IDH1|RAP2A|TNKS2|HESX1|FCER1G|MTSS1|FGFR1|TNS4|SLC40A1|USP8|UGP2|TENT5A|NFATC2|MBNL1
GSE26343_WT_VS_NFAT5_KO_MACROPHAGE_UP	0.995480566435673	1	0.206139430584184	0.787808793384444	3303	196	DPYSL2|ST8SIA4|LPXN|PELI2|ENOPH1|TOP2A|PRPS2|NAAA|C5orf34|LDLRAD3|UTRN|CBX3|SLK|DENND4C|INTS6L|SPAST|POGLUT2|RAP2A|TNKS2|ACOT11|S1PR1|SH2D5|EXOC8|FOXP1|NFATC2|PCYOX1|ZMAT3|NNT|ADNP|CDK2|FGD6|TOR1B|NET1|MYC|TNKS|FAM111A|METTL5|SFXN1|MTIF2|ASB8|HLTF|ITCH|MYCBP2|EIF4B|NCAPG2|BTBD3|BTK|PAICS|RFWD3|TMX4|INPP4A|GNE|DMWD|OSBPL2|DAB2|KIF23|CTBP1|ACADM|C2orf69|GLRX5|HPS3|BPGM|FAM217B|CRTAP|TRMT61A|RNASEL|POLK|SETX
GSE26351_UNSTIM_VS_BMP_PATHWAY_STIM_HEMATOPOIETIC_PROGENITORS_UP	0.989368074273735	1	-0.215218942981137	-0.76208515544816	6606	182	PAK1|COX8A|ACAP1|REX1BD|RPP21|RCN3|MRPL41|COX17|DYNLRB1|NAA38|PDLIM7|SLC52A3|RPS9|FYN|ZNF593|AKT3|KCNAB2|MBOAT1|POLD1|NDUFA6|FKBP8|NDUFA1|ATP5PF|POLR1C|TRAPPC5|NOP10|RAB11FIP4|ATP5IF1|SNHG6|RAD54L|POLR1H|CNIH4|PSMB4|DBN1|PSMA7|MICAL1|TIMELESS|PITPNM1|ELAC2|BAIAP2|CHCHD1|TYK2|HIP1|PTRH2|KIF2C|RBCK1|ARHGEF3|SEPTIN9|PIH1D1|PTPA
GSE26351_UNSTIM_VS_WNT_PATHWAY_STIM_HEMATOPOIETIC_PROGENITORS_UP	0.75221371754465	1	-0.251923732587915	-0.894931733745598	5011	190	IL21R|SMAD7|PCBP4|FARP1|ATP9B|ZNF76|ZNF467|ATAT1|KIAA0753|SLC3A2|PLOD1|ROGDI|KLF7|TMCC3|ZNF771|TOM1|NOP2|SHFL|LRPAP1|SEMA3G|VPS18|NFRKB|ZDHHC24|ADPRM|MZT2B|POMT1|ANKS3|TRAF2|CD151|SMIM1|TSEN34|FERMT3|IQSEC2|TNFRSF1B|WIZ|NCKAP5L|TP53I13|HDAC5|TBC1D17|DDA1|RAD50|DPH2|SPINT1|POLRMT|PSEN1|MIER2|TTC17|ATP6V0B|FHIP2A|NECTIN2|DEXI|KIAA0319L|CSRNP2|TAF1C|TCTA|MAST3|DHX34|AMBRA1
GSE26488_CTRL_VS_PEPTIDE_INJECTION_HDAC7_DELTAP_TG_OT2_THYMOCYTE_DN	0.866886030511517	1	-0.24033342424331	-0.852494668785024	5795	187	RCAN3|LATS2|DPM3|GRN|APOE|BSG|RGS3|RPP21|MRPL14|MATN4|TPD52|LAGE3|GLG1|ZNF598|TINAGL1|DCN|IRS2|P2RX6|MAFK|POLD1|TRMT1|MBD3|SLC1A5|RNPS1|KCTD10|BMP1|GRK6|RANBP3|WDR83OS|UNC45A|G0S2|RGL2|HSPBP1|DGUOK|RCN1|AGAP3|FLOT1|IFNGR1|TAX1BP3|PRMT1|WDR45B|MCM7|CSTPP1|ESYT1|GALNT2|DIPK1B
GSE26488_CTRL_VS_PEPTIDE_INJECTION_HDAC7_DELTAP_TG_OT2_THYMOCYTE_UP	0.942109314857583	1	-0.231487432149729	-0.798665982142794	6118	146	FAM171A1|REN|COX6A1|NDUFA3|KRT12|CRYBG1|RARRES2|SLC6A8|COL6A3|SLC6A13|MX1|GAL|KCNE5|HERC2|KHDC1L|ISG15|AKR1C2|IGF2R|HPGD|SLC39A4
GSE26488_CTRL_VS_PEPTIDE_INJECTION_OT2_THYMOCYTE_DN	0.806119446896146	1	0.239173359647389	0.892034619661748	2739	166	ITGB7|STAP1|CD69|PGAP1|FOXO1|LGALS3|MBLAC2|RRM2B|CORO1A|KDM7A|EGR1|B3GNT5|MEF2C|ADD3|LRIG2|ATP1B1|NDC80|PICALM|MED13|H3-3A|BACH2|RNF144A|C1GALT1|LRP12|DOCK11|LCP1|CARD6|RAPGEF6|SNX2|RFK|SMC3|S100A10|RFC1|LMBRD1|RICTOR|CITED2
GSE26488_WT_VS_HDAC7_KO_DOUBLE_POSITIVE_THYMOCYTE_UP	0.762676267626763	1	0.241914173582632	0.909884124660399	2541	177	NUDT12|TENM1|MATCAP2|CFAP69|FOXO1|SIGLEC8|ZNF570|MANSC1|SESTD1|LEMD3|DTL|AKR1E2|CLK4|GULP1|PLEKHA5|ZNF514|HIBCH|TOB1|CEP295|CLK1|ATXN10|HECA|LFNG|SLC40A1|ALDH9A1|SOS2|TARS3|SLC25A36|CIR1|PDE11A|PIK3C3|ZNF623|NKX3-2|AASDHPPT|DHX15|HMG20A|CEP120|SNAPC5|IPP|ZMYM2|BCLAF1|UPF2|SLC30A9|YIPF4|WEE1|RNF168|RYK|EIF4B|PSMC5|LNPEP
GSE26488_WT_VS_VP16_TRANSGENIC_HDAC7_KO_DOUBLE_POSITIVE_THYMOCYTE_DN	0.717154331612163	1	0.248162088013693	0.915388777969055	2499	152	BCAR3|CD36|CREBL2|HERC3|NEDD4|PRPS2|BCAP29|NPM1|ORC4|PLEKHA5|LDLRAD3|CIBAR1|UTRN|CAPN2|NAE1|PDE8A|RPL39|S1PR3|ABR|DOCK10|S1PR1|PTPN14|PDE4D|RUNDC3B|CD274|SERPINE2|CR2|PLXNC1|ERO1A|TGFBR1|ARHGEF12|WDR11|FTO|KLHL6|CYBB|ABHD5|SEMA7A|QDPR|PLBD1|NCBP1|BMP2K|PTPRJ|BZW2|MYCBP2
GSE26495_NAIVE_VS_PD1HIGH_CD8_TCELL_DN	0.984379693601682	1	0.214107360541017	0.807101255160133	3276	180	EOGT|SLAMF6|GPR137B|AGO4|CCL5|DOK2|SLC27A3|KAT2B|SERPINI1|RAB29|TP53INP1|CPEB2|UTRN|CAPN2|YWHAQ|STARD3NL|WSB2|GCLM|EPS15|MIAT|SYTL3|SYNE2|GFI1|SLAMF7|TOX|SYT11
GSE26669_CD4_VS_CD8_TCELL_IN_MLR_COSTIM_BLOCK_DN	0.987672880336741	1	-0.216695461437632	-0.763974781443898	6569	176	BCO2|RAP1GAP2|MGAT4A|S1PR5|LYST|HCST|NBEAL2|MOGS|SUN2|DNAAF1|KLF7|KLF12|VSIG2|TOP3B|HDAC4|ARHGAP26|ACP3|KLK8|TMEM18|DDO|EID3|GPATCH3|HMGXB3|RAI1|HSD17B7|HPCAL1|AFDN|B4GALNT1|TNFRSF1B|TP53I13|IFNGR1|MRPL24|FRRS1|IQSEC1|TMEM128|POLA2|ELL
GSE26669_CD4_VS_CD8_TCELL_IN_MLR_COSTIM_BLOCK_UP	0.940307506783238	1	0.223878093388646	0.844239174056302	3118	181	ASAH2|TGFBR2|GABRR2|MANSC1|DNAJC6|RFFL|STT3B|TMCC1|RASSF3|NT5C3A|BRMS1L|HNRNPLL|ZBTB18|ERBIN|EAF1|PARP11|CRLF3|PLEKHF2|NUP160|MRPL50|CPSF3|KIF3A|UBE2E3|ASNSD1|SLC30A1|IFT57|SQOR|RPE|ACSL1|SNX25|FTO|TFE3|CDK2|GOLPH3L|AFTPH|STMN1|UBQLN1|RBM47|INPP5B
GSE26669_CD4_VS_CD8_TCELL_IN_MLR_UP	0.864214146852101	1	-0.240758235719014	-0.853726686696041	5778	185	PCBP4|RCAN3|KLC3|TIMP3|MAPK11|ANKH|BEND6|GPRASP1|IFIT2|ACVR1B|RASGRP1|HAGHL|FYN|PPP1R16A|RBM38|RGS14|NDUFAF3|DHRS4|SUCO|RNH1|DACH1|ORAI1|DGAT1|CDIPT|UBR4|MTMR10|ZBTB7B|RBX1|FAM118A|TSC22D1|RAP1GAP|RCN1|GIPC1|LONRF3|CAPG|RPS26|KCNH2|CKB|AARS1|DCUN1D4|EAF2|LTBP1|GCAT|PSMD9
GSE26669_CTRL_VS_COSTIM_BLOCK_MLR_CD4_TCELL_UP	0.99939921898468	1	0.195763080402497	0.737950472639642	3326	180	DPF3|DHX58|MANSC1|ENOPH1|DCLRE1A|HAT1|RARS1|AMZ2|CCT8|SAAL1|OLA1|C3orf38|RBMX|PRKRA|CMPK2|HMX2|KCNS3|XCL1|SERPINE2|SCFD1|NOP58|SLC25A14|EIF1B|REL|NKX3-2|PARD6G|BUB1|GSTCD|ARRDC4|UTP15|ELOVL6|CWC15|PFN1|IDH3A|GART|MAPK9|GPI|CYB5B|ALDH1A2|ACAT2|PSMD14
GSE26669_CTRL_VS_COSTIM_BLOCK_MLR_CD8_TCELL_UP	0.795427196149218	1	0.238821228668141	0.901536831030908	2643	182	PGM5|DDIAS|CDC7|ENOPH1|NABP1|HNRNPLL|BCAP29|RBMXL1|PPP6C|CCNA2|LEO1|PSMA4|SH3BGRL|HPRT1|MRPL39|TCP1|NUAK2|RSAD2|ACOT11|MCTS1|CKAP2L|RBL1|EIF3C|COPS5|EMC2|NSA2|RFC5|DDN|TARS1|EIF2S1|EIF3J|HACD3|PSMA2|VMP1|APEX1|CHMP5|NEK2|MRPS33|CFDP1|NMI|OSBPL3|PEX2|ATXN7L1|CDCA2|CCT6A|MTX2|IDI1|RPL7L1|EEF1E1|VMA21|ERCC6L|RAD51AP1|VIM|LMAN1
GSE26928_NAIVE_VS_EFF_MEMORY_CD4_TCELL_DN	0.778562838244137	1	-0.250602523077422	-0.883516463737593	5178	176	TSC22D3|TFAP2E|POLR2F|MT2A|CNNM4|IL4I1|RABAC1|N4BP3|TMED9|EPS8|HYLS1|FLT1|NDUFA11|MCAM|ECE1|TKTL1|TBC1D8|BIN3|SNRNP200|NDUFA6|KCNN4|SAP30L-AS1|SLC2A3|DHRS7B|F2R|DGCR8|TNFRSF1B|MAPKAPK2|GNS|IL18RAP|SLC39A11|AFG3L1P|HELLS|LMNA|MFSD9|CRAT|NEU1|TP53BP1|DPY19L1|BCL2L1|ELL|SRRT|CTSZ|CTSH
GSE26928_NAIVE_VS_EFF_MEMORY_CD4_TCELL_UP	0.766696087084437	1	0.241720758337172	0.907006303413167	2605	172	FILNC1|TENM1|ARMCX1|ZNF107|KRT27|MNS1|ZNF518B|MOSPD2|YES1|CLK4|NEK9|ZNF33A|LIPT1|NEXN|LRP6|ZNF37BP|ZNF512|STYX|WBP4|TCEA3|CFAP418|TTC14|ZC3H12B|S1PR1|DSG3|EPB41L4B|GPR157|SFXN4|FBXL4|TAF1|TGFBR1|DDX18|BCL2|TOPORS|THAP5|ERC1|ACBD4|BAG4|SEPHS1|AZI2|TMEM243|GTPBP10|KLHL11|HELQ|RBM48|ANKRA2|RB1CC1|H4C8|H2AC6|ZC3H8|SUN1|EHBP1|EIF1AX|FUBP1|KBTBD3|CCDC28A|FBXL17|NSMCE4A
GSE2706_2H_VS_8H_R848_AND_LPS_STIM_DC_UP	0.998652291105121	1	-0.203530925808935	-0.720698164785636	6668	182	FARP1|RAB34|PYCARD|BTN2A2|RNF5|FLT3LG|LPCAT4|PPM1J|IFIT2|KLF7|LINC01126|HSD17B10|MPG|NDUFS7|STX10|C2orf15|TMEM161A|RAMP1|TACC3|SPOPL|RFC2|LSM7|NDUFB7|IL17RA|ABHD12|DIAPH1|TRAP1|SGK1|HEMK1|CBX2|BLTP2|HAUS4|RPL3|PDK3|GRAMD4|SLC25A35|NRGN|CPT1A|CTSH|CYC1|GSTK1|PTTG1IP|ARL6IP4|PIH1D1|CHCHD7|PRKACB|ARHGEF6|SLC8B1|ASPSCR1|AP2S1|SLC41A3|MGST2|AIFM1|ALAD|RRAS
GSE2706_LPS_VS_R848_AND_LPS_8H_STIM_DC_UP	0.858220211161388	1	0.233284829934449	0.882995004132767	2844	185	SAMD9|MYO1F|DOP1B|PARPBP|UBTD2|PPP2R3A|SLC49A4|BMPR2|KAT2B|ITFG1|TMEM106B|GNB4|GNAQ|EIF4E3|CUL4B|PNPT1|GLE1|MEF2C|DDHD2|SLC44A1|ZFYVE26|ZDHHC21|ABCB10|PCNP|TMEM140|EGR2|AUH|SNX3|DCAF17|ERO1A|PPA2|NKAPP1|DOCK11|CASP3|RRM1|DECR1|GIMAP2|TOR1B|MGST1|STX7|GLUL|SNTB2
GSE2706_UNSTIM_VS_2H_R848_DC_UP	0.697435897435897	1	-0.259087860543206	-0.912150383627116	4623	175	WFS1|KIF23-AS1|ZBTB47|SLC39A3|GPX8|VN1R1|DOK6|TSHZ3|TNFRSF1A|GLG1|SH2D3C|SLC25A19|ZNF302|ID3|LYL1|RNF181|WDR24|UNKL|RAB40C|ANKRD13D|PAAF1|DUSP7|SCYL3|C6orf136|RDH13|PTCD2|ENGASE|P4HA2|KLF13|DNAL4|SDHA|HSD17B1|WRAP73|RNF149|MRPS5|KDM4B|KLHL21|FBXO31|NUDT14|SH3BP5L|ZNF133|MYCL|NOPCHAP1|TCHP|NR2F6|ZNF786|RBM26|GPANK1|PPME1
GSE2706_UNSTIM_VS_8H_LPS_DC_DN	0.769276393831554	1	0.241383981209331	0.906644331417634	2593	174	SEMA3A|AIM2|VAV2|BATF|GPR137B|PGAP1|C3orf52|ALDH1L2|DTX3L|PNPT1|UAP1|C17orf58|TNFAIP8|CYP27B1|RDX|CEP135|SIAH2|TRIB1|ODR4|JAK3|PLXNC1|TMEM254-AS1|C1GALT1|RBM43|USP53|IL10RA|PELI1|SSB|DDX60L|BCL2|NAMPT|CNKSR3|BAZ1A|PTP4A2|PCGF5|DRAM1|PIWIL4|TRAFD1|GBE1
GSE2706_UNSTIM_VS_8H_LPS_DC_UP	0.987279257707273	1	-0.216263549664396	-0.766769178135027	6596	186	FES|MAML3|CIITA|TMEM117|PYCARD|PHYHD1|SELENOM|GHDC|TMEM9|DDX41|DYRK2|UBL7|ACTMAP|DNAI7|FOS|RPL13A|TMEM107|BRD3|YIF1A|STOML2|GRHPR|CHID1|ZBTB20|MAP3K3|ATP5IF1|RDH13|SIGIRR|GIPC1|WNT5B|KLHL21|BLTP2|HAUS4|INTS4|TMEM65|KYAT1|PDK3|JMY|TTC13|ABHD2|POP7|GSTK1|PLCD1|EFNA3|NDUFA8|EIF4EBP1|MRPS26|APMAP|EIF2AK4|FKBP9|BOLA3|MCM6|AIFM1
GSE2706_UNSTIM_VS_8H_R848_DC_DN	0.764482863208978	1	-0.25287398914181	-0.886273415450486	5040	168	NFKBIZ|PLAT|CCR7|STX11|IL15|PHLDB3|IQCG|IFI35|IFIT2|CD48|HERC6|SOX11|RIGI|PTGIR|RASGRP1|LAMB3|FEZ1|TINAGL1|GRASLND|FRMD3|IL1B|COBLL1|DUSP4|ISG15|ZC3H12A|IGSF3|AFDN|HIVEP1|RAB30|G0S2|SAMD9L|SNHG15
GSE27092_WT_VS_HDAC7_PHOSPHO_DEFICIENT_CD8_TCELL_UP	0.822761480571341	1	-0.248038672030349	-0.86194242305514	5356	157	SLC2A4|COL18A1|KRT15|PLAT|MELTF|SNORC|PLXNA1|TWIST1|MEF2B|KRT4|PTGIR|ICAM1|HRC|NR1D1|CYP2F1|PIGR|LYL1|ADAM15|NDUFA1|SGK1
GSE27241_WT_CTRL_VS_DIGOXIN_TREATED_RORGT_KO_CD4_TCELL_IN_TH17_POLARIZING_CONDITIONS_DN	0.983340905648948	1	-0.219060194630923	-0.769531999196375	6492	172	TCN2|NHLRC3|DIPK1A|FAAP20|RNF5|DHRS1|B3GNT8|NOL12|C2orf42|LYPLA2|PRR29|NUDT16|RELT|PIK3IP1|MIF|QSOX2|EMP3|EXOSC5|TSFM|SHISA5|HPCAL1|SFXN3|TREML2|TMEM42|CRYZL1|TRAPPC5|FERMT3|EPHX1|SELENOI|FBXL3|SPATA2L|TMEM147|TMC6|RWDD4|S100A6|ITGAE|SAP30L|CHMP7|MTM1|PES1|DDX54|ARL14EP|SEC11C|MINDY3|ISYNA1|CDK5|LSM14B|CYTH1|CTPS2|SLC25A39|TSR3|RNASEH2A|MATK
GSE27241_WT_CTRL_VS_DIGOXIN_TREATED_RORGT_KO_CD4_TCELL_IN_TH17_POLARIZING_CONDITIONS_UP	0.750214102198116	1	0.245817111778277	0.905359269074565	2627	150	MYO1F|LPXN|CMYA5|HERC3|KCNG1|EGLN3|BLTP3B|TLE4|ANKRD27|IL18R1|L3MBTL3|CHDH|EDARADD|AP1S2|FMNL3|ADD3|PPIP5K1|EPS15|RBL2|GCC2|HOMER1|P2RX7|PTPN14|SLC35D1|TRIM24|CDC14B|LZIC|ACSL1|RAPGEF6|RPGRIP1L|PIK3CG|RFC1|HMG20A|EEIG2|STMN1|CLIP1|LRRC7
GSE27291_0H_VS_6H_STIM_GAMMADELTA_TCELL_DN	0.666307526550716	1	-0.264839191881862	-0.919504470209574	4328	156	SULT2B1|PAGE4|MEIS3|SHF|REN|ARHGAP33|PABPC1L|SLC52A2|SLC3A2|TAS2R5|WDR46|SEC14L1P1|OCEL1|PRR35|AXIN2|ARHGEF10|TXNRD2|DNAJC17|KCNE5|STOML2|KIF9-AS1|MLEC|SLC35D2|TK2|ANKS6|ZNF251|SDF4|PNPO|MRPL24|KDM8|OR51B4|CYC1|TGS1|SMARCE1|HABP4|CCT7|CD320|STX16|SELENON|COA5|BUD23|NDUFAB1
GSE27291_6H_VS_7D_STIM_GAMMADELTA_TCELL_UP	0.763197586726998	1	0.24221477881828	0.911114310475709	2529	178	ITGB7|ATP8B1-AS1|NTS|PDCL2|DOK2|TMEM209|TMEM106B|ANKRD27|VBP1|NRG4|ZNF277|PRIM1|MOB4|C3orf62|TMEM59|MRPL42|PROCR|TMEM123|NAE1|ZNF92|PLGRKT|TCP1|RBM7|GPR183|CAPRIN1|CHTF8|RHOA|PGM2|KDM4C|RABL3|ADK|ZMYM6|CCT4|NNT|METTL4|UBE2D3|MYC|TMEM68|TMX1|TBCK|NCBP1|RSL1D1|GGCT|GLUD2|CCNDBP1|PPID|DLD|IL1R1|GLRX3|S100A4
GSE27670_BLIMP1_VS_LMP1_TRANSDUCED_GC_BCELL_DN	0.855645402815214	1	0.232989857284951	0.886150129187892	2856	190	CD83|DCK|CTF1|CAPZA1|HIC1|XPR1|ETNK1|CAPN2|MPHOSPH9|ASS1|MAPK1|COL4A5|TSPAN12|COPZ2|EPB41L4B|SLC4A4|DNAI4|SLC25A36|SDHD|MRPS31|WASHC3|TGFBR1|EMC2|CUL2|SNX2|SMC3|KRR1|ARMC1|NNT|SELENOF|FH|ABI1|RPUSD4|TRDMT1|GABPA|CYRIB|WDR81|ELOVL6|PUM2|SUB1|NCBP1|SFXN2|GALNT10|SFXN1|SEC62|XPOT|RAB4A|LMNB1|SLC39A8|SCMH1|CCNB2|PKNOX1|ORMDL1|NSMCE4A|ZC3H14|TPGS2|OGA|MPP1|PSAT1|WDHD1|ZNF282|CRKL|FASTKD5|CCDC93|ABCB9|NELFCD|SRP68|PRKCD
GSE2770_IL12_ACT_VS_ACT_CD4_TCELL_2H_DN	0.839409460680928	1	0.233410507506038	0.89203142630438	2785	196	SLC9B2|CD40|CAMSAP2|SFT2D2|TMEM51|SWT1|PSMC1|RNF13|CCRL2|FGGY|PJA1|YIPF6|ZNF274|SC5D|CRNKL1|STARD3NL|WSB2|NFAT5|MTCH2|MED13|HK2|GTF2A1|MAMLD1|MRPS31|SQOR|CTNND1|NFE2L2|TDP2|CREG1|MOB3C|CTNS|UXS1|TSG101|PTPN12|MED31|CLTC|ANKRD12|CHMP2B|ZFYVE1|ITPRIPL2|RAB1A|PSMD11|ATP6V1B2|ATP6V0E1|TMCO3|UBE2A|DNAJB6|BTBD7|ATP6V1C1|BTG3|MSMO1|PSMA3|CD82|DAB2|KYNU|TOP1|AMPD3|FEN1|HSPA8|PDCD6IP|RAB7A|TM2D2|GSTO1|TUBB6|CALU|ADAM17
GSE2770_IL12_ACT_VS_ACT_CD4_TCELL_2H_UP	0.805637110980623	1	0.239053010237617	0.894271111132042	2743	169	NXT2|CXCL8|HSPBAP1|ATXN7|C3orf52|ARID2|DEPDC1B|DCBLD1|BNIP3L|LGALS8|PJA1|PNPLA7|SH3BGRL|PROCR|YIPF6|ARHGAP27|ZNF16|MFAP3|SLK|TRIM13|GLIS3|SLC22A15|IL24|LAT2|UBE2E3|ABHD14A|TMEM38B|NFE2L2|CERT1|ARL5B|DDX60L|B3GNT2|CARD6|ADNP|ELOVL6|CHMP5|ING2|NSMAF|ASAH1|MYL12A|ZFAND6|VPS37A|RTN4RL2|DCAF12|METTL9|PNPLA8|SH3GLB1|PNP|BCAT1|BTG3
GSE2770_IL12_ACT_VS_ACT_CD4_TCELL_48H_DN	0.856477306883078	1	-0.24133683963974	-0.857930808443253	5698	192	CROCC|NEIL1|SAMD11|ANAPC11|MUTYH|DHX37|RPGR|MAPK11|DIAPH2|ITPA|SLC29A1|SGSH|TUBGCP6|DTYMK|CHCHD10|NSUN5|CEP250|DUS2|PPIE|MIF|FAU|PRDM16|DNAJC17|EHBP1L1|BRAT1|BRD9|GGT7|MTBP|ULBP1|PARP3|RGS19|CDCA3|ZNF579|EPOP|STAG1|FBXO10|ZBTB43|RGS12|AP1B1|CBX2|USB1|RHEBL1|MED11
GSE2770_IL12_ACT_VS_ACT_CD4_TCELL_48H_UP	0.755212239388031	1	-0.251879087381626	-0.894198006913445	5034	189	MGAT4A|BSCL2|ZDHHC12|RNF5|UVSSA|TMED9|GSDMD|NAT9|RAB33B|DGKD|ATF6B|COX17|ADAMTSL4|HSPB6|ATG9A|AHCYL2|LMAN2|RIPOR1|P3H1|THAP7|SLC7A11|SLC22A23|RNF181|SHISA5|SLC39A4|ZSCAN25|MOSPD3|ARHGAP1|NUDT17|PRELID1|CACNB3|ENTPD4|FKBP2|SYS1|PRICKLE3|FLOT1|PSMB4|SLC35C2|EEF1D|STUB1|RAB2A|TMEM184B|GOLGA2|NDUFB6|ATP6V0A2|PXN|IER2|EAF2|AUP1|APPL1|MGAT1|DNAJC1
GSE2770_IL12_AND_TGFB_ACT_VS_ACT_CD4_TCELL_6H_DN	0.75211097708082	1	0.241213101383655	0.914150244058381	2493	187	BATF|PRNP|IL12RB2|STEAP1|SLC30A10|SLC25A44|NABP1|STRAP|HEXA-AS1|RAB29|BPNT2|IL18R1|PSMD5|KDSR|MTHFD2|USP6NL|PTGES3|UBE2N|RRAS2|MTCH2|BGLAP|SGCB|GPR157|SLC35D1|RNF144A|SLC25A32|HUS1|PHLPP2|CHSY1|TMEM70|TRAFD1|ATP2A2|NIPA2|ACACA|TFG|STAU1|FUBP3|DNAJB6|FUBP1|BAK1|PKNOX1|HSPA5|GNE|SLC35F5|SFPQ|SLC25A4|FBXO4|EED|KIAA0040|PRKX|EIF1|FKBP4|NSD3|KDELR2|ATP2B4|HSPA8
GSE2770_IL12_AND_TGFB_VS_IL4_TREATED_ACT_CD4_TCELL_2H_UP	0.993975903614458	1	0.207086443960472	0.78458104332698	3299	186	ZNF677|SRC|HLA-B|CAMSAP2|ACTR3|ADPRH|CCRL2|ZNF785|PUS3|YIPF6|CRNKL1|WSB2|PPIL1|NFAT5|GCLM|MED13|HK2|SCARF1|GPRASP3|ERVW-1|MAMLD1|CD274|LRRN4CL|SLC4A4|NDUFV2|SQOR|MOB3C|TRIP11|TSG101|CCT4|SNX19|MED31|ANKRD12|ZFYVE1|PSMD14|HSP90AA1|ATP6V1B2|H4C8|UBE2A|PCLAF|DNAJB6|SAV1|ADAT3|PUS7L|PAX8|NCOA5|ATP6V1C1|R3HCC1L|PIR|KPNB1|SP4
GSE2770_IL12_AND_TGFB_VS_IL4_TREATED_ACT_CD4_TCELL_48H_DN	0.646382587369712	1	-0.266217563663263	-0.926170604745301	4216	158	PLCB4|SYPL2|ZNF876P|BDNF-AS|APOL1|PSMB9|BTN3A1|CRISPLD2|SLC2A12|DENND2C|APOL6|CAPN12|FMO4|IL17D|IQCH|CEP41|GBP2|TRIM26|TAP2|DYNC1H1|STX5|PDP1|FIZ1|RAB30|RNF149|FKBP2|HELLS|FUT1|APOL4|SLC25A35|MR1|TMEM39A|IRF1|DNPEP
GSE2770_IL12_VS_IL4_TREATED_ACT_CD4_TCELL_48H_DN	0.816400361772686	1	0.236266677025602	0.896351091743832	2707	188	LNX2|BATF|ZFP69|TSPAN32|FCHSD1|DNAAF9|KCNG1|TET3|HSDL2|NCOA3|REV3L|TMEM209|ETFRF1|HIF1A|TRUB1|AFF4|RALGAPB|C5orf34|MACIR|SCAF8|BLTP1|INVS|CABLES2|SORBS1|HSPA4|PLPP3|ARHGAP8|LFNG|DAZAP2|RAP1B|GNG10|NFATC2|SBNO1|NUBPL|AHCTF1|CUL2|TMEM14A|ZBTB37|MGA|CYP4V2|TENT4B
GSE2770_IL12_VS_IL4_TREATED_ACT_CD4_TCELL_6H_DN	0.924567993989482	1	-0.232378307172484	-0.82565456448175	6152	191	RAP1GAP2|SNN|AXL|UQCR11|ATAT1|ADGRE5|IL4I1|COX14|HCST|APOE|NBEAL2|PDCD1|DYRK2|PHPT1|DNAJC15|SREBF1|ING4|KLF7|TSHZ3|DENND2C|BRD3|EMP3|MAPK7|SUCO|AKNA|BIN3|NECAP2|SIX5|TIMM10|RILPL2|SNX8|CARHSP1|GPAA1|RTL8C|TTC28|RNF24|PRICKLE3|NDUFA7|TMEM184B|CKB|PEDS1|TUFM|P3H3|NRBP1|CDKN1A|GSTK1|RNF31|POLR2I|EIF3K|TIMM50|COA5|BUD23|MFHAS1
GSE2770_IL12_VS_IL4_TREATED_ACT_CD4_TCELL_6H_UP	0.999401824435472	1	-0.202459395244555	-0.715361379632252	6682	178	ADGRD1|STX1A|PHYHD1|INKA1|B3GAT1|RNF207|ACAP3|AEBP1|CASQ2|LENG9|TTYH2|SLC25A19|COMMD1|SMOC2|NSDHL|WDR4|POLD1|RNPS1|THBD|BMP1|ZBTB10|SMCO4|PPOX|NAT14|UNC45A|OAZ1|TBC1D17|TXNDC11|DPCD|UBE2M|PLEKHH1|PITPNM1|CLCN5|ACCS|DNPEP|SEC61A2|RBM10|ERGIC3|PIGO
GSE2770_IL12_VS_TGFB_AND_IL12_TREATED_ACT_CD4_TCELL_2H_UP	0.745351657235247	1	0.253748026847374	0.892798028568926	2765	106	ALG11|ABTB1|CREBL2|CAMSAP2|DTL|CCNA2|ATG2B|ARF4|ARPP19|CYP2R1|CFI|GPRASP3|CREB3L3|CDHR4|CYTH4|ATP6V1D|ALDH9A1|DTWD2|ALG10B|DOCK11|CNOT2|CARD6
GSE2770_IL12_VS_TGFB_AND_IL12_TREATED_ACT_CD4_TCELL_48H_UP	0.657942238267148	1	0.249770794679767	0.942870832611653	2186	182	CNRIP1|PRNP|TM6SF1|COL15A1|CD36|MAN2B1|SLC49A4|TTYH3|ABHD17B|PRPS2|DHX40|L3MBTL3|MACIR|PI4K2B|PNPLA7|RDX|ADD3|FNIP2|RNF115|ASS1|HSD17B11|HECA|SLC5A5|RSAD2|SPP1|ART4|RNF125|RNF144A|NATD1|ASNSD1|ACSL1|IL10RA|CARD6|DNAJB11|AKIRIN1|PIK3CG|PLCD3|GPD1L|CD93|GGH|USP12|CHP1|AK3|IDE|BRAP|CORO1C|SLC39A8
GSE2770_IL4_ACT_VS_ACT_CD4_TCELL_2H_DN	0.958697618329816	1	0.221186065930352	0.839138105174732	3179	188	TTC39B|LIPG|LONRF1|TAMALIN|NMD3|ESF1|TMEM209|VPS54|KLHL24|PLCL1|TSC22D2|BLTP1|NAB1|IFRD1|ITPRID2|TBPL1|USP31|SLC38A2|TAPBPL|GPR183|SLAMF7|MTMR12|JAK2|DBT|PELI1|AHCTF1|RAPGEF6|CLIC4|BAZ1A|DDX3X|PLSCR1|ATP11B|SEC63|FARSB|BHLHE40|MAP2K4|BTG1|ALDH18A1|ATF3|NDFIP1|AKAP10|TRMT6|KPNB1|RIOX1|PHF10|CPSF6|HECTD2|DNAJC21|SLC25A33|PPP1R15B|SRSF10|GOLGA5|VSIG10L|PRPF38B|RYBP
GSE2770_IL4_ACT_VS_ACT_CD4_TCELL_2H_UP	0.734058402860548	1	-0.252983669617024	-0.903462109831386	4926	200	ABRACL|PYCARD|COX8A|FAAP20|FCSK|SLC46A1|NDUFB8|INCENP|SCRN2|MRPL14|DNAJC15|COX6B1|ZNF229|TMEM160|LMAN2|IFI27L2|TRIOBP|CTSA|ZFYVE19|MACROD1|TSFM|GUK1|GTPBP3|WDR13|F2R|STRADA|PGP|ACAA1|ARFIP1|UGDH|EXTL3|NCAPH2|TUBB2B|NUDT1|TUBG1|UQCC3|HELLS|HES6|CARS2|SLIRP|RPS11|MTHFD2L|PEF1|CDC34|RWDD4|MANBA|WDR53|PXN|VPS36|TMA7|SUGP1|EBP|PTDSS2|UHRF1|MTFP1|MAVS|SEC11C|MLF2|CIAO3|AP2S1
GSE2770_IL4_ACT_VS_ACT_CD4_TCELL_48H_DN	0.970099667774086	1	-0.223192475590463	-0.784906695006674	6423	173	FOXD2|ACKR1|TYROBP|CEP83-DT|TCN2|AKAP13|PLXNB2|ENC1|UVSSA|INCENP|TSPYL2|DYRK2|TEF|D2HGDH|POR|GBA2|SUCO|FILIP1L|MAP7D1|CTSD|BRD9|ABHD12|DHRS3|CD2BP2|TNIP1|ENTPD4|SLC38A5|MAN2C1|EMC1|HCFC1R1|ZMIZ2|TRIM56|NRGN|ST8SIA1|NMU|TRAF3|CDC42EP3|PINK1|RDM1|PILRB|SYNGR3|DHX34|NFKBIE|MPLKIP|CYRIA
GSE2770_TGFB_AND_IL4_ACT_VS_ACT_CD4_TCELL_2H_DN	0.927042508290624	1	0.225642248362561	0.850891762148069	3074	181	SAMD9|STAP1|ARMCX1|IFIH1|MX2|DHX58|BLZF1|USP25|NT5C3A|NABP1|DTX3L|DCTN4|CAPN2|ARHGAP27|RP2|RBM7|HESX1|IFIT5|C1GALT1|CXCL11|TENT5A|PELI1|VRK2|B4GALT5|B3GNT2|ETV7|RHEB|PPM1K|SNW1|TOR1B|TRAFD1|AZI2|KDM6A|NOD1|CHMP5|GTF2B|NMI|PLSCR1|CNDP2|PARP4|TIPARP|HELZ2|SH3GLB1|PARP9|SUPT3H|CDS2|EIF2AK2|OPTN|OSBPL2|KIAA0040|AFG1L|CALCOCO2|DOP1A|STOM|TDRD7
GSE2770_TGFB_AND_IL4_ACT_VS_ACT_CD4_TCELL_2H_UP	0.922218872475128	1	0.226286377131546	0.858487721341417	3058	188	RAD52|HLA-B|UQCRB|ZNF410|ATP6AP2|CD164|HACD2|ARID5B|ABCC4|FOXN3|ATG2B|TNFAIP8|SACS|AAK1|CHPT1|CBX7|SVIP|ATP1B1|RPL21|LYRM7|RBL2|SNRPN|AKR7A3|SCARF2|FLACC1|BEX3|SLC35D1|RNF144A|HLA-C|TMPO-AS1|CMPK1|ITM2A|ZDHHC2|SLC10A4|GPBP1|RPS3A|RPL6|BIVM|RPL7|LRRC23|MFSD14B|GLTP|ATP13A3|GALNT1|DHX57|PARK7|RCN2|DAD1|PRXL2A|TLE2|UBE4B|EIF4B|ATP6V0E1|IL1R1|METTL9|PFDN5|PABPC1|LTA4H
GSE2770_TGFB_AND_IL4_ACT_VS_ACT_CD4_TCELL_48H_UP	0.955675351901767	1	0.221429404657194	0.842181277028684	3190	190	SLC9B2|HLA-B|ACOX3|ACTR3|PSMC1|RNF13|CCRL2|CEP162|PJA1|ERI1|ZNF785|PSMA1|TNFAIP8|UNK|YIPF6|GCLM|HK2|GTF2A1|EIF2B2|KLLN|RSAD2|CD274|ATL1|GNPDA2|NDUFV2|OSGIN2|SQOR|NFE2L2|TDP2|LAMTOR3|CREG1|MOB3C|CTNS|DNAJB11|PTPN12|MED31|RPA2|LINS1|ARCN1|ZFYVE1|PSMD14|PSMD11|HSP90AA1|ATP6V1B2|ATP6V0E1|UBE2A|MED8|SAV1|SH3GLB1|ATP6V1C1|MSMO1|SLC35F5|PSMA3|KYNU|AMPD3|GTF3C6|HSPA8|SRP54|RAB7A|MFAP1|TM2D2|GSTO1|TUBB6|ADAM17
GSE2770_TGFB_AND_IL4_ACT_VS_ACT_CD4_TCELL_6H_DN	0.687032045522612	1	0.245515946171825	0.933791667813956	2293	190	STK38L|NLGN2|MPZL3|TBCEL|INSIG2|EMSY|TTPAL|DCLRE1A|UCN|BPNT2|ZNF550|RANBP2|ITSN1|WASHC4|HOMER1|SAR1B|RAB36|ARL3|RIOK2|WDR89|TPRKB|DBT|MED23|PLS1|THOC1|SNAI3-AS1|ZNF654|NAMPT|CAPN7|BFAR|RPRD1A|SKP1|TTC3|INPP5B|MFSD14B|TNKS|CCDC90B|MAPK14|API5|HSD17B12|TEAD1|MRS2|CHP1|PSMD11|PAPOLG|WBP11|ZFAND6|DLD|ATP6V0E1|MARS2|CENPE|DALRD3|CCT6A|SYNJ1|H2AC6|RIOK3|LAPTM4A|TXLNG|RNF146|BTAF1|TFEB|PAQR8|SRP54|INTS2|PURB|MRPL35|POU2F1|RAB7A|ASF1A
GSE2770_TGFB_AND_IL4_ACT_VS_ACT_CD4_TCELL_6H_UP	0.899491474723302	1	-0.235842807061129	-0.836565851478747	6013	187	FAM171A1|PBX3|ACE|COX8A|GTF2I|MT2A|ALKBH6|COMMD4|TMEM116|EPHA1-AS1|SMIM27|SUN2|DNPH1|CD101|TNFRSF1A|ROBO3|TAOK2|DCAF15|RHOF|TBCB|SEMA3G|MACROH2A2|PET117|DUS3L|COMMD1|ACP6|EWSR1|MED10|TRABD|MED24|CPQ|PHC1|RILPL2|ELOVL1|CERS5|ITGAV|LMBR1L|STAG1|MIR4435-2HG|CMTR1|TUBA1B|REPIN1|HAUS4|CDC42|MINK1|NCBP2AS2|PLEKHM2|DCPS
GSE2770_TGFB_AND_IL4_VS_IL12_TREATED_ACT_CD4_TCELL_48H_UP	0.840586212053238	1	-0.243408592412539	-0.863124829325592	5620	185	CD37|LINC00528|SH3BP2|NUDT18|ACAP1|GAS5|SMIM27|RPL23|KLF7|CRISPLD2|VSIG4|SPATA6|ZNRD2|RGS14|VENTX|EIF3LP3|MBOAT1|ACYP2|MAP4K1|SRM|PCIF1|WDR18|TRAPPC1|RAB40C|DCTN3|NR4A1|APBB3|SIDT2|GCHFR|LINC01003|NUDT1|H2AZ2|PAFAH1B3|ERP29|TMC8|POLM|STN1|JMY|TMEM183A|PIGS|PRR7|VEGFA|DNMT3A|AP2M1|RSAD1|CLEC11A|IDH3G|POLE3|STX16|TTC38|APMAP|CDK5|PUSL1|ARRB2|MBTPS1|TLE3
GSE2770_TGFB_AND_IL4_VS_IL12_TREATED_ACT_CD4_TCELL_6H_UP	0.981900452488688	1	0.213479207537333	0.808029711124613	3254	185	STAP1|EGR3|MAN2B1|KIN|DOK2|ATP6AP2|TTPAL|GPR162|GCC1|CTSS|LGALS8|PJA1|PEAK1|NR4A2|AAK1|SLC44A1|SDCBP|WDR26|INPP5K|SLC39A1|GFI1|GPR183|TDRP|EGR2|LARP7|SKAP2|CERT1|SLC25A14|WIPF1|NGDN|PTPN12|FBXO33|WWP2|HYCC2|MON2|KMT2E|ZC3H11A|SMPDL3A|C2orf88|ZDHHC5|PSME4|FYCO1|ASXL2|RIPK2|MYCBP2|ZZEF1|PRKCQ|RIOK3|ATF3|PARP9|DOCK8|INPP1|SARAF|ATOSA|FOSL2|KIAA0040|PARP14
GSE2770_TGFB_AND_IL4_VS_IL4_TREATED_ACT_CD4_TCELL_48H_UP	0.754597527886645	1	0.240925124288556	0.914024359690657	2502	188	CLN5|TMEM51|NABP1|DCBLD1|CCRL2|ZNF100|PJA1|VPS50|YIPF6|FNIP2|SC5D|CRNKL1|STARD3NL|WSB2|MED13|MRPS6|GTF2A1|MAMLD1|CDH7|SERPINE2|ATL1|RIT1|ELL2|OSGIN2|SQOR|NFE2L2|TDP2|LAMTOR3|CREG1|MOB3C|CTNS|TSG101|HPS5|TPST1|SERINC1|TTLL4|LINS1|HMGCS1|ARCN1|ZFYVE1|ITPRIPL2|ATP6V0E1|TMCO3|UBE2A|DNAJB6|BTBD7|ADAT3|PNPLA8|ZNF232|BTG3|PIR|KPNB1|SP4|MSMO1|SLC35F5|PSMA3|CD82|DAB2|KYNU|AMPD3|KDELR2|HSPA8|SRP54|FTH1|PDCD6IP|MFAP1|CHST7|TM2D2|GSTO1|SPRED2|TUBB6|ADAM17|G3BP1|KLHL28|MMUT|STX3|RRAGC|CYP51A1
GSE2770_TGFB_AND_IL4_VS_TGFB_AND_IL12_TREATED_ACT_CD4_TCELL_48H_UP	0.98644578313253	1	0.211445458888713	0.801095888117736	3274	186	ABITRAM|RAD52|FXYD7|STRADB|DCLRE1A|UCN|PTER|BBOF1|MEF2A|ACSF2|ZNF277|RFC4|FOXJ3|SCFD2|DCTN4|THAP9|NDFIP2|LZTFL1|PUS3|ZFAND1|SNAPC1|TTC14|ZNF540|CLTCL1|WDR89|UBE2V2|YTHDF2|PCNX4|MFSD4B|THOC1|ERC1|DLG1|PRDX3|MGA|DTD2|BIVM|C8orf88|CCDC90B|ZKSCAN5|FANCF|SPG11|MRS2|SFT2D3|ASCC1
GSE2770_UNTREATED_VS_ACT_CD4_TCELL_2H_DN	0.938903863432165	1	0.223863261911384	0.851438173210167	3134	190	ELK3|ZNF235|SCRN3|WDSUB1|ENOPH1|ANGPTL4|HDAC2|BPNT2|AKR1E2|FER|PJA1|EIF4G2|SATB2|PALS2|DCAF13|DENND4C|ATXN10|PPIP5K1|MRPL39|FEM1B|ABR|TIGAR|DCAKD|DLAT|CAPRIN1|FAM83G|MRPS31|IFT57|PKP2|YTHDF2|IFT74|WDR36|ZNF623|PRELID3B|ARHGEF12|PPWD1|PSMC2|TTLL4|PARK7|SUCLA2|METTL5|RTCA|NDE1|WEE1|ACTR8|ACACA|PEX2|CEP70|TFG|FAF1|SRBD1|FABP5|FUBP3|SUCLG2|PAICS|DPP9|AHCY|DKC1|DRG1|SUMO3|LMAN1|SARNP|NUP58|TBC1D7|MRPS2|FYTTD1|TMEM164|TERF1|NUDCD1|TANGO2|USP37
GSE2770_UNTREATED_VS_ACT_CD4_TCELL_2H_UP	0.809809509524524	1	-0.246728668263002	-0.875913461902113	5398	189	SRGAP3|POU2F2|PIEZO1|MARCKS|ATXN1|AMZ1|PBXIP1|P2RX4|RABAC1|DGLUCY|SLC3A2|NAT9|DBP|EEIG1|PPCDC|CARNS1|GCA|TMCC3|SRMS|MICU3|LAMB3|LGALS3BP|DDRGK1|IRS2|ACP6|TNKS1BP1|TRIM26|AKNA|FILIP1L|ORAI1|ENO3|AGRN|JUNB|SLC39A4|CRTC1|CERS4|B4GALNT1|CEBPB|PLD2|PLEC|FNDC10|SAMD9L|TK2|AKAP7|INTS4|STARD10|IQSEC1|SH2D2A|SOCS3|ELL|LY6E|TRAF3|CTSH|ITPR2|ABCA2
GSE2770_UNTREATED_VS_ACT_CD4_TCELL_6H_UP	0.833208451970628	1	-0.244610436612276	-0.865074873242591	5559	180	CCDC12|PLXNB2|PYCARD|COX8A|HEPACAM2|QSOX1|CPT1C|PDLIM2|DHRS1|NDUFA13|SYNGR2|APLP2|NAA38|ABHD17A|PPFIA4|IFI27L2|C8G|SLC25A19|DDT|BIN3|GMFG|DHRS3|SEC61A1|TOMM7|PALM|MFSD10|OXLD1|TPGS1|NUDT17|SLC39A11|INO80C|CD2BP2|LIFR|UBE2J2|MVD|UQCC3|BORCS7|UBE2M|NCBP2AS2|CKB|CLCN5|TXN2|SURF1|PCGF2|MRPS16|GPCPD1|S100A13|EDEM1|EIF3K|SELENON|CUEDC2
GSE2770_UNTREATED_VS_IL12_TREATED_ACT_CD4_TCELL_2H_DN	0.96588200238379	1	-0.224375036810617	-0.801294188108235	6482	200	WFS1|AARSD1|FCSK|GPR68|INCENP|TNK2|EEIG1|SAC3D1|ABHD17A|DENND11|CAMKK1|NLRX1|RHOF|PLOD3|C3orf80|TMEM109|AKR1B1|BCL9L|LRRC45|SCARB1|AKNA|GNA11|TRIP6|KCNN4|HPCAL1|GTPBP3|TSC22D4|RETREG2|EXTL3|SFR1|GDPGP1|GIPC1|TUBG1|LAMP1|GPR180|DPH2|HES6|XYLT2|TMBIM6|SH3BP5L|APEX2|TEDC2|LPCAT1|TMEM184B|ABCD4|MICAL1|WDR53|MPI|HSPA1B|PSMC3|TUBA3C|CD320|PPARGC1B|SH3GLB2|H6PD|FHOD1|MMD|FIG4|CBX6|SGSM2|ZNHIT2|SIPA1|PEX26|TRIP10|RREB1|CHST2|ZBTB14|RXYLT1|TUBB4B|EI24|USP21|MKNK2|RPA1|DIPK2A|KHDRBS1|EID1|CSK|DFFB|GLB1
GSE2770_UNTREATED_VS_IL12_TREATED_ACT_CD4_TCELL_48H_UP	0.892162728088543	1	-0.236964323330326	-0.840544019074274	5964	187	PRG2|SMAD7|TSC22D3|PLXNB2|AHRR|IFI30|HLX|BCL2L12|ENC1|GPR68|ADGRE5|SLC45A4|PDE6D|NAA38|SHLD1|IFT140|DENND1C|RSPH9|GBA2|DNAJC22|ACVR1B|SLC15A2|G6PD|USP27X|PNKP|HERC2|MYO9B|CTSD|WDR13|SPN|AGPAT2|ARHGAP1|CNPY3|TNFRSF1B|STAG1|KLF13|TRPT1|PGGHG
GSE2770_UNTREATED_VS_IL12_TREATED_ACT_CD4_TCELL_6H_DN	0.801555256467773	1	-0.247896415475322	-0.875906606191866	5359	178	MAPK8IP2|IL15|FZD7|RASGRP3|ELMO3|CARD19|TAP1|PWWP2B|PTRHD1|HAS1|SPATA6|LOXL3|TNK1|HOXC13|RPS6KL1|CALR|SCARB1|TAP2|SLC22A23|RPS10|CAPN15|CLCN6|SIL1|PPP2R3C|PRDM15|RTL8C|FZR1|MYCL|TAX1BP3|SRGAP2|RNASET2|RAB2A|PEDS1|GCAT|TNFAIP2|SPTBN1|CDKN1A|SERPINF1|ADAM8|COG2|TAF5L|MRPS12|CCDC107|CRELD2|MTMR14|CDC42BPB|H2AX|CYTH1|RXRA|ORMDL2|GPT2|DAAM1|MYO9A|NSMCE1|MVB12A
GSE2770_UNTREATED_VS_IL12_TREATED_ACT_CD4_TCELL_6H_UP	0.684810316389264	1	-0.259345998391345	-0.915360817125656	4566	177	APOA1|IAH1|PLXNB2|MGAT4A|CHAC1|PSMB9|TAP1|P2RX4|SLC3A2|ZNF516|KLF7|TMEM163|CLDN12|ICAM1|RASGRP1|ZNF622|PANX3|TNFAIP8L2|TRIB3|PHKG1|ZDHHC24|GBP2|ARHGEF10|FILIP1L|ASNS|SLC7A1|NFE2L1|JUNB|STX5|SLC6A9|CEBPB|PYCR1|G0S2|PCK2|TRIM56|TMEM128|AARS1|RHBDD1|CLK3|VEGFA|SESN2|IRF1|RELB|ZNF808|TCTA|CARS1|NEK8|RHOG|ARL14EP|EIF4EBP1
GSE2770_UNTREATED_VS_IL4_TREATED_ACT_CD4_TCELL_48H_UP	0.835946924004825	1	0.234947196822766	0.890403697329672	2771	187	PIGB|FOSB|EFNA2|SLC33A1|BMPR2|HS2ST1|GGPS1|RCHY1|SCFD2|ETV3|KHK|LZTFL1|ARF4|SLC30A6|RAB3D|HARBI1|DCAF6|POGLUT2|DYM|GFI1|RECK|TGFBI|DSEL|SGCB|TRIM24|PPA1|DCTN6|RTN3|LIMK1|CREG1|TMEM230|EBAG9|ACTR10|UXS1|AKIRIN1|TOR1B
GSE2770_UNTREATED_VS_IL4_TREATED_ACT_CD4_TCELL_6H_DN	0.982118707738542	1	-0.21858905236872	-0.7766604853525	6535	191	TP53I11|NEIL1|VASN|AKAP13|ARHGAP33|RPGR|MAPK11|HLA-DOB|ITPA|N4BP3|NBEAL2|SNX30|SPSB3|IFIT2|TPD52|RDH12|PCYT1B|AGER|DUS2|CDKN2D|TXNDC16|RHOF|PEX7|MRPL20-AS1|HSD17B7|B9D2|MAP4K2|SULT1A1|MTBP|MAP3K3|PPP1R3F|SMCO4|RGS19|SETD1A|CDCA3|ITGAV|EPOP|LIFR|TK2|C19orf25|BID|SH3KBP1|DTNBP1|PPP6R1
GSE2770_UNTREATED_VS_TGFB_AND_IL12_TREATED_ACT_CD4_TCELL_2H_DN	0.974626865671642	1	0.21706143918034	0.815829311838568	3264	176	COL15A1|HYKK|MX2|GNAT2|BMAL2|RTL8B|BNIPL|PTHLH|TOP2A|ALOX12|PBK|PLCL1|TMEM37|PNPLA7|CYP27B1|SMC2|ATP1B1|NUSAP1|RRAD|CD96|SYNE2
GSE2770_UNTREATED_VS_TGFB_AND_IL12_TREATED_ACT_CD4_TCELL_48H_DN	0.91434561245882	1	0.227596344314421	0.865636522839071	3052	190	MYO1F|PLEKHM3|NKIRAS1|EXO5|FGD4|UAP1L1|EXOC5|ZBTB33|TMEM143|WDCP|PGGT1B|RHOT1|XPR1|RIMOC1|DCLRE1C|FAM199X|SLC30A6|TAPT1|ERP44|UFL1|TRMT10B|PSMG1|USP8|ASB3|TRIAP1|RAP2C|SP1|BAZ1A|ZFC3H1|ATPAF1|SEPTIN2|RICTOR|CYRIB|RO60|CLNS1A|SUPT4H1|MKLN1|ZMYM2|MAPK14|AGPAT5|NT5DC1|ZNF236|RBM48|HMBOX1|YWHAH|SFT2D3|TFRC|EIF4A2|SLMAP|KPNA1|EHBP1|FUBP1|CCNY|U2SURP
GSE2770_UNTREATED_VS_TGFB_AND_IL12_TREATED_ACT_CD4_TCELL_6H_DN	0.959933222036728	1	-0.226574451465819	-0.792706043132389	6324	165	PLEKHN1|MAPK8IP2|LYPD3|FOXD3|INCENP|DEGS2|LRFN1|JMJD4|TNFRSF8|HYLS1|ZNF516|SRCIN1|ATP2B3|ZNF580|LGALS3BP|TOM1|CYP2F1|SLC43A1|TMEM87B|POLR3K|CERS4|PPP1R3F|MADD|PRPF19|MVD|THOP1|TSR2|IL17RC|USP40|PRRG2|PAFAH1B1|CC2D1A|PDXK|DNPEP|WRAP53
GSE2770_UNTREATED_VS_TGFB_AND_IL4_TREATED_ACT_CD4_TCELL_2H_UP	0.728633438108068	1	-0.254943021964763	-0.90328365646372	4867	183	TRAPPC6A|SMPD1|RAB38|ZDHHC12|TMEM9|TIMM8B|CHST12|SLC38A10|CCS|RGS3|ATF6B|GBA2|TADA2A|MED22|LRPAP1|G6PD|LTBP3|THAP7|TBC1D8|TSPO|CAD|TXNDC15|SORBS3|NDUFB7|CYB561D2|TBC1D25|RHOB|ZSCAN25|DCTN3|ARMC6|TSSC4|ACADVL|RPUSD3|NEK6|RABL6|CHPF2|PEF1|RAB2A|DCUN1D4|TIMM17B|BRF2|BCKDK|JUN|PARL|POLDIP2|DNAJC1|ADAM8|MTFP1|AP4B1
GSE2770_UNTREATED_VS_TGFB_AND_IL4_TREATED_ACT_CD4_TCELL_4H_UP	0.807962879808412	1	-0.246975261087447	-0.875053238060327	5397	183	N4BP2L1|CD84|KRTCAP3|PDLIM2|UVSSA|PBXIP1|DYRK2|RCN3|ROGDI|PPCDC|RELL2|KLF7|AHCYL2|FLAD1|COMTD1|IFI27L2|RIPOR1|AKT3|SLC6A13|ARHGEF10|DCXR|JUNB|STX5|APBB3|SLC35D2|EPHX1|ACAA1|PLEC|PRKAB2|TNFRSF1B|FBXL3|NUDT17|SLC35F6|TEX264|KLF13|TBC1D17|GLMP|SAMD9L|RPS11|SLC35C2|SOCS3|CKB|JTB|PXN|IER2|CTSZ|TRIM11|CLCN5|ATXN7L3|PINK1|NRBP1|FAM8A1|URM1|HIPK2|NFKBIE|RBM5|SHARPIN|C15orf61|CYTH1|BAZ2A|RPL41|PIK3R4|TMEM127|SMIM13|MPDU1|EVA1B|KIF9|VAMP8|MNT|SLC11A2|RNFT1
GSE27786_BCELL_VS_CD4_TCELL_UP	0.653313253012048	1	0.24910369197642	0.943770296160803	2168	186	ATG16L2|YOD1|STAP2|RRM2B|TMEM135|RSL24D1|EDARADD|ERI1|ROCK2|SYPL1|DNA2|OAT|ZNF383|SKIL|MED13|IDH1|ICOSLG|DLAT|C1GALT1|GALNS|RHOA|ASNSD1|PDE12|NIPSNAP3A|YTHDF2|MED23|STAU2|CNOT2|PDE7A|LSM14A|LMBRD1|SLF2|CYRIB|CFAP20DC|DCP2|CLNS1A|CAV2|TPP1|TOR1AIP1|CTDSPL2|PLBD1|PRXL2A|USO1|BRWD1|BTF3L4|MMS22L|AK3|HACD1|ATP6V1B2|DALRD3|DCAF12|SDHAF3|ELOF1|EP300|SUMO3|SCAI|RALGAPA1|PRDX5|WDR3
GSE27786_BCELL_VS_CD8_TCELL_DN	0.957888493475682	1	0.220201745421396	0.828134499296604	3229	175	PLA2G3|SLC49A4|CREBL2|GABRR2|CEND1|ITFG1|USP38|FGF13|DNAH8|TLE4|GLUD1|FASTKD1|C5orf34|SMAD4|NDFIP2|ZNF274|MEX3B|AP3S1|HECA|RRAD|DOCK10|VWF|ART4
GSE27786_BCELL_VS_MONO_MAC_DN	0.997425412691201	1	-0.206904174517965	-0.724562723360272	6585	166	FARP1|HLX|CD84|MINDY1|PBXIP1|DHRS1|STK36|GSDMD|SERF2|APLNR|MAP1LC3A|GPC1|PKMYT1|GDF9|NAA60|AMPD2|IL18BP|MZT2B|TACC3|HIC2|TSPOAP1|ELOVL1|PCSK7|KLHL2|DLL3|CRAT|PSEN1|PEDS1|TEAD3|FHIP2A|MPZL1|BCORL1|SPRY4|CEMIP2|RAB24|RHOG|PRR22|CDC20
GSE27786_BCELL_VS_MONO_MAC_UP	0.986559139784946	1	0.213757408492811	0.814604798902279	3302	192	ZNF841|YOD1|CAMSAP2|TMEM135|RNF2|ANKRD49|CNIH1|MARCHF5|C17orf58|SLF1|CABLES2|OAT|ZNF383|CWC22|RPL39|NKRF|PLPP3|TRIAP1|CRBN|FXR1|ENDOD1|FTO|FAR1|PRR3|TTC33|PSMA6|CFAP20DC|CREB1|BCLAF1|AGBL5|HNRNPA1|HSD17B12|NMI|YIPF4|JAGN1|ZNF124|LTV1|MYCBP2|CCT6A|ZZEF1|ESCO1|RAB10|CAT|UBR1|BTG3|RMND1|NAA35|PSMA3|KCNQ1OT1|OARD1|ARHGAP25|TXNIP|GPATCH8|MNAT1|SLC7A6|SMG1|HNRNPA3|PHF20|ATAD2B|SF3A3|WDR55|NDUFA12|CYP51A1|UBE3A|CHCHD4|AMMECR1L|COPS7A|KDM5A
GSE27786_BCELL_VS_NEUTROPHIL_UP	0.993672793009943	1	-0.212301438731304	-0.755146784471578	6595	194	TASP1|DDB2|SLC29A1|MRPL41|JMJD4|CXXC1|PHB1|TADA2A|PUS1|LUC7L|PIK3IP1|SRR|CNTROB|TAF15|EXOSC5|EMC4|ZNF329|QTRT1|ABHD12|FAM98B|BOP1|POLR3K|CERS4|TIMM10|CC2D1B|POLR2A|SYS1|NUBP2|GNB1L|C9orf85|RHEBL1|TRAF3IP2|PSMA7|GATA2|TRIM27|PRR5|RELB|EFTUD2|SLC22A5|RBCK1|PPARGC1B|PTPA|MAVS|SAE1|ARB2A|SERINC3|MYO1C|SHARPIN|TCF25|CBX6|DDX24|DAG1|PPM1G|SOCS7|AIFM1|TMEM39B|IFT172|TRIM28|METTL3|DYNLL2|IMMP1L|SETD2|LUC7L3|BST2|SF3A1|CDK4|POP1|NOC3L
GSE27786_BCELL_VS_NKCELL_DN	0.653904130238167	1	0.248381085007751	0.942310864646774	2168	188	AJUBA|ZC2HC1A|CD44|TM6SF1|TNFRSF14|MX2|BMPR2|MBNL2|SFT2D2|ARHGAP23|NUDT13|KHK|SPRY2|TJP2|ADIPOR1|PRKRA|IPMK|ISOC1|MS4A2|RECK|F5|EML6|TNS4|RIT1|RAP1B|SOS2|JAK2|RTN3|CMPK1|SMC6|SEPTIN2|SKP1|RBM47|INPP5B|GLTP|NCK1|RAB14|VAMP3|RCN2|PIGX|HSD17B12|PLSCR1|CNDP2|NSMAF
GSE27786_BCELL_VS_NKTCELL_DN	0.810770156438027	1	0.237571621915162	0.896819635166876	2694	182	SEMA3A|TTC39B|TENM1|TM6SF1|CCDC33|TBC1D10C|TBCEL|RTL8B|USP25|FGF13|SNX33|NABP1|KLF10|NDFIP2|SPRY2|PRKAR1A|SLK|PPIP5K1|ATP1B1|MRPS6|MED21|EFHC2|TMEM176B|RIT1|PCCA|JAK2|WASHC3|TENT5A|GRK5|MBNL1|ADCK1|HACD3|SEPTIN2|KDM6A|IKBKE|ITM2B|ARHGAP5|MAPK14|KBTBD2|NGLY1|LEPR|PIGX|PANX1|PLSCR1|CNDP2|YWHAH|SMC4
GSE27786_BCELL_VS_NKTCELL_UP	0.895752318276997	1	-0.236472509343052	-0.838799489350596	5988	187	DIPK1A|STOML1|BCL2L12|ACE|HEPACAM2|MAPK11|SH3BP2|ETHE1|SNHG32|PPCDC|SLC41A2|RDH12|LENG9|RECQL5|RPP25L|PTK2B|ATP2A3|TIRAP|USF3|MBD3|NFKBID|THBD|NECAP2|MED6|TREML2|CARHSP1|SNHG6|VPS11|FBXL6|AKAP7|MEF2D|HES6|C9orf85|ABCA5|ZBTB48|CCNF|ITPR3|ZDHHC14|DNPEP|POP7|STARD5|LANCL2|PES1|PANK4|PIH1D1|NFKBIE|CUEDC2|SHARPIN|MTMR14|RBM34|CYTH1|MYO5A|PACC1|RNASEH2A|RNF19B|C1orf52|MATK|HEXIM1|GATB|IFT172|CHFR
GSE27786_CD4_TCELL_VS_ERYTHTROBLAST_DN	0.808060836501901	1	-0.248432538217822	-0.868476713062504	5312	164	ZNF711|TNS2|SEMA4G|TLX1|PHYHIP|MINDY1|PLPPR3|PWWP2B|RHBDF1|SMAD6|RIMS4|PKD2L2|AXDND1|HS6ST1|COL6A3|CRYGS|NME3|CA12|IRS2|H2BC5|RPUSD1|WDR27|DIRAS1|FBXW4|TSKU|SIRT6|DGCR8|LMLN|ID1|TBCCD1|AKAP7|CNIH4|HOXC6|SLC25A42|TENT4A|UBFD1|TNFRSF10A|CHRD|TMEM183A
GSE27786_CD4_TCELL_VS_ERYTHTROBLAST_UP	0.997022923489134	1	0.205160364682665	0.782752159419056	3348	193	SLC35A3|RFX3|CD44|BBS12|PRMT9|HMGN5|TRPM7|DNAH8|PLCL1|FMNL3|TNFAIP8|NAB1|SLC30A6|STYX|POGLUT2|TNKS2|TRMT10B|SGCB|PRRC1|GOLGA4|YTHDF2|PPHLN1|POGLUT3|PPIG|EMC2|TMEM70|RLF|TTC33|LMNTD2|BCLAF1|EFL1|CLUAP1|API5|ADO|AGPAT5|PREX1|PLSCR1|ITPRIPL2|JAGN1|BRWD1|RSF1|C12orf43|FUCA1|CCDC115|GLRX3|CHM|DHX33|ZFP36|IER3IP1|KCNQ1OT1|C9orf78|KPNA4|MTIF3|PHTF1|PRKCD|MFAP1|CDK13|ZMYM4|GSTO1|AQR|PLPP6|TRMT61A|CRTC3|SF3A3|PPIL3
GSE27786_CD4_TCELL_VS_MONO_MAC_UP	0.999405469678954	1	0.198033172920525	0.756591987028329	3361	194	TTC39B|CNR1|DOK2|ANGPTL4|CCT8|TXNL1|SMAD4|RINT1|PTGES3|PRKAR1A|NAE1|HARBI1|EARS2|NKRF|FAM13B|QNG1|ZXDB|GPRASP3|MYEF2|SLC35D1|GNPDA2|SLC20A1|NFATC2|PHTF2|ZNF292|CARD6|TMEM70|FTO|ATPAF1|ZNF566|RPUSD4|SKP1|AZI2|UBQLN1|MAK16|CLUAP1|HNRNPA1|KBTBD2|TAF4B|CDC5L|BRWD1|RBM22|AGO1|SMC4|TRIM59|ADH5|LNPEP|CCT6A|ESCO1|RAB10|BTG3|RAB3IP|TAF3|ZC3H14|TRIM47|PSMA3|PARP14|KCNQ1OT1|RPS6KA3|MACROH2A1|GTF3C6|ABCB9|CEP95|SLC7A6|CDK13|SMG1|POLR2C
GSE27786_CD4_TCELL_VS_NEUTROPHIL_UP	0.965801709914504	1	-0.224132220848148	-0.795693629236638	6438	189	GAA|IL21R|AARSD1|PYCARD|TAP1|KIAA0753|SLC52A2|TRPM4|DBP|NXF1|IFI35|DOHH|ABCA4|SPATA6|NDUFS7|ZNF622|FAU|MAGED2|PYCR3|DUS3L|DCXR|PSMB10|BOP1|DHCR7|FLNB|SMYD4|GPAM|GNB1L|ZNF707|EIPR1|RRP1|LCMT2|TTC13|PDXK|FAM8A1|ERAP1|SLC22A5|TAF1C|PPARGC1B|PTPA|PFKP|RBM5
GSE27786_CD4_TCELL_VS_NKCELL_DN	0.901135005973716	1	0.228284195582523	0.869964706937039	3016	192	NXT2|ARRDC3|PLEKHM3|TM6SF1|FAM135A|SUMF1|MBNL2|VPS26A|NABP1|ANLN|HYCC1|VPS50|CIP2A|FMNL3|SPRY2|PALS2|YIPF6|MXI1|ADIPOR1|PICALM|NUSAP1|CLDN9|TMEM176B|TNS4|YWHAZ|NIPSNAP3A|TMED5|TMEM38B|VWA5A|PAPSS1|NUP205|REL|CMPK1|CASP3|MTMR4|FAR1|PTPN12|HPS5|CA2|RBM47|TOR1AIP1|GOLGA7|ITM2B|BNIP2|MAPK14|PTPRC|KIAA1191|ITPRIPL2|PSMD14|ARL6IP6|OSBPL3
GSE27786_CD4_TCELL_VS_NKCELL_UP	0.675647358179913	1	-0.259695045393246	-0.920120458134152	4513	183	RINL|C21orf58|PDE2A|RGS20|CYLD|DDB2|ACAP1|HCST|LYPLA2|DYRK2|DBP|SUN2|PHPT1|CHCHD10|NSUN5|ABCA4|TADA2A|IP6K2|ELMOD3|EPHB6|SNHG17|DBR1|SUCO|MAP4K1|BIN1|HERC2|TAP2|SNRNP200|GAK|TOMM7|RPL27|SNHG6|PARP3|CDK10|AAMDC|FLNB
GSE27786_CD4_VS_CD8_TCELL_DN	0.999699157641396	1	0.19461871417268	0.734674801788062	3322	182	TLE4|PDE3B|TEX15|EIF3E|HDAC2|RBMXL1|DUSP22|ABCE1|PUS3|NHEJ1|TRIM13|MAPK8|TCP1|OSTF1|DOCK10|TIGAR|ARL3|DCAKD|CDC14B|MRPL47|PDE12|WASHC3|NARS1|TRDMT1|GSTCD|TRIM32|MRPL38|CLNS1A|RPL4|CTDSPL2|EIF3M|TAMM41|QDPR|TAF4B|CNDP2|ACACA|CHCHD3|EXTL2|FARSB|TFRC|CISD1|THUMPD1|ZC3H8|GGT1|SLC6A19|SLC25A4|BRD10|RASA2|SRFBP1|SKIC3|MACROH2A1
GSE27786_CD8_TCELL_VS_ERYTHROBLAST_UP	0.981785337949722	1	-0.218221155690216	-0.776037648553119	6521	193	NFKBIZ|CREBRF|TSPAN5|P2RX4|PPM1J|NRDE2|SGSH|SUN2|ING4|SPATA6|NDUFS7|CTDNEP1|DCAF15|SF3B5|GAK|TRAP1|GTPBP3|POLR1C|CPNE1|BOP1|TMEM120A|SIL1|CC2D1B|TRIM39|NISCH|AAMDC|XPO6|TUBB2B|GIT2|IRAG2|HES6|PSMB4|POMP|NOPCHAP1|DPCD|COASY|ACYP1|NELFB|DNLZ|FHIP2A|PHF2|SRF|ASL|TOR3A|BRD2|ERAP1|EBP|TAF1C|NFKBIE|RHOG|NDUFA8|C22orf39|EIF3K|MPHOSPH8|ARB2A|STX16|TCF25|DAG1|ABHD6|SOCS7|TRIM14|TSPYL4|SDHAF1|GSTM4|PDE4DIP|OBI1
GSE27786_CD8_TCELL_VS_MONO_MAC_DN	0.755123410620793	1	-0.2521328130667	-0.892521661702733	5047	181	TRPM2|CYFIP2|FARP1|DHRS1|P2RX4|AMDHD2|B3GNT8|PLA2G15|NAA38|RDH12|GPC1|MFSD12|BRD3|TINAGL1|ATP2A3|ARHGEF26|HSBP1L1|TPPP3|NDUFAF3|IRS2|TIRAP|BATF2|AMPD2|DHX38|IL18BP|DMPK|KCTD10|CRYZL1|PALM|TSPOAP1|MRAS|CDK11B|PLEKHF1|GNB5|BLVRB|LMLN|MREG|CLTA|MFSD9|GOLGA2|CLCN5|GXYLT1|CDKN1A|PIF1|TMEM179B|LANCL2|SEM1|ARAP3|EIF4EBP1|SLC8B1|SLC48A1|COQ4|TACC1|TTLL11
GSE27786_CD8_TCELL_VS_MONO_MAC_UP	1	1	0.197134502944242	0.753394411048988	3318	196	MLYCD|CAMK2B|TBCEL|TAMALIN|RNF2|ANGPTL4|HS2ST1|TP53INP1|IL18R1|TDRKH|RBMXL1|SMAD4|NEMF|SACS|PTGES3|EARS2|NKRF|WTAP|ABHD14A|ATP5F1B|PSMG2|NFATC2|MBNL1|CELF2|ZNF623|ZNF800|TMEM70|ATPAF1|ZNF566|HMG20A|CNOT6L|SFMBT2|LMNTD2|PAK1IP1|IPO5|AIMP1|HNRNPA1|IVNS1ABP|NGLY1|JAGN1|S100PBP|SMC4|STK4|NCOR1|ADH5|AEBP2|RUSF1
GSE27786_CD8_TCELL_VS_NEUTROPHIL_UP	0.737119614341669	1	-0.253409124397243	-0.901364995865758	4892	194	VWCE|SMAD7|DIPK1A|ANAPC11|EXT1|TAP1|HELB|EREG|NXF1|MRPL41|FGF17|SPATA6|CTDNEP1|ZNF622|ZNF598|SLC25A19|EMC4|BCL9L|MAP4K1|THAP7|C2orf76|SNRNP200|PRORP|GNPTG|BOP1|GFUS|NTHL1|FAM118A|SLC37A4|POLR1H|DHCR7|TUBGCP2|FLNB|GPAM|SDF4|IFNGR1|IFT46|POLR2J|RHEBL1|NUDT2|EMC10|LCMT2|SENP3|MRPL46|TRIM27|UQCC6|ERAP1|SLC22A5|RBCK1|POP7|EIF2B4|SLC35B4|TBL1X|ARB2A|OTULIN|TTLL12|BUD23|SLC12A2|DDX24
GSE27786_CD8_TCELL_VS_NKCELL_DN	0.943943492636008	1	-0.228927972054541	-0.813818397693504	6280	192	NFKBIZ|SPIB|SEL1L|FZD7|AXL|CD84|ZNF467|HELB|GSDMD|PLOD1|CITED4|TMCC3|TGFB3|CYBA|TMEM86A|SDF2L1|NAA60|ACYP2|PSAP|CSRP2|ATOX1|KCNK6|RFC2|DHRS3|CAPN15|CPQ|SDC4|ZBTB7B|RPL10|TMED4|AKAP7|CAMKK2|TMBIM6|LONRF3|FRRS1|EHMT2|LPCAT1|CKB|ULK1|ATP6V0B|C9orf72|TMEM179B|PTTG1IP|UHRF1|FAM168A|ARID3A|MAVS|FRMD4A|SLC4A7|KBTBD7
GSE27786_CD8_TCELL_VS_NKCELL_UP	0.864961866307761	1	-0.240597857202131	-0.853157985818886	5783	185	ZNF169|SNN|WHRN|GPR68|EREG|PDCD1|ABCB8|CDH15|RSPH9|SLC6A8|PUS1|C8G|MIF|IP6K2|RPL13A|TBRG4|KCNAB2|C3orf80|SEC61B|MBOAT1|CHD3|BCL9L|DVL1|TMEM87B|GRHPR|TMEM42|POLR1C|TOMM7|F2R|NTHL1|NOP10|SZT2|COX16|FAM118A|FLNB|TTC28|TSSC4|ANKRD55|SDHA|TUBB2B|CEP170B|C19orf48P|PPP6R1
GSE27786_CD8_TCELL_VS_NKTCELL_DN	0.817787093876329	1	-0.245560975576276	-0.870174216468657	5461	184	RAP1GAP2|ITGA4|RETSAT|ABCA7|FLT3LG|PWWP2B|ADGRE5|PPM1J|REX1BD|TECR|TCIRG1|ITGAX|TNFRSF1A|SAMD10|RPAP1|NFIL3|MX1|KLHL4|TMUB1|SLC12A6|SLC2A8|GMPPA|FBXO41|YIF1A|STING1|BIN3|THBD|SELENBP1|DIAPH1|TRAPPC1|AGPAT2|CARHSP1|GPAA1|NAT14|TNFRSF1B|LIFR
GSE27786_ERYTHROBLAST_VS_MONO_MAC_DN	0.980053587377196	1	0.215290337463424	0.821401233187569	3291	193	TTC39B|OSGIN1|AGO4|TSKS|MFSD14A|SEC24B|CNOT8|IL18R1|KLF10|ST8SIA6|DCLRE1C|RNF103|LDLRAD3|SLC30A6|CABLES2|SCCPDH|ERP44|MFSD1|AP3S1|TRMT10B|SLC22A15|KIT|MRPL15|PRKCI|SLC25A14|PPHLN1|EIF1B|UTP3|NAMPT|FAM91A1|CTNS|UXS1|SPCS2|CNOT6L|IKBKE|AGPAT5|ATP11B|TMEM181|NPEPL1|FKRP|SEC63|ITCH|MYCBP2|BHLHE40|LNPEP|FUCA1|THUMPD1|MDM1|CDS2|CCNY|ZFP36|IER3IP1|ATOSA|STK38|WDR43|POLD4|PDSS1|RPS6KA3|HEATR5B|PPP1R11
GSE27786_ERYTHROBLAST_VS_MONO_MAC_UP	0.810282074613285	1	-0.248144629416688	-0.869697943173946	5342	168	ZNF711|MXD3|ESPN|LRRC56|VANGL2|LEAP2|SYNGR1|PYROXD2|UBA7|ICAM5|SLC22A13|ANO3|SIAE|GAREM2|COL6A3|STAB1|CRYGS|SAT2|TMEM184A|TJAP1|PMF1|CRYZL1|CARHSP1|ANKRD9|NUDT17|NMRAL1|GNL3L|PCNT|AKAP7|KDM4B|AP1B1|HOXC6
GSE27786_ERYTHROBLAST_VS_NEUTROPHIL_DN	0.988701416089184	1	-0.21579036054345	-0.767556724335665	6562	194	NFKBIZ|FARP1|TRAPPC6A|TLX1|PNKD|CHAC1|ZNF467|L1CAM|TIMM8B|NUDT18|CBX8|NICOL1|APLNR|SERHL2|SAMD10|CDKL4|ATN1|DPP3|PLEKHG2|PSMB10|ATP13A2|ABCD1|POLR1H|DHCR7|NEDD8|HDAC5|GIT2|CLTA|SLC35C2|INO80D|PITPNM1|TYK2|REXO4|EPB41L2|PGAP6|DPM2|EBP|ARAP1|PNPLA2|RNF31|SGTA|RAB24|KMT2D|SNAPIN|ATP6V1H|LIG4|SHARPIN|NFKBIL1|IKBIP|TRIM14|SETDB1|PACC1|RNF19B|GSTM4|VPS13D|PLCB3|ZNF319|KMT2A
GSE27786_ERYTHROBLAST_VS_NEUTROPHIL_UP	0.935356600910471	1	-0.231971122091606	-0.813354944108717	6163	170	METTL27|LRRC56|VANGL2|RETSAT|TSSK3|RENBP|KCNK5|RHBDF1|UQCR10|RTTN|TRIO|CUL9|CYP4F2|SLC22A13|HERC6|NSG2|DISP2|LOXL3|LUC7L|UBOX5|ZNRD2|TNK1|CYB5D2|GAL3ST4|NAA80|FBXW4|NECAP2|POLR1C|DGCR8|UNC45A|B4GALT2|LMLN|TTC28|SMYD4|BORCS5|SLC25A42|RPL3|TCHP
GSE27786_LIN_NEG_VS_CD4_TCELL_DN	0.992820819623093	1	-0.213354133054788	-0.756795529232429	6637	187	IL21R|DGAT2|IRF7|LYST|TAP1|KCNC4|ARID5A|PPCDC|TGFB3|DDRGK1|PIK3IP1|STX4|HIGD2A|RGS14|KCNAB2|SDR39U1|PPP1R35|AKR1B1|HERC2|BRD9|MTFMT|NDUFA1|ZBTB20|TOMM7|PPP1R12C|TNFRSF1B|MED12|ID2|GIT2|OSTM1|RPS26|ZNF707|PTPN23|ZMIZ2|ANKIB1|PAFAH1B1|SOCS3|CLCN5|CHCHD2|TMA7|EPB41L2|ANKRD11|TMEM179B|EBP
GSE27786_LIN_NEG_VS_CD8_TCELL_DN	0.981311228334589	1	-0.218792890144628	-0.778498882434161	6510	195	ARK2C|STOML1|IRF7|FGD3|NUP210|ITPKC|LYST|RPLP2|PDCD1|TMEM63A|RIGI|SPATA6|CYBA|CCNL2|ATP6V1F|SDR39U1|AKR1B1|TNKS1BP1|ORAI1|TMEM87B|RASSF7|TMEM42|STX5|TOMM7|GNPTG|BABAM1|RPL27|PLEC|PARP3|ARFRP1|TEX264|SMYD4|REXO5|SAMD9L|OSTM1|COMMD6|ANKIB1|SOCS3|STMN3|ATP6V0A2|PKD1|MAN2A1|PI4KA|REXO4|PPARGC1B|RBM10|RAB24|AMBRA1|EIF3K|MRPS26
GSE27786_LIN_NEG_VS_CD8_TCELL_UP	0.90316742081448	1	0.2288521220471	0.866216978230232	2993	185	TTK|SCRN3|EGLN3|ANKRD49|HNRNPLL|DARS1|ENTPD7|MBTPS2|AMMECR1|PI4K2B|ABCE1|MRPL42|LZTFL1|UBE2N|HIBCH|METAP2|TRIM13|HK2|NUP133|SCARF1|PTPN14|ATL1|DLAT|ABHD14A|CENPU|TDRD3|ZNF449|PHTF2|EXOC6|ACTL6A|CDK2|IDH3A|RBBP8|GALNT1|PRXL2A|ZWINT|ITPRIPL2|AK3|MPHOSPH6|ASB8|CDCA2|EIF4B|L2HGDH|FUBP3|TCEANC|DHX33|NDC1|RBBP7|RAD51AP1|HSPA5|PPM1E|DMWD|VDAC3
GSE27786_LIN_NEG_VS_ERYTHROBLAST_DN	0.94956441999083	1	-0.229031649293472	-0.798477774915245	6212	160	TNS2|SHF|SLC22A18|MIIP|CUL9|MEF2B|DNAAF1|ANO3|MFSD2A|PKD2L2|LRCH4|HS6ST1|APOL6|ABCB6|TRIOBP|PIGQ|PANX3|GRIK5|MMRN2|AMHR2|SLC22A23|CARHSP1|RAD54L|BLVRB|GRINA|PCNT|HOXC6|SLC25A42|TLCD1|PITPNM1|BCORL1|PSMD9|RAC3|PLCD1|RNF19A|CARS1|IRAK2|MFHAS1|FANCD2|CDC42BPB|HDAC6|H2AX|PRC1|UBE2S|DAAM1|PCYT1A|VPS13D
GSE27786_LIN_NEG_VS_ERYTHROBLAST_UP	0.758856802619827	1	0.239558058812177	0.913990322309625	2548	193	ITGB7|RNF217|TAMALIN|TSKS|TRAPPC8|ARL5A|PKD2|BTBD1|AMZ2|ORC4|TMEM168|PNPLA7|PSMA4|SLC30A6|MEX3B|DMTF1|MRPL50|UTP11|QNG1|SGCB|PIGK|APPBP2|CNBP|SDHD|INSIG1|FBXL4|ZNF799|PPHLN1|PARD3B|ETFDH|TMEM70|CHD9|PRR3|TOGARAM1|KIDINS220|GABPA|PEX5|IPO5|NCK1|RAB14|FUCA2|SFXN2|EFR3A|PLSCR1|RTCA|ARFGEF1|ITPRIPL2|TMEM181|NUP155|SEC63|ITCH|GYG1|CORO1C|IMMP2L|POLR3G
GSE27786_LIN_NEG_VS_MONO_MAC_DN	0.99185520361991	1	-0.21478158557934	-0.756164743772565	6575	175	MAPK8IP2|SEMA4D|CHAC1|COX8A|AXL|CELSR3|ACAP1|MRPS18C|SLC22A13|RIGI|TMEM86A|LSR|HIGD2A|TRIOBP|CXADR|TNKS1BP1|IL18BP|BICRA|ATOX1|NDUFA6|GPR107|ARID3B|BABAM1|MAF1|PRELID1|FBXO10|PGGHG|MED11|PAFAH1B1|CCHCR1|CSTB|VPS13B|TTC17|CC2D1A|FHIP2A|BCKDK|NRBP1|RAC3|CEMIP2|STIMATE|LDAF1
GSE27786_LIN_NEG_VS_NEUTROPHIL_DN	0.981434346459051	1	-0.218643416409605	-0.774788677695087	6554	184	ABRACL|CHAC1|ABCA7|PABPC1L|MEF2B|TCIRG1|ATP5ME|ADAMTSL4|DCAF11|S100A5|CCNL2|ATP6V1F|B3GAT3|PGS1|CDKL4|EPHX3|SH2B2|INPPL1|ATOX1|EID3|GPR107|STX5|RILPL2|PLEC|GALE|ELOVL1|RPP25|MAF1|TRIM39|AKT2|GSK3B|PGGHG|OSTM1|CNIH4|ANAPC2|CRAT|INPP5E|EML2|PLEKHM2|C11orf71|TRAF3
GSE27786_LIN_NEG_VS_NEUTROPHIL_UP	0.988543864938197	1	0.211088579525185	0.800830151310552	3278	188	ELK3|SETDB2|NUDT12|FOXO1|TAMALIN|GPR174|BRMS1L|TMEM191C|PECR|ANGPTL4|RARS1|RSL24D1|PGGT1B|NFYA|SCFD2|VPS50|YWHAQ|PIAS2|GRPEL2|ABCB10|STYX|CFAP418|TRMT10B|RRAD|DMKN|NRXN1|SLC35D1|MAGT1|LDHB|IFT74|FAM133B
GSE27786_LIN_NEG_VS_NKTCELL_DN	0.950613588745884	1	-0.227907240931664	-0.808052249634203	6351	186	MAPK8IP2|ABRACL|IRF7|MGAT4A|TAP1|RPLP2|ARID5A|REX1BD|IFI35|OSBPL5|ITGAX|CXXC1|TNFRSF1A|DDRGK1|HIGD2A|RGS14|ATP2A3|SLC25A19|MBOAT1|NAA60|CYB5D2|MAP3K12|FHIP2B|DNAJC17|BICRA|MYO9B|ORAI1|NDUFA1|PPP1R12C|PLEC|SLX4|TRIM39|ITGAV|FASN|PTCD1|GRB7|GIT2|TNIP1|ZNF205|STX18|RAB2A|POLM|INPP5E|CIPC|TTC17|TRAF3|MAN2A1
GSE27786_LIN_NEG_VS_NKTCELL_UP	0.999103674932776	1	0.202985200525529	0.772657232569399	3343	191	TCEAL1|MATCAP2|AGO4|CCNE2|C11orf65|ANKRD49|HNRNPLL|NBN|HYCC1|MRPL42|LDLRAD3|CRYZ|NUP107|RHOBTB1|HPRT1|SLK|TVP23B|TMEM106C|CFAP418|NUP133|VWF|ATL1|KIF3A|INSIG1|CKAP2L|LIN9|NIP7|CDK2|NIFK|ATP2A2|ANP32B|IPO5|IPP|ORC3|OPN3|MRPL3|AGPAT5|TMT1A|NUP155|SEPTIN8|CDCA2|EIF4B|BHLHE40|NCAPG2|PCLAF|TFDP2|IDI1|DHX33|TRMT6|KNTC1|RMND1|DMWD|KDM1A|MRPS2
GSE27786_LSK_VS_BCELL_DN	0.991454272863568	1	-0.214472538647387	-0.75771999289671	6612	179	TREX2|NEIL1|DIPK1A|ITGA4|SNN|HDAC10|LMF2|THEM6|ETHE1|SERF2|SUN2|CRISPLD2|HIGD2A|EMP3|ATP2A3|PSMB10|NECAP2|ANKRD13D|GRIPAP1|PARP3|PRKAB2|OSBPL11|NEDD8|YKT6|GRB7|WRAP73|ARHGEF1|TUBB2B|HES6|PSMB4|ZNF707|ACD|RPS6KB2|PRR14|CLK3|TMA7|ESYT1|PRR5|STARD5|FLNA|PANK4|MRPS16|SERINC3|TFAM|MFHAS1|ARIH2
GSE27786_LSK_VS_BCELL_UP	0.96431784107946	1	0.220427288110488	0.837535511687405	3215	189	TMTC3|CCDC120|BICDL1|GPR160|TBC1D32|CEP128|ATG4C|AMZ2|EIF4E3|PRIM1|ABCD3|UBE2N|ZDHHC21|FBXO3|HK2|TMEM106C|DYM|PXYLP1|RECK|ATP6V1G2|FCER1G|SLC5A11|GPRASP3|PAPSS1|TCAF1|PCNX4|MRPS35|CASP3|PARD6G|UXS1|PEX13|TUBB1|METAP1D|TTC3|TNKS|MAPK14|RNF168|TMEM181|SEPTIN8|IQGAP3|EXT2|PAICS|IDI1|DHX33|ALDH18A1|EHBP1|SCMH1|BTBD2|RAD51AP1|PHF10|SLC35F5|PORCN
GSE27786_LSK_VS_CD4_TCELL_DN	0.910845175766642	1	-0.234645520130095	-0.830618621155873	6088	181	UBL3|NHLH1|TAP1|DDB2|ACAP1|TNK2|MICOS10|OST4|PPCDC|JAZF1|RIGI|GLG1|KCNAB2|C3orf80|PCED1B|AKR1B1|SUCO|MAP4K1|STING1|SMDT1|MYO9B|BRD9|NECAP2|TOMM7|TSKU|SELENOS|DNTTIP1|PARP3|CERS5|UNC45A|CCDC9|GRINA|ZMIZ2|GNL1|ITPR3|LY6E|SPHK2|METRNL|CLK3|CHCHD2|ESYT1|GXYLT1|ANKRD11|TMEM179B
GSE27786_LSK_VS_CD4_TCELL_UP	0.909377817853922	1	-0.234529635188276	-0.833731807466026	6050	192	TSGA10|CEP83-DT|SANBR|DYNC2H1|RETSAT|C6orf132|PLPPR3|PWWP2B|NDUFB8|RENBP|PEMT|RUFY1|TPD52|MAP1LC3A|PPIE|ZNF839|MED22|CA12|ESR1|DHRS4|RPUSD1|SEMA4C|B9D2|DHRS3|SLC7A1|MSRA|BMP1|PDGFA|BLVRB|HSPBP1|ZNF569|TGIF2|DYNC2I2|NRARP|DTNBP1|STARD10|UBFD1|QTRT2|C8orf82|NINJ1|MOAP1|PARP1|CCNF
GSE27786_LSK_VS_CD8_TCELL_DN	0.956241570508017	1	-0.226613552597497	-0.801428152467042	6380	180	MC1R|SEMA4D|PNKD|ITGA4|TMEM25|NDUFA13|SUN2|SHLD1|RPL23|KLF7|SYT7|LENG9|TIGD2|CCNL2|KCNAB2|GNMT|NAA60|AKR1B1|NFRKB|THAP7|PSMB10|TOMM7|ANKRD13D|COX16|FAM177A1|SAMD8|SMARCD2|COMMD6|DPY19L1|MED11|TPRA1|PI4KA|ESYT1|SURF1|TMEM179B|RDM1|FLNA|PANK4|RNF19A|RAB24|RHOG|PDE1A|PSENEN|MINDY3|TTLL11|COX4I1|EDF1
GSE27786_LSK_VS_CD8_TCELL_UP	0.936246632744687	1	-0.230445705476836	-0.8170524550597	6255	186	SANBR|BCL2L12|C6orf132|INCENP|TSPAN4|SNHG32|DTYMK|ADAM22|RASGEF1B|MAP1LC3A|CLDN12|TNFRSF1A|HPS1|HAGHL|RIPOR1|FLYWCH1|DHRS4|RAMP1|TACC3|POLD1|LPIN2|DHRS3|SLC2A3|MSRA|BMP1|HEXA|TELO2|MOSPD3|PLEKHF1|NDST1|C12orf75|PGGHG|SIRT4|PDCD7|DTNBP1|LRFN4|C9orf85|EHMT2|TEDC2|UBFD1|LPCAT1|NBDY|COASY|MOAP1|SRRT|CCNF|CLCN5|TUBA3C|LDAF1|GTF2IRD1|B3GALT6|IDH3G|TICRR|COQ4|CBX6|EIF2AK4|HK1|SNHG7|AIFM1
GSE27786_LSK_VS_ERYTHROBLAST_DN	0.7528159234686	1	-0.256182738111353	-0.888610180084709	4878	155	RAB26|EPM2A|IRF7|ABCB4|TSSK3|WHRN|SLC29A1|MRPS18C|COX17|CITED4|RIMS4|DNAAF1|MYO1A|HAS1|DAGLA|LRCH4|COL6A3|KEL|MMRN2|CCL24|KCNE5|GAL3ST4|IGF2R|SMIM1|SNX11|KLF13|ZNF428|TENT4A|ENPP3|PCK2|TNFRSF10A|CHRD|PEDS1
GSE27786_LSK_VS_LIN_NEG_CELL_DN	0.952668073560446	1	0.221573631933886	0.83554910257247	3159	181	SERINC5|MEMO1|CCDC7|EXOC5|GPR174|HAT1|KPNA3|MACIR|GEN1|CCNA2|MRPL42|CYP27B1|PGRMC2|MRPL50|LYRM7|QNG1|SYT3|SLC4A11|MLC1|GALNS|SLC20A1|UBE2V2|KCNK1|UFM1|TENT5A|SQOR|ADK|RFC5|NARS1|MTA2|CLTC|AKIRIN1|NMNAT3|KLHL12|IDH3A|NCBP1|MRS2|HELQ|HACD1|PSMD14|BCCIP|NUP50|PPAT|TRMT6|POMT2|GPSM2|LMAN1|NIPA1|MBD2|CANX|FASTKD5|STOM|TM7SF3|ASPM|BRCA1|PTCD3|SETD6
GSE27786_LSK_VS_MONO_MAC_DN	0.938763197586727	1	-0.230959184789807	-0.812797456743243	6223	174	RINL|SLC30A3|NHLH1|FARP1|DGAT2|LRRC56|CTBP2|TLR6|SLC52A2|GSDMD|BEND6|SLC23A3|MST1R|TMEM86A|TNFRSF1A|FBXL19|TPPP3|GPR107|TMEM79|CARHSP1|UCP2|PLEC|ELOVL1
GSE27786_LSK_VS_MONO_MAC_UP	0.998204399221906	1	-0.205644218656321	-0.733060916448348	6670	196	CEP83-DT|RETSAT|UQCR11|MTG1|SLC29A1|CUL9|NXF1|DTYMK|DOHH|RASGEF1B|MICU3|SRR|ABCB6|MED22|QSOX2|DHRS4|CHD6|CPSF1|MZT2B|SLC43A1|LSS|RAMP1|POLD1|RPUSD1|TRMT112|LARGE2|SELENBP1|PRPF40B|ZBTB20|POLR3K|SNHG6|ITFG2|FBXL6|RNF220|ZNF569|C12orf75|ZNF251|FBXO31|C1orf122|PRPF6|RPS26|TP53BP1|UBFD1|C8orf82|RRP1|COASY|CIPC|ITPR3|AK4|GCN1|PES1|EIF2B4|RCC1L|TSHZ1|MPLKIP|ZSWIM7|OTULIN|TOM1L2|AKR7A2|ZBTB45|HDAC6
GSE27786_LSK_VS_NEUTROPHIL_DN	0.956862745098039	1	-0.226868529736937	-0.798401519095591	6343	174	NHLH1|FARP1|PABPC1L|MINDY1|NDUFA3|GRN|NBEAL2|OST4|MEF2B|ACAP3|IFI35|ZIC1|CCNL2|FBXL19|IRS2|DCT|AREL1|SLC7A11|HSD17B7|NECAP2|GPR107|TMEM120A|PAQR4|SZT2|PPP2R3C|UCP2|ELOVL1|RPP25|KLHL2|CNIH4|ANAPC2|MED11|PRR14|GPANK1|SREBF2|TRAF3|RELB|KDM6B|PTTG1IP|MIEN1|ZCCHC2|NFKBIE
GSE27786_LSK_VS_NEUTROPHIL_UP	0.997139846454915	1	-0.206819461996607	-0.735490967661775	6623	193	TRIM45|SLC30A4|RCAN3|CEP83-DT|EXT1|P2RX4|DBP|LONP1|IFT27|LUC7L|HAGHL|LMF1|ESR1|DUS3L|MZT2B|RAMP1|TAP2|RAI1|PSMB10|ATP13A2|CC2D1B|DGCR8|SNHG6|SOX18|SLC37A4|NSMF|MRPL2|FLNB|MAP1S|TEX264|RPS27|RNF220|ZNF569|C12orf75|DTNBP1|LRFN4|RPS11|RRP1|ZMIZ2|TPRA1|TRIM27|TSEN54|TXN2|SLC22A5|GSTK1|UCK1|PLBD2|PTPA|TMEM177|RCC1L|SAE1|TBL1X|OTULIN|TTLL12|BUD23|CBX6|TUFT1|PPM1G
GSE27786_LSK_VS_NKCELL_UP	0.890328412172341	1	-0.237227458128382	-0.843807527940221	5909	194	PCBP4|IL11RA|ADGRD1|INAFM1|RETSAT|FAM234B|C6orf132|ITGA7|PHPT1|NSUN5|PUS1|HAGHL|CAMKK1|CA12|MACROH2A2|RAMP1|RPUSD1|TAP2|HMGXB3|FLYWCH2|CPQ|TMEM42|POLR1C|BMP1|MLEC|WDR83OS|RAD54L|NISCH|TSC22D1|FBXL6|CENPV|AAMDC|PLXNA3|MFGE8|SIRT4|TK1|FLOT1|STARD10|RHEBL1|PCK2|QTRT2|C8orf82|SRRT|CCNF|TXN2|CDCA7L|UQCC6|GADD45GIP1|CSRNP2|LANCL2|METTL13|HYAL2|TMEM177|RCC1L|CHRNB1|NOP56|TTLL12|TFAM|COQ4
GSE27786_LSK_VS_NKTCELL_DN	0.974626865671642	1	0.21706045289738	0.815825604876373	3264	176	KDM4D|PTPN6|DPF3|SESN3|CSTA|PRMT9|NABP1|SLC25A46|RNF138|RALGAPB|PLEKHA5|THOC2|ZNF274|DAPK2|CRNKL1|WDR26|RTRAF|CPSF3|TNKS2|NCALD|SYT3|RCBTB2|GPR183|S1PR1|GPNMB|RIT1|RAP1A|YWHAZ|TENT5A
GSE27786_LSK_VS_NKTCELL_UP	0.96175191240438	1	-0.225001804450163	-0.79878074508992	6411	189	TNS2|IL11RA|CEP83-DT|PLXNB2|INAFM1|RAPGEF5|PWWP2B|VILL|SLC45A4|CUL9|GRIA3|TPD52|FOXP3|CLDN12|MIF|SLC6A13|MACROH2A2|MZT2B|CAMK1|RAMP1|CAD|FLYWCH2|TREML2|MSRA|ATP13A2|MEX3A|RTL8C|DYNC2I2|CHERP|ERP29|CAPG|KDM8|FRRS1|NUDT2
GSE27786_NEUTROPHIL_VS_MONO_MAC_DN	0.715632011967091	1	-0.255303848899843	-0.906326094865759	4783	188	ARK2C|BSPRY|AARSD1|RPL28|RPLP2|P2RX4|SYNGR1|PTRHD1|APOE|MOGS|SNHG32|PPFIA4|TMEM86A|PRKCSH|LAMB3|ZNF771|TIGD2|HCFC1|TMEM107|ZNF593|RIMBP3C|DHRS4|DUS3L|PELP1|CPSF1|KCNK6|SLC7A1|CPQ|POLR3K|RPL10|LMLN|MRPL2|TSSC4|IL15RA|SIGIRR|NUDT1|HOXC10|FKBP2|GPR180|DTNBP1|DPY19L1|EEF1D|ACD|NBDY|CCHCR1|CKB|AARS1|RPL35|ZBTB48|CCNF|TRIM27|ERAP1|NAF1|LARP1|PANK4|ENTREP3|TSHZ1
GSE27786_NEUTROPHIL_VS_MONO_MAC_UP	0.94943904263276	1	-0.22799459245593	-0.807075088890442	6346	181	UBL3|IDUA|CD37|MINDY1|DHRS1|NDUFA13|HCST|GSDMD|TNFRSF21|D2HGDH|ARHGAP45|ING4|CILP|DENND1C|CRYBG1|SLITRK6|PNPLA1|PCOLCE|CCNL2|ELMOD3|SIRT7|AKNA|NSDHL|ANKS3|TAP2|CTSD|DGKA|JUNB|PAQR4|ARFIP1|RGS19|NSMF|G0S2|TBC1D17|C1orf122|SDF4|NFE2|IFT46|IQSEC1|CDC34
GSE27786_NKCELL_VS_ERYTHROBLAST_UP	0.754974754974755	1	0.239859114984617	0.917493515989933	2541	195	ZC2HC1A|TTC39B|ATG16L2|TBC1D32|MFSD14A|EIF2A|ZBTB33|STXBP3|CPEB2|VSIR|B3GNT5|RHOT1|EIF4E3|MRPL42|FMNL3|AAK1|OPA1|CRNKL1|TCF12|TRMT1L|PLXND1|ZNF32|TNKS2|GPR183|KIT|GOLGA4|PPA1|YTHDF2|MBNL1|PPHLN1|SBNO1|CNOT2|TMEM70|FAR1|PTPN12|ATE1|MGA|TOGARAM1|DHX15|TRDMT1|HMGN3|MAGI2|TMEM68|ZMPSTE24|PPP4R3B|IKBKE|DHX57|PLSCR1|JAGN1|ACACA|FKRP|SEC63|BHLHE40|EXT2|CCDC115
GSE27786_NKCELL_VS_NKTCELL_DN	0.712423197961936	1	-0.256240819458268	-0.906206200693701	4753	180	VWCE|MAPK8IP2|C21orf58|PDLIM2|EREG|PPM1J|SCAF1|MEF2B|CYP4F2|NTRK3|HAS1|PIWIL1|ZNF622|HSPB1|MIF|MBOAT1|CHD3|MZT2B|POLE|RPP14|HMGXB3|STON1|F2R|RCBTB1|RPL36|CENPV|MED12|TTC28|SDHA|TGIF2|PCNT|ZNF251|LONRF3|DTNBP1|EEF1D|METTL17|TMEM128|CIPC|FAM8A1|ZNF512B|ARMC7|DNAJC1|PES1|ANTXR2|FXN|TMEM177|RMND5B|ZNF697|CDK5RAP2|C22orf39|PDE1A|ARB2A|NOP56|MFHAS1|EIF3B
GSE27786_NKTCELL_VS_ERYTHROBLAST_UP	0.940567312021612	1	-0.229348375765643	-0.814735227392902	6266	190	TRIM45|SMAD7|C3|NHLRC3|P2RX4|COX17|OSBPL5|ITGAX|STK39|CLDN12|IFT27|EXOSC4|PRKCSH|NDUFS7|ZNF771|ECE1|SIRT7|FDXR|ACP3|BCL6|BIN1|CSNK1D|TXNDC17|MYO9B|ABHD12|TREML2|ARID3B|JUNB|CPNE1|TMEM120A|MAP3K3|DUSP7|AAMDC|OSTM1|C19orf25|PRPF6|PSMB4|CAPG|ZNF707|TTC5|TNIP2|NCBP2AS2|COASY|ACYP1|DNLZ|PHF2|TOR3A|SURF1|ZC3H13|KMT2D|EIF3K|NOP56|ALKBH3|STX16|TCF25|ZKSCAN3|LSM14B|FBXO25
GSE27786_NKTCELL_VS_MONO_MAC_DN	0.790928206668669	1	0.239342611176014	0.902228309224607	2632	180	BCAR3|PELI2|MAN2B1|PKD2|STRADB|DCLRE1A|VPS26A|ZNF687|HNRNPLL|ABCC4|TFPI2|ZNF608|KLF10|DOCK7|ST8SIA6|ABCD3|FANCB|SMAD2|CABLES2|SLK|FBXO3|NDC80|SCP2|RBKS|POPDC2|HOXA5|CMTM7|SDHD|CKAP2L|LIN9|PARD3B|KIF5B|WIPI1|PRELID3B|CASP3|CDK2|C4orf46|SLC36A4|ITPRIPL2|ATAD5|IQGAP3|NCAPG2|TRAK2|SPOP|SCMH1|ERCC6L|OPTN|SORD|KNTC1|MORC3|NIPA1|RAB20|UBTD1|CPEB4|TFEB|HSPA4L|TDRD7|GDF11|PRKCD|VASP|RAB7A|BRCA1|SS18L1|CHEK2|APIP
GSE27786_NKTCELL_VS_MONO_MAC_UP	0.70953370953371	1	0.242666572629836	0.928232420726031	2388	195	SEMA3A|TTC39B|KDM4D|TSPAN32|AGA|COPS2|ITGB3BP|RRM2B|CAVIN4|PDCD10|STRAP|PJA1|ORC4|NEMF|STT3A|TFB2M|SPRY2|SACS|PRKAR1A|SORBS1|MEX3B|HARBI1|EARS2|TVP23B|SNX4|MYEF2|CNBP|SLC20A1|MOSMO|NME7|CACYBP|TMEM70|ATPAF1|C17orf75|MGA|RPUSD4|SFMBT2|IPO5|INPP5B|BCLAF1|AIMP1|NGLY1|TAF4B|METTL5|IPO11|CNDP2|CHORDC1
GSE27859_CD11C_INT_F480_HI_MACROPHAGE_VS_CD11C_ING_F480_INT_DC_UP	0.973923590054578	1	-0.222585002172817	-0.780282624201639	6423	169	FES|CD84|SLC12A9|DHRS1|TMEM175|SRD5A3|SNX30|ARHGAP45|ATP1A3|GBA2|TADA2A|LMAN2|RELT|TPCN1|MED15|KSR1|RGS14|FBLIM1|NAA60|GPR146|SCAP|GUK1|NDUFA1|TRAPPC1|PDP1|TAB1|PAQR7|RETREG2|HEMK1|NDST1|ALG12|MAF1|SUSD3|SMYD4|UQCC3|LAMP1|LPCAT1|BAIAP2|FANCE|ZDHHC14|MGAT1|OPHN1|CD52|SH3GLB2|PLEKHO1|RAB24|CLEC11A|LRRC8A|STEAP3|POLE3|GPR55|PACC1|INTS3|TRIM65|AHSA1|PDE4DIP|OTUD3|EI24|MKNK2|CAMK2G|FAM117A|MKS1
GSE27859_DC_VS_CD11C_INT_F480_INT_DC_DN	0.999547852298418	1	-0.199986963334545	-0.711584491408428	6631	195	NFKBIZ|SYCE2|NOL12|SH3BP2|TNK2|ATP13A1|MOGS|DTYMK|MYH8|CFD|PHB1|TADA2A|IFI27L2|MIF|TPCN1|DGCR2|NDUFS8|TBRG4|TMEM109|TAF6L|NINJ2|MAFK|CPSF1|PSMB6|FANCA|CAD|TRAP1|RDH13|GPS1|GTF3C5|LAMP1|SF3A2|ENPP3|TMEM183A|ABHD8|CENPB|NUP188|GFER|MCM7|PRKRIP1|NAF1|ASTE1|CNOT9|MMD|NEFH|PSMB3|POLE3|CCT3|FIG4|BYSL|MYO5A|MAGOH|EIF4A3|COX6C|DYNLL2|SMIM12|DIS3|NSUN2|STXBP6|RNF126|KAT2A|HSF1|HBP1|NHP2|MECP2|CDK4
GSE27859_MACROPHAGE_VS_DC_UP	0.983243396762284	1	0.215680899379731	0.793593229330717	3461	148	CD69|RFFL|LSM11|KPNA3|B3GNT5|CRLF3|TMX3|SLC44A1|NFAT5|SLC39A1|RBM7|TANC1|RNF144A|NFYB|TMED7|INTS12|RAB5A|RDH11|EIF2S1|ARRDC4|ATP2A2|CWC15|IKBKE|MFSD14B|PTAFR|FBXW11|SPRED1|ADORA2B|TFG|VPS37A|DSTN|DLD|ETV6|PNP|ATF3|ACOT7|PARP14|RAB20|TCEA1|EIF1|CPEB4|PPP1R15B
GSE28237_EARLY_VS_LATE_GC_BCELL_DN	0.907498877413561	1	-0.234887477713896	-0.832225248182213	6062	183	CROCC|DPH1|PBXIP1|DIAPH2|PPM1J|TNK2|TECR|ATP13A1|SLC12A4|SERF2|PHPT1|RPL23|CD48|MYH8|KLF12|RRBP1|NAPSA|B3GAT3|KCNAB2|ACP3|KLHL4|GNMT|MYO1G|DUS3L|MAP4K1|DDX23|TSPO|FBXW4|MYO18B|GFUS|PLEC|PARP3|TAPBP|G0S2|RPS27|EVL|SMIM14|NIBAN2|TAX1BP3|NCBP2AS2|PRR14|ATP6V0B|SAFB|FLII|SURF1|GRAMD1A|ARMC7|DNAJC1|APOBEC3B|SNX15|PNPLA2
GSE28237_EARLY_VS_LATE_GC_BCELL_UP	0.770644878902831	1	0.242399964561863	0.903356822925673	2640	164	C14orf28|ZNF483|FZD8|GABRR2|GLMN|SELENOT|PTHLH|RNF2|MBTPS2|SRP19|PPIP5K2|DCTN4|CALN1|XPO7|UHMK1|SPAST|TRIB1|EPS15|AGPS|IBTK|TNKS2|SCARF2|CYP46A1|IGFBP5|NOP58|HUS1|BMPR1A|FAM91A1|IREB2|CHD9|IFT70A|CAND1|STPG1|WT1|FAM111A|CDC5L|SLC4A1AP|MIOS|TFRC|LATS1|RTN4RL2|DNAJB6|ATL2|VAPB|ZZZ3
GSE28237_FOLLICULAR_VS_EARLY_GC_BCELL_UP	0.996695704415741	1	0.206025284677331	0.776634980869527	3317	180	DISP1|SENP8|CD69|CD40|PGAP1|TMOD4|PTPRN|TMEM86B|PIK3CA|RSRC2|ETNK1|SCAF8|PUS3|LRP6|LRIG2|RAB6A|SCYL2|RBMX|CFAP161|LAMA2|GATA4|SKAP2|DCAF17|NFE2L2|TARS1|RLF|CYBB|CCNT2|MRPL38|BIRC2|ZC3H11A|APC|TUT4|MIX23|GNL2|POLR3F|BRWD1|SSBP1|ZNF638|SNX29|MYCBP2|STMP1|E2F5|PFDN5
GSE2826_WT_VS_XID_BCELL_DN	0.953911461491813	1	-0.228280989757327	-0.800250187588551	6291	169	UBL3|PLXNB2|DBNDD2|PLA2G2C|FAAP20|AXL|AATK|RAB33B|TSPAN4|CD48|JMJD8|PALD1|DDRGK1|CDKN2D|ECE1|SLC15A2|ESR1|SGCG|PSAP|CTSA|TRAF2|ITGB5|SLC1A5|CPQ|PDGFA|PISD|MAPKAPK2|P4HA2|AGAP3|COL1A2|IFNGR1|SPINT1
GSE2826_WT_VS_XID_BCELL_UP	0.860633484162896	1	-0.24213220462677	-0.852455930878925	5705	175	VWA7|IFI30|ACE|MUTYH|IL4I1|DDX41|MIIP|UBL5|KLF7|SLC19A1|RECQL5|AURKB|IL2RG|SMIM11|SLC25A19|AKAP8L|ID3|ISG15|BCAT2|SHISA5|DGKA|DHRS3|CDIPT|DYNC1H1|RCBTB1|EPHX1|KLHDC4|SNRPD2|RAP1GAP|UGDH|STAG1|BTD|SLC9A8|NHSL3|HELLS|AP1B1|BID|TK1|CRAT|ATP5F1D|SH2D2A|PIGS|SLX9|TRIM27|TUBA3C|SMYD5|MAST3|ANGEL2|CDC20|EDEM1
GSE28408_LY6G_POS_VS_NEG_DC_UP	0.712134899126769	1	0.245568481360022	0.927753279683959	2364	183	PCYOX1L|ZNF75D|CD44|TSPAN32|PGAP1|FOXO1|TGFBR2|RGS2|PPP1R3D|CD70|CCNG1|PKD2|AMZ2|RALGAPB|ZNF337|MXI1|CBX7|TOB1|ATP1B1|CTSF|PCNP|TIGAR|KIF3A|SOS2|RPS27L|TRIAP1|HERPUD1|BCL2|ITM2A|CDK2AP1|RAPGEF6|ANKRD46|ASCC3|SNX2|SEMA4A|ZFC3H1|ZSCAN9|RIOX2|KDM6A|NMRK1|CLUAP1|CLOCK|FYCO1|OSBPL3|ANKRA2|GABARAPL1|TRMO
GSE28726_ACT_CD4_TCELL_VS_ACT_NKTCELL_DN	0.752066115702479	1	-0.252153112440104	-0.895915676328257	5004	191	TPM2|IL11RA|SEC31B|CD37|CYLD|RPS29|TNK2|CLN3|UBA7|NXF1|ARHGAP4|ARHGAP45|DUSP8|DGCR2|RBM38|SDR39U1|EPHB6|CHD3|RPL38|IKBKG|RPS10|DGKA|SLC2A3|PLK3|CDIPT|JUNB|SGK1|ENTPD6|MGRN1|PER1|INPP5D|VPS8|RPS27|HDAC5|ZNF428|RPL37A|LAMP1|OGFR|IL6ST|SSR4|TRAF3IP2|NUMA1|UBXN1|SNRNP70|MOAP1
GSE28726_ACT_CD4_TCELL_VS_ACT_VA24NEG_NKTCELL_DN	0.954374906198409	1	-0.226609170327864	-0.805004497197954	6358	190	IL11RA|CD37|EXT1|MT2A|RPS29|TNK2|CLN3|UBA7|NXF1|SUN2|ARHGAP4|RPL23|ARHGAP45|SRRM2|PIK3IP1|DUSP8|DGCR2|NME3|RBM38|ATP2A3|EPHB6|CHD3|MZF1|RPL38|PPP6R2|MAP4K2|JUNB|RPL27|RGL2|EXTL3|FASN|RPS27|ZBTB1|HDAC5|ZNF428|MFGE8|LAMP1
GSE28726_NAIVE_CD4_TCELL_VS_NAIVE_VA24NEG_NKTCELL_UP	0.97845736667671	1	-0.220456950525488	-0.784155577553254	6494	194	LAG3|STX11|MATR3|COX8A|PSMB9|COX6A1|SLC29A1|H4C3|ECI1|IGFBP2|HSD17B10|MIF|COMT|NFIL3|HMGCL|MUC1|ATOX1|BCAT2|SRM|ASNS|MFSD10|ZBTB7B|KIFC1|DHCR7|IL18RAP|PYCR1|RTL8C|REXO5|MYBL2|TUBG1|TUBA1B|GSTP1|THOP1|TK1|ESPL1|PCK2|PDIA5|NDUFA7|UBE2M|AARS1|TIMELESS|MCM2|MAST2|PDXK|MCM3|TXN2|KIF2C
GSE28726_NAIVE_VS_ACTIVATED_CD4_TCELL_DN	0.994922341696535	1	0.208142560163925	0.793207260327737	3330	192	TTK|CCL5|LGALS3|CKS2|GCNT2|KIF11|LDHA|CCNA2|CCNB1|IPO7|HSPH1|SMC2|GINS1|TMEM106C|SERPINE2|PSMG1|TYMS|VWA5A|RRM2|NRAS|EIF2S1|PRDX3|FH|ACAT1|PSMA6|RNF14|IPO5|GPI|GGH|CDKN3|CYB5B|HMGCS1|PCNA|SEPTIN8|ATF1|BHLHE40|PCLAF|CENPS|MMACHC|FABP5|PAICS|AHCY|CDC25C|PNP|CCNB2|EEF1E1|STAMBP|RAD51AP1|EXO1|ALDOA|SORD|ACOT7|TPGS2|GTF2H5|PGK1|DLGAP5|WDHD1|MELK|FEN1|NCAPD2|WARS1|BRCA1|MICAL2
GSE28726_NAIVE_VS_ACTIVATED_VA24NEG_NKTCELL_UP	0.99910394265233	1	0.203681737600302	0.776207580676861	3344	192	PGAP1|CCL4|TM9SF1|COPS8|TBCA|IL18R1|UCHL3|PEX3|RFC4|RANBP2|TFAP4|ABCE1|UTP18|LRPPRC|KPNA2|PER2|LAMA2|RSAD2|F5|MAMLD1|PSMG1|CALM2|UBE2V2|ZW10|UTP3|CDK2AP1|TRA2B|CCT4|PRR3|HPS5|MGA|PSMA6|SNAPC5|UBE2D1|RPA2|PPP2CA|SLC25A5|ADO|QDPR|GNL2|SUCLA2|ADARB1|NSMAF|XPOT|MPHOSPH6|OSBPL3
GSE28737_BCL6_HET_VS_BCL6_KO_MARGINAL_ZONE_BCELL_DN	0.933293448997906	1	-0.230438890336944	-0.817397439043274	6239	187	TMEM238|CD14|BCL2L12|ENC1|B4GALNT4|HDAC10|HELB|DIAPH2|SMAD6|MFSD2A|SLC2A9|ABCB6|KATNB1|ZSCAN20|TBRG4|RFNG|DDT|TXNDC17|USP36|TBC1D25|RCBTB1|DDX31|RPS23|VPS8|MCOLN1|GCHFR|TNIP1|SPATA2|ATP6V0A1|METTL6|NEK6|MTHFD2L|LMNB2|PSMA7|EMC10|MRPL21|ZBTB48|CHCHD1|PDXK|NOC4L|GXYLT1|FAM8A1|PPARGC1B|FTSJ3|DHX16|P4HB|ZC3H13|AP4M1|GDA|ATP6V1H|EDEM1|PDE1A|B3GALT6
GSE28737_BCL6_HET_VS_BCL6_KO_MARGINAL_ZONE_BCELL_UP	0.879531081289527	1	-0.241601707969639	-0.832680883085406	5701	145	GLYCTK|SLC22A18|APLP1|IRF7|CLBA1|ATP2A1|FAM178B|UBL5|JSRP1|ELL3|ANKS1B|ATP1A3|TMCC3|FAM131C|TRIP6|MDGA1|ZBTB5|PISD|ARHGAP6|PCSK7|TTC28|SDHA|HCN3|TENT4A|DUSP5|EPOR|TMEM184B|TIMELESS|ST8SIA1
GSE28737_FOLLICULAR_VS_MARGINAL_ZONE_BCELL_BCL6_HET_DN	0.825489893534948	1	-0.248040265003912	-0.860366729539681	5349	155	TMEM30A-DT|MAPK13|IRF7|ANKRD33|TAP1|PLXNA1|BCAR1|UBA7|COX17|HERC6|MMEL1|MFSD2A|RASGRP1|CAMKK1|MCAM|DOCK6|PHLDB1|MGAM|BATF2|IL18BP|TXNDC17|ORAI1|RILPL2|PPP1R12C|CEBPB|TSPOAP1|FHDC1|TUBB2B|CMTR1|SPATA2|TLCD1|PRPF6|PSMA7|ANKIB1|AARS1|MRPL21
GSE28737_FOLLICULAR_VS_MARGINAL_ZONE_BCELL_BCL6_HET_UP	0.923963478521179	1	-0.232404959791774	-0.823429487275918	6172	183	BCO2|RCAN3|RASGRP3|FICD|RAB38|NCEH1|PDLIM2|L1CAM|TMEM175|HELB|CLN3|DGLUCY|APOE|DGKD|SGSH|SHLD1|ADAM22|SLC23A3|FLYWCH1|ARHGAP26|TSPAN9|MAPK7|SLC25A45|RPL38|RAMP1|BICRA|SUPT5H|FERMT3|DUSP7|SZT2|C6orf136
GSE28737_WT_VS_BCL6_HET_FOLLICULAR_BCELL_DN	0.828253223915592	1	0.236763488004838	0.886574347034309	2825	170	STAP1|LPXN|PGAP1|FCGR2B|IFIH1|NT5C3A|G2E3|CTSS|ZBTB18|ST8SIA6|LEO1|MAPK1IP1L|HPRT1|CRNKL1|HARBI1|PLXND1|EMILIN2|RUNDC3B|CIR1|FAM229B|TENT5A|NSUN4|ESAM|UTP3|EXOC6|B3GNT2|DBF4|ADCK1|VRK1|SPTSSA|VDR|PAK1IP1|CA2|SHB|TPP1|NOD1|GLUL|MKLN1|PTGER3|NMI
GSE28737_WT_VS_BCL6_KO_FOLLICULAR_BCELL_DN	0.954593136520306	1	-0.227056978528581	-0.802996346516476	6369	180	ACKR1|RCAN3|TMEM81|HLX|HDAC10|PPP1R14A|ACAP1|C1orf159|ROGDI|HDAC8|TUBGCP6|POR|OSBPL5|SLC7A7|RIGI|RELT|RHOF|RBM38|G6PD|DUS3L|PXMP4|HERC2|CTSD|GMFG|DHRS3|SLC2A3|GTPBP3
GSE28783_CTRL_ANTI_MIR_VS_UNTREATED_ATHEROSCLEROSIS_MACROPHAGE_UP	0.991916859122402	1	0.210735618119638	0.782521656514467	3435	159	MEIS1|LPXN|CD69|AKAP5|PEX12|WDFY3|PRKN|CCL4|HSDL2|SFT2D2|ZNF518A|DLC1|CRYBG3|MED13|SIGLEC6|LIPC|ZBTB16|PLA2G4A|SLC22A2|IGFBP5|PIGK|TCAF1|EIF1B|LCP1|ETFDH|ENDOD1|KLRG1|MYC|WIPF2|INPP5B|PTEN|CDKN3|ASAH1|PLAAT3|ALDH1B1|DLD|BHLHE40
GSE29164_CD8_TCELL_VS_CD8_TCELL_AND_IL12_TREATED_MELANOMA_DAY3_DN	0.957198443579767	1	-0.226443549166824	-0.802862684710705	6395	186	IGF1R|CCR7|SLC30A4|RCAN3|RPL28|COX8A|TULP3|KLF7|GCOM1|NSG2|CYP2S1|FOS|EMP3|RBM38|RGS14|KCNAB2|FAS|SEMA4F|NSDHL|ID3|ICAM2|KCNN4|RPS16|DGKA|NACC2|SGK1|ENTPD6|NR4A1|GRK6|PLEC|POLG|G0S2|SHOC2|KLF13|PDLIM4|IL6ST|TMC6|RPS26
GSE29164_CD8_TCELL_VS_CD8_TCELL_AND_IL12_TREATED_MELANOMA_DAY7_DN	0.671581381902284	1	0.250549576846896	0.931097356260954	2322	160	NUS1|PKD2|CEP128|STT3B|LAMP2|MGAT2|FNDC3B|LDHA|UAP1|FAM13A|ELMO1|SLC44A1|SAGE1|TRIB1|ERP44|MRPS22|ARMC2|HESX1|RCBTB2|ANKRD30A|CHAC2|TCF12-DT|TYMS|SPCS1|RRM2|EIF5B|TMEM70|PIK3CG|OSTC|MASTL|GGH|SFXN1|ZWINT|ZNF195|FARSB|H3C10|TRAM1|C16orf46|CNKSR1|CENPE|PCLAF|SEC61G|HJURP|GGT1|COPB2|EIF2AK2|HSPA5|SLC35B1|SLC37A3|FAM98A|FKBP11|PSAT1|GAB1|ALG5|HIGD1A
GSE29164_DAY3_VS_DAY7_UNTREATED_MELANOMA_DN	0.764173703256936	1	0.240391513777157	0.911036588511948	2533	187	TMTC3|UBTD2|ARID2|RTL8B|WDFY3|SLC33A1|BBS12|UAP1L1|ACOX3|CLDND1|BATF3|MOSPD2|B3GNT5|ERBIN|DOCK7|MYCBP|STT3A|YIPF6|UBE2N|ZFYVE26|SLK|PDE8A|TRIB1|ERP44|SLC39A1|P2RX7|SYNE1|KCTD14|RAB19|CTNND1|KCTD6|RBPJ|FAM91A1|CS|PSMA6|BIVM|EEFSEC|OSTC|SDAD1|TTLL4|PLBD1|C1orf131|GALNT10|AK3|STX17|NUMB|PHKA2|SPOP|C11orf54|DENND1B|KIF2A|INPP1|RIOX1|GALNT7
GSE29164_DAY3_VS_DAY7_UNTREATED_MELANOMA_UP	0.726639406330456	1	-0.256871537812563	-0.902358679825831	4797	172	SPIB|BCAS4|IL6-AS1|ZNF559|DYRK2|CARNS1|SYNGR4|MYH7B|FYN|SPECC1L|BRD3|RGP1|PGS1|ATP2A3|WWC2-AS2|EPHX3|LTBP3|BCL6|IL18BP|GRHPR|CERS4|LINC00623|CLSTN1|LAMTOR5|PCSK7|TP53I13|R3HDM2|COMMD6|TRAF3IP2|PDK3|MAGEA3|IER2|ESYT1|ZDHHC14|SMIM29|MAN2B2|TRAF5|CHCHD7|TSHZ1|KMT2D|SHKBP1|SMAGP|MIR3667HG|PATZ1|RAB11FIP1|EGLN2|TMEM127|CCNQ|SLC25A37|GGA2|RPA1|KAT8|FAM110A|CSK
GSE2935_UV_INACTIVATED_VS_LIVE_SENDAI_VIRUS_INF_MACROPHAGE_DN	0.759889179621364	1	-0.254856465929927	-0.884845094184231	4936	156	GZMM|ADAM19|CYFIP2|IL15|PDE2A|BSPRY|S1PR5|ITGA4|ATXN1|DPM3|L1CAM|HCST|CAPN11|ITGAX|SLC52A3|DKKL1|KATNB1|ENTPD1|PPP1R35|CTSD|PRF1|ASNS|LPIN2|ITGB1|TNFRSF1B|IL18RAP|GRINA|ID2|RAD50|IFNGR1|TMEM65|FRRS1|STARD10|BCL2L1|CIPC|S100A6|RNF216|ATXN2L|PCGF2|RDM1|AP1G2|LDAF1
GSE2935_UV_INACTIVATED_VS_LIVE_SENDAI_VIRUS_INF_MACROPHAGE_UP	0.661123941493457	1	-0.266779421327154	-0.920428580381516	4293	146	CCR7|ENG|EXT1|SH3PXD2A|SNX30|GRIA3|ZIC1|CYTH3|RASGRP1|HDAC4|RBM38|C2CD4B|SEMA6A|ADAM11|IRS2|LRRC75A|SLC16A5|GPR146|PLEKHG2|ID3|RAMP1|SLC12A7|DGKA|MAP4K2|TREML2|GRK6|EPHX1|PACSIN1|KLF13|ANKRD55|PDLIM4|TMEM214|IL17RC
GSE29614_CTRL_VS_DAY3_TIV_FLU_VACCINE_PBMC_UP	0.695239576851276	1	-0.264329627970396	-0.906034062627733	4468	139	TREX2|LAGE3P1|OR2B6|ASIC3|WASIR2|MESP1|SMTN|ABCB8|ROMO1|PRR29|FAM131C|PHB1|SERPINE1|DOCK6|MIR663AHG|EPHX3|CDKL5|DDO|FGFR3|ULBP1|B4GALT2|HSD11B1L|C19orf48P|APEX2|FUT1|HES1
GSE29614_CTRL_VS_DAY7_TIV_FLU_VACCINE_PBMC_UP	0.6940938133084	1	-0.264987388610538	-0.904672519090854	4453	134	PLEKHN1|RNF215|SNORC|ASIC3|PANX2|ADAMTS4|CLCN2|TMEM247|MATN4|A2ML1|CD48|PKD2L2|PDLIM7|UQCC5|WWC2-AS2|FRMD6|CSGALNACT2|FGFR3|CPQ
GSE29614_DAY3_VS_DAY7_TIV_FLU_VACCINE_PBMC_DN	0.801117975875257	1	0.239635758874173	0.893759210222356	2722	166	C3orf52|CEP128|FAM174A|PBK|FASTKD1|MACIR|ARHGAP42|GEN1|CCNB1|HIBCH|SLC44A1|GINS1|NCAPG|ARL1|PERP|ZNF225-AS1|SLAMF7|GPLD1|CHAC2|CDK1|RRM2|BUB1|DNAJB11|PGM3|HSPD1|SEC24A|ZNG1A|ENSG00000291006|SCG3|OSTC|CENPI|SUB1|GGH|ZCCHC9|CDKN3|STIL|EFHC1|SUCLA2|GARS1|FGD5-AS1|SRPRB|SHCBP1|PCLAF|CENPS|POLR3G|TIGD6|CCNB2|BUB1B|LMAN1|B4GALT3|SLC35F5|SLC25A4|DLGAP5|ALG5|ACADM|KDELR2|SRP54
GSE29615_CTRL_VS_DAY3_LAIV_IFLU_VACCINE_PBMC_DN	0.849430989203385	1	0.235493806146288	0.877619503466113	2910	164	SLAMF6|LPXN|PDCL2|C5orf15|DNAJC24|PANK3|BBS2|BPNT2|CFAP210|TMX3|ATL3|ZNF512|ABCB10|STYX|MTCH2|PREPL|WNT2B|TTC9B|NPAS3|MRPS31|ALG10B|GTF2E1|PCYOX1|FTO|DECR1|GIMAP2|RPGRIP1L|DNAAF10|MON2|VEPH1|NR5A2|CLCN3|TUT4|C6orf62|SPG11|SRSF1|CFAP298|IDE|TDH-AS1|LNPEP|ALYREF|BBS4|TRPS1|CWC27|MTIF3|PDCD6IP|CEP350|CMBL|AQR|DDX17|CEP290|XPO1|POLK|CHMP3|HDAC11|CASP6|OIP5-AS1|XRCC5|HSD17B4|OXCT1|CHCHD4|DNAJC13|TRG-AS1
GSE29615_CTRL_VS_DAY7_LAIV_FLU_VACCINE_PBMC_DN	0.828224677143302	1	-0.249572320828028	-0.853686092956315	5322	136	FARP1|DDX53|LINC02709|FICD|EREG|H4C3|LRFN1|DCAF4L1|RARRES2|PLEKHG6|BCAM|IFT27|VWA1|FDXR|H4C2|P2RX6|CAPN10|ANKRD45|YJU2B|ARRDC1-AS1|TONSL|NECAP2|SOCS2-AS1|INTS11
GSE29618_BCELL_VS_MONOCYTE_DAY7_FLU_VACCINE_UP	0.966616084977238	1	-0.224743862333097	-0.788014171499014	6369	170	ADAM19|CYFIP2|CD37|RASGRP3|ABCB4|PIK3C2B|RPS20|HLA-DOB|DGKD|CD19|NSUN5|TCL1A|TPD52|DUS2|RASGRP1|IL2RG|P2RX5|ATP2A3|COBLL1|MAP4K1|BIN1|SP110|RPS23|PAIP2B|RPSA|TAF1D|BMS1P20|GUSBP11|RBM26|CLEC2D|EAF2|BCL7A|CHMP7|SPTBN1|RPS5|DENND5B
GSE29618_BCELL_VS_PDC_DAY7_FLU_VACCINE_DN	0.77059967100344	1	-0.251164627999519	-0.887454368731694	5152	178	TPM2|TYROBP|IRF7|MGAT4A|RNF5|GRN|TNFRSF21|HYOU1|AEBP1|RRBP1|PHB1|SMPD3|ICAM1|TMEM8B|FHL1|MDFIC|RAB15|SEC61B|TMEM109|CRYM|MYDGF|BAHCC1|PSAP|DACH1|SLC7A11|CST3|SLC1A5|CDK2AP2|MAPKAPK2|FLNB|SIVA1|FKBP2|MEF2D|GSTP1|MYCL|DUSP5|GAS6|PMP22|CCDC186|CLCN5|SERPINF1|DNAJC4|BCAP31|OBSL1|SEC61A2
GSE29618_BCELL_VS_PDC_DN	0.913658243080626	1	0.227427319282182	0.858525457971001	3036	182	DPYSL2|MAN2B1|RNF11|CUEDC1|EGLN3|SFT2D2|RUNX2|RIMS3|HDAC2|IL18R1|GNAQ|CRYBG3|SLC38A2|UGCG|OTULINL|NREP|LRRC36|RPS6KA2|CYTH4|PRKCI|SLC20A1|HERPUD1|SPCS1|KIF5B|ZDHHC17|MYB|RIOX2|SEPHS1|PFKFB2|IDH3A|TPP1|PDIA3|PARK7|MRTFA|MYL12A|PLAAT3|DSTN|CORO1C|FABP5|GRSF1|ETV6|SCN9A|INPP4A|RNF130|PAFAH2|CCDC88A|SSX2IP|DAB2|CANX|TBC1D4|BTAF1|HIGD1A|DNAJC3|SCAMP4
GSE29618_LAIV_VS_TIV_FLU_VACCINE_DAY7_BCELL_DN	0.993066023515225	1	0.20868552467294	0.791713415647922	3293	188	NXT2|MBNL2|ITFG1|ESR2|TLE4|CORO1A|CAPZA2|DHX40|ARIH1|LGALS8|YES1|MYCBP|PARP11|CAPN2|PLAA|RAB6A|RNF115|ATP1B3|HK2|COPS3|CDKL2|ELL2|SCFD1|CAPRIN1|SDHD|PSMG2|TENT5A|MFF|NFE2L2|RBPJ|EBAG9|TSG101|PEX13|TASOR|RPL6|MAGI2|CITED2|RPS24|MAPK14|OGFOD2|VAMP3|RCN2|SUCLA2|YWHAH|RIPK2|GYG1|STX17|RIPK1|CDK6|PALS1|ANXA7|FIP1L1|EIF3H|SETD3|NUDT9|FKBP15|ATP5MJ|NR3C1|GNAI2|CCNB1IP1|PIK3CB
GSE29618_LAIV_VS_TIV_FLU_VACCINE_DAY7_MDC_DN	0.78887262079063	1	0.241832189578198	0.899445562518022	2693	162	TENM1|TCN1|SLC33A1|CEND1|XRCC4|AP1S2|TTLL7|DCHS2|PARP11|KCNJ6|TMEM59|RAB3D|MFSD1|COL4A5|CFI|PLA2G4C|RUNDC3B|STRA6|ABCA6|GNAL|KCNK1|CDK1|ITM2A|RBPJ|ZMYM5|CACYBP|RFK|IFT70A|VDR|CLIP1|CLPX|OGFOD2|PTGER3|PCSK6|EMD|TIMM17A|MORF4L1|TMEM87A|CDK6|INTS7|COPB1|BTG3|CPSF6|PPP1R13L|KIAA0040|RAB9A|WDHD1|STRN|USP4|PDCD2|SH3GL3|PKLR|MTFR1|MNAT1
GSE29618_MONOCYTE_VS_MDC_DAY7_FLU_VACCINE_UP	0.788478847884789	1	0.239521952880861	0.900886538421484	2627	177	CXCL8|AIF1|ZNF185|CD44|CD36|LGALS3|HLA-B|ATP6AP2|NPL|CTSS|NAAA|BNIP3L|EGR1|SYPL1|DMXL2|MXI1|UTRN|SDCBP|PLXND1|F5|PTX3|ELL2|BEST1|RHOA|RTN3|ACSL1|GRK5|PELI1|CREG1|PYGL|WIPI1|NAMPT|SNX2|DRAM1|CYBB|UBE2D1|SMPDL3A|GLUL|SERINC1|ITM2B|VAMP3|PLBD1|PLCB1|ASAH1|ATP6V1B2|FUCA1|ZDHHC7|METTL9|CAST|LTA4H|CD46|KIF13B
GSE29618_MONOCYTE_VS_MDC_DN	0.990728278749813	1	-0.214596098179933	-0.758244687396514	6624	178	H2AC13|CIITA|NUP210|AXL|HLA-DOB|H4C11|MZT2A|H4C3|H2AC16|IL2RG|SPINT2|NDUFS8|TMEM109|MAP4K1|BIN1|HERC2|H2BC5|IL16|CST3|DHRS3|TRAP1|RPS2|ATP5IF1|RPS23|EVL|DCTPP1|RPSA|TUBA1B|CAPG|H1-5|MICAL1|BCL7A|HIP1|SPTBN1|EPB41L2
GSE29618_MONOCYTE_VS_PDC_DAY7_FLU_VACCINE_DN	0.925820470552975	1	-0.232001504588006	-0.820482866361422	6177	180	TPM2|SPIB|ADAM19|CYFIP2|MGAT4A|GTF2I|RPS20|AEBP1|TCL1A|RRBP1|TMEM8B|SPINT2|ATP2A3|FHL1|MDFIC|RAB15|SEC61B|TMEM109|COBLL1|MAP4K1|DACH1|SLC7A11|MAPKAPK2|FLNB|MREG|PCNT|FKBP2|RPSA|REPIN1|SSR4|DUSP5|GAS6|CCDC186|BCL7A|DNAJC4|OBSL1|SEC61A2|PDIA4
GSE29618_MONOCYTE_VS_PDC_DAY7_FLU_VACCINE_UP	0.76184012066365	1	-0.252786948046929	-0.889614278199937	5050	174	DPEP2|CD14|IFI30|MARCKS|LYST|GASK1B|SH3BP2|APLP2|SLC7A7|CRISPLD2|IER3|PILRA|TNFRSF1A|APOL6|PPM1F|NFIL3|TIMP1|ARHGAP26|ENTPD1|C5AR1|BCL6|GBP2|TBXAS1|GMFG|SLC2A3|NACC2|SGK1|CTSL|CEBPB|TNFRSF1B|G0S2|BLVRB
GSE29618_MONOCYTE_VS_PDC_DN	0.81043295249549	1	-0.247227573089799	-0.871617844993703	5390	176	TPM2|SPIB|ADAM19|CYFIP2|IRF7|TASP1|GTF2I|TNFRSF21|HYOU1|NSUN5|AEBP1|RRBP1|PHB1|TMEM8B|IL2RG|ATP2A3|SEC61B|COBLL1|MAP4K1|BAHCC1|YPEL1|SLC7A11|MLEC|SCYL3|MAPKAPK2|FLNB|MREG|MYBL2|FKBP2|RPSA|MEF2D|REPIN1|SSR4|DUSP5|GAS6|CCDC186|BCL7A
GSE29618_MONOCYTE_VS_PDC_UP	0.653933606184629	1	-0.263706837420553	-0.925559515447171	4313	171	DPEP2|STS|TYROBP|IL15|CD14|MARCKS|LILRA2|LYST|GASK1B|APLP2|IFITM2|ITGAX|SLC7A7|CRISPLD2|IER3|PILRA|NFIL3|TIMP1|SHFL|ENTPD1|C5AR1|IRS2|BCL6|GBP2|TBXAS1|C11orf21|NLRP1|TSPO|GMFG|SLC2A3|NACC2|RHOB|LINC00623|CTSL|CDC42EP4|TNFRSF1B|G0S2|BLVRB
GSE29618_PDC_VS_MDC_DN	0.908295625942685	1	-0.236057435545728	-0.831068966101413	6021	175	PAK1|STX11|IFI30|MARCKS|CIITA|SH3BP2|IFITM2|ITGAX|MNDA|APOBR|PILRA|TIMP1|EMP3|ENTPD1|IFITM3|BCL6|GBP2|C11orf21|RNH1|CST3|GMFG|DIAPH1|SLC2A3|JUNB|RHOB|SGK1|NDST1|BLVRB|OAS3|EVL|ID2|GSTP1|ICAM3|AP1B1|LMNA|CKLF|CSTB|OXA1L|CTSH|VEGFA|TNFAIP2|ADAM8|CREB5|PLEKHO1|RHOG|TBL1X
GSE29618_PRE_VS_DAY7_FLU_VACCINE_BCELL_DN	0.882511613966732	1	-0.238770539796801	-0.844421837880059	5888	180	GAA|SEC31B|COL1A1|SH3BGR|RGS3|CD19|CIAO2B|GCA|TCL6|GAS2L1|CAMTA1|ENTPD1|TXNRD2|SLC16A3|EHBP1L1|TACC3|SNRNP200|SAP30L-AS1|HEXA|AGPAT2|GRK6|UCP2|FLNB|NDUFC1|PAIP2B|TAF1D|RTL8A|ZNF133|MTCH1|YIPF2|STN1|ZNF408|ACADSB|MAST2|FANCE|SAP30L|ELP5|FKBP14|RAC3|CCT7|DHX16|LARP1|NOP56|H2BC4|PKIG|ARFIP2|DNAJC10|YARS1|ARHGAP17
GSE29618_PRE_VS_DAY7_FLU_VACCINE_MDC_UP	0.699913269731136	1	0.24835862059505	0.92295528075059	2420	160	TENM1|EGF|ZNF214|SIGLEC8|MAP3K9|CCNE2|PTHLH|IFT56|PLD1|CCDC68|NFYA|TFAP4|TSPAN13|ZNF37BP|TMEM106C|UGCG|NCALD|C19orf73|KCNS3|EPB41L4A|MAMLD1|EHD3|CCDC121|PRR16|USP53|BCL2|EEF1A1|SSR1|ABCB1|ANKRD12|TOGARAM1|RCOR3|GBE1|TPP1|CCR10|ASTN1|CUL5|UGT8|ZNF264
GSE29618_PRE_VS_DAY7_FLU_VACCINE_MONOCYTE_DN	0.997910447761194	1	0.204105050948211	0.767132494314245	3342	176	MEIS1|ZNF225|RPGRIP1|CCL4|EGR1|ZNF146|ARF4|DDHD2|CRNKL1|KPNA2|PPP2R5E|PER2|CAB39|SLC30A1|UBE2V2|KCNK1|TDP2|ZDHHC17|TRA2B|CHST3|EIF4G3|WWP2|MYC|RBBP4|RAB3GAP2|ZNF254|DCAF4|METTL5|SRSF1|ZFAND5|S100PBP|PSMD14|CENPE|MMACHC|OSR2|ATP6V1C1|COMMD3|GFM1|SORD|NCKIPSD|ARHGAP25|MED20|MELK|SMC5|UQCRFS1|ASF1A
GSE29618_PRE_VS_DAY7_POST_LAIV_FLU_VACCINE_MDC_UP	0.843982394900592	1	-0.244074260526263	-0.853931853483606	5560	165	MC1R|CCR7|ELAPOR1|RASGRP3|MTG1|SLC29A1|GSDMD|HYOU1|SMAD6|IFIT2|PPARG|LGALS3BP|STC2|TXNL4B|FBXL15|MEAK7|THAP7|TSFM|SLC7A11|KANK1|PCIF1|B9D2|ULBP1|DHCR7|XPO6|DYNC2I1|RCN1|SLC38A6|NUBP2|STUB1|ZMIZ2|INPP5E|DCUN1D4|NECTIN2|PGAP6|TRAF5|TMEM158|PRPF8|SHARPIN|CHP2
GSE29618_PRE_VS_DAY7_POST_TIV_FLU_VACCINE_BCELL_DN	1	1	-0.187250446865858	-0.663543995549452	6678	184	CYFIP2|COX6A1|UQCR10|GGA1|SH3BGR|MRPL41|MICAL3|CIAO2B|DNAI7|LGALSL|IRF3|MIF|COBLL1|SPATA1|AREL1|SLC16A3|EHBP1L1|TACC3|BICRA|IKBKG|ZNF83|UQCRQ|SAP30L-AS1|PPP2R3C|VPS52|EVL|ZNF205|PAFAH1B3|TAF1D|ZNF133|STN1|ZNF408|MAST2|ELP5|FKBP14
GSE29618_PRE_VS_DAY7_POST_TIV_FLU_VACCINE_BCELL_UP	0.740532959326788	1	-0.259968415579341	-0.887537639581342	4751	134	ZFTRAF1|BSPRY|CUBN|TCAP|BRME1|PDCD1|MRPS18C|SLC19A1|TRIM10|DKKL1|ZBTB3|GRIK5|SV2A|NRG1|NDRG4|THAP7|RPL13P5|ADGRB3|CPNE7|RAB11FIP4
GSE29618_PRE_VS_DAY7_POST_TIV_FLU_VACCINE_MDC_DN	0.666517122775535	1	-0.260853512248918	-0.921688658503105	4456	178	LYRM9|ADGRG3|DIPK1A|CRIP2|ATP9B|RETSAT|SPPL2B|KCNC4|ARID5A|RABAC1|MTG1|EPS8|ECI1|ATG9A|SCRIB|GLG1|SULT1A2|INPP5J|ZNF446|ADAP1|TSC1|LYL1|LARS2|SNHG3|USP36|DGKA|SULT1A1|ZBTB20|RETREG2|RPL27|POLG|RASSF1|SNX11|ARFRP1|AKT2|RHCE|SYMPK|GSK3B|COL1A2|SLC20A2|CKLF|ICAM4|CCDC51|TUBB3|IQSEC1|HCFC1R1|NUMA1
GSE29618_PRE_VS_DAY7_POST_TIV_FLU_VACCINE_MDC_UP	0.681150910158544	1	0.248527147279756	0.92971281944297	2319	169	CD40|GPR162|ZNF614|FSCN3|AFF4|CCDC68|FBXL8|AMMECR1|MRTFB|TFAP4|ZNF37BP|ZNF33B|SKIL|TMEM106C|UGCG|MAD2L1|C19orf73|INKA2|KCNS3|EPB41L4A|TMEM176B|EHD3|DLAT|USP53|FXR1|BCL2|EEF1A1|ZNF451|SSR1|ZMAT3|KRR1|TCP11L1|NEU3|TOGARAM1|ZSCAN9|RCOR3|GABPA|SEMA7A|TPP1|SNRNP35|CCR10|ASTN1|CUL5|ZNF264|GABARAPL1
GSE29618_PRE_VS_DAY7_POST_TIV_FLU_VACCINE_PDC_DN	0.998802036537885	1	0.19858349554395	0.75528948891382	3334	190	FAR2|CD69|FAM135A|UBE4A|H2BC6|IL10RB|DHX40|GNAQ|GGPS1|AMMECR1|NPM1|PEAK1|SMAD2|PSMA4|WASHC4|RBMX|WBP4|PPP2R5E|FEM1B|EIF2B2|DCAKD|C1orf54|CCNH|EMC2|HBS1L|ZMAT3|WSB1|PFN1|TIPRL|TAF9|NCK1|GALNT1|CLUAP1|BMP2K|RAD21|RTCA|NACA|YWHAH|RAB6B|ITCH|MYCBP2|H4C8|ZNF576|TFDP2|FBRS|KNOP1|KPNA1|KIF2A|KPNB1|SMG7|GTF2H5|UBE2K|TRPS1|GNAI2|ZNF7|PTPN18|ANP32A|L3MBTL1|R3HDM1|BANF1|GSE1|ARL2|PAK2|KLHL28
GSE29949_CD8_NEG_DC_SPLEEN_VS_MONOCYTE_BONE_MARROW_DN	0.946545178435839	1	-0.229476952024578	-0.803512723168154	6232	167	IDUA|NDST2|SEC31B|FZD7|EXT1|RENBP|KIAA0753|KRT12|N4BP2L2-IT2|TOM1|NFIL3|EFNA1|NDRG4|TAF6L|BCL6|SLC16A3|TSC1|YIF1A|SLC4A2|HPCAL1|CDIPT|ALG3|SLC6A9|APBB3|RAB30|CAMKK2|PSMB4|PSD4|NINJ1|ST8SIA1|SENP3|CLCN5|TUFM|BCKDK|KAT5|SPTBN1|EIF4G1|AK4
GSE29949_CD8_POS_DC_SPLEEN_VS_DC_BRAIN_UP	0.642665073199881	1	0.24855462729749	0.946115923588451	2150	191	SLC18A2|ADTRP|DCK|CCNG2|RNF11|BMPR2|ATG4A|HERC3|INSIG2|PDE3B|LRBA|MEF2A|PEX3|PPP6C|ARHGAP11A|SMAD2|SCAF8|NAB1|NKRF|PER2|RBM4B|MAPK1|HMGB3P30|ALDH9A1|LARP7|EXOSC9|MTCP1|IL10RA|TAF1A|CTNS|PTK2|SPTSSA|CREB1|SUPT4H1|GGH|PCSK6|CLOCK|ACAT2|XPNPEP1|SEPTIN8|DVL3|GOLGA8A|NUP50|BLMH|KYAT3|GORASP1|AZIN1|GNAI2|TFIP11|ARHGAP25|BCL2L11|KDELR2|MICAL2|SNAP23|JMJD1C|SLC25A20|MMUT|IGF2BP3|CHML|TARBP1|SMCHD1|ACSL3|AHCYL1
GSE29949_CD8_POS_DC_SPLEEN_VS_MONOCYTE_BONE_MARROW_DN	0.99488567990373	1	0.207413321219987	0.782973730472258	3306	182	ST8SIA4|PRNP|SERINC5|IL12RB2|PPP2R3A|CCN1|PLK4|IL18R1|PPM1B|ZNF184|CCT8|NEK9|ABCD3|MKRN1|TMEM123|PPP1R12A|RMND5A|ARL1|AP3S1|ASS1|IBTK|OSTF1|SYNE1|FGFR1|RRM2|NAMPT|ELK1|PRKAA1|CITED2|ATG12|RBBP8|CENPI|PMPCB|MTIF2|NACA|MRTFA|BTBD3|IL1R1|OSR2|SERTAD2|RIOK3|COPB1|BCAT1|BICD2|IMPA1|MAP1LC3B|PRKX|SCML2|EIF1|ARHGAP25|PRKAR1B|ZNF7|STAG2|MNAT1|RYBP
GSE29949_DC_BRAIN_VS_MONOCYTE_BONE_MARROW_UP	0.993710691823899	1	0.208460150792328	0.792854211371203	3317	190	DPYSL2|BATF|FOXO1|CCL5|ATG4A|UCN|EXD2|TP63|NORAD|ARHGAP11A|SMAD2|SACS|CAPN2|ATP1B1|CBFB|MAPK1|ABR|PLA2G4C|SYT11|XYLT1|JAK3|PDS5B|SKAP2|FUT8|UBE2V2|ZNF160|RAB5A|ACSL1|SLC25A14|IL10RA|GTF2E1|CTNS|TRBC1|TASOR|MEGF9|CD47|NF1|KIF14
GSE29949_MICROGLIA_BRAIN_VS_CD8_NEG_DC_SPLEEN_UP	0.909557774607703	1	0.230717616335633	0.855196290142715	3187	156	CD83|MTMR6|TNFSF12|ZNF165|CCL5|LGALS3|CHN1|CNNM2|RIMS3|RWDD2A|EGR1|LGALS8|RAB22A|NPR2|RNF103|PALS2|SKIL|BMERB1|UPK1B|SPAM1|LARP7|RBPJ|BMPR1A|CUL2|ANKRD12|SPTSSA|CHUK|QKI|ARL4A|MTMR2|ZNF37A|USP12
GSE30083_SP1_VS_SP3_THYMOCYTE_UP	0.979662030806042	1	-0.219775254064002	-0.776544495583153	6550	178	STX11|C1QTNF12|ABCB4|EXT1|UQCR11|NDUFB2|SLC3A2|CBX8|PHPT1|GCA|HFE|NDUFA11|NOP2|ZNRD2|TEX22|COBLL1|VPS18|IFITM3|GET3|TIMM29|SF3B5|VPS72|WDR4|POLR2E|NFKBID|JUNB|PISD|TSC22D1|GPS1|NFKBIB|TSR2|TNIP2|C8orf82|DUSP5|CD81|WDR74|TSPAN31|MRPL4|C19orf53|RAD23A|TXN2|SMARCE1|PTTG1IP|DIPK1B|UQCC2|MRPS28|BEND7|MMD|TCF7L2|CCT3|TTLL11
GSE30083_SP1_VS_SP4_THYMOCYTE_UP	0.812322416629281	1	-0.24619217518303	-0.872995390507843	5431	185	ZNF711|PAK1|SLC30A4|RAB27B|EMILIN1|C1QTNF12|MARCKS|GHDC|MAPK11|EVI5L|VILL|TNK2|SYNE3|MUC5B|UCHL1|ARHGEF17|SPATA6|GPC1|MCAM|STARD3|SLC27A1|ATXN7L2|EPHB6|CAPN10|ANKRD45|LSS|WDR4|MEX3A|CCDC157|KLHDC4|TSC22D1|PRPF19|GPS1|TSSC4|TUBB2B|HCN3|GTF3C5|REPIN1|CBX2
GSE30083_SP2_VS_SP3_THYMOCYTE_DN	0.706941665384023	1	-0.260970085280603	-0.906071183427903	4592	156	TSGA10|TREX2|ITGA4|B4GALNT4|PHYHD1|AMZ1|TIGD3|ADGRE5|TSPAN4|NTRK3|TMEM163|ST6GALNAC6|HDAC4|RIPOR1|PIGR|ESR1|NOTCH3|IQCH|SLC43A1|KHDC1L|EHBP1L1|ZFYVE19|ACSBG1|IL17RA|SGK1|PALM
GSE30083_SP3_VS_SP4_THYMOCYTE_DN	0.89927514346119	1	-0.236920770638466	-0.833185341792136	5954	173	TYROBP|DHDH|MAGEB16|IRF7|ITGA4|B4GALNT4|C5|FAM234A|ANKH|ADGRE5|GRN|D2HGDH|ZC3H12C|SLC41A2|NTRK3|APOBR|CCND1|LGALS3BP|PTPN3|EHBP1L1|ACSBG1|KCTD10|RHOB|SDC4|SGK1|CERS4|SCYL3|EPHX1|IL18RAP|EVL|RCN1|NIBAN1|INTS4|IRF9|TRAF3IP2
GSE3039_ALPHAALPHA_VS_ALPHABETA_CD8_TCELL_UP	0.96348398683029	1	-0.224987805159307	-0.797701298809332	6437	186	CD14|POLR2F|MT2A|UQCR11|CXCL1|METRN|EPS8|TRIO|PRPF31|MRPL41|MICALL2|RRBP1|IER3|PALD1|COMTD1|LSR|NOP2|TBRG4|LRPAP1|DCN|PSMB5|SMDT1|IGF2R|MED10|TAP2|UQCRQ|ATP5PF|SDC4|SLC35F6|PRELID1|UBE2J2|TMEM214|HSPA1A|NIBAN2|MTCH1|SOCS3|CCHCR1|AARS1|TMEM183A|UPP1|C15orf39|TXN2|AP2M1|HSPA1B|CDKN1A|JUN|ARL6IP4|PRAF2|CREB5
GSE3039_ALPHABETA_CD8_TCELL_VS_B1_BCELL_DN	0.99925205684368	1	-0.202184417180355	-0.717752646720452	6679	188	PLEKHN1|ANPEP|SYCE2|LAMA4|GASK1B|CENPT|PLSCR3|RARRES2|SPATA6|COMTD1|MED15|FLYWCH1|FBXL15|PELP1|SLC12A7|SRM|CTSD|CAD|TMEM87B|PLK3|GFUS|RCBTB1|C19orf47|PLEC|FIZ1|NENF|SLC35F6|EVL|GIPC1|DCUN1D3|LONRF3|NIBAN2|SRGAP2|STUB1|GAS6|CENPB|PTGR2|CC2D1A|CTSZ|MINDY4|SPRY4|PSMD9|ERAP1|SNAPC2|CREB5|SMYD5|KATNA1|CNOT9|TBL1X|MLF2|TCF25|ACTN4|FURIN|YARS1|MYO5A|SLC25A39
GSE3039_ALPHABETA_CD8_TCELL_VS_B2_BCELL_DN	0.772930982969824	1	0.239089639406231	0.910087723840737	2586	191	ELK3|SLC10A7|FAM135A|ALG11|UAP1L1|SRC|UQCRB|CCL4|UBR3|CD164|CNNM2|ME1|MRTFB|PLAC1|METAP2|GINS1|FNIP2|SLC39A1|HOMER1|TNS4|TIMM23|TMED5|HAUS1|LRP12|NUBPL|SNX2|TSG101|PRDX6|COQ3|STMN1|LRRC58|CLNS1A|QKI|CENPI|IPO5|ZNG1B|NUP88|HNRNPA1|BMP2K|GARS1|MPHOSPH6|PLAAT3|CENPE|EXT2|CENPS|RMDN2|WTIP
GSE3039_B2_VS_B1_BCELL_UP	0.788734521292661	1	-0.250051575572592	-0.879362779792033	5222	173	CREBRF|IFI30|CIITA|RASGRP3|ACE|SELENOM|ZNF467|DOCK4|SGSH|ZNF229|CYTH3|NRM|CCND1|TNFRSF1A|PIK3IP1|TXNDC16|SHFL|ARHGAP26|SLC15A2|CHD3|CCL24|DDX23|TRIP6|PIGL|SLC22A23|SHISA5|AGRN|JUNB|PHC1|NR4A1|ARFIP1|AHSP|PRKAB2
GSE3039_CD4_TCELL_VS_ALPHAALPHA_CD8_TCELL_DN	0.805245703949352	1	0.237976393686294	0.897403542301217	2670	181	IFIH1|RNF217|SCRN3|SELENOT|ABCC3|CEP128|RRM2B|TMEM209|DUSP19|HACD2|CKS2|CPD|PPM1B|PPP1CC|PEAK1|PSMA1|LYSMD3|POLA1|RBM41|SCP2|RSAD2|IFIT1|TGFBI|SBDS|HYPK|CKAP2L|MEAF6|HAUS1|ZW10|TGFBR1|NSA2|RAB28|CACUL1|RRM1|PIK3CG|APEX1|ZMPSTE24|KMT2E|TMEM243|CLIP1|SUPT4H1|EIF3M|MRPS33|LPCAT2|CETN2|HSD17B12|PCNA|NDE1|HPF1|HLTF|CENPE|CCDC115|ZNF281|TRIM33|BLMH|FHAD1|DOCK8
GSE3039_CD4_TCELL_VS_ALPHAALPHA_CD8_TCELL_UP	0.837226714585205	1	-0.244212391436454	-0.864750266460179	5590	182	ANPEP|ZFTRAF1|SMPD1|S1PR5|MAG|GASK1B|GDF15|AMDHD2|CACFD1|PLXNA1|CARNS1|RARRES2|ALDH16A1|PTGIR|HPS1|COMTD1|TTYH2|MFSD12|OS9|FASTK|LRRC20|MERTK|SLC7A11|KMT5C|RNF181|RFX1|GUK1|DHRS3|TRPC4AP|CEBPB|TSPOAP1|ARHGAP1|C19orf47|MAPKAPK2|PPP1R18|GRINA|EVL|ASRGL1|DDA1|WNT5B|SAMD8|PPP1R37|CDKN1C|ATP6V0B|CTSZ|ATXN7L3|ATXN2L|NRBP1|ABHD16A|SNAPC2|RNF31|MAVS|ACBD3|EDEM1|MLF2
GSE3039_CD4_TCELL_VS_B1_BCELL_DN	0.857207821737153	1	-0.242781995788385	-0.852117406507874	5654	171	ANO9|TYROBP|RAPGEF5|MT2A|PABPC1L|NDUFA3|SLC35F3|SGSH|DYNLT4|GALNT14|TPD52|SLC39A2|UCP3|IER3|TMEM86A|SLC6A8|MCAM|CMKLR1|TEX22|IL1B|MORC4|CTSD|GPATCH3|ATP13A2|SPHK1|CEBPB|PISD|SDHAF2|KLHDC4|MCOLN1|KDM4B|LAMP1|NEK6|MTG2|NDUFA7|PLEKHM2|ACP2|LY6E|MR1|GSTO2|UPP1
GSE3039_CD4_TCELL_VS_B2_BCELL_DN	0.677966101694915	1	-0.259039606663229	-0.919618624943449	4519	189	TMEM238|ANPEP|COX6A1|PLXNA1|DOCK4|MTG1|EPS8|UQCR10|PRPF31|SLC39A2|SLC19A1|IER3|SLC52A3|TMEM86A|SDF2L1|COMT|NDUFS8|LRPAP1|RNH1|EMP2|CTSD|USP36|KCNN4|SLC1A5|UQCRQ|WDR18|ATP13A2|TIMM10|SDHAF2|ITFG2|RDH13|PRELID1|TNIP1|MREG|DCTPP1|CLTA|LAMP1|CEP170B|HNRNPAB|CBX2|SSR4|MYCL|POMP|RPS26|CDC34|SKI|CCDC137|PLEKHM2
GSE3039_CD4_TCELL_VS_NKT_CELL_DN	0.929653517324134	1	-0.231539651604091	-0.821990809709892	6197	189	FES|FARP1|ELOVL3|FAAP20|METRN|LMF2|SLC52A2|TMEM63A|FXYD1|CENPT|MAN1B1|PDE6D|SPSB3|ATP1A3|ZSWIM5|SLC2A9|IFT27|TAOK2|PPP1R35|CRYM|MZT2B|TSPO|POLE|ORAI1|GMFG|TBC1D25|TSEN34|PGP|ARHGAP1|SLX4|ID1|TUBGCP2|FZR1|NCAPD3|HELLS|PPP6R1|LMNB2|PEF1|TIMELESS|S100A6|TAF6|FAAP24|VEGFA|SPTBN1|WRAP53|PIMREG|GPR137|CENPW|RMND5B|SLC39A7|CPTP|AAAS|HDAC6|RAB27A|CEP85|SLC41A3|MAGOH|AIFM2|WDR62|RP9|TRAF7|SSNA1|DXO
GSE3039_CD4_TCELL_VS_NKT_CELL_UP	0.992159227985525	1	0.208761537109791	0.791165193781839	3289	187	GPD1|ST8SIA4|ARRDC3|CCL5|FGD4|ABCC3|NCOA2|DNAH8|HIPK3|CGGBP1|KHK|PIKFYVE|MKRN1|FCRLA|CLK1|CAMTA2|INPP5K|HECA|IL6R|SYNE1|OTULINL|FLACC1|RAB19|RIT1|RNF144A|RAP1B|NATD1|DCAF17|MTMR12|HERPUD1|BTBD10|CELF2
GSE3039_NKT_CELL_VS_B1_BCELL_DN	0.999702734839477	1	0.192465179004724	0.735319290548289	3362	194	FBN1|STK38L|TTK|FAM135A|MS4A6A|WDR75|AKAP11|HYCC1|TSC22D2|OPA1|GINS1|POLA1|HK2|MRPS22|PLPP3|GPR183|TNS4|ANKRD28|DPH6|PAPSS1|PHTF2|QSER1|CUL2|SNX2|BUB1|PRDX3|ARMC1|RRM1|MLLT11|ANKRD50|CEP152|SUB1|IPO5|ARL4A|TAMM41|PLBD1|LRRC40|CHRAC1|UTP25|RPAP2|KNSTRN|CCDC32|RNASEH2B|NPRL2|MSMO1|ATOSA|WDR43|FYTTD1|CSE1L|ATP7A|NCAPH|AGO2|ASPM|SMARCAL1|SLC7A6|ATIC|TUBB6|CTH|ARL2|HDDC2|SPC25|ACO1|NUCKS1
GSE3039_NKT_CELL_VS_B2_BCELL_DN	0.85911685190748	1	0.232747013458533	0.877365477872808	2859	180	ELK3|RHOV|GPR137B|LGALS3|HLA-B|CCL4|CCRL2|B3GNT5|LDHA|CD80|PROCR|SORBS1|ARPP19|NFAT5|WTAP|MSH3|EMILIN2|SH3PXD2B|SPP1|BEX3|RAB19|FLCN|FZD2|SERTAD1|USP53|MFSD4B|RESF1|MED7|PCGF5|WWP2|CPED1|STX7|SLC9A5|SEC62|ACAT2|BZW2|ATXN7L1|BHLHE40|ZNF473|PNRC1|EHBP1|NOTCH4|ALDOA|MAFF|OGA|FKBP11|DAB2|SLC25A33
GSE3039_NKT_CELL_VS_B2_BCELL_UP	0.936422252211726	1	-0.230075848848205	-0.812051924104799	6244	177	ANPEP|DHDH|S1PR5|CIITA|ITGA4|CYLD|NUP210|TNFRSF21|HFE|AHCYL2|PTGIR|APH1B|TMEM107|EMP3|KLK8|CHD6|TBXAS1|ARHGEF10|RAMP1|KCNK6|CHD1L|HPGD|SPN|MLEC|PRTN3|MRAS|VKORC1|AHSP|SLC5A3|LIFR|TSSC4|EVL|SLC16A9|ZER1|MYCL|TMC6|ESPL1|LPCAT1|AP1M1
GSE30962_ACUTE_VS_CHRONIC_LCMV_PRIMARY_INF_CD8_TCELL_UP	0.764292128105358	1	-0.251279828354745	-0.890920489229346	5106	186	GZMM|RAP1GAP2|IL11RA|CREBRF|S1PR5|GTF2I|LRRC24|TSPAN5|PBXIP1|ADGRE5|SUN2|DNAJC15|ARHGAP45|GPX8|ICAM1|RASGRP1|VWA1|ACTN2|ATP2A3|TNFAIP8L2|TKTL1|BCL9L|KRTCAP2|SEMA4F|SLC12A7|MXD4|RFX1|SLC2A3|SFXN3|SGK1|PRKAB2|GNS|IL18RAP|G0S2|EVL|ID2|TNIP1
GSE30962_ACUTE_VS_CHRONIC_LCMV_SECONDARY_INF_CD8_TCELL_UP	0.927299925205684	1	-0.232011062048854	-0.821292937299988	6198	181	GZMM|MEIS3|CREBRF|STX1A|S1PR5|DBNDD2|TSPAN5|RAB33B|DNAJC15|GPX8|PKD2L2|IER3|RASGRP1|CAMKK1|ZNF839|BRD3|AKT3|TNFAIP8L2|TKTL1|KLK8|CRAMP1|CHD3|KRTCAP2|SLC25A45|ZNRF3|RNF181|GMFG|RFX1|SGK1|PRKAB2|RPS27|GSK3B|RPL37A|SH3BP5L|BORCS7|MRPL24|GOLIM4|ACYP1|NCLN|NMU
GSE30962_PRIMARY_VS_SECONDARY_CHRONIC_LCMV_INF_CD8_TCELL_DN	0.661361224799151	1	-0.263107157237405	-0.923454755080824	4362	171	TEP1|SRGAP3|YJEFN3|CREBRF|MGAT4A|BSCL2|CPEB3|TMEM63A|RGS3|ADAMTSL4|CITED4|SFI1|GRIA3|TMEM163|CLDN12|SLC52A3|APOBR|RASGRP1|STYK1|RAB40B|PIK3IP1|ENTPD1|NPFF|ACP3|CDIPTOSP|PKP3|ADAM15|IGF2R|SFXN3|PISD|SPATA2L|ID2|REXO5|RCN1|E4F1|CAPG|FAT1|OR51B4|ITGAE|CCDC106|ATP6V0B
GSE30971_2H_VS_4H_LPS_STIM_MACROPHAGE_WBP7_KO_DN	0.983907696978898	1	-0.21932435492491	-0.766229747872059	6480	162	NUP210|MUTYH|GASK1B|TBKBP1|ANKH|LPCAT3|TRAIP|MPG|IFI27L2|MTLN|ARHGEF26|GDF9|AKR1B1|SLC12A6|DHX38|SLC25A45|KCNE5|ID3|RPUSD1|MOSPD3|ITGB1|ENTPD4|SF3A2|RPUSD3|IRAG2|C9orf85|EEF1D
GSE30971_CTRL_VS_LPS_STIM_MACROPHAGE_WBP7_HET_4H_DN	0.942719324690986	1	0.223636544110102	0.84843475597359	3126	188	AIF1|MS4A3|FAM135A|CD36|CRYL1|C1orf162|REV3L|NPL|HNRNPLL|EEPD1|PPT1|GLUD1|RHOT1|MEF2C|HEATR3|ABCD3|FAM13A|RPAP3|UTRN|SNX24|RMND5A|DRAM2|RCBTB2|C5AR2|OTULINL|PLA2G4A|CHN2|CMTM7|BMF|RPS27L|PHTF2|PLPBP|CHSY1|CACUL1|ACLY|ATPAF1|ACBD5
GSE30971_CTRL_VS_LPS_STIM_MACROPHAGE_WBP7_KO_2H_UP	0.6504499008693	1	-0.265466663170241	-0.926226321617847	4264	161	ADAM19|PLAT|RPGR|MIR3945HG|FLT1|HAS1|SLC7A7|MFSD2A|IER3|ACVR1B|LAMB3|MET|CA12|AKT3|MYO1G|ZC3H12A|KANK1|SLC2A3|AFDN|CTSL|ZBTB10|G0S2|SFR1|ZBTB43|DCUN1D3|SAMD8|TRAF3IP2|HES1|SOCS3|CDC42EP3|UPP1|TMEM39A|MPZL1|GRAMD1A|AK4|OPHN1
GSE30971_CTRL_VS_LPS_STIM_MACROPHAGE_WBP7_KO_4H_UP	0.990084572761738	1	0.210728903531807	0.784794821352968	3394	163	FSD1L|BATF|GPR137B|STEAP1|SEC24B|PLD1|OTUD1|PPP1R3B|PFKFB3|PDE8A|NFAT5|PLGRKT|WTAP|SCARF1|NKX3-1|PTX3|CD274|ELL2|OSGIN2|SOCS2|EIF1B|CNKSR3|CLGN|MAML2|SMPDL3A|PTEN|KBTBD2|USP12|ANKRD33B|CHM|SAV1|PNPLA8|BCAT1|NUP58|SERPINB1|MAP3K5|AZIN1|PDSS1|CCDC93|UBE2B|AGO2
GSE30971_WBP7_HET_VS_KO_MACROPHAGE_4H_LPS_STIM_DN	0.912808177991581	1	-0.235283193245512	-0.829507110784122	6071	176	DPEP2|IQCD|RAP1GAP2|NHLRC3|MAML3|CIITA|ITGA4|C5|TMEM134|GRN|PLA2G15|APOC1|ARHGAP45|MNDA|SLC2A9|CFD|ACSL6|TRIOBP|FMO4|SPOPL|SORBS3|SPATA7|SULT1A1|HEXA|ATP5IF1|ITFG2|VPS39|BLVRB|VPS8|ZBTB1|BTD|ASRGL1|ATP6V0A1|ERP29
GSE30971_WBP7_HET_VS_KO_MACROPHAGE_4H_LPS_STIM_UP	0.998190045248869	1	0.202091882860851	0.764928105235381	3308	185	DISP1|CXCL8|BMAL2|CAVIN4|HIC1|GFM2|FNDC3B|C17orf58|CYP27B1|PROCR|PLAA|PPIL1|TRIM13|PLGRKT|FCER1G|SH3PXD2B|PTX3|MAMLD1|MRPL15|TXNDC9|UBE2V2|MRPL47|TIMM23|TMEM38B|POGLUT3|GTF2E1|PTPN12|NIP7|CHUK|PSMA6|TMEM68|NF1|TPST1|MAML2|RCN2|PSMD14|TMA16|SLC39A8|ZNF473|GLRX3|BTG3|MZT1|GFM1|ALDOA|NUDT9|ASAP1|ZUP1|PSMA3|AZIN1|PDSS1|EEF1AKMT3|SLC25A33|AMPD3|FKBP4
GSE30971_WBP7_HET_VS_KO_MACROPHAGE_UP	0.961835529304861	1	-0.225736276966027	-0.792984269905749	6350	172	ZSWIM9|CCR7|REM2|ENKD1|CD14|MADCAM1|NCEH1|FAM193B|TNFRSF21|WNT3|PDCD1|ADAMTS4|ING4|TPD52|IL2RG|THEMIS2|IRS2|BCL6|ZDHHC24|SLC16A3|DUSP4|SNRNP200|SUPT5H|SORBS3|POLR1C|APBB3|MADD|RAP1GAP|ENGASE|KAZN|SDF4|NOP53|DUSP5|CD81|GABRQ|C9orf72|BCORL1|NBEAL1|GALNT2|LACTB|DHX16|RNF19A|P4HB|TMEM158
GSE31082_CD4_VS_CD8_SP_THYMOCYTE_DN	0.916779127305443	1	-0.234049893989712	-0.826078302882911	6113	177	MXD3|ENG|ITGA4|HCST|SAC3D1|GRIA3|SLC19A1|PHB1|HDAC4|B3GNT4|CABIN1|ACP3|SELENOH|SCARB1|SLC12A7|SRM|PRF1|CAD|RFC2|ACACB|WDR24|SPN|F2R|PIDD1|MMP17|RCN1|HCN3|TUBG1|HELLS|POLR1G|SF3A2|NEK6|FRRS1|EEF1D|DPCD|GRAMD4|CHRD|MICAL1|TIMELESS|ESYT1|TIGD5|RPS5|RSAD1|UHRF1|CENPW|RMND5B|FRMD4A|PRR22|EIF4EBP1|NEFH|DYNLT1|SEC11C|NOP56|CUEDC2
GSE31082_DN_VS_CD4_SP_THYMOCYTE_DN	0.985942874233588	1	-0.21676626693962	-0.768651366418104	6592	185	RAB4B|RPH3AL|NUP210|FAAP20|TAP1|EVI5L|DOCK4|HCST|LYPLA2|HERC6|ATG9A|TNFRSF1A|TXNDC16|RHOF|PTK2B|C12orf57|TRIOBP|AKT3|SIRT7|C3orf80|KLHL4|MAPK7|CHD3|TRIM26|SLC26A6|SP110|ENO3|CDIPT|B4GALNT1|PARP3|CERS5|MADD|SLX4|EXTL3|XPO6|OAS3|TNIP1|TNIP2|TRAF3|ATXN7L3|C9orf72|IRF1|RELB|SETD5|SEPTIN9|RBM5|S100A13|TBL1X|CYRIA|ZNF513|ARHGEF6|STX16|MFHAS1|TTC38|CYTH1|MGST2|UCKL1|DAAM1|PIK3R3|SDHAF1|PHF1|SLC41A1
GSE31082_DN_VS_CD8_SP_THYMOCYTE_DN	0.864350950741129	1	-0.24074619670806	-0.853112480908731	5772	184	NFKBIZ|MEIS3|IL21R|RPH3AL|TAP1|PPM1N|HCST|TRPM4|IFI35|SHLD1|HERC6|PPFIA4|PTK2B|CABIN1|MYO1G|SLC2A8|SEMA4F|MXD4|SLC26A6|SP110|SDF2|PLK3|PAQR7|MTMR10|MADD|TNFRSF1B|MALT1|EVL|XYLT2|CKB|ADD1|NT5DC3|TRAF3|ATXN7L3|SPTBN1|NBEAL1|AP1G2|ARHGEF3|FNTB|KMT2D|ACSS2|ARRB2|ABHD6|CYTH1|LIMK2|EML3|RNF213|NES|SPTAN1
GSE31082_DN_VS_DP_THYMOCYTE_UP	0.974545995832093	1	-0.221535845757762	-0.790824065692412	6546	198	VWCE|NDUFB2|TSPAN4|MRPL14|ROMO1|LONP1|IFT27|COMTD1|ZBTB3|MBOAT1|CHCHD6|MYDGF|TXNRD2|WDR4|PMPCA|QTRT1|STOML2|CDK2AP2|FAM98B|ALG3|PDRG1|NOP10|TMEM205|RPL27|TUBGCP2|PDF|MCRIP2|VARS1|GPAM|TGIF2|LSM6|RAD50|POLR1G|MGAT4B|MTCH1|SLIRP|POMP|POLR2J|ATP5F1D|RWDD4|ATP5MG|EMC6|RPL35|CHCHD1|SCPEP1|BCKDK|MCM7|C15orf39|THRA|PRKRIP1|MRPS18A|FAM185A|EIF4G1|GCN1
GSE31082_DP_VS_CD4_SP_THYMOCYTE_UP	0.974457974457975	1	0.216099621846802	0.826610245205953	3280	195	ZNF841|TENM1|MEX3C|PARPBP|DDIAS|ATP6AP2|NXN|ZBTB33|CNOT8|EIF4E3|RFC4|PAIP2|PPP1CC|MACIR|CBLL1|CKAP2|CIBAR1|ANKHD1|METAP2|GINS1|POLA1|CCP110|INPP5K|FEM1B|PTPN14|AUH|BMF|SOS2|UBE2E3|PRKCI|SDHD|ATP5F1B|TCEAL9|KIF5B|ANGPT1|CDK2AP1|SMC3|MOB1B|EEFSEC|CTDSPL2|CEP57|MRPL3|AGPAT5|SMC4|CKAP5|PRPF40A|CDCA2|UBE2A|SLMAP|SCNM1|MDM1|EIF1AX|ALYREF|ERCC6L|SCAI|EXO1|TP53INP2|USP15|EMID1|TRPS1|STRN|PLA2G12A|ACADM|HMGB2|TRAK1|DIP2A|HCCS
GSE31622_WT_VS_KLF3_KO_BCELL_DN	0.708659049909802	1	-0.257791374880281	-0.908861256141114	4713	176	FES|POU2F2|STX11|MS4A13|AXL|GSDMD|TRAIP|IFITM2|NICOL1|DENND1C|FOXP3|OCEL1|FBXL19|PLOD3|SEZ6L2|SPATA1|DCXR|KCNK6|GFI1B|SLC7A11|SPN|ZBTB5|MUL1|GRINA|MAP1S|SMARCA4|SH3KBP1|SMARCD2|EIPR1|EHMT2|MED11|MAFG|LCMT2|SOCS3|TIMELESS|ADD1|PEDS1|ZNFX1|SEMA4B|FHIP2A|METRNL
GSE31622_WT_VS_KLF3_KO_BCELL_UP	0.802165642376354	1	0.238873499985527	0.892176656556098	2740	167	NUDT12|ZNF483|CMYA5|CNR1|SMARCA1|PUS10|RYR1|KLHL13|NECAB1|DNAJC6|WDSUB1|GLI1|CAVIN4|FOXA2|NEXN|CHPT1|ZFTA|SVIP|PLCH1|ARMH4|SYCP3|FZD2|CSRP1|THOC1|ETFDH|ANGPT1|ACBD4|PDE7A|ACAT1|RCOR3|SNW1|PHF3|PCSK6|SUCLA2|ASTN1|FYCO1|SEPTIN11|HELQ|ANKRA2|CDC73
GSE3203_HEALTHY_VS_INFLUENZA_INFECTED_LN_BCELL_UP	0.787906137184116	1	0.239257075496774	0.903182128523477	2618	182	SLC18A2|CD83|HECW2|NKIRAS1|ARL5A|ST3GAL5|SOHLH2|MNS1|SLC25A46|UBA6|AMZ2|GGPS1|FBXO30|TSPAN13|STARD3NL|PPP2R5E|ERP44|PER2|GMPS|NUP133|CPEB1-AS1|PAX5|FIBCD1|RHOA|NFATC2|LCP1|TSN|WIPI1|RAB28|CHST3|PIK3CG|CNOT6L|WDR81|MON2|CEP120|DSCC1|WIPF2|GALNT1|PCSK6|BRWD1|SYF2|ZNF638|SNX29
GSE3203_INFLUENZA_INF_VS_IFNB_TREATED_LN_BCELL_DN	0.745549738219895	1	-0.253086572980534	-0.895897864001856	4983	181	IGF1R|ADSS1|ATXN1|ARID5A|CCS|ROGDI|MOGS|DNPH1|OSBPL5|ABCA4|IRS1|RPS9|PLEKHA1|PUS1|GLG1|RELT|PIK3IP1|ENTPD1|TMEM255A|BCL6|INPPL1|TACC3|KCNK6|QTRT1|SPATA7|LPIN2|FAM98B|WDR13|NOP16|PLEC|ITGB1|LMLN|STAG1|DCTPP1|NUDT14|PRICKLE3|SSR4|POMP|CAPG|FRRS1|DUSP5|NBDY|ANKIB1
GSE3203_INFLUENZA_INF_VS_IFNB_TREATED_LN_BCELL_UP	0.711191882477662	1	-0.258455859446993	-0.90509281325821	4695	166	ESPN|COL25A1|BSPRY|TEX14|PSMB9|FAM120C|AEBP1|DAGLA|KLF12|NKX6-1|TPCN1|BCL3|DNAAF6|C3orf80|AXIN2|FRA10AC1|CST3|ZC3H3|FBXW4|MED6|SIX5|PRDM15|EPHX1|SOX18|NAT14|PLXNA3|ANKRD55
GSE3203_WT_VS_IFNAR1_KO_INFLUENZA_INFECTED_LN_BCELL_UP	0.666471449487555	1	0.25059828163599	0.932049256078249	2275	162	CD83|DYNC2LI1|MRPL1|RNF217|ARHGAP28|LURAP1|FSCN3|HEMGN|GCNT2|TP63|FMNL3|TMEM123|CAMTA2|USP14|QNG1|LIPC|SYT11|HOXA5|XCL1|PHETA2|EHD3|CHTF8|RHOA|NFATC2|XKR8|VRK2|NKX3-2|ARPC3|RERG
GSE32034_LY6C_HIGH_VS_LOW_MONOCYTE_DN	0.666115702479339	1	-0.259951457141644	-0.923623679612099	4432	191	ENC1|PSMB9|GTF2H4|IFI35|IFIT2|DCAF11|LONP1|RRBP1|RPP25L|IFI27L2|LGALS3BP|GBP2|CPSF1|RRP12|MIB2|KCNN4|RNPS1|B9D2|CAPN15|AGRN|STX5|RAB40C|PGP|CDK11B|SFSWAP|MAF1|VPS11|INPP5D|XPO6|RNF145|TNIP1|BLTP2|ZNF764|PRPF6|PARP12|IRF9|RHEBL1|EIPR1|STUB1|LCMT2|ULK1|ST8SIA1|PITPNM1|DICER1|ELAC2|SLX9|MRPL46|SAFB|PDXK|CHMP7|ELP5|POLR1A|SLC25A26|IRF1|FAM8A1|GRAMD1A|POP7
GSE32034_LY6C_HIGH_VS_LOW_MONOCYTE_UP	0.839448150394178	1	-0.244732409442974	-0.857921444855887	5536	169	ADAM19|FZD9|CLBA1|CIITA|HLA-DOB|TRPV2|TNFRSF21|PTH2|GRIA3|ITGAX|TMEM163|SPATA6|IER3|NRM|RASGRP1|C8G|P2RX5|ATP2A3|ACP3|MYO1G|ACYP2|NSDHL
GSE32034_LY6C_HIGH_VS_LOW_ROSIGLIZATONE_TREATED_MONOCYTE_DN	0.803034901365706	1	-0.249345196768544	-0.874273257605609	5291	170	NFKBIZ|RAB4B|ANPEP|APLP1|IFI30|LYST|TCAP|DIAPH2|HYOU1|CLCN7|LAMB3|CDKN2D|IL2RG|OCEL1|TIMP1|BCL3|PIGR|IL17D|NDRG4|TRPC1|IFITM3|LIN7B|SLC12A7|RNH1|SHISA5|IL17RA|JUNB|TSKU|DAPK3|ID1|EXTL3|RNASE1|ITGA5|NOCT
GSE32034_UNTREATED_VS_ROSIGLIZATONE_TREATED_LY6C_HIGH_MONOCYTE_DN	0.947368421052632	1	-0.227649632159208	-0.803488600572765	6317	177	AMH|GNAS-AS1|RPL28|GTF2I|DPM3|AXL|P2RX4|APOE|GON4L|EPB41L4A-AS1|ETFB|MRPL41|CHCHD10|PPARG|AURKAIP1|UQCC5|RPL13A|PSMG4|HIGD2A|FBXL15|SMIM11|MZT2B|SEMA4F|LYL1|RPS18|RHOB|RPS23|NDUFC2|TNIP1|H2BC18|SLIRP|PCK2|RAB2A|SOCS3|CCDC186|CDV3|TAF6|P3H3|TRIM27|CLEC16A|BCAP31|TMEM179B|SEM1|SEC61A2|MAEA|MRPS12
GSE32034_UNTREATED_VS_ROSIGLIZATONE_TREATED_LY6C_LOW_MONOCYTE_DN	0.789548423743255	1	0.242732667076923	0.893129626608633	2779	148	ZNF501|ZFP69|LST1|SLC27A3|ELAPOR2|PIGZ|GOLPH3|RFFL|MBLAC2|CORO1A|CPEB2|PNPLA6|RAB22A|CAPN2|CABLES2|NUAK2|NCR3|LGALS13|ZNF649|UBQLN2|QRICH2|FAM241B|PWWP2A|DERL1|CR1L|EIF1P3|USP12|JAGN1
GSE32128_INOS_DEPENDENT_VS_INOS_INDEPENDENT_ACTIVATED_TCELL_DN	0.797535211267606	1	0.239814136544596	0.896180557057144	2717	168	CATSPER2|RGS2|ANKRD13C|SUMF1|DOK2|CCNG1|NCOA2|XRCC4|PPP6C|PEAK1|TMEM123|ATL3|STYX|KPNA2|MSANTD2|RBL2|IFIT3|MRPS6|DDHD1|TMEM140|LIPC|EML6|FRZB|POPDC2|MYL12B|SLC20A1|TDRD3|CTNND1|CMPK1|RRM2|TAF1A|TRAPPC2
GSE32164_RESTING_DIFFERENTIATED_VS_ALTERNATIVELY_ACT_M2_MACROPHAGE_UP	0.665912518853695	1	-0.262168739962778	-0.922996995037546	4414	175	LAG3|ACKR1|CCR7|SLC30A4|SLC46A1|LAMA4|PRKCZ|DEGS2|MYL11|SH3PXD2A|TULP3|IGFBP2|SRCIN1|NSG2|LAMB3|AURKB|NPAS1|ACTN2|EMP3|DMPK|ID3|LSM7|SGK1|NOS3|NTHL1|ATP5IF1|SNHG6|CDCA3|G0S2|NUDT1|NFE2|COL1A2|TK1|RPS26|SOCS3|POLA2|ITGAE|CCDC28B|LTBP1|P3H3|F12
GSE32255_UNSTIM_VS_4H_LPS_STIM_DC_DN	0.950684505289359	1	-0.231709025491215	-0.794221485216294	6110	139	PBX3|IFI30|B4GALNT4|RPL28|TMEM134|ACADS|AMDHD2|JAZF1|DKKL1|IRF3|SPINT2|ACP3|TNFAIP8L2|NDUFAF3|COBLL1|TACO1|ORAI1|BRD9|STXBP2|MALT1|RPS27|MTCH1|METTL17|ECH1|CKB|PIGS|S100A6|SCPEP1|SMARCE1|NUDC|ARMC7|PTPN7|PTTG1IP|UCK1|PLCD1
GSE32255_WT_UNSTIM_VS_JMJD2D_KNOCKDOWN_4H_LPS_STIM_DC_UP	0.822205323193916	1	-0.246799255516762	-0.862767042333001	5405	164	SLC26A11|IGF1R|MGAT4A|NUP210|EXT1|TSPAN5|ARID5A|ITGA7|MRPL41|IFIT2|NSG2|HSD17B10|RPS9|PLEKHA1|TNFRSF1A|RBM38|VPS18|BCL9L|MIB2|ICAM2|NDUFA6|IL17RA|GPSM3|NOP10|REXO1|SZT2|SFSWAP|MLH3|RNF145|PDCD7|SH3KBP1|TMC6|ST8SIA1|ABHD8|FHIP2A|DTX2|TTC13|RPL8|RBCK1|TRAF5|ASTE1|RNF19A|EIF2B4|LRRC8A|RALGPS1
GSE32423_IL7_VS_IL4_MEMORY_CD8_TCELL_UP	0.990866896241952	1	-0.214274571299682	-0.759307160888606	6617	184	RINL|SPMIP8|PCBP4|PURG|ITPKC|DPM3|TRPV2|ACAP1|SNX30|KLF7|S100A5|NUDT16|LRRC75B|TPCN1|COMT|B3GNT9|BCL9L|ITGB5|ACSBG1|TRMT1|BRD9|XPC|SPN|CRYZL1|ANKRD13D|RAB11FIP4|SLC35D2|SIDT2|GNS|ERAL1|FGF2|HIRIP3|C12orf75|MEF2D|RNF24|TMEM65|SRGAP2|TIMELESS|PITPNM1|ADD1|DDX51|UBE2O|VAMP2|GALNT2|PPARGC1B|TXNRD3|ATOSB|PRKACB|CASP9
GSE32423_IL7_VS_IL7_IL4_MEMORY_CD8_TCELL_UP	0.897768395657419	1	0.229418258516953	0.869450107857747	2976	187	SETD7|TTYH3|RUNX2|SWT1|JKAMP|VSIR|OTUD1|PTBP3|FASTKD1|UAP1|GLE1|CRYBG3|RNF103|STAG3|RTN4|UTRN|SORBS1|CBX7|NAE1|RAB6A|PXYLP1|RECK|CDKL2|RNF144A|ATP6V1D|CDC14B|PCMTD1|MICALL1|YWHAZ|PANK1|PSMG2|SNX13|TAF1A|CAPN7|PTPN12|COQ3|RPRD1A|KLHL6|BIVM|KMT2E|METAP1D|CEP78|SDAD1|UBQLN1|GART|ARL4A|HMGB1|LRRC40|SMC4|ECHDC1|RB1CC1|ADH5|CDC42SE2|ANKMY2|ZNF318|SPOP|DSN1
GSE32423_MEMORY_VS_NAIVE_CD8_TCELL_IL7_DN	0.985307346326837	1	0.213650203399742	0.811785300996077	3285	189	SEMA3A|SH2D6|PAOX|BNIPL|DET1|RHBDL1|NABP1|BATF3|RARS1|HEMGN|PEX3|KLF10|KDSR|PPP1R3B|FASTKD1|TSACC|CYP27B1|UNK|SHQ1|SLC44A1|LRPPRC|COP1|TCP1|LFNG|DMKN|ALDH9A1|EBAG9|RIOX2|HEATR1|BAG2|NEK1|TRIT1|CFAP20DC|APEX1|PAPOLA|API5|QDPR|RABGAP1|MRS2|KLHL11|PSMD14
GSE32533_MIR17_KO_VS_MIR17_OVEREXPRESS_ACT_CD4_TCELL_DN	0.949110974862048	1	-0.230067272128453	-0.800403781130071	6191	158	FOXD2|MXD3|SEMA4D|TASP1|LPCAT4|SYNGR1|TLR6|NAT9|ROGDI|MRPS18C|TNFRSF8|CXCL16|DENND1C|SLC39A2|MFSD12|KLHL4|BATF2|CCL24|ANKS3|GMFG|ATPAF2|PDP1|TNFRSF1B|PACSIN1|FZR1|XYLT2|MDK|NFE2|ERP29
GSE32533_WT_VS_MIR17_OVEREXPRESS_ACT_CD4_TCELL_UP	0.988918837975442	1	0.212274902252002	0.807363179865378	3301	190	CD70|PARGP1|PIGZ|LURAP1|STRAP|BATF3|WDR75|GLUD1|B3GNT5|SUV39H2|IPO7|SACS|FBXO30|METAP2|PRKRA|METTL21A|SRGAP2C|EPB41L4A|RHOJ|ELL2|NOP58|CNBP|RRP15|IFT57|RPE|DDX18|CRY1|CD24|TMEM70|CCT4|PRR3|ACAT1|EIF3J|ZBTB21|DTD2|UTP15|VDR|CLNS1A|MIX23|PTEN|OPN3|MRPL3|ETF1|NCS1|CUL5|NIPA2|TIMM17A|BZW2|EXTL2|STAU1|POLR1B|FABP5|GLRX3|HSPA9|LMTK3
GSE32901_NAIVE_VS_TH1_CD4_TCELL_DN	0.805978729519977	1	0.241532542587582	0.889881527922161	2803	151	CD83|PTPN6|BCAR3|FCGR2B|AGA|CCL4|KIF18A|RASGRP4|PAQR3|KIF20B|CD80|GEN1|MEF2C|SYPL1|SH3BGRL|PROS1|RPF2|ZCWPW2|SLAMF7|PAX5|SERPINE2|EGR2|GPLD1|EXOSC9|SAMSN1|C1orf54|EIF5B|SMC3|KLRG1|RFC1|CYBB|HMGN3|MYC|SEMA7A|CHD1|NEK2|ABRAXAS1|CEP170|IPO11|ESCO2|IQGAP3|ATL2|FCHSD2|PHKA2|KPNA1
GSE32901_NAIVE_VS_TH17_ENRICHED_CD4_TCELL_UP	0.856071261134552	1	-0.24688707010184	-0.840174094332753	5477	130	AMH|RAB27B|TSC22D3|PDE2A|FGD3|ADGRE5|CCS|C2orf42|MYH8|NSG2|AQP11|AXIN2|TMEM18|SLC25A45|MMP15|SPOPL|IL17RA|CDIPT|DEAF1|PPP1R3F
GSE32901_NAIVE_VS_TH17_NEG_CD4_TCELL_UP	0.747113163972286	1	0.244560742654522	0.908124023684397	2587	159	VAV2|CD83|PPP2R3A|CRYL1|DET1|HAT1|DTL|TEX15|ANLN|CPD|KIF11|KIF20B|CCNA2|KNL1|MEF2C|HYCC1|SYPL1|FCRLA|ECT2|PROS1|LAT2|CR2|TMEM176B|EGR2|CKAP2L|NUP205|B4GALT5|MED7|CD24|KIF15|MIS18BP1|CYBB|HMGN3|MYC|SEMA7A|CENPI
GSE32901_TH1_VS_TH17_ENRICHED_CD4_TCELL_DN	0.710253998118532	1	-0.264503435516613	-0.900499407851056	4529	132	AOC2|LRRC56|BSCL2|PHYHD1|PHPT1|DOHH|CIAO2B|LRRC63|TMEM107|NDUFS8|PSMG4|SLC25A45|TRADD|CRLS1|HSD17B7|WDR24|RHOB|SFMBT1|GNB5|PCYT2|SIVA1|GSTP1|SIRT4|ENTR1|PEF1|PRMT1|RILP|PINK1|PSMD9|CNPY2|PES1|PANK4|EIF2B4|PFDN6|PACSIN2|TOMM5|DNAJA3|SLC39A7|YARS1|RFXAP|EML3|EXOSC2|AHSA1|ANXA4|TRAF7|PFKL|RPL13|GRB2|VPS16|CRADD
GSE32901_TH17_EMRICHED_VS_TH17_NEG_CD4_TCELL_DN	0.882040382571732	1	-0.239432890816286	-0.836480762135389	5809	162	NFKBIZ|SLC26A11|AMH|SMAD7|NEIL1|PDE2A|CCPG1|GTF2I|OTUB1|JOSD2|SLC12A4|HPS1|TCP11L2|TOM1|IP6K2|BCL6|CTSA|SLC12A7|TRABD|DGAT1|IL17RA|FBXL20|RASSF7|UNKL
GSE32986_CURDLAN_HIGHDOSE_VS_GMCSF_AND_CURDLAN_HIGHDOSE_STIM_DC_DN	0.915632011967091	1	-0.233927941992328	-0.828078475650291	6120	181	NFKBIZ|CCR7|SLC30A4|STX11|CIITA|SNN|PPFIBP2|CXCL1|IL4I1|DYRK2|ZC3H12C|ZNF516|RASGEF1B|RARRES2|PTGIR|ICAM1|BCL3|IL1B|FAS|SNHG17|TBC1D8|ISG15|ZC3H12A|FILIP1L|RPS18|NFKBID|BRPF1|JUNB|SDC4|NR4A1|TNFRSF1B|MAPKAPK2
GSE32986_CURDLAN_HIGHDOSE_VS_GMCSF_AND_CURDLAN_HIGHDOSE_STIM_DC_UP	0.744547355841052	1	0.240958849449158	0.917202817232371	2491	191	SENP8|LPXN|PLEKHM3|CCNG2|CRYL1|ABTB1|MAP3K9|NCOA2|RASSF3|ABCC4|TRIM6|DHX40|FBXL8|CGGBP1|RCHY1|PARP11|AKAP11|ABCD3|SPRY2|CHPT1|SMC2|ZRANB3|ZFYVE26|PRIMPOL|INTS6L|DCAF6|IFIT3|ARMC2|RCBTB2|SERPINE2|RIT1|RBL1|MED23|SQOR|TMEM38B|CERT1|C1orf54|RAPH1|BUB1|FTO|CDKN1B|HMG20A|SMPDL3A|TMEM126B|MFAP3L|TNKS|NMRK1|PTPRA|ZFYVE1|GLT8D1|TMT1A|LIX1L|TAX1BP1|GABARAPL1|PHF21A|SYNJ1|PHKA2|RFWD3|ATP6V1C1|INPP1|TSPAN3|NPRL2|OMA1|RMND1|SLC35F5|NT5M|OGA|HEXB|TANC2|MINDY2|POLD3|OARD1
GSE32986_CURDLAN_LOWDOSE_VS_CURDLAN_HIGHDOSE_STIM_DC_DN	0.973913043478261	1	-0.222147166962978	-0.784834043718548	6495	179	C3|VASN|EXOC3L4|CIITA|EXT1|LYST|THEM6|CXCL16|IFIT2|PLXNA2|ZNF516|GCA|CSF2|NAPSA|NOP2|RHOF|MET|ADAP1|FAS|SLC7A11|PLK3|AGRN|SDC4|PDGFA|HIVEP1|DOT1L|TNFRSF1B|FZR1|ID2|MREG|HSPA1A|IL6ST|ZMIZ2|WDR74|NINJ1|TRAF3|NECTIN2|TNFAIP2|IRF1|TOR3A|CRTC2
GSE32986_CURDLAN_LOWDOSE_VS_CURDLAN_HIGHDOSE_STIM_DC_UP	0.731401254855094	1	0.241977051233641	0.921078572563103	2447	191	LPXN|TM6SF1|ZNF708|RGS2|PAOX|WDSUB1|CAMSAP2|ACOX3|RASSF3|MDP1|BTBD1|TMEM106B|STARD9|ANGPTL4|ATG4C|VSIR|OTUD1|BNIP3L|LGALS8|MACIR|ITSN1|TFAP4|MEF2C|PIKFYVE|ZRANB3|TCF12|INTS6L
GSE32986_CURDLAN_LOWDOSE_VS_GMCSF_AND_CURDLAN_LOWDOSE_STIM_DC_DN	0.978293638830268	1	0.216566393854182	0.821611942953706	3244	188	CD40|GPR85|UBE4A|GNB4|BATF3|PHLDA1|RBMXL1|EGR1|CCT8|SEH1L|NUP153|MAPK1IP1L|HSPH1|NAA15|EMILIN2|ERCC8|PSMG1|UFM1|JAK2|PPA1|REL|PRMT3|PRDX6|VRK1|ATP2A2|MEG3|OSTC|UTP15|MON1B|CA2|RBBP8|INPP5B|KCTD11|ETF1|GNL2|CYB5B|NEPRO|ACACA|MYCBP2|POLR1B|BTG1|HSPA9|PTPN9|DIMT1|DDX27|LTA4H|BTG3|RBM12|NUP58|POLR1F|RRN3|ASAP1|WDR43|MRPS2|FOSL2|NFX1|SRFBP1|FKBP4|HSPA8|INTS2|SLC7A6|CHST7|MARCHF3
GSE32986_GMCSF_AND_CURDLAN_LOWDOSE_VS_GMCSF_AND_CURDLAN_HIGHDOSE_STIM_DC_UP	0.952395299789093	1	-0.227933230040117	-0.810748371596576	6321	194	UBL3|PAK1|NDST2|PURG|CEP83-DT|TBC1D2|NAGK|ZNF467|IGIP|AMDHD2|SLC38A10|NAT9|TCIRG1|ABHD17A|TMCC3|HFE|NDUFS7|TTYH2|IER5L|MFSD12|CAMK1|SDHAF4|HPCAL1|RAB11FIP5|NACC2|WDR13|TSC22D4|RETREG2|FERMT3|DEAF1|SIDT2|TSC22D1|INPP5D|MCRIP2|GSK3B|ENTPD4|GPR180|DTNBP1|NCBP2AS2|ZBTB11-AS1|EDEM3|DOLK|SPTBN1|LANCL2|OPHN1|ZNF600|DHX34|AP4M1|MAVS|MROH1|DYNLT1|TTF2|MGAT5|ZBTB45|MBTPS1|PRC1|MCM6
GSE32986_GMCSF_VS_GMCSF_AND_CURDLAN_HIGHDOSE_STIM_DC_DN	0.74246414983904	1	0.244577338382626	0.913480114122417	2536	167	MORF4|GPR137B|DNAH1|STEAP1|MYOM1|BMPR2|NCOA3|C1orf162|NUDT13|IMPACT|NAP1L5|GEN1|ITSN1|MRTFB|ARMCX6|ZFYVE26|MPHOSPH9|PER2|SNRPN|MAPK1|TRIM2|SYNE2|DOCK10|SLC30A1|UGP2|MBOAT2|ZNF799|INPP5F|TLR5|THOC1|B3GNT2|CLGN|ZSCAN9|PIK3CG|RBBP4
GSE32986_GMCSF_VS_GMCSF_AND_CURDLAN_HIGHDOSE_STIM_DC_UP	0.788660566971652	1	-0.248796106975536	-0.883253092974232	5257	189	SLC26A11|TSC22D3|RCAN3|IL11RA|TBC1D2|CDPF1|ENC1|MRM2|CPEB3|SYNGR1|SLC3A2|PLA2G15|DBP|CD48|TMEM86A|APH1B|LTB4R2|COMT|MFSD12|ZNF839|MTLN|C19orf38|MDFIC|MEAK7|CTSA|CTC1|MXD4|MERTK|TMEM87B|THBD|GAK|ABHD12|RAB11FIP5|RHOB|PPP1R12C|OSBPL11|SLC35F6|UGDH
GSE32986_GMCSF_VS_GMCSF_AND_CURDLAN_LOWDOSE_STIM_DC_DN	0.839491398653702	1	-0.24373390834734	-0.862790488257161	5611	181	NFKBIZ|TPM2|ZNF331|BEX5|TSC22D3|CUBN|PPFIBP2|ZCWPW1|RPS20|REX1BD|EPB41L4A-AS1|DGKD|GPRASP1|KLF12|TPH1|TPCN1|PSMG4|CYB5D1|GAL3ST4|WDR27|FAM86DP|DHRS3|SULT1A1|ZBTB20|NOL4L|DDX31|CENPV|ENGASE|ARHGEF1|RPL37A|SLC38A6|NOSIP|ITGA5|APBA2|TNFRSF10A|STN1|RHBDD1|CHMP7|SPTBN1|DNMT3A|MYLIP|SYDE2|PILRB
GSE32986_UNSTIM_VS_GMCSF_AND_CURDLAN_HIGHDOSE_STIM_DC_UP	0.751309292234027	1	-0.251338169767983	-0.895946359554537	5020	196	RNASEK|KIF24|COX8A|RTKN|LPCAT3|RTTN|TRAIP|UBE2MP1|STK39|H3C12|ICAM1|HUS1B|IFI27L2|PCGF1|RECQL4|PKMYT1|KCNAB2|SLFN11|MYO1G|CNTROB|DPP3|TRIB3|POLD1|RNF181|STXBP2|TRAPPC1|F2R|SDC4|GALE|SMCO4|CDCA3|ERAL1|NDUFC2|FASN|MVD|NFKBIB|DCTPP1|CLTA|PRICKLE3|HAUS4|POMP|H1-5|AP1M1|BCL2L1|SREBF2|EAF2|HIP1|RELB|PSMC3|PCBD1|AK4|NARF|EBP|LACTB|SEC61A2|TBC1D10B|PIH1D1|CYB5R3|CDK5RAP2|SLC15A4|TACC1|BOLA3|NDUFB4|EZR|HNRNPUL2|RNF19B|YIF1B|PXMP2|CENPM|IFI27L1
GSE32986_UNSTIM_VS_GMCSF_STIM_DC_DN	0.990869630294866	1	-0.213335980426819	-0.75586655782971	6619	183	ABRACL|IRF7|AXL|SLC12A4|PRPF31|COX17|CSF2|ZNF598|TJAP1|LSS|GAL3ST1|YIF1A|TRAF2|FILIP1L|SRM|QTRT1|DIAPH1|AGRN|RHOB|HEMK1|DOT1L|ZNF81|IPPK|ARMC6|TENT4A|CDC34|ZMIZ2|ATP5MG|AARS1|KDELR3|S100A6|UPP1|DUSP14|TNFAIP2|SLC22A5|GRAMD1A|AK4|TRAF5|URB2|PILRB|ZCCHC2|RCC1L|ACBD3|B3GALT6|NOP56|UBL4A|CCT3|CRELD2|DDX24|RELA|PPAN|URB1|CISD3|YIF1B|GMPPB|SPRYD7|RXYLT1
GSE32986_UNSTIM_VS_GMCSF_STIM_DC_UP	0.892445774121167	1	-0.23707045364257	-0.841597725156961	5965	188	NFKBIZ|TPM2|ZNF331|BEX5|IFT122|SPPL2B|ZCWPW1|CFAP70|MINDY1|RPS20|RPGR|LINC01089|DGKD|GPRASP1|TPH1|ZNF229|TPCN1|TMCO6|LTBP3|CCDC57|YJU2B|GAL3ST4|WDR27|FAM86DP|DHRS3|ACACB|ING5|GGT7|NOL4L|DDX31|CENPV|ENGASE
GSE33162_UNTREATED_VS_4H_LPS_STIM_HDAC3_HET_MACROPHAGE_UP	0.643636907432331	1	-0.263443725934537	-0.930840808905652	4303	178	IL21R|SHF|SMAD7|CCR7|DGAT2|RHOBTB2|STX1A|ENC1|FZD7|PLOD1|NSG2|SPATA6|CACNA2D2|PLEKHA1|HS6ST1|IER5L|KDF1|PHLDB1|ZNF593|USP36|TRMT1|RAI1|RPS16|ZBTB20|ABL1|PPP1R3F|SFSWAP|ZMYND11|TTC28|HCN3|CBX2|RPL3|NOP53|DNAJC27|WDR74|ULK1|ITGAE|NOC4L|FAM8A1|GSTK1|CD320|IGHMBP2|RBM5|CHRNB1
GSE33162_UNTREATED_VS_4H_LPS_STIM_HDAC3_KO_MACROPHAGE_DN	0.64748309541698	1	-0.261533411617878	-0.929244462162749	4308	191	LAG3|ABRACL|AQP1|CRIP2|BSCL2|SYCE2|PYCARD|SLC38A10|INCENP|ETFB|COX17|DTYMK|ITGAX|CYBA|STK39|AURKB|SDF2L1|TBCB|TPPP3|DPP3|LIG1|SELENOH|COMMD1|MYDGF|ACSBG1|CTSD|PRF1|NDUFB7|TRAPPC1|PGP|PRTN3|ELOVL1|ITGB1|IL18RAP|CENPV|TUBGCP2
GSE33292_DN3_THYMOCYTE_VS_TCELL_LYMPHOMA_FROM_TCF1_KO_DN	0.925639860669393	1	-0.23308006715252	-0.81622871365682	6111	166	SLC30A3|PLXNB1|APBB2|SVEP1|ENC1|RAPGEF5|RDH16|CELSR3|MYO16|MAPK11|EPS8|LAMA5|SGSH|SUN2|PDLIM7|HFE|STC2|CDKN2D|TNK1|H4C2|MRPS14|BRD1|IL16|DCTN3|PRTN3|PPP1R26|DDAH2|STAG1|P4HA2|REXO5|NCAPD3|MFGE8
GSE33292_DN3_THYMOCYTE_VS_TCF1_KO_TCELL_LYMPHOMA_DN	0.789779874213837	1	-0.256878500898846	-0.860800522075363	5022	114	STX11|TENT5B|PHYHD1|TSHZ3|PTK2B|ST8SIA5|EGFL6|TMCC2|TNKS1BP1|RPUSD1|KCNN4|ACACB|HDAC7|PLEC|PLEKHF1|ANKRD9|RNF220|HDAC5|MRPS11|RCN1|DCTPP1|NRIP3|CLK3|PINK1|VEGFA|TMEM158|EIF4EBP1|PHF19|AAAS|ZFYVE28|TTC7A|EVA1B|GAB2|TWF2|ADA|AGFG2
GSE33292_DN3_THYMOCYTE_VS_TCF1_KO_TCELL_LYMPHOMA_UP	0.99666818112979	1	-0.208212859750533	-0.731426622222149	6580	172	TRAPPC6A|IFI30|ACE|MT2A|HLA-DOB|CD48|SLC7A7|CLCN7|FLAD1|HSPB1|TIMM44|RNH1|H2BC5|ICAM2|SRM|TSFM|LSM7|WDR18|TRAP1|TELO2|NTHL1|IQSEC2|GALE|JRK|HSPBP1|TMEM147|TMC6|SPINT1|TRAF3IP2|PRMT1|CDC34|ABCD4|EXOSC7|NCLN|DNPEP|ADAM8|TRAF5|MRPS12|CD52|RMND5B|TBL1X|SMAGP|PKIG|FURIN|RABEPK|MATK|ANXA4|SH3BP5|SRRD|GALC|SWAP70|GGA2
GSE33424_CD161_INT_VS_NEG_CD8_TCELL_DN	0.885240963855422	1	0.230579407152598	0.873587997232852	2938	186	PITPNC1|ITGB7|SLC49A4|TTYH3|RUNX2|NEDD4|ERI2|DDX19B|DUSP22|KCNJ6|CRYBG3|C17orf58|ZNF274|SLC44A1|RHOBTB1|MKRN1|ADD3|GRK4|RAP2A|MMP11|UBE2E3|LRRC8C|RHOA|AGL|NATD1|STAU2|DONSON|ZW10|FRG1|STK24|CNKSR3|ZMAT3|CRIPT|COX7A2L|RFC1|ANXA5|CMAS|WDR81|CUL3|ANXA1
GSE33425_CD161_HIGH_VS_INT_CD8_TCELL_UP	0.916242895602752	1	-0.233405699219811	-0.827921105336927	6125	187	UBL3|SPIB|TEP1|PBX3|IFI30|FICD|RPGR|HLA-DOB|MAPK12|RUFY1|D2HGDH|ZC3H12C|CD19|SLC7A7|TPD52|NAPSA|ERO1B|IRF3|TXNDC16|ENTPD1|INPPL1|PSAP|LYL1|TRMT1|RNF181|NDEL1|VKORC1|GNS|NHSL3|SMIM14|POLR2A|ERP29|C9orf85|CTSZ|CCDC28B|CTSH|SAFB|ABCF3|STK25|MGAT1|CEP89|SERINC3|MFHAS1|EIF2AK4|PKIG|DAG1|ILF3|MYADM|SPI1|KIF9|BCL7B|LIMD1|GGA2|SLC25A15|RHOQ|ZSCAN26|AOPEP|NUDT19
GSE33425_CD161_HIGH_VS_NEG_CD8_TCELL_UP	0.866968325791855	1	-0.241362139738296	-0.849744823604479	5747	175	TBC1D1|FZD9|SMAD7|NDST2|SLC30A4|STX1A|SMPD1|CIITA|OTUB1|TNFRSF21|RTTN|STK11IP|ARHGAP45|CXXC1|FYN|C8G|TMEM109|DPP3|SELENOH|BCL6|ADPRM|CTSA|ID3|POLD1|SUPT5H|IL16|FOXRED1|ARHGAP39|TRAPPC5|STRADA|REXO1
GSE33425_CD8_ALPHAALPHA_VS_ALPHABETA_CD161_HIGH_TCELL_DN	0.99550830962719	1	-0.210554239470851	-0.746123727215728	6648	184	LAG3|GTF2I|PSMB9|NBEAL2|MRPL41|DYNLRB1|NAA38|DTYMK|CHCHD10|NSG2|STK39|CYTH3|ACTN2|MX1|DHRS4|STK19|ACP6|ID3|ROM1|SLC12A7|PSMB6|IGF2R|CTSD|HPCAL1|SGK1|RANBP3|ATP5IF1|SNHG6|KLHDC4|TSC22D1|EVL|ID2|RNF149|NUDT1|YJU2|CD3D|NOCT|POMP|ADGRL1|EIPR1|NRGN|MCM2|DNMT1|BAIAP2|MCM7|GALNT2|EBP|SEPTIN9|MRPS28|PFKP|PRKACB|PSMB3|RPS14|ACIN1|H2AX|PRC1|YARS1|BIRC5
GSE339_CD4POS_VS_CD4CD8DN_DC_DN	0.947494749474948	1	0.223559539537578	0.840848937989776	3157	177	FOSB|ITGB7|ST8SIA4|PIGA|KCTD12|LGALS3|C5orf15|PSMC6|HMGN5|LAMP2|TBCA|BNIP3L|HIC1|NR4A2|CIP2A|PSMA4|RPL39|MRPL39|IFRD1|COIL|GJC1|B3GALT1|ALDH9A1|TMED7|SOCS2|TSN|CRY1|VIPAS39|SEMA4A|C1D|DHX15|ATAD1|ANXA1|TRNT1|PMPCB|CLPX|C6orf62|MRPL3|ABCB7|FAM111A|MRTFA|ZNF638|IQGAP3|GRSF1|IDI1|PEPD|MDM1|KPNA1|TNFSF9|MTMR9|TSPAN3|MSMO1|POLR2K|ACTR6|ZFHX4|USP15|FKBP1A|PPP1R15B|NUDT4|ATP7A
GSE339_CD4POS_VS_CD8POS_DC_DN	0.899005125113054	1	0.22939480076389	0.865042551499314	2981	181	AKTIP|TSPAN32|FCGR2B|ARID2|SUMF1|SLC33A1|MFSD14A|CLDND1|CNIH1|PLEKHA5|SMAD2|MXI1|SLK|NLK|ATP1B3|ERP44|RTRAF|QNG1|GJC1|VWF|B3GALT1|DKK3|CMTM7|LITAF|RPS27L|SNX3|PPA1|HERPUD1|CREG1|SEMA4A|MYB|HSPD1|NIP7|NET1|PMPCB|PDIA3|ETF1|PTPRA|USO1|PSMD14|TBC1D23|SEC63|TRAM1|VTA1|CAT|KIF2A|HSPA5|CUL4A|KCMF1|NUDT9|SLC25A17|WDR43|FKBP1A
GSE339_CD8POS_VS_CD4CD8DN_DC_DN	0.777677767776778	1	0.240557209764349	0.904780331783324	2591	177	MYO1F|ZBTB12|PRNP|ZNF362|CFL2|TCF7|CD164|ANKRD49|FAM107B|CCRL2|USP2|HIC1|GLUD1|RFC4|NR4A2|CRLF3|POLA1|CRNKL1|FAM13B|PLXND1|SLC38A2|DDHD1|FCER1G|IL6R|GJC1|B3GALT1|HOXA5|REL|UBQLN2|TSN|ABCB1|NNT|DDX3X|FH|DECR1|S100A10|CDK2|GABPA|TMEM68|UBQLN1|NCK1|MAPK14|API5|GGH|S100PBP|KLHL7|AEBP2|BHLHE40|IL1R1|MDM1|KPNA1|FIP1L1|LYSMD2|MTMR9|ZFHX4|B4GALT3
GSE339_EX_VIVO_VS_IN_CULTURE_CD4CD8DN_DC_DN	0.909336130675858	1	-0.234693165631383	-0.830002036386052	6067	180	MC1R|IL15|OSMR|HOMER3|BMP8B|SFN|CLDN7|DHH|LAMA4|FYN|SERPINE1|CCNL2|FAU|FASTK|PHLDB1|TSC1|NAA80|SLC7A11|LPIN2|NDUFA1|DHRS3|KCTD10|ARID3B|NDEL1|PLEC|RBX1|TNFRSF1B|SETD1A|FBXL3|GRB7|DNAL4|CMTR1|ID2
GSE339_EX_VIVO_VS_IN_CULTURE_CD4CD8DN_DC_UP	0.923305588585018	1	0.225130971640192	0.86011998223767	3105	194	VAV2|FGF5|KCTD12|PDK1|KAT2B|YIPF1|MDP1|NEDD4|CNOT8|CNIH1|ANLN|BNIP3L|NIPSNAP2|TMEM59|SMC2|NLK|CBFB|DDHD1|NUSAP1|SCP2|MAD2L1|TGFBI|PLA2G4A|CDKL2|HOXA5|EGR2|SOS2|TYMS|UBA2|RFC5|MTA2|VRK1|TRDMT1|SPTSSA|TIA1|STX7|WAS|UBQLN1|TMX1|PMPCB|CETN2|METTL5|YIPF4|SLC35A1|PEX2|CHCHD3|TRAM1|PCLAF|SUCLG2|KNOP1|INTS7|CAT|CCNB2|IMPA1|RMND1|NSMCE4A
GSE339_EX_VIVO_VS_IN_CULTURE_CD4POS_DC_UP	0.997324613555291	1	0.203262434068536	0.77657054427869	3354	194	PTPN6|FGF5|ZNF362|ARID2|ITFG1|MDP1|CD164|MNS1|RNF138|IPO7|DNA2|DDHD2|SLC44A1|C18orf32|INPP5K|PLXND1|HK2|DDHD1|CPSF3|MAD2L1|JAK3|GNG10|ATP5F1C|TSNAX|PCYOX1|RAB28|ABCB1|RRM1|ADAM10|RFC1|SPTSSA|CHUK|CD47|GLTP|ITM2B|PTPRC|IPO11|CNDP2|MTIF2|SLC35A1|ASCC1|CHCHD3|HLTF|STAU1|PCLAF|EXT2|DALRD3|CISD1|RFC3|SCN9A|DOCK2|KIF16B|EXOC4|TPGS2|SLC25A4|RAP1GDS1|PIP4K2A|PXK|AMPD3|SNRK|TFEB|MACROH2A1|PHTF1|TCF19
GSE339_EX_VIVO_VS_IN_CULTURE_CD8POS_DC_DN	0.985639491398654	1	-0.216520371953279	-0.766457645150342	6588	181	HOMER3|BMP8B|EXT1|LPCAT3|SLC3A2|CLCN2|IFITM2|ZC3H12C|POR|PTGIR|TNFRSF1A|ATP9A|FYN|BCL3|MAFK|SNRPB|BIN1|TSPO|ISG15|TRAF2|MERTK|DGAT1|LPIN2|KCTD10|NDEL1|PLEC|TNFRSF1B|ITGAV|NDUFC2|TSSC4|NFKBIB|CMTR1|TNIP1|LMNA|CAPG|PTPN23|ULK1|ZNFX1|BAIAP2|TRAF3|TIMM17B|CDKN1A|DPM2|ARHGEF3|ANTXR2|LARP1|PIH1D1|H2AZ1|ARIH2|CMIP|RAB12|RELA|CYTH1
GSE339_EX_VIVO_VS_IN_CULTURE_CD8POS_DC_UP	0.725679758308157	1	0.241941526483728	0.925125079936438	2401	197	FGF5|NEDD1|RGS2|SELENOT|SGPP1|ST3GAL5|DUSP19|CNIH1|B3GALT4|RNF13|HDAC2|GLUD1|XPR1|SMAD2|UBE2N|ZNF274|DDHD2|SMC2|TOB1|LRPPRC|SLK|NLK|TRIM13|COPS3|ISOC1|NUSAP1|SCP2|LAT2|ASNSD1|DCTN6|CDK1|UBA2|ITM2A|FAM91A1|TMEM230|CACYBP|ABCB1|PDE7A|FAM3C|RFC1|SPTSSA|WAS|MFSD14B|NEK2|GALNT1|PSME4|CDC5L|GARS1|AK3|ASAH1|HMBOX1|KLHL7
GSE34006_WT_VS_A2AR_KO_TREG_DN	0.846003898635478	1	-0.243403876776246	-0.859093153237151	5641	177	SLC2A4|AQP1|IRF7|ATRN|FZD7|ATXN1|PSMB9|TAP1|KCNC4|ARID5A|C1orf159|PLSCR3|IFI35|IFIT2|MMP1|DCAF11|IFI27L2|FEZ1|SHFL|CDH23|MX1|GBP2|TRIM26|ISG15|USP36|PSMB10|SLC7A1|CD151|TAPBP|GRINA|ZMYND11|OAS3|CMTR1|TMBIM6|OGFR|TNIP2|PARP12|DBN1|IRF9|TMEM184B|ZNFX1|NOC4L|IRF1|TOR3A|MGAT1|APOBEC3B|PNPLA2|IGHMBP2
GSE34156_NOD2_LIGAND_VS_NOD2_AND_TLR1_TLR2_LIGAND_24H_TREATED_MONOCYTE_DN	0.987735566856117	1	-0.216233698972014	-0.767009733105983	6603	187	LEF1-AS1|DNHD1|SEC31B|AGBL3|RPL28|MAGEH1|SEC24B-AS1|RPLP2|RBM20|RPS29|SMIM27|UBA52|LCDR|APOL6|RPL13A|SPG7|SDR39U1|CCDC136|FDX2|PIGL|TIMM10|DCTN3|NOP10|RPL27|CNPY3|RBX1|COX16|SFSWAP|VPS11|RAB30|GRTP1|RCN1|RPSA|IL6ST|RPS11|TENT4A|LMTK2|NBDY|NAXD
GSE34156_NOD2_LIGAND_VS_TLR1_TLR2_LIGAND_24H_TREATED_MONOCYTE_UP	0.667798179293319	1	-0.265413675267994	-0.920629139635169	4327	155	SSC4D|WNT11|MAPK8IP2|BTN2A3P|ZNF596|TBKBP1|LPCAT3|H4C11|N4BP3|DCAF4L1|CIAO2B|ZNF462|CYBA|PRKCSH|LINC02481|WWC2-AS2|CNGB1|MXD4|UNC13D|PIN1|KLC2|SLC7A1|PLEC|SFMBT1|PSMG3|CACNB3|TMEM184B|ELL|SENP3|ATP6V0A2|ITPR3|JUN|BRD2|EIF4G1
GSE34156_TLR1_TLR2_LIGAND_VS_NOD2_AND_TLR1_TLR2_LIGAND_6H_TREATED_MONOCYTE_UP	0.852401345977363	1	-0.244441229871143	-0.851617620423328	5572	159	BHLHA15|COL18A1|BCO2|KLC3|MADCAM1|RENBP|IL4I1|DGKD|ING4|TRIM46|SH2D3C|CDH23|SLC6A13|HSPB9|MZF1|IL18BP|SLC7A11|STXBP2|FBXL20|BRPF1|TRPC4AP|PALM|NPDC1|TSEN34|ITGB1|ZBTB43|PLEKHH3|ENTPD4|KDM8|RPL3|TRIM56|DACT3|PPP1R37|SNRNP70|CCDC186|BCORL1|FAM8A1|GRAMD1A|NBEAL1|P4HB|CPNE2|LINGO1
GSE34156_UNTREATED_VS_24H_NOD2_LIGAND_TREATED_MONOCYTE_UP	0.948611111111111	1	-0.230049554385241	-0.792541343321568	6146	144	ENSG00000291179|MAPK8IP2|BTN2A3P|FAAP20|FGF14-AS2|LPCAT3|H4C11|N4BP3|SRRM2|FGF17|LINC02481|LCTL|MXD4|SLC7A1|SMG6|DHCR7|RDH13|MED19|ENGASE
GSE34156_UNTREATED_VS_24H_TLR1_TLR2_LIGAND_TREATED_MONOCYTE_DN	0.979811574697174	1	-0.219619160689505	-0.775992961920824	6551	178	LEF1-AS1|LRRC56|SEC31B|AGBL3|RPL28|SEC24B-AS1|LCAT|HLA-DOB|RBM20|SMIM27|GCA|LCDR|NFYC-AS1|MATCAP1|RPL13A|SDR39U1|FDX2|RPL38|PIGL|RPS18|TIMM10|NOP10|RPL27|CNPY3|VPS52|RPS23|SFSWAP|VPS11|RAB30|HMG20B|NCAPD3|RPSA|IL6ST|IFT46
GSE34156_UNTREATED_VS_6H_NOD2_AND_TLR1_TLR2_LIGAND_TREATED_MONOCYTE_DN	0.842703009653606	1	0.239589291172085	0.87793394049645	2967	144	STAP1|SLC9B2|IFIH1|MX2|SGPP1|NABP1|RASGRP4|ITSN1|PARP11|PPIP5K2|ETNK1|MFAP3|CWC22|INTS8|IFIT3|RSAD2|IFIT1|NXPE1|DAZAP2|LRRC8C|KDM4C|SAMSN1|IREB2|DEPDC5|MOB1A|ABI1|SEPTIN2|PAPOLA|BIRC2
GSE34179_THPOK_KO_VS_WT_VA14I_NKTCELL_UP	0.705285476298652	1	-0.258962529615104	-0.909704081416581	4656	172	TGFB1I1|TCN2|BRME1|ADGRE5|EREG|PBLD|CCDC167|TFPT|TMEM116|GORAB|NAT9|ADAMTS4|ARHGAP45|CLDN12|LAMB3|NLRX1|CAMTA1|TKTL1|IRS2|IL18BP|CAMK1|SCAP|ACSBG1|ARID3B|HYAL3|ANKRD13D|ITGB1|ZNF579|RGL2|TP53I13|GRINA|ZMYND11|HSD17B1|WNT5B|OGFOD3
GSE34217_MIR17_92_OVEREXPRESS_VS_WT_ACT_CD8_TCELL_DN	0.942161820480404	1	-0.234036933233735	-0.785625142934145	5961	117	IL21R|COL25A1|FCSK|ZFPL1|WNT3|DTYMK|BCAM|TADA2A|PPM1F|PLOD3|MX1|WDR4|TRIP6|SEMA4C|HMGXB3|TRMT1|CPQ|TMEM42|P4HA2|RNF220|HDAC5|CTTN|XYLT2|TLCD1|CKLF|LMNB2|CCDC112|GOLGA2|PDXK|NECTIN2
GSE34515_CD16_POS_MONOCYTE_VS_DC_DN	0.773186682520809	1	0.238719732765261	0.912036272974449	2600	194	DOP1B|ARRDC3|GPR137B|PLEKHM3|PELI2|AGO4|TGFBR2|MS4A6A|FGD4|ABCC3|PPT1|DTX3L|FAM107B|CCRL2|CPEB2|FAM76B|BNIP3L|FER|C5orf34|AP1S2|TMEM35B|FNIP2|CEP295|ADIPOR1|CLK1|NFAT5|S1PR1|ATP8A1|SLC40A1|KIF3A|CAB39|FLCN|EIF5A2|FBXL4|PYGL|FAM3C|CYP4V2|PIK3CG|KLHL6|CYBB|CCNT2
GSE35435_RESTING_VS_IL4_TREATED_MACROPHAGE_DN	0.729920564872021	1	0.245449605505649	0.915442864607303	2480	166	ZC2HC1A|SLC18A2|RFX3|PTGDR2|ZNF214|GNA13|UCN|TM9SF1|TFPI2|CEP162|THG1L|TSPAN13|STAG3|ZNF16|PIAS2|ATXN10|XPO7|TRIB1|SNRPN|TRIM2|EGR2|FAM186A|ELL2|CEP97|DLAT|MTMR12|TCAF1|DDX18|ADK|LCP1|RBPJ|ABCB1|DARS2|PEX5|MTRF1|TIA1|NR5A2|PTPRC|CHMP1B|CENPJ|ZNF318|UTP25|PHKA2|PABPC1|PEPD|PPAT|PKNOX1|MAFF|DST
GSE35435_RESTING_VS_IL4_TREATED_MACROPHAGE_UP	0.9979035639413	1	-0.2063743168332	-0.730766544737286	6663	182	CYFIP2|MAPK13|AKAP13|STOML1|ABCC10|SNN|RPS28|RPLP2|RPS29|SIMC1P1|TPH1|SMPD3|NOP2|P2RX5|FHL1|MX1|MZF1|LSS|YJU2B|PRF1|RPS18|HSD17B7|KANK1|IL17RA|FBXW4|XPC|AFDN|NBL1|SLC35D2|IL18RAP|H2BC12|AP3D1|HELLS|ZNF226|AP1S1|CSTB|SENP3|DICER1|TRAF3|TMA7|CDKN1A|PGAP6|CSRNP2|MAEA|NBR2|ZNF696|HYMAI|UBAC1|MYL5
GSE35543_IN_VITRO_ITREG_VS_CONVERTED_EX_ITREG_UP	0.798055347793568	1	-0.247913876471273	-0.87758710298755	5334	181	HPX|SLC30A4|CCDC12|DBNDD2|KIF24|NUP210|ABCA7|L1CAM|DDB2|METRN|TRAIP|TCIRG1|NRM|IFT27|LGALS3BP|CHTF18|DCAF15|NDUFS8|KDF1|PKMYT1|SELENOH|TACC3|DCXR|SUGP2|POLE|PMF1|BABAM1|MFSD10|GRK6|CDCA3|CENPV|CNP|MRPS11|HIRIP3|LSM6|PCNT|FKBP2|HAUS4|PARP12|ESPL1
GSE3565_CTRL_VS_LPS_INJECTED_DUSP1_KO_SPLENOCYTES_DN	0.808199121522694	1	0.239642655201365	0.891302035460447	2759	162	BICDL1|CARMIL2|FOXO1|PDK1|STT3B|TCF7|PRPS2|ACSF2|PIK3C2A|ETV3|TSPAN13|ADD3|WDR26|NLK|RRAS2|RPF2|TANC1|MTSS1|TOX|ART4|S100Z|INPP4B|EGR2|CAPRIN1|DUSP10|KLHDC2|INPP5F|PELI1|ITM2A|RAPGEF6|MYB|FAM3C|MYC|IKBKE|TTC3|UBE4B|SMC4|EIF4B|TFRC|MARS2|ZYG11B|FCHSD2|CLASP2|USP28|SSBP2|DKC1|GGT1|SCMH1
GSE3565_DUSP1_VS_WT_SPLENOCYTES_DN	0.672550750220653	1	0.250048725833502	0.932596006405715	2285	166	BICDL1|SLAMF6|CARMIL2|CD69|FOXO1|PDK1|SESN3|MBNL2|STT3B|TCF7|ACSF2|PIK3C2A|ETV3|TSPAN13|ADD3|TCF12|RRAS2|TANC1|MTSS1|TOX|INPP4B|RNF144A|NOP58|DUSP10|KLHDC2|PELI1|RAPGEF6|MYB|MYC|IKBKE|GNL3|UBE4B|SMC4|DDX21|EIF4B|TFRC|FCHSD2|USP28|PPAT|RAB3IP|RPL22|TOP2B|MPP1|PIP4K2A|RASA2|DPH5
GSE3565_DUSP1_VS_WT_SPLENOCYTES_POST_LPS_INJECTION_UP	0.967652495378928	1	-0.225119424554496	-0.779901503943065	6281	153	ADAM19|CCR7|AKAP13|LYST|RPS20|TLR6|RCN3|NSG2|PLEKHA1|RPL18|CCNL2|PGF|BRD4|FRMD8|SRM|RPS15|RPS10|TREML2|RPS2|RPLP1|SZT2|RPL27|RPL36|ARHGEF1|CDK5RAP1|GSTP1|TAF1D|IL6ST|RPS26|SOCS3|CLEC2D|TTC13|RPL8|RPS5|ERAP1|CSNK1G3|SEC61A2|INTS1|NEFH|RPL35A|TTLL12
GSE35685_CD34POS_CD10NEG_CD62LPOS_VS_CD34POS_CD10POS_BONE_MARROW_DN	0.978459237097981	1	-0.219869630093635	-0.778313640427366	6540	181	NFKBIZ|RAB4B|ENG|PSMB9|TAP1|TLR6|IFIT2|IER3|HSD17B10|TNFRSF1A|MIF|TIMP1|BCL3|TSPAN9|FZD3|IFITM3|KRTCAP2|GBP2|IL18BP|TSPO|ISG15|SLC12A7|PSMB10|RAB11FIP5|NDEL1|OSBPL11|IL15RA|AP1B1|ATP6V0A1|RWDD4|LY6E|C9orf72|ASL|IRF1|LTB4R|JUN|MGAT1|ABHD16A|PRAF2
GSE35685_CD34POS_CD10NEG_CD62LPOS_VS_CD34POS_CD10POS_BONE_MARROW_UP	0.981517655897821	1	-0.218710494489469	-0.77709197675347	6531	191	UBL3|ADSS1|CD14|CARD19|ANKH|INCENP|TRPV2|TNFRSF21|NBEAL2|APLP2|SMAD6|PDE6D|CRYBG1|SLC6A8|FOS|HCFC1|SLC27A1|PIGQ|RGS14|RPS18|RALBP1|KCTD10|ARHGAP39|MLEC|RPL36|TSC22D1|FLNB|TNIP1|RAD50|CLN6|PCK2|MRPL17|CKB|NINJ1|PARP1|PMP22|CPT1A|DICER1|AP5S1|HSPA1B|GNA12|ADAM8|H6PD|NDUFA8|CASP9|KIF22|IDH3G|MFHAS1|ISYNA1|DAG1|IKBIP|CTPS2|USE1|NPC1|LPL|MYADM|UROD|PCYT1A|PDCL3
GSE35685_CD34POS_CD38NEG_VS_CD34POS_CD10NEG_CD62LPOS_BONE_MARROW_UP	0.980533093740641	1	0.215297198166865	0.818858134824404	3273	190	CD83|PRKCH|CUEDC1|ARL5A|DNASE1L1|ST3GAL5|VBP1|HDAC2|LRBA|GNAQ|GLUD1|PJA1|NPM1|MACIR|MRPL42|RTN4|CAPN2|OAT|DENND4C|ATP1B3|ARL1|SNX4|ALDH9A1|SRP9|ANKRD28|CAB39|FUT8|MFF|MBNL1|PELI1|TRA2B|CAPN7|FBXO45|TSG101|LSM14A|ALDH2|SPTSSA|RPL6|CMAS|CD47|ATAD1|CUL3|ANXA1|TTC3|SLU7|CTNNB1|QDPR|PTPRA|YWHAH|MYCBP2|SLMAP|STMP1|ZNF281|EIF2D|NDFIP1|DRG1|DOCK2|DEGS1
GSE35825_IFNA_VS_IFNG_STIM_MACROPHAGE_DN	0.971634398919406	1	-0.222363909370839	-0.789923668133359	6473	190	TEP1|PAK1|AHRR|N4BP2L1|PYCARD|L1CAM|EPS8|ARHGAP45|ABHD17A|CRISPLD2|NOP2|TXNDC16|TNFAIP8L2|SH2B2|GPR146|KIF5A|SCAP|SNHG3|ZNRF3|HPGD|PPP1R12C|INTS11|GRK6|MYBBP1A|CERS5|MADD|PACSIN1|GPR180|HES6|ERP29|CARS2|C9orf85|DPY19L1|EHMT2|MANBA|EDEM3|DNMT1|ITGAE|POLR3GL|ADISSP|NOC4L|ZDHHC14|SPTBN1
GSE35825_IFNA_VS_IFNG_STIM_MACROPHAGE_UP	0.718385905086672	1	0.249116271466607	0.914224328804232	2527	145	BATF|ARMCX1|CD69|CD40|FBXO2|RFFL|NT5C3A|KPNA3|HIF1A|CCRL2|KDM7A|PPP1CB|MOB3B|TMEM123|CMPK2|RSAD2|IFIT1|TTC39C|RAP1B|SERTAD1|SAMSN1|ACSL1|PELI1|PVR|CWC15|MTF2|ZFAND5|GINM1|OSBPL3|ATXN7L1|VTA1|SERTAD2|ATF3|RAB3IP|BNIP3|STAT1|ZFP36|SLC25A17|PARP14|RAB20|EIF1|KPNA4|KTN1|SRFBP1|ACOT9|TRIM5|ANP32A|NHERF1|CCNJ
GSE35825_UNTREATED_VS_IFNA_STIM_MACROPHAGE_DN	0.728177423940859	1	0.24787511966969	0.911304718212639	2560	147	AIM2|MIER3|LIPG|SETDB2|CD69|GNA13|SNX18|TRMT61B|HIF1A|NUDT13|GCNT2|PFKFB3|PARP11|LZTFL1|PROCR|NAB1|WSB2|MRPL39|CMPK2|IFIT3|CHIC1|SBDS|CXCL11|JAK2|SAMSN1|MED7|PCGF5|SNW1|HCN2|CD47|TPST1|AP3B1|P4HA1|NMI|SPRED1|ADORA2B|GGCT|ZFAND5
GSE35825_UNTREATED_VS_IFNA_STIM_MACROPHAGE_UP	0.827497347279066	1	-0.246183899395465	-0.864057424009752	5458	171	EMILIN1|DHDH|TMEM81|RASGRP3|NCEH1|B3GNT8|NBEAL2|SLC45A4|PLA2G15|HDAC8|GBA2|TMEM86A|TPCN1|RIPOR1|MED22|CNTROB|USP20|GNA11|KCNK6|USP36|RASSF7|ANKRD13D|PGP|PAQR7|DEAF1|CNPY3|ABL1|MPV17|TRMT2A|DHCR7|SUSD3|CCDC9|INPP5D|LIFR|ENGASE|MLH3|ZBTB1|ENTPD4|AGAP3|IRAG2|FBXO31|PNPO|KYAT1|TPRA1|ABCD4|MICAL1|NT5DC3|SESN2|DNMT3A|DNAJC4|PCGF2|UCK1|JOSD1|ANGEL2|MAVS|ELMO2|PSRC1|RXRA|SIPA1|SETDB1|DLG4|TRIM65|TTC7A|SPICE1|LRP5|GGA2|FNBP1|TWF2
GSE35825_UNTREATED_VS_IFNG_STIM_MACROPHAGE_UP	0.656315948145915	1	0.249432769890471	0.940605275163497	2176	181	CD83|STAP1|CCNG2|GNA13|MMP14|CD70|CLN5|HLA-B|KPNA3|KALRN|MARCHF5|PTPN2|RAB22A|KIF3C|PROCR|TJP2|IFRD1|IFIT3|ESD|HK2|PLPP3|GPR183|SLAMF7|DMKN|EHD3|UBE2E3|CDK17|MTMR12|IFT57|OSGIN2|SAMSN1|HBEGF|ITGA2B|B4GALT5|RBPJ|CLIC4|PTPN12|PRDX6|ZSWIM4|CYBB|CD47|SEMA7A
GSE360_CTRL_VS_B_MALAYI_HIGH_DOSE_DC_DN	0.659951894167168	1	-0.262351641831898	-0.924938791519908	4389	176	PLAT|PYGM|CUBN|ABCB4|MAG|TLR6|PLA2G15|CUL9|PDE6D|MICAL3|H2AC16|DAGLA|GUCY2F|APOD|PHB1|CYTH3|GPC1|AURKB|TBCB|PPP4C|FHL1|NPFF|USP20|IRS2|PHKG1|SMARCC2|SLC16A5|GNA11|AMHR2|CHD1L|XPC|NACC2|IQSEC2|GNB5|TSC22D1|SYMPK|HNRNPAB|COL1A2|HSPA1A|TAX1BP3|GUSBP11|INPP5E|PHF2|LTBP1|MPZL1|TRIM27|CLEC16A|DPM2
GSE360_CTRL_VS_B_MALAYI_HIGH_DOSE_MAC_DN	0.813379227776115	1	-0.246254368613149	-0.873102564563842	5434	186	HSPA6|PYGM|APLP1|SVEP1|MARCKS|CD37|GDF15|EEIG1|PDE6D|SREBF1|CEP250|SOX11|COMT|NRTN|BRD4|MDFIC|MX1|COLGALT2|ID3|BRD1|AMHR2|ATOX1|PSMB5|EWSR1|CPNE1|UBR4|IQSEC2|MBOAT7|UGDH|XPO6
GSE360_CTRL_VS_B_MALAYI_HIGH_DOSE_MAC_UP	0.673298429319372	1	-0.260290299472711	-0.921398241604629	4500	181	FES|TBC1D1|HLX|ATXN1|NDUFB8|BTN3A1|H4C3|TSPAN4|IFT140|CAPN11|IRS1|LGALS3BP|SPINT2|PRSS53|GAL|PELP1|SLC16A3|LTBP4|SP100|LYL1|ITGB5|TSFM|MBD3|RASSF7|SLC6A9|CLSTN1|MAPK8IP1|THAP3|ACAA1|SFMBT1|EXTL3|HDAC5|GSK3B|NUDT1|H2AZ2|THOP1|TMC6|RPL3|ATP5MG|EML2|NELFB|PITPNM1|TSPAN31|GPR3|DCUN1D4|MCM7|RNF113A|SNAPC2|PDIA4|VGLL4|SGTA|DHCR24|S100A13|SLC4A7|TBL1X
GSE360_CTRL_VS_L_DONOVANI_DC_UP	0.958875429938687	1	-0.226381882039371	-0.802748256998559	6411	185	PBX3|CD14|ENC1|LILRA2|SLC38A10|ACTA2|KRT12|UBA7|ARHGAP4|APOC1|SLC7A7|AHCYL2|COMT|FAU|FASTK|MED22|KCNAB2|NCAN|DDX39A|SNU13|DIAPH1|GRHPR|CYB561D2|PPP1R26|VPS52|MED12|INPP5D|ZBTB1|SYMPK|GCHFR|BLTP2|DNASE2|KYAT1|LMTK2|TAF6|EIF2B5|ATP5MC1|FAM8A1|VGLL4|EIF4EBP1|EIF3K|CCT3|H2AZ1|HLA-E|CDK5|SDC3|RXRA
GSE360_CTRL_VS_L_MAJOR_DC_UP	0.812630948817719	1	-0.246395146700341	-0.873601697674266	5429	186	MTCL1|STS|SMAD7|CD37|REN|ATXN1|LPCAT4|FAM131A|IFI16|SYNGR4|HSD17B10|HFE|AHCYL2|FYN|STX10|DGCR2|FOLR2|TMCC2|CLCN6|CYB561D2|TYRO3|PPOX|DDAH2|INPP5D|NCAPD3|KDM4B|DNASE2|TAX1BP3|RPL3|TP53BP1|COASY|KAT5|ATP5MC1|CLEC16A|PSMD9|KIF2C|HABP4|EBP|VGLL4|EIF2B4|EIF4A1|RBM6|E2F6|MYL5|CDK5|ARRB2|DAG1|TLE3|TNFRSF10B|INTS3|TOP6BL|MAPKBP1|ANAPC15|RPS13
GSE360_CTRL_VS_M_TUBERCULOSIS_DC_UP	0.895378594008731	1	-0.236493407297741	-0.841017394107231	5947	193	HOMER3|LILRA2|SLC38A10|FAM131A|TRIO|SH3BGR|P2RY11|SUN2|ARHGAP4|APOC1|COMT|STARD3|RGS14|CAMK1|RNH1|SUGP2|DDX39A|LYL1|ADAM15|ITGB5|SNU13|SLC1A5|ATPAF2|TAB1|VPS52|CDK10|DDAH2|INPP5D|SIVA1|SDHA|GIT2|H2AZ2|ICAM3|RPP38|TMC6|SMARCD2|RPL3|PRMT1|DDX42|PITPNM1|PARP1|IER2|SPHK2|SMARCE1|DNPEP|SNAPC2|SEPTIN9|EIF2B4|CASP9|WDR7|H2AZ1|SDC3|MCM6|TNFRSF10B|SGSM2|CEBPG|SPTAN1|JUND|ATP5MC3|COX7C|PFKL|POM121|GGA2|USF2|KAT2A|MCM3AP|HSF1|DCTN2|NHP2|RERE|ESRRA|SLC25A11
GSE360_CTRL_VS_M_TUBERCULOSIS_MAC_UP	0.98974358974359	1	0.210616642803048	0.79719475730404	3280	185	KCTD12|RHBDL1|TBC1D2B|FOXN3|CTSK|NPM1|ORC4|MEF2C|GDI2|OPA1|MXI1|CBX7|PPP2R5E|ESD|VAV1|PLRG1|ACOT11|NREP|GPNMB|CALD1|DAZAP2|APPBP2|CUL2|SEPTIN2|DCP2|SEMA7A|QKI|TPP1|MAK16|NEK2|API5|ADO|LAMB2|VAMP3|GARS1|ZNF148|SSBP1|MIOS|MAGI1|ALDH1B1|RPL5|TRAK2|SERTAD2|THUMPD1|PFDN5|LTA4H|XRCC2|KIF13B|VAMP1|RPS6
GSE360_CTRL_VS_T_GONDII_DC_UP	0.967077570655442	1	-0.223903494688383	-0.789387199363726	6432	176	UBL3|KRT15|ATXN1|LILRA2|LPCAT4|FAM131A|PLA2G15|APOC1|COX6B1|CAPN11|SORBS2|SLC19A1|HFE|STX10|PPM1F|STAB1|FOLR2|CAMK1|GGCX|LYL1|HMGXB3|FKBP8|DIAPH1|SULT1A1|BRPF1|NOL3|BAP1|ABL1|INPP5D|ZBTB1|SUPT7L|DNASE2|EHMT2|NRGN|ELL|PINK1|ITPR2|ESYT1|ATP5MC1
GSE360_CTRL_VS_T_GONDII_MAC_DN	0.982779275232105	1	-0.218811059802325	-0.774804755628998	6562	182	FAM171A1|PYGM|H2BC13|SREBF1|CRYBA4|ATP2B3|FLAD1|LAMB3|FOS|NRTN|HGS|PHLDB1|NRG1|GAL|MAPK7|GBP2|KIF5A|SLC43A1|GNA11|ID3|AMHR2|IKBKG|USP19|DVL1|MBD3|CDIPT|ALG3|NBL1|APBB3|IQSEC2|MAPKAPK2|G0S2|FLNB|H2AZ2|CLTA
GSE360_DC_VS_MAC_B_MALAYI_HIGH_DOSE_UP	0.918400958227279	1	-0.233763566844378	-0.828368710216908	6133	184	MTCL1|FES|TBC1D1|SMAD7|ANPEP|TLX1|TIMP3|DHH|ATXN1|PPFIBP2|ACADS
GSE360_DC_VS_MAC_B_MALAYI_LOW_DOSE_UP	0.809509479386097	1	0.237439616084306	0.8981857324003	2689	184	SLC35A3|SLC33A1|ZNF410|PANK3|PPP1CB|EIF4G2|ORC4|NBR1|THOC2|UBE2N|PIKFYVE|WSB2|ATXN10|COIL|ETFA|MSH3|PSMD6|CHN2|RAD23B|ATP6V1D|ALDH9A1|LDHB|MORF4L2|RPE|HUS1|CAP1|ARPC3|RDH11|RHEB|ACTR2|DECR1|MOB1A|SPTSSA|KIDINS220|CHUK|ANXA1|IDH3A|RBBP8|KIF14|GART|TCERG1|PTAFR|VAMP3|CHP1|CKAP5|PLAAT3|ALDH1B1|PPID|FABP5|ETV6|DEGS1|NPRL2|RPS6|CARD8|HSBP1
GSE360_DC_VS_MAC_L_MAJOR_UP	0.921068075117371	1	0.227313878722971	0.849467347488459	3138	168	GPD1|MTMR6|AIF1|FCGR2B|ZNF20|CREBL2|PDCD10|HS2ST1|EXD2|TBC1D2B|EXPH5|ABCD3|ZNF274|SUMO1|ORC2|SMARCA5|NXPH4|MAGEA4|GPR183|GRIA2|AKAP4|AUH|SRP9|CDK17|CALM2|CELF2|TSN|TSG101|CDKN1B|SNW1|COX7B|MINPP1|PPP1R16B|NR5A2|CTNNB1|ING2|SCN1B|ZNF124|TRIM3|HTATIP2|TFDP2|DIMT1|PABPC1|NFIA|MAPRE1|NCOR2|POLR3C|MSL1|TOP1|KTN1|IMMT|FEN1|HMGB2
GSE360_DC_VS_MAC_M_TUBERCULOSIS_DN	0.646686746987952	1	0.24958170826185	0.945581339456429	2146	186	DLG2|AIF1|IL10RB|CSTA|PANK3|ME1|UTP18|SYPL1|ADD3|ZFYVE26|CLK1|RPL21|SPINK4|FCER1G|MTSS1|GPNMB|RPS6KA2|ALDH9A1|CIR1|TCAF1|CNOT3|TSNAX|CRABP2|HMGN1|TFE3|ADNP|ALDH2|DCP2|PUM2|PHF3|TPP1|GTF3A|SMPDL3A|SNTB2|PTEN|AIMP1|ARHGAP5|PCSK6|CETN2|NACA|CDC5L|ACAT2|SSBP1|MIOS|RAB4A|SERTAD2|PEPD|LTA4H|IFT20|RNASEH2B|SORD|ATP5MJ|WDR43|SPARC|BTAF1|KTN1
GSE360_DC_VS_MAC_T_GONDII_UP	0.758736971183323	1	-0.254553464525355	-0.885591216955432	4949	158	UBL3|ADAM19|WFS1|KRT15|CCR7|DIPK1A|TIMP3|CBS|H2AC16|PDCD11|PCOLCE|LAMB3|UBB|SPINT2|TNK1|GALR3|GNMT|ADAM11|RAMP1|IGSF3|ERICH1|CPNE1|B4GALNT1
GSE360_DC_VS_MAC_UP	0.952668073560446	1	0.221598971206409	0.835644656390093	3159	181	CD83|CD40|CDS1|MBNL2|RIMS3|PPT1|PAQR3|SIAH1|EXPH5|SMNDC1|PRKAR1A|TMED2|SP3|WSB2|LINC01278|HNRNPH2|H2BC7|WNT2B|IFIT5|ARL3|ELL2|RAP1A|TMED7|REL|CELF2|AP1G1|PRMT3|ACLY|SMC3|TFE3|C6orf120|MOB1A|SPTSSA|KIDINS220|IDH3A|MAPK9|API5|CDKN3|QDPR|ARFGEF1|ATP11B|MYL12A|STK4|ZNF124|ALDH1B1
GSE360_HIGH_DOSE_B_MALAYI_VS_M_TUBERCULOSIS_DC_DN	0.743235117257968	1	-0.254358761531833	-0.89675934124514	4943	176	ADAM19|CCR7|STX11|TSC22D3|TYMP|MT2A|SLC12A4|SOD3|IFIT2|CD48|IER3|ICAM1|TIMP1|CA12|SEMA6A|GAL|GBP2|AMHR2|SPTB|HIC2|PSMB10|MICB|AGRN|CTSL|IQSEC2|LAMTOR5|G0S2|FZR1|SYMPK|CEP170B|CDC42|TUBB3|DUSP5
GSE360_HIGH_DOSE_B_MALAYI_VS_M_TUBERCULOSIS_DC_UP	0.833858622242233	1	-0.243769408976061	-0.865964383617389	5555	190	TBC1D1|PLXNB2|LILRA2|SLC38A10|APOC1|CFD|NDUFS7|GAS2L1|MAGED2|DHX38|SCARB1|TBC1D8|CAMK1|ID3|LYL1|TRAF2|ADAM15|SNU13|GMFG|STOML2|SLC1A5|DHRS3|ATP5PF|BRPF1|ATPAF2|MLEC|SZT2|DEAF1|RGS19|SIVA1|H2AZ2|ICAM3|AP1B1|KLHL21|ERP29|RPP38|TMC6|TAX1BP3|DPY19L1|PRMT1|ECH1|DDX42|ADD1|SPHK2|TUFM|ATXN2L|HNRNPM|CLEC16A|SEPTIN9|VGLL4|SGTA|HYAL2|TMEM158|WDR7|NBAS|RPS14|H2AZ1
GSE360_HIGH_DOSE_B_MALAYI_VS_M_TUBERCULOSIS_MAC_DN	0.882825526754585	1	-0.239853299115298	-0.841838252959376	5823	171	ANPEP|SLC30A4|TSC22D3|PYGM|SVEP1|ACE|PSMB9|NALF1|CXCL1|KHDRBS3|H4C3|ETHE1|MMP1|TPD52|LAMB3|SERPINE1|THEMIS2|TIMP1|BCL3|GRIK5|PKP3|GBP2|AMHR2|TSFM|SLC2A3|SLC25A16|TRPC4AP|IQSEC2|ARFIP1|UCP2|SFMBT1
GSE360_HIGH_VS_LOW_DOSE_B_MALAYI_MAC_UP	0.699940137683328	1	-0.257241417696955	-0.912057490667629	4676	186	ZNF711|IDUA|HSPA6|SVEP1|IRF7|QSOX1|COX6A1|CCS|TNK2|DBP|IFI16|UCHL1|HSD17B10|KATNB1|SLC43A1|ATOX1|PSMB6|PAEP|DIAPH1|ZNF263|NOP16|GNS|MBOAT7|ICAM3|ERP29|MYCL|ERCC2|TSPAN31|GAS6|ZBTB48|PMP22|NUP188|C6orf47|ATP5MC1|VAMP2|ADCY3|MAN2B2|PSMC3
GSE360_L_DONOVANI_VS_B_MALAYI_HIGH_DOSE_DC_DN	0.889324487334138	1	0.230231673539263	0.872532790916421	2948	187	SLC35A3|CPVL|WDFY3|TRAPPC8|TET3|ST3GAL5|PDE3B|TBC1D2B|MEF2A|CGGBP1|AP1S2|TXNL1|TMEM59|GNPAT|CBX7|PGRMC2|RBMX|COIL|RNF6|PREPL|MSH3|VAV1|RCBTB2|SPINK4|SYNE1|XYLT1|TDRD3|CNOT3|B3GNT2|AASDHPPT|ACTR2|CPNE3|SNX2|SMC3|TASOR|MEGF9|GART|ZC3H15|PCNA|MRS2|SGMS1|HELZ|MYCBP2|PRPF40A|CCT6A|SREK1|GOLGA8A|ZZZ3|BLMH|TMX4|PHF8|BUB1B|RPL22|USP15|FAM98A|MAP3K5|DAB2|RLIG1|NCAPD2|KDELR2|EEF1B2|TXNIP|ALDH1A1
GSE360_L_DONOVANI_VS_B_MALAYI_LOW_DOSE_DC_UP	0.832660385823239	1	-0.244748961512714	-0.864785526795674	5567	178	CRIP2|TYMP|IRF7|HLX|ABCC10|LYPD3|MT2A|DOCK4|UNC5B|CAPN11|IER3|IL2RG|SPINT2|HRC|EMP3|AKR1B1|LTBP4|TBC1D8|ISG15|FILIP1L|SELENBP1|SLC2A3|MAP4K2|CTSL|G0S2|YKT6|TNIP1|BID|NR2F6|DUSP5|EPOR|NINJ1|PMP22|TRAF3|NECTIN2|ATXN2L|KDM6B|AK4|PAX9|ADAM8|OBSL1|URB2|RNFT2|NFKBIE
GSE360_L_DONOVANI_VS_L_MAJOR_DC_UP	0.92586054721977	1	0.226365109354565	0.849387460430733	3146	172	SLC18A2|PLCE1|FOXA1|WDFY3|TET3|TMCC1|MTHFD2|NEMF|STT3A|NBR1|DDHD2|POLA1|MFAP3|RAB6A|ETFA|ASS1|AGPS|MAD2L1|MMP11|DOCK10|HTR2C|PCDHGA8|RAB40AL|PIP5K1B|TCAF1|FRG1|CCSER2|ACLY|EIF2S1|PEX13|FAM3C|PIK3CG|ATG12|PSMC2|SNRNP35|SEC23IP|SLC25A5|GGCT|BMP10|DDX21|PRPF40A|BHLHE40|FDFT1
GSE360_L_DONOVANI_VS_L_MAJOR_MAC_DN	0.650860767139837	1	-0.263543761395953	-0.926811095220292	4309	173	RAB4B|CCR7|PYGM|TRAPPC6A|ACADS|CXCL1|HLA-DOB|ACTA2|FAM131A|TWIST1|ATF6B|GRIA3|CSF2|CYBA|WDR46|LAMB3|SRR|IL1B|NRG1|MOK|AKR1B1|MMP15|AMHR2|CHD1L|MGRN1|SLC35D2|IQSEC2|H2BC12|TNIP1|MDK|GYG2|SMURF2|DUSP5|PDXK|CYC1|FLII|KAT5|TNFAIP2|RELB|SURF1|PAX9|CASP9|CYRIA|PDE1A|OIP5|MPHOSPH8
GSE360_L_DONOVANI_VS_M_TUBERCULOSIS_DC_DN	0.949112426035503	1	0.222410689937999	0.834725470847955	3207	173	AIM2|MX2|CCL2|C5orf15|CCL4|ST3GAL5|SOCS6|PSMC1|CGGBP1|CRLF3|NUP153|COIL|SKIL|NUP160|H2BC7|SPINK4|EFNB2|IFIT1|PLXNC1|SLC35D1|CIR1|MORF4L2|ACSL1|TRIM52|RRM2|B3GNT2|CUL2|ENDOD1|BAZ1A|ABI1|ATP2A2|PSMA6|IKBKE|GART|GLUL|SEC23IP|PARK7|HMGCS1|ZWINT|MED14|DDX21|PPID
GSE360_L_DONOVANI_VS_M_TUBERCULOSIS_MAC_UP	0.867828176629619	1	0.231928581616633	0.874280308987479	2888	180	SERINC5|CCL2|SMARCA1|FOXN3|BNIP3L|SIAH1|PRIM1|NPM1|ORC4|EXPH5|GDI2|TSC22D2|CBX7|MAPK8|TRIB1|COL4A5|TLN2|ABR|GPNMB|SERPINE2|SLIT1|NFYB|TDRD3|KDM4C|TLR5|CRABP2|CUL2|RHEB|TARS1|RPS3A|C6orf120|MGA|RPL7|NRF1|MAK16|CTNNB1|PTGER3|ADO|MPHOSPH10|USP12|ATP1B2|GARS1|CUL5|ZNF148|ALDH1B1|TAX1BP1|PRPF40A|TRAM1|TFRC|CENPS|IL1R1|TBL2|PABPC1|LTA4H
GSE360_L_DONOVANI_VS_T_GONDII_DC_DN	0.997271073377805	1	-0.206377867573511	-0.723467720266122	6577	169	IGF1R|STS|KIF1A|GFAP|HSPB3|IGFBP2|ATP2B3|N4BP2L2-IT2|LAGE3|CHD4|ARHGAP26|TSPAN9|NOTCH3|MX1|TRIM26|AMHR2|SLC7A1|IGSF3|EPHX1|DHCR7|H2BC12|ID1|CNP|ID2|GSTP1|ICAM4|LMTK2|PRMT1|POLA2|NUP188|C6orf47|MAST2|EIF2B5|DYNLT1|NOP56|MLF2|H2AZ1|NAP1L4|HDAC6|COX4I1|MAP1A|ACTN4|MCM6|DNAJB12|ILF3
GSE360_L_DONOVANI_VS_T_GONDII_MAC_UP	0.990742146000911	1	-0.215205229313783	-0.752929046885338	6527	165	S100P|ATP9B|CLBA1|ITPKC|TBKBP1|TRIO|HSPB6|ABCA4|DCHS1|PCOLCE|LAMB3|SERPINE1|PTK2B|ENTPD1|IL1B|TKTL1|TRPM1|IGHA1|CHD1L|CDK2AP2|PLK3|RAB11FIP5|F2R|TAB1|LRRC37A2|ACADVL|FKBP2|APBA2|TMEM184B|BCL2L1|KDELR3|ACP2|SPHK2|MPZL1|PDIA4|URB2|SMYD5|ARVCF
GSE360_L_MAJOR_VS_B_MALAYI_HIGH_DOSE_DC_DN	0.786726998491704	1	0.239822517419117	0.90211558791299	2607	178	PTPN6|PGM5|BCAR3|CPVL|CADM4|DLC1|GCNT2|KIF11|TFAP4|SCAF8|RHOBTB1|OAT|NKRF|NUP160|UFL1|RCBTB2|ATP6V1G2|IL1RL1|MCC|ATP8A1|EIF4E|RBL1|ROCK1|SRP72|DDX52|TRA2B|BUB1|C17orf75|VRK1|GABPA|RB1|TMEM243|ZNF217|KIF14|PSME4|ATR|UPF2|MPHOSPH10|PCNA|RABGAP1|RTCA|ADORA2B|ZNF195|PLAAT3
GSE360_L_MAJOR_VS_B_MALAYI_HIGH_DOSE_DC_UP	0.675904891715887	1	-0.26166494354767	-0.919197335084541	4462	172	IDUA|STX1A|MT2A|QSOX1|CELF3|P2RX4|LMF2|TECPR2|TRAIP|SOD3|MUC5B|IER3|ICAM1|SLC6A8|ATP9A|CDKN2D|KEL|GREB1|AFAP1|NDUFAF3|IRS2|DLK1|CTSL|ITFG2|UCP2|TNFRSF1B|NEDD8|RHCE|CASC3|DUSP5|VPS13B|SENP3|GPR3|DDX51|DESI1|MPZL1|TNFAIP2|HNRNPM|CDKN1A|HBE1|H6PD|CNOT9|PDE1A|OIP5|PRSS8|MPZ|RELA|CLPP|CYTH2|CLK2|SPI1|CHST2
GSE360_L_MAJOR_VS_B_MALAYI_HIGH_DOSE_MAC_UP	0.861047835990888	1	-0.241742482913602	-0.846460435514824	5669	167	CCR7|SLC30A4|AOC2|HLX|DHH|MT2A|NALF1|CXCL1|KHDRBS3|GTF2H4|CAPN11|IRS1|LAMB3|IL1B|AKAP8L|SLC16A3|SP100|DUSP4|DACH1|PAEP|BMP1|CTSL|MAPK8IP1|SLC35D2|G0S2|TANK|P4HA2|TNIP1|GSK3B
GSE360_L_MAJOR_VS_B_MALAYI_LOW_DOSE_DC_DN	0.969039784624589	1	-0.222945037199936	-0.790815743766923	6478	187	TLX1|SCN5A|LPCAT4|FAM131A|TMED9|IFITM2|APLNR|N4BP2L2-IT2|PPM1F|SRR|DGCR2|PLOD3|MED22|KSR1|NRG1|FOLR2|TMCC2|RPL13P5|ZBTB20|ALG3|B4GALNT1|PISD|MLEC|DUSP7|CNPY3|MPV17|CRELD1|FASN|GRB7|BTD|ZNF428|IRAG2|DHX8|IFNGR1|MAN2C1|RUSC1|EEF1D|GATA2|MOAP1|NDUFB6|PKD1|SLC22A5|PCBD1|ILVBL|FXN|KATNA1|HMGA1|IDH3G|CCT3|H2AZ1|SLC39A7|ARRB2|LPL|VPS13D|ATP5MC3|DXO|EMG1|SETD2|DNAJC11|PMVK|KAT2A|SNRPF|ELF2|NOLC1|GPRC5B|AHNAK|SLCO2B1
GSE360_L_MAJOR_VS_B_MALAYI_LOW_DOSE_MAC_UP	0.847602235951751	1	0.235722110912979	0.879162645305175	2880	166	TNFSF12|CD44|GNA13|RYR1|INSIG2|PLK4|ZNF44|PPP1CB|KIF20B|MAPK1IP1L|NAE1|SPEG|ZNF33B|COIL|ARL1|PPP3CB|EFNB2|DKK3|FBLN1|CDK17|SLC20A1|TRIAP1|KCNK1|YWHAZ|PIP5K1B|MTCP1|REL|RABL3|CHST3|VRK1|GABPA|ZBTB25|MINPP1|GART|SUPT4H1|GPI|RSL1D1|ERCC5|YIPF4|CHP1|HTATIP2|HSP90AA1|DNASE1|SRPK1|PTPN9|MTMR9|BBS4|NUP58|POLR3C|TOP1|TFIP11|KTN1|FKBP4
GSE360_L_MAJOR_VS_M_TUBERCULOSIS_DC_DN	0.711340206185567	1	-0.258313833652935	-0.905531792451168	4691	169	ZNF711|SCN5A|APOL1|PSMB9|IFITM1|WSCD2|TMED9|TSPYL2|TPD52|RARRES2|PPP2R2B|GUCY2F|SYNGR4|N4BP2L2-IT2|TGFB3|QRICH1|RASGRP1|TOM1|FOS|SRR|CA12|KLHL4|FAS|COBLL1|CRYM|SP100|ISG15
GSE360_L_MAJOR_VS_M_TUBERCULOSIS_MAC_UP	0.818140104007342	1	-0.247816929709018	-0.863378342887008	5348	159	IGF1R|LYRM9|CCR7|SPRR2D|PLLP|CD84|LCAT|ITGAX|KRT4|TRIM10|LAMB3|ATP6V1F|MOK|AKR1B1|DCT|KIF5A|SLC7A1|GFUS|VPS52|H2BC12|VAC14|NCAPD3|LAMP1|IQCK|CAMKK2|LPAR2|DUSP5|KCNH2|ZNF674|NUP188|CDV3
GSE360_L_MAJOR_VS_T_GONDII_MAC_UP	0.813144528243805	1	-0.249176377927201	-0.865124197618363	5282	156	LYRM9|CCR7|IL15|FOXD1|DIPK1A|STX1A|SEC31B|ACADS|ADAM22|CSF2|ABCA4|PPP2R2B|CYBA|PCOLCE|LAMB3|TNK1|CAMTA1|IL1B|TKTL1|FAS|MOK|AKR1B1
GSE360_LOW_DOSE_B_MALAYI_VS_M_TUBERCULOSIS_DC_DN	0.886877828054299	1	0.231040083436565	0.869079613306693	2939	178	CD83|MX2|SLC22A4|CCL2|CCRL2|NBN|LDHA|PFKFB3|MT1X|PEX1|H2BC21|THOC2|IFRD1|WTAP|PRRG1|PLCH1|SPINK4|PDE4D|PLXNC1|RIT1|ELL2|LITAF|CIR1|HBEGF|IL10RA|SSB|LCP1|B3GNT2|WIPI1|BAZ1A|ANKRD12|CYBB|TRAFD1|ATP2A2|CD47|GLUL|NCBP1|CETN2|PLSCR1|ALDH1A2
GSE360_LOW_DOSE_B_MALAYI_VS_M_TUBERCULOSIS_MAC_DN	0.765643802647413	1	0.24141578539158	0.9113311380924	2544	182	FEM1C|CXCL8|MX2|CD36|HERC3|PANK3|UCN|CLDND1|TM9SF1|DNTTIP2|BNIP3L|CTSK|PTPN2|PROCR|OPA1|DDHD2|CLK1|RRAS2|ERP44|SMARCA5|NUP133|SPINK4|IFIT1|XYLT1|INPP4B|LDHB|TRIAP1|RPE|ACSL1|CDK1|SSB|ITGA2B|ARPC3|TFE3|HPS5|RPL7|HOXB7|TIA1|PLAAT4|SNTB2|CTNNB1|ATP13A3|AIMP1|API5|CLOCK|RCN2|IL13RA1|PIAS1|SSBP1|PEX2|TAX1BP1|TFRC|RIPK1|SPOP|PNP
GSE360_T_GONDII_VS_B_MALAYI_HIGH_DOSE_DC_DN	0.894181489297558	1	0.229904992445051	0.866966472669957	2965	181	SEMA3A|PRNP|SERINC5|KCTD12|CPVL|DOK2|ACTR3|ST3GAL5|CD164|CNOT8|SCG2|PNPLA6|AP1S2|TMEM59|MKRN1|ETV5|RNF6|IDH1|RCBTB2|CDHR1|KCNS3|SYNE1|RUNDC3B|CHN2|ABCA6|EGR2|NPAS3|EXOSC9|HERPUD1|TLR5|CRABP2|ZNF507
GSE360_T_GONDII_VS_B_MALAYI_HIGH_DOSE_MAC_UP	0.927449513836948	1	-0.231947819060892	-0.821069064270451	6199	181	CCR7|ANPEP|TLX1|HLX|TIMP3|ACE|MT2A|KHDRBS3|FAM131A|SLC12A4|SERPINH1|MMP1|TPD52|SLC26A10P|MIF|ZNF593|H4C2|GAL|GUCA1B|MZF1|SLC43A1|GNA11|ID3|DUSP4|TRIP6|SRM|MBD3|SLC2A3|TELO2|RASSF1|B4GALT2|SLC5A3|P4HA2|SIVA1|HMG20B|GSK3B|H2AZ2|RUSC1|DPY19L1|LPAR2|CDKN1C|MCM2|NDUFB6|IER2|CYC1|MCM7
GSE360_T_GONDII_VS_B_MALAYI_LOW_DOSE_DC_DN	0.796965098634295	1	-0.250056333267325	-0.876766698952979	5251	170	UBL3|KRT15|ATXN1|CBS|LILRA2|LPCAT4|BTN3A1|PLA2G15|APOC1|POR|GRIA3|MNDA|N4BP2L2-IT2|HFE|STX10|FOS|STAB1|ARHGAP26|NRG1|FOLR2|CAMK1|RNH1|LYL1|FKBP8|SLC1A5|DIAPH1|SULT1A1|BRPF1|HEXA|BAP1|RGS19
GSE360_T_GONDII_VS_B_MALAYI_LOW_DOSE_MAC_UP	0.887539361223572	1	-0.238637478788315	-0.842270167788981	5918	177	IDUA|AKAP13|ENG|NDUFB8|ATP5ME|SERPINH1|COX6B1|FLT1|SLC6A8|CTDNEP1|AURKB|CHD4|PCGF1|BRD3|ZNF593|GAL|GBP2|GNA11|ID3|DDT|PMPCA|SRM|MBD3|ALG3|RASSF1|SNRPD2|FLNB|ACADVL|CCDC85B|RPP38|MYCL|TENT4A|ESPL1|LPAR2|PRMT1|MCM2|NDUFB6|TSPAN31|CPT1A|PDXK|CYC1|VAMP2|THRA|SUGP1|ADAM8|CTAG2|H6PD
GSE36009_UNSTIM_VS_LPS_STIM_NLRP10_KO_DC_UP	0.99504132231405	1	-0.211176974346495	-0.750324911581398	6621	191	SULT2B1|RDH16|CD37|PYCARD|ITPKC|MT2A|PABPC1L|PWWP2B|TECR|ECI1|CLDN12|SLC52A3|NLRX1|PTK2B|GRIK5|NAA60|CYB5D2|DCXR|MAP7D1|RFX1|LPIN2|CPQ|ATP13A2|TMEM42|JUNB|CYB561D2|GGT7|PDP1|TSPOAP1
GSE36009_WT_VS_NLRP10_KO_DC_LPS_STIM_UP	0.951390966198026	1	-0.227333886016652	-0.806383575125104	6360	187	ABRACL|SELENOM|ALKBH6|PABPC1L|HBB|BSG|PHPT1|IFI35|SERHL2|DENND1C|CLDN12|SLC52A3|PRKCSH|ZNF771|COMT|RTKN2|SLC25A19|TMEM255A|PSAP|NSDHL|RAMP1|C2orf76|RNF181|NECAP2|DGKA|JUNB|CEBPB|MAP3K3|DNTTIP1|PLEC|ELOVL1|AAMDC|MED19|TUBG1|LMNA|CHERP|PRR14|S100A6|SRF|EPB41L2|BRD2|SLC22A5|HIPK2|CREB5|FAM168A|MIEN1
GSE36078_UNTREATED_VS_AD5_INF_IL1R_KO_MOUSE_LUNG_DC_UP	0.839312631896292	1	0.234704035855502	0.885063555701954	2783	181	MGARP|HSPBAP1|DHX58|SESN3|MBNL2|EGLN3|ARID5B|CTSS|ZNF518B|NBN|CHDH|AKAP11|ATG2B|NBR1|HSPH1|UBASH3A|ATP1B1|TRMT1L|HSD17B11|ICA1L|P2RX7|IL6R|TTC39C|SYT11|CLMP|OTUB2|SLC25A36|ASB3|PCCA|IFT74|ZNF627|CTNS|MYB|DECR1|ZSWIM4|VRK1|CYP4V2
GSE36078_UNTREATED_VS_AD5_INF_MOUSE_LUNG_DC_DN	0.730177871570696	1	0.244461707782932	0.92185951355579	2421	181	AJUBA|DPYSL2|NEDD1|DDIAS|TRAPPC8|CCL4|SERPINI1|MEF2A|FOXN3|PRIM1|MACIR|MOB4|BMX|CCNA2|KNL1|STT3A|MXI1|SMC2|DAPK2|NCBP2|FNIP2|RRAS2|RAP2A|MAP3K21|RCBTB2|FCER1G|LFNG|RSPH4A|SYTL2|C1GALT1|FBXO27|CKAP2L|SAMSN1|NUP205|BAZ1A|KCTD9|ANKRD50|RIOX2|HYCC2|AZI2|DSCC1|GLUL|SEPTIN11|CEP76|AK3|OSBPL3|SMC4|IQGAP3|CENPE|CISD1|TBL2|DIMT1|KNSTRN|CCNB2|VIM|GPSM2
GSE36078_WT_VS_IL1R_KO_LUNG_DC_AFTER_AD5_T425A_HEXON_INF_DN	0.986674651893996	1	-0.216810669309891	-0.768294122655401	6589	184	IDUA|TRAPPC6A|AHRR|CYLD|P2RX4|MAPK11|ARID5A|GRN|TRIO|SNHG11|CUL9|ITGA7|MYPN|DISP2|TPH1|TMEM86A|ACVR1B|HS6ST1|C12orf57|CDKL4|MX1|CEP41|ARHGEF10|STING1|MACROD1|XPC|NR4A1|MTMR10|CNP|TNIP1|UQCC3|LAMP1|DUSP9|NUDT7|CCDC137|MANBA|RPL35|TIMM17B|RFXANK|ITPR2|MAN2B2|CD320|CNPY2
GSE36078_WT_VS_IL1R_KO_LUNG_DC_DN	0.960287726659673	1	-0.225324501295673	-0.79686936950188	6407	180	ADAM19|MEIS3|TBC1D1|PAK6|NCEH1|UQCR11|KCNK5|PBLD|CLN3|RPP21|TSPAN4|DYRK2|DNAJC15|CRYBG1|WDR46|CACNA2D2|IER3|APOBR|ZNF605|UQCC5|KATNB1|PPP1R35|COBLL1|PYCR3|YJU2B|LARS2|TBC1D10A|F2R|TIMM10|CDC42EP4|IL18RAP|MED12|PTCD1|RCN1|PRICKLE3|TMUB2|SLC66A1
GSE36095_WT_VS_HDAC9_KO_TREG_UP	0.827596351868197	1	0.237394233470327	0.885399089078303	2812	166	VAV2|HSPBAP1|NEDD1|CD36|PPP2R3A|FBXW8|BLTP3B|HIF1A|PHLDA1|KIF11|LDHA|KIF20B|MEF2C|HYCC1|TNFAIP8|SYPL1|OPA1|ECT2|PROS1|TMPRSS13|SERPINE2|CR2|ELL2|SAMSN1|MFF|RAPH1|CD24|PPFIBP1|PDE7A|CYBB|HMGN3|SEMA7A|TIA1|CENPI|MASTL|GLUL|IPO5|FAM78B|STIL|PANX1|WEE1|ESCO2|BZW2|VIL1|CDC42SE2
GSE36392_EOSINOPHIL_VS_MAC_IL25_TREATED_LUNG_DN	1	1	-0.177245353031095	-0.632085322955684	6691	197	TPM2|PBX3|RTTN|SNX30|SREBF1|ZNF516|ST6GALNAC6|RFNG|DPP3|INPPL1|DNAJC17|RAMP1|TACC3|PRORP|NECAP2|NDUFA1|SULT1A1|ATP13A2|CHID1|CYB561D2|MLEC|RAD54L|MRPL2|RTL8C|NR2C2AP|ZNF569|VAC14|OSTM1|TBCCD1|NIBAN2|POLR2J|RHEBL1|STUB1|EMC10|BCKDK|SLC25A26|ZNF512B|GSTK1|GCN1|EHHADH|PTPA|IDH3G|GPATCH4|NDUFAB1|WDR45|AP3S2|DMAC2|USE1|GSTM4|CNEP1R1|IFT172|DYNLL2|GPATCH1|SLC35A4|NPLOC4|HSPE1|ATP8B2|DFFB|PPIL2|IFT22
GSE36392_EOSINOPHIL_VS_NEUTROPHIL_IL25_TREATED_LUNG_DN	0.997901049475262	1	0.201191638760361	0.7644477394828	3327	189	DPYSL2|TLE6|MEMO1|FGF13|SLC38A9|IFT56|EIF3E|CNIH1|FAM227B|PRPS2|RSL24D1|GLUD1|EIF4E3|LANCL1|DUSP22|RAB22A|LYPLA1|PIAS2|MAPK1|EIF2B2|COPZ2|MYEF2|BCL2|ETFDH|NSA2|HSPD1|ARMC1|BORA|RCOR3|CYBB|MYC|IDH3A|ARL4A|PPP2R5C|CFDP1|TRIM3|ALDH1B1|TMA16|CORO1C|DPP9|HSPA9|S100A4|DRG1|RBM12|ACOT7|NUDT9|PLAU|BLTP3A|FYTTD1|ALG5|SKIC3
GSE36392_EOSINOPHIL_VS_NEUTROPHIL_IL25_TREATED_LUNG_UP	0.777978883861237	1	-0.250871528363572	-0.88322378500552	5157	175	SSC4D|IGF1R|ACKR1|STX11|TSC22D3|IL15|ENTPD3|FGD3|CHAC1|TLR6|RASGEF1B|ATG9A|APOBR|LAMB3|CAMKK1|SH2D3C|CCNL2|ENTPD1|MGAM|CXADR|TIRAP|BCL6|YPEL1|IGF2R|SLC7A11|NFKBID|SP110|RFX1|MAP4K2|TREML2|IL23A|MAP3K3|TSPOAP1|PPP1R3F|TNFRSF1B
GSE36392_TYPE_2_MYELOID_VS_EOSINOPHIL_IL25_TREATED_LUNG_DN	0.786407766990291	1	0.240066459917822	0.90079889655081	2672	172	ADTRP|SNX18|SLC25A44|CMTM6|SNX33|ZNF608|IL18R1|KDM7A|BMX|THAP6|TNFSF13B|FMNL3|PLEKHF2|C18orf32|CLK1|SVIP|PICALM|SKIL|TRMT1L|IFIT3|PXYLP1|SCRG1|IFIT1|OTULINL|SH2D5|CD274|SAXO4|ITIH4|RNF144A|CDK17|CXCL11|JAK2|RLF|FBXO28|SUGT1|CPED1|TMEM243|IKBKE|CREB1|KCTD11|PTPRC
GSE36392_TYPE_2_MYELOID_VS_EOSINOPHIL_IL25_TREATED_LUNG_UP	0.992513849378649	1	-0.21339260696069	-0.756181816457004	6628	184	SRGAP3|PIEZO1|RPS21|SVEP1|SOD3|SIGLEC10|CD48|LONP1|RPL13A|GAS2L1|RGP1|KCNAB2|ACP3|MAGED2|TBXAS1|TACC3|ZNF329|RPS18|ENTPD6|CLSTN1|FERMT3|RPL27|C19orf47|IQSEC2|ABL1|MNX1|ZNF579|NCAPH2|BTD|SH3KBP1|NDUFB11|IL6ST|PRMT1|HES1|EMC10|EPOR|CD81|WDR74|SRRT|CCDC186|MAST2|RAD23A|CTNNBL1
GSE36392_TYPE_2_MYELOID_VS_MAC_IL25_TREATED_LUNG_DN	0.738521752220382	1	-0.253026121270892	-0.899810999316339	4905	193	SPIB|IDUA|AHRR|ZNF467|SLC12A9|MOGS|ABHD17A|TMEM208|PDCD11|JMJD8|NOP2|HMGCL|LMF1|SH2B2|DPP3|EXOSC5|BRSK1|AKNA|DCXR|MED24|AFDN|PDRG1|TRAPPC5|NOP10|SUSD3|RGL2|SNHG12|RTL8C|RGS12|NOSIP|SIRT4|ZNF764|TNIP2|ADPRS|PCK2|PRMT1|WDR74|POLR1A|CHCHD5|PGAP6|MGAT1|ERGIC3|NEK8|STX16|TTLL12|ELMO2|YARS1|TRIM14|GBF1|SUPT16H|MAPKBP1|PEX16|HINT2|TMEM69|GET4|TEPSIN|HSF1|RUVBL2|MIPEP|VPS28|ATG2A|PPIL2|APEH|AXIN1|HASPIN
GSE36392_TYPE_2_MYELOID_VS_NEUTROPHIL_IL25_TREATED_LUNG_DN	0.651757666417352	1	-0.26137016261724	-0.927861447526564	4356	188	PIEZO1|IRF7|FAM234B|AMZ1|CCS|MTG1|TNFRSF21|TRIO|ATF6B|FLT1|LONP1|RASGRP1|DDRGK1|AURKAIP1|NOP2|NFIL3|PLOD3|CHMP6|SH2B2|G6PD|GMPPA|RAMP1|PMPCA|ORAI1|STOML2|PDRG1|CDC42EP4|HEMK1|UXT|C19orf47|RPS23|EXTL3|TUBA1B|AP1B1|SIRT4|IL6ST|IFNGR1|AARS1|RPL35|PYM1|AUP1|CYC1|POLR1A|RAD23A|MRPS18A|NLE1|SEPTIN9|MRPS28|RCC1L|PFKP|EDEM1|ARHGEF6
GSE36476_CTRL_VS_TSST_ACT_16H_MEMORY_CD4_TCELL_OLD_DN	0.979091995221028	1	0.216424939843722	0.824770452832105	3277	192	MLYCD|BATF|GPR137B|CD40|CSTA|RMI1|CLIC2|BATF3|TXNL1|STT3A|SEH1L|ETNK1|GINS1|POGLUT2|HOMER1|MRPL15|PSMG1|CREG1|CDK2AP1|TARS1|FH|CLTC|ALDH2|VDR|RBBP8|GART|NCBP1|GNL2|IL13RA1|CEP76|GARS1|GTDC1|CKAP5|PLAAT3|GTF2H1|CORO1C|BTBD3|UBE2A|FUCA1|FABP5|IL1R1|DNAJB6|SRPK1|PAICS|ACOT13|STAT1|GOT1|WDR3|VDAC3|GORASP2|PSAT1|KYNU
GSE36476_CTRL_VS_TSST_ACT_16H_MEMORY_CD4_TCELL_YOUNG_DN	1	1	-0.181721623818444	-0.645109936171183	6684	188	TYROBP|MAPK13|IFI30|TAP1|KCNK5|PPCDC|SAC3D1|PDCD11|WDR46|IER3|EXOSC4|APOL6|DPP3|YIF1A|FILIP1L|SRM|IGSF3|WDR18|TRAP1|TIMM10|RNF121|CLUH|RCN1|TUBG1|DCTPP1|DPH2|HSPA1A|TNIP2|LMNB2|UBFD1|ATP6V0B|FLII|AK4|MSRB1|METTL13|AKR1A1|CARS1|NEFH|E2F6|UBL4A|EIF3B|BYSL|PIGV|GMPPB|TIMM13|SCO2|DHX32|TESC|TWNK|SLCO4A1|RUVBL2|POP1|ALAS1|NPM3|RAD51C
GSE36476_CTRL_VS_TSST_ACT_40H_MEMORY_CD4_TCELL_YOUNG_UP	0.846269554753309	1	0.234552272421889	0.885421759068843	2812	182	FOSB|PITPNC1|SERINC5|CD69|ZNF14|MX2|TRMT2B|RAD52|UQCRB|ARID5B|PPP1CB|PIK3CA|FAM13A|MXI1|TOB1|ADD3|TMEM123|CLK1|CTSF|NUP160|HSD17B11|HECA|GPR183|TOX|TXK|CYTH4|DAZAP2|DYRK1A|GOLGA4|PCF11|TENT5A|IL10RA|PELI1|CNOT2|ZMYM5|KLRG1|RLF|MAPRE2|DNAJB9|ATG12|ANXA1|CHD1|GOLGA7|ARL4A
GSE36476_YOUNG_VS_OLD_DONOR_MEMORY_CD4_TCELL_16H_TSST_ACT_UP	0.98223774100501	1	-0.219599465282307	-0.767190871135628	6469	162	CXCL1|TAP1|MYO16|CCDC102B|MOGS|SMTN|MAP3K7CL|HAS1|MYH8|DNAI7|PPP2R2B|FGF17|TRIM46|TGFB3|EXOSC4|STX4|AFAP1|PSMB6|YIF1A|CD151|DHRS7B|CDK10|POLG|DHCR7|PLEKHH3|CLN6|ATP6V0B|RPL8|CHMP7|ELP5|ZDHHC14|HBE1|METTL13|KPTN|PDE1A
GSE36476_YOUNG_VS_OLD_DONOR_MEMORY_CD4_TCELL_72H_TSST_ACT_DN	0.979362943023778	1	-0.219882368005926	-0.776922967410453	6548	178	IL21R|TCEA2|CCR7|STX11|GNRH1|IFI30|BSCL2|N4BP2L1|EXT1|MAGEH1|NSUN5P2|BTN3A1|NAT9|ING4|PTGIR|ZNF345|PLEKHA1|PIK3IP1|BCL6|LIN7B|SUGP2|PIGL|DHRS3|OXLD1|LRRC37A2|PARP3|BTD|SIRT4|PRICKLE3|MTERF4|ENTR1|ABCA5|MANBA|EML2|ST8SIA1
GSE36476_YOUNG_VS_OLD_DONOR_MEMORY_CD4_TCELL_72H_TSST_ACT_UP	0.733877174080345	1	-0.257539910347106	-0.894161838883616	4767	156	MATN1|AARSD1|REN|FICD|MAGEA8|NDUFB8|INCENP|WNT3|GRM3|MMP1|HAS1|SLC2A9|SPATA6|DUS2|FEZ1|PKP3|TAF15|YY2|DACH1|MICB|TREML2|RAD54L|AAMDC|NPHP4|PDLIM4|NUDT1
GSE36527_CD62L_HIGH_CD69_NEG_VS_CD62L_LOW_CD69_POS_TREG_KLRG1_NEG_DN	0.929880357413297	1	-0.232806898123422	-0.817822507833811	6139	172	FES|NAGK|PHYHD1|HSD17B13|ARID5A|HOOK2|KCNAB3|EEIG1|IFI35|CHCHD10|CIAO2B|CDKN2D|CHD4|BCL3|SLC25A19|MAP4K1|GPR146|INPPL1|POLR2E|RNPS1|PLK3|JUNB|PGP|HEPH|LYSMD1|IL15RA|ID2|MFGE8|LCMT2|SOCS3|ZBTB11-AS1|ATP6V0B|ZC2HC1C|ELAC2|METRNL|ELP5|TNFAIP2|IRF1|CDKN1A|MSRB1|TXNRD3|SLC39A13|RNF19A|PLEKHO1
GSE36826_NORMAL_VS_STAPH_AUREUS_INF_IL1R_KO_SKIN_DN	0.973644803833483	1	0.217570922576589	0.827505984146663	3250	190	STK38L|LPXN|TM6SF1|SELENOT|REV3L|CLDND1|NPL|TM9SF1|RUFY2|PTGS1|AP1S2|ABCD3|NAB1|WDR26|PICALM|INTS8|SLC38A2|DYM|VAV1|RCBTB2|C5AR2|TGFBI|OTULINL|EGR2|CALM2|HERPUD1|RTN3|PAPSS1|MAP4K3|TLR5|PLPBP|ADK|LCP1|TMEM230|ZFC3H1|ADAM10|RPL7|TTLL4|NACA|GLT8D1|XPOT|ZFAND5|CHP1|AGO1|SMC4|SEC63|METTL9|SETD3|BICD2|ALDOA|CARD8|SARAF|MPP1|PPP3CA|TRPS1|FBXW7|USP4|TFEB|HCCS|ANP32A|HNRNPA3|TPST2|MAP3K4|GMCL1|TULP4|CPPED1|EIF3L|LBR|LRP8
GSE36826_NORMAL_VS_STAPH_AUREUS_INF_SKIN_DN	0.700764961751912	1	-0.256616859610085	-0.911017610827123	4671	189	UBL3|IL11RA|PBXIP1|ECM1|RENBP|IQCG|UBA7|DGLUCY|APOE|TSPAN4|DBP|APOC1|SLC2A9|CFD|PILRA|HPS1|TMEM160|HSPB1|FOLR2|ZDHHC24|SCARB1|SLC12A7|IGF2R|CTSD|CST3|ZC3H3|UQCRQ|NDUFA1|SLC39A4|DUSP7|EPHX1|SLC37A4|GNS|NENF|BLVRB|MAP1S|CYBC1|SIGIRR|SLC38A6|BLTP2|ERP29|CCDC51|CD81|ALDH6A1|SCPEP1|EPB41L2|ABCA2|PCBD1|TXNRD3|RNF19A|AKR1A1|CHCHD7|WDR7|SLC8B1|MFHAS1|DAG1|SDC3|MGST2|AIFM1
GSE36826_NORMAL_VS_STAPH_AUREUS_INF_SKIN_UP	0.986239904277595	1	-0.217645626417625	-0.772018027827721	6593	187	CCR7|S100P|TYMP|ELMO3|SLC3A2|DGKD|TCIRG1|CD101|PDLIM7|DUS2|APOBR|ERO1B|FOS|HGS|PPP4C|KCNJ15|SNRPB|TJAP1|IKBKG|YIF1A|DDX39A|FILIP1L|PIGL|SLC7A11|KCNN4|RNPS1|CDK2AP2|DIAPH1|YKT6|TMEM214|BID|IFNGR1|MYCL|RPS11|AARS1|ITGAE|ABHD2|RPL8|VEGFA|CHCHD2|C15orf39|HNRNPM|PSMC3|FLNA|ARAP3|CYB5R3|TMEM158|PACSIN2|RHOG|COX7A2|ATP1A1|SMAD3|YARS1|ZNF142|TBC1D13|ORMDL2
GSE36826_WT_VS_IL1R_KO_SKIN_DN	0.672504116150277	1	-0.259964854101143	-0.921076412112956	4492	183	H2AC13|ANPEP|S100P|ELMO3|SLC3A2|TCIRG1|CD101|PDLIM7|POTEKP|PPM1F|EMP3|C5AR1|SNRPB|TJAP1|AKR1C2|IKBKG|YIF1A|DDX39A|GPATCH2L|TXNDC15|SLC7A11|KCNN4|RNPS1|DGKA|CDK2AP2|IGSF3|DIAPH1|SPN|DDA1|DPH2|TMEM214|MYCL|CDC42|AARS1|EMC6|S100A6|ITGAE|SRF|VEGFA|SH3BGRL3|C15orf39|HNRNPM|CDKN1A|GADD45GIP1|STARD5|FLNA|SYNGR3|FHOD1|PFKP|PACSIN2|RHOG
GSE36826_WT_VS_IL1R_KO_SKIN_STAPH_AUREUS_INF_UP	0.997885196374622	1	0.202614098906475	0.774746638873126	3302	197	PITPNC1|PTPN6|AIF1|DET1|CKS2|PSMC1|VBP1|RFC4|PRIM1|PARP11|CCNB1|PROCR|CAPN2|ETV5|NCAPG|GCLM|NDC80|KPNA2|FAM124B|HK2|PSMD6|NUSAP1|SPP1|OTULINL|TIGAR|ATP5F1B|CSRP1|DONSON|EIF4G3|ACLY|EIF2S1|CCT4|HSPD1|RRM1|FH|ATP2A2|RACGAP1|GPI|ZWINT|CFAP298|PSMD11|SEPTIN8|GYG1|NCAPG2|PAICS|FZD5|HJURP|ALDH18A1|NDC1|CCNB2|BAK1|GPSM2|ACOT7|GOT1
GSE36888_STAT5_AB_KNOCKIN_VS_WT_TCELL_IL2_TREATED_2H_UP	0.68114852675887	1	-0.260459203626515	-0.918266870221871	4530	176	DPEP2|MAML3|TBC1D2|ADGRD1|CIITA|RAB38|TMEM134|AMDHD2|GRN|EPS8|DGLUCY|SRD5A3|PLA2G15|RNF170|DBP|APOC1|ACTMAP|CD101|KLF7|CFD|ACSL6|CYB5D2|GBP2|SLC16A5|ITGB5|SORBS3|HEXA|SGK1|EPHX1|ATP5IF1|ACAA1
GSE36888_UNTREATED_VS_IL2_TREATED_STAT5_AB_KNOCKIN_TCELL_17H_DN	0.955895589558956	1	0.221874001462622	0.834509316324786	3185	177	ITGB7|AKAP5|SELENOT|CCL4|EGLN3|BTBD1|CLDND1|GNB4|KLHL24|YES1|TFAP4|MSH2|PTGES3|ZFTA|RHOBTB1|SVIP|WDR26|FAM13B|USP31|HK2|SCP2|ABLIM3|ACOT11|S1PR1|ART4|CARD10|POGLUT3|CNOT2|SPNS1|RFC5|STK24|SNX2|PSTK|AKIRIN1|FGD6|TTC3|PUM1|GALNT1|PARK7|LPCAT2|AGPAT5|SLC9A5
GSE36888_UNTREATED_VS_IL2_TREATED_STAT5_AB_KNOCKIN_TCELL_2H_DN	0.801866907557965	1	0.238257233418018	0.900131517236226	2662	183	ITGB7|TMEM182|ZNF284|BCAR3|CCL5|RAVER2|TAMALIN|KLRF1|CCNG1|CEP128|CLIC2|ACTR3|REC8|TESPA1|NOL11|ABCE1|SPRY2|UBE2N|GINS1|ATP1B1|NDC80|TCEA3|UGCG|MAP3K21|SLAMF7|EFCAB5|SDS|GRIP1|BACH2|CHAC2
GSE36888_UNTREATED_VS_IL2_TREATED_STAT5_AB_KNOCKIN_TCELL_2H_UP	0.821957112654787	1	-0.246756015791615	-0.867773200308939	5442	173	NFKBIZ|S100A2|C3|DGAT2|STX1A|ASPHD2|TMEM115|CXCL1|GPR68|PPM1N|SLC41A2|MFSD2A|PDLIM7|ICAM1|ACVR1B|LAMB3|SPECC1L|MET|KCNJ15|IL1B|DPP3|BCL6|ZC3H12A|SLC7A11|KCNN4|PLK3|NFE2L1|AFDN|NOL4L|G0S2|KLHL2|TNIP1|DCUN1D3
GSE36888_UNTREATED_VS_IL2_TREATED_STAT5_AB_KNOCKIN_TCELL_6H_UP	0.79361216730038	1	-0.25006616135013	-0.874187573880123	5217	164	NFKBIZ|CD14|IL6-AS1|ASPHD2|TMEM115|RPGR|FCRLB|MIGA2|ATP13A3-DT|SLC41A2|HAS1|SLC7A7|IER3|LINC01465|IFT27|APH1B|STXBP5-AS1|KSR1|IL1B|MYO1G|ZC3H12A|SEMA4C|NFE2L1|AFDN|ANKRD13D|TNFRSF1B|SHOC2|ZBTB1|SASH1|IL6ST|TRAF3IP2|SOCS3|ELL|PMP22|VEGFA|SESN2|ANXA2R-OT1|TM9SF4|CHCHD7|SPTLC2|NEFH|CYRIA
GSE36888_UNTREATED_VS_IL2_TREATED_TCELL_2H_UP	0.902196810111345	1	0.228920949235797	0.865961349845346	2997	184	GPR137B|LST1|LONRF1|SNX18|TTPAL|DNASE1L1|ACTR3|ST3GAL5|ARID5B|NAAA|ZBTB18|ABHD3|PRIM1|PEX1|HYCC1|PARP15|WASHC4|TWF1|GRPEL2|RNF6|SMARCA5|PLRG1|MTSS1|SLAMF7|XYLT1|INSIG1|CAP1|TRAPPC2|ARHGEF12|FAM91A1|WDR11|SMC6|SHISA4|KCTD9|MIS18BP1|RICTOR|CD47|VDR|CEP78|UBQLN1|ING2|GALNT10|SPRED1|ZFAND5|DSTN|TFRC|REST|CENPE|ANKMY2|TFDP2|DEDD2|R3HCC1L|NOTCH4|ZBTB11
GSE369_IFNG_KO_VS_WT_LIVER_DN	0.999701224977592	1	0.187615382221596	0.71415246845327	3345	191	KBTBD8|PECR|RSL24D1|DERA|B3GNT5|PNPT1|TXNL1|ATG2B|TFB2M|PSMA4|IPO7|RPAP3|TMEM123|EARS2|BCAS2|RANBP9|USP14|ALPL|ELL2|EIF4E|WDR89|RAP1A|MCTS1|DPH6|UFM1|MRPL47|TIMM23|ARHGDIG|CACYBP|NDUFAF6|CS|DNAJB11|C1D|NDUFB5|NIFK|TRNT1|ORC3|GOLM2|CYB5B|HSD17B12|GARS1|UBE2V1|PSMC5|USP16|MMACHC|FABP5|SUCLG2
GSE369_PRE_VS_POST_IL6_INJECTION_IFNG_KO_LIVER_DN	0.952923538230885	1	-0.227354066903806	-0.803229742352323	6355	179	ESPN|HAPLN2|IFI30|PPFIBP2|LYST|MANEA|RUFY1|APOE|RGS3|IFT140|ELL3|JAKMIP3|DENND11|AHCYL2|SPINT2|TMCO6|ENTPD1|LYG2|MX1|TIMM29|MORC4|ANKRD45|MXD4|TRABD|ENDOG|SLC39A4|RILPL2|ID2|ZNF428|NCAPD3|ZNF251|SLC16A9|IL6ST|NR2F6|TMEM184B|SOCS3|JMY
GSE369_PRE_VS_POST_IL6_INJECTION_IFNG_KO_LIVER_UP	0.967509025270758	1	0.218330980548025	0.82418728610031	3215	182	MYO1F|PTPN6|AGO4|MAN2B1|RYR1|HVCN1|TET3|HACD2|DNAH8|CORO1A|MOB3B|MARCHF7|FMNL3|ETV5|LYRM7|AP3S1|FAM110D|MTSS1|SLAMF7|FCGRT|BMF|RAP1B|MRPS23|RHOA|EIF3C|SLC10A4|ACTR2|PIK3CG|WWP2|CA2|RBBP8|APC|IPO5|AP3B1|GPD1L|CD93|C1orf131|HSD17B12|CNDP2
GSE369_PRE_VS_POST_IL6_INJECTION_IFNG_WT_LIVER_DN	0.705055339515405	1	-0.256702255108387	-0.910557092231357	4713	187	PDE2A|CREBRF|CIITA|SFN|HDAC10|IL4I1|PPM1J|SH3PXD2A|DGKD|MAP1LC3A|CXXC1|NRM|TCP11L2|RHOF|PTK2B|EMP3|RBM38|MYO1G|BCL6|GPR146|DMPK|ROM1|PCIF1|DGKA|CDK2AP2|GPSM3|SFXN3|B4GALNT1|MADD|XPO6|GRB7|HDAC5|SFR1|MFGE8|PAFAH1B3|CLCF1|INTS4|CRAT|MED11|AP1M1|IER2|ELP5|GPN2|CSNK1G3|FLNA|ARHGEF3
GSE369_SOCS3_KO_VS_IFNG_KO_LIVER_UP	0.739155251141553	1	0.24583643812423	0.909714581448936	2589	154	SESTD1|EXOC5|ZNF687|SCG2|MEF2A|CHDH|CKAP2|SLF1|CEP135|DDHD2|ADD3|ZNF644|CYP2R1|SKIL|ZNF821|APOL2|CNOT7|EFHC2|IL6R|PLA2G4A|RNF148|AKAP4|RPS6KA2|RHOA|HAUS5|ATP5F1B|BCDIN3D|PARD3B|DDX5|ANGPT1|UXS1|RPS3A|TIAM2|TNPO1|ABRAXAS1|CTNNB1|MIR1915HG|SPG11
GSE369_SOCS3_KO_VS_WT_LIVER_POST_IL6_INJECTION_UP	0.857485748574858	1	0.233281810082002	0.877416202706092	2857	177	MMP14|ESF1|SESTD1|DNAJC6|PRMT9|PICK1|NBN|FER|PNPT1|HEATR3|VPS50|THNSL1|RINT1|ZWILCH|IPO7|SPRY2|SHQ1|PDS5A|HK2|MRPS22|QNG1|FCER1G|PSMG1|ERO1A|HBEGF|SCIN|ARHGDIG|EPCAM|ENDOD1|PTK2|BAG4|BAG2|AZI2|PAPOLA|CA2|ANKRD42|TBCK|CNN1|CFDP1|RSL1D1|NFU1|TMEM181|ATAD2|GTF2H1|EIF4A2|ANKRD33B|SREK1|ICE2|UTP25|HSPA9
GSE369_SOCS3_KO_VS_WT_LIVER_UP	0.993762993762994	1	0.208625972199012	0.798022525731262	3345	195	KBTBD8|LGR4|PDK1|NXN|NPL|ABCC4|RSL24D1|NAAA|MTHFD2|TFAP4|UTP18|TFB2M|PSMA4|PUS3|MAPK1IP1L|SHQ1|METAP2|IFRD1|PSMD6|USP14|GTF2H2|MRPL47|TIMM23|TMED5|SRP72|ARHGDIG|NAA50|CS|MINPP1|OSTC|APEX1|ELOVL6|PAPOLA|TRNT1|SDAD1|ORC3|PDIA3|SUCLG1|TTLL4|GOLM2|ETF1|RCN2|CYB5B|XPOT|PSMD14|ACACA|HSP90AA1|POLR3G|RPAP2|IDI1|DHX33|EEF1E1|BCAT1|GOT1|SNRPD1|CORO2A|VDAC2|GTF2H5|EED|FYTTD1
GSE3691_IFN_PRODUCING_KILLER_DC_VS_CONVENTIONAL_DC_SPLEEN_DN	0.816564596092155	1	0.239070056685734	0.890342707065836	2799	163	PCYOX1L|PLA2G3|TM6SF1|SLC22A4|ITGB3BP|HAT1|NABP1|DARS1|UTP18|TNFAIP8|SMNDC1|LRPPRC|CFAP161|PMS1|TSPAN12|TGFBI|FLACC1|ABCA6|CDH7|TMEM169|EIF4E|RAP1B|EXOSC9|SLC25A3|SAMSN1|POGLUT3|NDUFA5|NIP7|CPED1|GART|C1orf131|MPHOSPH10|SEPTIN11|HSP90AA1|LTV1|L2HGDH|LRR1|BCCIP
GSE3720_UNSTIM_VS_PMA_STIM_VD2_GAMMADELTA_TCELL_UP	0.914386584289497	1	0.228219216915537	0.851179423414417	3107	166	BICDL1|BATF|STAP1|CARMIL2|PDK1|NCOA3|CKS2|MNS1|CTSS|CDCA7|ETNK1|DDX10|RPL39|RRAS2|TCP1|XCL1|INPP4B|EHD3|RNF144A|PSMG1|NOP58|TBC1D19|EIF3C|TENT5A|CARD10|EEF1A1|PRMT3|MYB|IKBKE|RPL4|EIF3M|AIMP1|NACA|GNL3|SGMS1|TRIM59|ATP5PB|TFRC|PHF21A|FUCA1|PAICS|THUMPD1|SSBP2|DKC1|ACOT13
GSE3720_VD1_VS_VD2_GAMMADELTA_TCELL_DN	0.832537313432836	1	0.235914372225355	0.886688398788017	2788	176	CD83|RGS2|PLEKHH2|CSTA|EGLN3|ARID5B|CKS2|HIF1A|ZNF518B|PHLDA1|KIF11|PFKFB3|PEX1|MRPL42|NR4A2|SCCPDH|ATXN10|MRPS6|TTC39C|PLXNC1|LARP7|ASNSD1|VDAC1|MEAF6|TMEM38B|SPCS1|REL|B3GNT2|SNX2|BUB1|MED31|FH|DRAM1|NEU3|TTC33|SLC36A4|STMN1|ANP32B|PSMC2|AKT1S1|MIX23
GSE3720_VD1_VS_VD2_GAMMADELTA_TCELL_WITH_LPS_STIM_DN	0.899427883167721	1	0.229509951291797	0.86708444362166	2986	183	MYO1F|ITGB7|AKTIP|MLYCD|FCGR2B|CMTM6|G2E3|PTBP3|LGALS8|CALB1|SPRY2|CAPN2|SNAI3|NDC80|TRMT10B|NCALD|PXYLP1|CD96|CD164L2|TTC39C|SGCB|TRIM24|RAP1B|LRRC8C|EDC4|ZFAND4|SLC20A1|CLIC4|CRIPT|MEGF9|SEPTIN2|TRAFD1|RIDA|STMN1|ATAD1|PEX5|MON1B|IDH3A|SUPT4H1|ARL4A|BNIP2|AIMP1|CDKN3|USO1|OSBPL3|STARD7|TRAM1|LNPEP|SYNJ1|ATL2|FZD5|THUMPD1|DOCK2|ERCC6L|GPSM2|MRPL33|HEXB|KDM4A|KIF23|FKBP4|PPP2R5A|ACOT9|CEP95|PDCD6IP|FAM204A|CDC42SE1|GAN|KLHL42
GSE3720_VD1_VS_VD2_GAMMADELTA_TCELL_WITH_LPS_STIM_UP	0.939384800965018	1	0.22428354120409	0.849990538465378	3114	187	BICDL1|SENP8|PGM5|TGFBR2|PDK1|SESTD1|ABCC3|FGF13|EGLN3|TMEM51|HIF1A|PRPS2|TFAP4|PPM1A|CEP135|ANKHD1|WASHC4|SCCPDH|RPL39|NKRF|MRPS6|ICA1L|IFFO2|TOX|SYT11|CDK17|JAK2|PPA2|FXR1|SSB|ZMYM5|CACYBP|DDX3X|ANKRD12|RPL7|NMNAT3|QKI|IKBKE|PHF3|TTC3|AP3B1|CCR10|DCUN1D1|AGPAT5|GNL3|SEC63|CDC73|REEP3|TMA16|AMER1|TTC27|ZNF318|ESCO1|OTUD4
GSE37301_COMMON_LYMPHOID_PROGENITOR_VS_CD4_TCELL_DN	0.817649707339037	1	-0.245634975650338	-0.872591606868958	5447	190	TRPM2|MXD3|PCNX1|LYRM9|PBX3|IL15|ZNF224|ATP9B|ITGA4|DYNC2H1|PTPRU|FLT3LG|TECR|PLSCR3|IFITM2|CEP250|STK39|PLEKHA1|STYK1|SLC29A2|ZNF446|ATP2A3|TRIB3|HERC2|MXD4|NAA80|HPGD
GSE37301_GRANULOCYTE_MONOCYTE_PROGENITOR_VS_RAG2_KO_NK_CELL_DN	0.780120481927711	1	0.239450086923217	0.907196026113678	2589	186	FBN1|RGS2|C5orf15|GNG12|RNF13|NCOA4|DHX40|CGGBP1|TAB2|RSRC2|PNPT1|CIP2A|ETNK1|RPAP3|RTN4|KCNJ8|IFRD1|FAM13B|SLC39A1|SEMA6B|TTC14|CFI|IL6R|TMEM176B|GNG10|PPA1|PIK3C3|SUPV3L1|WIPF1|SSB|NGDN|FRG1|ATP11A|ACTR2|CPNE3|ADCK1|SMC3|WSB1|WWP2|AZI2|CD47|CWC15|RO60|KMT2E|ANXA1|THPO|TPP1|TMX1
GSE37301_GRANULOCYTE_MONOCYTE_PROGENITOR_VS_RAG2_KO_NK_CELL_UP	0.989550204452522	1	-0.215394149546094	-0.756653625706268	6533	172	C1QTNF12|DGAT2|MGAT4A|MARCKS|BSCL2|ARSA|TPBG|NDUFA3|EVI5L|PANX2|RNF170|ATF6B|COX6B1|CEACAM19|HSD17B10|RASGRP1|PHLDB1|ATP2A3|SLC4A2|WDR13|PLD2|ELOVL1|MAPKAPK2|ALG12|SLC39A11|KLHL2|SLC38A6|GOLGA2|MAST2|DESI1|AP2M1|GRAMD1A|PTTG1IP|CSNK1G3|EHHADH|H6PD|CTU2|FOXP4|E2F6|SLC12A2|AIFM1|CYTH2|SLC16A1|ZNHIT6|PDCL3|SLC25A37|NAT10|TMEM150A
GSE37301_HEMATOPOIETIC_STEM_CELL_VS_CD4_TCELL_UP	0.672002462675081	1	-0.264495255614382	-0.91831034583105	4365	156	GAA|TEP1|POU2F2|C3|CYFIP2|RAP1GAP2|H2AC15|PLXNB2|RAPGEF5|S1PR5|NUP210
GSE37301_HEMATOPOIETIC_STEM_CELL_VS_COMMON_LYMPHOID_PROGENITOR_DN	0.978054567022539	1	0.215139242545711	0.809095443651883	3297	175	STK38L|MTMR6|FCGR2B|C5orf15|CAPZA2|VPS54|STXBP3|DNTTIP2|ADPRH|HDAC2|FOXJ3|CLK4|MAPK6|RPAP3|SACS|ELMO1|AGK|RBL2|SMARCA5|PJA2|CHN2|C1S|MCTS1|TMF1|NUP205|RHEB|DBF4|TMEM70|ARMC1|CUL3|RBBP8|IPP|ZKSCAN5|SLC25A5|CEP170|NCBP1|ATP5PB|STARD7|ATP6V1B2|ATP6V0E1|SUCLG2
GSE37301_HEMATOPOIETIC_STEM_CELL_VS_GRAN_MONO_PROGENITOR_UP	0.738388360380526	1	0.248112532096347	0.907259356543283	2638	139	SLC9B2|KCTD12|SLC13A4|RNF2|TOP2A|NUDT13|PFKFB3|DCTN4|MAPK6|SYPL1|PUS3|TSC22D2|SMC2|BCL9|GFI1|APOA2|ZFP37|HTR2C|SYT11|XCL1|CEP97|RABL3|ITM2A|SMC6|MYB|PTPN12|ANKRD12|RFC1|CEP152|TTC3|NOD1|PLSCR1|RSF1|GRSF1|ZNF318|TGFBR3|SENP7|TNFSF9|SH3YL1|SUZ12|NAA35|MAP4K5|KDM4A
GSE37301_HEMATOPOIETIC_STEM_CELL_VS_LYMPHOID_PRIMED_MPP_DN	0.750770178681454	1	-0.256565233205358	-0.888842051868001	4873	153	TMCO4|MAPK8IP2|IRF7|TPBG|GTF2H4|KCNK5|SLC3A2|BEND6|COX17|RDH12|RELT|CAMKK1|DNAAF6|AFAP1|TAF15|KRTCAP2|TSPO|TMED1|EID3|SRM|SPN|SYVN1|ITGB1|PARP3|ALG12|SLC38A6|TUBG1|FKBP2|GSTP1|BID
GSE37301_HEMATOPOIETIC_STEM_CELL_VS_LYMPHOID_PRIMED_MPP_UP	0.98595258999122	1	0.213900038014511	0.798902434822492	3368	167	EFCAB12|KCTD12|ZBTB33|LRRC27|RMDN1|RANBP2|MARCHF7|HYCC1|SHQ1|TOB1|ADD3|POLA1|ETV5|WDR26|FBXO3|GCC2|DOCK10|CDKL2|NXPE1|FCGRT|UPRT|TGFBR1|RRM2|TMEM50A|RHEB|TMEM70|RRM1|ELOVL5|TTLL4|RBM22|S100PBP|TOMM40L|HELZ|WBP1|ATF1|ALDH1B1|REEP3|EIF4A2|AKIRIN2|BTBD7|VAPB|SSBP2|IDI1|NFIA|BTBD2|SFPQ|MOCOS|MBD2|PPP3CA|NCKIPSD|CPEB4|KIF23
GSE37301_HEMATOPOIETIC_STEM_CELL_VS_MULTIPOTENT_PROGENITOR_UP	0.914190418435415	1	-0.235155887845759	-0.824350479473426	6029	169	SYPL2|ABCB4|SEMA3F|SLC52A2|HYOU1|SH3BGR|RGS3|D2HGDH|EEIG1|TCL1A|UCHL1|CYTH3|ATP9A|AURKB|PTK2B|SLC27A1|HGS|ELMOD3|PIGR|CALR|MMP15|RPP14|FGFR3|SELENBP1|FAM83H|SLC39A4|F2R|PAQR7|MTMR10|INO80C|RAD50|WNT5B|HES6|SPINT1|ADPRS|C9orf85|INTS5|SOCS3
GSE37301_HEMATOPOIETIC_STEM_CELL_VS_PRO_BCELL_UP	0.936570561456753	1	-0.231777801338939	-0.812677108054979	6171	170	MC1R|WNT11|COL18A1|MAPK13|KIAA0753|MAPK12|ZNF710|C1orf159|MAN1B1|MICALL2|SYNGR4|ICAM1|TNFRSF1A|FEZ1|DCAF15|RHOF|ARHGAP26|MDFIC|BIN1|LRRC20|GPATCH3|SMG6|PPARD|RANBP3|PLEKHF1|NSMF|GRTP1|P4HA2|NPHP4|PTK7
GSE37301_HEMATOPOIETIC_STEM_CELL_VS_RAG2_KO_NK_CELL_UP	0.904417423426197	1	-0.238011292234627	-0.826359745379836	5875	156	SLC26A11|TMCO4|VANGL2|EXT1|ECM1|ARID5A|DOCK4|PRPF31|IFI35|CD101|CYTH3|STARD3|EME2|RBM38|ESR1|FAS|BCL9L|TIMM44|FRMD8|PSMB10|DGKA|TIMM10|PACSIN1|PLXNA3|ARHGEF1|TNIP1|RCN1|NRARP|PAFAH1B3|CD3D|SH3KBP1|CAND2|RPL3
GSE37301_LYMPHOID_PRIMED_MPP_VS_CD4_TCELL_DN	0.876447876447877	1	0.229653364517002	0.878455141815791	2950	195	NXT2|STAP1|TM6SF1|ZNF43|UBE4A|SLC33A1|CDC7|PLK4|RMI1|YIPF1|ST3GAL5|PPT1|NBN|NEK9|ORC4|TMEM59|MKRN1|XPO7|AP3S1|VAV1|OSTF1|NUP133|RCBTB2|CASP8AP2|APPBP2|AGL|PCF11|SQOR|TDP2|GTF2E1|VIPAS39|ACTL6A|PTPN12|TASOR|WWP2|CAND1|SLF2|MINPP1|THOC7|ZNF266|STX7|CLIP1|INPP5B|CLUAP1|CEP76|ATP6V1A|NFU1|PARP4|XPNPEP1|ATAD2|YAF2|TM2D1|ATM|EP300|NPRL2|HSBP1|TPGS2|SUMO2|RAP1GDS1|SOS1|MAP3K5|OARD1|GNAI2
GSE37301_LYMPHOID_PRIMED_MPP_VS_CD4_TCELL_UP	0.715804066543438	1	-0.26041737246286	-0.902187364944693	4646	153	IL21R|TLX1|MCF2L2|MYO16|RTN2|FLT1|GRM3|GALNT14|DAGLA|GNRHR|ATG9A|HDAC4|ENSG00000274253|STC2|USP27X|SLC6A16|MYDGF|CCL24|BICRA|TXNDC15|SFXN3|THAP3|MOCS1|SOX18
GSE37301_LYMPHOID_PRIMED_MPP_VS_COMMON_LYMPHOID_PROGENITOR_DN	0.878349894610057	1	0.231799180082542	0.87573310857572	2916	183	SEMA3A|DCK|IFIH1|MX2|CCL2|CCNG1|C5orf15|ALOX12|DNTTIP2|ADPRH|ARIH1|PTPN2|NPM1|MTHFD2|MRPL42|MSH2|CRLF3|RPAP3|WDR26|ATP1B3|PLGRKT|CMPK2|IFIT3|SMARCA5|EIF2B2|ADRA2C|CASP8AP2|NOP58|RPS27L|PGM2|TCEAL9|JAK2|ARPC3|ARHGDIG|TRA2B|PCGF5|CMTR2|NIP7|LSM14A|ATAD1|TRNT1|ETF1|IL13RA1|PLSCR1|ATP6V1A|GNL3|MYCBP2|BTG1|ZZZ3|MBTD1|METTL9|CDC25C|RAB3IP|INPP1|MBD2|TRIM47|WDR43|AZIN1|GNAI2|NTPCR|AMPD3|RPS6KA3|CRKL
GSE37301_LYMPHOID_PRIMED_MPP_VS_COMMON_LYMPHOID_PROGENITOR_UP	0.800754147812971	1	-0.248515296505498	-0.874581373091063	5308	174	PBX3|SYPL2|IL11RA|PLXNB2|ATXN1|BSN|ACADS|SLC29A1|AATK|AGER|RASGRP1|CDKN2D|UQCC5|PIGR|RFNG|DHRS4|SH3D19|CALR|MMP15|GGCX|MERTK|RALBP1|FAM83H|F2R|TSEN34|KCNN1|RCBTB1|DEAF1
GSE37301_LYMPHOID_PRIMED_MPP_VS_GRAN_MONO_PROGENITOR_DN	0.96546591247395	1	0.219074138890844	0.835837641227237	3242	193	NXT2|LBHD1|STAP1|MX2|MAN2B1|ANKRD36B|SLC33A1|CDC7|RMI1|YIPF1|ST3GAL5|PPT1|FGGY|ZNF518A|TMEM168|TMEM59|MKRN1|SC5D|SCCPDH|MSANTD2|MPHOSPH9|AP3S1|CASP8AP2|PRKCI|HAUS5|SQOR|ROCK1|FBXL4|SOCS2|PHTF2|ARPC3|CUL2|ZMYM6|BFAR|CMC4|WWP2|DMTN|ZNF217
GSE37301_MULTIPOTENT_PROGENITOR_VS_CD4_TCELL_DN	0.992517210416043	1	-0.213634482248471	-0.757447737398023	6631	186	KLC4|PTPRB|IL11RA|MARCKS|BSCL2|C5|CARD19|SLC29A1|NDUFA13|TNK2|NXF1|LGALSL|IFT27|B3GAT3|ATOX1|TSFM|MED24|STXBP2|XPC|MAP4K2|WDR13|NTHL1|DEF8|RETREG2|ATP5IF1|C6orf136|ITGB1|UNC45A|RPL10|NDUFC1|TSSC4|DCTPP1|MFGE8|NDUFB11|PMP22|CENPB|ACP2|TIMM17B|GCAT|MCM7|NRBP1|SMARCE1|WDR20|EBP|CRCP|SEPTIN9
GSE37301_MULTIPOTENT_PROGENITOR_VS_CD4_TCELL_UP	0.992011412268188	1	0.211609404306712	0.778516057154492	3476	149	BICDL1|PTPN6|DCK|FOXO1|CHN1|CAMSAP2|TLE4|PDE3B|KDM7A|PJA1|CRLF3|CHPT1|ATP1B1|TNKS2|OSTF1|PRRG1|REEP2|IL6R|RNF144A|SLC20A1|EXOC6|PVR|MYB|EEFSEC|PEX5|NOD1|NMRK1|DDX6|STK4|BZW2|PHF21A|STX17
GSE37301_MULTIPOTENT_PROGENITOR_VS_GRAN_MONO_PROGENITOR_DN	0.992662473794549	1	-0.213314440141237	-0.755341356214262	6628	182	UBL3|OSMR|IRF7|PSMB9|QSOX1|TAP1|UBA7|TRIO|IFIT2|CRYBG1|ICAM1|LGALS3BP|NOP2|GBP2|SLC10A3|ISG15|PSMB10|FBXW4|UBR4|NPDC1|HIP1R|TAPBP|EXTL3|CMTR1|POLR2A|CD3D|OGFR|HSPA1A|IL6ST|HES1|PDIA5|PSMA7|PSEN1|GPANK1|ZNFX1|IRF1|JUN|ABHD16A|AP1G2
GSE37301_MULTIPOTENT_PROGENITOR_VS_GRAN_MONO_PROGENITOR_UP	0.916401635620173	1	-0.234756730145758	-0.824672032170137	6050	172	HPX|ABRACL|ANPEP|CD14|EXT1|HELB|EPS8|MYL11|TCIRG1|IFIT2|TPD52|SLC6A8|TNFRSF1A|GLG1|EFNA1|BCL3|ACTN2|C5AR1|ROM1|ISG15|SHISA5|SLC1A5|RFX1|IL17RA|FGFR3|CDCP1|TSC22D1|CD2BP2|ID1|GRINA|EXTL3|HOXC6|PDCD7|FANCG|LMNB2|PDK3|GATA2|SENP3|ZNFX1
GSE37301_MULTIPOTENT_PROGENITOR_VS_LYMPHOID_PRIMED_MPP_UP	0.977822007392664	1	0.217489967148608	0.79959470515053	3438	147	PTPN6|HERC3|TRUB1|TMEM86B|GGPS1|AASDH|PARP11|PUS3|SLC44A1|NLK|BCL9|DCAF6|VAV1|TRMT10B|TTC14|CD96|RNF148|PCDH1|MTHFSD|MTRR|AASDHPPT|SPNS1|TARS1|ZFC3H1|FAM3C|RPRD1A|DNAAF10|UTP15|IKBKE|TPST1
GSE37301_MULTIPOTENT_PROGENITOR_VS_RAG2_KO_NK_CELL_DN	0.965264261116934	1	-0.224840216920941	-0.796747769594399	6446	184	SCX|HPX|OSMR|RNASEK|CRIP2|CLDN7|FAAP20|MT2A|CIAO2B|LBP|ICAM1|AURKB|LGALS3BP|FGD1|ESR1|MX1|FAS|ID3|RAMP1|VPS72|TRIP6|MAP7D1|RHOB|SDHAF2|PLEC|HIP1R|UBE2J2|RCN1|NEK6|PDIA5|S100A6|SRRT|GAS6|LY6E
GSE37301_MULTIPOTENT_PROGENITOR_VS_RAG2_KO_NK_CELL_UP	0.99789726644638	1	0.203981334865183	0.76893008714378	3321	180	TBX3|IL12RB2|TBCEL|CRYL1|RTL8B|FAM107B|NCOA4|XPR1|PPP6C|GLE1|RAB23|RDX|YWHAQ|OAT|RMND5A|XPO7|SPAST|MFSD4A|MAPK1|ISOC1|KIT|LGALS4|CPOX|RTN3|DDX5|RRM2|TSNAX|PRMT3|CAPN7|HSPD1|CDK2|PPP3R1|SACM1L|TMEM245|NUP88|C6orf62|VAMP3|KIAA1191|CHMP1B|NPEPL1|WBP11|WBP1|STARD7|SLC39A8|GRSF1|USP48
GSE37301_PRO_BCELL_VS_GRANULOCYTE_MONOCYTE_PROGENITOR_DN	0.829961977186312	1	-0.245814603022245	-0.859324869387053	5456	164	TEP1|SRGAP3|BCO2|PCBP4|CRIP2|ATXN1|PTPRU|ACADS|GPR68|SLC38A10|ADGRE5|PDCD1|TNFRSF8|CRYBG1|JAZF1|KLF12|TMTC2|NSDHL|PLK3|RHOB|SGK1|CEBPB|PPP1R3F|UNC45A|SELENOI|ITGAV|ID2|AKAP7|MGAT4B|LMNA|FLOT1|NIBAN1
GSE37301_RAG2_KO_VS_RAG2_AND_ETS1_KO_NK_CELL_DN	0.998495335540175	1	0.202024979204048	0.764219370389796	3317	184	PDK1|TBCEL|CCN1|CDC7|C5orf15|HSDL2|FMR1NB|ME1|GLE1|KIF3C|ABCD3|LYPLA1|PPM1A|CHPT1|DDHD2|RAB3D|PGRMC2|GRPEL2|ABCB10|SPAST|MFSD4A|SAR1B|INCA1|PSCA|LGALS4|SMIM20|SLC30A1|ZW10|PPIG|WAC|CNOT2|CELF2|DNAJA2|FAM3C|TRDMT1|TMEM68|BIRC2|TMEM245|GTF2B|CYB5B|INTS6|WBP1|STARD7|STX8|GRSF1|GHITM|VAPB|CIB2|PRDX5|GOT1|ZC3H14|TPGS2|CCDC88A|LACTB2|EIF1|ARMC10
GSE37301_RAG2_KO_VS_RAG2_AND_ETS1_KO_NK_CELL_UP	0.918474195961107	1	-0.233446347520709	-0.826373685651529	6139	181	UBL3|KLC4|C3|OSMR|CD14|COL14A1|C5|MAG|HBB|SH3BP2|COL1A1|ATP13A1|TSPAN4|CLIP3|COL6A1|LGALSL|RRBP1|CPS1
GSE37416_0H_VS_12H_F_TULARENSIS_LVS_NEUTROPHIL_DN	0.998802036537885	1	0.198062553429215	0.753308145486894	3334	190	CD83|CCNG2|TNFRSF14|PDK1|EMC9|LGALS3|DARS1|BNIP3L|ZNF277|KLF10|B3GNT5|MAPK6|RNF103|MAPK1IP1L|MXI1|NAB1|SNAPC1|SIAH2|SKIL|MTCH2|INSIG1|TMF1|ERO1A|ARL5B|CNOT2|RBPJ|RAPGEF6|CDK2|HPS5|ZBTB25|BRAF|ATG12|KMT2E|QKI|ATP13A3|CFDP1|ASCC1|WBP11|GABARAPL1|TFRC|SAV1|USP28|SGTB|GGT1|ATP6V1C1|ZC3H7A|AKAP10|FUT11|MAFF|NUP58|MAP1LC3B|PATL1|FKBP15|TBC1D7|VDAC2|AZIN1|AMPD3|RASSF5|SEC31A|PHTF1|FTH1|USP37|MFAP1|GZF1|SGF29|TNFAIP3
GSE37416_0H_VS_12H_F_TULARENSIS_LVS_NEUTROPHIL_UP	0.982204276955286	1	-0.218384608451997	-0.774389991861914	6567	185	GAA|ADAM19|DYSF|CCPG1|CNTNAP3B|LILRA2|ZNF467|PBXIP1|RPGR|SLC12A9|LPCAT3|REX1BD|MIIP|MNDA|NUDT16|SMPD3|TBCB|ARHGAP26|TSPO|RRP12|TREML2|JUNB|DEF8|MGRN1|ARHGAP1
GSE37416_0H_VS_24H_F_TULARENSIS_LVS_NEUTROPHIL_DN	0.999549211119459	1	-0.200529419643248	-0.712493488122495	6651	191	CYFIP2|HAPLN2|TBC1D2|SNN|PIK3C2B|P2RX4|KCNK5|HCST|DDX41|ITGA7|SGSH|IER3|ICAM1|LAMB3|ATP6V1F|STX4|ACP6|LZTS2|ZC3H12A|GUK1|DGKA|HPCAL1|SLC2A3|SLC25A16|NR4A1|GPAA1|TNFRSF1B|MALT1|SNHG12|GRINA|DYNC2I1|MCOLN1|ZBTB1|NFKBIB|TXNDC11|MAFG|FAM50A|PPME1|WDR45B|TRAF3|SLC25A26|CRTC2|SETD5|CCDC107|P4HB|MTFP1|NFKBIE|EIF4EBP1|EDEM1
GSE37416_0H_VS_24H_F_TULARENSIS_LVS_NEUTROPHIL_UP	0.723569931117101	1	0.242655382794016	0.92291184396096	2415	190	AIF1|AGO4|LST1|SNX18|WDFY3|MANSC1|KAT2B|CSTA|GOLPH3|RMI1|YIPF1|HIPK3|MAP3K1|ABHD3|SLF1|UTRN|TMEM30A|CRNKL1|ZNF92|KPNA2|SCP2|IL6R|IFIT5|ADCY10P1|ALDH9A1|SOS2|UBE2E3|CAB39|MBOAT2|KCTD21|FCGR2C|SOAT1|TOPORS|ACTR2|GIMAP2|ANKRD50|R3HDM4|WAS|CHMP5|MFSD14B|GCNA|BCLAF1|MAPK14|LPCAT2
GSE37416_0H_VS_3H_F_TULARENSIS_LVS_NEUTROPHIL_UP	0.999100449775112	1	0.198312755331158	0.753509134164766	3331	189	ZNF443|CSTA|SLC25A44|RMI1|TMCC1|NT5C3A|AMD1|MAP3K1|GNAQ|ABHD3|RAMAC|ZNF468|RPAP3|CCP110|NDC80|UHMK1|PLGRKT|RNF6|PCNP|RCBTB2|OTULINL|CMTM7|JAK2|FBXL4|CNOT3|TRAPPC2|PYGL|CARD6|AGGF1|ACTR2|SNX2|SCAMP1|RABGAP1L|BAG4|GIMAP2|R3HDM4|UBE2D1|NRF1|TMX1|UPF2|CEP85L|CAPN1|SLC35A1|HTATIP2|LNPEP|TM2D1|DSN1|H2AC6
GSE37416_0H_VS_48H_F_TULARENSIS_LVS_NEUTROPHIL_DN	0.857142857142857	1	-0.242121087277279	-0.85734500820011	5723	182	MIR9-1HG|C3|PIK3C2B|NACA4P|P2RX4|APBA3|DDX41|SLC3A2|TNFRSF8|ICAM1|ACVR1B|ATP9A|CAPN12|ATP6V1F|STX4|TKTL1|TPT1-AS1|CALR|ACP6|TJAP1|GUK1|HPCAL1|RASSF7|SPHK1|HEXA|SNX8|GPAA1|TNFRSF1B|SNHG12|DYNC2I1|MCOLN1|ZBTB1|TRPT1|HMG20B|NFKBIB|GCHFR|TMEM214|DTNBP1|TXNDC11|MGAT3|LPCAT1|MAFG|FAM50A|JMY|GNL1|ARMCX3|CLK3|CYC1|NBEAL1|MGAT1|P4HB|EFNA3|MTFP1|NFKBIE|SNPH|EIF4EBP1|EDEM1
GSE37416_0H_VS_6H_F_TULARENSIS_LVS_NEUTROPHIL_DN	0.876632147681225	1	-0.238912767536186	-0.848711691704166	5840	190	MIR9-1HG|LATS2|CYLD|SNN|DOCK4|DDX41|SLC3A2|PPCDC|CXCL16|PDLIM7|IER3|ICAM1|LAMB3|TOM1|PIK3IP1|STX4|BRD4|CYB5D1|CHMP4A|SLC16A3|GPATCH2L|HMGXB3|GUK1|RASSF7|SLC2A3|SPHK1|RILPL2|MADD|MAPKAPK2|TRIM39|IPPK|ZBTB1|TGIF2|RHCE|ENTPD4|FKBP2|BORCS5|BID|TENT4A|TXNDC11|KCNH2|NINJ1|ARMCX3|ATXN2L|CRTC2|CDKN1A|NBEAL1|PTPN7|SH3D21|EFNA3|NFKBIE|EDEM1|HMGA1|ATP1A1|CUX1
GSE37416_0H_VS_6H_F_TULARENSIS_LVS_NEUTROPHIL_UP	0.70440251572327	1	0.24386256114527	0.927503207998785	2351	190	DOP1B|AIF1|RPGRIP1|WDFY3|MANSC1|SGPP1|SLC25A44|RMI1|UBR3|TLE4|HIPK3|MAP3K1|DERA|GLUD1|EIF4E3|ALG6|SLF1|ZNF92|EPS15|COP1|HSD17B11|CMTM7|TRIM24|FCGRT|SMIM20|CHAC2|KLHL8|JAK2|KCTD21|FCGR2C|EXOC6|RESF1|PYGL|SCAMP1|SEC23A|ZMPSTE24|NF1|UBE2D1|INPP5B|MFSD14B|GCNA|ITM2B|LPCAT2|CAPN1|CSAD|TMT1A|ARL6IP6|YWHAH|SLC35A1|NCOR1|FDFT1|ZYG11B|USP48|PHKA2|DSN1|ATM|BICD2|CD46|MCL1|ABHD18|DUSP12|STK38|KIAA0040|GAB1
GSE37416_12H_VS_24H_F_TULARENSIS_LVS_NEUTROPHIL_DN	0.827374719521316	1	-0.244434222381199	-0.867739030088852	5530	188	SLC26A11|SUZ12P1|RNASEK|TBC1D2|LILRA2|PIK3C2B|NACA4P|CLN3|SYNE3|FCRLB|TMEM144|UBL7|SGSH|COLEC12|LONP1|PPFIA4|CLCN7|PIK3IP1|MIF|ARHGAP26|SMARCC2|IL18BP|SMDT1|IGF2R|PPP6R2|ARID3B|ZBTB20|HEXA|GNPTG|PHC1|SNHG6|GNS|NISCH|VAC14|PDCD7|DTNBP1|TMC6|TMUB2|NUMA1|FAM50A|ABCA5
GSE37416_CTRL_VS_12H_F_TULARENSIS_LVS_NEUTROPHIL_DN	0.850638617580766	1	-0.241970803766295	-0.859737300920554	5660	191	NFKBIZ|TBC1D2|THAP8|CARD19|H2BC13|IL4I1|CLN3|DDX41|SLC3A2|FCRLB|NXF1|TNFRSF8|C17orf49|ATG9A|LONP1|ICAM1|EXOSC4|RELT|PIK3IP1|SERPINE1|MFSD12|VPS18|IL18BP|ZC3H12A|RNF181|GUK1|TBC1D10A|HPCAL1|CEBPB|NR4A1|TNFRSF1B|PER1|G0S2|EPOP|GRINA|RTL8C|TNIP1|FKBP2|KDM4B|PRICKLE3|NINJ1|WDR45B|FAM210A|PDXK|CYC1|SLC25A26|CRTC2|GRAMD1A|NARF|SH3D21|VGLL4|P4HB|MTFP1|NFKBIE
GSE37416_CTRL_VS_3H_F_TULARENSIS_LVS_NEUTROPHIL_UP	0.655452087714028	1	0.249693440283024	0.941246898511338	2181	180	MPZL3|LBHD1|DNAAF9|PPP1R3D|CETN3|SLC25A44|TRIM23|ABHD17B|PCBP1-AS1|CORO1A|PSMC1|JKAMP|MACIR|DCLRE1C|TMEM59|RINT1|CRLF3|RBM41|MRPS22|RPL32P3|TXNDC9|SLC40A1|CDC14B|CAP1|CARD6|RABGAP1L|MED31|TIGD1|WAC-AS1|UTP15|MRPL30|RBM12B|MBNL1-AS1|GALNT1|PTPRC|HMGB1|RCN2|CEP76|ASAH1|PEX2|DNASE1|DEPDC4|GRSF1|ZNF281|BTBD7|CCDC66|RPL7L1|ASH1L|LYSMD2|RNF130
GSE37532_TREG_VS_TCONV_CD4_TCELL_FROM_LN_DN	0.677086449297039	1	-0.259129808211981	-0.919167946445755	4526	187	NFKBIZ|STX11|CIITA|DERL3|NDUFA3|ARID5A|CLN3|EEIG1|PHPT1|DENND1C|KLF12|DENND11|TMEM208|RRBP1|SLC19A1|ICAM1|NOP2|IL2RG|RHOF|NFIL3|KCNAB2|PCED1B|PCNX3|SNHG17|DUS3L|CALR|SLC10A3|STING1|FANCA|CHD1L|STOML2|PSMB10|SLC2A3|PLK3|PPP1R12C|NR4A1|GRIPAP1|PARP3|ZNF579|RAB30|TANK|THOP1|SYS1|BID|TMC6|MRPL24|QTRT2|IQSEC1|ZMIZ2|NDUFA7
GSE37532_TREG_VS_TCONV_CD4_TCELL_FROM_LN_UP	0.84419689899142	1	-0.242458750724263	-0.862231336774192	5607	193	SAMD11|BSPRY|BSN|HYOU1|SNHG32|TNFRSF8|ECI1|MFSD2A|SLC19A1|WDR46|ICAM1|NOP2|MIF|NFIL3|MED22|ZDHHC23|TMEM109|MUC1|SNHG17|YDJC|DDT|SRM|RPP14|CHD1L|ENDOG|ALG3|TIMM10|C6orf136|CLUH|MCRIP2|TMEM147|SF3A2|TSR2|C19orf48P|NOPCHAP1|DBN1|EEF1D|SURF6|PRMT1|WDR74|EXOSC7|ELP5|PARL|PRAF2|FTSJ3|METTL13|POLR2I|NOP56|GPATCH4|CCT3|COQ4|MFHAS1|GPR89B|YAE1|C7orf50
GSE37532_TREG_VS_TCONV_PPARG_KO_CD4_TCELL_FROM_LN_DN	0.984839476813318	1	0.213462855803685	0.815541577441001	3312	194	CD83|PTPN6|EGR3|CD40|DNAH1|ZNF573|CCL4|TET3|MOB3B|ABCE1|PUS3|SHQ1|TMEM123|INTS6L|MFSD1|SLC39A1|RPF2|JAK3|EGR2|RIOK2|RRP15|LCP1|EIF5B|NAMPT|EIF4G3|WSB1|NIFK|EIF3J|APEX1|RAB3GAP2|SEMA7A|PAK1IP1|TPP1|RBM25|ETF1|CEP85L|EFR3A|PLSCR1|CFAP97|SSBP1|SRPRB|MIOS|DDX21|ATP6V0E1|DIMT1|DHX33|RPL7L1|PNP|HSPA5|GALNT7|WDR3|FAM98A|WDR43|ZNF317|ANKRD17|EFCAB14
GSE37532_TREG_VS_TCONV_PPARG_KO_CD4_TCELL_FROM_VISCERAL_ADIPOSE_TISSUE_UP	0.90917239318793	1	0.22820256662479	0.868646399525903	3042	191	ZC2HC1A|MYO1F|BATF|RYR1|LGALS3|TCF7|CNIH1|KLF10|B3GNT5|MACIR|ZNF770|SC5D|PPIL1|GRPEL2|MRPL50|NEIL3|IPMK|ICA1L|SYTL3|TTC39C|SYTL2|RNF125|CHAC2|RPS27L|UFM1|TIMM23|CPSF2|LAMTOR3|YARS2|MTA2|RNPC3|HSPD1|MED31|NIFK|PSMA6|CITED2|PFN1|PSMC2|MRPS33|CYB5B|CFAP298|OSBPL3|RYK|ECHDC1|CISD1|FABP5|IL1R1|TRAK2|PAICS|IDI1|AHCY
GSE37532_WT_VS_PPARG_KO_LN_TCONV_DN	0.97690808217124	1	-0.220801308774789	-0.779317466535663	6514	177	CLDND2|SEMA4D|H2AC15|IFI30|S1PR5|COPS9|PSMB9|TRPV2|MICOS10|ETFB|RNF170|COX17|ITGAX|CRYBA2|TNFRSF1A|THEMIS2|TBCB|ENTPD1|TACC3|TAP2|CTSD|PRF1|PHF11|TRAPPC1|SELENOS|ITGB1|CDCA3|ITGAV|UGDH|GTSE1|ID2|RNASE1|FKBP2|HELLS|CAPG|H1-5|CDC34|S100A6|MAST2|SH3BGRL3|FAM185A|PTPN7|MSRB1|ADAM8
GSE37532_WT_VS_PPARG_KO_LN_TREG_UP	0.902431878113097	1	0.230133629267123	0.857633946485728	3079	165	LNX2|CD44|SGPP1|STRADB|ARID5B|TEX15|ABCC4|NAAA|EGR1|CD80|NSUN3|PSMA1|MAPK1IP1L|NUP35|NFAT5|TRIM13|FEM1B|DYM|IFIT1|UPRT|WASHC3|WIPF1|KCTD6|RAPH1|PARD6G|RAB2B|NEU3|CITED2|PPP1R16B|ANXA1|WIPF2|BMP2K|GLT8D1|PTPRJ|LIX1L|CIZ1|HELZ|WBP11|ATXN7L1|ETV6|DCAF12|CAT|SCMH1|ARID1B|IFT20|POMT2|FKBP15|ZFP36|BLTP3A|FOSL2|FOXO4|TGFBRAP1
GSE37532_WT_VS_PPARG_KO_VISCERAL_ADIPOSE_TISSUE_TCONV_DN	0.789890377588307	1	0.23768636081898	0.907998843983983	2593	198	TCEAL1|PELI2|ATG4A|BNIP3L|DOK4|NOL11|TMEM168|ZFTA|LRPPRC|TJP2|OLA1|RMND5A|RBMX|FEM1B|SNX4|PSMG1|SLC25A36|ANKRD28|CARD10|SAMSN1|FAM200C|SNX13|GTF2E1|FRG1|NARS1|DLG1|MTMR4|ZMAT3|FBXO28|HEATR1|MEGF9|HMG20A|CFAP20|SEPHS1|APEX1|CUL3|CLNS1A|ANP32B|PMPCB|DHX57|PARK7|MAPK14|AGPAT5|DAD1|USP12|SIK2|UBE4B|BZW2|ATP5PB|RAB4A|CENPS|TRAK2|UTP25|DKC1|EEF1E1|BICD2|U2SURP|PHF10|SNRPD1|SFPQ|GORASP2
GSE37533_PPARG1_FOXP3_VS_FOXP3_TRANSDUCED_CD4_TCELL_PIOGLITAZONE_TREATED_UP	0.938108796643189	1	-0.229956589498808	-0.813250940013228	6259	180	SLC22A18|IRF7|PRDM11|RAPGEF5|RASGRP3|SCN5A|PSMB9|ZNF467|IFITM1|RABAC1|UBA7|IFITM2|IFI35|IFI16|IFIT2|HERC6|RIGI|LTB4R2|THEMIS2|SHFL|SEMA6A|AFAP1|MX1|IFITM3|TRIM26|TRADD|ID3|ISG15|DDO|SP110|PHF11|SIDT2|SNX11|CNP|OAS3|CMTR1|CCDC85B|OGFR|PARP12|RUSC1
GSE37533_PPARG1_FOXP3_VS_FOXP3_TRANSDUCED_CD4_TCELL_UP	0.990995047276002	1	-0.214058653139046	-0.760420146244544	6602	190	ABRACL|CYFIP2|HSF4|GKAP1|CUBN|TASP1|SLC46A1|LCAT|SLC52A2|ITIH5|RRBP1|LOXL3|CLDN12|MIF|SRR|EME2|NFIL3|QSOX2|FAS|RSPH14|TIRAP|ARHGEF10|NAPRT|SRM|SLC7A1|RHOB|ZSCAN25|WDR83OS|NDUFC2|MCRIP2|GLMP|DCTPP1|PNPO|PSMB4|GOLIM4|RNASET2|SLC25A35|JMY|CCDC28B|DMAC1|PTRH2|DNAJC4|PCGF2|EBP|PLCD1|MRPS12|SEPTIN9
GSE37533_PPARG1_FOXP3_VS_PPARG2_FOXP3_TRANSDUCED_CD4_TCELL_UP	0.993626707132018	1	-0.213561618795727	-0.748806131354448	6547	170	AOC2|DPM3|RABAC1|TNK2|BSG|NBEAL2|TRAIP|RPP21|LYPLA2|SAC3D1|CXXC1|LAMB3|PPP1R16A|SMIM11|TMEM18|AKAP8L|AMPD2|FHIP2B|YIPF3|B9D2|WDR18|CPNE7|UNKL|TMEM199|NR4A1|PLEKHF1|WRAP73|TK2|BID|SAMD8|NUDT7|NOL6|DICER1|BCL7A|PHF2|ATXN7L3|TXN2|PRKRIP1|PCGF2|CTU2|ZCCHC17|OTULIN|OPA3|MINDY3|IKZF5|KRBA1|SIPA1|RREB1|MEN1|TMEM11|SDHB
GSE37533_PPARG2_FOXP3_VS_FOXP3_TRANSDUCED_CD4_TCELL_PIOGLITAZONE_TREATED_DN	0.884441769485405	1	0.230968903262534	0.873708343029389	2938	184	CAMKMT|PPP1R3D|CREBL2|CD3G|CTF1|VPS26A|HIF1A|MTREX|CTSS|UBA5|MLF1|PEX3|THG1L|MEF2C|PALS2|EPB41L5|SNX24|SDCBP|MRPL39|OCRL|KCNS3|TLN2|POU3F1|SYNE1|EPB41L4A|NKX3-1|LGALS13|HS3ST2|C1GALT1|SOCS2|TIPIN|IL10RA|TMEM50A|ACBD4|EIF4G3|PEX13|ZNF669|BACH1
GSE37533_PPARG2_FOXP3_VS_FOXP3_TRANSDUCED_CD4_TCELL_UP	0.989841649238124	1	0.211967808539953	0.806849267415842	3312	191	RGS2|ATG4A|CLK4|FASTKD1|MRTFB|SPRY2|ZFAND1|ZFTA|TJP2|RMND5A|INTS8|TCP1|POGLUT2|SNX4|ZFP37|RIT1|SLC25A36|LDHB|SAMSN1|FAM200C|SNX13|SUPV3L1|FRG1|CAPN7|ZMAT3|CCT4|MLLT11|HMG20A|SEPHS1|PSMD10|APEX1|CUL3|CLNS1A|TIAM2|TTC3|MAPK14|CD93|GALNT10|USP12|SIK2|ZFAND5|UBE4B|SEPTIN8|CENPS|TRAK2|UTP25|SRPK1|SKP2|METTL9|DKC1|EEF1E1|BICD2|PHF10|RMND1|SNRPD1|FAM98A|KDM1A|PIK3CB|HSPA4L|POLQ|PRPF38B|MICAL2|BRCC3|CEP83|PRCC|PHF20|ACO1
GSE37533_UNTREATED_VS_PIOGLIZATONE_TREATED_CD4_TCELL_FOXP3_TRASDUCED_CD4_TCELL_DN	0.852964057880815	1	-0.246178644930824	-0.842077698612616	5481	136	SCX|NDST2|STX11|PIEZO1|KRTCAP3|AMZ1|TAP1|TRPV2|CD19|HSPB6|ABCA4|MYH7B|HFE|SDF2L1|CRACR2B|STARD3
GSE37533_UNTREATED_VS_PIOGLIZATONE_TREATED_CD4_TCELL_FOXP3_TRASDUCED_CD4_TCELL_UP	0.977901406274146	1	-0.2222335838322	-0.764273149281215	6327	142	TBC1D1|RGS20|GASK1B|CPEB3|SH3BP2|KCNC3|ANO3|NCCRP1|RSPH9|STK39|IER3|SERPINE1|TBRG4|ADAP1|H1-7|TNKS1BP1|STING1|PMPCA|SPHK1|SELENOI|PINLYP|CNP|TGIF2|SAMD8|UBFD1|STMN3|MRPL46|EIF2B5|TGS1|CARS1|TLCD5|SEC11C|OTULIN|TOMM5
GSE37533_UNTREATED_VS_PIOGLIZATONE_TREATED_CD4_TCELL_PPARG2_AND_FOXP3_TRASDUCED_DN	0.991074176669744	1	-0.214837955299489	-0.744983701381949	6439	154	IDUA|HSF4|ZFTRAF1|HDAC10|TMEM63A|TUBGCP6|JMJD4|KLF12|PTK2B|RGP1|RBM38|RGS14|ODAD1|SDR39U1|COBLL1|WDR83|TBCD|MAP4K1|TMEM161A|PPP6R2|MED24|GATD1|GRHPR|UNKL|TMEM42|TMEM120A|MLEC|DUSP7|VPS39|TUBGCP2|ZMYND11|RNF24|STARD10|TRAF3IP2|CSTB|PYM1|CC2D1A|BCL7A|PI4KA|HIP1|FAM8A1|PGAP6|H6PD|CHRNB1|MAVS|MLF2|ACSS2|IKZF5|SLC41A3|RNPEPL1|MAPKBP1|GATB|EVA1B|PPT2|ZDHHC18|PLCB3|SLC11A2|CFL1
GSE37534_GW1929_VS_ROSIGLITAZONE_TREATED_CD4_TCELL_PPARG1_FOXP3_TRANSDUCED_UP	0.93212155637603	1	0.228106068098067	0.839311370327537	3281	148	FEM1C|ADTRP|ASAH2|IGSF9|PDIK1L|ANKRD49|STARD9|TRIM6|ARL8B|RANBP2|PLEKHA5|PSMA1|IPO7|PIKFYVE|ZFYVE26|MFAP3|SIAH2|RPF2|PAK3|TTC9B|SRP9|IL10RA|CELF2|EIF5B|YARS2|ATG9B
GSE37534_PIOGLITAZONE_VS_ROSIGLITAZONE_TREATED_CD4_TCELL_PPARG1_FOXP3_TRANSDUCED_UP	0.830865859129655	1	-0.244975398417646	-0.865585609283897	5555	178	TCTN2|CDC26|AARSD1|FAM234B|HDAC10|RABAC1|MTG1|SLC29A1|SYNGR2|RPP21|PLA2G15|PDE6D|FLT1|TPD52|MICU3|SCRIB|TTYH2|TBXAS1|YIPF3|FANCA|PPP6R2|XPC|WDR18|FBXL20|ATPAF2|TMEM120A|MRPS21|ANKRD9|SUSD3|YKT6|PTGES2|PDCD7|BID|KDM8|IQSEC1|ZSCAN2|ALDH6A1|NUP188|BCL7A|C6orf47|TAF6|FANCE|SESN2|PSMD9|AP5S1|GALNT2|STARD5|UHRF1|FAM168A|RAB24|CDC37L1|LIG4|MLF2|SLC39A7|RRAS|TSPYL4|TMEM11|CBY1|SDHB|UQCC1|ATP5MC3
GSE37534_UNTREATED_VS_GW1929_TREATED_CD4_TCELL_PPARG1_AND_FOXP3_TRASDUCED_UP	0.729411764705882	1	0.244695852635762	0.920447109537283	2417	178	ZNF107|DHX58|CREBL2|HLA-B|DNAJC28|USP25|ZFPM2|PLD1|HIF1A|ZNF277|LGALS8|UAP1|MEF2C|GDI2|PALS2|ZNF274|WASHC4|ZFYVE26|IFRD1|HK2|HOMER1|FRAS1|ABCA6|SCN8A|HLA-C|MRPS31|PCF11|CRBN|TENT5A|SOCS2|CSRP1|HBEGF|TMEM50A|PIGH|IFI6|ETV7|EBAG9|FZD4|UXS1|PIGC|SHB|GLUL|GTF2B|C6orf62|KBTBD2
GSE37534_UNTREATED_VS_PIOGLITAZONE_TREATED_CD4_TCELL_PPARG1_AND_FOXP3_TRASDUCED_UP	0.981643093590129	1	0.214594125051502	0.811765890447484	3261	184	FOSB|DCK|PCOTH|MS4A6A|MANSC1|TMEM53|BLTP3B|PECR|PAQR3|MRTFB|HIBCH|PLEKHF2|SMC2|NLK|NDC80|NUP133|RBKS|S1PR1|KIT|SLC4A4|TRIM24|SOS2|SIRT5|PCNX4|NR2C1|LRP12|CTNS|ZMAT3|BECN1|NIP7|LSM14A|DARS2|RCOR3|MAGI2|GPR153|PGAP3|KIF14|IPP|CEP57|USP12|H2BC8|MRS2|SGMS1|MIOS|WBP11|MED9|ZNF318|TGFBR3|POT1|AFP|RMND1|PEX19|PORCN|RLIG1|PIK3CB|SRSF10|CDK19|PDCD2|CCDC69|EFNA4|YTHDC2|ZEB2|NAA16
GSE37534_UNTREATED_VS_ROSIGLITAZONE_TREATED_CD4_TCELL_PPARG1_AND_FOXP3_TRASDUCED_DN	0.847126090881733	1	0.234163074376187	0.885791242119444	2814	184	DEPP1|ATXN7|GNA13|C3orf52|MX2|GNAT2|IL10RB|ABHD17B|BATF3|MBTPS2|BCAP29|AFF4|PTGS1|LGALS8|PIK3CA|MACIR|RINT1|SLK|TRIB1|ZNF814|IFIT3|HK2|HECA|ERAP2|TMEM140|DOCK10|IFIT1|HSPB8|RAB36|UFM1|RPE|SOCS2|SOAT1|IFI6|NAMPT|CHST3|DBF4|PIGC|PTPN12|MOB1A|TRAFD1|RB1|TIA1|FANCF|PTPRA|NMI|PLSCR1|AMFR|RIPK2|HERC4|STX17|CHM|ATF3|EIF2AK2|BAK1|MAFF|GOT1|ZFP36|MOCOS|DYRK3|FOSL2|RAB20
GSE37563_WT_VS_CTLA4_KO_CD4_TCELL_D4_POST_IMMUNIZATION_UP	0.735030777839955	1	0.248385205834092	0.908256427500411	2626	139	MPP3|SERINC5|MDP1|REV3L|WDR5B|PLD1|LGALS8|NEK9|PNPLA7|RIF1|RBM4B|SCP2|FAM174B|CFI|CEP97|PCMTD1|POU4F1|DDX5|ZDHHC17|RAPGEF6|IREB2|WDR11|ATE1|HPS5|PPM1K|KLHL6|LMBRD1|SLC25A5|EFR3A|MIER1|ASTN1|AVL9|HLTF|CDC73|HELZ2|STX17|ATM|DYNC1LI2|SMURF1|OSBPL2|PARP14|VPS13C|CEP95|DDX17|ADAM17|GMCL1|NFXL1|SETX|SNRNP48|AHCYL1|PPCS|ARHGAP15|PARG|APAF1
GSE37605_C57BL6_VS_NOD_FOXP3_IRES_GFP_TCONV_DN	0.930424864556601	1	0.228826720654849	0.840494771205083	3262	146	TTK|FCGR2B|GNA13|PLK4|SERPINI1|AMN1|ARID5B|BRMS1L|S1PR2|AMZ2|TMEM59|RINT1|SUMO1|MED13|ESD|RBM7|HOMER1|POU3F1|ELL2|DUSP10|NCAM2|IFT57|SPDL1|PHLPP2|ENDOD1|BAZ1A|FILIP1|RNF25|HEYL|WIPF2
GSE37605_C57BL6_VS_NOD_FOXP3_IRES_GFP_TREG_DN	0.892289228922892	1	0.230232504338835	0.86594719762113	2973	177	ST8SIA4|STAP1|TENM1|IL12RB2|CCNG1|NEDD4|TAB2|TSPAN13|UTRN|SP3|C3orf38|PICALM|CNOT6|FAM174B|ZBTB16|TEX11|CORT|PAX5|C5orf22|USP8|YWHAZ|ZDHHC20|MBOAT2|NFE2L2|WIPF1|ZNF623|RAPGEF6|AP4S1|SEPTIN7|CAND1|AZI2|IKBKE|ITM2B|MAPK14|NIPA2|TRIM59|ZNF638|MORF4L1|SEPTIN8|HERC4|OSR2|FUBP1|DRG1|LYSMD2|CASKIN2|INPP1|STAT1|CORO2A|PARP14|TOP1
GSE37605_FOXP3_FUSION_GFP_VS_IRES_GFP_TREG_NOD_UP	0.665616088848867	1	-0.260163579918922	-0.924202897609302	4434	190	CROCC|MARCKS|HLX|BSCL2|SYCE2|SFN|MT2A|NDUFB8|INCENP|PTRHD1|COMMD4|MIIP|ETFB|ROGDI|MRPS18C|ROMO1|RRBP1|MPG|TMEM160|ZNF622|SCAND1|TBCB|EMP3|ZNF593|COMMD1|SEMA4F|DCXR|MYO9B|BIN3|ATP5PF|MCRIP1|GALE|MRPL57|EPOP|PRPF19|MCRIP2|NR2C2AP|PDLIM4|NDUFB11|IFT46|NOP53|CDC34|NCBP2AS2|CSTB|MED16|PINK1|SH3BGRL3|TAF5L|CD52|UHRF1|MRPS28|FXN
GSE37605_NOD_VS_C57BL6_IRES_GFP_TREG_UP	0.979325353645267	1	-0.221684818200188	-0.758942812110682	6299	137	TEP1|STX11|ITGA4|FAM131A|GRN|CLDN6|APLP2|DKKL1|AURKB|NPAS1|KSR1|CLDN11|AXIN2|SLC2A8|LTBP4|ACSBG1|CPNE7|MOSPD3|TSPOAP1|ITGB1|NDST1|NSMF|NIBAN1|STARD10|TRAF3IP2|ANKIB1|RNF216|DUSP14|CDKN1A|HABP4|PLCD1|ANTXR2
GSE37605_TREG_VS_TCONV_NOD_FOXP3_FUSION_GFP_UP	0.757389937106918	1	-0.261142334448461	-0.874229756400426	4816	113	MSH5|TGFB1I1|SMAD7|APOLD1|GFAP|SRCIN1|TERC|IER3|FOS|DUSP8|SERPINE1|ID3|SEMA4C|JUNB|SGK1|CEBPB|NR4A1
GSE39022_LN_VS_SPLEEN_DC_DN	0.819706498951782	1	0.235625432724578	0.89617423729082	2736	190	OSGIN1|PRNP|SLC9B2|BMPR2|RSL24D1|ZNF608|INTS13|MOB3B|DDX19B|HEATR3|PNPLA7|USP6NL|UTRN|SCCPDH|EARS2|RBMX|GCLM|NKRF|RASGEF1C|MRPS6|SNX4|TRMT10B|TDRP|EHD3|ZBED5|SNX13|NFE2L2|SOCS2|IL10RA|PHTF2|RABGAP1L|BFAR|ZNF566|HEATR1|RPUSD4|ALDH2|ELOVL5|HMG20A|KIDINS220|SKP1|RIDA|CITED2|KMT2E|WIPF2|ZMYM2|BCLAF1|MAPK14|GPD1L|ADO|S100PBP|SMC4|TRIM59|ECHDC1|LTV1|ZNF281|SERTAD2|UTP25|ARID1B|LYSMD2|CDS2|HLCS|SARAF|TOP2B|SERPINB1
GSE39022_LN_VS_SPLEEN_DC_UP	0.937518774406729	1	0.22467126352338	0.846923049865887	3120	180	MEIS1|GPR160|PDIK1L|MNS1|LGALS8|EDARADD|MACIR|TXNL1|UAP1|TMEM30A|GAS2L3|HPRT1|GINS1|FNIP2|CCP110|DENND4C|NUP37|KPNA2|CMPK2|RBL2|PLXND1|SPP1|FSTL4|PRRC1|HAUS1|TIPIN|NFATC2|ANGPT1|B4GALT5|SCIN|DBF4|SEMA4A|CRIPT|FAM241B|PSMA2|CWC15|TMED8|PRR11|NMI|PANX1|WEE1|OSBPL3|SFT2D3|NUP155|ATAD5|AEBP2|PALB2|CISD1|ELOF1|CDK6|IDI1|ZBTB38|PNP|VIM|EXO1|SORD|SLC35F5|MBD2|FOSL2|KIF23|FEN1|MIR22HG|NELFCD|PTPN18
GSE39110_DAY3_VS_DAY6_POST_IMMUNIZATION_CD8_TCELL_UP	0.865519820493643	1	-0.240462478099568	-0.851209994923618	5785	181	GZMM|LAT|LATS2|DIPK1A|SNORC|CYLD|DBNDD2|MAPK11|GPR68|RABAC1|TMEM63A|NSG2|IER3|RASGRP1|PIK3IP1|UQCC5|STX4|KLK8|SNHG17|CHD3|SUCO|MZF1|RPL38|SEMA4F|RRP12|FILIP1L|TRMT112|RPS16|HEXA|NOP10|MYBBP1A|VKORC1
GSE39110_DAY3_VS_DAY6_POST_IMMUNIZATION_CD8_TCELL_WITH_IL2_TREATMENT_DN	0.883874849578821	1	0.230466379643387	0.869997741497183	2937	182	DNAJB2|ST8SIA4|CREBL2|DNAJC28|TMEM209|IMPACT|TAB2|ST8SIA6|CRYBG3|SNAI3|CBX7|PROS1|EARS2|PDE8A|RPF2|HSD17B11|PXYLP1|CHIC1|SERINC4|LFNG|ICOSLG|FOXP1|ABHD14A|PCMTD1|KLHL8|TENT5A|MAP4K3|DDX5|KCTD6|UBQLN2|RESF1|CARD6|NDUFA5|CRY1|RPS3A|PPM1K|CYP4V2|KIDINS220|GBE1|ATG12|RO60|ARL13B|PFKFB2|SERINC1|KBTBD2|PARP16|SGMS1|RPL5|PHF21A|SSBP2|ZC3H8|TRMT10C|LYSMD2|LETM2|RIOX1|CWF19L1|STK38|WDR43|RAB20|AMPD3|TRMT13|EEF1B2|TXNIP
GSE39110_UNTREATED_VS_IL2_TREATED_CD8_TCELL_DAY3_POST_IMMUNIZATION_DN	0.758516731986735	1	0.240592868615977	0.912763844502468	2515	188	RBM44|IFIH1|IL12RB2|DEPDC1B|GNB4|HIF1A|ABCC4|KIF18A|G2E3|CPD|KIF20B|EXPH5|DNA2|RAB6A|CBFB|ICA1|LITAF|CKAP2L|KLHDC2|TYMS|ACER3|STAU2|TUBE1|PRELID3B|CDK2AP1|CLIC4|BUB1|SMC6|MAPRE2|ANKRD50|HMGN3|RPA2|STIL|CYB5B|FAM111A|BMP2K|PCNA|RTCA|SPRED1|NSMAF|BRIP1|GARS1|PSMD14|IQGAP3|BLM|LRR1|CDC25C|INTS7|KNSTRN|BLMH|ANXA7|BCAT1|RAD51AP1|EXO1
GSE39110_UNTREATED_VS_IL2_TREATED_CD8_TCELL_DAY3_POST_IMMUNIZATION_UP	0.85551216581556	1	0.233053661000271	0.878521419523775	2847	180	DNAJB2|ADTRP|MSL2|CFL2|MAP3K9|RRM2B|TLE4|IMPACT|OTUD1|C8orf58|PPM1B|TFAP4|ST8SIA6|SMAD4|PROS1|EARS2|PDE8A|PXYLP1|CHIC1|LFNG|IFITM10|FLACC1|TDRP|DNAI4|FOXP1|BEST1|ABHD14A|PCMTD1|MICALL1|TENT5A|PIP5K1B|DDX5|CARD6|ABCB1|FAM3C|PRKD3|CYP4V2|BIRC2|PHF3|LRRC23|ARHGAP5|GALNT10|PARP16|SGMS1|SYF2
GSE3920_IFNA_VS_IFNG_TREATED_ENDOTHELIAL_CELL_UP	0.971679236570725	1	-0.223911344918548	-0.777405644233668	6312	156	TAGLN|SMAD7|AOC2|PYGM|AKAP13|FGD3|SLC3A2|GAS5|GCA|DNAI7|RND1|DUSP8|CCNL2|EPHX3|SUCO|ZC3H12A|NFKBID|PLK3|STX5|CTSL|NR4A1|CDK11B|DOT1L|PRKAB2|FAM118A|TRIM39|SLC5A3|CCDC9|LMBR1L|SAMD8|PTPN23|JMY|PITPNM1|BAIAP2|VEGFA|VAMP2|RELB|KDM6B|CSRNP2
GSE3920_IFNB_VS_IFNG_TREATED_ENDOTHELIAL_CELL_DN	0.975581053250956	1	0.217104855190484	0.814640304432185	3315	172	ASAH2|POC1B|NXN|MBLAC2|USP25|CMTM6|SLC39A10|UBLCP1|NEDD4|RNF13|PBK|KIF20B|KNL1|OPA1|NUP133|SYT11|NFYB|SKAP2|USP45|UBQLN2|PCYOX1|CDK2AP1|CPNE3|CHD9|ACLY|PABIR2|ATPAF1|ACAT1|SEPHS1|RACGAP1|INPP5B|TBCK|GLTP|QDPR|FAM111A|XPNPEP1|NUP155|RYK|CDC25C|PPAT|ATP6V1C1|NCOR2|MTMR9|SLC35A5|IMPA1|TBC1D7|MSL1|MPP1|CDIN1
GSE3920_IFNB_VS_IFNG_TREATED_ENDOTHELIAL_CELL_UP	0.849053700569318	1	-0.245633738167318	-0.849647004504914	5517	150	IGF1R|SLC30A4|RPS20|ECM1|RNLS|CENPT|ITGA7|RPL23|NSG2|WDR46|CYP2S1|TXNDC16|ACP3|GPR146|RPL38|RAMP1|NDUFA6|TREML2|PLEKHF1|RPL10|NDUFC1|MRPS5|HELLS|IL17RC|HSPA1A|RPS26|RPS12
GSE3920_UNTREATED_VS_IFNA_TREATED_FIBROBLAST_DN	0.992574992574993	1	0.209525005856264	0.801461450915483	3341	195	DISP1|CAMKMT|PEX12|ALG11|PPP1R3D|TMEM51|SLC39A10|BLTP3B|PLD1|GNAQ|PEX3|GFM2|PTPN2|ZFTA|YTHDF3|LRRC28|UTP11|ORC2|HK2|ATP6V1G2|TXNDC9|EDC4|TBC1D19|PCCA|JAK2|OSGIN2|GRK5|LRP12|UXS1|ZCCHC10|FTO|MRPL38|MAN1A2|SUCLG1|GPI|MRS2|CEP76|GNL3|ACACA|LIX1L
GSE3920_UNTREATED_VS_IFNA_TREATED_FIBROBLAST_UP	0.708634754502078	1	-0.261257307633589	-0.903340685919896	4603	149	NFKBIZ|CLDND2|AKAP13|ADGRD1|FGD3|MT2A|MAPK8IP3|ZBTB46|DNAI7|MST1R|ICAM1|TOM1|TMEM44|DUSP8|CCNL2|SLC25A19|CXADR|H1-7|SUCO|DUSP4|ZC3H12A|ORAI1|FBXW9|DGAT1|NFKBID|SLC7A1|PLK3|HIVEP1|SIDT2|ITGAV|ZBTB43|TGIF2|RNF149|SPATA2|MAFG|SH2D2A|JMY|BCL2L1|NINJ1|BAIAP2|SIK3|TRAF3|RHBDD1|DUSP14|SESN2|RELB
GSE3920_UNTREATED_VS_IFNG_TREATED_ENDOTHELIAL_CELL_DN	0.996407723394701	1	-0.208063175863836	-0.737184586663119	6656	183	ZFTRAF1|PLXNB2|SLC39A3|GTF2H4|LPCAT3|GRN|SRD5A3|MRPL14|NUDT16|PCYT1B|NDUFS7|LGALS3BP|PIGQ|SCARB1|PSMB5|SRM|CAD|TSFM|MBD3|WDR18|SLC25A16|GATD1|TYRO3|MLEC|DEF8|RETREG2|DGCR8|CENPV|NUDT1|CLSTN3|SUPT7L|USB1|TIMELESS|PIGS|JTB|MCM2|ABHD8|CTSZ|PHF2|BCKDK|ZSWIM1|GNA12|PES1|SNAPC2|MAEA|SEC24C|METTL13|H6PD|TMEM177|PRPF8|SPTLC2|DNAJA3|TMEM50B|MESD|SDC3|PATZ1|ALAD|GBF1|NPC1|MEN1|PIK3R4|HEXIM2|PFKL|LIMD1|USP21
GSE3920_UNTREATED_VS_IFNG_TREATED_FIBROBLAST_UP	0.702438266811617	1	-0.263219135134236	-0.90309179195448	4522	140	ADAM19|PPFIBP2|SLC39A3|LPCAT4|METRN|GPX8|LAMB3|P2RX5|DCAF15|KATNB1|ENTPD1|TMEM184A|PSMB5|CAD|TSFM|MED24|LPIN2|TMEM120A|CLSTN1|ITGB1|RDH13|ANKRD55|ENTPD4|BOK|STX18|MED25|FUT1|PTPN23|NAT1|DNPEP|FAM185A|STIMATE|NEFH|OBSCN|SLC48A1|ELMO2|PKIG|HK1|ALAD|HAX1|ACTR1B|SDHB|PLCB3|TIMM13|RNF126|NHP2|SLCO4A1|COQ7|PSMD7|ANKRD52|HAUS7|CARMIL1|PTP4A3|DUSP6
GSE39556_CD8A_DC_VS_NK_CELL_MOUSE_3H_POST_POLYIC_INJ_DN	0.911552346570397	1	0.227722048709591	0.859638045137056	3029	182	CD69|MX2|NTS|RNF11|YIPF1|RNF13|ALG13|PTPN2|MOB4|H2BC21|RFX5|AKAP11|MXI1|ZFYVE16|RHOBTB1|YTHDF3|TRIM13|IFRD1|IDH1|ZNF32|LINC01138|MTSS1|RPS6KA2|FCGRT|SRSF8|POU4F1|ZDHHC17|TFE3|TOGARAM1|MAGI2|VDR|PPP1R16B|RNF14|STX7|TOR1AIP1|SERINC1|C6orf62|VAMP3|RABGAP1|TMT1A|ASAH1|ZNF195|MIOS|RYK|PHF21A|BTBD3|GRSF1|H2AC6|IFT20|ACSM3|OPTN|N4BP2L2|IMPA1|GORASP1|MORC3|ZFP36|ANKRD17|EFCAB14
GSE3982_BASOPHIL_VS_TH1_DN	0.949034981905911	1	0.22291210575222	0.844793067657009	3146	187	CCNE2|CCL4|ZFPM2|CKS2|IFT56|FNDC3B|MRTFB|MSH2|ZWILCH|SACS|HIBCH|SHQ1|DDX10|POLA1|OLA1|MRPL39|MAPK8|NUP37|PLA2G4C|OTULINL|PDE4D|MAMLD1|SYTL2|HS3ST2|SQOR|HBEGF|SLC25A32|B4GALT5|HSPD1|BFAR|RRM1|MLLT11|STMN1|ELOVL6|GOLT1B|IKBKE|SNTB2|MKLN1|NEK2|OGFOD2|TCERG1|GGH|QDPR|HSD17B12|GGCT|YWHAH|BLM|CENPS|PAICS|PNP|ALDH18A1|CAST|XRCC2|BUB1B|MSMO1
GSE3982_BASOPHIL_VS_TH1_UP	0.660246764971411	1	0.248940939915328	0.941692899144839	2193	184	USP25|DNASE1L1|RNF139|CD164|BACE2|KLHL24|ZBTB18|PTGS1|LGALS8|MARCHF7|TMEM59|PLEKHF2|SORBS1|MKRN1|CLK1|SDCBP|DENND4C|FAM13B|MFSD1|AP3S1|ZNF32|SCP2|EMILIN2|SLC4A3|GRIA2|TSNAXIP1|KIT|BACH2|UBE2E3|RHOA|OSGIN2|RTN3|WIPF1|LSM14A|MEGF9|LMBRD1|KDM6A|ZNF266|SERINC1|BCLAF1|PTPRC|PLBD1|NACA|SYF2|RAB4A|ASB8|TRAM1|EIF4A2|MAP2K4|BTBD7|S100A4|ATM|SH3GLB1|LAPTM4A|SMURF1|N4BP2L2|SARAF|MAP1LC3B|USP15
GSE3982_BASOPHIL_VS_TH2_UP	0.98109243697479	1	0.214514149748689	0.80794467353512	3268	179	TESPA1|PTGS1|PIK3C2A|PEX1|ZFYVE16|CHPT1|PLEKHF2|WASHC4|ADD3|CLK1|ZNF37BP|NLK|AP5M1|TMEM140|CA3|SLC4A3|PTX3|CR2|KIT|MYL12B|SOS2|ZNF586|USP8|OSGIN2|TMED5|TDP2|LRP12|CREG1|TRAPPC2|CCSER2|RHEB|DRAM1|LSM14A|MEGF9|SEPTIN2|CYBB|ABHD5|ANXA1|CETN2|PLCB1|CSAD|PARP4|PAPOLG|RAB4A|TMEM87A|PHF21A|MAP2K4|ZZEF1|TIGD6
GSE3982_BCELL_VS_BASOPHIL_UP	0.99112426035503	1	0.210675381101117	0.790681899034284	3349	173	CD83|DOP1B|MLYCD|ITGB1BP2|CRYL1|TMEM156|EPS8L3|EIF2AK3|TTPAL|PPT1|USP2|PRIM1|TP63|MRTFB|DCLRE1C|CBX7|ERCC6|KPNA2|PLPP3|HESX1|MTSS1|BACH2|APOO|FAM200C|GRK5|ENDOD1|ASCC3|MTMR4|FAM3C|BFAR|TMEM243|IKBKE|LRRC23|PGAP3
GSE3982_BCELL_VS_CENT_MEMORY_CD4_TCELL_UP	0.735444947209653	1	-0.25556768032842	-0.899400302203861	4875	174	SPIB|CD14|IRF7|RASGRP3|SNN|HLA-DOB|MAPK12|RUFY1|DGLUCY|COX17|TCL1A|METTL25B|TOP3B|DUS2|PUS1|P2RX5|IGHA1|CACNA1A|COBLL1|TRIB3|PSAP|FBXO41|LYL1|KCNN4|B9D2|DHRS7B|ATPAF2|RHOB|SIDT2|NT5C|H2BC12|CNP|SLIRP|CASC3|TMUB2|GUSBP11
GSE3982_BCELL_VS_EFF_MEMORY_CD4_TCELL_UP	0.999701492537313	1	0.19401670688615	0.729215272237303	3348	176	CD83|TMEM156|ZNF410|SCN2A|SIAH1|MEF2C|VPS50|SYPL1|CHPT1|NKRF|NUP133|SPATA6L|PAX5|XYLT1|LAT2|MRPL15|DLAT|RPS27L|MCTS1|MICALL1|FCGR2C|SPCS1|ADK|CLIC4|TMEM70|PIGC|CYBB|CLNS1A|STX7|ARL4A|NUP88|ADO|OPN3|RAB14|AGPAT5|RAB31|ATXN7L1|SERTAD2|H2AC6|EIF2D|CAT|LTA4H|PEX11B|RBM12|MRPL33|CLIP2|CCNB1IP1|TFEB|COQ2|ST13|ZC4H2|MTFR1|SMARCAL1|MARCHF3
GSE3982_BCELL_VS_NKCELL_UP	0.687028657616893	1	-0.259927616469759	-0.914743900729585	4554	174	MTCL1|MARCKS|CIITA|RASGRP3|CLDN7|ZCWPW1|HLA-DOB|CD19|NSUN5|TCL1A|PUS1|P2RX5|IGHA1|MX1|CACNA1A|CRYM|BCL6|OAZ3|ADPRM|TRADD|TJAP1|FBXO41|NSDHL|LYL1|B9D2|B4GALT7|HEMK1|GNB5|H2BC12|PTCD1|APTX|ENPP3|NUDT2|NAXD|TRAF3|ZDHHC14|GNA12|EPB41L2|TOR3A
GSE3982_CENT_MEMORY_CD4_TCELL_VS_TH1_DN	0.985663082437276	1	0.214103311607064	0.815922995725547	3299	192	LBHD1|RAD54B|CCL4|SLC25A44|BLTP3B|CKS2|KIF18A|PBK|PHLDA1|MTHFD2|SMC2|TJP2|NCAPG|MTCH2|POGLUT2|PSMD6|GFI1|PLA2G4C|SYT11|ARL3|RAD23B|EXOSC9|NDUFV2|ATP5F1B|TYMS|HBEGF|TIPIN|CCNH|RRM2|NGDN|WIPI1|ASCC3|BUB1|TMEM70|KCTD9|AP4S1|PSMA2|ATP2A2|STMN1|ELOVL6|GOLT1B|PAK1IP1|NEK2|GGH|BMP2K|PSMD11|NUP155|BLM|LNPEP|SEC61G|IDI1|CCNB2|TMEM33|BTG3|PIR|BUB1B|TSPAN3|MSMO1|KNTC1|ACOT7|SLC35F5|SERPINB1|GTF2H5|UBE2K|DLGAP5|WAPL|COQ2|FTH1|MFAP1|BRCA1|ERGIC2|TUBB6|PMAIP1|CHEK2|PKP4
GSE3982_CENT_MEMORY_CD4_TCELL_VS_TH2_UP	0.90582347588717	1	-0.235963059629323	-0.827003945670937	5972	168	DPEP2|CCDC170|IL11RA|IRF7|N4BP2L1|GASK1B|CCDC102B|TMEM63A|SOD3|GPRASP1|AHCYL2|LGALS3BP|ECE1|ESR1|GALR3|DZANK1|PKP3|MAD1L1|NLRP1|BIN1|USP36|RIN1|RAB40C|MALT1|TSC22D1|JRK|LMBR1L|RPS27|NOSIP|BID|CARS2|IL6ST|HOXB8|IRF9
GSE3982_CTRL_VS_IGE_STIM_MAST_CELL_UP	0.999700149925038	1	-0.200330233731479	-0.707755987024408	6667	179	TREX2|ATRN|POLR2F|RPL28|PBXIP1|LAMA5|TNFRSF8|RPL23|ZIC1|ULK4|OCEL1|RGP1|DMPK|ZC3H3|MSRA|CPQ|SLC39A4|ATPAF2|ZBTB5|MLEC|CCDC9|HSD17B1|SMARCA4|IL6ST|RPS12|KYAT1|IRF9|ZNF23|IQSEC1|RBM26|S100A6|PXN|BRF2|MPI|CTNNBL1|SLC22A5|ARHGEF3|PANK4|KATNA1|ATP6V1H|RPS14|MFHAS1|ZKSCAN3|SYT5|MBTPS1|DNAJC10|TSR3|GBF1
GSE3982_CTRL_VS_LPS_4H_MAC_UP	0.998499399759904	1	0.202508636157242	0.762727186620493	3326	179	LBHD1|UQCRB|MAP3K1|PPP1CC|CKAP2|RNF103|THOC2|PGRMC2|NUP37|ZNF821|CBFB|NUP133|CDC14B|CTNND1|SLC25A14|ZW10|ZDHHC17|SCAPER|TMEM70|HSPD1|ADNP|MGA|CMC4|RIOX2|MEGF9|INPP5B|CLPX|NCK1|BCLAF1|CCDC90B|NUP88|CLUAP1|ZKSCAN5|AVL9|SLC35A1|PEX2|CENPE|ZNF473|RFC3|MED9|ZNF281|POT1|ASH1L|BLMH|TMX4|TOP2B|TPGS2|DUSP12|TRPS1|PRMT5|POLD3|DPH5|EEF1B2|ZC4H2|MRPS27|AQR|R3HDM1|SS18L1|CCDC82|DCAF10
GSE3982_CTRL_VS_PMA_STIM_EOSINOPHIL_UP	0.964232265788686	1	-0.224593365126985	-0.796302799340158	6442	186	PBX3|NAGK|TIMP3|ARHGAP33|RNF5|ANKH|ACTA2|NUDT18|TFPT|BSG|MZT2A|FXYD1|UBL5|DBP|MRPL41|ZNF516|TMEM80|FLAD1|NLRX1|SLC27A6|TRIOBP|FZD3|TMCC2|ATOX1|GFI1B|GPATCH2L|IL16|SLC26A6|IL17RA|RALBP1|DHRS7B|RGS19|GNS|PFDN2|TNIP1|ZBTB6|SLC35C2|KDM8|MTERF4|ENPP3|NR2F6
GSE3982_DC_VS_CENT_MEMORY_CD4_TCELL_DN	0.915341511434197	1	-0.234927219402235	-0.825270940331428	6043	172	FSTL3|AOC2|EPM2A|ITGA4|RPS28|FLT3LG|TSPYL2|TWIST1|EPPK1|LDOC1|DYRK2|MOGS|CLCN2|DENND1C|CAMTA1|AKT3|SEMA6A|SLC6A16|MORC4|SEMA4C|STON1|MED6|GRK6|TSPOAP1|RPL36|RPS27
GSE3982_DC_VS_EFF_MEMORY_CD4_TCELL_DN	0.878865979381443	1	-0.240158443728907	-0.841887184076674	5796	169	ZNF711|AQP1|PCBP4|COL14A1|PDLIM2|FLT3LG|KCNC4|TWIST1|HYOU1|LDOC1|IFITM2|ARHGAP45|ABHD17A|ANKS1B|STC2|AKT3|SLC6A16|SMARCC2|AKR1C2|SNRNP200|SEMA4C|LPIN2|SAP30L-AS1|GRK6|TSPOAP1|RPS23|RPL36|PRPF19|FASN|RPS27|STAG1|E4F1|SLC66A1|EEF1D|LPAR2|MAGEC1|SIK3|SPTBN1|IRF1|RBCK1|RALGPS1|SRSF5|ARHGEF6|USP11|GSDMB|PASK|RBM34|CYTH1|ZNF142|HOXB9
GSE3982_DC_VS_EFF_MEMORY_CD4_TCELL_UP	0.86191904047976	1	-0.241789173090853	-0.854228199434494	5748	179	FES|ANPEP|TYROBP|SEL1L|RASGRP3|ABCB4|LILRA2|RENBP|ARID5A|RTN2|TRIO|SMAD6|PPARG|COLEC12|CFD|SLC19A1|CLCN7|APH1B|SPINT2|SEMA6A|SLC16A5|TBC1D8|PSAP|TRIP6|CST3|THBD|CPQ|SIL1|MRAS|SMCO4|DDX31|PDLIM4|WNT5B|POLR1G|PCK2|NRGN|CCDC106|CYC1|SCPEP1|ATP5MC1|TOR3A|PTRH2|CDKN1A|AKR1A1|CYB5R3|KPTN|NDUFA8|ATP6V1H|CDK5|ABHD6|ANXA11|FN1|RXRA|CLN8
GSE3982_DC_VS_MAC_LPS_STIM_DN	0.988386123680241	1	-0.217387884013057	-0.765340534993264	6552	175	NEIL1|NDST2|RAB27B|CD14|CUBN|MAGEA8|INCENP|IFIT2|MMP1|VSIG4|RIGI|RRBP1|RND1|IL1B|SEZ6L2|GBP2|LSS|FAXDC2|GAL3ST4|MSRA|STX5|CTSL|VKORC1|MOCS3|ASRGL1|DUSP9|NDUFB11|MRPL24|TRAF3IP2|ICAM4|DUSP5|CKB|SIK3|APOBEC3B|STARD5|STIMATE|SEPTIN9|P4HB|ERGIC3|DHCR24|CDC20|PSENEN
GSE3982_DC_VS_MAC_UP	0.786472550803761	1	-0.250590456738045	-0.878270085137057	5185	168	FARP1|LPAL2|ELMO3|TBKBP1|CHST12|RUFY1|SPSB3|ARHGAP45|ZNF516|FLT1|LSR|NFIL3|SHFL|PGS1|RAB15|CACNA1A|TRADD|TBC1D8|LINC00115|SLC7A1|SAP30L-AS1|IGSF3|UBR4|PDGFA|CDCP1|ITFG2|MALT1|PTCD1|ENTPD4|RAD50|PAFAH1B3|REPIN1|ZBTB39|ANAPC2
GSE3982_DC_VS_NEUTROPHIL_DN	0.953393665158371	1	-0.227509679646731	-0.800975549890888	6320	175	FSTL3|S100P|IRF7|SNN|PDLIM2|HBB|KCNC4|TECPR2|TSPYL2|MFSD13A|ARHGAP45|CDH15|CFD|CDKN2D|SH2D3C|NFIL3|BCL3|BRD4|SEMA6A|NINJ2|SLC12A6|GBP2|KIF5A|LINC00115|LPIN2|SLC2A3|TREML2|H3C2|ACAA1
GSE3982_DC_VS_NEUTROPHIL_LPS_STIM_DN	0.867237687366167	1	-0.242272161287642	-0.844060724123184	5669	159	TEP1|CD14|PAK6|LILRA2|IFITM1|AMDHD2|CYP4F2|PILRA|ERO1B|DCAF15|BRD3|EMP3|IL1B|ADAP1|NDUFA4L2|CSNK1D|PRF1|B4GALNT1|PISD|MOCS3|DAPK3|G0S2|NCAPH2|KLHL21|POLR1G|FBXO31|FLOT1|CDC42|IRF9|LPAR2|IQSEC1|CKB
GSE3982_DC_VS_NKCELL_DN	0.979502196193265	1	0.216172009008959	0.804007748442614	3344	162	PITPNC1|STAP1|CATSPERB|PICK1|MAP3K1|ZNF8|MEF2C|FAM110D|DYM|LINC01278|SYNE2|GFI1|SYNE1|TXK|PDE4D|H2AP|RNF144A|ZNF586|TGFBR1|NME7|BCL2|UBE2NL|RPS3A|MLLT11|MAPRE2|RPL6|PLAAT4
GSE3982_DC_VS_NKCELL_UP	0.669578313253012	1	0.247992349645142	0.93955979300525	2222	186	GPD1|CD83|FCGR2B|PPP2R3A|PPP1R3D|NLGN3|LGALS3|TMEM53|H2AC17|NPL|PTGS1|PPP1CC|TAB2|ITSN1|RAB23|MRPL42|CYP27B1|RAB11A|ESD|SCARF1|FPR3|BEX3|SNX13|CCNH|UTP3|CTNS|PTK2|PRDX3|CLTC|DRAM1|VDR|SHB|RBM47|MKLN1|ARL4A|NCBP1|IL13RA1|ADORA2B|GGCT|SRPRB|RAB31|CENPE|H2AC6|CAT|ATF3|BCAT1|PIR|HSBP1|FKBP15|CCDC88A|SPARC|RAB20|AMPD3
GSE3982_DC_VS_TH1_DN	0.993968636911942	1	0.207390518635843	0.785969303237841	3295	187	C3orf52|YOD1|ABITRAM|CCL4|CHN1|RAB3A|IL18R1|PBK|ZWILCH|AGK|FAM110D|POGLUT2|GFI1|IL32|PERP|TOX|SYT11|IL24|PDE4D|BACH2|RNF144A|EXOSC9|TYMS|HBEGF|BCL2|NAMPT|BUB1|MYB|RRM1|NIP7|MLLT11|RFC1|VDR|PPP1R16B|ARL4A|NCBP1|RPF1|SFXN1|WEE1
GSE3982_DC_VS_TH1_UP	0.821412505623032	1	-0.245763466574197	-0.867421317384394	5477	177	ANPEP|SEL1L|PLXNB2|EPB41L1|LILRA2|C5|RENBP|PLXNA1|SMAD6|FLT1|CFD|GPC1|H3C12|CLCN7|PILRA|ROBO3|SPINT2|GAS2L1|C5AR1|EPHX3|NAA60|BCL6|C11orf21|SCARB1|TBC1D8|PSAP|LYL1|MERTK|THBD|HPCAL1|CTSL|MRAS|SIDT2|VPS8|CAPG|PARP12|PCK2|CSTB|CCDC106|C11orf71|TTC13|SCPEP1|LINC00667|CD52|AKR1A1|ARL15|NFKBIE|STEAP3|CDC42BPB|CUX1|ABHD6|MAOA|LDLRAP1|CLN8|SPI1|TMEM127|UQCC1
GSE3982_EFF_MEMORY_CD4_TCELL_VS_NKCELL_UP	0.851942490058122	1	-0.244509092342503	-0.851854048935843	5569	159	FAM171A1|RCAN3|PURG|IL11RA|ATXN1|FICD|BSN|ZCWPW1|PBXIP1|MAGEA8|KCNC4|NSUN5|ACTL8|EFNA1|CAMTA1|SV2A|ST8SIA5|OAZ3|H2BC5|CREB3L1|B9D2|NOL3|RPL27|SLC37A4|MALT1|TAS2R14
GSE3982_EFF_MEMORY_CD4_TCELL_VS_TH1_DN	0.665560916767189	1	0.248073886183456	0.940151269969466	2206	187	C3orf52|STEAP1|CKS2|MARCHF5|GLUD1|PEX3|PTBP3|INVS|SCCPDH|ETFA|MTCH2|UTP11|PSMD6|NUSAP1|CDC27|SPP1|TIGAR|RPS27L|EXOSC9|NDUFV2|ASNSD1|TYMS|PIK3C3|FAM200C|HBEGF|TIPIN|DSG2|PCNX4|RRM2|NME7|NGDN|EIF5B|PRDX3|RRM1|BAG2|CLNS1A|IDH3A|MKLN1|GPI|PTEN|GGH|PRR11|STIL|BMP2K|HSD17B12|PLSCR1|ACACA|BLM|NCAPG2|BTBD3|SLC39A8|PAICS|CDC25C|LMAN1|NSMCE4A|NAA35|SERPINB1|PRMT5|EED|PDSS1|ALG5|CSE1L|KIFBP|KIF23|KDELR2|COQ2|DCAF7|MFAP1|BRCA1|TUBB6|PMAIP1|APIP
GSE3982_EOSINOPHIL_VS_BCELL_DN	0.958071278825996	1	-0.226541930003197	-0.802179583035792	6397	182	APOLD1|RPS21|ATRN|KCNH4|NDUFB2|HLA-DOB|SLC38A10|VILL|RUFY1|ETFB|DNAJC15|JMJD4|IFI16|TCL1A|FHL1|AKR1B1|FHIP2B|TRADD|LARS2|CAD|ASNS|STOML2|RPS16|DUSP7|MYBBP1A|ATP5IF1|MPV17|KLHDC4|AP3D1|IL15RA|SMARCA4|FANCG|TRAF3IP2|NDUFA7|CCHCR1|ABCD4|SREBF2|DNMT1|MCM3|DUSP14|ZDHHC14|RPS5
GSE3982_EOSINOPHIL_VS_CENT_MEMORY_CD4_TCELL_DN	0.741289068341558	1	-0.254150773537015	-0.898005487828465	4956	178	RPS21|PIK3C2B|TMEM134|CARF|VILL|MANEA|TMEM63A|NSUN5|CRYBA4|TRIM46|TMEM80|PHB1|HSPB1|DUSP8|RPL13A|HIGD2A|CAMTA1|FOLR2|LTBP3|PELP1|FHIP2B|SEMA4C|RPS16|DHRS3|NACC2|SDC4|GFUS|ABL1|ITGB1|COX16|RPL36|MALT1|CMTR1|NUDT1|BOK|NOSIP|IL6ST|HOXB8|MRPL24|CCHCR1|ABCD4|ITPR3|KLHL23|CTSH|EIF2B5|MCM3|TXN2|HABP4|CD320
GSE3982_EOSINOPHIL_VS_DC_UP	0.915686274509804	1	-0.234914361445825	-0.82704463444591	6070	175	TSGA10|ESPN|S100P|COL14A1|XAB2|PDLIM2|IFITM1|TSPYL2|IFITM2|DNAI7|VN1R1|DSC3|CDH15|CFD|ACVR1B|PKMYT1|RGS14|TKTL1|NDUFA4L2|SLC6A16|KIF5A|GFI1B|GAL3ST4|PRF1|LPIN2|ACACB|RHOB|GRK6|TSPOAP1|DNAH3|SMIM14|GIT2|CASC3|GOLIM4|SRRT|C11orf71|TEAD3|PRR7|ESYT1|IRF1|KDM6B|MSRB1
GSE3982_EOSINOPHIL_VS_EFF_MEMORY_CD4_TCELL_DN	0.990853201379517	1	-0.215127830122806	-0.759292942976264	6607	177	FOXD1|ZNF76|PIK3C2B|TMEM134|KCNH4|KCNC4|METRN|MFSD13A|IFT140|PTGIR|GLG1|DDRGK1|HSPB1|RPL13A|CAMTA1|ACTN2|ZNF593|MDFIC|CALR|SEMA4C|SPATA7|CHD1L|RPS16|DHRS3|SCYL3|ATP5IF1|ITGB1|COX16|RPL36|MALT1|POLR1G|DNASE2|ITPR3|CLEC2D|LY6E|CTSH|APPL1|DUSP14|TXN2|HABP4|CD320|AKR1A1|SH2D3A|PRKACB|DYNLT1|MFHAS1|ISYNA1|HGH1|DNAJC10
GSE3982_EOSINOPHIL_VS_EFF_MEMORY_CD4_TCELL_UP	0.755120481927711	1	0.241329068571962	0.914314857043268	2506	186	SAMD9|OSGIN1|HSPBAP1|TGFBR2|TMEM156|PODNL1|HAT1|CTSS|RSL24D1|IL18R1|MEF2A|GNAQ|PPP1CB|PIKFYVE|DAPK2|CRNKL1|SDCBP|KCNJ8|TRIB1|ERP44|MFSD1|RNF144A|CENPU|JAK2|PIK3C3|RTN3|ACSL1|FCGR2C|MTCP1|CREG1|AGGF1|PIGC|RLF|C1D|CYBB|CCNT2|TPST1|CHD1|CHMP5|SERINC1|RAB14|PTAFR|IL13RA1|PLSCR1|DENND4A|MBD4|ATP6V1B2|FUCA1|ETV6|SYNJ1|BTBD7|SRPK1|SKP2
GSE3982_EOSINOPHIL_VS_MAST_CELL_DN	0.997901049475262	1	0.202482627169927	0.769352978972235	3327	189	CCNG1|DET1|ITFG1|EGLN3|DERA|EGR1|CCDC68|PJA1|CCT8|IPO7|SORBS1|DCAF6|PSMD6|SIGLEC6|CHN2|TRIAP1|PCCA|TCEAL9|UTP3|NDUFA5|WDR11|RRM1|SETMAR|HMG20A|CLNS1A|ATP6V0E2|RPL4|APC|MFAP3L|EIF3M|AIMP1|WT1|AGPAT5|RPF1|HSD17B12|PCNA|UBE4B|SSBP1|SEPTIN8|TRAM1|TTC27|GRSF1|INTS7|CAST|ATRAID|OPTN|VDAC3|GORASP2|VDAC2|PSMA3|PRMT5|ANKRD17|CANX|SPARC|CSE1L|SKIC3|ALDH1A1|HSPA8|RYBP|RC3H2|APIP|NELFA|RPS4X|CRTAP|MDH1
GSE3982_EOSINOPHIL_VS_NEUTROPHIL_DN	0.974658573596358	1	-0.222243022643393	-0.779245535525263	6422	170	APOLD1|DYSF|TYMP|MARCKS|SNN|DOCK4|MFSD13A|IFI35|ICAM1|TNFRSF1A|STX10|FOS|PPM1F|NFIL3|MGAM|FOLR2|IFITM3|GBP2|SP100|IGF2R|NACC2|JUNB|MAP3K3|CNPY3|MVD|KAZN|GSK3B|POLR1G|SF3A2
GSE3982_EOSINOPHIL_VS_TH1_DN	0.999699474079639	1	-0.200221444517547	-0.711399233364487	6652	191	APOLD1|APBB2|APOL1|METRN|MFSD13A|IFI35|IFT140|IFI16|TPD52|PHB1|ATP9A|DDRGK1|ABCB6|CHMP6|MDFIC|FOLR2|TMEM109|NDUFAF3|SLC26A6|ASNS|ATP5PF|MALT1|PRPF19|IPPK|LSM6|GSTP1|DPH2|SMARCA4|MRPL24|DHX30|TUBB3|UBE2M|MRPL17|ERCC2|DNMT1|MRPL4|RANGAP1|CTSH|CSTPP1|RAD23A|EPB41L2|RPS5|NUDC|APOBEC3B|CNPY2|PLEKHO1|DYNLT1|DNAJA3|MFHAS1|NDUFAB1|HGH1|DNAJC10|TRIM14|BIRC5|CALML4|UQCRH|RNASEH2A|ZNHIT6
GSE3982_EOSINOPHIL_VS_TH2_DN	0.910367493277562	1	0.228146006317237	0.868431104368454	3046	191	LBHD1|DCK|CETN3|EGR1|LDHA|KIF20B|MRTFB|CCNA2|PUS3|ZFTA|NCAPG|XPO7|NUP37|COIL|MPHOSPH9|CBFB|UTP11|NUSAP1|PERP|EHD3|PRRC1|PDE12|SRSF8|NUP205|ZW10|NR2C1|NGDN|UBA2|DLG1|CLIC4|ACTL6A|CCT4|SMC3|LUC7L2|SETMAR|CMAS|PSMA6|MINPP1|ATP6V0E2|CDKN3|CEP76|NFU1|CIZ1|TTC27|CCT6A|MTX2|PEPD|LTA4H|GPSM2|OPTN|LMAN1|CUL4A|ACOT7|GOT1|GATD3|PRMT5|TBC1D4|CSE1L|PIBF1|IMMT|NEK4|EXOSC8|TERF1|FDX1|HSPA8|MRPS27|RPA3
GSE3982_MAC_VS_BASOPHIL_DN	0.893212669683258	1	0.230285871749342	0.86624257311984	2960	178	SAMD9|C10orf95|RNF139|GCC1|KDM7A|ZNF44|PTPN2|RFX5|CHPT1|FAM124B|CDHR1|PITX3|OR2J2|HMGB3P30|PCDHGB5|FAM186A|ZNF586|SLC25A14|PELI1|PHTF2|RESF1|TRAPPC2|MYB|TRBC1|BACH1|LSM14A|KDM6A|CCNT2|PPP1R16B|BIRC2|MAPK14|PTPRC|PLCB1|SFXN1|NACA|SMC4|NPEPL1|RYK|RPL5|SPOP|NPRL2|RPS6|SMURF1|GALT|BBS4|MAP1LC3B|SMG7|USP15|GAB1|EIF1|ATP2B4|SRP54|AQR|UBE2D2|CUTC|CEP63|PMAIP1|ODF2|ING3|CTDSP2
GSE3982_MAC_VS_NEUTROPHIL_LPS_STIM_UP	0.745221027479092	1	0.240983542044181	0.918360449772485	2494	192	DCK|FAR2|ESF1|UQCRB|ARID5B|DERA|BCAP29|SUV39H2|PJA1|PLCL1|ZNF468|ROCK2|ZWILCH|SHQ1|LRPPRC|TCF12|ATXN10|MRPL15|MAGT1|SNX3|MCTS1|CTNND1|C1orf54|TIPIN|PCNX4|NKX3-2|CUL2|C10orf88|S100A10|CLNS1A|TIA1|GTF3A|TMEM126B|NUP88|CEP170|RCN2|PTPRA|ARCN1|TMT1A|MIOS|GLUD2|ZNF638|CKAP5|SEPTIN8|PPID|ADH5|BHLHE40|CCT6A|PAICS|TM2D1|ACOT13|COPB1|EHBP1|ATF3|FUBP1|COPB2|GALNT7|PHF10|GATD3|MAIP1|POLR2B|WDR43|DAB2|KYNU|MAP4K5|GOLGA5|NAP1L1|MRPL35|ASPM|RPA3|ATIC|GOT2|CHEK2|APIP
GSE3982_MAC_VS_TH1_DN	0.931787584143605	1	-0.231246243756934	-0.818585566987881	6228	181	GZMM|STOML1|GTF2H4|NSUN5P2|SYNE3|IFI35|NSUN5|DENND1C|CXXC1|SH2D3C|RHOT2|PKMYT1|SUCO|SNRPB|KHDC1L|TAP2|USP36|PPP6R2|DGKA|PDGFA|GFUS|PDP1|DGCR8|LMBR1L|HIRIP3|NFKBIB|TFR2|PAFAH1B3|TK1|FLOT1|PDK3|PRR14|TIMELESS|ERCC2|PITPNM1|IER2|BRF2|EOLA2|RBCK1|TRAF5|SYNGR3|ENTREP3|POLR2I|RPL35A|IDH3G|DNAJA3|SMAD3|PRC1|NR6A1|BIRC5|EZR|FUS|PXMP2|GINS4|CTCF|BST2|CDCA4
GSE3982_MAC_VS_TH2_DN	0.968230181327739	1	-0.223032654200552	-0.788764157955058	6460	180	CYFIP2|RDH16|MAPK11|C1orf35|ZNF692|SOD3|NSUN5|DENND1C|RPL13A|RHOT2|PGS1|TMEM109|EXOSC5|SUCO|CAPN10|PNKP|RFC2|SEMA4C|PPP6R2|MED24|DGKA|ENO3|SAP30L-AS1|GFUS|NTHL1|RASSF1|SNRPD2|TFR2|DCTPP1|FLOT1|SMARCD2|RRP7A|ERCC2|CC2D1A|DDX51|MCM3|NUDC|NLE1|SYNGR3|DHX34|RMND5B|POLR2I|RPL35A|ANKZF1|WARS2|PRC1|BIRC5|EZR|DAAM1|ACTR1B|TMEM39B|AHSA1|LAS1L|OTUD3|GINS4|MBD1|TEX10|ADA|KAT2A|XRCC3|SF3A1
GSE3982_MAST_CELL_VS_BASOPHIL_UP	0.968960863697706	1	-0.223005347721512	-0.787096614483822	6461	177	TGFB1I1|MC1R|FAM171A1|NDUFB8|LPCAT3|RTN2|C1orf159|HYOU1|DNAJC15|H2AC16|SERPINH1|CD101|MYH7B|PLEKHG6|PCOLCE|TMEM8B|P3H1|AKT3|AMHR2|STXBP2|TRAP1|CTSL|ITGB1|TSC22D1|RTL8C|AP3D1|DCTPP1|DPH2|ERP29|WDR74|AARS1|MRPL4|CC2D1A|C19orf53|VEGFA|DUSP14|NRBP1|AP5S1|ELK4|SEPTIN9|EIF4A1
GSE3982_MAST_CELL_VS_CENT_MEMORY_CD4_TCELL_DN	0.990342405618964	1	0.210501075466689	0.786207535464217	3383	167	TSPAN32|RAD54B|ANKRD36B|HLA-B|USP25|TCF7|EVC|BBOF1|PTPN2|SGPL1|CLK4|CYP27B1|ZNF493|ADD3|RRAS2|BBS1|GSTM2|TXK|C1S|INPP4B|NRXN1|GALNS|IRAK4|ZNF292|QSER1|RAPGEF6|EPCAM|METTL4|RPL4|ARHGAP5|CLUAP1|HNRNPA1|TLE2|ZNF264|RPL5|FCHSD2|PNRC1|RAB35
GSE3982_MAST_CELL_VS_DC_UP	0.999850344208321	1	-0.195103978378429	-0.691747256457481	6680	186	ZNF711|FAM171A1|STX1A|ITGA4|DYNC2H1|TMEM258|REN|H4C11|TSPYL2|TRIO|HYOU1|PRKCSH|FYN|STC2|PKMYT1|COLGALT2|AREL1|MED6|RPLP1|ARHGAP6|RPL36|TSC22D1|PINLYP|ZNF81|REXO5|RTL8A|IRF9|ZNF23|PRSS2|MAGEC1|PMP22|ESYT1|GATA1|ZNF646|JADE3|SAE1|ARHGEF6|USP11|TCF25|PASK|NDUFB4|NCBP3|HOXB9
GSE3982_MAST_CELL_VS_EFF_MEMORY_CD4_TCELL_UP	0.999103674932776	1	0.202378773215714	0.770348884740381	3343	191	OSGIN1|LPXN|ZNF410|BACE2|HS2ST1|RSL24D1|IMPACT|LGALS8|OPA1|ZFAND1|RDX|SORBS1|SC5D|SCCPDH|ETV5|PDE8A|PICALM|WBP4|HSPA4|MED21|HNRNPH2|CHN2|MRPL15|DUSP10|PIK3C3|FAM200C|DCTN6|ACSL1|FCGR2C|LRP12|TMEM70|TSG101|PRDX6|SEPTIN2|MFAP3L|ARL4A|WT1|MRPS33|DAD1|SEC62|SSBP1|AVL9|ZNF124|EXTL2|TFG|HSPA9|BCAT1|PPP3CA|CLIP2|DAB2|ALG5|HIGD1A|KIF23|MED20|TMEM164|TRAK1|ST13|CDC42BPA|MTFR1|RAB7A|ZKSCAN4|MARCHF3
GSE3982_MAST_CELL_VS_NEUTROPHIL_DN	0.849711859265999	1	-0.243456618947508	-0.853267391877278	5602	168	APOLD1|TYROBP|CD14|PSMB9|MINDY1|SLC12A9|IFITM1|TLR6|BTN3A1|IFI16|TCL1A|CDKN2D|SH2D3C|MED15|CABIN1|C5AR1|SEMA6A|SH2B2|ADAM11|SLC12A6|BCL6|PSAP|CSRP2|IKBKG|RRP12|ADAM15|DGAT1|JUNB|ABCD1|RAB40C|H3C2|PISD
GSE3982_MAST_CELL_VS_NEUTROPHIL_UP	0.697431302270012	1	0.244235977618461	0.930755106152396	2334	192	CD36|DET1|ENOPH1|EIF2AK3|CKS2|RARS1|TBC1D2B|THG1L|SIAH1|AKAP12|ABCE1|LYPLA1|SEH1L|PSMA4|CRYZ|PTGES3|NAE1|TCF12|PPIP5K1|CBFB|DCAF6|UTP11|CCNC|MRPS22|NUP133|MTSS1|TGFBI|SRP9|SLC30A1|UBE2V2|YTHDF2|INPP5F|SPCS1|RFX7|AGGF1|ENDOD1|CLTC|C17orf75|C6orf120|MGA|RIOX2|MYC|ANXA1|MAPK9|AGPAT5|USP12|RTCA|YWHAH|NUP155|STARD7|ATF1|BTK|SEC61G|GOLGA8A|LYRM2|OPTN|GNE|AFP|ZC3H14|POLR3C
GSE3982_MAST_CELL_VS_TH1_DN	0.938680659670165	1	-0.230424864723536	-0.814078706591884	6260	179	LAG3|APLP1|N4BP2L1|CYLD|CBS|PSMB9|METRN|SYNE3|ABCB8|PDCD11|TOP3B|IL2RG|SH2D3C|ENTPD1|MORC4|CSRP2|RAMP1|TAP2|PPP6R2|TRAP1|SDC4|NPDC1|ERAL1|GNL3L|FASN|ARMC6|NFKBIB|GSK3B|PGGHG|CLN6|IRF9|PDK3|EPOR|GNL1|TIMELESS|CLEC2D|EOLA2|GPN2|ANKRD11|AK4|APOBEC3B|TM9SF4
GSE3982_MAST_CELL_VS_TH1_UP	0.936522262334537	1	0.223802027754968	0.844840184458111	3112	182	CD36|S100A14|ADAMTS3|SCRN3|CLN5|CAMSAP2|YIPF1|BTBD1|CTSS|IMPACT|GNAQ|ZBTB18|ZNF337|SH3BGRL|PROCR|PLEKHF2|TMEM123|TRIM13|EPS15|DCAF6|ASS1|EMILIN2|OPRL1|DAZAP2|TXNDC9|PIGK|NFYB|CTNND1|NFE2L2|TDP2|CREG1|RHEB|PTK2|TSG101|DRAM1|C1D|ATG12|ANXA1|PPP4R3B|SMPDL3A|GLUL|HNRNPA1|PTAFR
GSE3982_MEMORY_CD4_TCELL_VS_BCELL_DN	0.964555052790347	1	-0.22467956335172	-0.790698052734555	6394	174	SPIB|RASGRP3|BTN2A2|LYST|HLA-DOB|MAPK12|RUFY1|DGKD|COX17|MICAL3|DUS2|PUS1|P2RX5|PTK2B|SLC15A2|IGHA1|CACNA1A|COBLL1|PSMB6|KCNN4|SP110|MAP4K2|RHOB|ZBTB5|SIDT2|H2BC12|TMUB2|GUSBP11|ADD1|PARP1|EAF2|CTSH|SCPEP1|ZDHHC14|REXO4|GNA12|TOR3A|SERPINF1|JUN
GSE3982_MEMORY_CD4_TCELL_VS_TH1_DN	0.722222222222222	1	0.242364069232065	0.923621479461212	2417	192	TTK|STEAP1|KIN|DTL|BLTP3B|CKS2|SLC25A46|PBK|MARCHF5|PHLDA1|KIF11|KIF20B|MTHFD2|MSH2|RDX|SMC2|GINS1|NDC80|NUP37|PSMD6|MAD2L1|PERP|PDE4D|ARL3|DLAT|NDUFV2|CENPU|VDAC1|TIPIN|SLC25A32|CDK1|RRM2|EMC2|IFI6|NAMPT|BUB1|TMEM70|RRM1|VRK1|ATP2A2|VDR|IDH3A|SUPT4H1|GPI|P4HA1|GGH|GNL2|GARS1|GGCT|PSMD14|PSMD11|BLM|NCAPG2|AHCY|GGT1|ACOT7|SERPINB1|VDAC2|PSMA3|UBE2K|PRMT5|PDSS1|CSE1L
GSE3982_MEMORY_CD4_TCELL_VS_TH1_UP	0.695927601809955	1	0.247082856348717	0.929426054804962	2306	178	CD44|HSPBAP1|TNFRSF14|KLRF1|HLA-B|USP25|TCF7|ABCC4|CTSS|ALG13|TDRKH|FOXJ3|RALGAPB|ZNF184|TMEM168|ZNF337|LZTFL1|DMXL2|BLTP1|ZNF813|CBX7|RPL39|TRIM13|MPHOSPH9|MAPK1|ZNF32|MAGEA4|SYNE2|GPR183|INPP4B|DAZAP2|HLA-C|AGL|PCF11|CRBN|IL10RA|RESF1|TRAPPC2|TASOR|LSM14A|RPL6|CCNT2|PGAP3|GLTP|TNKS|HNRNPA1
GSE3982_NEUTROPHIL_VS_BASOPHIL_UP	0.991762283024419	1	0.210440056804688	0.78963205032741	3370	172	AGO4|CAMK2B|SLC22A4|TTPAL|TM9SF1|IFT56|DHX40|PHLDA1|PPP1CB|PFKFB3|DCLRE1C|YIPF6|ADIPOR1|KCNJ8|PRRG1|SGK2|SLC4A4|CYTH4|RHOA|HAUS5|SLC20A1|UBXN7|XKR8|ZNF292|CPNE3|SEMA4A|BAZ1A|PTPN12|NEU3|CHD1|C6orf62|CSAD|ATP1B2|ADGRV1|KLHL11|MAGI1|VPS37A|ZNF473|NUMB|GOLGB1|ATF3|TMEM33|MCL1|NUP58
GSE3982_NEUTROPHIL_VS_BCELL_DN	1	1	-0.178374545997578	-0.633248933737243	6666	189	PCBP4|DIPK1A|N4BP2L1|NDUFB8|ATP13A1|DNAJC15|TOP3B|LAGE3|ZBTB3|RPAP1|RPL13A|DPP3|AKR1B1|DBR1|ARHGEF10|BCAT2|RPS18|MBD3|STOML2|RPS16|HEXA|RPS23|GNB5|PRPF19|RPS27|WRAP73|PCNT|TUBG1|KYAT1|RUSC1|MRPL17|RPL8|EIF2B5|APPL1|ESYT1|CTNNBL1|ERAP1|STARD5|TRAF5|VGLL4|SYNGR3|RPL35A|GOLGA3|AKR7A2
GSE3982_NEUTROPHIL_VS_CENT_MEMORY_CD4_TCELL_DN	0.905939101597829	1	0.227929845230795	0.864722728510238	3004	188	ADTRP|PRKCH|RAD54B|CCL5|TMEM254|CHN1|H2AC17|PDE3B|RARS1|GLUD1|CLK4|ZNF337|SEH1L|LZTFL1|ETNK1|ADD3|WDR44|MTCH2|CCNC|NUP133|EIF2B2|MTSS1|SPATA6L|S1PR1|TXK|SLC35D1|DUSP10|TRIAP1|RFX7|RPS3A|MAPRE2|LSM14A|CCNT2|TIA1|ZNF266|ANP32B|PUM1|AIMP1|LINS1|BRWD1|STARD7|TRAM1|USP16|SEC61G|ZZZ3|PNP|ALDH18A1
GSE3982_NEUTROPHIL_VS_CENT_MEMORY_CD4_TCELL_UP	0.982503364737551	1	-0.218147237330762	-0.7735482758548	6569	185	DHRS12|ANPEP|DYSF|CCPG1|CD37|APOL1|HBB|ADGRE5|APLP2|MICALL2|CYP4F2|ZNF516|KLF7|CFD|ICAM1|TNFRSF1A|CDKN2D|TRIOBP|SH2B2|BCL6|B9D2|SLC2A3|PALM|H3C2|NOP10|H2BC12|VPS8|KLHL2|GIT2|NIBAN1|HAUS4|IFNGR1|SPINT1|DBN1|IRF9|MAFG|PSD4
GSE3982_NEUTROPHIL_VS_EFF_MEMORY_CD4_TCELL_DN	0.956979542719615	1	0.220266961985733	0.831495508154184	3180	182	OSGIN1|PRKCH|H2AC17|CD164|PTER|ARID5B|RAB29|TDRKH|CCNA2|AKAP11|HEATR3|UTP18|CRYZ|PTGES3|STAG3|ETFA|ESD|CCNC|GSTM2|SCP2|MTSS1|ACOT11|S1PR1|C1S|TSNAXIP1|CASP8AP2|HAUS5|CSRP1|TAF1|SSB|EEF1A1|RFX7|RPS3A|FTO|MAPRE2|TASOR|RIOX2|MYC|CCNT2|RAB3GAP2|MTRF1|ZNF266|DSCC1
GSE3982_NEUTROPHIL_VS_NKCELL_DN	0.941176470588235	1	0.223587523313241	0.846290202956983	3119	185	DOK2|DET1|TRMT61B|RARS1|CCNA2|CRYZ|ARMCX5|NAE1|TCF12|PPIP5K1|ZNF33B|MTCH2|CCNC|SCP2|NUP133|SCN4A|GFI1|TGFBI|S1PR1|TXK|DKK3|PSMG2|SPATA20|SUPV3L1|SSB|ZNF286A|PIGH|UBE2NL|RFX7|BMPR1A|VIPAS39|CTNS|RRM1|C17orf75|CDK2|DARS2|RIOX2|BAG2|ZNF266|SHB|AIMP1|LINS1|NFU1|OSBPL3|NUP155|STARD7|FDFT1|EXT2|PAICS|LYRM2|PEPD|BLMH|KIF2A|GALT|POLR1F|POLR3C
GSE3982_NEUTROPHIL_VS_NKCELL_UP	0.795628088037131	1	-0.248227135839994	-0.879622069137495	5313	184	ANPEP|SLC22A18|S100P|ADGRG3|MARCKS|HLX|CNTNAP3B|EXT1|ADGRE5|FAM131A|DGLUCY|SMIM27|AATK|IFIT2|KLF7|IGFBP2|RIGI|CFD|BRD4|C5AR1|ACP3|ADAP1|SLC12A6|GBP2|PSAP|LYL1|SDF2|PCIF1|B9D2|MSRA|SGK1|H3C2|PISD|RGL2|ANKRD55|GIT2|ICAM3|RNF24|BID|DBN1|IRF9|LPAR2|IQSEC1|ZNF674|GOLGA2|NDUFB6|TYK2|PINK1
GSE3982_NEUTROPHIL_VS_TH1_DN	0.963977374218517	1	0.219295527883961	0.836682310774895	3237	193	CKS2|RARS1|PRPS2|HDAC2|DERA|PHLDA1|CKAP2|UTP18|SEH1L|PSMA4|METAP2|CBFB|NEIL3|ESD|ZNF32|GFI1|SRP9|USP47|UBE2V2|ZW10|SUPV3L1|DDX18|SSB|DDX52|CUL2|BORA|BFAR|NIP7|MLLT11|C17orf75|RIOX2|PSMA2|ATP2A2|MYC|ELOVL6|GTF3A|NEK2|GNL2|HMGCS1|WEE1|OSBPL3|STARD7|TMA16|LNPEP|USP16|GRSF1|ZZZ3|KNOP1|LYRM2|INTS7|SUPT3H|EEF1E1|ZC3H14|FKBP11|EED|ATXN3|EEF1B2|TOMM22|RPA3|BRCA1|R3HDM1|TUBB6|MAP3K4|RPS4X|XPO1|GPN1|NUCKS1|SNRNP27|FOXM1|RABGGTB|RGS10|GLS|MTO1
GSE3982_NEUTROPHIL_VS_TH2_DN	0.756869772998805	1	0.240129269211664	0.915104914659824	2533	192	PTER|CKS2|RARS1|HDAC2|ABCD3|UTP18|PSMA4|CRYZ|PTGES3|METAP2|PPIP5K1|CCNC|NUSAP1|GSTM2|PLA2G4A|HSPB8|OTUB2|ATP8A1|SLC35D1|BACH2|RPS27L|PSMG2|PIP5K1B|SUPV3L1|NDUFA5|RFX7|AGGF1|CUL2|FTO|KIF15|HMGN1|BFAR|C6orf120|MGA|TTC33|PSMA2|MYC|ANP32B|RPL4|RBBP8|CENPI|GTF3A|USP12|RTCA|CIZ1|OSBPL3|ZNF195|NUP155|ATF1|RPL5|USP16|GRSF1|HSPA9|ZZZ3|HNRNPA2B1|LYRM2|SUPT3H|LMAN1|GNE|ACOT7|DST|ZC3H14|EED|LACTB2|TCEA1|CSE1L|KDELR2|NELFCD|AMIGO2|RPA3|BRCA1|TUBB6|MAP3K4|BANF1|GPN1|NUCKS1|SNRNP27|GSTZ1
GSE39820_CTRL_VS_IL1B_IL6_IL23A_CD4_TCELL_DN	0.856371814092953	1	-0.242509897459925	-0.856774480031805	5711	179	NFKBIZ|RAB26|CYFIP2|RAPGEF5|MT2A|ECM1|VILL|PPM1J|TRPM4|SGIP1|RND1|CDKN2D|SERPINE1|FAU|TIMP1|BCL3|SIRT7|ARHGEF10|AREL1|SEMA4F|EHBP1L1|RNH1|MED10|DGAT1|GMFG|PDGFA|SELENOS|CARHSP1|NDST1|MALT1|SUSD3|ID2|RNF149|TNIP1|SDF4|NEK6|FLOT1
GSE39820_CTRL_VS_TGFBETA1_IL6_CD4_TCELL_DN	0.942258788332087	1	-0.229362550382565	-0.814234746136681	6298	188	RCAN3|GKAP1|SMPD1|MT2A|TSPAN5|PRKCZ|FLT3LG|ACAP1|N4BP3|TRPM4|PLSCR3|SLC41A2|MAP1LC3A|ACVR1B|TNFRSF1A|ADPRM|PLEKHG2|PSAP|YIF1A|BIN3|ACSBG1|RNF181|B9D2|NECAP2|STX5|SGK1|ARHGAP39|PLD2|TMEM205|RCBTB1|MADD|CNP|RNF149|STX18|TMUB2|TAX1BP3|PAFAH1B1|NCBP2AS2|CSTB|ULK1|NINJ1|EDEM3|PPME1|ARMCX3|EAF2|REXO4|EPB41L2|LTB4R
GSE39820_IL1B_IL6_VS_IL1B_IL6_IL23A_TREATED_CD4_TCELL_DN	0.691992720655141	1	-0.260281457384539	-0.912235129431449	4562	168	NFKBIZ|SMAD7|STX11|VASN|CLBA1|RASGRP3|TASP1|C6orf132|PHYHIP|CXCL1|TPBG|DEGS2|APOE|SCAF1|SGIP1|TMTC2|ACSL6|SERPINE1|COBLL1|ACYP2|AREL1|LTBP4|DUSP4
GSE39916_B_CELL_SPLEEN_VS_PLASMA_CELL_BONE_MARROW_UP	0.976890756302521	1	0.215740893158685	0.812565071793519	3254	179	EGR3|FOXO1|UBTD2|GABRR2|STT3B|TET3|TRPM7|NEDD4|MEF2A|FOXN3|BNIP3L|GGPS1|EIF4E3|PTPN2|CHDH|PPP1R3B|GEN1|LZTFL1|BLTP1|ATP1B1|DENND6A|BCL9|IFIT3|MMP11|MTSS1|ART4|BACH2|DNAI4|MYO6|ZBTB34|ITM2A|SMC6|CD47|STMN1|CUL3|TTC3|CREB1|CA2|TUT4
GSE40068_BCL6_POS_VS_NEG_CXCR5_POS_TFH_DN	0.982150892455377	1	-0.219008379301831	-0.777503437481992	6547	189	SNN|ZNF467|PBXIP1|RPLP2|P2RX4|RPS29|TRIO|TMEM63A|DYRK2|DBP|PHPT1|SRRM2|KLF7|NSG2|DCAF11|JMJD8|WDR46|C19orf38|KLK8|ATN1|NFRKB|SUCO|GPR146|RPL38|SEMA4F|FILIP1L|PRF1|QTRT1|RPS18|TMEM87B|PRPF40B|ZBTB20|RPLP1|RDH13|SNHG12|NCKAP5L|KLF13|SMIM14|RNF24|ZBTB39|ADGRL1|IQSEC1|TRIM56|JMY|ZBTB11-AS1|ST8SIA1
GSE40068_BCL6_POS_VS_NEG_CXCR5_POS_TFH_UP	0.991714371798735	1	-0.214006368380638	-0.761211143479876	6582	194	MXD3|DHDH|ENKD1|PAK6|DHRS1|TRAIP|PDCD1|COX6B1|SERHL2|FLAD1|LGALS3BP|GAS2L1|NFIL3|ARHGAP26|ADAP1|SEC61B|COBLL1|ADPRM|RNH1|TXNDC17|CREB3L1|UQCRQ|ATP5PF|CLSTN1|PAQR4|CARHSP1|SLC37A4|FHDC1|GTSE1|GLMP|FAM177A1|PAFAH1B3|NIBAN1|POMP|RRP7A|TUBB3|EMC10|TMEM184B|SAPCD2|ERCC2|CCNF|RNF216|METRNL
GSE40068_CXCR5NEG_BCL6NEG_CD4_TCELL_VS_CXCR5POS_BCL6NEG_TFH_UP	0.947352587244284	1	0.22216700167345	0.838668052104529	3148	182	NUS1|DOK2|NXN|PDIK1L|ADPRH|NAAA|AMMECR1|AP1S2|CD80|CRYBG3|DNA2|CAPN2|FBXO44|NAA15|NCBP2|PICALM|NUP37|NEIL3|TRMT1L|CCNC|PEAR1|OSTF1|TMEM140|FCER1G|SGCB|MYEF2|TXNDC9|ICA1|ZFAND4|UGP2|NFATC2|TUBE1|CDK1|B4GALT5|ZNF654|SSR1|PTPN12|BORA|C4orf46|ATP2A2|SMPDL3B|TAMM41|FANCF|NGLY1|CAPZB|HELQ|MMS22L|PPP2R1B|CKAP5|HPF1|TFG|CENPS|MAP2K4|RFC3|BCAT1|RNASEH2B|GDAP2|TSPAN3|OPTN
GSE40068_CXCR5POS_BCL6POS_TFH_VS_CXCR5NEG_BCL6NEG_CD4_TCELL_UP	0.750376846548086	1	0.241391901267014	0.915795223273745	2488	188	ARRDC3|FOXO1|CFL2|SLC49A4|CREBL2|RAD52|TMEM64|L3MBTL3|PPM1B|PPP1R3B|TFAP4|SMAD4|LZTFL1|NEXN|AAK1|ADD3|ATP1B1|SKIL|WTAP|BCL9|IBTK|PJA2|SERINC4|LFNG|S1PR1|ART4|BACH2|DNAI4|FOXP1|LDHB|MICALL1|TCEANC2|MOSMO|ZDHHC17|CARD6|PTK2|ZBTB37|DDX3X|SLF2|BRAF|PFKFB2|KMT2E|TTC3|TNKS|USP12|BRWD1|BZW2|TIPARP|AMER1|ZNF281|PNRC1|LETM2|MCL1|HECTD2|GALNT6|PEX19|MINDY2|NR3C1|AMPD3|TRMT13|EPM2AIP1|TXNIP
GSE40184_HEALTHY_VS_HCV_INFECTED_DONOR_PBMC_UP	0.720398593200469	1	0.245409986544279	0.91895165259496	2457	170	GPR137B|GPR158|STEAP1|SLC22A4|EPB42|ARHGAP28|POU6F1|FGF13|SNX33|ABHD17B|TRPM7|TMEM191C|ALOX12|ZNF518B|RIMOC1|MOB4|ORC4|MARCHF7|NR4A2|MAPK8|CMPK2|NUDT11|S1PR1|HOXA5|CDC14B|FLCN|PDS5B|KLHDC2|IL10RA|ARL5B|ADK|TSN|ZNF623|ARMT1|PTPN12|C18orf54|HACD3|LMBRD1|NMNAT3|TPP1
GSE40225_WT_VS_RIP_B7X_DIABETIC_MOUSE_PANCREATIC_CD8_TCELL_DN	0.994024499551838	1	0.208452705244708	0.793469129468503	3326	191	BCAR3|UBE4A|H2BC6|MAN2B1|CCNE2|FBXW8|PLK4|EIF2AK3|CLDND1|CKS2|PIK3C2A|MYCBP|UAP1|RINT1|LZTFL1|ARF4|RDX|ECT2|NEIL3|AGPS|RTRAF|NCALD|MAD2L1
GSE40273_EOS_KO_VS_WT_TREG_UP	0.817049377157437	1	-0.245699483809343	-0.872820765106597	5443	190	UBL3|CCPG1|SMPD1|DERL3|ATXN1|NCEH1|ADGRE5|CACFD1|RABAC1|SLC12A4|MOGS|ATG9A|RRBP1|PRKCSH|TCP11L2|LMAN2|ABCB6|GAS2L1|PLOD3|EMP3|GMPPA|SLC10A3|PSAP|YIPF3|TXNDC15|TBC1D25|SIX5|RILPL2|GALE|ZMYND11|TRPT1|ACADVL|RCN1|GPR180|PLPP5|TMEM214|NEK6|PNPO|SSR4|CAPG|TXNDC11|IFT46|CDC34|CD81|EDEM3|MAN2A1|TMEM39A|C15orf39|ATP5MC1|GALNT2|STARD5|ERGIC3|ARL14EP|ARSB|SLC48A1|TMEM120B|GPR89B|DHDDS|SMAD3
GSE40273_GATA1_KO_VS_WT_TREG_DN	0.850422195416164	1	0.233787004238597	0.886006795470327	2819	187	ZNF841|LNX2|PTPN6|SESN3|USP25|NCOA3|ARID5B|RUFY2|HIF1A|MAP3K1|ZBTB18|C5orf34|MEF2C|AKAP12|PNPLA7|ZNF493|ADD3|GPR183|LIPC|IL6R|SYNE1|PLXNC1|BACH2|MICALL1|IRAK4|SFXN4|MAP4K3|NFATC2|NR2C1|DOCK11|SCAPER|CARD6|BTBD8|CHSY1|ATE1|TASOR|MGA|ZNF217|STX7|CREB1|SMPDL3A|DCUN1D1|PLBD1|BMP2K
GSE40273_GATA1_KO_VS_WT_TREG_UP	0.695041816009558	1	0.244396952902883	0.931368564371786	2326	192	CD44|ABHD13|ITFG1|DCLRE1A|CKS2|EVC|MNS1|CNIH1|PSMC1|RARS1|HS2ST1|EIF4E3|PPP6C|DUSP22|CIP2A|NDC80|MAD2L1|SAR1B|LINC01160|SLAMF7|ALPL|ELL2|PIGK|SCFD1|ALDH9A1|GALNS|SRP9|APOO|UFM1|TIMM23|MED23|TUBE1|SPCS1|NDUFA5|UXS1|MYB|SPCS2|GOLPH3L|ATP2A2|VMP1|OSTC|ZMPSTE24|MASTL|RPA2|TMX1|PSME4|VAMP3|AGPAT5|DAD1
GSE40273_XBP1_KO_VS_WT_TREG_UP	0.682794891059354	1	-0.258344020982513	-0.91791235905878	4543	191	TSGA10|SLC30A4|TCN2|IRF7|SYCE2|GHDC|EPS8|DGLUCY|MYL11|ABHD17A|CRYBG1|SPATA6|ZNF229|CYTH3|SLC52A3|ALDH16A1|TMEM86A|PPIE|IFI27L2|TBCB|ESR1|TNFAIP8L2|FRMD6|BCL6|TMEM161A|CSRP2|DUSP4|STOML2|STK11|TREML2|TRAPPC1|SDC4|UXT|BLVRB|UBE2J2|WRAP73|FKBP2|SASH1|NOSIP|ZBTB6|IRAG2|SUPT7L|TMC6
GSE40274_CTRL_VS_FOXP3_AND_EOS_TRANSDUCED_ACTIVATED_CD4_TCELL_DN	0.988773505472916	1	0.213678452522603	0.781531742324999	3522	140	SLC9B2|EGR3|STEAP1|PIEZO2|SIX4|PANK3|PICK1|LIPT1|HSPA4|ATP1B3|HOMER1|SYTL5|ERCC8|EIF4E|VAPA|EIF5A2|DNAJA2|SCIN|TMEM70|HSPD1|SETMAR|CNOT6L|TAF9|AIMP1|PLSCR1|KLHL11|RAB6B|DDX21|POLR1B|CCT6A|IDI1|SUPT3H
GSE40274_CTRL_VS_FOXP3_AND_GATA1_TRANSDUCED_ACTIVATED_CD4_TCELL_UP	0.657043697744124	1	-0.272328828198213	-0.913817764672649	4164	116	SRGAP3|TYROBP|TSC22D3|COL14A1|SNN|WHRN|HYOU1|SERF2|MFSD2A|PILRA|STYK1|FAS|RAMP1|RAB11FIP3|SPN|KLHDC4|TUBB2B|CD3D|HSPA1A|NIBAN2|S100A6|GAS6|EAF2|GPN2|PROCA1
GSE40274_CTRL_VS_FOXP3_AND_HELIOS_TRANSDUCED_ACTIVATED_CD4_TCELL_DN	0.884075291305647	1	0.230086398760557	0.875817151486532	2958	191	PARPBP|ARL5A|ITFG1|GNG12|NEDD4|TM9SF1|EVC|ANLN|ENTPD7|UBA5|S1PR2|DERA|MARCHF5|RFC4|KIF11|SCFD2|DUSP22|CIP2A|ZWILCH|PALS2|GINS1|STARD3NL|LINC01160|RPS6KA2|MAGT1|ELL2|PIGK|ALDH9A1|APOO|ERO1A|TIPIN|NARS1|COPS4|PRDX6|ATP2A2|VMP1|OSTC|DSCC1|CDKN3|DAD1|GNL3|USO1|PSMD14|SRPRB|PLAAT3|TFG|TBL2|BUB1B|STAMBP|EXO1|PHF10|SARAF|PGK1|TOP1|HROB|ZNF280B|NUDT4|NCAPH|NCAPD2|KDELR2|NUDCD1|SRP54|TCF19
GSE40274_CTRL_VS_FOXP3_AND_HELIOS_TRANSDUCED_ACTIVATED_CD4_TCELL_UP	0.808907613602167	1	0.237488952161624	0.898372360737518	2687	184	CNRIP1|GPR137B|CAMKMT|MS4A6A|SEC24B|USP25|BTBD1|PDIK1L|UBLCP1|OTUD1|PAIP2|AKAP12|PNPLA7|SMAD2|ZNF493|ZNF821|MFSD1|MTSS1|SLC25A36|FOXP1|IRAK4|SERTAD1|C1orf54|ZNF250|IL10RA|SOAT1|CNOT2|BTBD8|ZNF566|MGA|CNOT6L|ZBTB25|MGST1|CREB1|GLUL|MAPK14|BMP2K|PRXL2A|MIER1|RABGAP1|FYCO1|CHMP1B|PAPOLG|RAB31
GSE40274_CTRL_VS_FOXP3_AND_PBX1_TRANSDUCED_ACTIVATED_CD4_TCELL_DN	0.802714792534321	1	-0.251377117326886	-0.866371855572804	5203	145	REM2|QSOX1|PHYHIP|KRTCAP3|NDUFA3|ASIC3|LYPLA2|NAA38|AXDND1|TGFB3|ST6GALNAC6|P3H1|RBM38|PIGR|NRG1|LIG1|CHCHD6|TMEM200B|CSRP2|PSMB5|NDUFA1|PLK3|NFE2L1|B4GALNT1|TGIF2|DCTPP1|LMNB2|BAIAP2|ASL|EIF3K|TIMM50|PSMB3|MSTO1|EMC8|EDF1|CITED1|ABHD6|MCM6|CLPP|AIFM1|MAGOH|PLEKHG4|SLC25A39|ILF3
GSE40274_CTRL_VS_FOXP3_TRANSDUCED_ACTIVATED_CD4_TCELL_DN	0.907662376533972	1	-0.234974942971246	-0.833111008230383	6064	186	UBL3|CCR7|TCN2|MGAT4A|CCPG1|ITGA4|ATXN1|SNN|ZNF467|P2RX4|MAPK12|ADGRE5|ARHGAP45|IFT140|KLF7|RIGI|SPATA6|RRBP1|EMP3|SLC10A3|PSAP|FILIP1L|HEXA|SDC4|SGK1|RILPL2|PISD|GNS|MAF1|SLC66A2|MED12|ZMYND11|SAMD9L|TK2|CAPG|LPCAT1|CD81|PIP4P1|SNRNP70|ADD1|SEMA4B|ESYT1|ARMC7|MYLIP|ARHGEF3|H6PD|FAM168A|GPCPD1|ELAC1|CYRIA|SERINC3|HLA-E|MFHAS1
GSE40274_CTRL_VS_GATA1_TRANSDUCED_ACTIVATED_CD4_TCELL_DN	0.994294525828836	1	-0.212168582260009	-0.732331730296654	6447	147	IL21R|BSPRY|ARID5A|MANEA|DGKD|CAPN11|DENND2C|IER3|HSPB1|PIK3IP1|CAMK2N2|FMO4|VPS18|MAFK|FAM76A|SUCO|PIP5KL1|ZC3H12A|PMF1|IGF2R|HIC2|ORAI1|PLK3|KLHDC4|UNC45A|MIR17HG|NFKBIB|PNPO|APTX|MAFG|CSTB|CDV3|VEGFA|SCPEP1|C15orf39|SESN2|NRBP1|RELB
GSE40274_CTRL_VS_HELIOS_TRANSDUCED_ACTIVATED_CD4_TCELL_DN	0.95976040546767	1	-0.228093629262676	-0.792632753113821	6248	157	IL21R|KRTCAP3|PTPDC1|SYNGR2|SLC3A2|MIF|TBRG4|CNGB1|PIP5KL1|DLK1|ISG15|CSNK1D|CRLS1|PSMB5|SRM|PLK3|JUNB|POLR1C|SLC39A4|CC2D1B|RBX1|SLC5A3|MIR17HG|VPS8|CDH24|GPS1|TSSC4|ANKRD55|HSPA1A|QTRT2|ANKIB1|ABCA5|GNL1|IER2|EAF2|VEGFA|NLE1|RCC1L|KATNA1|TIMM50|TTF2|ATP1A1|ARIH2|TUFT1
GSE40274_CTRL_VS_HELIOS_TRANSDUCED_ACTIVATED_CD4_TCELL_UP	0.924296045545469	1	-0.234717115937901	-0.811886412471674	6006	150	TBC1D1|DPM3|TMEM134|HDAC10|EVI5L|PLXNA1|CARNS1|AQP11|GAS2L1|RGS14|TKTL1|PSAP|ADAM15|RPUSD1|RFC2|KMT5C|ABHD12|DECR2|GRHPR|CERS4|TSEN34|SIRT6|DEF8|PRTN3
GSE40274_CTRL_VS_IRF4_TRANSDUCED_ACTIVATED_CD4_TCELL_DN	0.980593607305936	1	0.216298450710099	0.800409638445688	3435	154	BATF|ARRDC3|SLC49A4|SNX18|CDS1|CYP26A1|KIF18A|MAP3K1|OTUD1|PRKAR1A|TCP1|MED21|NXPH4|CD274|RNF125|INSIG1|TIMM23|MORF4L2|OSGIN2|DUSP18|REL|B4GALT5|CRY1|RHEB|PVR|SEC24A|ZSWIM4|ZBTB25|PPP1R16B|UBQLN1|CD93|AGPAT5|TAF4B|DENND4A|EMD|EXTL2|BHLHE40|CCT6A|DNAJB6|FZD5|DEGS1|NT5C2|GPSM2|TBC1D15
GSE40274_CTRL_VS_LEF1_TRANSDUCED_ACTIVATED_CD4_TCELL_DN	0.989301543634418	1	-0.216638974898069	-0.755272937911209	6472	160	CCR7|MATR3|REM2|PTPDC1|TRIM62|SMAD6|TULP3|NDUFS8|P3H1|MX1|CEP41|SF3B5|SCAP|SNU13|SPATA7|DVL1|PLK3|PRPF40B|FAM83H|BOP1|RPS2|FAM118A|TUBGCP2|MRPL2|GTSE1|CACNB3|CCDC8|POLR1G|METTL6|EIPR1|MXRA8|JTB|CENPB|MAST2|CYC1|NAF1|RSAD1|GCN1|LARP1|KARS1|CTU2|RILPL1|ZC3HC1|TMEM120B|ATP1A1|ABHD6|MESD
GSE40274_CTRL_VS_SATB1_TRANSDUCED_ACTIVATED_CD4_TCELL_DN	0.667071504478518	1	-0.263577387111115	-0.920831774200685	4393	162	CCR7|MATR3|AOC2|DGAT2|MARCKS|KCNC3|SLC3A2|SMAD6|CITED4|WDR46|P3H1|MAFK|DLK1|RRP12|PSMB5|PMPCA|MED10|SNU13|PLK3|BOP1|PISD|MYBBP1A|NRARP|NRIP3|KLHL21|TLCD1|NIBAN2|TENT4A|QTRT2|JTB|PMP22|CENPB|CDV3|SIK3|UBE2O|SLC25A26|EFTUD2|NUDC|NAF1|GCN1|NLE1|LARP1|JOSD1|FRS3|EIF4A1|JADE3
GSE40274_CTRL_VS_XBP1_TRANSDUCED_ACTIVATED_CD4_TCELL_DN	0.745354016280141	1	-0.256144781272344	-0.890111415351389	4852	157	SCX|PCBP4|KRTCAP3|TIGD3|RENBP|GTF2H4|NUDT18|IQCG|FGF12|PUS1|SDF2L1|HCFC1|TMEM161A|MZT2B|SF3B5|FOXD4|SPATA7|LARGE2|GUK1|PLK3|TMEM42|RPS2|ELOVL1|TMEM147|DYNC2I2|EXOSC7|MAST2|BCKDK|EFTUD2|CNPY2|FTSJ3|KARS1|ZC3HC1|MLF2|GPATCH4|FANCD2|YARS1|PDIA6|TMEM11|CBY1|MCM8|AHSA1|PFKL|TIMM13|GMPR|SPC24|CSTF2|POP1|EIF6
GSE40274_EOS_VS_FOXP3_AND_EOS_TRANSDUCED_ACTIVATED_CD4_TCELL_UP	0.770305948128591	1	-0.2556209802611	-0.877022899598195	4959	140	HSF4|DHRS1|PLXNA1|JOSD2|SRD5A3|TSPAN4|SPSB3|USP35|PLEKHA1|SIAE|TSPAN9|MBOAT1|TIMM44|TMEM161A|MZT2B|ZFYVE19|POLE|PMPCA|TRIP6|MYO9B|CDC42EP4|NOP16|CNPY3|ELOVL1|VPS39|PFDN2|OSBPL11|HDAC5|CYBC1|BORCS5|SMURF2|NUDT7|CCDC51|RANGAP1|PDXK|POLR1A|MGAT1|CRCP|ILVBL|RNF31|JADE3|NDUFA8
GSE40274_FOXP3_VS_FOXP3_AND_EOS_TRANSDUCED_ACTIVATED_CD4_TCELL_UP	0.768122467357046	1	-0.250562891415536	-0.890097493091733	5117	190	TSGA10|UBL3|ADAM19|KLC4|CCR7|TYROBP|TCN2|CREBRF|CCPG1|P2RX4|CACFD1|RABAC1|PLA2G15|SPATA6|CYTH3|SPECC1L|FRMD6|CHD3|ACP6|SLC10A3|TXNDC15|TREML2|SDC4|B4GALNT1|ZBTB10|MTMR10|VPS39|SLC66A2|ZMYND11|ZNF775|TTC28|ACADVL|GDPGP1|TBCCD1|GPR180|CAPG|NOP53|LPCAT1|SOCS3|CD81|ADD1|SEMA4B|LY6E
GSE40274_FOXP3_VS_FOXP3_AND_GATA1_TRANSDUCED_ACTIVATED_CD4_TCELL_DN	0.782120395327943	1	-0.2496533063692	-0.884016416757488	5222	182	TSGA10|SMAD7|PURG|ADGRG3|DGAT2|KLC3|IRF7|MARCKS|GTF2I|ARID5A|WNT3|SH3PXD2A|PLSCR3|IFITM2|TULP3|HERC6|PTGIR|TPCN1|TIGD2|BCL3|GREB1|CACNA1A|NDRG4|MAPK7|SLC16A3|IGF2R|IGSF3|MEX3A|HEMK1|XPO6|CACNB3|CBX2|SH3BP5L|GNB1L|ADGRL1|INF2|TP53BP1|IRF9|ZNF219|SKI
GSE40274_FOXP3_VS_FOXP3_AND_IRF4_TRANSDUCED_ACTIVATED_CD4_TCELL_DN	0.980492196878752	1	0.214692623157278	0.808616874599738	3266	179	LNX2|SLAMF6|FITM2|MANSC1|UAP1L1|IL10RB|RNF43|TMEM51|TMEM209|TAF9B|PLCL1|ZNF493|SORBS1|DENND4C|PXYLP1|P2RX7|CR2|CYTH4|GPLD1|TMED5|SQOR|MOSMO|IL10RA|HUS1|LCP1|EMC2|ZDHHC2|KLRG1|KLHL6|SNW1|CYBB|ARRDC4|CLIP1|SMPDL3A|CCR10|WEE1|PARP16|PTPRJ|IDE
GSE40274_FOXP3_VS_FOXP3_AND_IRF4_TRANSDUCED_ACTIVATED_CD4_TCELL_UP	0.865065243179122	1	0.232420144062064	0.874085440426214	2916	175	DNAJB2|BATF|SLAMF6|LPXN|MYO3B|ACBD7|CRYL1|ABCC4|EEF1AKMT1|RBM11|IL18R1|AKR1E2|GLUD1|TAF9B|SGPL1|MTHFD2|MYNN|PROS1|PDE8A|IL6R|SYT11|RUNDC3B|CMTM7|INPP4B|ELL2|EIF5A2|TENT5A|SQOR|DONSON|POGLUT3|CNKSR3|ABCB1|KLRG1|CYP4V2|ALDH2|ARRDC4|DERL1
GSE40274_FOXP3_VS_FOXP3_AND_LEF1_TRANSDUCED_ACTIVATED_CD4_TCELL_DN	0.988536953242836	1	-0.216724149915894	-0.762701158764456	6553	174	FES|PYGM|NHLRC3|DYNC2H1|PTPRU|EVI5L|DGKD|ITIH5|PANX2|RIGI|AQP11|ACTN2|TRPM1|CDIPTOSP|KLHL4|SLC12A6|ANKRD23|FOXRED1|IL17RA|ATPAF2|NR4A1|TSC22D1|DYNC2I1|GCHFR|IRAG2|FBXO31|SH3BP5L|ADGRL1|ZNF219|DUSP5|SKI|ADD1|CLCN5|CTSH|MPI|NRBP1|DNMT3A|NARF|RAG1|SYDE2|METTL13
GSE40274_FOXP3_VS_FOXP3_AND_PBX1_TRANSDUCED_ACTIVATED_CD4_TCELL_DN	0.950591405899087	1	-0.227979374702965	-0.807871744635358	6348	184	PCNX1|SHANK1|SMAD7|CCR7|DGAT2|MADCAM1|MAPK11|ARID5A|SH3PXD2A|PLSCR3|IFITM2|AHCYL2|ATP9A|IER5L|FLYWCH1|BCL3|MX1|IFITM3|CHCHD6|IGF2R|FBXW9|IGSF3|SDC4|B4GALNT1|CCDC157|FAM118A|PER1|ID1|TP53I13|CACNB3|TUBB2B|ADGRL1|INF2|TP53BP1|ZMIZ2|SKI|ST8SIA1|DNMT3A|RELB|GNA12|EPB41L2|CAVIN1
GSE40274_GATA1_VS_FOXP3_AND_GATA1_TRANSDUCED_ACTIVATED_CD4_TCELL_DN	0.731937172774869	1	-0.253660328398025	-0.900491613620516	4892	188	STX11|PURG|ADGRG3|C1QTNF12|IFT122|SYCE2|EXT1|ZNF467|RPGR|ITIH5|AHCYL2|PTGIR|NYAP1|NLRX1|ZNF839|FBXL19|BCL3|GREB1|LMF1|PELP1|CSNK1D|DDX39A|SRM|CAD|RFC2|ASNS|RAI1|LPIN2|SLC7A1|AFDN|HEMK1|ATP5IF1|ABL1|PRKAB2|FASN|GPS1|RGS12|GNB1L|MTHFD2L|DUSP5|ZMIZ2|CD81|BCL2L1|CKB|AARS1
GSE40274_HELIOS_VS_FOXP3_AND_HELIOS_TRANSDUCED_ACTIVATED_CD4_TCELL_DN	0.91120095837077	1	-0.234437702101647	-0.830138324137674	6084	182	LAT|EMILIN1|RPH3AL|ENG|CD84|ZNF467|KHDRBS3|IQCG|DGLUCY|MYL11|SNX30|TMCC3|DENND11|QRICH1|PPM1F|CHMP6|KLK8|MBOAT1|EPHB6|CEP41|PXMP4|GBP2|USP36|F2R|RCBTB1|DNTTIP1|PACSIN1|SLC39A11|EXTL3|HDAC5|ID2|REPIN1|COL1A2|HAUS4|NRGN|CKB|ATP6V0A2|WDR45B|DTX2|PDXK|HSPA1B|ARMC7|RNF113A|SEPTIN9|ANTXR2|TBL1X|KBTBD7|PTGFRN|ARHGEF6|GPATCH4|BUD23|MINDY3
GSE40274_IRF4_VS_FOXP3_AND_IRF4_TRANSDUCED_ACTIVATED_CD4_TCELL_UP	0.985972850678733	1	-0.21833141410032	-0.768662347637268	6536	175	SLC9A1|DGKD|IFI35|ECI1|CRYBG1|TERC|DCAF11|CD163L1|CLDN12|HSD17B10|SIAE|HDAC4|TOM1|RPL13A|TMCO6|HGS|CABIN1|NSDHL|TSPO|SUPT5H|CTSD|DGKA|POLR1C|ARHGAP1|PFDN2|AFG3L1P|CNP|GSTP1|PRPF6|DHX8|ANAPC2|IRF9|TAF6|AUP1|CHMP7|ASL|AP2M1|ERAP1|GCN1|JOSD1|KPTN|RMND5B|DDX54|ZC3HC1|TBL1X|GPATCH4|ACSS2|PRAME|CBY1|TMEM256|DCTN1|TWF2|ERCC3|COQ9|NDUFS2|SPRYD4|MYH9|UBTF|IP6K1
GSE40274_LEF1_VS_FOXP3_AND_LEF1_TRANSDUCED_ACTIVATED_CD4_TCELL_DN	0.884517576664173	1	-0.238332866857387	-0.843671411819207	5912	181	RPH3AL|ADGRG3|MGAT4A|ANAPC11|TSPAN5|AMZ1|DIAPH2|TRIO|TMEM63A|DYRK2|EEIG1|IFIT2|DENND11|RIGI|PLEKHG6|ACVR1B|ERO1B|TOM1|PCED1B|SLC16A5|ICAM2|PRF1|QTRT1|GMFG|IL17RA|SLC7A1|B4GALT7|NACC2|F2R|SGK1|ARHGAP39|RAB11FIP4|RDH13|TP53I13|P4HA2|ARMC6|EVL|ID2|WNT5B|POLR1G|SMURF2
GSE40274_XBP1_VS_FOXP3_AND_XBP1_TRANSDUCED_ACTIVATED_CD4_TCELL_DN	0.835626682620401	1	-0.243759983491551	-0.864649130864525	5586	187	CCR7|EMILIN1|SANBR|HOMER3|SLC9A1|PYROXD2|SNHG32|JMJD4|TMCC3|SPATA6|PTGIR|NYAP1|PELP1|INPPL1|WDR4|RRP12|DDX39A|MACROD1|SRM|SEMA4C|TRMT1|RAI1|NFKBID|SLC7A1|ARHGAP39|B4GALNT1|NR4A1|SNHG6|ABL1|GPAA1|TSC22D1|CLUH|CACNB3|TGIF2|RGS12|XYLT2|NMNAT1|GNB1L|LRFN4|DUSP5|NRGN
GSE40274_XBP1_VS_FOXP3_AND_XBP1_TRANSDUCED_ACTIVATED_CD4_TCELL_UP	0.658624849215923	1	0.248481188161743	0.941694864412392	2183	187	TTC39B|MYO1F|ITGB7|OSGIN1|MTMR6|SLAMF6|GPR160|MANSC1|MFSD14A|HVCN1|RRM2B|NCOA3|RNF139|ST3GAL5|ETFRF1|BNIP3L|PIK3C2A|TAF9B|PLCL1|ST8SIA6|NSUN3|CRLF3|SORBS1|HSD17B11|HECA|TAPBPL|TMEM140|IL6R|SLAMF7|IFIT1|TTC39C|OTULINL|SBDS|CDC14B|HERPUD1|ZDHHC20|ZDHHC2|ENDOD1|ACBD4|BCAS3|CHD9|SEC24A|KLHL6|TMEM243|CLIP1|TMED8|ITM2B|NCK1|CCR10|EFR3A|PARP4|TRIM59|RAB31|PLAAT3|HERC4|RIPK1|SCLY|RAB35|FUT11|KIF13B|INPP1|SORD|IL18|SARAF
GSE40277_EOS_AND_LEF1_TRANSDUCED_VS_GATA1_AND_SATB1_TRANSDUCED_CD4_TCELL_DN	0.815092079652643	1	-0.245819296391236	-0.871089606677657	5443	184	LAT|DIPK1A|ENC1|SYCE2|AMZ1|DGLUCY|HYOU1|EEIG1|TMCC3|LGALSL|RIGI|DENND2C|MPG|MED22|ATP2A3|ACP3|ATN1|SLC16A5|FRMD8|DDX39A|ITGB5|GMFG|HPCAL1|MSRA|F2R|HEXA|ARHGAP39|RAB11FIP4|DDX31|SLC39A11|SNHG12|TP53I13|P4HA2|AP1B1|CAMKK2|HAUS4|SLC35C2|DPY19L1|NRGN|MCM2|WDR45B
GSE40277_GATA1_AND_SATB1_TRANSDUCED_VS_CTRL_CD4_TCELL_DN	0.720663650075415	1	0.244335320137469	0.924821674324854	2388	185	VAV2|C14orf28|NUDT12|SERINC5|ARMCX1|DNAAF9|DHX58|CMYA5|SNX18|TTYH3|DNAH8|MEF2A|CTSK|EIF4G2|ABCD3|FMNL3|ZFTA|BCL9|MFSD4A|CNOT7|SLC22A2|FIBCD1|KIT|TBC1D19|DCAF17|ZBTB34|MAP4K3|KCTD6|ATP11A|ZNF451|ANKRD46|CA8|HMGN3|SFMBT2|THOC7|TIA1|TTC3
GSE40277_GATA1_AND_SATB1_TRANSDUCED_VS_CTRL_CD4_TCELL_UP	0.812782634911064	1	0.237195594477777	0.8944591663289	2695	181	MYO1F|SLAMF6|GPR160|CRYL1|MANSC1|CCNG1|IL10RB|RRM2B|RNF43|EGLN3|SCOC|PLD1|TAF9B|PLCL1|AP1S2|MTHFD2|MYNN|CRLF3|LIPT1|SORBS1|ELMO1|MFSD1|AP5M1|PXYLP1|IL6R|ACOT11|SYT11|CR2|ELL2|RAP1A|HERPUD1|TMED5|FBXL4|DONSON|SLC25A32|ARHGEF12|BMPR1A|KLRG1|SEC23A
GSE40441_NRP1_POS_INDUCED_TREG_VS_NRP1_NEG_NATURAL_TREG_DN	0.895971136500301	1	-0.23748363546952	-0.837264921473899	5959	176	TSGA10|PURG|APBB2|C1QTNF12|BSPRY|PPP1R14A|HELB|MYL11|SH3PXD2A|ICAM5|HERC6|SLC6A13|TRPM1|CACNA1A|SLC12A6|SPATA1|MAP4K1|PLEKHG2|SPINDOC|SLC7A1|MEX3A|NR4A1|DGCR8|SIRT4|SH3BP5L|NMNAT1|ADGRL1|EIPR1|ZNF219|DUSP5|KCNH2|ZSCAN2|POLA2|COASY|ADD1|PEDS1|NRBP1|DNMT3A|PIH1D1|PLEKHO1|ARVCF|RALGPS1|SMAGP|STYXL1|ATP1A1|TUFT1
GSE40493_BCL6_KO_VS_WT_TREG_UP	0.729920564872021	1	0.244313927814395	0.916736626443095	2480	172	EXO5|AGA|COPS8|UBA6|HS2ST1|PPT1|HACE1|PJA1|ERI1|ROCK2|RPAP3|OPA1|HSPH1|TNKS2|PJA2|GNPDA2|SOS2|USP47|TPRKB|PCMTD1|DPH6|GUF1|TMF1|GOLGA4|CRBN|KCTD21|IFT74|USP45|TSNAX|AHCTF1|PTP4A2|ZFC3H1|ADAM10|UTP15|ZC3H11A|SLU7|ZDHHC5|SERTAD3|NCK1|CEP170|CFDP1|EFHC1|MPHOSPH10|ZWINT|CHMP1B|PPID|TFG|DLD|EIF4B|CTDP1|TTC27|ZYG11B|FBXO11|PNPLA8|COPB2|RLIM|GFM1|DYNC1LI2|LMAN1|YME1L1|CDK8
GSE40655_FOXO1_KO_VS_WT_NTREG_DN	0.98923122943464	1	-0.215012280869627	-0.762677200400966	6613	187	LAG3|CLDN7|PYCARD|FAM234A|AKNAD1|INKA1|LRFN1|SLC12A4|ITIH5|TRPM4|CFD|IFI27L2|P3H1|FAS|NINJ2|LIG1|MZT2B|RNH1|H2BC5|DDT|BIN3|FBXW9|LARGE2|LRRC61|TMEM120A|EPHX1|GNB5|NENF|CRELD1|NMRAL1|NDUFC2|MCRIP2|RCN1|NEK6|SLIRP|ICAM4|PDK3|NCBP2AS2|CSTB|MRPL4|BAIAP2|TIMM17B|CHCHD5|HSPA1B
GSE40655_FOXO1_KO_VS_WT_NTREG_UP	1	1	-0.190070716997892	-0.675205605084592	6662	190	UBL3|SMPD1|NPB|LHFPL5|TNK2|CLN3|ATP13A1|TCIRG1|SGSH|SUN2|ARHGAP45|IRS1|PCNX3|CHD3|CPSF1|RPL38|GNA11|TSPO|ZNF490|IL16|CST3|RAI1|SGK1|NOP10|SZT2|ARHGAP1|TRIM39|ZMYND11|LMBR1L|PCNT|TK2|BLTP2|SNAPC4|EMC1|METTL17|SNRNP70|ABHD8|KLHL26|LY6E|TRAF3|DEXI|SEC24C|CCDC107|H6PD|MAST3|PRPF8|KMT2D|PRKACB|RELA|HGH1|ZNHIT2|HIRA|NAT10|DENND6B|EMG1|CTCF|KRI1|ZSCAN26|CSK|FOXK1|PPP6R3|PIK3CD|VPS28|RBM42|NOLC1|KHNYN|SEPTIN6|HGSNAT|CELF1|RASA3|DDX39B
GSE40666_NAIVE_VS_EFFECTOR_CD8_TCELL_DN	0.666566716641679	1	-0.261438579358229	-0.923648499446977	4445	179	FES|FARP1|PDE2A|BSCL2|B4GALNT4|NCEH1|AMZ1|TRPV2|SCRN2|TRPM4|ECI1|OSBPL5|RELL2|ABHD17A|TSHZ3|APOBR|SIAE|PPIE|COMTD1|TTYH2|LGALS3BP|ARHGAP26|PKP3|USP20|ACYP2|YDJC|SCARB1|MACROD1|PRF1|RNF32|ASNS|SMCO4|TNFRSF1B|MCRIP2|GDPGP1|ID2|RCN1|FKBP2|KLHL21|C1orf122|DTNBP1|DPY19L1|ZNF23|RNASET2|MXRA8|SOCS3
GSE40666_NAIVE_VS_EFFECTOR_CD8_TCELL_UP	0.968402046343665	1	0.21783247655356	0.824015914953135	3217	184	ARMCX1|GPRASP2|NABP1|ZNF608|TDRKH|ZBTB18|EDARADD|MARCHF7|EXPH5|MRTFB|FMNL3|WDR35|ZNF512|PLXND1|POGLUT2|PRRG1|COL4A5|MTSS1|TOX|GPRASP3|EGR2|ATL1|BACH2|APPBP2|UBE2E3|FOXP1|LDHB|RBL1|STAU2|MCU|ZNF799|CRY1|GPBP1|PCGF5|CEP57L1|MEGF9|HMG20A|PFN1|TTC3|MTF2|IPO11|TLE2|GTDC1|TFRC|TRAK2|MBTD1|NCOA5|GALNT6|SLC12A5|ANO6|PIP4K2A|PRMT5|MAP4K5|KIF23|TMEM164|SRSF10|MACROH2A1|CALCOCO1|ZC4H2|CBX4|SEC22C|PRKCB|TNIK|XPO1|TULP4|SLC23A2
GSE40666_NAIVE_VS_EFFECTOR_CD8_TCELL_WITH_IFNA_STIM_90MIN_DN	0.654808561953573	1	0.24828855169534	0.941959810758655	2171	188	ARMCX1|ARID2|GNG12|DCLRE1A|GNB4|HNRNPLL|RBMXL1|EGR1|RMDN1|EDARADD|UBE2N|CHPT1|RMND5A|PRKRA|PLGRKT|TCP1|MRPS6|HOMER1|TOX|GPRASP3|SYTL2|BEX3|EGR2|KIF3A|UBE2E3|LZIC|LDHB|IFT57|PPA1|NSUN4|RTN3|CSRP1|STAU2|PARD6G|SSR1|MYB|SMIM3|HACD3|HMG20A|PPP1R16B|CEP78|GART|DHX57|IPO11|S100PBP|HPF1|BZW2|WBP1|CENPJ|CENPS|SREK1|MTX2|DNAJB6|NCOA5|NDC1|ALYREF|NT5C2|ACOT7|SLC12A5|CCDC88A|EMID1|KLHDC8B|TANC2
GSE40666_STAT1_KO_VS_STAT4_KO_CD8_TCELL_WITH_IFNA_STIM_90MIN_UP	0.832580548027703	1	0.235578729802224	0.890012179035999	2764	183	DCP1B|CCDC159|PPP1R3D|BBS12|CCDC7|PKD2|ZNF436|ZNF10|EEPD1|RALGAPB|PIK3CA|PLCL1|CIP2A|WDR35|PARP15|LZTFL1|CAMTA2|GMPS|MSH3|TXK|KCTD14|ACSL4|PSMG1|SKAP2|KCNK1|DUSP18|ZNF250|CNOT2|TRAPPC2|PRMT6|CDKN1B|WSB1|ANKRD50|KBTBD6|AKT1S1|GLTP|ZMYM2|ZFYVE1|GLT8D1|BUB3|NCAPG2|USP16|TFDP2|INTS7|COMMD3|EIF3H
GSE40666_UNTREATED_VS_IFNA_STIM_CD8_TCELL_90MIN_DN	0.729003021148036	1	0.241725321963275	0.924298366857565	2412	197	CCT6B|TSPAN32|ZNF367|PDK1|SNX18|DDIAS|KAT2B|CENPQ|C11orf65|EIF2A|SLC39A10|HMGN5|IMPACT|UBA5|KDM7A|DERA|MRPS24|PTGS1|PIK3C2A|PIK3CA|ZNF813|ARMCX5|MFAP3|CCP110|DENND6A|UTP11|PLXND1|MSH3|BRIX1|TXK|CHN2|EGR2|SLC35D1|SKAP2|TRIAP1|ARV1|DPM1|UGP2|SFXN4|PIGH|CEP152|TMEM243|WIPF2|CLCN3|TOR1AIP1|ATR|MRPL3|PTAFR|RCN2|ANAPC10|RSL1D1|ZWINT|ZNF195|BTBD3|TFDP2|PAICS|RPAP2|EIF2D|NDC1|TRMT10C|DRG1|RLIM|VMA21|BAG5|BBS4|SNRPD1
GSE40666_UNTREATED_VS_IFNA_STIM_CD8_TCELL_90MIN_UP	0.67371366392041	1	-0.266497390439114	-0.912359630948548	4333	137	MATN1|FZD9|PLAT|ANO8|LYST|MYLK-AS1|WFIKKN1|CPEB3|TCL1A|EXTL1|PCOLCE|CCDC103|OXCT2|TEX22|NKPD1|GALR3|MX1|SLC22A23|SLC2A3|CERS4|CCDC157|DOT1L|PYCR1
GSE40666_UNTREATED_VS_IFNA_STIM_EFFECTOR_CD8_TCELL_90MIN_UP	0.867455621301775	1	0.232378686372716	0.872136174981374	2931	173	MYO1F|ITGB7|STK38L|BATF|LPXN|CD44|AKAP5|TCF7|MNS1|DNAH8|NRG4|ACSF2|AMMECR1|GEN1|CDCA7|SATB2|UBE2N|CAPN2|TWF1|KPNA2|NCALD|AKR7A3|UTS2B|EHD3|BMF|CAB39|TGFBR1|CS|DEPDC5|S100A10|CPED1|PPP1R16B|TMEM104|R3HDM4|RBM47|PREX1|SFXN1|ITPRIPL2|YWHAH|GTDC1|SEPTIN8
GSE40666_UNTREATED_VS_IFNA_STIM_STAT1_KO_CD8_TCELL_90MIN_DN	0.724737631184408	1	-0.255571425573169	-0.902920159341632	4833	179	UBL3|IL21R|TBC1D1|CCR7|MAML3|ENC1|IFT122|FAM234B|ABCB4|GTF2I|PIK3C2B|SH3BP2|APLP2|TCL1A|FLT1|JAZF1|TCL6|ZNF229|PLEKHA1|PIK3IP1|CHD3|USF3|BCL6|IGF2R|ICAM2|ZNF490|TREML2|TCTN1|CERS4
GSE40666_UNTREATED_VS_IFNA_STIM_STAT4_KO_EFFECTOR_CD8_TCELL_90MIN_UP	0.78158844765343	1	0.239752017736741	0.905050507901023	2597	182	DPYSL2|PITPNC1|MYO1F|STK38L|ADTRP|LPXN|PLK4|DNAH8|VSIR|NCOA4|UBE2N|NDC80|KPNA2|TRIB1|AGPS|C5AR2|IL6R|RASSF6|SLAMF7|CHN2|CMTM7|ARL3|SCFD1|BMF|BUB1|QPCTL|VDR|PFN1|TIAM2|R3HDM4|PRR11|PTAFR|CAPZB|SFXN1|ITPRIPL2|YWHAH|GTDC1|ZDHHC16|BHLHE40|CENPE|USP28|HJURP|INPP4A|BAK1
GSE40666_WT_VS_STAT1_KO_CD8_TCELL_UP	0.660405709992487	1	-0.260500591994025	-0.925574789863745	4394	191	LAT|TBC1D1|ADGRG3|KLC3|VANGL2|KIF24|LYST|ARHGAP33|MAPK11|HLA-DOB|DGKD|TULP3|KLF7|TMCC3|DENND2C|PTGIR|RELT|NYAP1|BCL3|RBM38|MX1|MAPK7|EPHB6|PCED1B|BCL6|ARHGEF10|SLC16A5|SPINDOC|KCNN4|IL17RA|SLC35D2|FLNB|XPO6|IPPK|CACNB3|KLF13|LMNA|INF2|IRF9|SKI|KCNH2
GSE40666_WT_VS_STAT4_KO_CD8_TCELL_DN	0.919939577039275	1	0.225625551852134	0.862736793168687	3044	197	MYL9|TSPAN32|DYNC2LI1|ZNF367|WDFY3|BBS12|C17orf100|HMGN5|PTER|UBLCP1|TP53INP1|EEF1AKMT1|VSIR|PSMD5|FER|CUL4B|TMEM59|MKRN1|PRIMPOL|RAB3D|ECT2|DENND4C|BBS1
GSE40666_WT_VS_STAT4_KO_CD8_TCELL_WITH_IFNA_STIM_90MIN_DN	0.957826804742608	1	-0.226033191624407	-0.802958395330574	6381	190	FES|PAK1|FARP1|APLP1|ENG|B4GALNT4|TRPV2|SCRN2|SLC29A1|SLC3A2|TRPM4|TSPAN4|OSBPL5|NTRK3|COMTD1|DGCR2|ANKRD63|ACYP2|CEP41|SCARB1|CTSA|SRM|ASNS|PLK3|MSRA|F2R|SMCO4|MCRIP2|CMTR1|ID2|RNF149|RNF145|FKBP2|C1orf122|NEK6|BID|FLOT1|DTNBP1|MTHFD2L|FRRS1|PARP12
GSE40666_WT_VS_STAT4_KO_CD8_TCELL_WITH_IFNA_STIM_90MIN_UP	0.991767699446191	1	-0.212629778559672	-0.75336442774652	6625	183	TSC22D3|DIPK1A|N4BP2L1|PHYHD1|LRRC24|ADGRE5|APLP2|TMEM63A|RAB33B|CACNA2D2|CYTH3|GPC1|CYP2S1|RASGRP1|PCGF1|ZSCAN20|RGS14|PCED1B|SLC16A5|GPR146|PRF1|KCNN4|CDIPT|NACC2|SGK1|PAQR7|SLC35D2|MAF1|XPO6|GPR180|ZBTB6|IL6ST|KYAT1|TRAF3IP2|PCSK9
GSE40685_NAIVE_CD4_TCELL_VS_FOXP3_KO_TREG_PRECURSOR_UP	0.711971197119712	1	0.245872298212845	0.924771366325994	2372	177	MYO1F|AKTIP|NUS1|EXOC5|ARL5A|CCL4|EIF2AK3|VPS54|G2E3|UBA5|NOL11|CIP2A|STT3A|CRYZ|TJP2|POLA1|ARPP19|OAT|FAM124B|HK2|USP14|TMPRSS13|HAS3|SYCP3|FCGRT|RAP1B|EXOSC9|HUS1|RBPJ|ZNF654|CRY1|MED7|CHSY1|PRKD3|RIOX2|RIDA|ANXA1|TIPRL|CREB1|DSCC1|CHMP5|MASTL|COX15|PTPRJ|NUP54|DSTN|RMDN2|UTP25|TBL2|S100A4|ZBTB38|KBTBD3|PGM2L1|SP4|SLC35B1|PPP3CA|FKBP1A|PDSS1|MTIF3|HMGB2|HSPA8
GSE40685_NAIVE_CD4_TCELL_VS_TREG_DN	0.985938668661182	1	-0.216359474846192	-0.765888087576164	6590	181	EXT1|SLC46A1|P2RX4|MAPK11|CCS|SPOUT1|UBA7|UBL5|LDOC1|CUL9|D2HGDH|CLIP3|RSPH9|RIGI|CYTH3|TMEM86A|C12orf57|STX4|KSR1|PGS1|C19orf38|TRPM1|MX1|ACP6|ADCK5|HEXA|TRPC4AP|ARHGAP39
GSE41087_WT_VS_FOXP3_MUT_ANTI_CD3_CD28_STIM_CD4_TCELL_DN	0.708647182886412	1	0.243130187007947	0.929177395703743	2351	196	KDM4D|TTK|TNFSF12|RAD54B|MS4A6A|UAP1L1|IL10RB|GNG12|FGF13|UBA6|MACIR|HIBCH|RHOBTB1|NCAPG|NDC80|PREPL|HK2|AKR7A3|FCER1G|OPRL1|ATP6V1D|SNX3|APOO|ATP5F1C|ATP5F1B|VWA5A|LINC00342|ANKRD46|CPNE3|EIF4G3|DRAM1|TRIM32|RIDA|STMN1|PGAP3|PUDP|P4HA1|GPD1L|MRPS33|CDKN3|QDPR|GGCT|ACACA|HPF1|EXTL2|GYG1|BHLHE40|SUCLG2|MTX2|DSN1|ALDH18A1|CCNB2|TMEM33|BUB1B|SETD3|RAD51AP1|GPSM2|VTI1B|BAG5|SORD|GOT1
GSE411_100MIN_VS_400MIN_IL6_STIM_MACROPHAGE_DN	0.991082045184304	1	0.209720596510558	0.801244157706691	3333	194	PECR|RSL24D1|NPM1|FASTKD1|ITSN1|ABCE1|NR4A2|UTP18|PSMA4|IPO7|NAA15|METAP2|HPRT1|OLA1|GCLM|MRPS22|TIGAR|RIOK2|ABHD14A|YTHDF2|NUP205|PPHLN1|ARL5B|FAM133B|CREG1|PPIG|ADK|EIF5B|NAA50|PRELID3B|PRMT6|KRR1|PRDX6|DNAJB9|RIOX2|SUGT1|NMNAT3|MAK16|CCDC90B|MRPL3|PLSCR1|CFAP298|WEE1|SEPTIN11|XPOT|BTF3L4|ADH5|CCDC115|OTUD4|FBXO11|AHCY|DHX33|RPL7L1|KPNA1|ALDH18A1|SUPT3H|KIF2A|GOT1|POLR1F|SNRPD1|PSMA3|WDR43|ALG5|SMN1|TOMM20|SIMC1
GSE411_100MIN_VS_400MIN_IL6_STIM_MACROPHAGE_UP	0.748194945848375	1	0.2428927410356	0.916906563352159	2486	182	MTMR6|EGF|CAMKMT|CD40|CREBL2|SGPP1|SERPINI1|NCOA3|RNF139|BTBD1|GCC1|C8orf58|PAIP2|MARCHF7|RFX5|MEF2C|KHK|LYSMD3|SYPL1|MXI1|NAE1|NCAPG|PICALM|UFL1|CPSF3|INCA1|NUAK2|LINC01160|RASSF6|S1PR1|KCTD14|TMEM176B|DAZAP2|SLC40A1|PCCA|RBL1|C1orf54|LAMTOR3
GSE411_100MIN_VS_400MIN_IL6_STIM_SOCS3_KO_MACROPHAGE_DN	0.969783096484667	1	-0.2233050853042	-0.792730806055408	6482	188	WFS1|LATS2|RPS21|SMPD1|TMEM115|FICD|CD84|PBXIP1|FAM193B|CACFD1|GRN|UBA7|LIAT1|RHOF|RGP1|USF3|NFRKB|MXD4|RNF181|PCIF1|UNKL|PISD|SIDT2|SLC37A4|MED12|TEX264|CD276|GDPGP1|BTD|SLC9A8|ENTPD4|SDF4|RPS11|TMC6|IQSEC1|ACP2|TRIM11|CLCN5|SPTBN1|ZNF808|ZCCHC2|ENTREP3|KMT2D|ANKZF1|ARSB|RELA|SIPA1|BAZ2A|NPC1|CISD3|PIK3R4|SPICE1|DENND6B|METTL3
GSE411_100MIN_VS_400MIN_IL6_STIM_SOCS3_KO_MACROPHAGE_UP	0.976859504132231	1	-0.220660716498673	-0.784021236731496	6500	191	SMPD1|DYNC2H1|AARSD1|MAGEH1|RAB38|NDUFB8|LMF2|SLC12A4|ATF6B|COX17|TNFRSF8|ECI1|COX6B1|RRBP1|JMJD8|LAGE3|LSR|CHTF18|KCNAB2|G6PD|ALG9|TIMM29|NDUFB7|UQCRQ|GUK1|STX5|SPHK1|MRPS21|PER1|ARHGAP6|CD2BP2|TMEM147|ZNF428|METTL6|PNPO|RABL6|RAB2A|PSMA7|IER2|TIMM17B|BCKDK|DNMT3A|NANOS1|ACBD3|GOLGA3|SERINC3|SEC11C|DNAJA3|MRPL58|YAE1|IKBIP|GPT2|PPP2R2D|RNF19B|UROD|CBY1|ARF1|TINF2|HEXIM2
GSE411_UNSTIM_VS_100MIN_IL6_STIM_MACROPHAGE_UP	0.991176910423209	1	-0.213971285351811	-0.758740385125146	6627	185	NEIL1|RAPGEF5|PAK6|NUP210|PYCARD|VILL|MANEA|SYNGR2|SYNE3|RCN3|ZC3H12C|SERHL2|RELL2|DENND11|LGALSL|CYBA|AHCYL2|DKKL1|TCP11L2|ADAP1|FAS|KCNK6|DDT|RPS10|DHRS3|JUNB|ZBTB20|MFSD10|CEBPB|ITGB1|TNFRSF1B|NUDT17|SNHG12|RPSA|TK1|NEU1|TUBB3|ACD|PDK3
GSE411_UNSTIM_VS_400MIN_IL6_STIM_MACROPHAGE_UP	0.764899670560048	1	0.239680431552778	0.9115969590236	2553	190	ELK3|MPZL3|GPR160|NUDT12|CAMKMT|ZNF14|ZKSCAN8|AMN1|VPS54|TRUB1|ACSF2|CHPT1|NAB1|NAE1|ZNF383|EARS2|TCEA3|PLXND1|PLPP3|FLACC1|RUNDC3B|OOSP2|TIGAR|DOK3|PRRC1|MRPS31|YTHDF2|METTL14|DDX5|ZNF623|PCYOX1|IFT70A|C17orf75|ZNF566|TOR1B|HMG20A|SEPHS1|DTD2|MGST1|METAP1D|TYSND1|MIOS|SLC35A1|ZNF124|PEX2|TBC1D23|AMER1|FUBP3|CCDC115|TFDP2|EHBP1|RNF130|TRMT6|CCDC28A|PPM1E|AFP|BBS4|GLO1|ANAPC4|MRPS2|MAP3K5
GSE411_WT_VS_SOCS3_KO_MACROPHAGE_DN	0.821767273822068	1	-0.244994211218861	-0.871247936443476	5458	193	NDST2|NUP210|MUTYH|AMDHD2|MTG1|TNK2|TEF|SUN2|CEP250|TPD52|RDH12|LIAT1|TMEM86A|DUS2|LAMB3|DGCR2|C12orf57|B3GAT3|ATP2A3|ZDHHC23|PIGR|LRRC75A|CHD6|EXOSC5|EMC4|NFRKB|ZC3H12A|BRAT1|GMFG|TRAP1|PPP1R3F|CDK10|SLC37A4|SETD1A|ITGAV|RGL2|ARFRP1|MBOAT7|CYBC1|C19orf48P|USB1|TMC6|MTG2|MED11|MIER2|ALDH6A1|ITPR3|BCL7A|PHF2|FANCE|SPTBN1|HNRNPM|CRTC2|APOBEC3B|AP1G2|CD52|MMD|OTULIN|GPATCH4|TUT1|FKBP3|RRAS|CORO1B|PGLS|TRIM65|PHC3|SLC2A4RG|OBI1|SF1|PLCB3|METTL3|USP21|VPS16|KHDRBS1|EID1
GSE411_WT_VS_SOCS3_KO_MACROPHAGE_IL6_STIM_100MIN_UP	0.996393688955672	1	-0.209025221310674	-0.742679599343432	6630	191	TRPM2|CRIP2|SMPD1|AARSD1|CHAC1|NDUFB8|SLC38A10|LMF2|TRAIP|SLC12A4|MAN1B1|IFITM2|ITGAX|HSPB6|JMJD8|LSR|CHTF18|RECQL4|NSDHL|TSPO|RNH1|MRPL55|SLC22A23|TRABD|GUK1|CDK2AP2|SLC39A4|CEBPB|KIFC1|CD2BP2|SIVA1|CACNB3|ACADVL|FKBP2|OGFOD3|ESPL1|RAB2A|TIMM17B|ELP5|ZDHHC14|PRR5|HSPA1B|DNAJC1|ADAM8|PLCD1|UHRF1|RILPL1|PFDN6|EIF4EBP1|CLPTM1|EDF1|ARFIP2|DNAJC10|YARS1|MCM6|ZFAND3|ALAD
GSE411_WT_VS_SOCS3_KO_MACROPHAGE_IL6_STIM_400MIN_DN	0.966831757466607	1	-0.223875939237302	-0.795294990223455	6441	190	LYRM9|PDE2A|MAPK11|HLA-DOB|PBLD|C2orf42|MOGS|SGSH|MIGA2|ZNF229|TMEM86A|LAMB3|DGCR2|PTK2B|HGS|TBCC|CHMP6|SLC12A6|CALR|YJU2B|YIF1A|GPATCH2L|RNF181|PCIF1|TREML2|UNKL|SDC4|CERS4|MTMR10|ZNF784|PPP1R3F|MAF1|JRK|DPH7|NR2C2AP|GPAM|GDPGP1|CCDC85B|CLCF1|KYAT1|WDR53|STMN3|ITPR3|BRF2|FANCE|ABCF3|STARD5|C1orf174|AP4B1|TMEM177|ACBD3|MMD
GSE41176_UNSTIM_VS_ANTI_IGM_STIM_BCELL_1H_DN	0.985826296743064	1	0.211680250001216	0.802226541970338	3268	187	MYO1F|ST8SIA4|CD36|TMEM51|SOCS6|CNOT8|PRPS2|ZNF184|SH3BGRL|NHEJ1|RPL21|HSD17B11|C5AR2|FPR3|TGFBI|IFIT5|C1GALT1|EDC4|PCCA|CXCL11|JAK2|CRBN|CTNND1|C1orf54|PAPSS1|MAP4K3|SLC25A14|VRK2|TMEM50A|CELF2|PYGL|ALDH2|SEPTIN7|GDE1|TMEM243|TMEM126B|GLUL|SNTB2|IL13RA1|BMP2K|PCNA|CNDP2|TMT1A|FUCA1|H2AC6|LTA4H|TMX4|DENND1B|DOCK2|RNF130|CCDC28A|STAT1|MBD2|HEXB|POLD3
GSE41176_UNSTIM_VS_ANTI_IGM_STIM_BCELL_24H_DN	0.675627240143369	1	0.245852121996682	0.936914045744248	2261	192	FEM1C|CCNG2|FOXO1|TGFBR2|HLA-B|MBNL2|BTBD1|RNF2|KLHL24|DHX40|AFF4|KLF10|CGGBP1|SGPL1|RSRC2|TSPAN13|ZFTA|CLK1|MEX3B|NFAT5|ATP1B3|MSANTD2|MED13|IFFO2|EFNB2|LFNG|KIT|FAM83G|DYRK1A|ZBTB34|PAPSS1|ETFDH|PCYOX1|TOPORS|PRDX6|BACH1|ANKRD50|CAND1|EEIG2|ABHD5|STMN1|RPL4|GLUL|PPP2CA|MAPK14|LIN54|USP12|KLHL11|KLHL7|ATP6V0E1|CDC42SE2|CENPJ|ZYG11B|ZNF326|USP48|KPNA1|TMX4|GDAP2|MAFF|MSL1|ATOSA|SOS1|FOXO4|WDHD1|CPEB4
GSE41176_UNSTIM_VS_ANTI_IGM_STIM_BCELL_3H_DN	0.999700509134471	1	0.191971839241602	0.730142814484529	3337	190	MLYCD|ZNF75D|RGS2|KAT2B|MBNL2|KLHL24|CTSS|RHOT1|PPP1CC|NEK9|MRTFB|CKAP2|MSH2|FAM13A|SH3BGRL|SMC2|ZNF16|ZNF34|PMS1|IFIT1|OTULINL|CALM2|FBXL4|TLR5|NUBPL|CELF2|ZNF623|CPNE3|MIS18BP1|ALDH2|TRIT1|STMN1|APEX1|ERCC5|SLC35A1|HLTF|RUSF1|CENPE|BTK|ZDHHC7|USP48|SSBP2|INPP4A|IFT20
GSE41176_UNSTIM_VS_ANTI_IGM_STIM_BCELL_3H_UP	0.745098039215686	1	-0.254498637065886	-0.89563809787444	4939	174	PLAT|MARCKS|SNN|MT2A|FICD|CXCL1|EREG|TECPR2|HYOU1|DNAAF1|FLT1|HAS1|SLC7A7|IER3|UBB|RHOF|IL1B|EGFL6|ZC3H12A|IGSF3|PLK3|SEC61A1|NDEL1|IL23A|TNFRSF1B|G0S2|IL15RA|NFKBIB|RHCE|REXO5|TNIP1|WNT5B|TP53BP1|PDIA5|SOCS3|CKB|NINJ1
GSE41176_UNSTIM_VS_ANTI_IGM_STIM_BCELL_6H_DN	0.674509803921569	1	0.248820307479566	0.935961645229261	2235	178	LRRC73|ATXN7|YOD1|NTS|ATP6AP2|SLC25A44|FGF13|UBR3|ST3GAL5|RUNX2|HMGN5|DTL|GGPS1|PPM1B|NEMF|RNF103|LRIG2|PIAS2|TAPT1|INTS6L|SIAH2|CCNC|RBM4B|SCARF1|ZXDB|ATP8A1|C1GALT1|MYO6|CXCL11|SLC25A14|SLC30A7|CRABP2|SCIN|CUL2|CPNE3|CHSY1|SMC6|BFAR|ADAM10|BRAF|SEMA7A|PPWD1|CHMP5|ZMYM2|NMRK1|PTAFR|PRXL2A|SLC30A9|RABGAP1|RNF168|RB1CC1|BHLHE40|SSBP2|SCN9A|KIF13B|B4GALT3|PATL1|ZC3HAV1|ZUP1|TRPS1|MINDY2|ATXN3|CPEB4|ARHGAP25
GSE41176_UNSTIM_VS_ANTI_IGM_STIM_TAK1_KO_BCELL_1H_UP	0.9952023988006	1	0.207214210306084	0.78733110199413	3318	189	SLAMF6|TM6SF1|TBC1D10C|PUS10|HVCN1|PECR|RFC4|RMDN1|MRTFB|TXNL1|SH3BGRL|CIBAR1|ZNF383|INTS8|CBFB|UFL1|OCRL|MYEF2|TMEM176B|C5orf22|SMIM20|CIR1|SOCS2|NFATC2|MTCP1|LAMTOR3|USP45|EMC2|CELF2|SCAPER|ZDHHC2|PPFIBP1|SSR1|CRIPT|ABCB1|TASOR|SEPTIN2|THOC7|ANXA1|PUM2|CLIP1|TPP1|METTL5|PLSCR1|ACACA|GYG1|FAF1|IL1R1|CHM|ALDH18A1|COMMD3|DOCK2|CCDC32|DOCK8|PKNOX1|SARNP|NAA35|ZNF407|KRCC1|TGFBRAP1|CCNB1IP1|AFG1L|DNAJC3
GSE41176_WT_VS_TAK1_KO_ANTI_IGM_STIM_BCELL_1H_UP	0.909090909090909	1	0.228727514064665	0.853075197487107	3089	166	SAMD5|SPMIP4|MYLK3|SMARCA1|DET1|RNF43|DNAH8|ENTPD7|YES1|CALB1|THOC2|LRRC28|PROS1|NFAT5|SYCE1L|LDHD|FBXO15|B3GAT2|SH2D4B|MEAF6|UBQLN2|STK24|EIF4G3|ZBTB37|SCLT1|ANP32B|VEPH1|SDAD1|DHX57
GSE41176_WT_VS_TAK1_KO_ANTI_IGM_STIM_BCELL_24H_DN	0.942857142857143	1	-0.22916855577896	-0.813546067245751	6302	188	TSC22D3|ENC1|N4BP2L1|H2BC13|DIAPH2|CCS|NDUFA2|PLOD1|NXF1|PDE6D|ECI1|TULP3|ATG9A|CACNA2D2|FOS|OCEL1|DGCR2|NFIL3|LRPAP1|MAPK7|H2BC5|DGAT1|CDIPT|JUNB|CPNE1|RPS2|CDC42EP4|RPLP1|MLEC|ACAA1|UCP2|H2BC12|VPS8|HDAC5|POLR2A|SMARCD2|TUBB3|DUSP5|CDKN1C|ULK1|OXA1L|PITPNM1|ACADSB|NPTXR|ITPR2|RHOG|CASP9|CYRIA|RPS14|HLA-E|ATP1A1|H2AX|H2BC4|DAG1|SLC16A1|AP3S2|WDR47|HEXIM1|SPTAN1|JUND|TUBB4B|SWAP70|PLAGL1|FNBP1|STX6|CNPPD1
GSE4142_GC_BCELL_VS_MEMORY_BCELL_DN	0.989517819706499	1	0.211609913475125	0.804833971523845	3303	190	SERINC5|ZNF14|KIN|RAD52|REC8|RUFY2|HIPK3|AMZ2|CLK4|MYNN|TMEM35B|TNFAIP8|PRPH|ZFAND1|ATL3|HSPA14|ZNF821|QNG1|MAP3K21|PLCH1|B3GAT2|LFNG|ICOSLG|TCEAL9|TCEANC2|ZDHHC17|ETFDH|PCP2|ACBD4|CHD9|KCTD9|VRK1|ANKRD12|RCOR3|TPP1|GLUL|NCK1|ZWINT|ZFYVE1|MRS2|ATAD2|RDH14|VSIG10|PFDN5|SMIM19|GDAP2|SLC36A1|MINDY2|OARD1|UGGT2|PIBF1|AMPD3|SLC27A2|CDK19|TRAK1|DAPP1
GSE4142_NAIVE_BCELL_VS_PLASMA_CELL_UP	0.795536791314837	1	0.238078243315813	0.902269748134372	2637	187	SETD7|GPD1|AKTIP|SERINC5|PELI2|DNAAF9|ABTB1|COPS2|BMPR2|SESTD1|EVC|CNIH1|KLHL24|RBM11|MEF2A|CGGBP1|LGALS8|RALGAPB|PJA1|RIMOC1|AP1S2|FMNL3|ATP1B1|CFAP418|ARHGAP8|BCL2L15|KCTD14|LGALS4|DAZAP2|SLC18B1|UGP2|ZNF250|ZDHHC17|ERC1|TSG101|PEX13|ABI1|RCOR3
GSE4142_NAIVE_VS_GC_BCELL_DN	0.725142685491139	1	0.24478395638199	0.922740058724508	2413	180	HYKK|DNAJC24|ST3GAL5|DEPDC1B|STRAP|RSL24D1|PARS2|NR4A2|CALB1|NCBP2|NDC80|NUP37|NUP133|GPR183|LRRN4CL|TIGAR|PRSS27|HYPK|RRP15|EXOSC9|PSMG2|TIPIN|DTWD2|DDX18|MRPS35|MTRR|C10orf88|HSPD1|FH|CFAP20|MAK16|BCLAF1|RPF1|MPHOSPH10|SRSF1|ZDHHC16|NUP155|VIL1|POLR1B|LRR1|RFC3|ETV6|EXO1|RIOX1|HLCS|WDR3|SFPQ|RRN3|UGGT2|MRPL35|PTCD3|GLRX5|CEP83|BANF1|LAP3|WDR55|NDUFA12|PDLIM1|FASTKD2|CHCHD4|COPS7A|CCNYL1|PPIH|HAUS2|NDUFAF4|SKIC8|C1QBP|MTFR2|SLC38A1|DERL2
GSE4142_NAIVE_VS_MEMORY_BCELL_DN	0.885921625544267	1	0.232581436148561	0.865011489895148	3051	161	PTGDR2|EFCAB7|DPF3|TNFRSF14|GNAT2|TRAPPC6B|ZNF658|DNAJC6|SOHLH2|PDE3B|TRIM6|PROCR|ATXN10|XPO7|ARSG|EFNB2|UPK1B|TIGAR|LHX5|PRR16|VRK1|CLGN|HACD3|ATP2A2|DMTN|APEX1|GLUL|SNX22|NMI|TLE2|STK4
GSE4142_PLASMA_CELL_VS_GC_BCELL_DN	0.949925037481259	1	-0.228073970844441	-0.805773124419906	6335	179	CDC26|POLR2F|PRKCZ|TIMM8B|MICOS10|DNAJC15|JAZF1|CAGE1|SLC26A10P|AURKAIP1|PCDH10|SKIDA1|ECE1|COBLL1|LRRC45|CALR|TMCC2|INPPL1|AKNA|FILIP1L|ITGB5|SNRNP200|SNHG3|STOML2|TTC4|DEAF1|ARFRP1|PTCD2|PTGES2|CD276|FBXO31|CBX2|SPINT1|RWDD4|TAF6|BRF2|PDXK|PRKRIP1|CTNNBL1|RSAD1|SUGP1|ARHGEF3|UQCC2|ZC3HC1|CDC20|E2F6|WARS2|NDUFAB1|GPR89B|MCM6|NR6A1|CALML4|SAFB2|C1orf52|ANAPC15|ARF1|LAS1L|GGA2|ERCC3|TMEM267|HSPE1|RUVBL2|COQ7
GSE41867_DAY6_VS_DAY15_LCMV_ARMSTRONG_EFFECTOR_CD8_TCELL_DN	0.993691799339141	1	0.20801443136164	0.784133288174548	3307	180	CD69|SLC33A1|EEF1AKMT1|UBA5|PPM1B|VPS50|SCAF8|AAK1|TWF1|SC5D|MFAP3|TVP23B|AP5M1|GPR183|RASL10B|FBP2|BACH2|DCTN6|RTN3|BTBD10|PPIG|UTP3|TSN|DNAJA2|ZCCHC7|CACYBP|CCT4|LSM14A|NDUFB5|MRPS30|FBXO28|TMEM68|PUM2|WIPF2|NRF1|CTDSPL2|SFXN1|FAM118B|PSMD14|VPS4B|VPS37A|LINC00294
GSE41867_DAY6_VS_DAY8_LCMV_ARMSTRONG_EFFECTOR_CD8_TCELL_DN	0.993416130480323	1	-0.212303956075994	-0.756800913848077	6638	196	SYCE2|CLDN7|TIMM8B|TFPT|LYPLA2|SNHG32|DNPH1|JMJD4|DYNLRB1|TADA2A|PPIE|NDUFS7|RPAP1|UBOX5|EXOSC5|GET3|SF3B5|DDX39A|LARS2|POLR2E|TRMT112|LSM7|TBC1D10A|TTC4|MSRA|WDR83OS|NEDD8|CRELD1|FASN|GPS1|POLR1G|MTG2|TEDC2|ZNF213|NUDT2|MRPL17|WDR74|TIMELESS|MCM2|NUP188|C19orf53|FAAP24|MTM1|MCM3|RAD23A|HNRNPM|REXO4|NUDC|POP7|NLE1|TMEM177|MRPS26|BLOC1S4|MFHAS1|AAAS|RBM34|SNHG7|ORMDL2|SLC25A39|NOC2L|TMEM69|NDUFB9|SWAP70|WDR73|ZPR1|NOB1|SPRYD4|CDK4|POP1|EIF6|NOC3L
GSE41867_DAY8_EFFECTOR_VS_DAY30_EXHAUSTED_CD8_TCELL_LCMV_CLONE13_DN	0.987337955984323	1	0.21305157072452	0.80827736869541	3274	188	HSPBAP1|TAMALIN|SUMF1|FGF13|NCOA3|TMEM53|UBLCP1|ARID5B|CORO1A|HACE1|USP2|PTGS1|ADD3|TCF12|WDR44|ERP44|USP14|CPSF3|S1PR3|KCTD14|PCMTD1|ASNSD1|JAK2|CNOT2|RFX7|ZNF521|CHSY1|MAPRE2|RFESD|MGA|AP4S1|TTC33|ZBTB25|STARD4|MFSD14B|PUM1|EFL1|PLCD3|PREX1|CAPZB|MBD4|ACACA|ANKRA2|CTDP1|PACRGL|STMP1|RMI2|AFP|SLC35F5|POLR3C|MCM9|TANC2|EED|TBC1D4|NTPCR|CDK19|TFEB|RAD17|PURB|VASP|CHST7|INTS9
GSE41867_DAY8_EFFECTOR_VS_DAY30_EXHAUSTED_CD8_TCELL_LCMV_CLONE13_UP	0.881688466111772	1	0.229156453975265	0.875499464542195	2965	194	TRAPPC2B|DOP1B|RFFL|ATP6AP2|PLK4|EIF2AK3|HACD2|TM9SF1|BATF3|PPT1|AMZ2|FER|PAQR3|MRPL42|CKAP2|LYSMD3|TVP23B|RAB11A|SLC19A2|MRPS6|CCNC|MRPS22|COPS3|PLXNC1|MED17|USP47|MORF4L2|TYMS|ADK|CAPN7|RRM1|MGST1|PRR11|WEE1|PTPRJ|RAB1A|MPHOSPH6|SEC63|NEMP1|SHCBP1|IQGAP3|MED9|MED8|SUN1|EEF1E1|ALYREF|PKNOX1|HSPA5|PRDX5|WDR3|DUSP12|TRPS1
GSE41867_DAY8_EFFECTOR_VS_DAY30_MEMORY_CD8_TCELL_LCMV_ARMSTRONG_DN	0.686135782026193	1	-0.25824935668502	-0.918385858915988	4557	193	SPIB|IL21R|WASHC1|AMDHD2|TLR6|AATK|ROGDI|CD19|TGFB3|SLC19A1|RECQL5|NRM|SPG7|PEX7|ARHGAP26|SLC6A13|FAS|EXOSC5|HERC2|MYO9B|USP19|MSRA|DYNC1H1|TIMM10|NOP10|NOP16|GRIPAP1|HIP1R|PYROXD1|CLUH|INPP5D|PTCD2|PSMG3|PCNT|NUDT1|TTI1|AKAP7|CLTA|TSR2|ADPRS|GPANK1|MRPL21|BCL7A|DDX51|FAAP24|TOR3A|CDCA7L|SMYD5|NFKBIE|MRPS26|ARB2A|CLASRP|WARS2|MGAT5|RBM34|C7orf50|ISY1|ILF3|RNF213|PAGR1|SLC2A4RG|SWAP70|TCOF1
GSE41867_DAY8_VS_DAY15_LCMV_CLONE13_EFFECTOR_CD8_TCELL_UP	0.924073516119313	1	-0.232816862658842	-0.828119235829099	6133	194	SLC26A11|TAGLN|PCNX1|APOLD1|ITPKC|PRKCZ|SH3PXD2A|RGS3|ZNF692|NXF1|KLF7|MAP1LC3A|TMEM163|RASGRP1|FYN|SPECC1L|MED15|MAPK7|CRAMP1|CSGALNACT2|DVL1|SMG6|IL23A|PHC1|MOSPD3|CDK11B|SIDT2|CDK10|RGL2|GNL3L|SLC9A8|TSR2|SLC20A2|IL6ST|DUSP5|MAFG|SKI|PIGS|TRIM11|C15orf39|VAMP2|LEMD2|CDC37L1|STEAP3|SERINC3|BLOC1S4|C15orf61|CUX1|TACC1|RC3H1|IKZF5|PPP2R1A|USP22|PNISR|SAFB2|EPC1|SDHAF1
GSE41867_LCMV_ARMSTRONG_VS_CLONE13_DAY15_EFFECTOR_CD8_TCELL_UP	0.762795570188566	1	-0.251456728058977	-0.891547692662548	5096	186	TEX14|SNN|TMEM134|UQCR11|HDAC10|TLR6|IL4I1|COX14|MICOS10|APOE|BSG|CASKIN1|SPSB3|FLT1|ACVR1B|TMCO6|FBXL19|IL1B|ADAM11|SLC12A6|SGCG|SF3B5|TAP2|GMFG|AGRN|NFE2L1|CARHSP1|TMEM205|ZNF579|POLR1H|TSC22D1|JRK|SHOC2|PDF|PHETA1|TTI1|DCUN1D3|DUSP9|NMNAT1|PSMB4|MRPL17|WDR74|AARS1|IER2|TMEM39A|BCORL1|TNFAIP2|PARL|RNF31|TSHZ1|CYRIA|ANKZF1|UBAC1|COX7A2
GSE41867_LCMV_ARMSTRONG_VS_CLONE13_DAY6_EFFECTOR_CD8_TCELL_DN	0.858440011908306	1	-0.239878057365797	-0.856300884164117	5766	198	ASCL2|DHX37|NOL12|ITPA|RHBDF1|IFI35|NSUN5|LAGE3|TADA2A|PPIE|MTLN|RHOT2|CACNA1A|YDJC|CPSF1|LARS2|POLR2E|PMPCA|RPUSD1|QTRT1|RPP14|LSM7|SLC7A1|ALG3|TELO2|DOT1L|ITFG2|NEDD8|YKT6|OAS3|MRPS11|POMP|MTG2|DNAJC27|WDR74|TMEM183A|FAM210A|NUP188|TRAF3|BCKDK|RAD23A|RELB|TOR3A|PES1|AP1G2|LARP1|TXNRD3|UQCC2|CNOT9|ZCCHC17|COA5|CCT3|MRPL58|MFHAS1|EIF2AK4|DHDDS|ISY1|MAGOH|PPAN|SPI1|PEX16|OBI1|DYNLT2B|SWAP70|TCOF1|ZNF653|DNAJC11|KAT2A|PDCD5
GSE41867_LCMV_ARMSTRONG_VS_CLONE13_DAY8_EFFECTOR_CD8_TCELL_DN	0.976311844077961	1	0.216816908819127	0.823817514732059	3255	189	TMTC3|ABHD13|CD36|ARID2|RYR1|ATP6AP2|SLC39A10|HACD2|NABP1|ANGPTL4|PHLDA1|LHPP|RCHY1|RNF103|NAB1|ARMCX6|SH2D1B|ITPRID2|EPS15|MPHOSPH9|IRF2BP1|CNOT7|ELL2|CEP97|SNX3|FZD2|FASTKD3|ZW10|ARL5B|RRM2|CRY1|SP1|MTMR4|BAG4|NIFK|CNOT6L|STMN1|BRAF|ELOVL6|NR5A2|SUCLG1|ZMYM2|SLC9A5|ATP6V0E1|BHLHE40|POLR3G|ZRANB2|DKC1|DHX33|KPNA1|SCMH1|MRPS17|FBXL17|RPRD1B|NCKIPSD|AZIN1|FOXO4|FBXW7|ZNF280B|DIP2A|GBGT1|CDC42BPG|POU2F1|VPS26B|POLR2C
GSE41867_LCMV_ARMSTRONG_VS_CLONE13_DAY8_EFFECTOR_CD8_TCELL_UP	0.957549300015053	1	-0.226373750006596	-0.805029888571647	6360	193	NDST2|TRAPPC6A|ZFTRAF1|PLXNB2|SMPD1|FGD3|SELENOM|MT2A|DDB2|ZNF710|DBP|IFITM2|SFI1|RECQL5|ST6GALNAC6|ERO1B|IFI27L2|LSR|TXNDC16|NFRKB|SLC12A6|NAPRT|SIL1|HDAC7|TMEM205|ACAA1|SIDT2|SLC37A4|PER1|MAF1|SLC66A2|MED12|GIT2|IRAG2|SYS1|NDUFB11|TMC6|LPAR2|LMTK2|ATP5MG|PSEN1|SAPCD2|ACYP1|ARMCX3|SEMA4B|METRNL|CTSH
GSE41867_NAIVE_VS_DAY15_LCMV_ARMSTRONG_EFFECTOR_CD8_TCELL_DN	0.754019534184824	1	-0.251913533355931	-0.895064436955663	5017	191	TSGA10|PDE2A|RASGRP3|ITPKC|P2RX4|MAPK12|RPS29|APOE|SLC3A2|ELL3|KLF7|TMCC3|HPS1|HS6ST1|ZNF598|FAU|SIRT7|CXADR|CPSF1|CSGALNACT2|RAMP1|ANKS3|HMGXB3|ENO3|MAP4K2|ATP13A2|NOP10|CNPY3|CDK10|PHRF1|HIP1R|TNFRSF1B|SETD1A|ARHGAP6|MED12|LMBR1L|ZBTB43|SMIM14|DDA1|PGGHG|SAMD9L|RPL37A|AKAP7|AGAP3|SLC20A2|MTG2|TCHP|POLM|PPP1R37|INPP5E
GSE41867_NAIVE_VS_DAY15_LCMV_ARMSTRONG_EFFECTOR_CD8_TCELL_UP	0.993723849372385	1	-0.212159733111019	-0.756595595474618	6649	197	SEL1L|ACADS|DHX37|COPE|DYNLRB1|NSUN5|CD48|CLDN12|TBCB|LRPAP1|LMF1|DPP3|EXOSC5|GMPPA|ROM1|CTC1|FRA10AC1|DDT|STING1|LRRC20|IGF2R|TAP2|USP36|LSM7|MTFMT|FAM98B|DECR2|RASSF7|ENDOG|TRAPPC1|WDR83OS|C19orf47|TPRN|SLC5A3|PTCD2|ZBTB1|TMEM147|ASRGL1|YJU2|SF3A2|RPUSD3|C1orf122|SUMF2|POLR2J|MED25|ATP5F1D|ZNF213
GSE41867_NAIVE_VS_DAY15_LCMV_EFFECTOR_CD8_TCELL_DN	0.925546345139412	1	-0.232779879696644	-0.828266750702939	6140	195	UBL3|RAB4B|NHLRC3|AKAP13|ITPKC|LZTS3|FAM193B|N4BP3|SH3PXD2A|RAB33B|NXF1|ARHGAP4|GIGYF1|SNX30|ELL3|MAP1LC3A|TOP3B|RASGRP1|BRD4|TTLL1|CHD6|DDX23|DVL1|CC2D1B|SZT2|UBALD1|SIDT2|NDST1|PPOX|VPS39|CCDC9|GNL3L|RPS27|KLF13|SLC9A8|TSR2|TTC5|MINK1|IQSEC1|MAFG|SKI|PAFAH1B1|CIPC
GSE41867_NAIVE_VS_DAY30_LCMV_ARMSTRONG_MEMORY_CD8_TCELL_UP	0.993748139327181	1	0.20823198040757	0.794471352087161	3337	193	RBM44|AGA|DDIAS|GNB4|LIN28A|CCRL2|ZNF518B|ZNF277|PARP11|STT3A|RPAP3|NUP107|NAA15|CRNKL1|PPIL1|ESD|POGLUT2|CD96|PMFBP1|GNPDA2|RBM43|TIMM23|JAK2|AP1G1|ZMAT3|KCTD9|MAPRE2|EIF3J|GABPA|RBBP4|MINPP1|PPP4R3B|ZNF217|LSM3|ORC3|ZC3H15|JAGN1|CEP76|GLT8D1|ACACA|ZDHHC16|XPNPEP1|CKAP5|HPF1|ADH5|GYG1|CENPJ|RMDN2|PACRGL|ELOF1|NUP50|PPAT|TNFSF9|COPB2|PGM2L1|KPNB1|OPTN|GNE|SARNP|ACOT7|USP15|TCEA1|PDCD2|FDX1|DCUN1D5|TRIM5|DRG2|INTS9|SEC22B|NDUFS4|SMIM8|FANCL|WDR55|CASP6|NDUFA12|SMCHD1|LBR
GSE41867_NAIVE_VS_DAY6_LCMV_EFFECTOR_CD8_TCELL_UP	0.788274104063578	1	-0.249616242912303	-0.881019678334345	5256	177	NFKBIZ|SPIB|HLX|ITGA4|PSMB9|B3GNT8|GSDMD|PLSCR3|ARHGAP4|IFT140|IFIT2|CIB1|RASGRP1|KSR1|RGS14|CASZ1|C19orf38|SUCO|ADPRM|IL18BP|SDHAF4|TAP2|ORAI1|PSMB10|AGRN|UBR4|NR4A1|CNPY3|PHRF1|RBX1|GNS|TAPBP|MED12|EXTL3|CNP|SAMD9L|POMP|ADPRS|LPCAT1|GRAMD4
GSE41867_NAIVE_VS_DAY8_LCMV_ARMSTRONG_EFFECTOR_CD8_TCELL_DN	0.907604619769011	1	-0.235050323692147	-0.834454075385103	6050	189	POU2F2|IL11RA|PDE2A|CRIP2|SEMA3F|SPPL2B|UVSSA|TMEM175|N4BP3|SLC3A2|UBL5|SPSB3|CHCHD10|SPATA6|FSIP1|HSPB1|RIPOR1|RPL13A|CCNL2|AKT3|MDFIC|AREL1|DDX23|TSPO|PRF1|BRD9|PCIF1|GAK|LRSAM1|ARID3B|NACC2|ATP13A2|MFSD10|PDP1|MED12|GRINA|HDAC5|HSD17B1
GSE41867_NAIVE_VS_DAY8_LCMV_CLONE13_EFFECTOR_CD8_TCELL_UP	0.785240963855422	1	0.238937430710809	0.905253743758994	2606	186	GNA13|CCL5|INSIG2|POU6F1|HSDL2|USP38|TMCC1|RASSF3|NT5C3A|DEPDC1B|ABHD17B|EIF3E|B3GALT4|FAM174A|C8orf58|PARP11|CRYZ|LRIG2|NCAPG|METTL21A|EIF2B2|CD96|FCER1G|SLAMF7|ELL2|RAP1A|PCMTD1|RBM43|HID1|FBXO33|ANKRD50|ALDH2|KIDINS220|CMAS|SFMBT2|CD47|STMN1|OSTC|CEP120|CR1L|CHMP5|RBM47|TUT4|GPI|OPN3|BMP2K|AVL9|RB1CC1|TAX1BP1|REST
GSE41867_NAIVE_VS_DAY8_LCMV_EFFECTOR_CD8_TCELL_DN	0.710894064613073	1	-0.255735588422132	-0.908644436093738	4730	191	BHLHA15|LAT|UBL3|ADAM19|PCNX1|RAB4B|PDE2A|RPS21|ARSA|ITPKC|FAM193B|RAB33B|ZNF692|NXF1|KLF7|GCOM1|MAP1LC3A|NAPSA|TXNDC16|ATP2A3|IKBKG|MXD4|MYO9B|SMG6|HPCAL1|UNKL|F2R|ANKRD13D|CC2D1B|GRK6|PRKAB2|SLC37A4|H2AC25|ZMYND11|SLC9A8|E4F1|NOP53|DUSP5|MAFG|SKI|INPP5E|POLR3GL|ACCS|C15orf39|VAMP2
GSE41867_NAIVE_VS_EFFECTOR_CD8_TCELL_DN	0.882460414129111	1	0.229796668684869	0.877858993668306	2897	198	MEMO1|FGF13|TMEM209|RSL24D1|RBMXL1|NOL11|LDLRAD3|PTGES3|OPA1|NUP35|SHQ1|LIPT2|LRPPRC|DCAF13|GCLM|GRPEL2|WBP4|PSMD6|MRPS22|QNG1|PLA2G4A|EIF4E|NOP58|SLC20A1|ARV1|DBT|HAUS1|PPHLN1|HUS1|NAA25|TRAPPC2|CCT4|PRDX6|SMIM3|SEPTIN2|PSMD10|CYRIB|EEFSEC|PSMC2|CLUAP1|PREX1|NT5DC1|NEPRO|IPO11|ECD|TMA16|CORO1C|BHLHE40|TTC27|BCCIP|ZZZ3|NCOA5|KPNA1|SMAD5|TRMT10C|WDR3|PCBD2|GEMIN2|MRPS2|NTPCR|WDHD1|CSE1L|KPNA4|IMMT|SMN1|NEK4|FKBP4|EXOSC8|INTS2|YWHAB
GSE41978_ID2_KO_AND_BIM_KO_VS_BIM_KO_KLRG1_LOW_EFFECTOR_CD8_TCELL_DN	0.94167916041979	1	-0.229935709737512	-0.812350548223112	6280	179	FOXD2|UBL3|FAM171A1|PBX3|RHOBTB2|ENG|MARCKS|PPFIBP2|CCS|TECPR2|NSUN5|KLF7|EXTL1|FLAD1|JAG2|EPHX3|IRS2|SLC6A16|MORC4|VPS72|RBM23|ITGB5|NACC2|BMP1|SDC4|ABL1|RGS19|TSC22D1
GSE41978_ID2_KO_VS_BIM_KO_KLRG1_LOW_EFFECTOR_CD8_TCELL_UP	0.854207289635518	1	-0.241671896147476	-0.85796137388193	5694	189	C3|IL15|IRF7|IFI30|APOL1|PSMB9|TAP1|FLT3LG|VILL|TRIO|IFI35|IFI16|TCL6|RIGI|ICAM1|HDAC4|LGALS3BP|APOL6|TXNL4B|SHFL|MET|MX1|FAS|IFITM3|BCL6|GBP2|DDX23|SP100|ISG15|SLC12A7|TAP2|SP110|PSMB10|PHF11|CTSL|CEBPB|TAPBP|OAS3|IL15RA|LSM6|RCN1|OGFR|CAND2|PARP12|IRF9
GSE41978_ID2_KO_VS_ID2_KO_AND_BIM_KO_KLRG1_LOW_EFFECTOR_CD8_TCELL_DN	0.7754674644727	1	-0.249726307409607	-0.886525878693617	5183	188	ADAM19|ITGA4|UQCR11|COX6A1|P2RX4|INCENP|RPS29|COX17|RPL23|RPL18|MIF|FAU|AKT3|SEC61B|ALG9|DHX38|SUCO|NFATC4|RPL38|ATOX1|ZFYVE19|RPS18|RPS10|RPS16|DHRS3|ENO3|SEC61A1|POLR3K|RPLP1|RPL27|SNHG6|NDST1|FAM118A|RPS23|PYROXD1|RPL10|RPL37A|RPSA|TUBA1B|BLTP2|RPS11|RPS26|SMARCD2|LMNB2|RPL3
GSE41978_KLRG1_HIGH_VS_LOW_EFFECTOR_CD8_TCELL_DN	0.836328241988619	1	-0.24430772775055	-0.865087850079641	5584	182	PRG2|RPS21|UQCR11|INCENP|RPS29|PDCD1|APLP2|ATP5ME|RPL23|IFIT2|RPS9|RPL18|SCAND1|NFATC4|TRIM26|RPL38|LTBP4|TRAF2|RPS18|RPS10|RPS16|UQCRQ|POLR3K|RPS2|RPLP1|RPL27|RPS23|RPL10|TUBA1B|NNMT|RPS26|RPL3|ZBTB48|CHCHD2|MCM7|RAD23A|IRF1|RPS5
GSE41978_WT_VS_ID2_KO_AND_BIM_KO_KLRG1_LOW_EFFECTOR_CD8_TCELL_UP	0.823032861018993	1	0.236322755794379	0.89116771160011	2729	181	ZNF841|SLAMF6|GPR85|SUMF1|CENPQ|TCF7|JKAMP|KIF18A|PRIM1|CUL4B|AP1S2|CCNA2|RAB23|UNK|CIBAR1|NAB1|NEIL3|MSH3|RRAD|NUDT11|TEX11|IGFBP5|DCAKD|GNG10|EXOSC9|HAUS5|RBL1|HAUS1|CREG1|CTNS|BCAS3|RIOX2|SEPHS1|STMN1|POPDC3|TUBGCP4|FRYL|OR51B2|PIAS1|WEE1|MED14|HELQ|MBD4|AVL9|NCOR1|PEX2|PAPOLG|CEP70|GABARAPL1
GSE42021_CD24HI_VS_CD24INT_TREG_THYMUS_UP	0.999698795180723	1	0.195717543346827	0.741508094010039	3318	186	PLCE1|ARHGAP28|EMC9|MAP3K9|GNG12|POU6F1|ME1|AMZ2|CLK4|EIF4G2|AP1S2|TMEM168|MAPK1IP1L|GNPAT|CAPN2|ARPP19|WSB2|PREPL|PERP|EPB41L4B|ARL3|ANKRD28|FZD2|TMF1|COX7A2L|FH|DARS2|GDE1|TTC3|CENPI|GTF3A|TNKS|AGBL5|MTMR2|MRPS33|RCN2|GALNT10|ASAH1|EIF4B|CENPS|TRAK2|TMX4|CCNB2|GPSM2|VTI1B
GSE42021_CD24HI_VS_CD24LOW_TCONV_THYMUS_UP	0.997157816005983	1	-0.207477710084852	-0.734447644155789	6665	181	FAM171A1|EPB41L1|PDLIM2|BRME1|PLXNA1|RTN2|EEIG1|SMTN|SAC3D1|IFT140|GPC1|RAB40B|SH2D3C|TPCN1|CCDC103|GAS2L1|PLOD3|JAG2|BCAT2|POU6F2|PRORP|SLC7A11|HPCAL1|IGSF3|TIMM10|UCP2|MYBL2|MGAT4B|GYG2|TAX1BP3|DPY19L1|BAIAP2|ASB1|FLII|DEXI|ESYT1|CLEC16A|CAVIN1|EBP|ATP6V1H|TBL1X|SMAGP|MLF2|H2AZ1|SLC25A10|NT5DC2|TRIM14|USP22|UNC13B|GSTM4|DDX11|POMGNT1
GSE42021_CD24HI_VS_CD24LOW_TREG_THYMUS_DN	0.911764705882353	1	-0.2350399807595	-0.827158698053795	6044	174	FOXD2|STOML1|IRF7|RASGRP3|EXT1|APOL1|IFITM1|ADGRE5|TEF|IFITM2|IFI35|IFI16|IFIT2|HERC6|VN1R1|RIGI|THEMIS2|SHFL|MX1|IFITM3|SP100|ISG15|SP110|KANK1|PHF11|H2AC25|SLC35F6|CNP|OAS3|CMTR1
GSE42021_CD24HI_VS_CD24LOW_TREG_THYMUS_UP	0.705600479185385	1	-0.257025949191514	-0.910122769541682	4711	182	TBC1D1|FAM171A1|IL11RA|CD14|TASP1|NBPF10|TCAP|KHDRBS3|FLT3LG|KCNC4|EPN2|PTGIR|TMEM8B|CCDC103|STARD3|CAMTA1|EMP3|GALR3|NDRG4|CHMP4A|CAPN10|PMPCA|QTRT1|PIN1|SLC7A11|NDUFA1|NACC2|POLR3K|HEMK1|MRAS|SPATA2L|TBC1D17|RAD50|REPIN1|PRICKLE3
GSE42021_CD24INT_VS_CD24LOW_TREG_THYMUS_UP	0.999235240134598	1	-0.201770518582342	-0.702955589763869	6532	159	ASCL2|MLXIPL|KRT12|IZUMO4|DYRK2|ANKS1B|PKD2L2|LAGE3|IRF3|RPL18|LRCH4|PGF|PLOD3|PIGQ|CPSF1|DDX39A|TRMT112|NAA80|SLC7A11|BRD9|RFX1|STK11|ULBP1|AHSP|ITGAV|VARS1|REXO5
GSE42021_TCONV_PLN_VS_CD24HI_TCONV_THYMUS_UP	0.964751762411879	1	-0.224302200768499	-0.796297076341252	6431	189	STS|NDST2|C3|IFI30|CYLD|SEMA3F|WDR25|BTN2A2|APOL1|PSMB9|TAP1|FLT3LG|DOCK4|MTG1|BTN3A1|DYRK2|IFI35|AHCYL2|ICAM1|APOL6|TXNL4B|MET|ADAP1|GBP2|GGCX|TAP2|GUK1|PSMB10|CDC42EP4|PARP3|TNFRSF1B|ID1|IL15RA|MREG
GSE42021_TCONV_PLN_VS_CD24LO_TCONV_THYMUS_DN	0.996449704142012	1	0.205137043477932	0.769896065936439	3367	173	FAM53A|KIN|ABCC3|LAMP2|HIF1A|MEF2A|GGPS1|CTSK|SIAH1|SYPL1|COIL|ESD|ORC2|VAV1|P2RX7|ZFP37|F5|GJC1|TGFBI|B3GALT1|TDRP|SLC30A1|TCEAL9|UGP2|GRK5|CDK1|SOAT1|RRM2|NRAS|B3GNT2|ARMC1|CYBB|MINPP1|PAPOLA|POPDC3|RPA2|MTF2|MKLN1|CD93|ECPAS|TEAD1|PARP16|USO1|BMP10|TIPARP|GABARAPL1|PCLAF
GSE42021_TCONV_PLN_VS_TREG_PRECURSORS_THYMUS_DN	0.952538299789727	1	0.222651378604503	0.839308871403338	3170	180	CD40|FCGR2B|MMP14|MFSD14A|KPNA3|HIF1A|ANGPTL4|CPD|MARCHF7|RNF103|PROCR|NAB1|YTHDF3|PIAS2|IFRD1|HK2|UGCG|PLA2G4A|LGALS4|NOP58|JAK2|HERPUD1|SERTAD1|ACSL1|PELI1|TRA2B|SCAMP1|HNRNPK|KDM3A|UBE2D3|DNAAF10|MYC|PSMA6|LRRC58|PAK1IP1|CR1L|CA2|INPP5B|ATP13A3|HSP90AA1|STARD7|TAX1BP1|DLD|BHLHE40|MAP2K4|RIOK3|RAB10|PBRM1|TNFSF9|MAPRE1|HSPA5|KCMF1|B4GALT3|SSX2IP|TOP1|MED20|CRKL|SRSF10|DCUN1D5
GSE42021_TCONV_PLN_VS_TREG_PRECURSORS_THYMUS_UP	0.747894103489771	1	0.242945518781342	0.917105796401543	2485	182	MEX3C|TGFBR2|CADM4|MAP3K9|CAMSAP2|DCLRE1A|RNF139|ST3GAL5|DTL|P3H4|DLC1|PFKFB3|AP1S2|MRTFB|KIF3C|SPRY2|RHOBTB1|MFAP3|NKRF|SYNE1|OTUB2|ZBED5|ANKRD28|SLC20A1|SRSF8|FAM200C|RPE|SLC25A32|RAP2C|RRM2|PHLPP2|CHST3|BFAR|MLLT11|C6orf120|TOR1B|MEGF9|DERL1|GDE1|STX7|TTC3|MAN1A2|ARL4A|TNKS|IVNS1ABP|FBXW11|AGPAT5|GALNT10|ZFAND5|MYL12A|RYK
GSE42021_TREG_PLN_VS_CD24HI_TREG_THYMUS_UP	0.952388082048211	1	-0.227521639945457	-0.806249707652366	6360	184	NFKBIZ|SLC30A3|ABRACL|SLC30A4|CD14|MADCAM1|SMAD6|EEIG1|SERPINH1|IER3|ICAM1|FOS|SERPINE1|FAU|TBRG4|IL1B|EXOSC5|JUNB|FAM83H|NDEL1|RHOB|SGK1|PDGFA|CEBPB|NR4A1|ID1|UGDH|TANK|PLXNA3|MEF2D|TMC6|FRRS1|SOCS3|KDELR3|IER2|ELAC2|UPP1|TNFAIP2|IRF1|RELB|CDKN1A|CAVIN1
GSE42021_TREG_PLN_VS_CD24INT_TREG_THYMUS_DN	0.6543523781035	1	-0.261295866720395	-0.926851244499337	4374	187	C3|TYMP|IFI30|SEMA3F|APOL1|PSMB9|TAP1|FLT3LG|IFITM1|DOCK4|BTN3A1|UBA7|TCIRG1|IFI35|IFI16|RIGI|IRF3|LGALS3BP|APOL6|TXNL4B|SHFL|ADAP1|MX1|FAS|GBP2|SP100|ISG15|TAP2|SP110|GUK1|PSMB10|PHF11|CTSL|CDC42EP4|PARP3|TNFRSF1B|TAPBP|OAS3|MREG|OGFR|PARP12|IRF9|LY6E|IRF1|CTNNBL1|DNPEP|ERAP1|RBCK1|GSTK1
GSE42021_TREG_PLN_VS_CD24LO_TREG_THYMUS_UP	0.959964412811388	1	0.220076718318604	0.82661371372246	3236	174	MYO1F|CNOT8|DHX40|ME1|AMZ2|MARCHF5|CLK4|RAB22A|PEAK1|SRP19|OLA1|MSANTD2|DCAF6|CNOT7|FSTL4|EGR2|RNF125|TMF1|CRBN|SNX13|NME7|PIGH|BMPR1A|RFK|CMC4|SEPTIN2|NF1|DSCC1|MAN1A2|TMEM126B|AGBL5|PTEN|ING2|TEAD1|MTIF2|ADGRV1|ASAH1|PEX2|AP4E1|HLTF|GTF2H1|EIF4B|TRAK2|RIOK3|TMX4
GSE42021_TREG_VS_TCONV_PLN_DN	0.861352078970984	1	-0.241045897420367	-0.8550219060472	5758	187	ZNF331|FAM171A1|NOTCH2NLA|PLXNB1|MARCKS|EPB41L1|PDLIM2|HBQ1|RABAC1|TRIO|RAB40B|SPINT2|JAG2|CA12|AKT3|ADAM11|ITGB5|PRORP|SLC7A11|HPCAL1|IGSF3|NACC2|ATP13A2|UNKL|ENTPD6|TYRO3|LRRC37A2|UCP2|DHCR7|CRELD1|RAP1GAP|P4HA2|ENTPD4|MGAT4B|GYG2|MTCH1|APEX2
GSE42021_TREG_VS_TCONV_PLN_UP	0.837445790339465	1	-0.24368835241631	-0.864116855955028	5599	185	IL15|OSMR|TYMP|IRF7|IFI30|RASGRP3|APOL1|PSMB9|TAP1|IFITM1|DOCK4|IFITM2|IFI35|IFI16|IFIT2|HERC6|RIGI|LGALS3BP|APOL6|THEMIS2|SHFL|MX1|FAS|IFITM3|GBP2|SP100|ISG15|SLC12A7|LARS2|TAP2|SP110|PSMB10|PHF11|CTSL|CDC42EP4
GSE42088_UNINF_VS_LEISHMANIA_INF_DC_24H_DN	0.808004814926271	1	0.237577987858392	0.89870916465352	2684	184	SNX16|BATF|GPR137B|CD44|MMP14|ACOX3|EGLN3|CLIC2|TM9SF1|TFPI2|ENTPD7|NFYA|NSUN3|CYP27B1|RDX|WSB2|GCLM|ASS1|SLAMF7|SERPINE2|RIT1|ACSL4|MICALL1|CXCL11|PRR16|LRP12|CLIC4|PGM3|DRAM1|CLGN|ANXA5|PSMA6|LYRM1|GART|USP12|CDC5L|TIMM17A|TRIM16|TFG|DLD|SEC61G|GLRX3|PAICS
GSE42088_UNINF_VS_LEISHMANIA_INF_DC_24H_UP	0.968482665466006	1	-0.223403781464039	-0.793617700949093	6452	190	TSC22D3|ITGA4|CD37|PAK6|PPFIBP2|NACA4P|ACAP1|RAB33B|SGSH|ARHGAP4|ARHGAP45|CRISPLD2|PPM1F|THEMIS2|PTK2B|C5AR1|KCNAB2|AMPD2|NLRP1|TSPO|SUGP2|TRABD|DHRS3|RHOB|NR4A1|INPP5D|ZBTB1|ARHGEF1|SIGIRR|IFNGR1|MINK1|PDK3|IQSEC1|RNASET2|MANBA|OXA1L|PXN|BAIAP2|TYK2|SCPEP1|TXN2|TOR3A|PIGT|GSTK1|CSNK1G3|MYLIP|CASP9|SRSF5|TACC1|DNAJC10|SLC41A3|SGSM2|SIPA1|CSNK1G2|RAB11FIP1|PGLS|HEXIM1|JUND
GSE42088_UNINF_VS_LEISHMANIA_INF_DC_2H_DN	0.690265486725664	1	-0.257825469173827	-0.915308305518253	4601	189	TSC22D3|S100P|CD37|RPL28|RPS28|NACA4P|GABPB1-IT1|RPS29|APLP2|IFITM2|PPCDC|CD101|CRISPLD2|UBA52|RPS9|FOS|FAU|PTK2B|IFITM3|NLRP1|RPL38|RRP12|ICAM2|RPS18|RPS15|RPS10|RPS16|THBD|JUNB|NR4A1|UXT|RPL27|CNPY3|DDAH2|RPL10|RPL36|TSSC4|SIGIRR|ICAM3|IRAG2|RPS11|NOP53|PDK3|RPL35|IER2|RPL8|C15orf39
GSE42088_UNINF_VS_LEISHMANIA_INF_DC_2H_UP	0.926807228915663	1	0.225768530504478	0.855361200018543	3076	186	CXCL8|SNX16|BATF|GPR137B|CD44|FAM135A|MMP14|CLIC2|TFPI2|ENTPD7|MT1X|CYP27B1|ETNK1|RDX|CEP135|DDX10|WSB2|PLGRKT|ARL1|AGK|SLAMF7|IL24|MICALL1|PRR16|LRP12|PGM3|HSPD1|DNAJB9|CLGN|ANXA5|PSMA6|NF1|LYRM1|GART|IPO5
GSE42088_UNINF_VS_LEISHMANIA_INF_DC_4H_UP	0.901227177491769	1	-0.235728207682171	-0.835781731818388	6021	186	TRPM2|ZNF224|ATXN1|APBA3|PLXNA1|TFPT|DNPH1|PILRA|HSPB1|SPECC1L|RGP1|TMEM255A|AKR1B1|LSS|PSMB5|IGF2R|TSFM|SLC7A11|KCNN4|PPP6R2|GPR107|AGRN|NFE2L1|CTSL|NENF|EVL|IL15RA|MREG|VAC14|MGAT4B|NIBAN1|NEU1|PARP12|RRP1|ZMIZ2|CD81|ABCA5|ABCD4|CSTB|PPME1|NUP188|DTX2|NECTIN2|NRBP1|CLEC16A|PCBD1|DHCR24|NEFH|ATP6V1H|CDK5RAP2|GOLGA3|STEAP3|ARSB|RAB13|MAOA|TBC1D13|LPL|TRIP10|PDE4DIP|TUBB4B|METTL3|SLC11A2|ST3GAL2
GSE42724_B1_BCELL_VS_PLASMABLAST_UP	0.925527142216241	1	-0.232380569369836	-0.82108357828163	6188	178	MXD3|RNASEK|DBNDD2|RAB38|CELF3|NDUFB8|NDUFA13|TNK2|RNASEH2C|ROMO1|SLC16A13|RIPOR1|TAOK2|PELP1|TIMM44|TMEM161A|ITGB5|CREB3L1|KCNN4|NACC2|POLR1C|CC2D1B|PGP|SNX8|OXLD1|TMEM205|HIP1R|MOCS3|ENGASE|MCRIP2|CNP|NCAPH2|RPSA|NDUFB11|HAUS4|MINK1|USP40|MRPL17|EPOR|SPHK2|TTC13|TXN2|DUSP23|ARMC7|SLC39A13|RBM10|PILRB|HPS4|MRPS26|UBAC1|TTLL12|COQ4|AP2A1|ARRB2|SF3B2|BIRC5|GSS
GSE42724_MEMORY_BCELL_VS_PLASMABLAST_DN	0.995781862006629	1	0.205746127139583	0.786305694674764	3304	196	CNRIP1|TCEAL1|ASAH2|PGAP1|ZNF362|RGS2|SFT2D2|CMTM6|PRPS2|PGGT1B|PPP1CC|C5orf34|MEF2C|CRYZ|LRP6|RDX|RIF1|PRKAR1A|HPRT1|WDR26|PROS1|PRKRA|PRRG1|P2RX7|SOX21|ALDH9A1|GNG10|CDC14B|HERPUD1|PAPSS1|MBNL1|TSNAX|EIF4G3|SMC3|CLTC|ACAT1|TOGARAM1|CYP4V2|ZBTB25|CITED2|NF1|TPP1
GSE43863_DAY6_EFF_VS_DAY150_MEM_TH1_CD4_TCELL_DN	0.761269276393832	1	0.241763042001609	0.909222201455688	2566	175	BATF|CD44|UBTD2|MS4A6A|PDE3B|FAM107B|RFX5|ETV3|HYCC1|SYPL1|MXI1|PIKFYVE|ZFTA|YTHDF3|RRAS2|SKIL|RIC1|PLXND1|HK2|UGCG|CDC27|ALPL|KCTD14|MYEF2|ICOSLG|PLXNC1|DUSP10|PCMTD1|FUT8|NCAM2|PELI1|BCL2|B3GNT2|CARD6|CPNE3|PCGF5|PPM1K|HACD3|RICTOR|PUM2|PHIP|SFXN1|WEE1|MRTFA|AEBP2|CDCA2|LNPEP|BTBD3|ZNF281
GSE43863_LY6C_INT_CXCR5POS_VS_LY6C_LOW_CXCR5NEG_EFFECTOR_CD4_TCELL_UP	0.982232346241458	1	-0.220008201536856	-0.770357927349814	6467	167	SMAD7|EMILIN1|ABCA7|PBXIP1|DDB2|MRPL14|BEND6|LPIN3|IFT140|CD19|TMCC3|NRM|APOL6|CAPN12|HRC|PTK2B|AKT3|BCL6|ACP6|TSC1
GSE43863_TFH_VS_LY6C_INT_CXCR5POS_EFFECTOR_CD4_TCELL_UP	0.86778342805863	1	-0.240131058934841	-0.851776852080336	5801	187	MATN1|CCR7|POLR2L|REN|IL4I1|POR|DOHH|PPARG|PUS1|ZNF622|DDRGK1|MCAM|PIGR|IRS2|PYCR3|SEMA4F|CSNK1D|RRP12|RPP14|KCNJ11|DGAT1|CPQ|PDRG1|SIDT2|SOX18|RCN1|DCTPP1|C19orf48P|UBFD1|SURF6|MAFG|SH2D2A|AARS1|CSTB|CDKN1C|ERCC2|IER2|PDXK|SCPEP1
GSE43863_TH1_VS_LY6C_INT_CXCR5POS_EFFECTOR_CD4_TCELL_DN	0.843740573152338	1	0.234643591188817	0.88813798492476	2796	185	VAV2|TSPAN32|YOD1|SLC49A4|KAT2B|SERPINI1|FGF13|TMEM64|RNF2|BBS2|MAP3K1|GGPS1|RHOT1|PAIP2|PNPLA6|EIF4G2|NBR1|SCAF8|CBX7|SP3|SH3BGRL2|RBM7|HSD17B11|TANC1|OTULINL|SLC22A2|PCMTD1|MTMR12|GOLGA4|ZDHHC20|MAP4K3|RESF1|CNKSR3|PRKD3|ACBD5|MON2|ATG12|TMEM243|NOD1|ZMYM2|ARHGAP5|ZKSCAN5|PTPRC|GOLM2|CLOCK|ZNF236|SEC62|BRWD1|PARP4|RIPK2|CDC42SE2|PHF21A
GSE43863_TH1_VS_LY6C_INT_CXCR5POS_MEMORY_CD4_TCELL_UP	0.99880059970015	1	0.199069536946244	0.756384601547503	3330	189	CD44|CD40|NUS1|PUS10|ARL5A|RSL24D1|NOL11|PNPT1|HEATR3|ZNF770|HPRT1|SIAH2|HOMER1|BRIX1|PLXNC1|C5orf22|EIF4E|RAP1B|ANKRD28|FUT8|WDR36|SUPV3L1|NAA25|DDX18|B4GALT5|NAA50|MTRR|CUL2|CPNE3|CACYBP|HSPD1|PRR3|HACD3|IDH3A|CLIP1|MAK16|ETF1|PHIP|HSP90AA1|TMA16|CCT6A|BCCIP|PUS7L|ZZZ3|PPAT|ATF3|TRMT6|RIOX1|POLR1F|MRPS2|CCNB1IP1|SLC25A33|SRFBP1|SLC7A6|ATIC|PTCD3|CEP83|EIF2S2|CDK5R1|PECAM1|NFKB2|GMEB2|PPP5C|AATF|WDR55|GLS|LSM12|ERH|RCL1|UTP6
GSE43863_TH1_VS_LY6C_LOW_CXCR5NEG_EFFECTOR_CD4_TCELL_UP	0.872107003306282	1	-0.239369560618255	-0.850937308056591	5802	192	LAG3|PLCB4|ENKD1|NDUFB2|GRN|ETFB|SMTN|TNFRSF8|NRM|TMEM160|CHTF18|PTPN3|SDR39U1|CNTROB|DHRS4|DPP3|GMPPA|MZT2B|CTC1|TMED1|PRORP|UQCRQ|FAM98B|ATPAF2|TRAPPC5|PPP2R3C|MRPL57|RAD54L|TP53I13|GTSE1|PIDD1|NCAPH2|NEK6|HAUS4|ESPL1|DPCD|CDC34|AARS1|DNMT1|C11orf71|PXN|MAST2|EIF2B5|VPS36|AP2M1|UHRF1|CYB5R3|NDUFA8|SAE1|KIF22|COX7A2|SLC12A2|WDR90|H2AX|PASK|UBE2S|EXOSC2|ANAPC15|ATP5MC3|TINF2|MRPL54
GSE43863_TH1_VS_TFH_EFFECTOR_CD4_TCELL_UP	0.712614155251142	1	0.248065005327855	0.917961365759452	2496	154	NIPSNAP3B|GJC2|ASAH2|SERINC5|C3orf52|JMJD7-PLA2G4B|RNF2|FMR1NB|KIF20B|NUP153|RPAP3|SNAPC1|PLAA|XPO7|PLGRKT|SLC39A1|SEMA6B|TTC14|SPINK4|ACER2|SLC5A11|RHOJ|ZNF536|PHETA2|BICD1
GSE43955_10H_VS_30H_ACT_CD4_TCELL_DN	0.93788914198937	1	-0.231386647240642	-0.810199514107038	6175	167	PLA2G6|PLA2G2C|MAGEH1|STK11IP|ZC3H12C|YBX2|GRIA3|JMJD8|NAPSA|MPG|CLCN7|RPL18|DGCR2|KSR1|ACYP2|RAMP1|TRAF2|FOXRED1|RPS10|RPS16|STXBP2|STX5|VKORC1|HIP1R|CNP|AKT2|E4F1|RNASE1|UQCC3|PDCD7|BID|OGFR|PDIA5|ANKIB1|SOCS3|SRRT|ITGAE|ABCF3|CSTPP1|NRBP1
GSE43955_10H_VS_30H_ACT_CD4_TCELL_WITH_TGFB_IL6_DN	0.964547319074128	1	0.221271252987153	0.824606723265735	3291	165	TENM1|KLHL24|CTSS|MAP3K1|UBA5|HIC1|PHLDA1|PTGS1|SORBS1|PGRMC2|BCAS2|HK2|CFAP418|UGCG|C2|EFNB2|WWTR1|TGFBI|KCNQ2|KIF3A|PIGK|CAPRIN1|HBEGF|EIF1B|ATP11A|RBPJ|DBF4|ANXA1|ITM2B|CLOCK|PSIP1|ADORA2B|ZFAND5|SRPRB|CIZ1|TAX1BP1|BHLHE40|CENPE|ANKRD33B|FABP5|PAX6|DCAF12|USP48|E2F5|S100A4|CAT|ATRAID|CDS2|DEGS1|MCL1|SARAF|RPRD1B|CANX|GAB1|MRPL45|ALDH1A1|ABCB9
GSE43955_10H_VS_60H_ACT_CD4_TCELL_DN	0.676923076923077	1	-0.260969211566631	-0.918409508773988	4487	174	IGF1R|PLAT|ADGRG3|GFAP|FAAP20|ANKH|DEGS2|COPE|NAA38|CRYBG1|ERO1B|GLG1|CDKN2D|DUSP8|ROBO3|PTK2B|ELMOD3|ECE1|CA12|IRS2|P2RX6|ADPRM|EMP2|KCNN4|GMFG|SELENBP1|JUNB|PISD|PLD2|SELENOS|ATP5IF1|MPV17|UGDH|FLNB|COL1A2|FRRS1|S100A6|DNMT3A|TOR3A|CAVIN1|WDR20|RPS5|C1orf174|TRAF5|FCHO1|KIF22|ANKZF1|HLA-E|NDUFAB1|CBX6|HK1|MYO5A|SLC16A1|SETDB1
GSE43955_10H_VS_60H_ACT_CD4_TCELL_WITH_TGFB_IL6_DN	0.90005931198102	1	0.229384869529791	0.861575364820104	3034	174	ZNF841|ELK3|AIF1|TENM1|MX2|CCN1|STT3B|GPR162|MME|TFPI2|MAP3K1|PHLDA1|LANCL1|MAPK6|MXI1|PGRMC2|CBFB|HK2|CNOT7|P2RX7|C2|RECK|WWTR1|KCNQ2|CR2|SBDS
GSE43955_10H_VS_60H_ACT_CD4_TCELL_WITH_TGFB_IL6_UP	0.696615753219527	1	-0.257953643611024	-0.913407713404463	4651	182	FSTL3|ADGRD1|IFI30|PLA2G6|BSCL2|RENBP|KCNC3|TFPT|STK11IP|NXF1|MRPL41|ITGAX|APOD|HSD17B10|MPG|IFT27|TOM1|CHD4|STARD3|CHMP6|CNTROB|G6PD|NDUFB7|RPS16|DHRS7B|TMEM205|CDCA3|TAPBP|RPS27|MVD|RPSA|KLHL21|SMARCA4|OGFR|PRPF6|MAN2C1|ENTR1|GPR3|NMU|GFER|DNAJC19|PTTG1IP|CNPY2|PRPF8|MROH1|ARL14EP|EIF3K|IDH3G|POLE3|SLC39A7|CRELD2
GSE43955_1H_VS_10H_ACT_CD4_TCELL_UP	0.999699157641396	1	0.189806134147412	0.716507580351094	3322	182	TSPAN32|FCGR2B|C5orf15|ATP6AP2|CCL4|HIPK3|IL18R1|BNIP3L|PPM1A|NAB1|NAA15|C18orf32|TBPL1|PREPL|FEM1B|VAV1|USP14|NUSAP1|FCER1G|CORT|ELL2|ALDH9A1|HERPUD1|COQ3|DNAAF10|WWP2|CFAP20|SFMBT2|SMPDL3A|PARK7|VAMP3|ABCB7|TEAD1|RAB1A|ZDHHC16|SEC63|BHLHE40|SLMAP|ATL2|TNFSF9|ERCC4|PCBD2|SFPQ|RRN3|VDAC2|CLIP2|FYTTD1|ALG5|DCUN1D5|HMGB2|HCCS|MRPL35|SNAP23|ATP6V1G1|TM2D2|PLD3|ARL2|PCBP2|DENND5A|ARPC1A|PAFAH1B2|RGS10|SSU72
GSE43955_1H_VS_10H_ACT_CD4_TCELL_WITH_TGFB_IL6_UP	0.993268511593119	1	-0.211426697545559	-0.748426613444252	6639	181	TYROBP|MADCAM1|RPS29|ROGDI|OST4|EEIG1|CHCHD10|NSG2|IRS1|PALD1|TOM1|UQCC5|NME3|FASTK|RGS14|ENTPD1|AKAP8L|SLC2A8|CALR|NDUFB7|HEXA|ARHGAP39|TSEN34|CDK11B|EPHX1|NDST1|DHCR7|PACSIN1|FASN|TSSC4|NHSL3|GIPC1|FKBP2|RPSA|CLTA|BID
GSE43955_1H_VS_20H_ACT_CD4_TCELL_DN	0.891689168916892	1	0.230295649958183	0.866184700020168	2971	177	PRNP|EPB42|STT3B|DARS1|CTSS|MAP3K1|MEF2A|GLUD1|KLF10|DOCK7|YES1|MTHFD2|MAPK6|LRP6|INVS|CWC22|RNF6|HK2|ISOC1|HSD17B11|PERP|HTR2C|ALPL|SFRP2|NREP|TENM2|EGR2|SLC20A1|FXR1|SUPV3L1|FZD4|DBF4|TMX1|ETF1|CYB5B|PTPRA|ADARB1|MIOS|NUP54|CISD1|GHITM|NCOA5|ALDH18A1|RAD51AP1|KPNB1|SARAF|GNAI2|PLA2G12A|BCL2L11|EEF1B2|TXNIP|RPL39L|SETD6|DDX17|CALU
GSE43955_1H_VS_42H_ACT_CD4_TCELL_DN	0.846420323325635	1	0.236075759341411	0.876616852486106	2931	159	FBN1|TENM1|TBX3|KRT27|CTF1|BATF3|P3H4|ZNF277|FOXA2|AKAP12|CYP27B1|PLAC1|DNA2|DAPK2|RMND5A|PGRMC2|DMTF1|PCNP|HNF4A|TGFBI|S1PR1|PAX5|STRA6|EPB41L4B|GRK5|ZNF799|CPNE3|SSR1|MYB|BCAS3|MLLT11|AZI2|GLTP|PLBD1|FAM111A|PSPN|BAIAP2L1|GYG1|RPL5
GSE43955_1H_VS_42H_ACT_CD4_TCELL_WITH_TGFB_IL6_UP	0.97196261682243	1	0.217752313575635	0.821138998369128	3223	181	TSPAN32|GABRR2|GNG12|DCLRE1A|RNF13|LGALS8|DDX19B|C5orf34|ORC4|ZNF146|NAA15|RMND5A|FNTA|TRIM13|PLXND1|RTRAF|ZNF32|HSD17B11|CORT|KIF3A|RPS27L|FLCN|ATP5F1C|UFM1|DBT|EIF1B|CDK1|FRG1|RFK|NNT|COX7A2L|FH|CLTC|ALDH2|ABHD5|KMT2E|SMPDL3A|TMX1|BRWD3|PIGX|CYB5B|CHP1|HMBOX1|GYG1|EIF4B|TTC27|DALRD3|GRSF1|S100A4|ZZZ3|RLIM|TSPAN3|BTF3|EXOC4|RRN3|NR3C1|ARMC10|MAP2K1|TRAK1|HCCS|RAB7A|SIRT3|ZNF260|CBX4|ECI2|PCBP2|BCKDHA|CTDSP2|LBR|RGS10|IARS1
GSE43955_1H_VS_60H_ACT_CD4_TCELL_UP	0.96276357110812	1	-0.225443097871784	-0.799419336205783	6437	185	LATS2|RETSAT|DBNDD2|ZNF467|CARD19|SLC38A10|TRPV2|NDUFA2|TRIO|NXF1|COX17|CD48|CSF2|FYN|LGALS3BP|MDFIC|FOLR2|RNH1|ATOX1|RRP12|PSMB5|MAP7D1|KCNN4|MAP3K11|SYT10|PCSK7|TAPBP|INO80C|PCNT|GIPC1|AGAP3|ITGA5|NOCT|HSPA1A|NNMT|PSMB4
GSE43955_1H_VS_60H_ACT_CD4_TCELL_WITH_TGFB_IL6_UP	0.999698885877748	1	0.193106691988821	0.729553588593047	3319	183	DPYSL2|BATF|FCGR2B|ABCC3|MDP1|MEIG1|MNS1|GNAI3|CAPZA2|HDAC2|PJA1|SGPL1|PFKFB3|PSMA4|NAB1|MAPK1|LAMA2|VWF|VAPA|LITAF|KLHDC2|LAMTOR3|UBE2W|SNX2|RPL6|PUM2|SNTB2|TMX1|SUPT4H1|XPOT|ZFAND5|ASCC1|TAX1BP1|GYG1|ATP6V1B2|ATP6V0E1|MAP2K4|STMP1|IDI1|USF1|GORASP2|ZFP36|RAP1GDS1|MPP1|ARG2|GAB1|GNAI2|ATG5|FTH1|PTPN18|S100A1|NHERF1|PRKCB|LDAH|NPEPPS|RAC2|HADHB|ARPC1A|FARS2|CDK16|RGS10|KDM5A|APAF1|MKRN2
GSE43955_TGFB_IL6_VS_TGFB_IL6_IL23_TH17_ACT_CD4_TCELL_60H_DN	0.687898089171975	1	-0.260774714061228	-0.913963896716001	4535	168	TAGLN|GNAS-AS1|KRT15|PCBP4|ADSS1|IRF7|MELTF|SYNGR2|WNT3|HYOU1|SERPINH1|FGF12|TGFB3|FEZ1|PGF|NRTN|TBRG4|FASTK|FOLR2|H2BC5|NECAP2|DEF8|NOP16|TAPBP|NCAPH2|EVL|MYBL2|CIPC|CDKN1C|GNL1|STMN3|TMEM259|IER2|ELAC2|UPP1|DNMT3A|CAVIN1|BCAP31|GALNT2|ADAM8|UCK1|CD52
GSE43955_TGFB_IL6_VS_TGFB_IL6_IL23_TH17_ACT_CD4_TCELL_60H_UP	0.998352800239593	1	-0.204662872400178	-0.724706360727858	6666	182	RCAN3|DPM3|COX6A1|RPGR|LPCAT3|RUFY1|ETFB|PDE6D|DNAJC15|ABCB8|NAPSA|CYP2S1|PPIE|RPL18|STAB1|CHMP6|EMP3|ID3|NDUFA6|GMFG|KCTD10|DYNC1H1|WDR13|INTS11|GRK6|MRAS|ARHGAP1|ATP5IF1|POLG|COX16|FBXL3|RPL36|POLR1H
GSE43955_TH0_VS_TGFB_IL6_IL23_TH17_ACT_CD4_TCELL_52H_UP	0.819257262653489	1	-0.246001483031849	-0.871085397223772	5470	182	SULT2B1|TBC1D1|COX6B2|COL18A1|FSTL3|PLAT|RHPN1|SEMA4D|IRF7|CTBP2|ITGA4|ABCB4|RTTN|SLC3A2|MYPOP|IFIT2|SRCIN1|PDLIM7|TOM1|CHD4|JAG2|EMP3|FRMD6|AXIN2
GSE43955_TH0_VS_TGFB_IL6_IL23_TH17_ACT_CD4_TCELL_60H_DN	0.929602888086643	1	0.224914492891602	0.849039678362008	3089	182	BATF|FCGR2B|MNS1|KLHL24|MAP3K1|BNIP3L|RNF138|GLUD1|PTBP3|PFKFB3|MEF2C|MAPK6|FMNL3|MKRN1|ATP1B1|FAM13B|CBFB|VAV1|UGCG|HESX1|IL1RL1|NKAIN1|OTULINL|SMIM20|VAPA|LITAF|SLC25A36|PGM2|KLHDC2|YTHDF2|CAP1|UBE2W|ATP11A|SCAMP1|ABCB1|MOB1A|TRAFD1|AZI2|ELOVL6|GART|GLTP|GPI|XPOT|ZFAND5|S100PBP|TIPARP|TAX1BP1|PACRGL|ZNF281|LAPTM4A|HSBP1|TP53INP2|B4GALT3|MAIP1|ZFP36|ARG2|GAB1
GSE43955_TH0_VS_TGFB_IL6_IL23_TH17_ACT_CD4_TCELL_60H_UP	0.775577557755776	1	0.240726543834386	0.905417228662118	2584	177	PRNP|MSL2|IL12RB2|KRT27|S100A14|CCL5|CNR1|CCN1|ARL5A|RUNX2|RNF2|PHLDA1|AFF4|DOCK7|RNF103|PROCR|MXI1|RTN4|DENND4C|CMPK2|ISOC1|GJC1|TMEM176A|PPY|CR2|ALDH9A1|SRP9|FAM83G|ZNF799|BCL2|SHD|RDH11|PCGF5|PFKFB2|CREB1|MFSD14B|PDIA3|FBXW11|PCSK6|RCN2|CAPZB|ATP6V1A|PTPRJ|IDE|YWHAH|RYK|BHLHE40|NUP50|INTS7|ATP6V1C1|COMMD3|TNFSF9|BAK1
GSE43955_TH0_VS_TGFB_IL6_TH17_ACT_CD4_TCELL_10H_UP	0.665590135055784	1	0.249887709397332	0.934802533207459	2266	169	BATF|AIF1|CTF1|USP38|LAMP2|PHLDA1|KLF10|DDX19B|LDHA|PFKFB3|SMC2|TRIM13|TCEA3|SEMA6B|TMEM176B|NCKAP1|LITAF|ATP5F1C|SLC20A1|SERTAD1|SPCS1|TSNAX|DDX52|SYP|ATP11A|RBPJ|HBS1L|IREB2|SNX2|DECR1|RFC1|CNOT6L|SKP1|HOXB7|KMT2E|STX7|SUPT4H1|CTNNB1|CD93|CNDP2|ZFAND5|PPP2R1B|BZW2|TAX1BP1|OTUD4|PNRC1|HSBP1|SERPINB1|DUSP12|OGA|MBD2|ARG2|DAB2|FYTTD1|NEK4
GSE43955_TH0_VS_TGFB_IL6_TH17_ACT_CD4_TCELL_1H_UP	0.99706572769953	1	0.205830757858108	0.769185361191045	3397	168	BATF|DCK|FCGR2B|MEMO1|CCL4|CMTM6|HDAC2|MAP3K1|PSMD5|PROCR|CBX7|SEMA6B|TNKS2|HTR2C|LITAF|NFYB|SDHD|JAK2|RBPJ|DNM1L|COQ3|BACH1|MIS18BP1|GDE1|CA2|AIMP1|RPF1|SLC30A9|PLSCR1|ZFAND5|NSMCE3|PEX2|BZW2|BHLHE40|TTC27|NUP50|SH3GLB1
GSE43955_TH0_VS_TGFB_IL6_TH17_ACT_CD4_TCELL_20H_UP	0.715482423335827	1	-0.255718462564546	-0.905214455667851	4782	181	NFKBIZ|ASCL2|FZD9|POLR2L|RDH16|TCAP|ECM1|ANKH|COX14|REX1BD|RPP21|GTF3C1|ZC3H12C|AEBP1|UCHL1|IRS1|PALD1|FOS|UQCC5|PTK2B|SLC27A1|TKTL1|BCL6|SGCG|DACH1|IL16|RPS10|JUNB|RHOB|PPARD|PDRG1|SGK1|CEBPB|NR4A1|HEPH
GSE43955_TH0_VS_TGFB_IL6_TH17_ACT_CD4_TCELL_42H_DN	0.979197187225315	1	0.216860086796844	0.808167727016267	3341	165	PTPN6|BATF|SELENOT|USP38|MTX1|LDHA|PROCR|ZNF274|PIAS2|INPP5K|UGCG|ZXDB|ZBTB16|NKAIN1|CPXM1|AUH|SOS2|RAP1A|NFATC2|NAMPT|SCAMP1|KDM3A|ATG12|CA2|INPP5B|CLPX|PCSK6|ZFAND5|IDE|NCOR1|BZW2|FABP5|DCAF12|NUMB|RIOK3|CAT|INPP4A|SSX2IP|TRIM47|ARG2|DAB2|GAB1
GSE43955_TH0_VS_TGFB_IL6_TH17_ACT_CD4_TCELL_42H_UP	0.712014399280036	1	-0.255710614938547	-0.907800344211267	4746	189	PLAT|SEMA4D|IRF7|RPL28|CARD19|TAP1|BCAR1|TRAIP|RPP21|OST4|SUN2|NAA38|UCHL1|NSG2|KLF12|CYBA|CYTH3|ICAM1|LGALS3BP|STARD3|PEX7|FBXL15|SLC25A19|MX1|PIGU|ATN1|DPP3|LSS|ISG15|RNH1|KCNN4|NACC2|BOP1|ARHGAP39|SAP30BP|MYBBP1A|DEAF1|CACNB3|EVL|IL15RA|CMTR1|TP53BP1|IRF9|PMP22|ADISSP|TAF6|AUP1|IRF1|HSPA1B|TOR3A|RPS5
GSE43955_TH0_VS_TGFB_IL6_TH17_ACT_CD4_TCELL_4H_UP	0.753375337533753	1	0.242689483544138	0.912800209382588	2510	177	MEIS1|AKTIP|PTPN6|RGS2|CCL4|GNG12|CMTM6|ZNF436|NAA30|HDAC2|MAP3K1|GNAQ|C5orf34|ZNF146|PROCR|CBX7|PDE8A|ERP44|ORC2|HK2|TNKS2|UGCG|HNRNPH2|GFI1|TANC1|TGFBI|OTULINL|DKK3|CASP8AP2|VAPA|JAK2|RPE
GSE43955_TH0_VS_TGFB_IL6_TH17_ACT_CD4_TCELL_52H_DN	0.961906207315222	1	-0.226118881782761	-0.791112161569436	6337	165	TGFB1I1|HPX|PLAT|SLC30A4|RPGR|APLF|APOC1|ECI1|SREBF1|PPIE|IRF3|CDKN2D|STARD3|ACTN2|COMMD1|SF3B5|LSS|SLC12A7|IL17RA|SELENBP1|MRPL57|NSMF|INPP5D|SMARCA4|COL1A2|HS3ST3A1|SOCS3|PITPNM1|LY6E|TRIM11|C19orf53|VAMP2|ABCA2|RAG1|RBM10|ENTREP3
GSE43955_TH0_VS_TGFB_IL6_TH17_ACT_CD4_TCELL_60H_DN	0.955737456419585	1	-0.227580847684632	-0.798764344407656	6304	171	SLC30A3|IL15|ADGRG3|ENC1|ANKH|APOE|AATK|MRPL14|ITGA7|SOX11|PPFIA4|ECE1|FDXR|CXADR|MX1|FRMD6|EXOSC5|CALR|SLC10A3|TSC1|MRPL55|KCNJ11|THBD|SDF2|SLC7A1|STK11|HDAC7|MYL6|CEL|FLNB|FGF2|CTTN|HOXB4|S100A16|SUPT6H|S100A6|SEMA4B|UPP1|POLR1A|SLC22A5|PAX9|TXNRD3|H6PD|SGTA|ZNF600|ARID3A|ATP6V1H
GSE43955_TH0_VS_TGFB_IL6_TH17_ACT_CD4_TCELL_60H_UP	0.922279013830427	1	-0.233149836137628	-0.821985813293976	6134	176	TBC1D1|GDF15|HLA-DOB|ADGRE5|CCS|UBA7|TCIRG1|ING4|CSF2|TGFB3|AGER|IFT27|C8G|OCEL1|LRPAP1|MAGED2|GAL|ACYP2|MAP4K1|MMP15|KCTD10|ENDOG|HOXC8|RHOB|CDC42EP4|FBXL3|RAD54L|GTSE1|TNIP1|VAC14|STX18|HNRNPAB|HSPA1A|GRIN2D|PNPO
GSE43957_UNTREATED_VS_NACL_TREATED_ANTI_CD3_CD28_STIM_CD4_TCELL_DN	0.986223420185684	1	-0.217467728042618	-0.770048049835657	6585	182	C3|LATS2|MARCKS|HLX|TIMP3|MT2A|GRN|NDUFA2|ETFB|TSPAN4|NAPSA|ICAM1|TNFRSF1A|FYN|CDKN2D|ZNF598|TXNDC16|NFIL3|MMP15|RNH1|PSMB5|IL17RA|CDK2AP2|STX5|SPHK1|DCTN3|NBL1|MRAS|ARHGAP1
GSE43957_UNTREATED_VS_NACL_TREATED_ANTI_CD3_CD28_STIM_CD4_TCELL_UP	0.887913374304946	1	0.231519320744014	0.86470928555092	3033	167	FOSB|ALX4|RTL6|MX2|KRT27|EFNA2|SLC22A4|HLA-B|PTHLH|DNAH8|ANGPTL4|LRBA|KLF10|FOXA2|CD80|PLAC1|DNA2|DAPK2|KCNJ8|HOMER1|CHIC1|TXK|EPB41L4B|TYMS|PELI1|SNRPB2|ADCK1|FAHD1|KRR1|LUC7L2|SPCS2|SNW1|RO60|IKBKE|GART|RBM25|PLBD1|PCSK6
GSE44649_WT_VS_MIR155_KO_ACTIVATED_CD8_TCELL_DN	0.666919575113809	1	-0.26284120820612	-0.921594008264242	4394	170	SRGAP3|CD37|HEPACAM2|ATXN1|ANGPTL6|PHYHIP|HELB|RBM20|CLN3|TUBGCP6|FLT1|SYT7|IRS1|VSIG4|PUS1|TXNDC16|PPM1F|ACP6|KIF5A|RAMP1|FANCA|ICAM2|GRHPR|EPHX1|POLG|SUSD3|SNHG12|RTL8C|MRPS5|UQCC3|ZER1|NEK6|ZNF764|TK1|DPY19L1|ACYP1|MCM3|ITPR2|ARL6IP4|PES1|UQCC2|SLC4A7|FUZ|PRSS8|ARSB|SLC8B1
GSE44649_WT_VS_MIR155_KO_NAIVE_CD8_TCELL_DN	0.892145369284877	1	0.230458890096524	0.86296642158525	3043	170	C14orf28|PITPNC1|CD69|GPR85|CCL5|CREBL2|LEMD3|POGLUT1|TRPM7|SCG2|DCTN4|ETV3|RRAS2|RNF115|ARHGAP8|ACER2|IFIT1|CAPRIN1|VAPA|CXCL11|SOCS2|REL|SCIN|ATP11A|CLIC4|CNKSR3|HNRNPK|PCGF5|DRAM1|SFMBT2|VDR|BIRC2|SEMA7A|CHD1
GSE44649_WT_VS_MIR155_KO_NAIVE_CD8_TCELL_UP	0.888304269392664	1	-0.238460730789557	-0.840709738354797	5908	176	AQP1|TCN2|TMEM117|RAB34|NCEH1|MAG|RENBP|SH3BP2|AATK|TEF|SRRM2|TGM1|TMEM208|PALD1|TSPAN10|PILRA|FBLIM1|SEZ6L2|PELP1|SLC12A7|RAB11FIP3|ATP13A2|HEXA|CEBPB|SNX8|TYRO3|MRAS|DOT1L|AHSP|NCKAP5L|ENGASE|TTC28|CTTN|FNDC10
GSE44732_UNSTIM_VS_IL27_STIM_IMATURE_DC_UP	0.998050974512744	1	-0.206219213126052	-0.728561435839285	6656	179	MTCL1|SLC2A4|HLX|ZBTB46|GPR68|APBA3|UQCR10|PALD1|CYP2S1|COMTD1|IL2RG|ZNF598|HCFC1|U2AF1L4|TRIB3|CYREN|DIAPH1|TREML2|ERICH1|CLSTN1|RAP1GAP|CTTN|MRPS5|DDA1|SLC16A9|ZER1|CAMKK2|MYCL|NOPCHAP1|STARD10|DUSP5|ZMIZ2|DNMT1|C15orf39|CDKN1A|AP1G2|EHHADH|RBM10|SYNGR3|FHOD1
GSE44955_MCSF_VS_MCSF_AND_IL27_STIM_MACROPHAGE_DN	0.694070080862534	1	-0.258150575231818	-0.914105043587239	4634	182	CATSPERZ|DHRS12|TP53I11|C1QTNF12|BMP8B|SYNE3|ROGDI|S100A5|PALD1|PCOLCE|CRB2|IL2RG|KATNB1|OS9|CABIN1|MAPK7|MAD1L1|BCL6|MAP4K1|KCNK6|DIRAS1|CST3|BRD9|KCTD10|DIAPH1|TREML2|CHID1|NPDC1|PLEC|RDH13|INPP5D|UBE2J2|PHETA1|APEX2|STARD10|PIP4P1|LY6E|EIF4G1|MYLIP|RBM10|DENND4B|MTFP1|FHOD1|PPP1R9B|SNAPIN|ZC3HC1
GSE45365_CD8A_DC_VS_CD11B_DC_IFNAR_KO_MCMV_INFECTION_DN	0.733509645301805	1	-0.260587191769495	-0.890513110746094	4714	135	NFKBIZ|TRIM29|CELSR3|CD84|CXCL1|IQCG|PLA2G15|APLF|ZNF252P-AS1|CYP4F2|MARVELD3|SLC7A7|SLFNL1-AS1|IER3|ODAD1|PIP5KL1|EHBP1L1|WDR27|RIN1|SDC4
GSE45365_HEALTHY_VS_MCMV_INFECTION_CD11B_DC_DN	0.902753872633391	1	0.231167693799	0.852702015953846	3146	152	MYL9|MAP10|DYNC2LI1|MED18|MEIG1|DTL|ANLN|ALOX12|ATP8B3|PBK|CCNB1|GINS1|PROS1|MAGEA4|TAC1|KIF27|TCEANC2|DNAH14|BROX|CDK1|RRM2|ITGA2B|LMBRD2|NEK2|GGH|CDKN3|ESCO2|SHCBP1|CENPE|PCLAF|ADAT3|HJURP|CCNB2|PIR|ZMAT5|ZFHX4|DEPDC1|PSAT1|DLGAP5|SSX1|MELK
GSE45365_HEALTHY_VS_MCMV_INFECTION_CD11B_DC_UP	0.661916312916919	1	-0.263332093078042	-0.923123546589692	4365	169	ZSWIM9|ATP2B1-AS1|AMH|RHPN1|RHOBTB2|NBPF10|ZNF559|NOXA1|GABPB1-IT1|SUN2|OSBPL5|UCP3|ZNF671|RAB40B|UQCC5|HCFC1|CABIN1|EPHB6|PELP1|SMARCC2|ZNF329|EWSR1|XPC|TELO2|HDAC7|LINC00623|FAM118A|WIZ|PER1|LMBR1L|YJU2|GIPC1|MEF2D|JPX|CHERP|CPAMD8|RRP1
GSE45365_HEALTHY_VS_MCMV_INFECTION_CD8A_DC_IFNAR_KO_DN	0.823230055380931	1	-0.245183068859774	-0.868703356678901	5499	183	HSPA6|ANPEP|RGS20|IRF7|ITPKC|TAP1|NDUFB2|EREG|DOCK4|CLN3|IFITM2|DOHH|CD48|IRS1|LUC7L|LGALS3BP|MFSD12|SNRPB|SP100|DDX39A|GPATCH2L|MAP7D1|ICAM2|PHF11|DYNC1H1|SPHK1|SMCO4|IL18RAP|ZBTB43|DDA1|OSTM1|SLC38A6|RNASE1|CLCF1|CNIH4|HNRNPAB|IRF9|SRGAP2|ELL|PSEN1|PLEKHM2|NINJ1
GSE45365_HEALTHY_VS_MCMV_INFECTION_CD8A_DC_IFNAR_KO_UP	0.999102602452887	1	-0.205494316267089	-0.728915712139835	6679	187	TCEA2|SPON2|CIITA|LYST|SYNGR2|LYPLA2|PLSCR3|SNHG32|RPL23|COLEC12|CLCN7|SPECC1L|SH2D3C|BRD3|FASTK|ZDHHC24|INPPL1|TBC1D8|SNU13|PRORP|TXNDC15|DHRS3|PAAF1|GRK6|VPS52|PPOX|RPL10|ACVR2B|RPSA|REPIN1|IL17RC|HAUS4|NOP53|NRGN|MANBA|MICAL1|KDELR3|OXA1L|CCDC28B|MCM3|SCPEP1|EOLA2|TXN2|MRPS18A|RSAD1
GSE45365_HEALTHY_VS_MCMV_INFECTION_CD8A_DC_UP	0.999103674932776	1	0.202599190106624	0.771187895192875	3343	191	PCYOX1L|MLYCD|FOXO1|BMAL2|TMEM135|ERI2|RMDN1|PRIM1|BMX|RFX5|ALG6|UTRN|YWHAQ|NKRF|INPP5K|GCC2|ZNF816|OSTF1|MTSS1|PERP|TRIAP1|SPDL1|PHLPP2|WIPI1|GPR153|PMPCB|FAM20B|MAPK14|GGH|ADO|IL13RA1|ARFGEF1|XPNPEP1|NUP155|DVL3|BLM|GRSF1|SCNM1|KIF2A|CD46|CCDC28A|VAMP1|PARVB|TPGS2|EFCAB14|TGFBRAP1|CCNB1IP1|VPS51|SH3GL3|NCAPH|CTBP1|RPA3|ANP32A|ATIC|NR2F2|OSBPL9|ACTB|SLC25A20|NUCKS1|CPPED1|TARBP1|STK16|PKN1
GSE45365_NK_CELL_VS_BCELL_MCMV_INFECTION_DN	0.792881710782115	1	-0.248285000205646	-0.88041653050356	5301	185	IL21R|CYLD|CD84|TAP1|KLF7|AHCYL2|PTGIR|LAMB3|SPECC1L|PTK2B|AKT3|IL1B|FAS|SEC61B|TMCC2|TRADD|EHBP1L1|MYO9B|RFX1|ERICH1|AFDN|SDC4|UBR4|CDC42EP4|ZBTB10|MGRN1|TNFRSF1B|TAPBP|G0S2|SNX11|MED12|LMBR1L|XPO6|TANK|PTGES2|ARHGAP22|TNIP1|MREG|NOSIP|SPATA2|POLR2J|INTS5|LPCAT1|ZBTB48|TMEM39A|EOLA2|ZDHHC14|TNFAIP2|RELB|CSNK1G3|RBM10|CYRIA|USP11|MYL5|SMG9
GSE45365_NK_CELL_VS_CD11B_DC_MCMV_INFECTION_DN	0.709914680788467	1	0.247171304100186	0.921864209999672	2412	166	MYO1F|ITGB7|TLE6|SLC49A4|GPR174|IL18R1|MEF2A|DERA|ITSN1|KHK|NAB1|WDR26|SH2D1B|TAPT1|ABCB10|RRAD|FCER1G|DOCK10|TMEM176A|LAT2|KIT|RIT1|SNX3|ANKRD28|SRP72|SLC30A7|DECR1|ANXA1|SERINC1|ITM2B|PTEN|C6orf62|PIGX|PREX1|BMP2K|FYCO1|SLC35A1|TBC1D23|TAX1BP1|GABARAPL1|STAU1|ATP6V0E1|PHF21A|TMEM167B
GSE45365_NK_CELL_VS_CD8_TCELL_DN	0.73634131368938	1	-0.257854504858097	-0.893334864737763	4797	152	NUP50-DT|AQP1|TSC22D3|TEX14|DPM3|GNB3|GTF2H4|SYNE3|GCOM1|ZNF836|ZNF436-AS1|UBOX5|DGCR2|LINC02481|NCAN|DHX38|SLC43A1|IGF2R|SLC22A23|FLYWCH2|BABAM1
GSE45365_NK_CELL_VS_CD8A_DC_DN	0.849326840446863	1	0.235891557950084	0.875341493584541	2964	157	PIGB|DPF3|CFAP69|C2CD5|ZNF235|RNF11|PIEZO2|LSM11|DTL|FSCN3|THAP6|KIF3C|KHK|METTL21A|ICA1L|RAD9B|KCNK15|HS3ST2|LRRC36|SSUH2
GSE45365_NK_CELL_VS_CD8A_DC_UP	0.912428528438158	1	0.227503778558891	0.860600481666039	3031	184	DCK|CD44|KCTD12|MAN2B1|SNX18|MANSC1|IL10RB|HVCN1|PTHLH|TCF7|TMEM51|CORO1A|MGAT2|PPT1|ALOX12|SMARCAD1|SGPL1|ZNF184|PNPLA6|ST8SIA6|PRIMPOL|EPB41L4A|STRA6|CMTM7|MYL12B|EDC4|ERO1A|POU4F1|ARPC3|CHSY1|MTMR4|SEMA4A|MON2|MFSD14B|ITM2B|PDIA3|SEC23IP|PLBD1|NCBP1|ZNF236|PTPRA
GSE45365_WT_VS_IFNAR_KO_BCELL_MCMV_INFECTION_DN	0.989934421229221	1	-0.216509915512587	-0.755413806932179	6490	161	TSGA10|CATSPERZ|KISS1R|CHAC1|MYLK-AS1|COX6A1|H4C3|SPOCD1|LBX2-AS1|YY2|ISG15|SEMA4C|CD151|SPHK1|CRTC1|PRTN3|RNF121|CDCA3|RAD54L|PCYT2|FBXO10|DYNC2I2|TROAP|INF2|ESPL1|NRGN|MCM2|DDX51|LTBP1|KIF2C|DENND5B|NANOS1|TMEM158|ACRBP|NBR2|OIP5|BYSL|BIRC5|PLEKHG4|AIFM2|PIK3R3
GSE45365_WT_VS_IFNAR_KO_BCELL_MCMV_INFECTION_UP	0.998465316144874	1	-0.204938803736441	-0.710008842452315	6505	152	SUZ12P1|GLIDR|RHOBTB2|GABPB1-IT1|ZNF252P-AS1|LINC00265|ZNF763|SPATA6|PGF|TMEM232|DISC1|CXADR|TPT1-AS1|SLC6A16|RRP12|MERTK|FAM161B|SLC25A16|TELO2|FAM98C|DNAH3|NNMT|SUPT7L|CSKMT|NUMA1|OR51B4|MOAP1|DDX59
GSE45365_WT_VS_IFNAR_KO_BCELL_UP	0.845248602530156	1	0.234689694571168	0.880623715507459	2872	172	EXO5|SGO2|GPR85|SESTD1|ZNF75A|SFT2D2|CLDND1|TMEM106B|KIF18A|LONRF2|NHLRC2|NIPSNAP2|ARHGAP11A|WASHC4|TCP1|VAV1|C2|RASSF6|PLA2G4A|LRRC25|CALM2|NIPSNAP3A|PLPBP|VIPAS39|RFK|CASD1|HPS5|ACBD5|NPAT|EEIG2|CENPI|NEK2|CTNNB1|API5|STIL|MED14|SLC4A1AP|DLD|CHM|CAST|UBR1|SETD3|VIM|KIF16B|HSBP1|ZUP1|EFCAB14|KIF23|SH3GL3|CCDC93
GSE45365_WT_VS_IFNAR_KO_CD8A_DC_MCMV_INFECTION_UP	0.993696533093201	1	-0.211415349124074	-0.751030095451653	6620	190	PLXNB2|FZD7|COX8A|GASK1B|PLXNA1|CENPT|RNF170|ICAM1|LAMB3|IL2RG|MED15|HGS|OS9|BRD4|AMPD2|FILIP1L|MAP7D1|MYO9B|CST3|GAK|MICB|NACC2|AFDN|SDC4|SIRT6|MLEC|ARHGAP1|TAPBP|GRINA|FASN|TMEM214|PARP12|POLR2J|SUPT6H|ADISSP|TYK2|CHCHD2|VAMP2|ZNF512B|EIF4G1|FTSJ3|SH3GLB2|DENND4B|PILRB|TBC1D10B|TLN1|FHOD1
GSE45382_UNTREATED_VS_TGFB_TREATED_MACROPHAGES_DN	0.770222743259086	1	0.241617937496559	0.904752109258548	2627	170	VAV2|NXT2|TTK|ENTHD1|PPP2R3A|BMAL2|LONRF1|CD70|TAMALIN|C5orf15|MAP3K1|EDARADD|SIAH1|C17orf58|CEP135|ZFTA|HPRT1|SIAH2|MED13|MED21|RAP2A|IL32|S1PR1|PDE4D|XCL1|FOXP1|OTUD7B|PIP5K1B|MBOAT2|PVR|RABGAP1L|CDK2|C4orf46|SEMA7A|TPST1|ZKSCAN5|IL13RA1|HMGCS1|TMOD2|DENND4A|PPP2R1B|BAIAP2L1|PRPF40A|LMNB1|ANKRD33B
GSE45739_NRAS_KO_VS_WT_UNSTIM_CD4_TCELL_UP	0.924932167621345	1	0.225949329282171	0.857209025540719	3067	188	NMD3|GOLPH3|ENOPH1|SNHG4|BATF3|PFKFB3|MAPK6|MSH2|UTP18|DCAF13|ETV5|MRPL39|RRAS2|YWHAG|TRIB1|MRPS6|TOX|GPR157|RNF144A|RAP1B|CNBP|SAMSN1|TIPIN|IL10RA|UTP3|BCL2|MTRR|SNRPB2|TMEM70|EIF2S1|NIFK|SDE2|ZMPSTE24|TRNT1|PTGER3|RSL1D1|GGCT|TIMM17A|SRPRB|PSMD11|ATAD2|LTV1|BCCIP|PAICS|DIMT1|HJURP|PNP|PPAT|NDUFAF2|TASOR2|DRG1|TXLNG|GFM1
GSE45739_UNSTIM_VS_ACD3_ACD28_STIM_NRAS_KO_CD4_TCELL_UP	0.980110662479438	1	-0.219396342961157	-0.7779775939547	6553	185	RCAN3|IL11RA|CYLD|FLT3LG|SYNE3|DYRK2|DBP|PLSCR3|LGALS3BP|HSPB1|TPCN1|SPG7|CCNL2|FHL1|MDFIC|RFNG|TRPC1|EPHB6|ACYP2|NFRKB|LTBP3|MORC4|ADPRM|TRADD|TACC3|PRORP|LPIN2|NECAP2|DGKA|UBR4|PHC1|DEAF1|APBB3|MALT1|VPS8|ANKRD55|ENTPD4|NOSIP|IL6ST|HAUS4|TENT4A|TTC12|PARP12|RNASET2|MICAL1|ST8SIA1
GSE45739_UNSTIM_VS_ACD3_ACD28_STIM_WT_CD4_TCELL_DN	0.787028657616893	1	0.239748519481409	0.90183723751538	2608	178	PITPNC1|GPR137B|TSPAN32|CCL5|KLRF1|SLC27A3|CCL4|RAB29|KLF10|YES1|ZNF184|UAP1|PPM1A|PROCR|ZFTA|YWHAQ|SCCPDH|RMND5A|ATP1B3|RAP2A|HOMER1|NCALD|HOXC4|NCR3|SLAMF7|SYT11|GATA6|XCL1|ATP8A1|LITAF|NAA50|WIPI1|CHSY1|EIF4G3|ABCB1|KLRG1|CYRIB|SEPTIN11|EMD|CHP1|GTDC1|XPNPEP1|PLAAT3|TIPARP|BRAP|FABP5|TGFBR3|BZW1|RBBP7|MAFF|SLC25A4|FKBP11|PPP3CA|SLC36A1|PIP4K2A
GSE45837_WT_VS_GFI1_KO_PDC_UP	0.777574927734672	1	-0.252041404831143	-0.880685683841187	5110	163	IDUA|NEIL1|STX1A|CUBN|BTN2A3P|SPPL2B|ARHGAP33|ATAT1|OR2B6|TSPYL2|SGSH|PPP2R2B|RRBP1|SEC14L1P1|FEZ1|SH2D3C|HGS|TRABD|RBFOX2|MAP3K3|PRKAB2|SLC5A3|ERN1|FASN|ZBTB43|SASH1|ZNF324|RNF24|FANCG|ITGA5|BMS1P20|ANAPC2|RABL6|PDK3|RBM26|SUPT6H|ULK1|MAGEA3|EDEM3|ARMCX3|HIP1|TNFAIP2|VAMP2
GSE45881_CXCR6HI_VS_CXCR1LO_COLONIC_LAMINA_PROPRIA_UP	0.969569147333534	1	0.217695043523126	0.831971200646588	3217	196	PGAP1|ATXN7|CPVL|GLMN|ABITRAM|DOK2|HERC3|NCOA2|TRIM23|CLDND1|RUFY2|RARS1|ANKRD36|INTS13|FOXJ3|LGALS8|YES1|MYCBP|GOLGA8B|RINT1|AAK1|THOC2|SLC30A6|MKRN1|WDR44|MPHOSPH9|TNKS2|APOL3
GSE4590_PRE_BCELL_VS_SMALL_PRE_BCELL_UP	0.676552881925014	1	0.252843623643936	0.924559277014635	2417	139	CCDC120|FAM135A|AGO4|FOXO1|ALDH1L1|PIGZ|TTC8|RNF139|PDE3B|GNB4|DHX40|ACSF2|PTGS1|TAF9B|PLCL1|AKAP11|PLEKHA5|CRLF3|RHOBTB1|RNF6|RECK|TSPAN12|OTUB2|BICD1|EIF5A2|STAU2|ATP11A|ARHGEF12|RABGAP1L|HMGN1|SETMAR|SFMBT2|NOD1|ORC3|ARHGAP5
GSE4590_PRE_BCELL_VS_VPREB_POS_LARGE_PRE_BCELL_DN	0.999846130173873	1	-0.197040815506641	-0.681564103976569	6497	150	ADGRG3|ACAP1|DGKD|ZC3H12C|COLEC12|HDAC4|NOP2|BRD3|RBM38|SEZ6L2|TBC1D8|TXNDC17|FBXL20|B4GALT7|TMEM42|KICS2|PAQR7|MTMR10|TSPOAP1|PRDM15|ABL1|PPP1R3F|RDH13|RGL2|MCRIP2|MVD|SAMD8|CDC42|SNAPC4|NR2F6|SNRNP70|EMC6|PHF2|TRIM27|NBEAL1|NARF|NLE1|FHOD1|B3GALT6|LSM14B|EIF2AK4|PPAN|HEXIM1|UBR2|PDE4DIP|TMEM185B|SSNA1|PAN3|RER1|NAA40|RRP8|PABPN1|FEM1A
GSE4590_PRE_BCELL_VS_VPREB_POS_LARGE_PRE_BCELL_UP	0.897165091717621	1	0.233683266147039	0.84825827734371	3227	133	TTC39B|NUDT12|DHX58|ALDH1L1|PIGZ|CDS1|SEC24B|POU6F1|GNB4|TAF9B|CRLF3|CMPK2|CD96|RECK|FRZB|PAX5|STAU2|PELI1|ANGPT1|ZDHHC2|ARHGEF12|RABGAP1L|HMGN1|SVBP|MINPP1|TTC3|NOD1|BRWD3|ARL4A|CNDP2|AK3
GSE46143_CTRL_VS_LMP2A_TRANSDUCED_CD10_POS_GC_BCELL_DN	0.998795180722892	1	0.201341155729926	0.762814074191153	3315	186	PITPNC1|PIGA|CCNG2|FCGR2B|EIF2AK3|HSDL2|UBLCP1|VPS54|AKR1E2|PHLDA1|PNPT1|ITSN1|NIPSNAP2|SYPL1|ZNF274|DDHD2|FCRLA|TMEM106C|CPSF3|TTC14|SRP9|ANKRD28|PGM2|DPM1|GRK5|LCP1|ITM2A|STK24|RAB28|RABGAP1L|FAHD1|ABCB1|PTPN12|AP4S1|TTC3|CHMP5|PTGER3|LEPR|CETN2|MBD4|MIOS|KLHL7|TAX1BP1|GYG1|CDC42SE2|AKIRIN2|SLMAP|GRSF1|GGT1|ASH1L|CAST|COPB2|ZFP1|ACTR6|ZNF347|MAIP1|PPP3CA|ANKRD17
GSE46242_CTRL_VS_EGR2_DELETED_ANERGIC_TH1_CD4_TCELL_DN	0.780392156862745	1	0.24028813914609	0.903867069060356	2586	178	MYO1F|BICDL1|HSPBAP1|CD40|TNFRSF14|CREBL2|CCL4|POGLUT1|RAB29|TRIM6|FGGY|HIC1|ZNF785|FMNL3|ZNF641|TSPAN13|RNF115|CD274|GPR157|DOK3|RPS27L|APOO|PGM2|PPA1|HERPUD1|SOCS2|HBEGF|EIF1B|ELK1|PRDX3|CYBB|TRAFD1|TIAM2|IKBKE|TTLL4|LTV1|B3GALNT1|LMNB1|EIF4A2|CCT6A|ANKRD33B|GRSF1
GSE46242_CTRL_VS_EGR2_DELETED_ANERGIC_TH1_CD4_TCELL_UP	0.96431249062828	1	-0.224283216085675	-0.79160684651846	6430	177	TP53I11|CHST12|LPCAT3|TRPV2|BCAR1|TECR|RGS3|IFIT2|CRYBG1|OS9|FHL1|KCNAB2|HSBP1L1|SEMA3G|LTBP3|TMEM200B|GPR146|HPCAL1|CD151|TMEM42|GFUS|PAQR4|AGPAT2|SFMBT1|MAF1|TSC22D1|BLVRB|SIVA1|OAS3|ARHGEF1|KAZN|TMEM250|EGFL7|MGAT4B|TMC6|INF2|MGAT3|IQSEC1|PIGS|LY6E|AUP1|CLCN5
GSE46242_CTRL_VS_EGR2_DELETED_TH1_CD4_TCELL_DN	0.781944444444445	1	-0.253954507480693	-0.874896050284321	5066	144	TBC1D2|ST20-AS1|ENG|IRF7|TCTN2|TEX14|LPCAT3|PTPDC1|APOC1|POR|GPRASP1|IFIT2|TMEM80|APOL6|TIGD2|UBB|IRS2|ALG9|SCARB1|CRLS1|GPR107|LINC00624|PRDM15|RPP25|TSC22D1|BLVRB
GSE46242_TH1_VS_ANERGIC_TH1_CD4_TCELL_DN	0.986969185957382	1	-0.217456785904246	-0.753046764189923	6437	151	NPFFR2|OSMR|IRF7|LINC00240|KRT12|CUL9|HYLS1|TMCC3|OR2A4|PALD1|ZNF580|HPS1|RAB15|KLHL32|TIMM44|H2BC5|AGRN|CD151|DMBX1|BAP1|UNC45A|RAB30|TBC1D17|RHCE|RSBN1L|DUSP5|CASTOR3P|C15orf39|ABCA2|SNAPC2|RBM10|FHOD1|JADE3|FOXP4|BEND7|TBL1X|FANCD2|ACTN4|RFXAP|RNPEPL1|GSTM4|GATB
GSE46242_TH1_VS_ANERGIC_TH1_CD4_TCELL_WITH_EGR2_DELETED_DN	0.776699029126214	1	0.24195931951802	0.902425294681974	2639	166	TTC39B|PITPNC1|PREX2|GPRC5D-AS1|DDIAS|DOK2|C1orf162|SLC25A46|PECR|EXD2|GNAQ|NPR2|CIBAR1|RTN4|SCCPDH|ZNF383|CMPK2|ETFA|IFFO2|PTX3|EGR2|CATSPER3|FOXP1|CAP1|DOCK11|KCTD6|NKX3-2|AGGF1|MIR99AHG|FAM241B|MEGF9|ANXA5|CD47|GPD1L|OPN3|ADORA2B|ATP11B|SLC35A1|STARD7|TIPARP
GSE46242_TH1_VS_ANERGIC_TH1_CD4_TCELL_WITH_EGR2_DELETED_UP	1	1	-0.195612746003174	-0.691169721639516	6686	178	TBC1D1|CCR7|MELTF|ITGA4|ABCB4|SNN|CD84|CNNM4|PPP1R14A|SLC3A2|HYOU1|CD48
GSE46468_LUNG_INNATE_LYMPHOID_CELL_VS_SPLEEN_CD4_TCELL_UP	0.987993396368002	1	-0.216204098251973	-0.768041607290887	6582	190	DPEP2|ZNF224|FGD3|IGIP|UVSSA|SPEN-AS1|VILL|ACAP1|UBA7|SAC3D1|HYLS1|TRIM46|CDKN2D|TMEM94|TMEM101|AKR1B1|MAP3K12|LIN7B|SDHAF4|PRORP|FBXW4|CPNE1|HEXA|RETREG2|CNPY3|LRRC37A2|UCP2|SLC37A4|H2AC25|INPP5D|SDHA|SIGIRR|GSK3B|AGAP3|DHFR2|GUSBP11|STMN3|NELFB|FHIP2A|SAP30L|VPS36|ASL|SURF1|KIAA0319L|TMEM179B|AP1G2|PKN2|CDK5RAP2|ARB2A|KIF22|ARHGEF6
GSE46606_DAY1_VS_DAY3_CD40L_IL2_IL5_STIMULATED_BCELL_DN	0.873982514320169	1	0.231107111634323	0.876776676385648	2898	188	AIM2|BATF|TRIM69|COL15A1|TNFSF4|DNAJC6|RMI1|BATF3|DTX3L|SCG2|PFKFB3|RAB22A|MYCBP|MTHFD2|TNFAIP8|FBXO30|UBE2N|ADIPOR1|ETV5|TAPT1|UTP11|RRAD|NUDT11|PLA2G4C|RNF144A|APPBP2|TARS3|CAB39|LRP12|SMG8|ETV7|AGGF1|MED31|BAG2|VDR|SNAPC5|DCAF4|PTGER3|IL13RA1|METTL5|TMOD2|DDX6|DDX21|PALB2|TFRC|ZNF232|CCDC32|ERCC4|MCL1|STAT1|TANC2|CCDC117|EFCAB14|PRKX|PIK3CB|SLC27A2
GSE46606_DAY1_VS_DAY3_CD40L_IL2_IL5_STIMULATED_BCELL_UP	0.812850031113877	1	-0.251944020773587	-0.860976520562931	5224	135	GNRH1|CIITA|ATXN1|LINC00205|BTN2A2|LYST|GPR68|SYNE3|FXYD1|P2RY11|ROGDI|ZNF671|TTYH2|LINC00926|IRS2
GSE46606_DAY1_VS_DAY3_CD40L_IL2_IL5_STIMULATED_IRF4_KO_BCELL_DN	0.951680672268908	1	0.221714289564718	0.835063232473465	3170	179	NIPSNAP3B|TTC21A|ZFP69|GOLPH3|ITGB3BP|AMN1|PTER|GNB4|VBP1|L3MBTL3|KLF10|XPR1|TMEM35B|TNFAIP8|SLC25A40|COG6|TCF12|TRMT1L|PLRG1|MMP11|SERPINE2|SOS2|ASB3|GOLGA4|INTS12|SAMSN1|ANKRD46|CAPN7|FAHD1|MLLT11|CLGN|LSM14A|C18orf54|BIVM|TIA1|FAM20B|PPP2R5C|PIGX|CSAD|MED14
GSE46606_DAY1_VS_DAY3_CD40L_IL2_IL5_STIMULATED_IRF4MID_BCELL_DN	0.984145976667664	1	-0.218632076480283	-0.775517097597505	6579	187	UBL3|WFS1|KLC4|NEIL1|SEMA4D|STOML1|AARSD1|SLC12A9|DHRS1|AMDHD2|ADGRE5|SRD5A3|RAB33B|HERC6|CRYBG1|TPD52|GCOM1
GSE46606_DAY1_VS_DAY3_CD40L_IL2_IL5_STIMULATED_IRF4MID_BCELL_UP	0.874183470604942	1	0.234453827779866	0.868893918478636	3077	155	MYL9|STAP1|RBM44|CCL5|CD70|CSPG5|FXYD7|CAVIN4|RAPGEFL1|OTUD1|EIF4G2|CD80|ST8SIA6|NPR2|PLXND1|UGCG|ACVR1C|S1PR3|RASL10B|EPB41L4A|NKX3-1|MAMLD1|PLXNC1|ASAP3|LCP1|MYB|DEPDC5|MLLT11|MYC|PSMA6|SUB1|ATP13A3|LEPR|PSMD11|TMEM87A|ANKRD33B|GPR161|TNFSF9|EEF1E1|SPTBN4|MAFF|TP53INP2
GSE46606_IRF4_KO_VS_WT_CD40L_IL2_IL5_1DAY_STIMULATED_BCELL_UP	0.910703547805171	1	-0.235509741079526	-0.830305820783998	6057	176	TMCO4|WFS1|IL21R|BCO2|NHLRC3|DIPK1A|CBS|RHBDF1|MIR503HG|ROGDI|DNPH1|SREBF1|CHCHD10|HSPB1|SPINT2|NFIL3|C11orf21|GPR146|RAMP1|CCL26|CHD1L|SPN|HEMK1|SLC5A3|RAP1GAP|CD276|HMG20B|MREG|CCDC85B|NIBAN1|TMC6|STUB1|CD81|MRPL4|ISOC2|CLCN5|EPB41L2|DNPEP|PCBD1|PPARGC1B|ILVBL|GTF2IRD1|ZCCHC2|PFKP|DHCR24
GSE46606_IRF4_KO_VS_WT_CD40L_IL2_IL5_3DAY_STIMULATED_BCELL_DN	0.987098709870987	1	0.213793486273901	0.804116998336921	3289	177	MSL2|HSPBAP1|ZNF14|CD36|CPNE8|DOK2|ZNF410|REV3L|NEDD4|TM9SF1|ANKRD49|DCBLD1|EEPD1|G2E3|EIF4E3|AP1S2|MEF2C|ZNF555|CRLF3|CAPN2|ARHGAP27
GSE46606_IRF4_KO_VS_WT_CD40L_IL2_IL5_3DAY_STIMULATED_BCELL_UP	0.94615969581749	1	-0.230060948425489	-0.804252847577589	6220	164	MTCL1|IGF1R|IL21R|SMAD7|PHLDB3|PLA2G6|QSOX1|SYNGR2|TPD52|COLEC12|SPINT2|RHOF|TBRG4|NFIL3|FAS|SCARB1|GPR146|TRADD|RAMP1|AFDN|SLC5A3|EPOP|LMBR1L|FASN|P4HA2|MREG|DCUN1D3|APEX2|SPINT1|DUSP5|ABCA5|GAS6|BCL7A|VEGFA|MPZL1|ZNF512B|GRAMD1A|TRAF5|MTFP1|PFKP|DHCR24|MMD|EDEM1|MYL5
GSE46606_IRF4HIGH_VS_IRF4MID_CD40L_IL2_IL5_DAY1_STIMULATED_BCELL_UP	0.697950697950698	1	0.243489181215029	0.931379009685807	2349	195	GPR137B|ATG16L2|AGO4|RGS2|HVCN1|EIF2AK3|RUNX2|CNOT8|KLHL24|VSIR|MEF2A|RNF138|ABCE1|RBAK|TNFAIP8|PPM1A|NUP107|SNAI3|RMND5A|WDR26|XPO7|RBL2|DYM|ATG10|NCALD|ZXDB|PDE12|ACSL1|TDP2|TGFBR1|DOCK11|TSNAX|CAPN7|HNRNPK|PSTK|FBXO33|ACBD5|RPUSD4|RFC1|KLHL6|GBE1|RB1|ELOVL6
GSE46606_IRF4HIGH_VS_IRF4MID_CD40L_IL2_IL5_DAY3_STIMULATED_BCELL_UP	0.999702734839477	1	0.18891687500102	0.721762883118407	3362	194	ITGB7|ARRDC3|KIN|TAMALIN|EGLN3|PDIK1L|PPT1|KLF10|CLK4|KHK|UTP18|ZFAND1|SNAPC1|SLK|COIL|IPMK|EIF2B2|GPR183|OTULINL|RRP15|LDHB|TMF1|TRIAP1|CRBN|MAPRE2|ZNF566|AP4S1|NIFK|DERL1|ATP2A2|RPL4|GLUL|MTF2|MAPK14|AGPAT5|MPHOSPH10|POLR3F|GNL3|TMEM181|CORO1C|EIF4A2|ESCO1|THUMPD1|METTL9|CCDC32|SNRPD1|NFX1|DPH5|ARHGAP25|PDCD2|TXNIP|DCAF7|PTPN18|VPS26B|ATG16L1|DRG2|TM2D2|NXT1|NAGA|CTDSP2|CASP6|ZNF496|CHCHD4|RCL1|AMMECR1L|COPS7A|DDX55|ALKBH7|B4GALT1|DNMT3B|ZRANB1|CDK7
GSE46606_IRF4HIGH_VS_WT_CD40L_IL2_IL5_DAY1_STIMULATED_BCELL_UP	0.973652872878833	1	-0.221873842850149	-0.792030625442956	6540	198	METTL27|FAM234B|TMEM175|FAAP100|CHST12|SYNGR1|FAM120C|RUFY1|NAT9|APLP2|AATK|TUBGCP6|SHLD1|TPD52|TOP3B|RPL18|TXNDC16|ZNF839|FLYWCH1|TTLL1|FAM76A|POMT1|CSGALNACT2|TACC3|SNRNP200|SLC26A6|MBD3|RAB11FIP3|GTPBP3|HEXA|SGK1|ENTPD6|FAM98C|ACVR2B|THOP1|RPS11|SLC66A1|ZNF707|CLN6|ACD|INPP5E|ABCD4|CIPC|ABHD8|CENPB|PINK1|MCM7|ITPR2|CSTPP1|ZDHHC14
GSE46606_IRF4MID_VS_WT_CD40L_IL2_IL5_DAY1_STIMULATED_BCELL_UP	0.703398712382093	1	-0.257293681461674	-0.911750440569102	4697	184	NEIL1|TSC22D3|VMAC|MRM2|PYCARD|GTF2I|PWWP2B|B3GNT8|PEMT|EPS8|NBEAL2|CBX8|GIGYF1|DTYMK|IFT140|GBA2|LAGE3|TMEM86A|LSR|COMT|FBLIM1|TMEM18|SELENOH|YDJC|PNKP|LYL1|ADAM15|RPS10|THBD|RAB11FIP5|SGK1|CRTC1|ARHGAP39|ANKRD13D|SZT2|DDX31|SUSD3|SMYD4|HDAC5|KLF13|BORCS5|IRAG2|RPL3|TEDC2|SKI|PLEKHM2
GSE46606_IRF4MID_VS_WT_CD40L_IL2_IL5_DAY3_STIMULATED_BCELL_UP	0.842835595776772	1	0.23470304791449	0.888363031670176	2793	185	CD83|RAD54B|GNA13|EFNA2|CREBL2|KIN|ESF1|SRC|RFFL|PDCD10|KPNA3|VPS54|CCRL2|RBMXL1|PTPN2|MOB3B|PFKFB3|RSRC2|ETV3|MAPK6|SEH1L|LZTFL1|SLC30A6|DCAF13|RRAS2|STYX|BRIX1|RNF148|BEX3|VAPA|RRP15|INTS12|RAP2C|REL|WAC|CLIC4|PPFIBP1|RNPC3|SMIM3|DHX15|EIF3J|TMEM243|IPO5|GTF2B|NCK1|TCERG1|SPRED1|RBM22|ZFAND5|LTV1|STARD7|AEBP2|RIPK2|SLC39A8|FCHSD2|HNRNPA2B1
GSE46606_UNSTIM_VS_CD40L_IL2_IL5_1DAY_STIMULATED_IRF4_KO_BCELL_UP	0.834558272086396	1	-0.244092527413512	-0.86655487672515	5563	189	TEP1|NAGK|PYCARD|ZNF585B|UBA7|ATP13A1|IFI16|ITGAX|DAGLA|ZNF738|EXOSC4|KATNB1|TMEM109|G6PD|BATF2|FBXO41|RRP12|POLD1|TRIP6|SNU13|SRM|KCNN4|SP110|SHISA5|DIAPH1|FERMT3|SMCO4|SLC66A2|EPOP|PRPF19|PRELID1|EVL|PDLIM4|APEX2|RNASET2|POLM|DNMT1|DCPS|NCLN|FAM210A|RILP|DESI1|ZNF512B|DUSP23|ASTE1|DENND4B|PRKACB|ARHGEF6|TTLL12|ATP1A1|TTC38
GSE46606_UNSTIM_VS_CD40L_IL2_IL5_3DAY_STIMULATED_IRF4HIGH_SORTED_BCELL_DN	0.78765625	1	-0.255942957771173	-0.870206519160102	5040	129	NPFFR2|SPAG1|TENT5B|LRRIQ3|PLXNA1|MFSD13A|AEBP1|JAKMIP3|OR2T33|SLC2A12|RPS9|FEZ1|GREB1|PRSS53|DEFB119|TMEM184A|CRYZL1|SELENOS|HOXC10|SSR4|EAF2|ASB1|MRPL46|SMARCE1|LDAF1|EHHADH|SYDE2|GPR137|TMEM158|EMC8|ADAMTSL5|ILKAP|KRT10|MEA1|WDR73|NOB1|DNAJC11|PMVK|PPP1R14C|TRAF4|HBP1
GSE46606_UNSTIM_VS_CD40L_IL2_IL5_3DAY_STIMULATED_IRF4MID_SORTED_BCELL_DN	0.650587880615014	1	0.249775864488526	0.941899077052289	2157	181	SETDB2|BATF|STAP1|CCL5|CMYA5|CD70|AMN1|SOCS6|KPNA3|HS2ST1|MACIR|RFX5|KNL1|TMEM168|HYCC1|OCIAD1|ARF4|ZFYVE26|C3orf38|ATP1B3|INTS8|PLXND1|GTF2A1|CORT|EHD3|ATP6V1D|JAK2|PPA1|RBL1|UBXN7|REL|B3GNT2|CASP3|CPNE3|SMIM3|TRAFD1|AFTPH|AZI2|NF1|TPST1|BRWD3|FBXW11|RNF168|PSMD11|ALDH1B1|TIPARP|AEBP2|RIPK2|BHLHE40|GHITM|FBXO11|ATP6V1C1|TNFSF9|EEF1E1|OPTN|NUDT9|USP15|TANC2|MAP3K5|AZIN1
GSE46606_UNSTIM_VS_CD40L_IL2_IL5_DAY1_STIMULATED_BCELL_DN	0.999702734839477	1	0.185584859796253	0.709032813870891	3362	194	BATF|EGR3|ENOPH1|SHLD2|BATF3|SCG2|FNDC3B|LDHA|PNPT1|IPO7|DDX10|ETV5|YWHAG|TRIB1|MRPS6|RNF125|PSMG1|TIMM23|SFXN4|UTP3|RRM2|AHCTF1|SNX25|TRBC1|NDUFAF6|HSPD1|EIF3J|ZMPSTE24|TRNT1|WT1|PTGER3|NCBP1|RSL1D1|ADORA2B|MPHOSPH6|SRPRB|PALB2|MED8|NDUFAF2|EEF1E1|ZNF232|DRG1|LYSMD2|SETD3|BAG5|FAM98A|SLC25A17|ZNF584|EED|PDSS1|EIF1|KDELR2|GINS3|WARS1|CALU|BAG1|PKP4|EIF2S2|HDDC2|DDX47|RBM18|CDC6|ITPRIPL1
GSE4748_CTRL_VS_CYANOBACTERIUM_LPSLIKE_STIM_DC_1H_DN	0.895502044525216	1	-0.237891116152585	-0.835682751548665	5912	172	LAT|PLAT|ATRN|NUP210|CBS|SNN|TPBG|FAM193B|PLXNA1|TFPT|CLDN6|SMAD6|ADAMTSL4|KIRREL1|SLC2A9|METTL25B|SLC6A8|LMAN2|TMEM38A|SERPINE1|CYP2F1|TRPM1|NFATC4|GFI1B|FANCA|HSD17B7
GSE4748_CTRL_VS_CYANOBACTERIUM_LPSLIKE_STIM_DC_1H_UP	0.97442799461642	1	-0.221423078076593	-0.785164379693282	6515	185	TNS2|TPM2|APBB2|ENC1|COX8A|TMEM115|FAAP20|TSPAN5|SUN2|IFITM2|IFIT2|CCND1|NDUFA11|NOP2|FOS|AMPD2|YIF1A|LRRC20|SLC22A23|FBXL20|PDRG1|CRYZL1|SIL1|B4GALNT1|PLEC|SOX18|NENF|RPS27|HSD17B1|BLTP2|SH3BP5L
GSE4748_CTRL_VS_CYANOBACTERIUM_LPSLIKE_STIM_DC_3H_DN	0.906254687265637	1	-0.235280804651085	-0.835272307721326	6041	189	RCAN3|RETSAT|ANAPC11|UQCR11|CXCL1|PWWP2B|RENBP|BSG|CUL9|CXCL16|IER3|AURKB|NOP2|MIF|STAB1|SLC27A1|TBCB|MRPS14|GBP2|MYDGF|RNH1|PSMB6|FBXW9|TRMT1|WDR18|PLK3|CD151|GRHPR|GFUS|PAQR4|RNF121|PRELID1|NDUFC1|RCN1|GIPC1|TUBG1|CD3D|NIBAN2|NUDT2|BCL2L1|NDUFB6|TSPAN31|ARMCX3|SCPEP1|ASL|DNAJC19|MRPS18A
GSE4748_CTRL_VS_CYANOBACTERIUM_LPSLIKE_STIM_DC_3H_UP	0.923180998196031	1	-0.232989736659766	-0.821421371552568	6140	176	IGF1R|ADAM19|CYFIP2|AKAP13|CREBRF|N4BP2L1|FGD3|L1CAM|DYRK2|ROGDI|SUN2|ARHGAP4|APOC1|IFT140|ADAM22|SH2D3C|TAF15|SLC12A6|AKNA|PIGL|DGAT1|BRD9|IL17RA|B9D2|MAP4K2|GRK6|AHSP|FBXL3|SUSD3|RTL8C|RGS12|ENTPD4
GSE4748_CTRL_VS_LPS_AND_CYANOBACTERIUM_LPSLIKE_STIM_DC_3H_UP	0.97044776119403	1	0.218100524873968	0.819734734052547	3250	176	ZNF841|TSLP|RGS5|MEMO1|ITGB3BP|GNG12|LAMP2|IMPACT|PEAK1|AKAP12|RPAP3|ZFAND1|CLK1|DMTF1|ESD|FEM1B|RAP2A|IL1RL1|TGFBI|TMEM176A|TMEM176B|NFYB|CAB39|TSTD2|SQOR|TDP2|WDR36|PRKD3|SPCS2|SPTSSA|GPR153|ANXA1|HECTD1|UBE2D1|AP3B1|PRXL2A|MORF4L1|ATF1|LMNB1|IL1R1|PAICS|FIP1L1|ETV1|RAB3IP|LMAN1|NUDT9|DNAJC21|DAB2|STRN|AMPD3|BCL2L11|CCDC47|RASSF5|OXR1
GSE4748_CTRL_VS_LPS_STIM_DC_3H_DN	0.911694152923538	1	-0.234633529061105	-0.828947692300168	6080	179	COL18A1|TCN2|ADGRG3|SMPD1|MRM2|CBS|CARD19|PLOD1|ADAMTSL4|RARRES2|SLC2A9|SPATA6|CFD|SCRIB|TNFRSF1A|LMAN2|LGALS3BP|RAB40B|NR1D1|CYP2F1|LMF1|SCARB1|BCAT2|CDK2AP2|SELENBP1|CERS4|TELO2|SDHAF2|NBL1|NR4A1|EPHX1|TP53I13|FNDC10|ARHGEF1|SMIM14|PLEKHH3|MGAT4B|ATP6V0A1
GSE4748_CYANOBACTERIUM_LPSLIKE_VS_LPS_AND_CYANOBACTERIUM_LPSLIKE_STIM_DC_3H_UP	0.777175463623395	1	0.242691691538578	0.899580350857659	2723	156	CD83|KBTBD8|STAP1|ZNF677|FOXO1|ARID5B|ZNF30|TRMT10A|YES1|MEF2C|TSPAN13|FCRLA|SH2D1B|TAPT1|EIF2B2|NCR3|ZBTB16|MTSS1|TXK|PAX5|BACH2|SLC25A36|UFM1|RBL1|SPDL1|MRPS35|UBA2|SNX25|SMIM30|NIP7|DNAAF10
GSE4984_UNTREATED_VS_LPS_TREATED_DC_DN	0.919340849956635	1	0.229542598314207	0.853030801844983	3179	160	RBM44|NEDD1|MRPL1|PPP2R3A|MRPS24|TXNL1|THAP6|NR4A2|LYPLA1|CRYZ|PALS2|TJP2|TAPT1|INPP5K|SEMA6B|NUSAP1|CDC27|REEP2|RAB19|GNG10|ASNSD1|UFM1|SOAT1|MRPS35|B4GALT5|SNX25|MTA2|DNM1L|FBXO33|MEGF9|PSMA2|CWC15|PMPCB|NGLY1|ZCCHC9|IPO11|ADARB1|IDE|HTATIP2|NUP155|ATP5PB|NEMP1|DSTN|REEP3|CENPS|GHITM|TNFSF9|FUNDC2|SSX2IP|ANAPC4|MAP3K5|KDM4A|TCEA1|NEK4|NELFCD|RWDD2B|NAA16|GZF1|SLC31A1|FANCM|PMAIP1
GSE5099_CLASSICAL_M1_VS_ALTERNATIVE_M2_MACROPHAGE_UP	0.849533554017454	1	0.233883216901262	0.884732598261992	2822	184	SEMA3A|MPZL3|TRIM69|NKIRAS1|PGAP1|IFIH1|FOXO1|HLA-B|CNOT11|IMPACT|KDM7A|PARP11|CAPN2|ELMO1|ZNF16|ADD3|ERAP2|APOL3|RSAD2|LFNG|S1PR1|TXK|INPP4B|SMIM20|LITAF|FOXP1|LRRC8C
GSE5099_DAY3_VS_DAY7_MCSF_TREATED_MACROPHAGE_UP	0.716041979010495	1	-0.256244009925478	-0.905296363837873	4775	179	CCR7|FAM171A1|TSC22D3|PLLP|RPLP2|IFITM1|DDB2|RBM20|SPIN3|SGSH|DNPH1|C17orf49|CD48|CIB1|PHB1|PIK3IP1|RPL13A|TIMP1|ECE1|GRASLND|ZNF302|BIN1|TACO1|MAP7D1|TRABD|SHISA5|NPDC1|CTSL|DEF8|DUSP7|RPL10|SUSD3|INPP5D|ZMYND11|ENGASE|ICAM3|RPS11|NOP53|OXA1L|S100A6|UPP1|PINK1|POLR1A|ZSWIM1
GSE5099_MONOCYTE_VS_CLASSICAL_M1_MACROPHAGE_DN	0.912952123668017	1	-0.234360820723205	-0.832541394402634	6082	190	ARK2C|TRAPPC6A|PLXNB2|COX6A1|ATAT1|ITPA|UNC5B|ALDH16A1|FOS|MIF|RIPOR1|TMEM107|C12orf57|HIGD2A|RGP1|EMP3|PPP4C|TTLL1|SH2B2|MAGED2|PYCR3|PSAP|ANKS3|EWSR1|PIGL|GMFG|FAM98C|TRMT2A|INO80C|ZMYND11|SMYD4|TUBA1B|PRPF6|STUB1|MICAL1|SNRNP70|IER2|DTX2|PDXK|TMA7|CCT7|PANK4|ERGIC3|SRSF5|UBAC1|STX16|COA5|MSTO1|H2AX|ISY1|PROSER1|CALML4|ILF3
GSE5099_UNSTIM_VS_MCSF_TREATED_MONOCYTE_DAY3_UP	0.987698769876988	1	0.213596568238926	0.803376353044295	3291	177	MPP3|RPGRIP1|CCNG1|MDP1|FNDC3B|KIF20B|GDI2|PUS3|MAPK1IP1L|TSPAN13|CEP295|TMEM123|FCRLA|TCF12|CWC22|WTAP|CFAP418|UGCG|TRMT10B|NCALD|PJA2|IL6R|LARP7|RHOA|NDUFV2|USP8|BTBD10|DDX5|ADK|NGDN|FRG1|RABGAP1L|FAM3C|ZNF566|SNW1|CHUK|MID1|HMGCS1|JAGN1|CHRAC1|ECHDC1|PLAAT3|ITCH|RDH14|SEC61G|CHM|DHX33|ARID1B|LETM2|DEGS1|WDR3|FAM149B1|ZUP1|MPP1|EFCAB14|ALG5|EIF1|ZNF282|CCDC174|TRMT13|DOP1A|EPM2AIP1|VPS13C|RPL39L|SLC66A3|ANAPC1|TOM1L1|YIPF5|ELP4|ZNF655|MMUT|TPR|RGS10|SIRT1|MALAT1|THEM4|OGFOD1|CCNYL1|ZNF330|FBXW2
GSE5455_HEALTHY_VS_TUMOR_BEARING_MOUSE_SPLEEN_MONOCYTE_24H_INCUBATION_UP	0.748420102317183	1	0.242378396634773	0.916868133842148	2486	184	OSGIN1|SENP8|ZFP69|GPRASP2|TTYH3|DNASE1L1|PANK3|BRMS1L|TLE4|ATG4C|FGGY|RWDD2A|DDX19B|EXPH5|UHMK1|WTAP|RBM4B|PRRG1|NIPAL1|MMP11|ABCB11|SFRP2|TBC1D19|TENT5A|FBXL4|HAUS1|NFE2L2|BCDIN3D|MTCP1|SLC30A7|KCTD6|DLG1|HID1|PTK2|SEMA4A|RABGAP1L|ZFC3H1|MLLT11|PRKD3|BACH1|GOLPH3L|RO60|TPST1|GLUL|TMED8
GSE5463_CTRL_VS_DEXAMETHASONE_TREATED_THYMOCYTE_UP	0.661466926653667	1	-0.260732173022277	-0.925627418609343	4409	189	TBC1D1|LATS2|CD37|RNF5|TAP1|REX1BD|COPE|DBP|COX17|SMTN|OSBPL5|CIAO2B|MAP1LC3A|LAMB3|MAPK7|IRS2|MAP4K1|PNKP|BIN1|VPS72|IGF2R|SLC4A2|GPSM3|ARID3B|NDEL1|ABCD1|TRAPPC5|HDAC7|TIMM10|MPV17|UNC45A|TNFRSF1B|RGL2|GTSE1|GRB7|NFKBIB|TNIP1|AP1B1|PDCD7|SLC35C2
GSE5503_LIVER_DC_VS_MLN_DC_ACTIVATED_ALLOGENIC_TCELL_DN	0.994010182689428	1	0.208375047706401	0.792530531570429	3318	190	RGS5|PGAP1|MAN2B1|CREBL2|EIF2AK3|EEF1AKMT1|ZFP82|FOXN3|MACIR|ST8SIA6|OCIAD1|PNPLA7|SACS|WSB2|NAE1|NLK|RRAS2|ATP1B1|PICALM|TBPL1|TRMT1L|IFIT3|TNKS2|TTC14|IFFO2|ZNF790|MTSS1|SPP1|VAPA|GTF2H2|CAB39|KLHDC2
GSE5503_LIVER_DC_VS_SPLEEN_DC_ACTIVATED_ALLOGENIC_TCELL_DN	0.990140424260532	1	0.21161820097485	0.805518496438262	3313	191	ITGB7|TMOD4|UBE4A|CNOT11|STRADB|DEPDC1B|ANLN|SCFD2|MYCBP|DCTN4|FANCB|NCBP2|WSB2|WDR26|PPIP5K1|RPL39|PPP2R5E|TBPL1|RAP2A|RTRAF|METTL21A|NCALD|NUP133|AGBL4|IFIT1|TTC39C|MED17|GOLGA4|LIN9|FXR1|POGLUT3|PIGH|ZNF800|ACBD4|PIK3CG|WWP2|PSMA2|UTP15|TIAM2|RACGAP1|BNIP2|POLR3F|SLC30A9|MRS2|SIK2|NUP155|SEC63|ATP6V1B2|MARS2|FABP5|RIPK1|STMP1|GLRX3|ALDH18A1|RBBP7|PIR|KBTBD3|BICD2
GSE5503_LIVER_DC_VS_SPLEEN_DC_ACTIVATED_ALLOGENIC_TCELL_UP	0.999119718309859	1	0.200785862379868	0.750332689262992	3404	168	TCEAL1|ASAH2|SLC9B2|SCRN3|TTYH3|CNIH1|PECR|LONRF2|DDR2|MAPK6|ARMCX6|GSTM2|ABLIM3|SLC2A10|MMP11|LRRN4CL|CKAP2L|PPA2|ESAM|XKR8|COPS5|CDK2|BAG2|LSM3|ARL4A|HSD17B12|OR51B2|HACD1|TOMM40L|RYK
GSE5503_MLN_DC_VS_PLN_DC_ACTIVATED_ALLOGENIC_TCELL_DN	0.997633136094674	1	0.203070699684673	0.762140909040683	3371	173	PTGDR2|FOXO1|CD36|TMCC1|UBA6|TP53INP1|FOXN3|RAPGEFL1|ITSN1|PEAK1|OPA1|HSPH1|SCCPDH|XPO7|SLC38A2|FAM174B|S1PR3|SH2D5|STRA6|LGALS4|BACH2|FLCN|PDS5B|SEMA4A|ACBD4|MYB|TENT4B|CLCN3|C2orf88|UPF2|BMP2K|HMGCS1|PRDM2|AGO1|UBE4B|HELZ2|FAM120AOS|SRPK1|DHX33|BIRC6|MTMR9|ZC3HAV1|PIP4K2A|BLTP3A|PARP14|WDHD1|UBP1|BCL2L11|ATP7A|CCDC93|TXNIP|GPSM1|PLEKHA2|POLH|PRKCB|ABI2
GSE5503_MLN_DC_VS_PLN_DC_ACTIVATED_ALLOGENIC_TCELL_UP	0.658339566192969	1	-0.26170638582165	-0.92641102723097	4400	181	IL11RA|FMC1|COX8A|PPFIBP2|RNF5|ZFPL1|APBA3|PNCK|REX1BD|JOSD2|NAT9|FXYD1|RGS3|ITIH5|MICALL2|AFAP1L1|KLF12|HIGD2A|SMIM11|SDR39U1|DHRS4|AKAP8L|GBP2|TRADD|SLC1A5|TRPC4AP|PRTN3|ITFG2|RBX1|ARHGAP6|DAPK3|CENPV|CRELD1|RNF220|TSSC4
GSE5503_PLN_DC_VS_SPLEEN_DC_ACTIVATED_ALLOGENIC_TCELL_DN	0.990116801437556	1	0.211028822878161	0.802623860261622	3305	190	MTMR6|ATG16L2|IFIH1|ALG11|CREBL2|KAT2B|IL10RB|CMTM6|TLE4|MRPS24|HSPH1|DENND4C|ATP1B1|INTS8|GCC2|SYT11|AUH|ARV1|TSTD2|ZW10|WAC|B3GNT2|ACTR10|MTMR4|AKIRIN1|ABI1|RIOX2|CCNT2|SACM1L|BIRC2|WAS|MAN1A2|C2orf88|PTPRC|ANAPC10|EFR3A|CAPN1|FYCO1|ACTR8|GINM1|MRTFA|SMC4|AEBP2|GIN1|CCDC115|ZYG11B|CAT|ZC3H7A|DEGS1|GDAP2|ATOSA|CANX|TBC1D4|KPNA4|CPEB4|NUDT4|PPP2R5A|NSD3|UBE2B|SMC5
GSE5503_PLN_DC_VS_SPLEEN_DC_ACTIVATED_ALLOGENIC_TCELL_UP	0.941901408450704	1	0.224598581307583	0.839320336201467	3209	168	ASAH2|DEPP1|TM6SF1|RNF217|POC1B|DNAJC6|CCL4|EIF2A|EGLN3|KPNA3|VBP1|KIF18A|TNFAIP8|UNK|MXI1|GCLM|CTSF|FBXO3|TCP1|HK2|HSD17B11
GSE5542_IFNA_VS_IFNA_AND_IFNG_TREATED_EPITHELIAL_CELLS_24H_DN	0.998050097495125	1	-0.206482659502724	-0.733035777240919	6653	189	MXD3|NEIL1|SAMD11|NAGK|SLC8A2|MINDY1|HELB|MYL11|DYRK2|HSPB6|CRYBA2|EXTL1|PCYT1B|IFI27L2|ELMOD3|PKP3|GUCA1B|CTC1|PALM|SMCO4|CDCA3|BLVRB|ANKRD55|TAX1BP3|TXNDC11|RAB2A|PAFAH1B1|SAPCD2|PEDS1|MAN2A1|KIF2C|PSMC3|WRAP53|MGAT1|PTDSS2|PIMREG|BLOC1S5|AP4M1|CEP89|SAE1|FCHO1|CDC20|CDCA8|MRPS26|LIG4|MYO1C|IDH3G|PHF19
GSE5542_IFNA_VS_IFNA_AND_IFNG_TREATED_EPITHELIAL_CELLS_6H_DN	0.705373134328358	1	0.2464002503668	0.926099759831521	2362	176	FEM1C|NUDT12|NKIRAS1|PDK1|GABRR2|ESF1|IL10RB|PNPT1|NIPSNAP2|ABCD3|RNF103|CYP27B1|CRYZ|OPA1|FNIP2|PPIP5K1|CTSF|GRPEL2|POGLUT2|MFSD4A|HS3ST2|MRPL15|GPLD1|GNG10|ATP5F1C|EIF5A2|IFT57|PCDH1|WDR36|USP45|CNOT2|SPNS1|CTNS|PEX13|PIGC|KLRG1|GOLPH3L|THOC7|ATP6V0E2|IKBKE|TMEM245|GLUL|MAPK9|ADO|TAF4B|RTCA
GSE5542_IFNG_VS_IFNA_AND_IFNG_TREATED_EPITHELIAL_CELLS_24H_DN	0.812236921226699	1	-0.246964522541006	-0.870690442157531	5402	176	PLEKHN1|TEP1|DIPK1A|SANBR|DGAT2|EPM2A|HEPACAM2|C6orf132|ZDHHC12|EREG|IL4I1|HOOK2|MEF2B|TPH1|SMPD3|PGF|IRS2|BATF2|ZDHHC24|ATOX1|KCNK6|ZNRF3|SPATA7|NFKBID|DECR2|ZSCAN25|SOX18|NT5C|FLNB|GRB7|GSK3B|LMNA|STARD10|EEF1D|RRP7A
GSE5542_IFNG_VS_IFNA_AND_IFNG_TREATED_EPITHELIAL_CELLS_6H_UP	0.997904818916492	1	-0.206955080665636	-0.733765710213822	6667	186	MXD3|PLEKHN1|FSTL3|APBB2|B4GALNT4|CELF3|TMEM52|SCRN2|NDUFA13|HCST|CASKIN1|TMEM63A|ATP5ME|OR2T33|PDLIM7|EXOSC4|STC2|ATXN7L2|RBM38|RGS14|FGD1|MIB2|GAL3ST4|RALBP1|INTS11|DEF8|RETREG2|CARHSP1|TTI1|METTL6|LONRF3|FRRS1|MTERF4|WDR53|S100A6|ASB1|TTC13|TIMM17B|AP2M1|EBP|ADAM8|MRPS16|ARL15|RHOG|ARB2A|ARSB|EFCAB2|FIG4
GSE5542_UNTREATED_VS_IFNA_AND_IFNG_TREATED_EPITHELIAL_CELLS_24H_UP	0.872721840454138	1	0.231026367087896	0.879395113449399	2920	191	TTC39B|FEM1C|C2CD5|CEP128|TRPM7|ERI2|PECR|LIN28A|ADPRH|PHLDA1|TMEM86B|B3GNT5|PPM1B|GLE1|ZWILCH|WDR44|ATP1B3|TRIB1|ESD|PLXND1|SMARCA5|PLRG1|WWTR1|IFT57|CEP44|NME7|COPS5|B4GALT5|RBPJ|NSA2|CDK2AP1|SNRPB2|DBF4|RABGAP1L|PABIR2|BFAR|SLC36A4|TRAFD1|WDR81|IPO5|EIF3M|HNRNPA1|ECPAS|NT5DC1|PTPRA|IPO11|XPOT|MPHOSPH6
GSE5542_UNTREATED_VS_IFNA_AND_IFNG_TREATED_EPITHELIAL_CELLS_6H_DN	0.728024042073629	1	-0.254197939349437	-0.903181073394829	4844	191	ASCL2|SLC2A4|LATS2|CCDC12|S1PR5|NINJ2-AS1|ODAD4|CPEB3|EVI5L|TCIRG1|NAA38|TGFB3|CACNA2D2|CYTH3|TNFRSF1A|DCAF15|KATNB1|PTK2B|ATP2A3|TBXAS1|MXD4|MDGA1|CTSD|KLC2|SPN|PLEKHF1|MAPKAPK2|MNX1|ITGAV|KLF13|ACADVL|CLSTN3|ZNF219|SLC25A43|CDC42EP3|SRF|ABCA2|ATOSB|RALGPS1|TCF7L2|CBX6|CMIP|TACC1|RC3H1|ACTN4|MESD|SLC25A22|MYO5A|TRIM14|NCBP3|NPC1|ZFYVE28
GSE5542_UNTREATED_VS_IFNA_TREATED_EPITHELIAL_CELLS_24H_UP	0.988905547226387	1	0.211640524464503	0.804149325025128	3297	189	AIM2|MYO1F|CEP128|SNX33|NABP1|ANKRD27|TP53INP1|CCRL2|PNPLA6|FAM199X|RDX|CAPN2|SNX24|ZNF821|EPS15|OSTF1|SYTL3|GFI1|ABR|TOX|NCKAP1|DUSP10|LIMK1|CDK2AP1|ARHGEF12|BMPR1A|SEMA4A|ANXA5|NF1|NOD1|PPP2R5C|FYCO1|SIK2|YWHAH|GTDC1|GABARAPL1|DVL3|ZDHHC7|DPP9|PTPN9|IDI1|MBD2|PPP3CA|FOSL2|NR3C1|ATP2B4|PHTF1|ACOT9|FTH1|MICAL2|FMNL1|KATNAL1|PLEKHA2|TNFAIP3|PMAIP1|ARHGDIA|PIAS3|IDS|PPP4R1|LRP8|CTNNA1
GSE5542_UNTREATED_VS_IFNA_TREATED_EPITHELIAL_CELLS_6H_UP	0.690205011389522	1	-0.260695679522384	-0.91282498535525	4544	167	GLB1L3|PIEZO1|ATXN1|ZBTB49|HBB|TLR6|NBEAL2|ZC3H12C|DNAJC22|FYN|TTYH2|ENTPD1|FAS|MBOAT1|ATN1|MAP3K12|MYO9B|MERTK|SLC7A11|LPIN2|F2R|ITGB1|IL18RAP|ERN1|TANK|MVD|NEK6|FLOT1|NIBAN1|FAM50A|SH2D2A|ST8SIA1|MAST2|SH3BGRL3|HIP1|TSEN54|PCBD1|SEC24C|JOSD1|TLN1
GSE5542_UNTREATED_VS_IFNG_TREATED_EPITHELIAL_CELLS_6H_UP	0.786788154897494	1	-0.250853743843664	-0.87836348293122	5180	167	NFKBIZ|TSGA10|DPEP2|TCEA2|DIPK1A|AGBL3|FGD3|ABCA7|PPFIBP2|ITPA|HOOK2|CUL9|PLSCR3|KRT73|DENND11|RECQL5|TCP11L2|BRD3|ECE1|GAL3ST4|MAP4K2|TRAP1|RANBP3|LMLN|LMBR1L|PRPF19|XPO6|NOSIP|PNPO|AP1M1|RBM26|MPI|CHMP7|MTM1|ATXN2L|SPTBN1|CDCA7L|PPARGC1B|AP1G2|FNTB
GSE557_CIITA_KO_VS_I_AB_KO_DC_DN	0.970392749244713	1	0.217745523249549	0.832605495756384	3211	197	PITPNC1|COL15A1|MED18|MYOM1|ZNF354A|PTER|PRPS2|HDAC2|INTS13|EIF4G2|PPP6C|SATB2|METAP2|PPIL1|C3orf38|RELN|ETFA|LMO7|ZDHHC6|GMPS|IBTK|DNAI4|CAPRIN1|UBE2E1|TGFBR1|CDK2AP1|SNX25|CNKSR3|PTK2|HNRNPK|CS|BAG2|DTD2|RBBP4|TPST1|PSMC2|IPO5|GPD1L|TCERG1|MRPL3|RTCA|ADARB1|BMP10|TMEM181|FAF1|PMS2|FABP5|USP28|METTL9|SUMO3|OPTN|SORD|NUP58|TOP2B|ZC3H14|PGK1|FKBP1A|TTLL5|FYTTD1|IMMT|TMEM164|SKIC3|TOMM22|USP37|MRPS27|RNF10
GSE557_WT_VS_I_AB_KO_DC_UP	0.912516823687752	1	-0.234445584947316	-0.831342079949379	6101	185	TEP1|TCEA2|CYLD|PPFIBP2|FCSK|PDLIM2|FAM193B|RAB33B|NRDE2|ARHGAP4|ARHGAP45|DENND1C|KLF12|TMTC2|FLAD1|COMTD1|RGP1|TNFAIP8L2|TSPO|DCXR|TRMT1|CD151|WDR13|LRRC61|MOSPD3|ACAA1|CNPY3|CDK10|PRKAB2|CRELD1|GRINA|TMEM147|AKAP7|SLC20A2|SSR4|SLC35C2|STARD10|LPCAT1|RWDD4|MANBA|ABCD4|PXN|ABHD2|CLCN5|SPTBN1|ZNF808|SEPTIN9|GPR137|ARL14EP|CCDC125|ELAC1|TOM1L2|STX16|SHARPIN
GSE5589_IL6_KO_VS_IL10_KO_LPS_AND_IL10_STIM_MACROPHAGE_180MIN_DN	0.935759209344115	1	-0.230698990271206	-0.816899634517647	6248	182	ZNF341|SLC30A4|KCNJ14|BSCL2|FZD7|FICD|ANGPTL6|AMZ1|NDUFA13|ATP13A1|SLC3A2|SNHG32|CHCHD10|LONP1|COMTD1|FOS|ZNF598|PTPN3|EMC4|TRIB3|MAP4K1|CCL24|GGCX|ZC3H12A|EMP2|BCAT2|GFI1B|USP36|SLC1A5|CDK2AP2|IGSF3|PDGFA|NTHL1|ZBTB5|SNHG6|ITFG2|PLEKHF1|DDX31|MCRIP2|PTGES2|WNT5B|SH3KBP1|SSR4|APTX|USP40|GRAMD4|WDR74|TSPAN31|METRNL|THRA|HSPA1B|BCAP31|RNF113A|TRAF5|PANK4|ARL15|PFKP|TMEM158
GSE5589_IL6_KO_VS_IL10_KO_LPS_AND_IL10_STIM_MACROPHAGE_180MIN_UP	0.73919545386571	1	-0.25368792920919	-0.899575271482342	4942	185	PCBP4|SEMA4D|AGBL3|RAB34|UQCR11|PBXIP1|NDUFA3|GPR176|SYNGR1|RPP21|SERHL2|LOXL3|ZNF229|LAGE3|SIAE|HSPB1|OCEL1|PTK2B|TRIOBP|ADAP1|RFNG|SH3D19|TMEM18|CPSF1|SCARB1|DDX23|SCAP|BRD9|RALBP1|FBXW4|NDUFA1|LRSAM1|CC2D1B|MRPS21|TSC22D4|MLEC|CERS5|MADD|MYL6|SUSD3|LIFR|MAP1S|TUBB2B|SASH1|SH3BP5L
GSE5589_IL6_KO_VS_IL10_KO_LPS_AND_IL6_STIM_MACROPHAGE_45MIN_DN	0.968422627955702	1	-0.223009448344618	-0.79068697285745	6470	186	ENG|PLA2G6|FZD7|EPB41L1|MINDY1|LPCAT3|RABAC1|FAM120C|RAB33B|NXF1|HFE|AHCYL2|DDRGK1|IER5L|HGS|PLOD3|ZDHHC24|GBP2|CSGALNACT2|SLC7A11|SLC26A6|RNF181|SULT1A1|WDR13|KICS2|SPHK1|HDAC7|CLSTN1|EPHX1|SNHG12|ERN1|ZBTB1|MREG|E4F1|DCUN1D3|SDF4|HSPA1A|NIBAN2|IL6ST|TAX1BP3|TRAF3IP2|TSPAN31|ATP6V0A2|PTGR2|CLCN5
GSE5589_IL6_KO_VS_IL10_KO_LPS_AND_IL6_STIM_MACROPHAGE_45MIN_UP	0.643726521412472	1	-0.261942884957461	-0.930699346381393	4283	191	SRGAP3|AQP1|HOMER3|SYCE2|FAM234B|KIF24|CPT1C|ARHGAP33|TMEM9|SLC38A10|CENPT|MRPS18C|SERPINH1|KIRREL1|QRICH1|ALG9|CPSF1|BIN1|LARS2|POLE|TRIP6|HSD17B7|ARID3B|DUSP7|ZNF579|RAD54L|NISCH|NEDD8|LBX2|NHSL3|DCTPP1|HELLS|TAF1D|HES6|SH3BP5L|BORCS7|MTCH1|SLIRP|SLC35C2|TMEM65|ESPL1|DPY19L1
GSE5589_IL6_KO_VS_IL10_KO_LPS_STIM_MACROPHAGE_180MIN_DN	0.985798816568047	1	0.21435018649665	0.804473743594074	3331	173	TSLP|AIF1|GPR137B|SPAG6|EIF2A|REC8|NEDD4|HNRNPLL|ANGPTL4|ABHD3|PNPLA7|STAG3|PIAS2|SH2D1B|ABCB10|MRPS6|ARMC2|TMEM140|NUAK2|OTULINL|CDHR4|LGALS4|SLC40A1|PRKCI|NATD1|SLC30A1
GSE5589_IL6_KO_VS_IL10_KO_LPS_STIM_MACROPHAGE_180MIN_UP	0.815375393376293	1	-0.246642325292734	-0.87226073116032	5440	180	WFS1|IL11RA|RHPN1|APBB2|HOMER3|ANO8|RASGRP3|PBXIP1|NOL12|ACAP1|ADAMTS4|GRM3|RSPH9|PTGIR|MCAM|NDUFAF8|CACNA1A|NDUFAF3|CRYM|TNKS1BP1|TRAF2|TXNDC17|ACSBG1|GPR107|FLYWCH2|TBC1D25|CDCP1|NTHL1|ITFG2|ABL1|SMCO4|METTL26|ISCA2|MAFG|NBDY|GATA2|SPRYD3|CHCHD1|VEGFA|APPL1|RAD23A|SPTBN1|CRTC2
GSE5589_IL6_KO_VS_IL10_KO_LPS_STIM_MACROPHAGE_45MIN_DN	0.830488170110812	1	-0.244946696845207	-0.867350424438025	5545	182	LAT|STS|SEL1L|RETSAT|CHAC1|NDUFA13|FOXH1|LONP1|CYBA|IER3|RPS9|NDUFS7|COMTD1|LMAN2|DDRGK1|PLOD3|PTPN3|MAP4K1|DUSP4|ZC3H12A|RNF32|SLC7A1|IGSF3|NFE2L1|TMEM205|SNHG6|PFDN2|SNHG12|HCN3|E4F1|APTX|UBXN1|CKB|NT5DC3|TSPAN31|RILP|METRNL|THRA|HSPA1B|JUN|TMEM179B|RNF113A|CD320|MAEA|SEPTIN9|PDIA4|SYDE2|MRPS28|ARL15|DDX54|EIF3K|MRPS26
GSE5589_LPS_AND_IL10_VS_LPS_AND_IL6_STIM_IL10_KO_MACROPHAGE_45MIN_DN	0.967286914765906	1	0.218522238405037	0.823040712116942	3222	179	CCDC120|AKTIP|INSIG2|KPNA3|BCAP29|PTGS1|KDSR|SEH1L|CABLES2|LRRC28|RAB11A|WTAP|ITPRID2|TBPL1|ESD|ORC2|RAP2A|ICA1L|ACOT11|SH3PXD2B|SYT11|RPS6KA2|PGM2|NFATC2|TSG101|ZMAT3|ZBTB37|UBE2D3|SLF2|RNF14|SHB|TMED8|PTPRA|PANX1|MFSD6|UBE2V1|NCAPG2|BTBD3|TRAK2|WTIP|CDK6|PABPC1|TMX4|VMA21|RIOX1|TAF3
GSE5589_LPS_AND_IL10_VS_LPS_AND_IL6_STIM_IL6_KO_MACROPHAGE_45MIN_DN	0.998647633358377	1	-0.202908009286023	-0.720944764919725	6645	191	TRAPPC6A|TBC1D2|ATXN1|GTF2I|SPEN-AS1|MICOS10|DGLUCY|ETFB|GGA1|SH3PXD2A|ADAM22|TMEM208|ALDH16A1|UQCC5|FBXL19|TBCC|CAMK1|RAMP1|SLC12A7|MERTK|NDUFA6|ZC3H3|ABHD12|SULT1A1|TRAPPC1|OAZ1|ITGAV|CLUH|BLVRB|TAF1D|ICAM4|IQSEC1|TPRA1|ATP5MG|ECH1|SPHK2|SH3BGRL3|GNA12|MAN2B2|FLNA|SEPTIN9|DENND4B|GPCPD1
GSE5589_LPS_VS_LPS_AND_IL10_STIM_IL10_KO_MACROPHAGE_180MIN_UP	0.844979448032883	1	0.235054881009328	0.879314547883254	2877	169	ST8SIA4|GPR137B|ZFP69|TGFBR2|EPS8L3|TSKS|NEDD4|BLTP3B|DCBLD1|ANGPTL4|LDHA|CEP135|PPIP5K1|SH2D1B|RBM4B|ABR|TTC9B|ICOSLG|CDHR4|EFCAB6|RAB19|SOAT1|SMC6|SCG3|RPUSD4|NDN|HCN2|MGST1|GLUL
GSE5589_LPS_VS_LPS_AND_IL10_STIM_IL6_KO_MACROPHAGE_180MIN_UP	0.747718090677839	1	-0.251759793221265	-0.897449322667618	4996	196	GAA|NDST2|TRAPPC6A|MGAT4A|ENC1|PWWP2B|INCENP|GRN|UBA7|TFPT|ZNF710|KATNIP|DBP|TEF|ARHGAP45|SERHL2|CXCL16|SCRIB|IFI27L2|CDKN2D|COMT|FAU|C12orf57|TMEM101|SELENOH|LRRC45|SLC25A45|IL16|RAB11FIP3|TOMM7|PPARD|PPP1R12C|PLEC|TP53I13|CNP|ZNF251|LAMP1|ERP29|NOP53|NCBP2AS2|CTSH|GNA12|SURF1|APOBEC3B|LANCL2|MYLIP|STIMATE|ANTXR2|TCTA
GSE5589_LPS_VS_LPS_AND_IL10_STIM_IL6_KO_MACROPHAGE_45MIN_UP	0.686354072738203	1	-0.257954083041632	-0.917003617580743	4566	192	ZSWIM9|IDUA|PNKD|CCPG1|GHDC|TRPV2|CCS|DOCK4|RNLS|APLP2|GTF3C1|SHLD1|SERHL2|SPATA6|PPFIA4|SIAE|LMAN2|PPP1R16A|ERMARD|HMGCL|PIGQ|FRMD6|MEAK7|SORBS3|FBXW4|SMG6|LRSAM1|RAB11FIP5|ATP13A2|PAQR7|SIDT2|PRKAB2|SFMBT1|H2AC25|DGUOK|POLR2A|XYLT2|CHPF2|COMMD6|EHMT2|UBFD1|RNASET2|DDX42|MICAL1|TMEM183A|NINJ1|TSPAN31|FAM219A|KLHL26
GSE5589_LPS_VS_LPS_AND_IL10_STIM_MACROPHAGE_180MIN_UP	0.857549857549858	1	-0.242218401316716	-0.854909021644419	5718	177	IL21R|ANPEP|CEP83-DT|CD14|ENG|IFI30|CCPG1|LYST|CD84|ARHGAP33|L1CAM|NAT9|CHCHD10|SERHL2|ITGAX|TCP11L2|PIK3IP1|KCNAB2|ESR1|FOLR2|MEAK7|DHRS4|MXD4|RFC2|SDF2|CPQ|PDP1|PDLIM4|SIGIRR|RNF149|XYLT2|BORCS7|TP53BP1|PEF1|RNASET2|NCBP2AS2|PEDS1|SAP30L|CLK3|ASL
GSE5589_LPS_VS_LPS_AND_IL10_STIM_MACROPHAGE_45MIN_UP	0.691847419596111	1	-0.258235848002805	-0.914125715599363	4624	181	IL21R|RAB27B|RAP1GAP2|FARP1|IRX5|SELENOM|CD84|CPT1C|TSPAN5|TRIO|EEIG1|RELL2|AHCYL2|PTGIR|PPP1R16A|SH2D3C|AKT3|FOLR2|LIG1|MAP4K1|SEMA4C|RHOB|TRAPPC5|TSEN34|RCBTB1|DDX31|ARHGAP6|RGS12|RNF149|RCN1|MFGE8
GSE5589_LPS_VS_LPS_AND_IL6_STIM_IL10_KO_MACROPHAGE_45MIN_DN	0.689592760180996	1	0.246782215494822	0.934083298309514	2285	185	ELK3|ZKSCAN8|RYR1|FBXW8|STT3B|SIX4|PDIK1L|UBLCP1|HNRNPLL|CD80|HEATR3|CRYBG3|PLEKHA5|UTP18|NUP153|RPAP3|TMED2|ZNF770|LRPPRC|ASS1|GMPS|SLC2A10|LRRN4CL|SGMS2|TMF1|EIF3C|SRP72|CAP1|RABL3|THOC1|B4GALT5|ZBTB25|PDIA3|ACACA|DDX20|MAGI1|EXTL2|POLR1B|EXT2|TRAK2|ATL2|USP28|PUS7L|ZC3H8|DDX27|MED26|DYNC1LI2|TAF3|SSX2IP|MRPS2|TGFBRAP1|CRKL|SMN1
GSE5589_LPS_VS_LPS_AND_IL6_STIM_IL6_KO_MACROPHAGE_45MIN_DN	0.98997756170531	1	-0.213828606502787	-0.756929099684299	6617	181	PLA2G6|EXT1|ZFPL1|UVSSA|INKA1|CCS|CLN3|ETFB|ICAM1|PTK2B|SLC27A1|C5AR1|AKR1B1|GMPPA|SCARB1|TBC1D8|ID3|RAMP1|SDHAF4|FILIP1L|MERTK|SNHG3|TXNDC15|KMT5C|GPSM3|SLC25A16|CCDC61|PPP2R3C|UCP2|SLC35E3|RGS19|TSC22D1|CLUH|ARFRP1|ENGASE|ACADVL|SAMD9L|TAF1D|PNPO|IFNGR1|IQSEC1|ELL|CPT1A|PXN|MAN2A1|AFMID|STARD5|H6PD|FAM168A|ZCCHC2|FRMD4A|MMD|BUD23|ELMO2|DHODH|TLE3|C7orf50|MGST2|SLC16A1
GSE5589_LPS_VS_LPS_AND_IL6_STIM_IL6_KO_MACROPHAGE_45MIN_UP	0.880503144654088	1	-0.238685742354708	-0.845180533581515	5879	182	SLC26A11|APBB2|GASK1B|H2BC13|ARID5A|GPR176|GRN|ATP13A1|EPN2|EEIG1|CXCL16|MARVELD3|ATP1A3|ITGAX|PPARG|MAP1LC3A|GPC1|IER5L|FRMD6|PSAP|CTSA|DCXR|EMP2|RAB11FIP3|SPHK1|RHOB|PPARD|TMEM120A|PDP1|CLSTN1|NDST1|SFMBT1|ARHGAP6|CRELD1|PTCD2|MFGE8|LONRF3|FLOT1|ERP29|IL6ST|CAPG|TTC12|MED11|CD81|NINJ1|GAS6|PEDS1
GSE5589_LPS_VS_LPS_AND_IL6_STIM_MACROPHAGE_45MIN_DN	0.921233902365978	1	0.226182908350347	0.860260681689765	3075	190	MRPL1|ESF1|ENOPH1|CNOT11|HAT1|STRAP|PDE3B|ANGPTL4|RIMS3|WDR75|SMARCAD1|ETV3|UTP18|NKRF|QNG1|EIF2B2|PLPP3|ACOT11|ELL2|RAD23B|PDE12|ERO1A|CMPK1|KIF5B|ETFDH|EBAG9|CLIC4|PTK2|EIF2S1|PRKAA1|DHX15|RIOX2|ELOVL5|CMAS|APEX1|PPP4R3B|OTUD6B|GALNT1|TCERG1|CAPN1|TMT1A|CHMP1B|AK3|DLD|SGTB|SCLY|LTA4H|ANXA7|FUBP1|C1GALT1C1|GFM1|SMURF1|MAFF|YME1L1|PCBD2
GSE5589_LPS_VS_LPS_AND_IL6_STIM_MACROPHAGE_45MIN_UP	0.82574615616521	1	0.23575426344825	0.894407091534973	2738	188	FOSB|TLE6|GPR160|CFAP410|KCTD12|ABTB1|STARD9|EEF1AKMT1|AP1S2|NHLRC2|UAP1|KIF3C|NEMF|PNPLA7|CIBAR1|CBX7|POLA1|NFAT5|PPP3CB|IFIT1|RPS27L|ZFAND4|SQOR|SAMSN1|FXR1|NFATC2|SCAMP1|BCAS3|TFE3|PIK3CG|ALDH2|KLHL6|AFTPH|EEIG2|CYRIB|WDR81|MON2|GLTP|UPF2|CD93|MRPL3|VAMP3|DDX6|WBP1|EIF4B|CENPJ|ZZEF1
GSE5589_UNSTIM_VS_180MIN_LPS_STIM_MACROPHAGE_UP	0.817159142042898	1	-0.245967939756495	-0.87321279341315	5447	189	ESPN|SEL1L|ELOVL3|HOMER3|RETSAT|H2BC13|RABAC1|RNLS|NAT9|HYOU1|TMEM208|SPATA6|CYTH3|LMAN2|HSPB1|MFSD12|PYCR3|LTBP3|TSC1|RRP12|SELENBP1|FBXL20|NACC2|PDGFA|MTMR10|RCBTB1|EPHX1|PRKAB2|PYROXD1|PDF|HMG20B|DDA1|SYS1|RPS26|MAN2C1|LPCAT1|EDEM3|PEDS1|CCDC186|FAM210A|MTM1|ASL|MPZL1|CAVIN1|TRAF5|PLBD2|SYDE2|AKR1A1|RILPL1|DDX54|CASP9
GSE5589_UNSTIM_VS_45MIN_LPS_AND_IL6_STIM_MACROPHAGE_DN	0.676689490919917	1	0.245025570613513	0.934850621889248	2272	193	PAQR9|LGR4|AGA|SLC22A4|ESF1|KLHL13|CNOT11|CLDND1|HNRNPLL|KALRN|STXBP3|SMARCAD1|GFM2|NOL11|UTP18|QNG1|ACOT11|ELL2|RAD23B|MICALL1|SLC25A3|PPA1|ERO1A|UGP2|ACER3|REL|CMPK1|KIF5B|B4GALT5|NAA50|ARHGEF12|PTP4A2|DECR1|COQ3|FGD6|HAPSTR1|TMEM217|CLNS1A|TMEM245|TMEM126B|GALNT1|TCERG1|ZFAND5|CHMP1B|CHP1|CHORDC1|DDX21|SEC63|BTBD3|AKIRIN2|NUP50|SGTB|SCLY|FUBP1|GFM1|TSPAN3|YME1L1|VDAC3|NAA35|TANC2|PGK1
GSE5589_UNSTIM_VS_45MIN_LPS_AND_IL6_STIM_MACROPHAGE_UP	0.988860454613879	1	-0.215461996033333	-0.766225530358906	6568	193	NDST2|CCDC12|CDC26|ENC1|ARID5A|COMMD4|DYRK2|MRPS18C|TEF|SMAD6|IFT140|CYTH3|NRM|PIK3IP1|PTK2B|MED22|C12orf57|FAS|G6PD|AKNA|CAMK1|FILIP1L|SNHG3|FBXW9|LPIN2|WDR24|MLEC|DUSP7|PARP3|MAPKAPK2|ARHGAP22|RNF145|ENTPD4|DCTPP1|PAFAH1B3|LAMP1|FLOT1|PDXK|GALNT2|VGLL4|HPS4|AMBRA1|RMND5B|SNAPIN|DYNLT1|PSENEN|MLF2|MTMR14|ASPSCR1|SLC12A2|IFT25|CYTH1|ARHGAP17|PHF14|RPL23A|PNISR
GSE5589_UNSTIM_VS_45MIN_LPS_STIM_MACROPHAGE_UP	0.984891548242334	1	-0.217874975371979	-0.773453970430842	6583	188	UBL3|PSMB9|MINDY1|HSPB3|VILL|TECR|MOGS|DTYMK|SREBF1|MPG|IL2RG|PPP4C|CACNA1A|ACYP2|SNRPB|TSPO|YIF1A|DDX39A|ORAI1|SNHG3|CHD1L|RAB11FIP5|AFDN|TOMM7|SGK1|CERS4|TSEN34|ZBTB5|ARHGAP6|KLF13|FAM177A1|RCN1|TBCCD1|RPSA|DPH2|OGFR|RPS26|TRAF3IP2
GSE5589_WT_VS_IL10_KO_LPS_AND_IL10_STIM_MACROPHAGE_45MIN_DN	0.864193837870177	1	-0.240786576916819	-0.854102061678995	5777	187	TEP1|SAMD11|RETSAT|PHYHD1|KRTCAP3|IL4I1|ACAP1|GSDMD|TNFRSF21|TMEM80|CIB1|IER3|FYN|COMTD1|DDRGK1|PTPN3|NCSTN|KCNK6|SLC7A1|ENDOG|NFE2L1|POLR1C|RHOB|RPL27|PER1|PFDN2|SNHG12|TMED4|TEX264|MCRIP2|FNDC10|HMG20B|NFKBIB|OGFOD3|ATP6V0A1|IRAG2|NIBAN2|ERP29|MINK1|DUSP5|UBE2M|MRPL17|GATA2|WDR74|CCNO|NT5DC3|TTC17|CLCN5|METRNL|THRA|HSPA1B|MAEA|SEPTIN9|SYDE2|TLN1|ZCCHC2
GSE5589_WT_VS_IL10_KO_LPS_AND_IL10_STIM_MACROPHAGE_45MIN_UP	0.976470588235294	1	0.215533618856698	0.815805762966232	3236	185	LRCH2|PTPN6|AGO4|CCN1|CCNE2|PPT1|RWDD2A|CPD|GEN1|CIP2A|FMNL3|CRLF3|RDX|RIF1|GAS2L3|GCLM|PPP3CB|UGCG|RCBTB2|GLIS3|CMTM7|KIF3A|ANKRD28|CERT1|PAPSS1|TGFBR1|CPNE3|CDK2|ACAT1|C4orf46|PIK3CG|ALDH2|WWP2|EEIG2|CITED2|WAS|C6orf62|LPCAT2|SLC9A5|YWHAH|SHCBP1|TRAM1|BHLHE40|PIR|SLC30A5|ZMAT5|KIF13B|INPP1|MSMO1|GLO1|SSX2IP|MAP3K5|MINDY2
GSE5589_WT_VS_IL10_KO_LPS_AND_IL6_STIM_MACROPHAGE_45MIN_DN	0.89742033383915	1	-0.237735196476731	-0.833565383912948	5913	170	ZNF541|AXL|RPLP2|LPCAT3|TNFRSF21|KCNAB3|TRIM62|KLF7|PPP2R2B|NSG2|EMX2OS|FGF17|FOS|FBXL19|CA12|FRMD3|ARHGEF10|TBC1D8|SPTB|OTX1|PRORP|IL16|TRMT1|ABHD12|KCNN1|RPL27
GSE5589_WT_VS_IL6_KO_LPS_AND_IL10_STIM_MACROPHAGE_180MIN_UP	0.662229182980945	1	0.273047027360157	0.913521259493167	2536	78	SLC22A1|AK7|ANKRD36|HACE1|PPIL1|ERP44|IRF2BP1|PLPP3|CDHR1|PERP|FABP9|TMEM254-AS1|ZFAND4
GSE5589_WT_VS_IL6_KO_LPS_AND_IL10_STIM_MACROPHAGE_45MIN_UP	0.909528103396453	1	-0.234505140400934	-0.833644730695077	6051	192	CYFIP2|MGAT4A|SYCE2|FGD3|FAAP20|PDLIM2|GPR176|TRPV2|MFSD13A|CENPT|TUBGCP6|PPCDC|POR|RASGEF1B|DENND2C|NRM|LAGE3|CHTF18|PPM1F|UQCC5|ATP2A3|RFNG|TMEM101|BCL9L|SLC2A8|LRRC45|CALR|CPSF1|SCARB1|POLE|TONSL|SORBS3|PCIF1|TRAPPC1|TSC22D4|PLD2|FBXO10|REXO5|PCNT|CLTA|SH3BP5L|TK1|SUPT7L|PNPO|SNAPC4|ESPL1|DPY19L1|NCBP2AS2|ABCD4
GSE5589_WT_VS_IL6_KO_LPS_AND_IL6_STIM_MACROPHAGE_45MIN_DN	0.891398653702319	1	-0.237381559835719	-0.840303892481119	5958	181	AQP1|VASN|OSMR|TBC1D2|CRIP2|WDR25|MAPK8IP3|ACADS|LPCAT3|EREG|TNFRSF21|TEF|PHPT1|ING4|GPX8|CD48|HSPB6|PCOLCE|SERPINE1|DCN|PIP5KL1|SNRNP200|ABHD12|CCDC61|ITGAV|SLC5A3|PCYT2|MGAT4B|SLC20A2|TMEM65|IQSEC1|TPRA1|ECH1|CAVIN1|AFMID|STARD5|SEPTIN9|H6PD|P4HB|SPTLC2|MROH1
GSE5589_WT_VS_IL6_KO_LPS_STIM_MACROPHAGE_180MIN_UP	0.985722130697419	1	0.218494566721198	0.774011362247321	3589	113	SEMA3A|CCT6B|NIPSNAP3B|ABHD13|AMD1|ADPRH|TMEM30A|PPIL1|EARS2|TRIB1|FAM124B
GSE5679_PPARG_LIGAND_ROSIGLITAZONE_VS_RARA_AGONIST_AM580_TREATED_DC_DN	0.6838146811071	1	0.247575610868539	0.934584136040578	2272	182	PITPNC1|DOP1B|SLAMF6|GPR137B|TBC1D10C|GABRR2|RYR1|HVCN1|USP38|EIF4E3|MOB3B|C5orf34|TTLL7|ETV3|SMAD4|PNPLA7|CRLF3|UTRN|GRK4|MEX3B|CMPK2|RBM4B|CD96|DOCK10|LFNG|IFIT1|OTULINL|S1PR1|GPNMB|HOXA5|MYL12B|SKAP2|SLC30A1|DCTN6|PELI1|SHD|PSTK|ABCB1|FAM3C|S100A10
GSE5679_RARA_AGONIST_AM580_VS_AM580_AND_ROSIGLITAZONE_TREATED_DC_UP	0.710782114550621	1	-0.256307235049954	-0.908863308048155	4752	185	LAG3|COX6B2|STX11|FAM234A|DOCK4|SLC45A4|MEF2B|JAZF1|TPD52|NSG2|RDH12|STK39|TMEM86A|DUS2|ZBTB3|KLHL4|CYB5D2|PXMP4|BCL6|DNAJC17|LYL1|TXNDC17|B9D2|NDUFA1|DHRS3|MRPS21|SNX8|RAB11FIP4|SMCO4|SFMBT1|MAPKAPK2|DHCR7|NDUFC2|NDUFC1|TUBB2B|SLIRP|ICAM4|MAFG|CD81|NRGN|MAN2A1|CCDC28B|LTBP1|DESI1|AP2M1|AK4|RNF19A|PLEKHO1|TOX4|MMD|ATP6V1H
GSE5960_TH1_VS_ANERGIC_TH1_DN	0.922464312546957	1	-0.232846785811217	-0.827319098194636	6138	191	ADSS1|ECM1|SLC52A2|SLC29A1|SLC12A4|ITIH5|ATF6B|TNFRSF8|HAS1|CSF2|LGALSL|CYBA|NAPSA|IER3|ST6GALNAC6|TXNDC16|HCFC1|PIGQ|TMEM109|BIN1|RNH1|CSNK1D|CREB3L1|TSFM|NDUFA6|NFE2L1|TRPC4AP|HIVEP1|ITGAV|CD2BP2|ID1|SDF4|MDK|NEK6|ATP5F1D|EIPR1|PDK3|RNASET2|CD81|NRGN|TPRA1|ECH1|CSTB|PITPNM1|ATP6V0B|CPT1A|DTX2
GSE5960_TH1_VS_ANERGIC_TH1_UP	0.747828691224918	1	-0.252661611288965	-0.894668752888584	4993	182	MATN1|LATS2|SMPD1|AXL|FOXD3|COX14|NDUFA2|COPE|ETHE1|TCIRG1|PHPT1|PDE6D|IFI35|SLC19A1|GPC1|RPL18|STC2|SLC27A1|ATP2A3|SELENOH|GBP2|CHRM4|CAD|ENO3|MRAS|DEAF1|TRMT2A|POLR1H|VARS1|LYSMD1|REXO5|RPSA|HELLS|ANAPC2|MAN2C1|IRF9|EHMT2|FUT1|POLRMT
GSE6090_UNSTIM_VS_DC_SIGN_STIM_DC_UP	0.881541115583669	1	0.232741418387181	0.863929912508396	3065	158	ALG11|PDK1|CLN5|DTL|IFT56|AMMECR1|SCFD2|GEN1|SMAD2|GNPAT|TMED2|BCAS2|RBM7|CNOT7|LRRN4CL|CHAC2|TPRKB|CTNND1|TDP2|KIF5B|GTF2E1|COPS5|RDH11|PRMT3|DNAJB11|ARMC1|GABPA|RACGAP1|PGAP3|TMEM126B|NEK2|GALNT1|AGPAT5|PIGX|SFXN1|LRRC40|RYK|WBP1|TTC27|KPNA1|ALDH18A1|SCMH1|SUZ12|ORMDL1|POLR1F|PPP3CA|LACTB2|USP4|EXOSC8|TSEN15|RWDD2B|PTPN11|ECI2|YEATS4|ACO1|GPN1|HSF2|PHKB|XRCC5
GSE6092_B_BURGDOFERI_VS_B_BURGDORFERI_AND_IFNG_STIM_ENDOTHELIAL_CELL_UP	0.990879670491321	1	0.210020929244125	0.783306050537956	3367	166	PELI2|FOXO1|RGS2|ATP6AP2|ACOX3|GPR162|SHLD2|SLC38A9|DUSP19|TMEM106B|TMEM143|PEX3|KDSR|TMEM37|KHK|NBR1|ADIPOR1|HSD17B11|LAT2|FCGRT|ALDH9A1|POGLUT3|SOAT1|EXOC6|CTNS|FAM3C|BACH1|ADAM10|TTC33|RFC1|ALDH2|HMG20A|KDM6A
GSE6092_IFNG_VS_IFNG_AND_B_BURGDORFERI_INF_ENDOTHELIAL_CELL_UP	0.680563978168587	1	-0.26136743924327	-0.91623635637077	4488	169	TSC22D3|PLXNB2|CCPG1|GTF2I|CD84|FAM234A|SYNGR1|SLC45A4|PLOD1|TSPAN4|SNX30|ADAM22|TTYH2|TPCN1|SLC27A1|NME3|TNFAIP8L2|FBLIM1|PXMP4|TBXAS1|BIN1|MIB2|ATP13A2|PPARD|PAQR7|SNX8|DUSP7|ABL1|SLC66A2|ENGASE|MCOLN1|ATP6V0A1|IRAG2|NEK6|PNPO|IL6ST|TMC6|TMEM65|SKI|CD81|TPRA1|PLEKHM2|PDXK|PINK1|MCM7|HIP1|ZDHHC14|GNA12|PGAP6|CSRNP2|MSRB1|ADAM8|VGLL4|PLEKHO1|MAVS|PRKACB
GSE6259_33D1_POS_DC_VS_BCELL_DN	0.820476638444653	1	-0.251842731133049	-0.857396161278441	5232	132	H4C4|COX6B2|CCDC12|IFI30|RPLP2|GDPD5|ROGDI|SERF2|INPP5J|AKNA|TJAP1|TXNDC15|RNF181|KCTD10|POLR1C|PALM|RPLP1|MREG|NUDT1|H2AZ2|GSTP1|RPS26|DBN1|EHMT2|NOP53|DNAJC27|CKB|TIMELESS|ITGAE|TRIM11
GSE6259_33D1_POS_DC_VS_BCELL_UP	0.899797413121396	1	-0.24025003905606	-0.820218687327668	5773	134	IL15|RAPGEF5|TMEM117|SELENOM|PABPC1L|RAB33B|CRYBA4|MAP1LC3A|VSIG4|LENG9|RND1|TRIM10|ST6GALNAC6|NDUFS7|FLYWCH1|FOLR2|FRMD6|SLC2A8
GSE6259_33D1_POS_DC_VS_CD4_TCELL_UP	0.843722563652327	1	0.235714562783066	0.880378235920349	2882	167	SETD7|ITGB7|SLC33A1|CETN3|PDIK1L|MNS1|GNB4|TOP2A|LRBA|NAAA|KIF11|GEN1|KNL1|MSH2|UTRN|NCAPG|SLK|FGFR1|KIT|DUSP10|CASP3|RFX7|CD24|PTK2|FBXO45|RABGAP1L|KIF15|HMGN1|RRM1|PRKD3|HMGN3|SEMA7A|ANP32B|DSCC1|RPL4|CDKN3|HMGB1|ARFGEF1|OSBPL3|SMC4|TRIM59|PLAAT3|CENPE|S100A4|RBBP7|H2AC21|ALYREF|RALGAPA1|POLR3C|CCDC88A|NFX1|CTBP1|MACROH2A1|GTF3C6|POU2F1|POLR2M|FMNL1
GSE6259_33D1_POS_DC_VS_CD8_TCELL_DN	0.671475231355471	1	0.260187869133421	0.918098404995997	2466	109	DOP1B|IL10RB|RFFL|IMPACT|XPR1|DCLRE1C|TMEM59|LRP6|DENND6A|SLC19A2|OCRL|FBXO24|SCRG1|SLC40A1|PRRC1|LDHB|TMF1|TMEM50A|ITM2A|ADAM10|MINPP1|IKBKE|MTMR2|PREX1
GSE6259_33D1_POS_VS_DEC205_POS_FLT3L_INDUCED_SPLENIC_DC_DN	0.985126726362119	1	-0.218839720187579	-0.765644879852066	6490	165	PLXNB2|CYLD|ATXN1|GTF2I|P2RX4|TLR6|ADGRE5|SLC29A1|RNLS|SLC45A4|PLXNA2|GCA|KATNB1|ADAP1|CHD3|GET3|TBC1D8|NSDHL|KMT5C|ABHD12|ATP13A2|ABCD1|PLD2|SIDT2|DHCR7|INPP5D|TMEM147|TUBB2B|VAC14|IL6ST|SLC35C2|CLN6|DPCD|NUMA1|SLC25A35|P3H3|DEXI|TGS1|TOR3A|SLC22A5|GALNT2|ENTREP3|MAVS|FRMD4A|CYRIA|TCF7L2|AAAS|HDAC6|ELMO2|DAG1|ANKLE2|PACC1|WDR62|PCYT1A|PDE4DIP|GALC
GSE6259_CD4_TCELL_VS_CD8_TCELL_DN	0.999121522693997	1	0.202048072440158	0.751476643736281	3411	162	FEM1C|BCAR3|DHX58|KAT2B|USP25|C1orf162|NUDT13|MOB3B|PEAK1|CFAP210|CAPN2|SLC44A1|FNIP2|ATL3|SCYL2|IL6R|TGFBI|ATP6V1D|SOS2|DOK3|DYRK1A|LAMTOR3|CAP1|CHD9|CRIPT|GOLPH3L|KDM6A|STX7|ITM2B|SFXN2|WRN|RAB31|REEP3|SYNJ1|ARID1B|EP300|CDS2|GALNT7|TAF3
GSE6259_CD4_TCELL_VS_CD8_TCELL_UP	0.845651843982395	1	-0.243810051775407	-0.853007477976585	5571	165	H4C4|TAGLN|TCN2|H2AC15|LAMA5|TSPAN4|MICALL2|GPX8|CLIP3|ITGAX|PLXNA4|COLEC12|PDLIM7|RND1|PCOLCE|HSPB1|TIMP1|TSHZ2|COBLL1|TRIP6|CTSD|RPS10|ZBTB20|TSKU|NPDC1|RPLP1|NOP16|WDR83OS|EPHX1|TSC22D1
GSE6259_DEC205_POS_DC_VS_BCELL_DN	0.91247700797057	1	-0.236525562481751	-0.822872166009816	5952	158	TMCO4|IL15|IRF7|IFI30|PSMB9|SH3BP2|GRN|GSDMD|IFI16|IFIT2|CYBA|ICAM1|LGALS3BP|MIF|TXNDC16|GBP2|TSPO|ISG15|RPS18|PSMB10|PHF11|NOM1|POLR1C|TMEM199|MYBBP1A|PFDN2|NMRAL1|CACNB3|IL15RA|TNIP1|TMBIM6|PSMB4|SNAPC4
GSE6259_DEC205_POS_DC_VS_CD4_TCELL_DN	0.748540637629097	1	-0.253004612063374	-0.896415714089937	5000	183	GAA|EXT1|QSOX1|ZDHHC12|ANKH|B3GNT8|SNHG32|GABRG2|SLC23A3|PNPLA1|NRM|ACVR1B|EXOSC4|PRKCSH|FYN|DDRGK1|RBM38|SMARCC2|SCARB1|FBXO41|KCNK6|PMF1|MED24|ABHD12|GATD1|POLR1C|ENTPD6|ITFG2|COX16|RPL36|ERAL1|RNF220|FBXO10|ARHGEF1|AP1B1|CHERP|APEX2|DHX30|LMNB2|SH2D2A|MCM2|PYM1|PKD1|TTC13|TUFM|VAMP2|REXO4|EXOC2
GSE6259_DEC205_POS_DC_VS_CD4_TCELL_UP	0.947699685298966	1	-0.228495448759067	-0.808083555670487	6323	180	STS|ABRACL|KLC3|SPON2|FAM193B|CARF|TMEM52|KCNK5|GIPC3|MFSD2A|S100A5|PKN3|SNX21|NPAS1|EMP3|CNTROB|WDR83|TIRAP|SLC2A8|NSDHL|LSS|POU6F2|PRF1|PSMB10|LPIN2|JUNB|DMBX1|TMEM120A|CCDC61|SELENOS|CDCA3|IL18RAP|PPP1R18|FZR1|WRAP73|RNF145
GSE6259_DEC205_POS_DC_VS_CD8_TCELL_UP	0.999700104963263	1	-0.197145370861011	-0.695823914319929	6666	177	RAB4B|PDE2A|CD37|PSMB9|RPLP2|MICOS10|LYPLA2|SLC41A2|TPD52|SORBS2|RDH12|SPATA6|IRF3|ATP2A3|EMC4|MAP4K1|BIN1|CSRP2|TSPO|UQCRQ|NECAP2|ITGB1|MYL6|RPS23|SMIM14|IRAG2|NUBP2|DTNBP1|ANAPC2|AP1M1|TMEM128|MED16|TIMM17B|TUFM|PRKRIP1|RDM1|ANTXR2|PLEKHO1|ANGEL2|RHOG|SMAGP|MRPS26|NOP56|MLF2|DRAP1
GSE6259_FLT3L_INDUCED_33D1_POS_DC_VS_BCELL_UP	0.875563570784491	1	-0.238739187314674	-0.848696387529212	5825	192	SLC30A4|RAP1GAP2|CDPF1|AARSD1|UQCR11|AKNAD1|NDUFB2|MTG1|TNK2|ITIH5|NSUN5|CASQ2|PHB1|SDF2L1|ZNRD2|C3orf80|ADAP1|PIGU|EXOSC5|CRLS1|PSMB5|DDX39A|CAD|RPP14|ENO3|WDR18|UXT|NOP16|DDX31|SELENOI|CLUH|PSMG3|ARMC6|ZNF428|OGFOD3|POLR1G|FBXO31|NUBP2|NINJ1|EMC6|RPL35|MRPL21|PARP1|CHCHD1|MRPL46|NOC4L|GCAT|EIF2B5|UQCC6|FAM185A|NAF1|RSAD1|PES1|TXNRD3|METTL13|FXN
GSE6259_FLT3L_INDUCED_33D1_POS_DC_VS_CD8_TCELL_DN	0.916052094774831	1	-0.238317188822623	-0.805528753207522	5837	123	LAG3|ANPEP|IFI30|CATSPER4|AXL|ODAD4|LYPLA2|ITGAX|NAPSA|PILRA|TBC1D8|AKNA|ATOX1|NOP16|YJU2|PLPP5|SLC35C2|NR2F6|AP1S1|MICAL1|NCLN|CTSZ
GSE6259_FLT3L_INDUCED_33D1_POS_DC_VS_CD8_TCELL_UP	0.999686961965879	1	-0.19160143921311	-0.652172704005947	6386	131	TMEM117|RASGRP3|TSPAN5|ZFPL1|GRN|EPS8|LENG9|EMP3|FOLR2|CCL24|YPEL1|GNA11|CTSD|SIRT6|SLC35E3|ATP6V0A1|TENT4A|PCK2|NELFB|ABHD2|SERPINF1|TBC1D10B|BLOC1S5|CTU2|SPTLC2|SMAGP|SERINC3|SLC12A2|BIRC5|RRAS
GSE6259_FLT3L_INDUCED_DEC205_POS_DC_VS_BCELL_UP	0.8165417707466	1	0.24241828786268	0.877866868415121	2941	130	GPR160|BCAR3|LY6G5C|PALMD|ATG4C|TBC1D2B|USP2|CTSK|DDR2|FBXO30|LRP6|GSTM2|P2RX7|DSEL|SGCB|LRRN4CL|DKK3|INPP4B|ERCC8|BEST1|PHTF2|WT1-AS|AKIRIN1|MON2|RB1|IKBKE|MFAP3L|SCN1B
GSE6269_E_COLI_VS_STAPH_AUREUS_INF_PBMC_UP	0.765090230242688	1	-0.25704754768584	-0.878416969556398	4917	135	MTCL1|TSC22D3|PITX1-AS1|DIPK1A|STOML1|CYLD|PIK3C2B|EEIG1|PLSCR3|APOC1|DCHS1|RPL13A|SRR|TMEM161A|SEMA4F|ID3|GAL3ST4|HPGD|LPIN2|DHRS3|RPS23|PTCD2|TTC28|IL6ST|APTX|ADGRL1
GSE6269_FLU_VS_STAPH_AUREUS_INF_PBMC_DN	0.979304397815464	1	0.217623578732866	0.801793417483147	3406	151	PELI2|CD36|SLC22A4|LGALS3|NPL|LAMP2|HIF1A|PPT1|BNIP3L|CPD|KLF10|EGR1|ARF4|ADIPOR1|SDCBP|SEMA6B|EMILIN2|C2|ABCC6|DAZAP2|GNG10|RHOA|ACSL1|CREG1|SAMD4A|TFE3|S100A10|GLUL|CD93|VAMP3|PLBD1|ZFAND5|RAB1A|RIOK3|LAPTM4A|SUMO3|RNF130|VIM|SERPINB1|MPP1|RAB20|EIF1|MACROH2A1|MIR22HG|FTH1|FHL3|MICAL2|PLD3|GK|IMPA2|PPIF
GSE6269_FLU_VS_STREP_PNEUMO_INF_PBMC_DN	0.875579598145286	1	-0.242412288580609	-0.834247408024807	5664	143	IL17B|CRIP2|ATRN|RDH16|PHYHIP|PLPPR3|TWIST1|MYL11|SH3PXD2A|ETHE1|ECI1|SLC19A1|HFE|DUS2|FHL1|NRG1|ACSBG1|NOL3|AFDN|AGPAT2|GPAA1
GSE6269_HEALTHY_VS_STAPH_AUREUS_INF_PBMC_DN	0.936537276648182	1	-0.232867378995008	-0.806743440540034	6079	153	IL17B|CFAP45|ATRN|MYL11|ETHE1|NXF1|ICAM5|ATG9A|SLC6A8|DOCK6|OXCT2|VENTX|NRG1|PKP3|CSNK1D|DDO|ACSBG1|NOL3|SDC4|DEF8|PLD2|NENF|SPATA2L|MBOAT7|TUBGCP2|NPHP4|DUSP9|LMNA|AP1S1|QARS1|ATP6V0B|PINK1|TMA7|GNA12|KCNQ4|PTDSS2
GSE6269_HEALTHY_VS_STAPH_AUREUS_INF_PBMC_UP	0.949264255058246	1	-0.230034988845119	-0.800291467623639	6192	158	STOML1|IRF7|CD37|SPPL2B|IFITM1|NXF1|IFI35|IFI16|HERC6|KLF12|CXXC1|GLG1|LGALS3BP|IL2RG|CHD4|DCAF15|CRYGS|SHFL|TMEM255A|MX1|IFITM3|SEMA4F|ISG15|SP110|LPIN2|RHOB|AP3D1|OAS3|CMTR1|RAD50|SMARCA4|PARP12|ATP6V0A2|LY6E|TGS1|PRR5|BRD2|EIF4G1
GSE6269_STAPH_AUREUS_VS_STREP_PNEUMO_INF_PBMC_UP	0.973321858864028	1	0.219453307319021	0.809491475575198	3392	152	NXT2|ETV2|CFAP410|BCAR3|MATCAP2|HLA-B|PARP11|THAP9|DCAF13|ETV5|ATP1B1|CTSF|SAGE1|SCARF1|SLC26A4|C2|SYT11|AKAP4|RPS6KA2|MTMR12|TIMM23|PPFIBP1|AKIRIN1|MEG3|NF1|PPP4R3B|ABCB7|BMP2K|RABGAP1|UBE4B|RAE1|SEPTIN8|ALDH1B1|BTBD7|FBXO11|PHF8|CASKIN2|EIF2AK2|OPTN
GSE6674_ANTI_IGM_VS_ANTI_IGM_AND_CPG_STIM_BCELL_DN	0.98036253776435	1	0.215629438379286	0.824514106017691	3244	197	C3orf18|PRNP|EXOC5|PANK3|ABHD17B|PRPS2|ZNF608|PPP1R3B|NOL11|MTHFD2|NDFIP2|UTP18|SYPL1|FBXO30|FNIP2|HSPA4|HK2|HOMER1|PSMG1|HBEGF|PPHLN1|WDR36|LRP12|ZNF507|NARS1|TARS1|ACLY|EIF2S1|NIP7|CAND1|MYC|UTP15|IDH3A|UBQLN1|MAK16|GOLGA7|GNL2|KIAA1191|CNDP2|SPRED1|XPOT|GARS1|FAM118B|FARSB|TMCO3|UTP25|YAF2|HSPA9|CDK6|DIMT1|EEF1E1|BTG3|DEGS1
GSE6674_ANTI_IGM_VS_CPG_STIM_BCELL_UP	0.854687971058185	1	0.232985117469027	0.883901475368859	2834	188	ARRDC3|TSPAN32|CCNG2|MBNL2|TCF7|ZNF436|TMEM106B|KLHL24|RNF13|DHX40|OTUD1|L3MBTL3|PAIP2|LZTFL1|NBR1|ZNF274|DAPK2|TOB1|ADD3|LRRC28|ZNF512|NDC80|BCL9|RBM4B|PXYLP1|HECA|TDRP|DUSP10|ZFAND4|ASB3|NATD1|USP53|ANKRD46|VIPAS39|CTNS|NEU3|ACBD5|NEK1|ATG12|CEP120|IKBKE|MASTL|SERTAD3|NGLY1|TMT1A|SGMS1|ZYG11B|POT1|USP28|SPOP|SENP7|PNPLA8|MDM1|SH3YL1|PGM2L1|CCDC28A|ASAP1|ATOSA|STK38|PIP4K2A|CDIN1|KIAA0040|HROB|BCL2L11|GPATCH8|OXR1
GSE6674_ANTI_IGM_VS_PL2_3_STIM_BCELL_UP	0.999405999405999	1	0.195967512469342	0.749602207307523	3364	195	SERINC5|ZNF708|RGS2|SESN3|DNASE1L1|HSDL2|ZNF436|PDE3B|KLHL24|STXBP3|RFX5|ZFAND1|TOB1|ZFYVE26|BCAS2|INPP5K|SLC39A1|DCAF6|TRMT10B|MAD2L1|HSD17B11|GFI1|SMIM20|INTS12|SFXN4|CEP44|CSRP1|NME7|ETFDH|RAB2B|FAM3C|DARS2|TTC33|GOLPH3L|PSMD10|SKP1|SUGT1|RIDA|SLU7|NGLY1|CDKN3|CHRAC1|TMT1A|TRIM59|CEP70|TMEM167B|TFDP2|SPOP|DSN1|MDM1|USF1|GLO1|ZC3HAV1|MPP1|STK38|HEXB|KIAA0040|TBC1D4
GSE6674_CPG_VS_CPG_AND_ANTI_IGM_STIM_BCELL_UP	0.961716763870196	1	-0.22563558819745	-0.80010190528784	6430	185	IFT122|PYCARD|PSMB9|TAP1|GRN|COMMD4|TECR|PHPT1|IFT140|HYLS1|IFIT2|NSG2|CIB1|NUDT16|CYTH3|IFT27|TXNDC16|GAS2L1|G6PD|MZT2B|ATOX1|LARS2|DDT|TAP2|CTSD|SHISA5|TRAPPC1|ABCD1|BABAM1|ATP5IF1|PARP3|CDCA3|DHCR7|TAPBP|TUBB2B|NUDT1|TROAP|TMBIM6|CCNF|CPT1A|CCDC28B|FAAP24|MCM7|TOR3A|EXOC2|KIF2C|MGAT1|APOBEC3B|CNPY2|CEMIP2|LACTB|TCTA
GSE6674_CPG_VS_PL2_3_STIM_BCELL_UP	0.876406179691015	1	-0.239130692090297	-0.848939824587338	5842	189	MXD3|BCO2|CEP83-DT|RETSAT|PYCARD|AXL|RPGR|H2BC13|DHRS1|GRN|OTUB1|COMMD4|DGLUCY|PHPT1|IFT140|HYLS1|JMJD8|TMEM38A|PPP1R16A|TXNDC16|PEX7|HIGD2A|TRPM1|TMEM101|MZT2B|TSPO|ROM1|ZFYVE19|MXD4|ADCK5|RILPL2|ACAA1|MPV17|AAMDC|CNP|EVL|SIRT4|NUDT7|EIPR1|DPCD
GSE6674_PL2_3_VS_ANTI_IGM_AND_CPG_STIM_BCELL_UP	0.813817855540601	1	-0.246019618184026	-0.872383504835122	5441	185	IL21R|SPMIP8|WASHC1|IFI30|UQCR11|CTRL|TBKBP1|TNK2|PDCD1|RGS3|LYPLA2|DYRK2|PPARG|S100A5|HRC|PTK2B|PIGR|ACP3|AXIN2|DPP3|AMPD2|FRMD8|UNKL|POLR3K|SGK1|PDP1|DUSP7|SUSD3|INPP5D|ZBTB1|GDPGP1|AKT2|ID2|TK1|DTNBP1|TMC6|INTS5|RRP1|SAPCD2|ATP6V0A2|HIP1|ATP5MC1|DNMT3A|IRF1|HNRNPM|ABHD16A|LANCL2|SNX15|SAE1|RAB27A|ELMO2|ARRB2|MAOA|RXRA|TMEM39B|TNNI3|DDX11|TUBB4B|EMG1|FNBP1|DIS3|MAD2L1BP|CDCA4|ATP8B2|NAA40|SLCO4A1
GSE6674_UNSTIM_VS_ANTI_IGM_AND_CPG_STIM_BCELL_UP	0.992408454897291	1	-0.212817774611659	-0.759702869728959	6666	198	MXD3|TRIM45|SMAD7|PNKD|CCPG1|CYLD|CHST12|D2HGDH|ATG9A|RDH12|IFT27|CYP2S1|TMEM38A|RIPOR1|TMEM107|TTLL1|BCL6|KLHL32|DDT|IL16|KCNN4|RNF181|SELENBP1|FBXL20|GATD1|GRHPR|SLC39A4|STX5|SDC4|RILPL2|OXLD1|SLC37A4|MAF1|WRAP73|GIT2|TNIP1|PAFAH1B3
GSE6674_UNSTIM_VS_CPG_STIM_BCELL_DN	0.969799172160049	1	-0.224787757735228	-0.778433714487808	6325	151	LAT|PDE2A|ENC1|QSOX1|TRPV2|SLC29A1|NBEAL2|H4C3|CTHRC1|CCK|HSPB6|HSD17B10|INPP5J|NME3|HIGD2A|RBM38|FHL1|AKAP8L|LRRC45|LSS|DVL1|ABCD1|TOMM7|THAP3|GRIPAP1|MPV17|NSMF|SUSD3
GSE6674_UNSTIM_VS_PL2_3_STIM_BCELL_DN	0.843510366373189	1	0.237293267578104	0.879416979654211	2969	155	ZBTB12|CD70|CCL2|MBNL2|PLK4|ADPRH|TBC1D2B|CTSK|RANBP2|SLF1|UTP11|DDHD1|HNRNPH2|SCARF1|GFI1|LDHD|PDE4D|ACSL4|BEST1|TMEM38B|TCAF1|LCP1|PHLPP2|TRIP11|RABGAP1L|COPS4|GOLPH3L|NOD1|MTF2|USP12|EMD|RAB1A|BLM|CENPJ|SGTB|KPNA1|SMURF1|IL18|USP15|MORC3|CD82|TOP1|TCEA1|PPP1R15B|MACROH2A1|RHOC|USP37|ASF1A|ZCRB1|CAB39L|ADAM17|NAGA|NDUFS4|EEF1AKMT2|DEDD|SCO1|SMCHD1
GSE6674_UNSTIM_VS_PL2_3_STIM_BCELL_UP	0.999174008810573	1	0.199444737997825	0.714342970841145	3628	121	MEIS1|GABRR2|DNAJC28|TRUB1|KIF20B|ITSN1|TMEM106C|KCNS3|TMEM176A|GRIP1|NPAS3|SLC25A3|TAF1A|CELF2|FAHD1|LIN28B|ACAT1|CENPI|SMPDL3A|GART|ITM2B|NGLY1|BZW2|POLR1B|SUCLG2
GSE6875_WT_VS_FOXP3_KO_TREG_UP	0.769900871132472	1	0.241260019911871	0.909456192439153	2562	180	PITPNC1|HECW2|PGAP1|ZBTB22|GPR174|EMSY|STT3B|FGF13|NCOA3|ZBTB33|ABHD17B|AMZ2|PTBP3|RALGAPB|SIAH1|AKAP12|ARF4|MXI1|ETV5|ZNF821|PXYLP1|SYCE1L|MTSS1|TMEM176B|RNF144A|BMF|RAP1B|TARS3|RHOA|PIP5K1B|KDM3A|PIK3CG|KMT2E|NF1|PAK1IP1|MAN1A2|MAPK9|GALNT1|ABCB7|NT5DC1|BRWD1|AGO1|ACACA|RAB6B|SMC4|SNX29|SEC63|ANKRD33B|IDI1|RAB35|VIM|N4BP2L2|NSMCE4A|POLR1F|RAP1GDS1|MBD2
GSE7218_IGM_VS_IGG_SIGNAL_THGOUGH_ANTIGEN_BCELL_DN	0.704836964920414	1	-0.262588815244529	-0.903056942754845	4560	142	LAT|PLAT|CIITA|AKNAD1|IFITM1|KCNK5|GSDMD|IFI35|IFIT2|CSF2|CIMIP2B|MFSD2A|TMEM163|ICAM1|HSPB1|APOL6|NRG1|BATF2|IL18BP|TSPO|FILIP1L|DGKA|TREML2|MRAS|PARP3|IL18RAP|TAPBP|CD3D|OGFR|IFNGR1|PARP12
GSE7218_IGM_VS_IGG_SIGNAL_THGOUGH_ANTIGEN_BCELL_UP	0.898039215686275	1	0.229787616387479	0.864368337399461	2976	178	TMTC3|PREX2|POC1B|KLHL13|ZBTB22|PLK4|REV3L|TMEM106B|PBK|KIF11|KNL1|WDR35|METAP2|TJP2|FNTA|PROKR1|NUP160|PLXND1|FEM1B|COPS3|TSPAN12|PTPN14|FSTL4|DLAT|PGM2|CTNND1|PAPSS1|WDR36|PHTF2|SCAMP1|ZMAT3|NNT|ACAT1|DARS2|CMAS|RACGAP1|NRF1|BRWD3|IVNS1ABP|SLC30A9|LRRC40|WEE1|DDX20|SHCBP1|IQGAP3|POLR1B|BLM|INTS7|LTA4H|CCNB2|BUB1B|GFM1|BICD2|GNE
GSE7218_UNSTIM_VS_ANTIGEN_STIM_THROUGH_IGG_BCELL_UP	0.982905982905983	1	-0.21860530885359	-0.771566692300687	6554	177	PCBP4|PBX3|TCN2|PLA2G6|CUBN|RAB34|RASGRP3|RNF170|DTYMK|SGIP1|ANO3|KIRREL1|FRMD3|PIGU|POMT1|PMPCA|SCAP|TRMT1|PPP6R2|SLC4A2|ALG3|ARHGAP39|MOSPD3|EPHX1|CERS5|ARHGAP6|H2AC25|GTSE1|H2AZ2|GSTP1|ATP6V0A1|SLC35C2|LMNB2|MICAL1|OXA1L|PARP1|BCKDK|SPRY4|KIF2C|GTF2IRD1|DHCR24|TOM1L2|ARSB|H2AZ1|FANCD2|MGAT5|SLC25A10|RHBDD2|CLPTM1|BAG6
GSE7218_UNSTIM_VS_ANTIGEN_STIM_THROUGH_IGM_BCELL_UP	0.668912415784408	1	-0.277061333685158	-0.905194214583971	4169	95	MEIS3|STX1A|RDH16|OSBPL5|PDLIM7|HSD17B10|HPS1|FOS|IER5L|PGF|TKTL1|INPPL1|CTSA|NFKBID|DNTTIP1|PHRF1|SFMBT1|IL18RAP|KLF13|FBXO31|RUSC1|FSD1|DNAJC27|KDELR3|CCDC28B|ANKRD11|WDR59
GSE7219_UNSTIM_VS_LPS_AND_ANTI_CD40_STIM_DC_DN	0.692107678189049	1	-0.261417821971456	-0.910762982173422	4524	159	SRGAP3|B4GALNT4|SELENOM|NCEH1|IFITM1|NDUFB8|GPR68|SH3BP2|TCIRG1|IFITM2|ZC3H12C|CD101|SLC41A2|TMEM163|CIB1|RDH12|ENTPD1|IFITM3|CSGALNACT2|ASNS|DGAT1|WDR13|ARHGAP39|ITGAV|ERN1|GRINA|RNF149|PGGHG|DCUN1D3|TLCD1|NEK6|SLC20A2|CAPG|NINJ1|ST8SIA1|DDX59|ITGAE|METRNL|HIP1|CDKN1A|ADAM8|LDAF1|KARS1|NFKBIE|PRKACB
GSE7219_WT_VS_NIK_NFKB2_KO_LPS_AND_ANTI_CD40_STIM_DC_DN	0.664917541229385	1	-0.261753499101542	-0.924761094034475	4434	179	TNS2|TEP1|PLCB4|MGAT4A|ITGA4|CD37|PYCARD|SELENOM|PPFIBP2|ELMO3|IGIP|MAPK11|SH3PXD2A|CD48|TMCC3|RDH12|GBA2|ZNF229|NAPSA|PTGIR|LGALS3BP|ARHGAP26|ECE1|PTPN3|GBP2|ITGB5|CTSD|GPR107|SIL1|ERN1|FLNB|TANK|SPIRE2|SMARCA4|HS3ST3A1|PARP12
GSE7348_UNSTIM_VS_TOLERIZED_AND_LPS_STIM_MACROPHAGE_UP	0.984966753396936	1	0.214631346531627	0.79761730928185	3406	160	ARL11|PRKCH|ZNF708|ACOX3|RMI1|MDP1|RAB3A|STARD9|IMPACT|MEF2A|KLF10|H2BC21|IPO7|SCAF8|LRP6|RIF1|LIPT2|ARHGAP27|PDS5A|TCF12|ETV5
GSE7400_CTRL_VS_CSF3_IN_VIVO_TREATED_PBMC_DN	0.691633947447901	1	-0.259832297220364	-0.913758894101098	4579	173	SEMA4G|ANKRD33|TIMM8B|ITGA7|ROMO1|KLF7|GALNT14|SEC14L4|ARHGEF17|APH1B|EXOSC4|SCAND1|FBXL19|TIMP1|PGS1|LRPAP1|HOXC13|TSPO|ROM1|ATOX1|MROH6|SLC22A23|STXBP2|MSRA|NOL3|ACAA1|VKORC1|DDAH2|MYL6|GRINA|NDUFC2|P4HA2|GIT2|USB1|PEF1|TMEM92|ZNF219|S100A6|CHCHD1|UPP1
GSE7460_CTRL_VS_FOXP3_OVEREXPR_TCONV_1_DN	0.670276774969916	1	0.248621172035138	0.938531071185502	2227	182	PLA2G3|CFAP410|ABTB1|UAP1L1|ARL5A|PRPS2|TBC1D2B|FAM174A|RASGRP4|KDSR|ARL8B|PEAK1|RFX5|SLC44A1|GRK4|NFAT5|PLGRKT|ERP44|CD164L2|TAPBPL|ACER2|F5|SLC5A11|ELL2|MICALL1|ARV1|IFT57|SFXN4|WAC|B3GNT2|GPBP1|SCAMP1|ACBD4|IFTAP|DECR1|UBE2D3|AFTPH|ELOVL6|PPP1R16B|ZC3H11A|TTLL4|SCN1B|CNN1|SLC9A5|NMI
GSE7460_CTRL_VS_TGFB_TREATED_ACT_FOXP3_MUT_TCONV_UP	0.999704142011834	1	0.197169165136577	0.739991968242208	3378	173	ALX4|BATF|DOK2|CSTA|GPR174|POGLUT1|BLTP3B|TFAP4|ST8SIA6|WSB2|PLXND1|AP5B1|SH3PXD2B|PDE4D|PLXNC1|AUH|PCCA|SAMSN1|STAU2|MCU|GRK5|RAP2C|USP45|PLEKHA8|KCTD6|RBPJ|RAPH1|PTP4A2|ZCCHC10|FILIP1|CMAS|CITED2|CETN2|SGMS1|GTDC1|SEPTIN8|GYG1|ZNF281|EFHD1|VSIG10|LYRM2|NDFIP1|EP300|PHF10|MRPL33|SOS1|CD82|FOSL2|LACTB2|KTN1
GSE7460_CTRL_VS_TGFB_TREATED_ACT_TCONV_DN	0.689675870348139	1	0.247704484748595	0.932952531559572	2297	179	TTC39B|STK38L|MYL9|LPXN|CAMKMT|CD40|BMPR2|SESTD1|UBLCP1|P2RY1|EEF1AKMT1|ZBTB18|CPD|ZNF277|SYCP2L|FMNL3|SLC44A1|GRK4|NFAT5|SKIL|ODR4|PREPL|ATG10|NIPAL1|ATP6V1G2|MMP11|ACVR1C|KIT|ELL2|CNIH3|TGFBR1|TMEM230|ENDOD1|CASD1|CHD9
GSE7460_FOXP3_MUT_VS_WT_ACT_TCONV_DN	0.709745127436282	1	-0.256894216735781	-0.907593509676643	4733	179	FOXD2|CCR7|SLC30A4|LATS2|SYTL1|SNN|HDAC10|MAPK11|KCNAB3|SH3PXD2A|TEF|KLF7|TMCC3|TMEM8B|FOS|CAMTA1|ESR1|USP20|ID3|RAMP1|FILIP1L|ZNRF3|IL17RA|LRRC61|DUSP7|EPHX1|SFSWAP|AAMDC|PDLIM4|BTD|NUDT14|CASC3|IFT46|TMC8|GRAMD4|ABHD8|ALDH6A1|C9orf72
GSE7460_TCONV_VS_TREG_THYMUS_UP	0.889056376243594	1	0.230471181272107	0.869101557798113	2948	181	PITPNC1|PTPN6|GPR137B|ZNF14|ZNF483|PEX12|EIF2AK3|ZBTB33|PDE3B|OTUD1|EGR1|EXPH5|TMEM59|AAK1|IRGQ|TAPT1|APOL2|DMTF1|BCAN|RCBTB2|TANC1|TDRP|PIGK|CEP97|SLC20A1|SLC30A1|NFE2L2|CNOT3|RAP2C|ARL5B|NRAS|ELK1
GSE7460_TREG_VS_TCONV_ACT_DN	0.84284192910391	1	-0.24467551664864	-0.85494772116219	5539	163	SLC30A4|RHOBTB2|FNDC11|GTF2I|TSPAN5|TSPYL2|TECR|SMAD6|AEBP1|SIGLEC10|DENND11|SLC52A3|GDF2|TNFRSF1A|B3GNT9|HOXC13|PXMP4|RRP12|MERTK|HPCAL1|PPOX|DHCR7|FBXO10|AKT2|TFR2|IRAG2|POLRMT|SPHK2|PDXK|BCORL1|SEC24C|TBL1X|OTULIN|ALKBH3|TTLL12|ACSS2|AP2A1|ASPSCR1
GSE7460_TREG_VS_TCONV_ACT_WITH_TGFB_UP	0.750431282346176	1	0.244377259103686	0.907121841653765	2609	158	TMTC3|ZC2HC1A|VAV2|MYO3B|GPR85|CNR1|FGF13|GNB4|TBC1D2B|CPD|PPM1B|NDFIP2|FBXO30|SVIP|CBX3|DYNLT2|RNF182|IL1RL1|BRINP3|SERPINE2|KIT|EGR2|SHTN1|SLC18B1|SKAP2|TGFBR1|REL|BTBD8|FAR1|MEGF9|RB1|ATP6V0E2
GSE7460_WT_VS_FOXP3_HET_ACT_WITH_TGFB_TCONV_DN	0.945098039215686	1	0.223309167354627	0.839999024955702	3132	178	TRAPPC2B|ZC2HC1A|PLEKHM3|LGR4|MYOM1|BMPR2|HSDL2|CPD|HIC1|DOCK7|FBXO30|RIF1|SVIP|CBX3|PERP|TTC39C|C1S|KIT|ELL2|SHTN1|MRPS31|SKAP2|PDE12|DSG2|TGFBR1|CASP3|MED7|SAMD4A|SCAMP1|NEU3|SNW1|MEGF9|HMGN3|SUGT1|PPWD1|KCTD11|GGH|PRXL2A|PLSCR1|ITPRIPL2|CHORDC1|RYK|PLAAT3|GABARAPL1
GSE7509_DC_VS_MONOCYTE_WITH_FCGRIIB_STIM_UP	1	1	0.193500240175008	0.739505247976411	3318	196	STK38L|CCNG2|TGFBR2|RGS2|CREBL2|ZBTB18|PTGS1|PPP1CC|FAM13A|LRPPRC|RMND5A|XPO7|PLXND1|GATA6|ALDH9A1|DUSP10|VWA5A|LIMK1|UBXN7|CCNH|AASDHPPT|NARS1|PTP4A2|PIGC|HMGN1|TOGARAM1|MEGF9|SPTSSA|SLF2|TMEM243|SNAPC5|ANP32B|TTC3|PARK7|MAPK14|API5|GLT8D1|XPOT|MBD4|UBE4B|STARD7|BTG1|ZNF318|ACSM3|AKAP10|NCOR2|NPRL2|POLR3C|FOXO4|MAP2K1|NCAPD2|CCDC93|HMGB2|CALCOCO1|RYBP|FMNL1|AQR|PRCC|MDH1|ZHX3|CTDSP2
GSE7509_UNSTIM_VS_FCGRIIB_STIM_DC_DN	0.857120814689091	1	-0.244584412354221	-0.848379560271261	5554	155	RINL|TEX14|CIITA|PSMB9|IFITM1|SH3BP2|TRPV2|GSDMD|NBEAL2|UBL7|IFIT2|CYBA|ICAM1|ENTPD1|ESR1|MYO1G|BATF2|TSPO|ISG15|PRF1|CST3|SP110|GMFG|PSMB10|SDHAF2|PARP3|VPS11|IL18RAP|MALT1|OAS3|IL15RA|ID2|CD3D|USB1|IFNGR1|PPP6R1|SH2D2A|PSD4|CPT1A|CLEC2D|CTSH|ESYT1|IRF1
GSE7509_UNSTIM_VS_FCGRIIB_STIM_MONOCYTE_UP	0.818740849194729	1	0.238938184408893	0.888681899864281	2795	162	NIPSNAP3B|CD69|LONRF1|CDH18|EIF2A|HACD2|CLDND1|DARS1|ME1|PPP6C|GDI2|HPRT1|C18orf32|MRPL39|TCP1|SCN4A|LRRN4CL|MRPL15|CNBP|GTF2H2|CALM2|LAMTOR3|COPS5|CDK2AP1|ACTR10|CRIPT|COPS4|HSPD1|NIFK|SKP1|PSMA2|GDE1|MRPL38|LSM3|MRPS33|PIGX|VTA1|UBE2A|FDFT1|FUCA1|GHITM|ACOT13|LLPH|SUMO3|SARNP|SUMO2|HIBADH|PRMT5|PSAT1|PGK1
GSE7509_UNSTIM_VS_IFNA_STIM_IMMATURE_DC_DN	0.660393498716852	1	0.253285563345479	0.930333621022846	2315	146	AIM2|PTPN6|PRKCH|CD69|TNFRSF14|IL12RB2|DOK2|KAT2B|CORO1A|GNB4|CCRL2|IL18R1|EIF4E3|PARP11|PNPLA7|RNF115|IFIT3|CD96|SLAMF7|PLA2G4C|PLA2G4A|ATP8A1|ELL2|RBM43|ACER3|VWA5A|CHSY1|KLRG1|PIK3CG|KLHL6|SEMA7A|NOD1|C6orf62|SCN1B
GSE7509_UNSTIM_VS_IFNA_STIM_IMMATURE_DC_UP	0.989757096868598	1	0.210967856504311	0.787950931636313	3381	167	GPD1|MYL9|TAMALIN|CCN1|ALDH1L2|ANLN|CDCA7|LDLRAD3|USP6NL|TMED2|SC5D|PPIL1|FAM174B|ARSG|PERP|FRZB|TSPAN12|LRRN4CL|RPS6KA2|RNF144A|INSIG1|PGM2|CKAP2L|PKP2|PIP5K1B|STAU2|CDK1|ZDHHC2|CDK2AP1|DBF4|NET1|EEFSEC|ELOVL6|STARD4|RACGAP1|NEK2|PRR11|RSL1D1|NACA|CKAP5|SHCBP1|LMNB1|REEP3|FUCA1|TBL2
GSE7509_UNSTIM_VS_TNFA_IL1B_IL6_PGE_STIM_DC_UP	0.982637329741057	1	-0.218070617051312	-0.772641756653509	6564	183	WFS1|RNASEK|ENC1|MAP1LC3A|WDR46|ATP9A|AURKB|NOP2|LIG1|TBCD|MMRN2|ITGB5|CAD|GUK1|WDR18|MSRA|CHID1|POLR1C|BOP1|TRPC4AP|MOCS1|TAPBP|OSBPL11|NMRAL1|MBOAT7|AFG3L1P|HSPBP1|BTD|GIPC1|GPR180|THOP1|LMNA|DHX8|SAMD8|MTCH1|CKB|NOL6|KDELR3|COG7|ABHD8|MED16|MCM3|MCM7|DOLK|MGAT1|CEMIP2|URB2|MRPS28|PTPA|RHOG
GSE7548_NAIVE_VS_DAY28_PCC_IMMUNIZATION_CD4_TCELL_UP	0.854298642533937	1	0.234159374036682	0.880813126505865	2831	178	GPR137B|TRAPPC8|DNAJC6|CLDND1|TLE4|STXBP3|CPD|PIK3C2A|PIK3CA|PLCL1|METAP2|RMND5A|CAMTA2|MED13|UFL1|RRAD|SERPINB5|LDB3|ATP6V1D|RAP1B|RAB5A|PLS1|VWA5A|TAF1|PPIG|GTF2E1|ZNF292|ZNF623|PIGH|RDH11|RBPJ|CCT4|TCP11L1|RRM1|PRR3|FBXO28|ATG12|SECISBP2L|RO60|SERINC1|ARL4A|PTEN|MAPK14|PTPRA|PLCB1|GLT8D1|HTATIP2|ATP6V0E1|CCT6A|TRAK2|SUN1|BAG5|RRAGB|CORO2A|ANKRD17|CLIP2|PAIP1|BCL2L11|PYGB|ACADM|CEP350|TERF2IP|FMNL1|BAG1|PRCC|NPEPPS
GSE7548_NAIVE_VS_DAY7_PCC_IMMUNIZATION_CD4_TCELL_DN	0.80349932705249	1	-0.247198303657934	-0.876563113650127	5372	185	LAG3|IRF7|MT2A|APOL1|TAP1|IFITM1|ARID5A|ADGRE5|UBA7|NXF1|IFITM2|IFI35|IFI16|IFIT2|GCA|MNDA|TGM1|PTK2B|CMKLR1|MX1|FAS|IFITM3|TRIM26|SP100|ISG15|IGF2R|SP110|MICB|TRPC4AP|MALT1|TSC22D1|SHOC2|IL15RA|CMTR1|SASH1|MDK|OGFR|FLOT1|TENT4A|SRGAP2|DUSP5
GSE7548_NAIVE_VS_DAY7_PCC_IMMUNIZATION_CD4_TCELL_UP	0.986381322957198	1	-0.216742313073147	-0.768466648772213	6590	186	PPFIBP2|MAPK8IP3|DHRS1|TLR6|TRAIP|ECI1|MAST1|KLF7|ATG9A|TOP3B|MPG|JAG2|RGS14|MDFIC|TBC1D8|NSDHL|ID3|MXD4|SNU13|TSFM|DGKA|XPC|NACC2|RHOB|CRTC1|RAB40C|HMGN2|PLD2|MGRN1|SLC35D2|RGL2|CD2BP2|GRB7|FZR1|HDAC5|ZBTB6|TROAP|IFNGR1|EHMT2|LPCAT1|ZBTB48|EIF2B5|PINK1|GNA12|SLC22A5|ARAP1|MAST3|ARID3A|FCHO1|OIP5|NBAS|ARRB2|RXRA|ACTR1B|PNISR|KRT10|SWAP70|DOK1|LUC7L3|KAT2A|RPA1|RPRD2|POP1|ATG14|ATG2A|ESRRA|NOLC1
GSE7568_IL4_TGFB_DEXAMETHASONE_VS_IL4_TGFB_TREATED_MACROPHAGE_UP	0.820940819423369	1	-0.247164142261209	-0.866625876970829	5409	170	CCR7|MARCKS|AARSD1|RPL28|SLC3A2|NAA38|MFSD2A|S100A5|TADA2A|H4C14|PPIE|PYCR3|EMC4|DHX38|THAP7|CRLS1|PSMB6|DDX39A|QTRT1|RFC2|TRMT1|KLHDC4|RPL10|SPATA24|VARS1|NUDT1|NEK6|DNAJC27|MRPL17|RBM26|TMEM184B|RWDD4|CD81|NT5DC3|NUP188|ELAC2|MRPL46|NOC4L|TXN2|EFTUD2|EIF4G1|NAF1|GCN1|PES1|PFKP|NEFH|CDC20|DNAJA3|SLC12A2|RBM34|PPM1G|DYNLT3|INTS3|CHST2|TMEM11|AHSA1|NAT10
GSE7568_IL4_VS_IL4_AND_TGFB_TREATED_MACROPHAGE_24H_DN	1	1	-0.175746636391828	-0.62268448497936	6680	183	MGAT4A|CDC26|AARSD1|ROGDI|TNFRSF8|MICAL3|MFSD2A|TADA2A|ATXN7L2|KRTCAP2|CALR|SCARB1|ZC3H18|DDX39A|QTRT1|USP36|GUK1|PLK3|ATPAF2|ALG3|BOP1|NOP10|KLHDC4|ZBTB7B|RPL36|MRPL17|RWDD4|CD81|RANGAP1|CDV3|NOC4L|POLR1A|TXN2|EFTUD2|EIF4G1|NAF1|ARL6IP4|MRPS12|UHRF1|PFDN6|NEFH|PSMB3|AAAS|ARFIP2|MAOA|ALAD
GSE7596_AKT_TRANSD_VS_CTRL_CD4_TCONV_WITH_TGFB_UP	0.697687696260348	1	0.249759565695377	0.91987956496009	2443	150	SLAMF6|ACTR3|PICK1|CLDND1|NEDD4|TOP2A|TRUB1|KIF11|MYNN|RNF103|GINS1|PDS5A|WDR44|IPMK|HNRNPH2|PDE4D|CD274|GNAL|UBE2V2|JAK2|IFT74|MTCP1|RABGAP1L|ZFC3H1|NEU3|SEPTIN7|CYBB|KIDINS220|KDM6A|RB1|ATAD1|SNTB2|PSME4|IVNS1ABP|FUCA2|SEC62|INTS6|NSMAF|ATP6V1A|ACTR8|ANKRA2|SHCBP1|BLM|CENPJ|SLMAP|PNPLA8|TRIM33|DEGS1|N4BP2L2|PPP4R3A|TRPS1|XRN1|CCZ1|ATP2B4|OXR1|SMC5|CEP350|DHX36|NAA16
GSE7764_IL15_NK_CELL_24H_VS_SPLENOCYTE_DN	0.983132530120482	1	0.21257578163936	0.805378301712942	3263	186	TSPAN32|HSPBAP1|AGO4|RGS2|CD3G|PSMC6|NCOA3|RNF139|TP53INP1|MARCHF7|SMAD4|MXI1|INVS|SDCBP|PICALM|BCL9|FGFR1OP2|HSD17B11|NUAK2|BACH2|ARHGEF12|PDE7A|FBXO33|RPL4|SERINC1|DCUN1D1|ANAPC10|PHIP|TMT1A|SMC4|STK4|KLHL7|TMA16|TFRC|HERC4|AKIRIN2|TGFBR3|FBRS|SPOP|EP300|RPS6|MCL1|USP15|ZFP36|STK38|MINDY2|PLA2G12A|TXNIP|NIPBL|FTH1|PRKCD|MTERF3|JMJD1C|RPS4X|PECAM1|XXYLT1
GSE7764_IL15_NK_CELL_24H_VS_SPLENOCYTE_UP	0.99095704596835	1	-0.214089080233092	-0.761762000550602	6574	195	ENKD1|CASTOR1|CTU1|GDPD5|LMF2|RTTN|ROMO1|CASQ2|SLC19A1|PALD1|SDF2L1|TBRG4|KLHL4|MAGED2|TMEM109|USP20|TMEM101|LIG1|TIMM29|KRTCAP2|CRLS1|YIF1A|SLC7A1|WDR18|PDP1|MTBP|PSMD2|RNF121|YKT6|NDUFC1|MVD|PGGHG|NRARP|CEP170B|PRPF6|TTC5|TP53BP1|NR2F6|SURF6|YIPF2|AP1S1|EXOSC7|ARMCX3|METRNL|ELP5|POLDIP2|DIPK1B|CEMIP2|LDAF1|TXNRD3|SLC35B4|ATP6V1H|HMGA1|ZCCHC17|BLOC1S4|BYSL|APMAP|CPTP|MESD|AIFM1|RXRA|NCBP3|GSS
GSE7768_OVA_ALONE_VS_OVA_WITH_MPL_IMMUNIZED_MOUSE_WHOLE_SPLEEN_6H_UP	0.94955223880597	1	0.22259693368265	0.83663456719649	3180	176	POC1B|ACOX3|ANLN|RNF13|NBN|RALGAPB|CCNA2|KNL1|MEF2C|ZRANB3|OAT|ECT2|ETV5|RBL2|SLC38A2|CARD9|MTSS1|OTULINL|LAT2|CNBP|MRPS31|SLC20A1|OTUD7B|PANK1|NUP205|LRP12|TGFBR1|CRY1|QSER1|ACLY|SMC3|ZSWIM4|NIFK|SLF2|ELOVL6|CEP120|PHF3|TTLL4|ZMYM2|EFL1|RAB31|ATAD5|CDCA2|PHKA2|SKP2|PALS1|BUB1B|NT5C2|OSBPL2|TRPS1|TBC1D4|HROB|CSE1L|PIK3CB|KIF23|PYGB|NCAPH|CTBP1|NCAPD2|OXR1|FAM83D
GSE7768_OVA_WITH_LPS_VS_OVA_WITH_MPL_IMMUNIZED_MOUSE_WHOLE_SPLEEN_6H_UP	0.903755868544601	1	0.229549598307276	0.857822186162089	3079	168	TRMT2B|MBLAC2|RMI1|SOCS6|FAM107B|MAP3K1|RWDD2A|PNPLA6|KNL1|THNSL1|YTHDF3|MEX3B|PROKR1|RBL2|IPMK|GLIS3|IL6R|PDE4D|GPR157|MYL12B|MRPS31|VDAC1|CEP44|HAUS1|TGFBR1|QSER1|DBF4|SMC3|ADAM10|ELOVL5|ZBTB9|ZMYM2|ACTR8|ESCO2|PMS2|TFDP2|PHKA2|PEPD|MDM1|NDFIP1|TMX4|INPP4A|CDS2|SLC30A5|NT5C2|ERCC4|GNE|FBXL17|DAB2|TGFBRAP1|DNAJC3|PYGB|NCAPH|NCAPD2|VPS13C|OXR1
GSE7831_1H_VS_4H_CPG_STIM_PDC_DN	0.989053831159094	1	-0.216016871949073	-0.762430813071033	6595	177	MXD3|IL21R|CCR7|TYROBP|PYCARD|TRIO|HYOU1|NAA38|DTYMK|SHLD1|OSBPL5|CD48|CASQ2|TMEM107|PKMYT1|FRMD6|AKNA|STING1|MAP7D1|SEMA4C|IL17RA|B9D2|DHRS3|MSRA|FLNB|NDUFC1|LSM6|NUDT14|NEK6|CBX2
GSE7831_1H_VS_4H_CPG_STIM_PDC_UP	0.939135636309257	1	-0.23022025338615	-0.816359089634911	6279	185	PAK1|GLYCTK|AQP1|HSF4|ADGRD1|TBKBP1|MAPK12|NUDT18|OTUB1|TSPYL2|NXF1|PIK3IP1|SPG7|MED22|DOCK6|EGFL6|MEAK7|USP27X|PCED1B|TMUB1|PRORP|QTRT1|HMGXB3|CDIPT|TREML2|GRIPAP1|ELOVL1|SOX18|VPS39|CENPV|TBC1D17|GPAM|LAMP1|XYLT2|TLCD1|TMBIM6|CAPG|CHPF2|EHMT2|HOXB4|ANKIB1|NINJ1|ABHD8|NT5DC3|PMP22
GSE7831_1H_VS_4H_INFLUENZA_STIM_PDC_DN	0.99453717754173	1	-0.211587553971899	-0.741884513827343	6553	170	TCN2|SEMA4D|ADGRG3|ENC1|PROB1|RASGRP3|HLA-DOB|INCENP|DYRK2|CHCHD10|SRRM2|ULK4|LRRC75A|AKNA|GAL3ST1|STING1|POLD1|EWSR1|SCAP|DHRS3|SLC7A1|PPARD|CNP|CAMKK2|DNASE2|DHX30|TRAF3IP2|LPAR2|RBM26|TIMELESS|ST8SIA1|TTC13|ABHD2|SH3BGRL3
GSE7831_CPG_VS_INFLUENZA_STIM_PDC_1H_DN	0.751100318713007	1	-0.254487677303231	-0.890364815608656	4948	165	RCAN3|ELOVL3|CD14|NAGK|ENC1|CIITA|PSMB9|GRN|UBA7|TNFRSF21|TCIRG1|IFI35|SPATA6|CCND1|HSPB1|HSPG2|HMGCL|ECE1|GRIK5|IFITM3|MAP4K1|MZT2B|CTSA|LYL1|HPGD|ENO3|INTS11|PISD|GNS|AP1B1|NEK6|PNPO|UBFD1|LPCAT1|NEURL4|CTSZ|CTSH|CSTPP1|JUN
GSE7831_UNSTIM_VS_CPG_STIM_PDC_1H_UP	0.935763370182253	1	0.224881878916221	0.856006298826508	3131	191	AJUBA|TM6SF1|ZNF14|TBC1D10C|SELENOT|HVCN1|TCF7|PDGFB|LGALS8|DNA2|TCF12|ZDHHC21|C3orf38|UBASH3A|WDR44|CPSF3|RCBTB2|RECK|ABR|LFNG|OTULINL|SYTL2|RAB19|RAP1B|C1GALT1|MTMR12|RAVER1|SEMA4A|ACBD4|FBXO33|KLHL6|SEPTIN2|SPTSSA|CUL3|DCP2|PFN1|MFSD14B|TMX1|KBTBD2|PREX1|NT5DC1|DAD1|PRXL2A|CAPZB|SGMS1|PPP2R1B|ZNF124
GSE7852_LN_VS_FAT_TCONV_DN	0.832077178173048	1	0.235569499662225	0.888327199939336	2759	181	ZC2HC1A|FOSB|MYO1F|KCTD12|RGS2|RYR1|CUEDC1|PKD2|TMEM64|NEDD4|IMPACT|ITSN1|NR4A2|TSC22D2|FBXO30|PLEKHF2|TOB1|TJP2|DENND4C|KCNJ8|PRKRA|TRIM13|ABLIM3|IL1RL1|TTC39C|BEX3|SAMSN1|SOCS2|NFATC2|PYGL|RAPH1|ZCCHC10|ABCB1|PDE7A|KLRG1|CLTC
GSE7852_LN_VS_FAT_TREG_DN	0.732610659439928	1	0.244118545520548	0.922275448315072	2432	183	FEM1C|RGS5|FAM135A|WDSUB1|PKD2|DNASE1L1|TMEM64|ARHGAP23|BLTP3B|FAM107B|MLF1|PHLDA1|TSC22D2|CAPN2|TOB1|RHOBTB1|ABLIM3|RRAD|SYNE2|SYNE1|RNF125|EFCAB6|SGMS2|ELL2|INSIG1|TBC1D19|SAMSN1|GRK5|IL10RA|PARD3B|RBPJ|FZD4|CLTC|DRAM1|DNAJB9|WSB1|FBXO33|ELOVL5|MEGF9|CHMP4C|ATP2A2|ELOVL6|ARL13B|GALNT1|ITPRIPL2|DENND4A|MFSD6|OSBPL3|MAGI1
GSE7852_LN_VS_THYMUS_TCONV_UP	0.66519564577817	1	0.249447857169219	0.936000616503924	2260	172	TTC39B|DNAJB2|OSGIN1|RPGRIP1|LGR4|PDK1|CAMK2B|CCL5|HLA-B|MBLAC2|BLTP3B|IL18R1|PNPLA6|AASDH|HYCC1|CBX7|TRIM2|NUAK2|LINC01160|S1PR1|RUNDC3B|TIGAR|RNF144A|ATP6V1D|INSIG1|RBM43|CRBN|TMEM38B|MFF|TDP2
GSE7852_TREG_VS_TCONV_FAT_DN	0.844278234854151	1	-0.243107534751242	-0.860573196520967	5643	181	LAT|TMCO4|ZNF341|CDPF1|ENC1|GTF2I|LYST|SLC12A9|KCNK5|INCENP|RPS29|HCST|RGS3|DGKD|SGSH|DNAJC15|SHLD1|GPC1|LRRC75B|SH2D3C|UQCC5|ARHGAP26|KEL|TRIB3|NFRKB|MIB2|HPCAL1|CPNE7|UNKL|ARFIP1|ITGB1
GSE7852_TREG_VS_TCONV_FAT_UP	0.919879518072289	1	0.226719083213025	0.858962525250396	3053	186	ZC2HC1A|FEM1C|ARMCX1|BACE2|DHX40|MLF1|GNAQ|PHLDA1|KDSR|PPM1B|PLCL1|LZTFL1|DMXL2|PTGES3|TSPAN13|SORBS1|TJP2|PROS1|SLC39A1|PLXND1|ABLIM3|SYTL2|CMTM7|ATP8A1|GPLD1|NCKAP1|LRRC8C|SNX3|FASTKD3|TBC1D19|HERPUD1|SAMSN1|IL10RA|ARL5B|CNKSR3|KLRG1|SMIM3|NEU3|CYP4V2|ELOVL5|CHMP4C|ELOVL6|ANXA1|ATP13A3|GALNT1|HMGCS1|ITPRIPL2|OSBPL3|RAB4A|MAGI1|ATXN7L1
GSE7852_TREG_VS_TCONV_LN_UP	0.904507710557533	1	0.22837905381357	0.858887712346698	3049	175	ZC2HC1A|CD83|SLC9B2|SNX18|CEP128|TMEM64|HNRNPLL|VPS54|CCRL2|ZNF608|SH3BGRL|BCLAF3|FNTA|NFAT5|PRKRA|HK2|IL1RL1|ACOT11|CD274|PHETA2|SLC35D1|ZBED5|SAMSN1|SOCS2|INPP5F|PHTF2|REL|SOAT1|ENDOD1|CNKSR3|KLRG1|NEU3|FGD6|ATP2A2|NOD1|GOLM2|PSMD14|OSBPL3|TRIM59|SEPTIN8
GSE8384_CTRL_VS_B_ABORTUS_4H_MAC_CELL_LINE_UP	0.971548367774783	1	0.218170178717608	0.829785185966728	3243	190	ST8SIA4|PRKCH|COL15A1|ZNF362|CCNG2|NEDD1|PDK1|RGS2|MYOM1|NCOA3|REV3L|MME|MAP3K1|MEF2C|PLEKHA5|RAB3D|CBX3|RBL2|NUSAP1|IL6R|OTULINL|ASB3|CRBN|PIK3C3|TSN|PCYOX1|PDE7A|SFMBT2|HOXB7|SUB1|GOLGA7|CDKN3|PTAFR|WEE1|MED14|MBD4|TMT1A|MRTFA
GSE8515_CTRL_VS_IL6_4H_STIM_MAC_DN	0.969335604770017	1	0.221069407593147	0.810070997672704	3413	144	FGF5|ITGB1BP2|FZD8|GLI1|RHBDL1|FBXL8|PNPLA6|CTSF|GFI1|SYCE1L|ABCB11|PAX5|LHX5|KIT|LDB3|CCDC121|B4GALT5|CA8|PTK2|DMTN|MKRN3|ATP1B2|VIL1|CNKSR1|MEX3D|PNRC1|ASH1L|SCMH1
GSE8621_UNSTIM_VS_LPS_PRIMED_AND_LPS_STIM_MACROPHAGE_DN	0.994970414201184	1	0.207266348763379	0.777887522450822	3362	173	PTGDR2|FOXO1|PAOX|CDS1|PDE3B|TP53INP1|ENTPD7|MAP3K1|IL18R1|PLCL1|DCTN4|CRYBG3|OPA1|HSPH1|XPO7|SLC38A2|S1PR3|SH2D5|EPB41L4B|ZNF250|BCL2|TRIP11|BMPR1A|MTMR4|ACLY|KLRG1|TENT4B|PREX1|BMP2K|HMGCS1|INTS6|UBE4B|FAM120AOS|OSR2|TBL2|DHX33|BIRC6|MSL1|PIP4K2A|BLTP3A|MAP3K5|WDHD1|SLC27A2|ATP7A|CDK19|CCDC93|TXNIP|TCF19|GPSM1|JDP2|PLEKHA2|CBX4|PRKCB|ABI2|PAK2|IWS1|NUCB2|ANKRD26
GSE8621_UNSTIM_VS_LPS_PRIMED_UNSTIM_MACROPHAGE_DN	0.989505247376312	1	0.211442874209493	0.803398333127147	3299	189	PIGB|ITGB7|ZNF367|KIN|DDIAS|CLN5|CAMSAP2|RAB29|SCFD2|FANCB|CIBAR1|PLAA|WSB2|YTHDF3|ATXN10|PPIP5K1|PPP2R5E|NUP133|RBKS|C2|SLC22A15|AGBL4|ABHD1|IFIT1|PRRC1|EDC4|LIN9|NFATC2|TUBE1|CRY1|UXS1|RABGAP1L|RNPC3|BECN1|MOB1B|PSMA2|THOC7|OGFOD2|POLR3F|DDX6|SIK2|ARL6IP6|ESCO2|PRPF40A|ANKMY2|STMP1|SYNJ1|GLRX3
GSE8621_UNSTIM_VS_LPS_STIM_MACROPHAGE_DN	0.876533971864711	1	-0.239201738177332	-0.848097242810116	5856	186	CD37|FGD3|NUP210|LYST|L1CAM|SRD5A3|COPE|DYRK2|TUBGCP6|PPCDC|DYNLRB1|ABHD17A|NTRK3|RHOF|HIGD2A|PPP4C|C3orf80|BCL6|SF3B5|NDUFA6|GAK|TRAPPC1|CYB561D2|INTS11|SZT2|CDK11B|GALE|OSBPL11|SAMD9L|ZBTB6|NIBAN1|MRPL24|ZNF707|EIPR1|RRP7A|MED11|FAM50A|TPRA1|ABHD8|PEDS1|TRAF3|TMA7|FAM8A1|WDR59|MRPS12|RNF19A|MIEN1|TOX4|PIGO|RHOG|LIG4|UBL4A
GSE8678_IL7R_LOW_VS_HIGH_EFF_CD8_TCELL_DN	0.837720610230332	1	-0.243574523730669	-0.863991280388986	5600	187	SLC26A11|NEIL1|CCR7|PDE2A|N4BP2L1|DDB2|GDPD5|CCS|EEIG1|DUS2|PLEKHA1|TOM1|SPINT2|MTLN|PGS1|PTPN3|EXOSC5|YDJC|ID3|ORAI1|IL16|LSM7|RPS18|RAI1|DGKA|ADCK5|GRK6|MYBBP1A|PARP3|PFDN2|PACSIN1|DPH7|CNP|SDF4|NUDT14|TSR2
GSE8685_IL15_ACT_IL2_STARVED_VS_IL21_ACT_IL2_STARVED_CD4_TCELL_DN	0.968190854870775	1	0.221217431749012	0.813964781076227	3408	148	TC2N|HERC3|TCF7|TMEM209|TLE4|HS2ST1|ADPRHL1|ST8SIA6|ALG6|PALS2|C18orf32|IBTK|UGCG|MTSS1|IFIT1|SPP1|TNS4|ATP5F1B|KLHDC2|ZFP14|NFE2L2|PCYOX1|NSA2|AGGF1|ATPAF1|COQ3|HEATR1|PIK3CG|SEPHS1|SGMS1|AVL9|DDX21|CHCHD3|STARD7|CLASP2|DKC1|LLPH|GALNT7|B4GALT3|CCDC88A|PRMT5|RAB20|DNAJC3|EEF1B2
GSE8685_IL15_ACT_IL2_STARVED_VS_IL21_ACT_IL2_STARVED_CD4_TCELL_UP	0.950866231184323	1	0.225197854279841	0.828610660147694	3347	148	NLGN2|SERINC5|TSPAN32|IL10RB|GNG12|TOP2A|VPS54|PPT1|EIF4E3|PPP1R3B|NHLRC2|ARHGAP11A|SH3BGRL|SH3BGRL2|INPP5K|TRIB1|MFSD1|CD274|EGR2|CYTH4|ELL2|AGL|HERPUD1|NFATC2|B3GNT2|EPCAM|DECR1|NEU3|ABI1|CYBB
GSE8685_IL2_ACT_IL2_STARVED_VS_IL15_ACT_IL2_STARVED_CD4_TCELL_UP	0.968422627955702	1	-0.223013909748655	-0.790702790904977	6470	186	RPH3AL|NUP210|NCEH1|TAP1|GGA1|SLC45A4|TRPM4|NXF1|ARHGAP45|STK39|KIFC2|RPS9|ATP6V1F|TTLL1|IQCH|USP20|ZDHHC24|FHIP2B|AKR1C2|ZNRF3|SLC26A6|CAPN15|GPSM3|TREML2|GRHPR|MAP3K3|EPHX1|BORCS8|TRIM39|ERAL1|AP3D1|ACADVL|ARHGEF1|SIGIRR|DDA1|BID|CHERP|ANAPC2|TXNDC11|USP40|ANKRD39|SPTBN1|SURF1|GRAMD1A|TAF1C|ARAP1|AP1G2|PLBD2|RNF31|VGLL4|NFKBIE|ACRBP|KMT2D|CYRIA|SHARPIN|TCF25
GSE8685_IL2_STARVED_VS_IL15_ACT_IL2_STARVED_CD4_TCELL_DN	0.830964846671653	1	-0.244677990286412	-0.866132431619452	5554	181	GAA|MXD3|ZNF341|MUTYH|CD84|DIAPH2|OTUB1|CLN3|BSG|NBEAL2|ATP5ME|CSF2|PDLIM7|STYK1|COL6A3|TAOK2|PTK2B|PKMYT1|DZANK1|ZDHHC24|YPEL1|NCSTN|CTC1|CAPN15|MCRIP1|C19orf47|RGS19|RPL36|ZNF628|SYMPK|THOP1|ANAPC2|ZNF707|INO80D|SH2D2A|DACT3|CCHCR1|WDR53|DTX2|TIMM17B|RAC3|AFMID|C1orf174|STK35|CHCHD7|HPS4|NFKBIE|SLC35B4|NBAS|COQ4|MTMR14|AP2A1|ELMO2|IKBIP|TRIM14|RXRA|EML3|GSS
GSE8835_CD4_VS_CD8_TCELL_UP	0.994000299985001	1	-0.211213680202852	-0.749831412498684	6626	189	IGF1R|SEL1L|ENKD1|TCTN2|NUP210|NCEH1|CARD19|ROGDI|PLXNA2|ZNF585A|SLC10A3|POLE|SNRNP200|ZNRF3|CPA5|SMG6|RASSF7|WDR24|MTBP|PRKAB2|SLC37A4|RAD54L|ITGAV|ZMYND11|SDHA|GLMP|PCNT|BID|ADPRS|ICAM4|NUMA1|CCDC137|CIPC|NOL6|ZBTB11-AS1|EDEM3|DDX59|DCPS|PMP22|MAST2|NBEAL1|SH3GLB2|PDIA4|EIF4A1|PRPF8|PDE1A|STEAP3|ARSB|PHF19|C15orf61|CUX1|SLC12A2|HDAC6
GSE8835_HEALTHY_VS_CLL_CD8_TCELL_DN	0.903169014084507	1	0.229570537599074	0.85790043587021	3077	168	FCGR2B|BMAL2|DDIAS|EGLN3|EVC|ALDH1L2|GCNT2|CGGBP1|PTPN2|CFAP210|CRNKL1|ARPP19|PICALM|SKIL|ARL1|PER2|RTRAF|RNF182|SCARF1|ZFP37|SLC4A3|TGFBI|NREP|RNF125|ERO1A|CEP44|RPE|RBPJ|ZNF654|MED31|FAM241B|ANKRD12|IL17RE|CPED1|RO60|ECPAS|PLBD1|TMC7|TEAD1
GSE8835_HEALTHY_VS_CLL_CD8_TCELL_UP	0.89990955682846	1	0.22863875738405	0.86741220715581	2984	188	FCHSD1|ZKSCAN8|MS4A6A|LGALS3|UBR3|DEPDC1B|ZNF518B|MBTPS2|COG6|DNA2|CABLES2|SMC2|CYP2R1|NLK|AP3S1|GPNMB|FGFR1|CAB39|ASNSD1|FASTKD3|CKAP2L|ARV1|INPP5F|QSER1|CHD9|DDX3X|TOGARAM1|C4orf46|KLHL6|CITED2|UTP15|RACGAP1|NEK2|TNKS|C6orf62|CD93|RAB14|PTPRA|BMP2K|PRXL2A|SEPTIN11|NCOR1|NPEPL1|MORF4L1|GYG1|ATP6V1B2|CORO1C|TMEM87A|POT1|DPP9
GSE8868_SPLEEN_VS_INTESTINE_CD11B_POS_CD11C_NEG_DC_DN	0.860977080820265	1	0.232966839789372	0.882898533410238	2854	187	VAV2|TLE6|AIF1|CD69|FAM135A|MYOM1|MANSC1|HLA-B|CD164|CD80|MRTFB|GDI2|UBE2N|ZRANB3|TCF12|TRIM13|MAPK8|POGLUT2|TCEAL8|HOXC4|APOA2|IGSF10|NUDT11|SGCB|EIF4E|CNBP|SNX3|HERPUD1|NFATC2|LRP12|REL|CNKSR3|BUB1|FAM3C|PABIR2|DNM1L
GSE8921_UNSTIM_0H_VS_TLR1_2_STIM_MONOCYTE_24H_UP	0.857473391948172	1	-0.244685781122191	-0.843310148820934	5558	145	TMEM238|CFAP45|PLXNB2|COL14A1|TIMP3|ADGRE5|COL1A1|CYP4F2|MARVELD3|SLC22A13|CTHRC1|HAS1|PIWIL1|ANKRD45|ADGRB3|LSM7|SLC22A23|HOXC8|TIMM10|RBFOX2|PRPF19|EXTL3|DBN1|QTRT2|PDIA5|PSMA7|GATA2
GSE8921_UNSTIM_0H_VS_TLR1_2_STIM_MONOCYTE_3H_UP	0.955158264947245	1	0.221892642329137	0.830889619604912	3258	170	NUDT12|GABRG1|CD36|NTS|MFSD14A|WDSUB1|ACOX3|PRPS2|DERA|AKR1E2|COPS3|PLA2G4A|SYCP3|BICD1|SLC18B1|ASNSD1|STAU2|POU4F1|KCTD6|GDAP1|SELENOF|MGA|MRPS30|CYBB|PPP4R3B|TTC3|DCAF4|ZMYM2|CLUAP1|SPG11|ANAPC10|NSMAF|MBD4|FUCA1|FAM120AOS|COPB2|VAMP1|PARVB|POLR2K|MAIP1|CCDC88A|FAM149B1|POLL|CCNB1IP1|RASA2|SRFBP1|CTBP1
GSE8921_UNSTIM_0H_VS_TLR1_2_STIM_MONOCYTE_6H_DN	0.791697887007343	1	-0.248966129666124	-0.880478960936582	5282	180	CATSPERZ|TMEM30A-DT|GLB1L3|RCAN3|AKAP13|AHRR|MGAT4A|CLBA1|PHYHD1|PABPC1L|TAP1|HLA-DOB|B3GNT8|SMAD6|SYT7|ACVR1B|SIAE|ZNF622|RHOF|DZANK1|NDRG4|RPS6KL1|TNKS1BP1|IL18BP|KCNK6|ACSBG1|STON1|SGK1|CARHSP1|FBXL3|NISCH|AP3D1|RNF149|NRARP
GSE8921_UNSTIM_VS_TLR1_2_STIM_MONOCYTE_12H_DN	0.759328637794096	1	-0.252328208726574	-0.892369091862028	5066	180	IL21R|TEP1|TMEM81|AGBL3|CHAC1|TAP1|NDUFA13|HOOK2|NAA38|ROMO1|CD19|SIGLEC10|GRIA3|GNRHR|BCAM|CCND1|ACVR1B|MYO1G|SEC61B|DMPK|POLD1|SUPT5H|ZNF490|SLC7A1|TTC4|BRPF1|TSPOAP1|ACAA1|SNHG6|MAP1S|CACNB3|NR2C2AP|AKT2|MREG|RPSA|SMARCA4|NOCT|SPINT1|ZNF213|UBE2M|GRAMD4|RPL35|FAM219A|CDV3|PINK1|MCM3
GSE8921_UNSTIM_VS_TLR1_2_STIM_MONOCYTE_24H_UP	0.887481146304676	1	0.231033116417197	0.869053406189691	2941	178	TSLP|MEIS1|VAV2|CD83|POU6F1|DTX3L|PRPS2|MEF2A|GNAQ|CRLF3|RBAK|ETNK1|NBR1|PROCR|LRP6|FCRLA|ETV5|FAM13B|MAPK8|CR2|RAB19|GTF2H2|FOXP1|CDC14B|NATD1|YTHDF2|ACER3|FBXL4|POGLUT3|CREG1|WIPF1|KCTD6
GSE8921_UNSTIM_VS_TLR1_2_STIM_MONOCYTE_3H_DN	0.968344889960808	1	0.219046892249767	0.831022484774253	3211	188	DNAJB2|ITGB7|NAPEPLD|PRNP|LPXN|RNF11|CCN1|BBS12|MDP1|NABP1|G2E3|MOB3B|PJA1|PFKFB3|AKAP12|ATG2B|TMEM35B|MXI1|TSPAN13|UFL1|LDHD|MTSS1|BCL2L15|LAT2|TMEM176B|KIF3A|MTMR12|NFATC2|B3GNT2|RAPH1|FAM91A1|PPFIBP1|AKIRIN1|PIK3CG|WWP2|WDR81|ELOVL6|STX7|CHMP5|MAPK9|SUCLG1|UPF2|CLOCK
GSE8921_UNSTIM_VS_TLR1_2_STIM_MONOCYTE_3H_UP	0.990147036531757	1	-0.215340597532013	-0.755803456055176	6531	171	PYCARD|SLC39A3|TIMM8B|ADGRE5|IFITM2|DTYMK|CHCHD10|TMCC3|SLC23A3|NDUFS7|RECQL4|C3orf80|RPS6KL1|SAT2|SLC43A1|GFI1B|LPIN2|ENO3|FLYWCH2|NOP10|RAB11FIP4|NOP16|EPHX1|KIFC1|RAD54L|HSPBP1|TGIF2|C12orf75|KAZN|REXO5|SAMD9L|GTF3C5|HELLS|CNIH4|HNRNPAB|TK1|SLIRP|SLC35C2|NINJ1|DNMT1|DDX51|TMEM39A|MTM1|KIF2C|ERAP1
GSE9006_1MONTH_VS_4MONTH_POST_TYPE_1_DIABETES_DX_PBMC_DN	0.694356917788599	1	0.248719387489572	0.922942736995374	2423	157	MTMR6|ITGB1BP2|ZKSCAN8|RAB3A|CNIH1|EXD2|ENTPD7|MBTPS2|MEF2A|ZNF550|SIAH1|ETNK1|CT55|ZNF816|RECK|BGLAP|LFNG|S1PR1|CHRNA3|EIF4E|ZNF586|APOO|RHOA|TMED7|TSNAX|B3GNT2|ZNF507|SP1|TSG101|GOLPH3L|COX7B
GSE9006_1MONTH_VS_4MONTH_POST_TYPE_1_DIABETES_DX_PBMC_UP	0.788281485955905	1	-0.250083380571337	-0.879474629245667	5219	173	TRIM29|S100P|IFI30|HLX|ENC1|CXCL1|CTRL|TCIRG1|TNFRSF8|PIWIL1|SLC19A1|IER3|B3GNT4|STX4|ARHGAP26|TMEM255A|MGAM|TSPAN9|BCL6|HIC2|SGK1|MYBBP1A|MRAS|COX16|CD2BP2|TBC1D17|RPL37A|CARS2|TAX1BP3|ICAM4|SRGAP2|GRAMD4|CTSZ|UPP1|IRF1|PIGT|DNAJC1|OBSL1|NFKBIE|SPTLC2|KPTN|DHCR24|MYL5|FIG4|CBX6
GSE9006_HEALTHY_VS_TYPE_1_DIABETES_PBMC_AT_DX_DN	0.730803177405119	1	0.245339933729548	0.915033826488566	2483	166	FOSB|BICDL1|ST8SIA4|CXCL8|AKTIP|EGR3|RGS2|CCL2|MANSC1|SOHLH2|CORO1A|MME|CCRL2|EGR1|NFYA|CCNA2|MYNN|CKAP2|ZFTA|NCAPG|TRIB1|OSTF1|S1PR1|ALPL|CR2|EGR2|ELL2|ACSL1|ARHGDIG|ZNF654|NAMPT
GSE9006_TYPE_1_DIABETES_AT_DX_VS_1MONTH_POST_DX_PBMC_DN	0.657465304254995	1	-0.264795495833001	-0.923884585572584	4310	161	ABCC10|DPM3|ATAT1|RPGR|H2BC13|TIMM8B|PBLD|TRIM62|H4C3|SERF2|TULP3|ING4|KLF7|KRT4|TGFB3|LRRC75B|NOP2|TPCN1|BRD3|SEMA6A|TRADD|SUGP2|ITGB5|GMFG|PHF11|TCTN1|MPV17|LAMTOR5|SFSWAP|ASRGL1|MTHFD2L|SLC66A1|IFT46|CCDC51|OXA1L|TCF15|CCNF|GFER|BBC3|DNAJC1|RNF113A|PNPLA2
GSE9006_TYPE_1_DIABETES_AT_DX_VS_1MONTH_POST_DX_PBMC_UP	0.960330578512397	1	-0.225269765271057	-0.800397473408415	6390	191	STX11|TSC22D3|MARCKS|HLX|XAB2|AMDHD2|EREG|RABAC1|REX1BD|BSG|HYOU1|CYBA|WDR46|IER3|POTEKP|TMEM160|DGCR2|PPP4C|FDXR|DNAJC17|RRP12|EWSR1|CTSD|THBD|WDR18|JUNB|THOC6|GPAA1|FZR1|NCAPH2|KLHL2|ICAM3|PRPF6|ATP5F1D|GRAMD4|SOCS3|TMEM259|SAFB|ABCF3|KIF2C|PSMC3|GALNT2|SH3GLB2|PDIA4|P4HB|AMBRA1
GSE9037_CTRL_VS_LPS_1H_STIM_BMDM_UP	0.996714456391876	1	0.207098323102976	0.789227793477731	3336	192	TMTC3|TM6SF1|SLC49A4|ESF1|TRAPPC8|NCOA3|PDIK1L|ALDH1L2|S1PR2|RAB22A|TOB1|NCBP2|SVIP|HARBI1|PRKRA|RNF6|CCNC|UGCG|SPINK4|WWTR1|S1PR1|KIF3A|FLCN|EIF5A2|YTHDF2|CERT1|COPS5|ZMYM5|BAZ1A|USP49|MIR99AHG|ZFC3H1|TASOR|TOGARAM1|SLC36A4|KMT2E|CHD1|KCTD11|TCERG1
GSE9037_CTRL_VS_LPS_1H_STIM_IRAK4_KO_BMDM_DN	0.994146912496342	1	0.208062390484414	0.777099209031977	3396	167	PDK1|C11orf65|UQCRB|CCL4|PPP1CB|PTPN2|PNPT1|ETV3|NR4A2|LDLRAD3|RIF1|TRIM13|PPP3CB|MFSD4A|GCC2|IBTK|SMARCA5|ISOC1|PLPP3|LEFTY2|DUSP10|INSIG1|TIPIN|RABL3|PTK2|CHD9|HMGN3|CAND1|RB1|THOC7|MGST1|TOR1AIP1|PANX1|SIK2|ATAD5|CEP70|TBC1D23
GSE9037_CTRL_VS_LPS_1H_STIM_IRAK4_KO_BMDM_UP	0.880241327300151	1	0.231095884437041	0.874709733551421	2917	185	GPR137B|AGO4|SCRN3|MDP1|SNX33|ZBTB33|ERI2|MAP3K1|RWDD2A|RALGAPB|PFKFB3|FMNL3|NBR1|FBXO30|SP3|ZNF664|USP31|RAP2A|ZNF32|DRAM2|SDS|TMF1|CRBN|LIN9|CPOX|SLC30A7|UTP3|ZNF623|B3GNT2|FBXO45|CACUL1|ZFC3H1|BFAR|CDK2|PPM1K|RCOR3|SLF2|ZBTB9|TRIM32|LRRC58|TPP1|ADO|ZNF236|BMP2K|OR51B2|CHORDC1|TRIM3|RAE1|VPS37A|CENPJ|KNOP1|CCDC32|CCDC28A|DYNC1LI2|STK38|KDM1A|RASA2|MED20|FASTKD5|MTIF3|HSPA4L
GSE9037_CTRL_VS_LPS_4H_STIM_BMDM_UP	0.979793444095195	1	-0.219154169391502	-0.776480869849366	6545	183	ARK2C|RAPGEF5|FZD7|SPPL2B|PDLIM2|MINDY1|PBXIP1|DHRS1|PLPPR3|RPLP2|ANKH|MAPK12|RUFY1|AATK|TEF|PPCDC|CRYBG1|TPD52|LOXL3|TNFRSF1A|NLRX1|COMT|MAP3K12|LYL1|IGF2R|RFC2|TMEM87B|MSRA|ABCD1|TMEM120A|PALM|NDST1|H2AC25|NT5C|CNP|HDAC5|AKAP7|GPR180|AP1B1|DTNBP1
GSE9037_WT_VS_IRAK4_KO_BMDM_DN	0.649739981645763	1	-0.265603452139019	-0.925345450135763	4247	159	MC1R|ITGBL1|MELTF|RAPGEF5|TFAP2E|ABCB4|ANKRD33|COX8A|GLB1L2|ODAD4|GSDMD|OST4|TMEM163|LIAT1|NRM|CCND1|SDF2L1|PKMYT1|AKT3|TEX48|HSPB9|TACC3|SPTB|GMFG|PSMB10|WDR24|RANBP3|CDCA3|MAF1|MMP17|OAS3|MTCH1|TENT4A|CRAT|TPRA1|CKB|CCNF
GSE9037_WT_VS_IRAK4_KO_LPS_1H_STIM_BMDM_UP	0.836053301392424	1	-0.243800577724545	-0.863936039503817	5583	184	DHDH|APLP1|ATRN|CXCL1|RNF5|TMEM9|H2BC13|EREG|PLXNA1|APOE|MUC5B|RASGEF1B|TGFB3|WDR46|METTL25B|CLCN7|RPAP1|RIPOR1|ABCB6|DCN|C2CD4B|DUS3L|SMARCC2|DUSP4|IGF2R|CAD|FAM98B|NACC2|POLR1C|HEXA|TRPC4AP|SDC4|STRADA|OXLD1|PRKAB2|MED19|ISCA2|PCNT|TLCD1|UBFD1|QTRT2|PTPN23|DNAJC27|PRR14
GSE9037_WT_VS_IRAK4_KO_LPS_4H_STIM_BMDM_DN	0.94377630787733	1	-0.229054236604209	-0.807546494917545	6277	176	TPM2|IRF7|PLA2G6|ACE|DHRS1|HELB|SH3BP2|APLP2|SNX30|GPR173|NUDT16|DNAJC22|GLG1|MIF|MCAM|MFSD12|IFITM3|RAMP1|MXD4|POLE|POLD1|CST3|GMFG|CHID1|BMP1|CDCP1|MAP3K3|CERS5|MPV17|BLVRB|RPS27|TGIF2|PGGHG|HCN3|TBCCD1|TUBA1B
GSE9037_WT_VS_IRAK4_KO_LPS_4H_STIM_BMDM_UP	0.799461641991925	1	-0.2477481843017	-0.878512985805813	5345	185	TBC1D1|COL18A1|IL15|ADGRD1|CLBA1|SNN|TAP1|EREG|RABAC1|ATF6B|SUN2|NSUN5|SRRM2|HERC6|LONP1|CLCN7|CTDNEP1|MX1|SNRPB|SMARCC2|MERTK|PRF1|NFKBID|LENG1|F2R|CCDC157|NDST1|RDH13|MED19|MED12|FLNB|SFR1|SPATA2|RNF24|SUPT7L|TTC5
GSE9316_IL6_KO_VS_IFNG_KO_INVIVO_EXPANDED_CD4_TCELL_DN	0.71977197719772	1	0.245339046189037	0.922765706451998	2398	177	LIPG|CD40|IL12RB2|MMP14|CCL5|DHX58|CD70|CCL2|CCL4|TMEM209|GNB4|BATF3|CCRL2|MAPK6|RRAS2|IFRD1|SYTL3|TMEM140|SGCB|STRA6|LITAF|CXCL11|PPA1|NSUN4|SOCS2|HBEGF|RABL3|DDX18|NARS1|PRMT3|CLIC4|TARS1|TRAFD1|ZBTB25|OSTC|CWC15|VDR|TPST1|TOR1AIP1|SFXN1|NEPRO|ALDH1A2|XPOT|LTV1|AEBP2|RIPK2
GSE9316_IL6_KO_VS_IFNG_KO_INVIVO_EXPANDED_CD4_TCELL_UP	0.998794091046126	1	0.199829335210565	0.758114707640402	3312	188	TRAPPC2B|MAN2B1|LRATD1|SUMF1|EMC9|ABCC3|NUDT13|LRBA|VSIR|NAAA|PTGS1|NPR2|CRYZ|SH2D1B|SCP2|LAMA2|SYNE1|TGFBI|HOXA5|ARL3|FCGRT|SLC40A1|NATD1|PAPSS1|UBQLN2|ZMAT3|COX7A2L|ACAT1|STMN1|MAPK14|PLBD1|FUCA2|GALNT10|ATP1B2|HTATIP2|WBP1|FUCA1|EFHD1|SUN1|CAT|LTA4H|NDFIP1|RNF130|SARAF|OSBPL2|HEXB|CEBPZOS
GSE9509_10MIN_VS_30MIN_LPS_AND_IL10_STIM_IL10_KO_MACROPHAGE_DN	0.972552043176561	1	-0.223601809648423	-0.771795231947295	6306	147	POU2F2|SEMA4D|ITGA4|SRD5A3|TMCC3|SLC39A2|RDH12|ICAM1|ACVR1B|HRC|FLYWCH1|TMEM101|SEMA4F|BMP1|SPHK1|PPARD|RBFOX2|RILPL2|ITGB1|ITGAV|GRINA|PDLIM4|MYBL2|XYLT2|TIMELESS|PMP22|ATP6V0A2|TMEM39A|DNMT3A|ST3GAL3|TBC1D10B|FOXP4|SPTLC2|CYRIA|OPA3|SLC25A10|TLE3
GSE9509_10MIN_VS_30MIN_LPS_AND_IL10_STIM_IL10_KO_MACROPHAGE_UP	0.950381679389313	1	0.222933124215919	0.833968384261475	3236	169	RBM44|POC1B|DNAJC24|TMEM53|TMEM51|TRMT10A|RWDD2A|LHPP|LANCL1|PRIM1|NOL11|NEK9|KHK|PUS3|SHQ1|TOB1|POLA1|NRBP2|LYRM7|SEMA6B|SNX4|MGMT|IL1RL1|TMEM176A|MYL12B|HAUS1|DDX18|ADK|PSTK|ARRDC4|CLNS1A|TTC3|CLUAP1|OPN3|HMGB1|NDE1|GNL3|CHCHD3|PPID|LMNB1|BHLHE40|PMS2|DCAF12|UTP25
GSE9509_10MIN_VS_30MIN_LPS_STIM_IL10_KO_MACROPHAGE_UP	0.987933634992459	1	0.211250061767315	0.799592280456864	3274	185	ITGB7|C9orf43|MAN2B1|C1orf162|ANKRD27|CNNM2|TMED2|STARD3NL|PRTFDC1|DYM|UGCG|MAP3K21|SLC22A15|FCER1G|BEX3|PIGK|SMIM20|MRPS23|PPA1|ERO1A|HERPUD1|SAMSN1|SPCS1|SBNO1|PYGL|SEMA4A|IFTAP|NDUFB5|ANXA5|BIVM|APEX1|TPP1|SUCLG1|PARK7|CD93|MRPS33|DAD1|IL13RA1|HSD17B12|TMT1A|ASAH1|CORO1C|PNP|ALDH18A1|EEF1E1|NCOR2|BNIP3|RPL22|ACOT7|POLR2K|HSBP1|ATP5MJ|HEXB|CANX|WAPL
GSE9509_LPS_VS_LPS_AND_IL10_STIM_IL10_KO_MACROPHAGE_10MIN_DN	0.835465903959055	1	-0.243531716057098	-0.866047013999611	5549	193	LATS2|TLX1|NAGK|CIITA|TMEM175|C2orf42|NBEAL2|GON4L|PDE6D|SFI1|GBA2|COMT|P3H1|STING1|IGF2R|ICAM2|IL16|FOXRED1|RNF181|RALBP1|SLC4A2|XPC|AGRN|ARID3B|CHID1|APBB3|POLG|PCSK7|CACNB3|TBC1D17|CYBC1|REXO5|NUDT7|ENTR1|TP53BP1|SKI|PARP1|ATP6V0A2|CTSZ|CHCHD1|TTC13|TYK2|ABCF3|SURF1|NARF|AP1G2|DHX16|MAST3|MAVS|SLC35B4|CASP9|E2F6
GSE9509_LPS_VS_LPS_AND_IL10_STIM_IL10_KO_MACROPHAGE_30MIN_UP	0.956091712872771	1	-0.22677632159701	-0.802003791730729	6379	180	RAB27B|IFI30|FCSK|ZBTB46|STK36|APLP2|SPIN3|MRPS18C|SERPINH1|ADAMTSL4|SPATA6|LOXL3|PRORSD1P|ROBO3|SPINT2|B3GAT3|TBXAS1|C11orf21|STING1|ACACB|TMEM42|RBFOX2|PAQR7|PAAF1|SLC35D2|BLVRB|ARHGAP22|ICAM3|SIRT4|LMNA|MTG2|ATP5F1D|EXOSC7|S100A6|GSTO2|CAVIN1|PTPN7|LINC00667|ADAM8
GSE9601_NFKB_INHIBITOR_VS_PI3K_INHIBITOR_TREATED_HCMV_INF_MONOCYTE_UP	0.718146718146718	1	0.242140188257564	0.926218929395886	2417	195	TRAPPC2B|PITPNC1|PLCE1|TM6SF1|TSPAN32|IL10RB|DNASE1L1|VSIR|AMZ2|KLF10|PTGS1|PPM1B|PNPLA6|AP1S2|GNPAT|NCBP2|PRKRA|IDH1|RBL2|SYNE1|SLC40A1|C5orf22|VDAC1|SQOR|NME7|RDH11|ANKRD46|ZMAT3|PIGC|FH|ADNP|DECR1|ACAT1|CAV2|SUPT4H1|DCAF4|MAPK14|PTPRA|ACTR8|TMT1A|IDE|SGMS1|YWHAH|TRAM1|FAF1|ANKMY2|SKP2|C11orf54|LTA4H|SUMO3|RNF130|GDAP2
GSE9650_EFFECTOR_VS_EXHAUSTED_CD8_TCELL_DN	0.703822585351619	1	0.24796705891648	0.924103825418865	2411	164	NKIRAS1|IFIH1|KCTD12|GABRR2|CCRL2|DOCK7|NR4A2|METAP2|ZNF821|PER2|INCA1|SCRG1|SPP1|STRA6|EGR2|AUH|GPLD1|MYO6|SLC30A1|LIN9|CPSF2|ACSL1|EPCAM|SCAMP1|GDAP1|PTPN12|CYP4V2|ATP2A2|HAPSTR1|SUB1|PRXL2A|ERCC5|PTPRJ|POLR1B|TM2D1|PNRC1|SSBP2|NOTCH4|EIF2AK2|AFP|RPRD1B|RHAG|MRPS2|CANX|IMMT|EXOSC8|TERF1|EVI5|POU2F1|POLR2C|GSTO1|SPRED2|GMCL1
GSE9650_EFFECTOR_VS_MEMORY_CD8_TCELL_DN	0.885036770223623	1	-0.237952028139802	-0.84529876921032	5896	190	NFKBIZ|IDUA|SMAD7|CCR7|FMC1|RPGR|P2RX4|TLR6|RABAC1|ATP13A1|SLC3A2|MOGS|MYPOP|D2HGDH|EEIG1|NSG2|LONP1|PLEKHA1|LUC7L|FOS|SLC12A7|XPC|HPCAL1|ZBTB20|RHOB|HEXA|HDAC7|VKORC1|TAPBP|EVL|LAMP1|C19orf48P|ZMIZ2|NUMA1|SKI|SOCS3
GSE9650_EFFECTOR_VS_MEMORY_CD8_TCELL_UP	0.642533936651584	1	0.250055372334719	0.946472364234562	2129	185	TTK|BATF|IL12RB2|CCL5|LGALS3|MEMO1|DTL|LAMP2|TOP2A|ANLN|P3H4|EEF1AKMT1|CCNA2|DAPK2|ABCB10|KPNA2|HK2|IL1RL1|PERP|SERPINE2|LAT2|RAP1B|LITAF|PRRC1|CDK1|FRG1|CRY1|CDK2AP1|SNX2|BUB1|MYB|KCTD9|KLRG1|RRM1|S100A10|CDK2|COQ3|MIS18BP1|PSMA2|ANXA1|RNF14|IDH3A|PPP2R5C|NCBP1|USO1|AK3|MIOS|XPNPEP1|GABARAPL1|ATP6V0E1|PCLAF|CISD1|ELOF1|S100A4|CDC25C|ANXA7|CCNB2|GDAP2|MRPS17|ACOT7|CLIP2|CANX|LACTB2|KIF23|NCAPH|HSPA4L|CD68|HMGB2
GSE9650_EXHAUSTED_VS_MEMORY_CD8_TCELL_UP	0.801464128843338	1	0.24064860097321	0.895043445825205	2736	162	IFIH1|KRT27|MMP14|CKMT1B|HIF1A|CCRL2|DOCK7|LHPP|KHK|SYPL1|CRYZ|ZNF821|FKBP10|PERP|SFRP2|STRA6|LAT2|EGR2|AUH|LITAF|MYO6|PRRC1|CSRP1|ZNF292|EPCAM|ELK1|CLIC4|KCTD9|VMP1|PTPRA|ERCC5|PLSCR1|PTPRJ|BTK|ETV1|AFP|RPRD1B|MRPS2|CANX|IMMT|BCL2L11|HSPA4L|TERF1|CCDC93
GSE9650_NAIVE_VS_EFF_CD8_TCELL_DN	0.708526899445527	1	-0.256685622995607	-0.907779266704337	4727	180	ADAM19|CRIP2|BSCL2|ITGA4|MT2A|DHRS1|WNT3|ETFB|COX17|CD48|ITGAX|PALD1|TMEM160|LMAN2|AURKB|STAB1|ENTPD1|MDFIC|LIG1|ACYP2|COMMD1|CTSA|TSPO|CTSD|PRF1|NDUFB7|PSMB10|TRAPPC1|CARHSP1|ATP5IF1|ELOVL1|ITGB1|LAMTOR5|IL18RAP|YKT6|PRELID1|ID2|STARD10|CDC34|SH2D2A|CSTB|S100A6|NDUFB6|TSPAN31|DCPS
GSE9650_NAIVE_VS_EFF_CD8_TCELL_UP	0.973549744514578	1	-0.22136761433199	-0.786942004422129	6477	192	IGF1R|WFS1|SMAD7|CCR7|P2RX4|HLA-DOB|TLR6|ZNF692|EEIG1|NSG2|PLEKHA1|RBM38|CRAMP1|RAMP1|SLC12A7|KCNN4|DGKA|XPC|HPCAL1|ZBTB20|HEXA|EPHX1|VKORC1|MAP1S|FASN|EVL|C19orf48P|CHERP|IL6ST|DHX30|SURF6|RNASET2|ZMIZ2|SKI|ACYP1|ITGAE|PKD1
GSE9650_NAIVE_VS_EXHAUSTED_CD8_TCELL_UP	0.993688007213706	1	-0.21160191379367	-0.752225815338179	6611	192	CCR7|ENG|GTF2I|RNF5|ITPA|RUFY1|EEIG1|NSG2|RPP25L|AURKAIP1|RBM38|KLK8|SELENOH|MAFK|TIMM44|PSAP|RAMP1|YIPF3|KCNN4|SLC1A5|RNPS1|DGKA|XPC|HPCAL1|NDEL1|HEXA|SGK1|UBR4|GFUS|DEAF1|FBXL3|SLC66A2|HDAC5|LYSMD1|CYBC1|PHETA1
GSE9650_NAIVE_VS_MEMORY_CD8_TCELL_UP	0.83569490503467	1	0.234771291425425	0.890677881572297	2771	188	DCK|TSPAN32|PDK1|GABRR2|STT3B|BTBD1|TMEM191C|CTSS|HDAC2|CLK4|ORC4|SLC44A1|FNTA|WDR26|MPHOSPH9|UGCG|TTC14|IL6R|LAT2|KIT|RPS6KA2|TDRP|EGR2|SLC25A14|PHTF2|ZNF292|NRAS|HBS1L|MYB|CDK2|SPCS2|SFMBT2|BIRC2|RNF14|TIA1|IKBKE|TTC3|TMEM245|MTF2|P4HA1|NCBP1|PIGX|RPF1|SFXN2|CSAD|DDX6|ZFAND5|S100PBP|MIOS|SMC4|FARSB|ZNF281|MBTD1|METTL9
GSE9946_IMMATURE_VS_LISTERIA_INF_MATURE_DC_DN	0.939653803398444	1	-0.236526294494586	-0.781917707073697	5916	104	SSC4D|ACE|RTKN|MESP1|RTN4R|CTHRC1|APOL6|ENTPD1|FRMD3|EGFL6|IFITM3|SDC4|GRB7|RAD50|HOXC10|MTHFD2L
GSE9946_LISTERIA_INF_MATURE_VS_PROSTAGLANDINE2_TREATED_MATURE_DC_UP	0.921853947722986	1	0.233263628085716	0.820724834313788	3420	106	LNX2|DCP1B|DOP1B|RHBDL1|EAF1|ANKRD61|NEU4|RPS6KA2|TRIM52|NET1|PSMA2|MINPP1|NF1|LRRC7|NOD1|UBQLN1|IPO5|BRIP1|ATXN7L1|CCDC115|SCLY|MDM1|NEB|NCOR2|ETV1
GSE9960_GRAM_NEG_VS_GRAM_POS_SEPSIS_PBMC_DN	0.716041979010495	1	0.243288155150457	0.924397660825406	2387	189	TCEAL1|ZNF14|FGD4|DOK2|SLC39A10|HACD2|NPL|LAMP2|KPNA3|ZBTB41|ETFRF1|TP53INP1|ZBTB18|MRTFB|TMEM37|MSH2|MXI1|CHPT1|SNAI3|SCCPDH|DENND4C|AP3S1|RBL2|PMS1|PMFBP1|RNF125|FCGRT|ATP6V1D|ABHD14A|SKAP2|MTMR12|TRIM52|MAP4K3|PLEKHA8|PCYOX1|B3GNT2|QSER1|FAR1|PDE7A|ACBD5|HACD3|MEGF9|CNOT6L|GDE1|ATP6V0E2|QKI|ITM2B|PLBD1|ERCC5|NUFIP2|AVL9|SLC35A1|RAB4A|MYCBP2
GSE9960_GRAM_NEG_VS_GRAM_POS_SEPSIS_PBMC_UP	0.754881345749474	1	0.242661787463111	0.914740309468991	2512	180	BATF|PLEKHM3|C20orf204|BMAL2|MMP14|ARHGAP28|COPS2|GPR162|PSMC6|NABP1|DTX3L|ETV3|TNFAIP8|WBP4|TRIB1|SLC39A1|IFIT3|SLAMF7|SERPINB5|JAK3|UGP2|IL10RA|UBE2NL|PTPN12|PABIR2|MLLT11|NET1|PSMA2|LYRM1|CHMP5|P4HA1|RAD21|KIAA1191|NMI|MIER1|NDE1|B3GALNT1|HELZ2|ANKRD33B|BTG1|TNFSF9|BTG3|PKNOX1|TSPAN3|STAT1
GSE9960_GRAM_POS_VS_GRAM_NEG_AND_POS_SEPSIS_PBMC_DN	0.731220657276995	1	0.24502395027784	0.915649525154256	2491	168	ZNF841|BATF|CD44|MSL2|DPF3|CAPZA1|GPR162|PICK1|DTL|MME|TOP2A|STXBP3|FOXN3|SMARCAD1|FMNL3|CYP27B1|MXI1|NAB1|TRIM13|WBP4|ATP1B3|MFSD1|PER2
GSE9960_HEALTHY_VS_GRAM_NEG_SEPSIS_PBMC_UP	0.939203354297694	1	0.223749148425344	0.851004155688654	3135	190	SETD7|DOP1B|KCTD12|TGFBR2|DDIAS|DOK2|SLC39A10|ZBTB33|NPL|DCBLD1|UCHL3|GLUD1|MRTFB|TMEM59|TMEM37|FAM13A|MXI1|ZNF274|CBX7|SNX24|SCCPDH|AP3S1|DDHD1|FCGRT|SLC40A1|PIGK|SKAP2|TRIM52|PCYOX1|B3GNT2|QSER1|SNX2|HACD3|HMG20A|GDE1|COMMD10|LRRC58|TPP1|TMEM245|BMP2K|ERCC5|SLC30A9|SLC35A1|ECHDC1|RAB4A|RUSF1|MYCBP2|ZZZ3|PFDN5|ATM|PEPD|TMX4|IFT20|TMEM33|VMA21|OMA1|GALT|ZNF253
GSE9988_ANTI_TREM1_AND_LPS_VS_CTRL_TREATED_MONOCYTES_DN	0.999850007499625	1	-0.19528432524821	-0.69328047927144	6665	189	PLXNB2|ENG|ENC1|ZNF710|CXCL16|APOBR|SH2D3C|THEMIS2|DDX23|POLR2E|MAP7D1|USP19|NFE2L1|DUSP7|RAB11FIP4|ARHGAP1|ELOVL1|MADD|RGS19|OSBPL11|ZNF615|PRELID1|RNF220|KLF13|GIT2|TMEM250|CDC34|AP1M1|NELFB|ATXN7L3|PINK1|PIGM|AP2M1|GNA12|PTTG1IP|MAST3|FHOD1|RHOG|UBAC1|APMAP|NAP1L4|TACC1|ARRB2|KDM2A|SMAD3|NT5DC2|SF3B2|USP22|KIAA2013|ANKRD13A|MNT|KMT2A|CTCF|STX6|TWF2|CNPPD1|CSK|FOXK1|CSTF2|PIK3CD|CMTM3|CCM2|RAB8A|SREK1IP1|CTDSP1|VRK3|UBXN6|DAGLB|SRSF9|ARRDC2|RNF38
GSE9988_ANTI_TREM1_VS_ANTI_TREM1_AND_LPS_MONOCYTE_UP	0.930852666465803	1	-0.231838380110567	-0.824638816881364	6178	194	S100A2|FARP1|TBC1D2|IFI30|HOMER3|COPS9|NDUFB2|ARID5A|MIGA2|CXCL16|JMJD8|ST6GALNAC6|APOBR|TNFRSF1A|CAMKK1|PPP4C|SP100|CSNK1D|MAP7D1|RPL27|ELOVL1|RGS19|MYL6|CD2BP2|MAP1S|PRELID1|MCOLN1|KLF13|ISCA2|CLTA|TSR2|OGFR|PSMA7|AP1M1|PSD4|COASY|NELFB|KLHL26|CDV3|ATXN7L3|BCKDK|TMA7|DUSP14|NRBP1|BCAP31|PLEKHO1|ZCCHC2|SNAPIN|SLC8B1|ARRB2|TLE3|USP22|RREB1|CNEP1R1|SH3BP5|CCDC97|KLHL20|CYB561D1|MNT|GGA2|DOK1|TWF2|FBXO7
GSE9988_ANTI_TREM1_VS_CTRL_TREATED_MONOCYTES_DN	0.999700149925038	1	0.186640476588094	0.709159144499555	3333	189	MYO1F|ST8SIA4|TGFBR2|CREBL2|RRM2B|JKAMP|TBC1D2B|NCOA4|FOXN3|PAIP2|GLE1|NBR1|ZFTA|MKRN1|HECA|BMF|CAB39|TCEANC2|PSMG2|CTNND1|IL10RA|UBE2W|RCOR3|RICTOR|GDE1|PUM2|ZNF217|IKBKE|GLTP|MAPK14|PTAFR|PHIP|PTPRJ|MRTFA|NCOR1|FUCA1|DCAF12|ZDHHC7
GSE9988_ANTI_TREM1_VS_LOW_LPS_MONOCYTE_DN	0.812066365007541	1	-0.24736088335999	-0.870518732891005	5383	174	NFKBIZ|MIR9-1HG|STX11|MARCKS|LINC00528|CXCL1|MIR3945HG|PNPLA1|RND1|IER3|LINC01465|ICAM1|PILRA|SPECC1L|RHOF|IL1B|ZC3H12A|TBC1D10A|PLK3|SDC4|IL23A|ZBTB10|HIVEP1|SMCO4|G0S2|TANK|SFR1|IL15RA|ID2|TNIP1|DCUN1D3|CLCF1|C1orf122|NOCT
GSE9988_ANTI_TREM1_VS_LOW_LPS_MONOCYTE_UP	0.961159247086944	1	0.221029103451181	0.841340821634959	3216	191	PTPN6|BCAR3|COL15A1|GNA13|LGALS3|EIF2AK3|SNX33|CD164|DTL|AMD1|HIC1|NPM1|MT1X|FNIP2|TRIB1|PLPP3|S1PR3|SPP1|GPNMB|SDS|LINC01010|CYTH4|ATP6V1D|ANKRD28|TCEAL9|TMED5|TMEM38B|LIMK1|MAP4K3|UBXN7|TGFBR1|TLR5|NAA50|CHSY1|TMEM70|FBXO45
GSE9988_ANTI_TREM1_VS_LPS_MONOCYTE_UP	0.995040577096483	1	-0.210360945847921	-0.747814285649892	6620	192	S100A2|TSC22D3|RNASEK|TBC1D2|STX1A|IFI30|HOMER3|MELTF|CD37|NDUFB2|ARID5A|SGSH|ITGAX|PPARG|LONP1|LBX2-AS1|STX4|PGS1|ID3|CSNK1D|IL17RA|RHOB|SGK1|CTSL|CEBPB|VKORC1|MCOLN1|ZBTB43|NRIP3|LONRF3|LRFN4|PSD4|PLEKHM2|MOAP1|KLHL26|SH3BGRL3|DUSP14|NRBP1|SMIM29|BCAP31|MGAT1|GTF2IRD1|PLEKHO1|GPCPD1|ZCCHC2|TSHZ1|ATOSB|ZC3HC1|SLC8B1|TLE3|CLN8|NPC1|LPL|RREB1|SMIM13|SH3BP5|CCDC97|DYNLT2B|NDUFB9|GGA2
GSE9988_LOW_LPS_VS_ANTI_TREM1_AND_LPS_MONOCYTE_DN	0.932891965091784	1	0.224968327538624	0.851009386594544	3099	184	SLC9B2|BCAR3|COL15A1|GNA13|LGALS3|EIF2AK3|ACOX3|SNX33|DTL|TRPM7|MT1X|NR4A2|SPRY2|SNAPC1|FNIP2|CAMTA2|TRIB1|GTF2A1|PLPP3|RRAD|S1PR3|SPP1|LINC01010|EGR2|ATP6V1D|ANKRD28|TCEAL9|USP53|TMEM38B|MAP4K3|UBXN7|TLR5|NAA50|CRY1|AMZ2P1|CHSY1|MOB1B|RLF|KLHL6
GSE9988_LOW_LPS_VS_ANTI_TREM1_AND_LPS_MONOCYTE_UP	0.997570235383447	1	-0.206544666294276	-0.723215407062735	6568	167	NFKBIZ|MIR9-1HG|STX11|ENG|CXCL1|IL4I1|MIR3945HG|MOGS|KLF7|HAS1|RND1|TMTC2|EFNA1|CMKLR1|BCL9L|TRADD|GAL3ST4|GPR107|TBC1D10A|SIX5|IL23A|SMCO4|GRINA|IPPK|TNIP1|DCUN1D3|AP1B1|BID|ENTR1|BCL2L1|PSEN1|NECTIN2|TGS1|TNFAIP2|IRF1|GRAMD1A
GSE9988_LOW_LPS_VS_CTRL_TREATED_MONOCYTE_DN	0.744543128104772	1	-0.252445540023047	-0.897746337414304	4945	193	TSC22D3|PLXNB2|IFI30|ENC1|MRM2|GRN|CXCL16|ATG9A|QRICH1|APOBR|ACVR1B|SH2D3C|THEMIS2|ZNF747|TNFAIP8L2|DDX23|MAP7D1|B4GALT7|BRPF1|PGP|DUSP7|RAB11FIP4|ELOVL1|RGS19|OSBPL11|PRELID1|RNF220|KLF13|ISCA2|GIT2|TMEM250|ZNF226|NELFB|PXN|PIGM|NRBP1|MSRB1|TBC1D10B|ARAP3|PLEKHO1|FHOD1|UBAC1|NAP1L4|TACC1|TLE3|RNF34|SF3B2|USP22|PAGR1|KIAA2013|MNT|CTCF|STX6|FBXO7|CSK|FOXK1|WASF2|CMTM3|RAB8A|CTDSP1|ZNF45|HINFP
GSE9988_LOW_LPS_VS_VEHICLE_TREATED_MONOCYTE_UP	0.69588093806374	1	-0.259082904517668	-0.91341463287501	4628	176	NFKBIZ|ATP2B1-AS1|CCR7|CXCL1|RPGR|P2RX4|EREG|MIR3945HG|DNAAF1|RASGEF1B|TPD52|MFSD2A|RND1|IER3|LINC01465|ICAM1|LAMB3|IL1B|MGAM|CYB5D1|LSS|ZC3H12A|NFKBID|KANK1|PLK3|SDC4|IL23A|DOT1L|G0S2|SFR1|IL15RA|ID2|DCUN1D3|NOCT|DUSP5|SOCS3|ZNF674-AS1|TNFAIP2|JUN|GRAMD1A|KDM6B|NAF1
GSE9988_LPS_VS_CTRL_TREATED_MONOCYTE_DN	0.970473034046399	1	-0.223179552393547	-0.793839751425776	6441	194	TSC22D3|PLXNB2|ENC1|PDLIM2|GRN|CXCL16|APOBR|THEMIS2|TNFAIP8L2|DDX23|FRMD8|BRD1|MAP7D1|BRPF1|PGP|RETREG2|DUSP7|BAP1|ARHGAP1|ELOVL1|RGS19|OSBPL11|ZNF615|PRELID1|KLF13|ISCA2|GIT2|PRPF6|ZNF226|NELFB|ATXN7L3|NRBP1|MSRB1|ARAP1|MAST3|PLEKHO1|FHOD1|SNAPIN|RPS19BP1|UBAC1|APMAP|NAP1L4|ARRB2|SF3B2|USP22|PAGR1|KIAA2013|ANKRD13A|MNT|CTCF|STX6|FBXO7|CSK|FOXK1|WASF2|CMTM3|RAB8A|CTDSP1|HINFP|VRK3|DAGLB|SRSF9|ARRDC2|RNF38
GSE9988_LPS_VS_CTRL_TREATED_MONOCYTE_UP	0.745701357466063	1	-0.254407717832293	-0.895318132587495	4943	174	NFKBIZ|ATP2B1-AS1|MIR9-1HG|CCR7|MARCKS|IL6-AS1|TDH|CXCL1|RPGR|MIR3945HG|DNAAF1|TPD52|MFSD2A|RND1|IER3|LINC01465|ICAM1|SPECC1L|EFNA1|IL1B|CYB5D1|GBP2|ZC3H12A|PLK3|IL23A|G0S2|SFR1|ID2|FAM177A1|DCUN1D3|CLCF1|NOCT|HES1|DUSP5|SOCS3|ZNF674-AS1
GSE9988_LPS_VS_LPS_AND_ANTI_TREM1_MONOCYTE_DN	0.999398315282792	1	0.19859701618845	0.749692670225397	3321	182	SLC9B2|BCAR3|COL15A1|GNA13|EIF2AK3|ACOX3|SNX33|DTL|CKS2|NR4A2|SPRY2|SNAPC1|FNIP2|CAMTA2|TRIB1|SLC19A2|GTF2A1|PLPP3|RRAD|S1PR3|SPP1|ATP6V1D|ANKRD28|FAM83G|TCEAL9|TMEM38B|MAP4K3|TLR5|NAA50|CRY1|RHEB|MOB1B|RLF|ZBTB21|KLHL6|VMP1|GCNA|MRGBP|TMEM181|RB1CC1|ATP6V1B2|CORO1C|BHLHE40|AKIRIN2|SERTAD2|ATF3|RIOX1|FKBP15|TBC1D7|SOS1|DYRK3|DAB2|DPH5|NUDT4|CD68
GUILLAUMOND_KLF10_TARGETS_UP	0.82745471877979	1	0.270591391654172	0.811441769744405	3471	41	RGS5|GPR85|STEAP1|SYT11|SERPINE2|ATP8A1|YWHAZ|NNT|DERL1
GUO_HEX_TARGETS_UP	0.78423967774421	1	0.260604538578704	0.859418221278834	3114	70	AKTIP|TBX3|EFNA2|CMTM6|BPNT2|AKAP12|NAA15|WDR26|WWTR1|SFRP2|SP1|FZD4|LUC7L2|NDN|KDM6A|ELOVL6|MTF2|PTEN|STIL|ATP6V1A
GUO_TARGETS_OF_IRS1_AND_IRS2	0.986497220015886	1	0.217967988357866	0.741109597858148	3725	87	DNAJB2|PITPNC1|LBHD1|AFF4|PPP1R3B|PPM1A|MXI1|HSPH1|SC5D|RBL2|IL6R|SGK2
GYORFFY_DOXORUBICIN_RESISTANCE	0.654770235595988	1	0.312729497823461	0.886940975917957	2806	32	BBS12|SLC38A2|CMPK1|ANGPT1|ABCB1|BRWD1|AP4E1|ADD2|PTPRH|TRG-AS1|MCPH1
HAHTOLA_CTCL_CUTANEOUS	0.941995768688293	1	-0.26489285503709	-0.682293278382665	5342	25	S100P|ETHE1|MS4A4A|G0S2|CDC42
HAHTOLA_MYCOSIS_FUNGOIDES_SKIN_UP	0.796312554872695	1	0.239661612941464	0.895120206100348	2720	167	RGS5|LST1|ITGB3BP|CAPZA2|MGAT2|BACE2|GLUD1|MRTFB|LIPT1|ARMCX6|SP3|ARPP19|MFAP3|MED13|TRIM2|RCBTB2|TOX|FBLN1|ARL3|PRKCI|YWHAZ|CRBN|RTN3|FXR1|NME7|ZNF292|ITM2A|RAPGEF6|TMEM14A|RBBP4|APEX1|ATG12|PFN1|TNPO1|GPI|P4HA1|HNRNPA1|C6orf62|UPF2|RBM25|CAPZB
HAHTOLA_MYCOSIS_FUNGOIDES_UP	0.972523499638467	1	-0.256823821626752	-0.605689452704549	5379	17	S100P|TSC22D1|G0S2|SIK3
HALLMARK_ADIPOGENESIS	0.64682124158564	1	-0.262155906553706	-0.930650830595291	4323	188	C3|RETSAT|RAB34|COX8A|LAMA4|ACADS|UQCR11|COX6A1|LPCAT3|PEMT|UQCR10|APOE|ETFB|APLP2|ITIH5|ITGA7|MIGA2|DNAJC15|ABCB8|POR|CHCHD10|PPARG|SLC19A1|SLC27A1|ELMOD3|PHLDB1|BCL6|SCARB1|DDT|DGAT1|NDUFB7|SLC1A5|UQCRQ|SULT1A1|CD151|DHRS7B|UCP2|DHCR7|LIFR|TANK|GPAM
HALLMARK_DNA_REPAIR	0.987503550127805	1	0.213135314274466	0.784226803698997	3476	148	AGO4|RAD52|RRM2B|REV3L|NT5C3A|RFC4|PRIM1|NPR2|DCTN4|NCBP2|TMED2|HPRT1|POLA1|SDCBP|CMPK2|VPS37D|ERCC8|TYMS|EIF1B|RFC5|TSG101|SNAPC5|RPA2|SUPT4H1|GTF2B|TAF9|DAD1|CETN2|ERCC5|PCNA|ZWINT|AK3|RAE1|GTF2H1|RFC3|PNP|SMAD5|TAF12|ALYREF|ERCC4|POLR2K|NUDT9|POLR3C|GTF2H5|POLD4|POLL|POLD3|NFX1
HALLMARK_GLYCOLYSIS	0.820547330641543	1	-0.245344466646037	-0.869989423138088	5486	185	IDUA|EXT1|QSOX1|TPBG|CHST12|B3GAT1|SRD5A3|PLOD1|PPFIA4|IER3|GPC1|STC2|MIF|ABCB6|B3GAT3|MET|DCN|TKTL1|G6PD|IRS2|GMPPA|SLC16A3|NSDHL|GAL3ST1|MERTK|MED24|B4GALT7|AGRN|NOL3|POLR3K|GFUS|GALE|SLC37A4|B4GALT2|P4HA2|XYLT2|CLN6|CHPF2|PDK3|KDELR3|MPI|VEGFA|AK4|RBCK1|COG2|AKR1A1|EFNA3|PFKP|B3GALT6|ANKZF1
HALLMARK_HEME_METABOLISM	0.993896993152724	1	-0.211645598298528	-0.755518511958379	6676	198	ACKR1|FN3K|C3|TSPAN5|HBQ1|HBB|BSG|H4C3|DCAF11|BCAM|TRIM10|SLC6A8|ACSL6|ABCB6|PIGQ|KEL|RBM38|TMCC2|SLC10A3|SPTB|SLC7A11|ASNS|LPIN2|SELENBP1|IGSF3|NFE2L1|SLC6A9|GYPB|UCP2|SIDT2|PPOX|AHSP|SLC66A2|BLVRB|RAP1GAP|P4HA2|RHCE|ATP6V0A1|NFE2|ICAM4|HBZ|EPOR|ADD1|ALDH6A1|RAD23A|PSMD9|NARF|ALAS2|GATA1|RNF19A|SPTA1|RBM5
HALLMARK_KRAS_SIGNALING_UP	0.89099741915895	1	-0.23838667165285	-0.832825699540573	5868	162	PLAT|ITGBL1|ENG|CD37|ACE|ANKH|EREG|CBX8|SEMA3B|CSF2|APOD|TPH1|IL2RG|CMKLR1|PIGR|IL1B|MAP4K1|KCNN4|MTMR10|TNFRSF1B|G0S2|PTCD2|AKT2|ID2
HALLMARK_MITOTIC_SPINDLE	0.99276563677468	1	-0.213147918729719	-0.758413202616255	6586	195	FARP1|AKAP13|MARCKS|RAPGEF5|INCENP|DOCK4|BCAR1|TRIO|SUN2|ARHGAP4|TUBGCP6|SAC3D1|CEP250|SORBS2|TAOK2|RHOF|KATNB1|RHOT2|CNTROB|TBCD|PLEKHG2|BIN1|TSC1|CSNK1D|MYO9B|MAP3K11|RALBP1|DYNC1H1|CDC42EP4|UXT|ABL1|TUBGCP2|FLNB|MAP1S|CTTN|PCNT|CDC42|ESPL1|NUMA1|PAFAH1B1|PXN|SPTBN1|EPB41L2|KIF2C|PIF1|FLNA|ARHGEF3|OPHN1|SEPTIN9|ARAP3|KATNA1|KPTN|CDK5RAP2|KIF22|HDAC6|ACTN4|ARFIP2|PRC1|CYTH2|BIRC5|EZR
HALLMARK_MYC_TARGETS_V2	0.903003859708005	1	-0.254053487572937	-0.76966934457741	5380	58	SLC19A1|PHB1|PUS1|SLC29A2|NOP2|TBRG4|EXOSC5|RRP12|SRM|MYBBP1A|NOP16|DCTPP1|WDR74|NOC4L|PES1|NOP56|BYSL|PPAN|RABEPK|LAS1L|TCOF1|HSPE1|CDK4|NOLC1
HALLMARK_PEROXISOME	0.830526597166533	1	0.249020203587953	0.861457777227122	3106	96	MLYCD|ESR2|TOP2A|SIAH1|ABCD3|MSH2|GNPAT|IDH1|ISOC1|SCP2|HSD17B11|FABP6|ACSL4|ALDH9A1|CNBP|ACSL1|CRABP2|RDH11|PEX13|ABCB1|ELOVL5|PEX5|IDE|YWHAH|PEX2|VPS4B|IDI1|PABPC1|CAT|PEX11B|PRDX5|SLC25A4|SLC25A17|SLC27A2|CTBP1|ALDH1A1|ABCB9
HALLMARK_TGF_BETA_SIGNALING	0.713271302644466	1	0.279713830935668	0.877729798961136	2912	53	BCAR3|BMPR2|KLF10|PPM1A|FNTA|SKIL|WWTR1|LEFTY2|RHOA|SLC20A1|TGFBR1|BMPR1A|UBE2D3|APC|CTNNB1|RAB31|TRIM33|NCOR2|SMURF1
HALLMARK_TNFA_SIGNALING_VIA_NFKB	0.778710644677661	1	0.238589239426334	0.906543660900468	2596	189	FOSB|CD83|CD44|EGR3|CD69|IFIH1|CCL5|CCL2|CCN1|CCL4|CCRL2|PHLDA1|KLF10|EGR1|PFKFB3|CD80|NR4A2|TNFAIP8|NFAT5|TRIB1|PLPP3|GPR183|PTX3|ICOSLG|EGR2|LITAF|CXCL11|NFE2L2|HBEGF|REL|B4GALT5|NAMPT
HALLMARK_UNFOLDED_PROTEIN_RESPONSE	0.756403269754768	1	0.250842144009033	0.888876532362512	2775	112	CCL2|EIF2AK3|NABP1|MTREX|NPM1|NFYA|MTHFD2|DDX10|CNOT6|IFIT1|EIF4E|NFYB|EXOSC9|EDC4|YWHAZ|ERO1A|HERPUD1|SPCS1|KIF5B|CNOT2|WIPI1|TARS1|SSR1|EIF2S1|DNAJB9|DCP2|SDAD1|XPOT|SRPRB|EIF4A2|HSPA9|DKC1|ALDH18A1|ATF3|SLC30A5|HSPA5|PSAT1|PAIP1|SKIC3|DNAJC3|SEC31A
HALLMARK_UV_RESPONSE_DN	0.731020535158681	1	-0.261004544689976	-0.891939344495237	4698	135	IGF1R|PLCB4|SMAD7|SLC22A18|APBB2|ATRN|ATXN1|COL1A1|DBP|PPARG|IRS1|FYN|SERPINE1|MET|AKT3|CACNA1A
HALLMARK_WNT_BETA_CATENIN_SIGNALING	0.730669188933554	1	0.287927264565718	0.855253252539352	3089	39	FZD8|TCF7|HDAC2|RBPJ|MYC|CTNNB1|NUMB|SKP2|NOTCH4|NCOR2|ADAM17|CCND2|HDAC11|CUL1
HAN_SATB1_TARGETS_UP	0.954755434782609	1	-0.223379458797337	-0.846400004542821	7026	383	TCEA2|PLAT|OSMR|BCAS4|S100P|PLXNB2|ENG|ATRN|LAMB1|CCPG1|ARSA|SFN|EPB41L1|FICD|CXCL1|TAP1|MAPK11|SYNGR1|RABAC1|LAMA5|LDOC1|APOC1|SERPINH1|IFIT2|RIMS2|KLF7|FLT1|MMP1|FYN|HDAC4|TPCN1|MCAM|SHFL|CA12|FHL1|IL1B|CYP51A1P2|CXADR|MX1|INHBE|NINJ2|TXNRD2|TSC1|LSS|BRD1|TSPO|GGCX|PAEP|IGF2R|SLC7A11|NDUFA6|PPP6R2|SLC2A3|NACC2|ATP13A2|HYAL3|NOL3|RHOB|WDR83OS|ACAA1|UCP2|RBX1|PYROXD1|ALG12|SHOC2|NCAPH2|OAS3|FBXO10|OSTM1|NNMT|RRP7A|PRSS2|CENATAC|EDRF1|GOLGA2|PPME1|PMP22|CTSZ|RANGAP1|LTBP1|AUP1|SAP30L|DESI1|PDXK|ASL|SPTBN1|DENND5B|AK4|RBCK1|CEMIP2|SH3GLB2|SYNGR3|CYB5R3|ZNF600|TMEM158|PACSIN2|DHCR24|TBL1X
HANSON_HRAS_SIGNALING_VIA_NFKB	0.719605204127411	1	0.334796065021508	0.829221569289957	3207	18	TSLP|ADRA2C|PVR|TMOD2
HARALAMBIEVA_PBMC_TIV_AGE_50_74YO_CORRELATED_WITH_MEMORY_B_CELL_RESPONSE_3DY_POSITIVE	0.991846628470692	1	0.228399613501361	0.539194583928113	4500	15	MAP1LC3B2|USP6NL|PELI1
HARRIS_HYPOXIA	0.81460023174971	1	-0.264761709831992	-0.830770033642332	4920	72	TAGLN|L1CAM|FLT1|IGFBP2|RP1|TGFB3|FOS|MIF|PGF|CA12
HASLINGER_B_CLL_WITH_13Q14_DELETION	0.719634539591544	1	-0.336895262499484	-0.826847552258702	4016	20	TPM2|DUSP8|CTSA|ITGB5
HEDENFALK_BREAST_CANCER_BRACX_DN	0.69185520361991	1	0.336031355397125	0.85213034062544	3057	20	OCIAD1|METAP2|CASD1|HPS5|EP300|FTCD|NAP1L1|EVI5|CEPT1|UBR5|DLEU2
HEDENFALK_BREAST_CANCER_BRACX_UP	0.829132157003961	1	-0.311518548746222	-0.754409902402385	4604	19	UBA52|JUNB|TANK|RPS5|RPS13|RPL15|RPL31|RPL19|CHPF
HEIDENBLAD_AMPLICON_12P11_12_DN	0.912378553436488	1	-0.282841525265898	-0.705290864766055	5070	22	VILL|SYNGR2|TNFRSF8|TEKT4P2|FBXL20|JUNB|SNHG15
HEIDENBLAD_AMPLICON_12P11_12_UP	0.919250306533544	1	-0.265713288103536	-0.725136454159121	5247	33	SHISA7|RPGR|KCNK5|ARHGEF26
HEIDENBLAD_AMPLIFIED_IN_PANCREATIC_CANCER	0.85822722820764	1	0.258169654384445	0.810125112808034	3504	53	FAR2|C2CD5|CBLL1|ETNK1|MED21|FGFR1OP2|TSPAN12|HBS1L|PPFIBP1|PTK2|CYRIB|CMAS|DSCC1|DLD|BCAT1|METTL2A|SMURF1
HELLER_SILENCED_BY_METHYLATION_DN	0.781672025723473	1	-0.26362758324393	-0.857099855028652	4861	92	HSPA6|CCPG1|CHAC1|CBS|GDF15|HBB|SLC3A2|DNAJC15|SERPINH1|STK39|P2RX5|INHBE|TRIB3|MZF1|TIMM44|SLC7A11|ASNS
HERNANDEZ_MITOTIC_ARREST_BY_DOCETAXEL_1_UP	0.994710860366714	1	-0.222857208746903	-0.574020675438165	5641	25	TIMP3|EMP3|SGK1|GYG2|PRAME|TMEM98|VAMP8|MAGEA6
HERNANDEZ_MITOTIC_ARREST_BY_DOCETAXEL_2_UP	0.738276620958185	1	-0.286021073417976	-0.85049872955058	4360	52	PLAT|S100A2|MT2A|LAMA4|H4C3|RGP1|H4C2|DCT|ASNS|SLC1A5
HILLION_HMGA1_TARGETS	0.804643449419569	1	-0.267183068657612	-0.834906736979725	4851	70	CRIP2|COX5B|IRS1|TGFB3|HSPB1|MIF|ID3|PSMB6|IGF2R|ID1|ID2|TK1|RPS11|RPS12|PMP22|ATP5MC1|AKR1A1|CHRNB1|COX4I1|RPS17|B2M|RPL13|CFL1|ACHE
HINATA_NFKB_TARGETS_KERATINOCYTE_UP	0.808700076316459	1	0.255790687687446	0.850498286316671	3178	74	CXCL8|CD83|MMP14|CCL5|TNFAIP8|CYP27B1|IL32|MTSS1|PTX3|LITAF|CXCL11|CCNH
HIRSCH_CELLULAR_TRANSFORMATION_SIGNATURE_UP	0.970835751596053	1	-0.22145826263788	-0.803253939897214	6690	231	OSMR|IRF7|TAP1|P2RX4|IFITM1|ADGRE5|EREG|DOCK4|GRN|GSDMD|TNFRSF21|EPN2|PLOD1|ETHE1|IFI35|SLC35G2|RGS17|MPG|FYN|ROBO3|PCGF1|TIMP1|BCL3|PGS1|CFHR3|IL1B|SLC12A7|SEMA4C|STON1|SLC2A3|JUNB|HEXA|CDCP1|PDP1|CTSL|INTS11|CARHSP1|GALE|RPL36|DGUOK|CYBC1|EVL|IL15RA|SIGIRR
HOEBEKE_LYMPHOID_STEM_CELL_DN	0.866010964205095	1	-0.252878365332611	-0.81292008606235	5370	84	MARCKS|TMEM258|RAB38|KHDRBS3|IFI16|HSPB1|IL1B|DLK1|ICAM2|RALBP1|PCIF1|CEBPB|RPS27|TFR2|OGFOD3|HSPA1A|TAX1BP3|ICAM4|S100A6|RPL35|ALDH6A1
HOEBEKE_LYMPHOID_STEM_CELL_UP	0.890281124497992	1	-0.248103344982976	-0.800280678685894	5541	86	DPEP2|HLX|ITGA4|ARHGAP45|CHD3|TBCD|BCL6|C11orf21|NLRP1|EVL|PGGHG|SMARCA4|TENT4A|IQSEC1|TNFAIP2|TRAF5|SETD5|EIF4A1
HOEK_NEUTROPHIL_2011_2012_TIV_ADULT_7DY_DN	0.856304296783283	1	0.270874126552807	0.784588611166278	3646	35	PNPT1|CMPK2|APOL3|APOBEC3D|RSAD2|LIMK1|IFI6|ETV7|NUP54|DIMT1|ATF3
HOEK_NK_CELL_2011_2012_TIV_7D_VS_0DY_ADULT_7D_DN	0.845248667850799	1	0.311786191015257	0.746776621890764	3806	16	FOSB|DTL
HOELZEL_NF1_TARGETS_UP	0.829348851840201	1	-0.251622448820481	-0.846356708598537	5272	118	S100A2|KISS1R|ATXN1|GDF15|EPS8|IFI16|SLC41A2|CD163L1|SERPINE1|SLC27A6|MET|ARHGAP26|NRG1|FAS|DUSP4|FAM131B-AS2|NACC2|PDGFA|CEBPB
HOFMANN_MYELODYSPLASTIC_SYNDROM_LOW_RISK_UP	1	1	-0.1787328557073	-0.432840473778943	5553	19	DLK1|CDKN1A|PTPN7
HOFT_CD4_POSITIVE_ALPHA_BETA_MEMORY_T_CELL_BCG_VACCINE_AGE_18_45YO_ID_7DY_TOP_100_DEG_EX_VIVO_UP	0.82028626965895	1	-0.299846169046404	-0.778462231397767	4641	26	DPEP2|TSC22D3|FXYD1
HOLLEMAN_ASPARAGINASE_RESISTANCE_B_ALL_UP	0.912515402217919	1	-0.271031230730236	-0.715808333737351	5183	28	NTRK3|RPL13A|RPL3|NOP53|LPCAT1|RPS5|CLEC11A|EIF3K|RPS3|RACK1|RPLP0|TENT5C|FBL
HOLLEMAN_PREDNISOLONE_RESISTANCE_ALL_UP	0.998379546272956	1	-0.210046475191448	-0.508673212195257	5544	19	OTUB1
HOLLEMAN_PREDNISOLONE_RESISTANCE_B_ALL_UP	0.997281377435433	1	0.212192261381414	0.545384201060891	4401	21	WAC|CDK2AP1|CS|SUMO2|TLE5|NTAN1|HNRNPR|INTS15|POLDIP3|PRPF18|PCBP1
HOLLEMAN_VINCRISTINE_RESISTANCE_ALL_DN	0.917054819061268	1	-0.280867131157131	-0.689336793234228	5118	20	RPLP2|LSM7|ATP13A2|RPS2|RPL10|RPS12
HOLLEMAN_VINCRISTINE_RESISTANCE_ALL_UP	0.943522767384398	1	-0.260487444950886	-0.682203256514439	5345	27	DSC3|KCNN1|PISD|GNS|KDM4B|SPATA2|EPOR|ZNF512B
HOLLEMAN_VINCRISTINE_RESISTANCE_B_ALL_DN	0.901782466351401	1	-0.297176244522559	-0.689602487896977	4957	16	RPLP2|CDKN2D|ATP13A2|RPS11|RPS12
HOLLEMAN_VINCRISTINE_RESISTANCE_B_ALL_UP	0.996675415573053	1	-0.213738482012195	-0.5869610125361	5695	34	SOX11|DSC3|KCNN1|ZNF263|PISD|KDM4B|SPATA2|ZNF512B|CHCHD7
HOLLMANN_APOPTOSIS_VIA_CD40_DN	0.992831541218638	1	0.210546843844781	0.821468550666542	3046	244	IFIH1|MX2|H2BC6|CPVL|HLA-B|NXN|ST3GAL5|MGAT2|ZBTB18|RNF138|FNDC3B|MT1X|SATB2|ARMCX6|ZNF274|TRIM13|PLXND1|AGPS|HOMER1|H2BC7|FAM174B|LDB3|BACH2|LITAF|RHOA|IFT57|CPOX|PPA2|CREG1|TARS1|CDKN1B|DECR1|ZSCAN9|SETMAR|ANXA5|HOXB7|ELOVL6|MTRF1|CHMP2B|SUB1|AP3B1|TOR1AIP1|TMX1|SEC23IP|MTMR2|FANCF|RCN2|EFR3A|SEPTIN11|ZNF195|ZNF124|BZW2|RYK|TFG|B3GALNT1|TRAM1|SUCLG2|ANKMY2|OSR2|SAV1|H2AC6|ACOT13|STAMBP|VIM|STAT1|HSBP1|KYAT3|ZC3HAV1|NAA35|SERPINB1|ATP5MJ|PPP3CA|GTF2H5|CANX|CCNB1IP1|ACOT9|TDRD7|RWDD2B|ZKSCAN4|GSTO1|LRIF1|UBE2L6|VWA8|LDAH|GSE1|DENND5A|CRTC3|C8orf33|CASP6|PDLIM1|ZNF22|BAG3|BCR|CTNNA1|THYN1|ANKRD10
HOLLMANN_APOPTOSIS_VIA_CD40_UP	0.912729461330123	1	0.227423092965109	0.860295264489815	3032	184	DPYSL2|ITGB7|STAP1|SERINC5|COPS2|FOXN3|PEX3|PEX1|MEF2C|MAPK6|SYPL1|HSPH1|PLEKHF2|ARPP19|FNTA|XPO7|TMEM106C|VAV1|MRPS22|COPS3|NUSAP1|CNOT7|SYNE1|NUDT11|TOX|SGCB|ATP8A1|RAP1B|CAP1|HBS1L|ENDOD1|CPNE3|SNX19|ACAT1|ALDH2|MAK16|PTPRC|MRPS33|CDKN3|HMGB1|AGPAT5|AGO1|SMC4|NEMP1|ATP6V1B2
HONRADO_BREAST_CANCER_BRCA1_VS_BRCA2	0.868783303730018	1	0.303142786115205	0.72607431723809	3912	16	TOP2A|CCNA2|CCNB1|BCL2|SKP2|VIM
HORIUCHI_WTAP_TARGETS_UP	0.678912145806635	1	-0.252226328308992	-0.929776883495651	4767	276	TAGLN|APOLD1|GLIDR|IL15|OSMR|SEL1L|TCN2|PITPNM3|RAPGEF5|ZNF71|ITGA4|PLLP|APOL1|PIK3C2B|CXCL1|HES4|FAM200B|ACTA2|CXCL16|IFIT2|FLT1|COLEC12|LGALSL|SLC2A12|NUDT16|ICAM1|APH1B|LGALS3BP|STC2|NFIL3|NR1D1|ARHGAP26|ENTPD1|FRMD3|ZNF302|NDRG4|DUSP4|H2BC5|IGF2R|SLC2A3|CPQ|HEXA|SDC4|CEBPB|RANBP3|PRKAB2|TAPBP|TSC22D1|TMED4|ACVR2B|GLMP|OSTM1|ENTPD4|KLHL21|SH3KBP1|DNASE2
HOWARD_NEUTROPHIL_INACT_MONOV_INFLUENZA_A_INDONESIA_05_2005_H5N1_AGE_18_49YO_1DY_UP	0.832386757168583	1	-0.237349149295135	-0.891855820851443	6008	349	KLHDC7B|NRADDP|STX11|TYMP|STOML1|IRF7|IFI30|CIITA|N4BP2L1|RASGRP3|KIF24|ASPHD2|MT2A|APOL1|PSMB9|C5|TAP1|CTRL|FLT3LG|IFITM1|HELB|WHRN|HLA-DOB|DOCK4|GSDMD|SH3PXD2A|IFI35|IFI16|IFIT2|HERC6|RSPH9|ANXA2R|RIGI|ICAM1|MATCAP1|APOL6|CASZ1|FRMD3|KCNJ15|MX1|CACNA1A|PCED1B|IFITM3|BATF2|GBP2|TBC1D8|CTSA|ID3|ISG15|FANCA|TAP2|PSMB10|MICB|SPHK1|TIMM10|ENTPD6|SMCO4|SELENOI|GRINA|OAS3|IL15RA|CMTR1|SAMD9L|H2BC18|CNIH4|MDK|DTNBP1|PARP12|IRF9|PCK2|LMTK2|APOL4|DUSP5|STN1|RILP|LY6E|MR1|RANGAP1|DDX51|DEXI|IRF1|DNPEP|RBCK1|DNAJC1|GSTK1|LACTB
HOWARD_NEUTROPHIL_INACT_MONOV_INFLUENZA_A_INDONESIA_05_2005_H5N1_AGE_18_49YO_3DY_UP	0.742802608557341	1	-0.264770714572909	-0.872900645355417	4669	102	KLHDC7B|RHPN1|STOML1|BTN2A3P|MT2A|PRPF31|IFI35|IFIT2|HERC6|MATCAP1|FRMD3|MX1|IFITM3|BATF2|ISG15|AGRN|TIMM10|OAS3|EVL|CMTR1|SAMD9L|PARP12|PCK2
HOWLIN_CITED1_TARGETS_2_UP	0.965586145648313	1	0.260605696248877	0.624191343614394	4348	16	KIF18A|RESF1|CD24|MYB|NFIA|LACTB2
HSIAO_HOUSEKEEPING_GENES	0.744536446314647	1	-0.242811183737958	-0.920225989463618	5484	384	ACKR1|POLR2L|RPS21|MARCKS|RPL28|COX8A|MT2A|RPS28|COX6A1|RPLP2|IFITM1|RPS29|APLP2|RPL23|COX6B1|UBA52|MT-RNR1|SLC6A8|RPS9|FYN|RPL18|HSPB1|UBB|COMT|RPL13A|OS9|ATP6V1F|FHL1|FAS|SEC61B|IFITM3|RPL38|PSAP|NCSTN|VPS72|ATOX1|PSMB5|PSMB6|DDT|CST3|RPS18|RPS15|RPS10|RPS16|JUNB|RPS2|RPLP1|HMGN2|RPL27|PSMD2|ARHGAP1|ITGB1|RPS23|OAZ1|SNRPD2|NEDD8|RPS27|GPS1|RPL37A|RPSA|CLTA|LAMP1|GSTP1|TMBIM6|TUBBP1|PSMB4|RPS11|CASC3|RPS26|RPL3|EEF1D|CD81|PSEN1|AARS1|CSTB|SNRNP70|RPL35|QARS1|PARP1|RPL8|PI4KA|ATP5MC1|SPTBN1|RPS5|SURF1|BCAP31|BRD2|FLNA|JOSD1|KARS1|CYB5R3|EIF4A1|HYAL2|RPL35A|PSMB3|MLF2|COX7A2|USP11|RPS14|H2AZ1|HLA-E|COX4I1|RPS17|H3-3B|ANXA11|SF3B2|MGST2|EZR|UBA1|UQCRH|RPL23A|EIF4A3|COX6C|UBC|RPL41|JUND|FUS|ARF1|B2M|ATP5MC3|COX7C|SF1|TRIM28|RPL13|RPL27A|CFL1
HU_GENOTOXIC_DAMAGE_24HR	0.96896308488126	1	0.236942574038609	0.69110127971408	4120	36	NABP1|BATF3|MTHFD2|NORAD|HERPUD1|EIF1B
HU_GENOTOXIN_ACTION_DIRECT_VS_INDIRECT_24HR	0.847137014314928	1	-0.270441515224962	-0.792839042003075	4970	48	H2AC8|INCENP|LYPLA2|KRT4|FASTK|EMP3|CREB3L1|JUNB
HUANG_GATA2_TARGETS_DN	0.677777777777778	1	-0.285532084775632	-0.892244641102368	4086	70	LAT|ACKR1|EXOC3L4|CHAC1|ZNRD2|FHL1|TMEM109|ASNS|SLC2A3|SLC6A9
HUMMEL_BURKITTS_LYMPHOMA_UP	0.678762744081562	1	-0.308716600052163	-0.875094940846766	3927	40	RAP1GAP2|APBB2|TCL6|UCHL1|SOX11|ID3|RCBTB1|SLC35E3|TUBB2B|SMARCA4
ICHIBA_GRAFT_VERSUS_HOST_DISEASE_D7_DN	0.940707350901526	1	-0.254030892421463	-0.709982586157598	5425	37	RDH16|HBB|OSBPL5|C8G|ACAA1|LIFR|YJU2|HES6|ADGRL1|ALAS2|UCK1
IGLESIAS_E2F_TARGETS_UP	0.651155478698318	1	-0.271501709692214	-0.920583549717224	4141	127	COL18A1|TYROBP|C3|ARSA|LAMA4|ACTA2|COL1A1|APOE|APLP2|SERPINH1|CFD|COL6A3|DCN|LYL1|RHOB|ITGB1|UGDH|TANK|EVL|TUBA1B|COL1A2|LMNA|CDC42|CDKN1C|S100A6|GAS6|PMP22|CTSZ|MCM3|MCM7|SERPINF1|ALAS2
IIZUKA_LIVER_CANCER_PROGRESSION_L1_G1_UP	0.910296762589928	1	0.277746643626017	0.696602924089035	4048	19	BNIP3L|AGL|C6orf120|RAB14|AMFR
INGRAM_SHH_TARGETS_UP	0.671517111290757	1	0.260536657405664	0.916683439834681	2491	106	FBN1|ALX4|SNX18|SLC27A3|GLI1|RASSF3|MAP3K1|KLF10|SOSTDC1|AKAP12|ADD3|POLA1|OAT|CMPK2|PLPP3|TMEM140|BGLAP|AKAP4|SGMS2|DPH6|NFE2L2|NAA50|DSCC1|MFAP3L|NGLY1|ZCCHC9|PLSCR1|ASAH1|BZW2
IRITANI_MAD1_TARGETS_DN	0.970042553191489	1	-0.238913756684284	-0.69599115886965	5698	46	GAS5|LONP1|RPL18|POLD1|SRM|CAD|BABAM1|MYBBP1A|METTL26|GPAM|DCTPP1|RPSA|WDR74|FANCE
IVANOVA_HEMATOPOIESIS_INTERMEDIATE_PROGENITOR	0.886174347584675	1	0.234897609147777	0.849408843324306	3191	129	ZNF583|ATP6AP2|ENOPH1|PLAA|ATL3|ERP44|CARD9|ERCC8|PCCA|NIPSNAP3A|SFXN4|MRPS35|DDX52|SCIN|NAA50|SSR1|ARMT1|MAPRE2|CITED2|COMMD10|APEX1|GTF3A|MTF2|ABRAXAS1|CLUAP1|TAMM41|AGPAT5|PRAG1|CUL5|DDX20|CISD1|UTP25|AHCY|TRMT6|GFM1|ALDOA|TRAPPC13|POLR3C|FAM149B1|PSMA3|ZNF562|EEF1B2|FANCM|BLOC1S2|APIP|THOC5|MDH1|G3BP1|SCO1|DBI|CDADC1|CHCHD4
IVANOVA_HEMATOPOIESIS_STEM_CELL	0.941444866920152	1	-0.230760956751787	-0.806699954283902	6189	164	COL18A1|SMAD7|PYGM|ENG|TCTN2|ITIH5|ZC3H12C|NTRK3|S100A5|SAMD10|CAMTA1|SV2A|ESR1|CCDC136|COBLL1|SLC16A5|INPPL1|KIF5A|FRMD8|SEMA4C|SELENBP1|ZBTB20|CERS4|MEX3A|DEF8|NR4A1|RBX1|PDF|POLR2A|SASH1|MEF2D|DUSP5|GNL1|KLHL26|VAMP2|DNMT3A|JUN|EFNA3|NFKBIE|CHRNB1|RILPL1|PRKACB
IVANOVA_HEMATOPOIESIS_STEM_CELL_SHORT_TERM	0.776079136690647	1	0.317710778175237	0.796835037148013	3451	19	BPNT2|ERBIN|MPHOSPH9|PRRG1|APC|BCLAF1
IWANAGA_CARCINOGENESIS_BY_KRAS_DN	0.727000544365814	1	0.254670452896523	0.898629660877884	2670	109	AKTIP|RPGRIP1|ITGB4|BMAL2|RGS2|BMPR2|ALOX12|GNAQ|NPM1|CALB1|LRP6|SP3|RCBTB2|GRIA2|ABCA6|SKAP2|INTS12|LIMK1|ITGA2B|ETFDH|SP1|ABCB1|TMEM243|PPP2R5C|PTEN|ARHGAP5|SRSF1|ITPRIPL2
IWANAGA_CARCINOGENESIS_BY_KRAS_PTEN_DN	0.655439541933311	1	0.239408494673572	0.952279158342881	1945	293	ZNF429|DEPP1|YOD1|RGS2|CPNE8|MS4A6A|NXN|PKD2|ITGB3BP|SLC39A10|CORO1A|GNB4|EEF1AKMT1|RSL24D1|XPR1|EIF4G2|PFKFB3|SCFD2|GEN1|TXNL1|AKAP12|VPS50|C17orf58|TSPAN13|SNAI3|DDHD2|EARS2|IRGQ|PICALM|NCALD|MYT1|EFNB2|RASSF6|RHOJ|AUH|DYRK1A|CIR1|FAM229B|TMED5|DDN|CTNS|FZD4|CHSY1|CRIPT|ABCB1|NDN|RICTOR|GPR153|CUL3|DCP2|THOC7|CAV2|CLIP1|TNPO1|SNTB2|CTDSPL2|PTPRC|TCERG1|CD93|CNN1|SIK2|RSF1|HELZ|ANKRA2|TAX1BP1|IQGAP3|ZZEF1|SREK1
IZADPANAH_STEM_CELL_ADIPOSE_VS_BONE_DN	0.921489601805578	1	-0.242444581915511	-0.785884548336047	5715	90	LAMB1|N4BP2L1|FZD7|FAM234B|LAMA4|SLC29A1|RTN2|SORBS2
IZADPANAH_STEM_CELL_ADIPOSE_VS_BONE_UP	0.787039949669708	1	-0.256740578745037	-0.863572039016918	5003	118	TBC1D1|PLAT|IRX5|HOMER3|ABCB4|MT2A|PSMB9|TSPAN5|KHDRBS3|TCIRG1|DDX39A|ORAI1|SLC7A11|PSMB10|ENO3|HPCAL1|PDGFA|SNX8|SZRD1|NEK6|NOCT|SH3KBP1|LMNA|GOLIM4|UPP1|PDXK|VEGFA
JACKSON_DNMT1_TARGETS_UP	0.677107804750718	1	0.271600914683878	0.908683064819612	2593	78	CCNG2|CCN1|RAD52|IL10RB|HLA-B|HIF1A|PHLDA1|PROCR|HSPH1|ECT2|IFIT3|DYNLT2|FGFR1|JAK2|NFE2L2
JAERVINEN_AMPLIFIED_IN_LARYNGEAL_CANCER	0.710096949633483	1	0.291337634083096	0.86538334434048	3002	39	NPL|GNPAT|PLGRKT|PSCA|COPS5|NDUFB5|ZBTB25|C1orf131|PARP4|KLHL7|MYCBP2|DVL3
JAIN_NFKB_SIGNALING	0.885012919896641	1	0.24609492904446	0.817603106286001	3424	75	ENSG00000260917|UCHL3|TFAP4|POLA1|CBX3|XPO7|MPHOSPH9|PREPL|HK2|SNX4|PLA2G4C|PSMG1|JAK2|ASCC3|PRR3|DECR1|PSMA2|MYC|RIDA|CLNS1A|CA2|ZNF195|STK4
JAZAERI_BREAST_CANCER_BRCA1_VS_BRCA2_UP	0.946893617021277	1	-0.246992902320816	-0.719526906715586	5562	46	SLC9A1|IL1B|NCSTN|IL17RA|PISD|PEF1|TUFM|GCAT|MPI|CTNNBL1|STRN3|NT5DC2|NOC2L|SF3B4
JAZAG_TGFB1_SIGNALING_UP	0.808469682386911	1	-0.259001627233084	-0.846190882794341	5039	95	EMILIN1|SPON2|CCPG1|L1CAM|TIMM8B|LPCAT3|ABCB8|HSF2BP|RGS17|SYNGR4|NRG1|SLC12A7|ABCD1|CNPY3|PRELID1|PTK7|CCDC85B|RNF24|EHMT2|TIMELESS|PMP22|ATP6V0A2|GFER|ABHD2|EBP|KCNQ4
JECHLINGER_EPITHELIAL_TO_MESENCHYMAL_TRANSITION_DN	0.6427252894781	1	-0.299180113829429	-0.90423864214868	3829	57	TIMP3|PRKCZ|TGFB3|FOS|CYP2F1|BCL6|ITGB5|SGK1|NR4A1|TSC22D1|ID1|GRB7|ARHGEF1|ID2
JEON_SMAD6_TARGETS_DN	0.919739696312364	1	-0.286019509539312	-0.674544125612546	5087	17	NOTCH3|IRS2|DDX39A|DHCR7
JI_RESPONSE_TO_FSH_DN	0.74017094017094	1	0.276805420106592	0.866396994572007	3030	52	FGF5|GNA13|PANK3|TOP2A|GDI2|RAB6A|RANBP9|YWHAZ|KIF5B|RRM2|DDX3X|MAGI2|RB1|ARHGAP5|CYB5B
JIANG_AGING_HYPOTHALAMUS_DN	0.99825021872266	1	-0.205055129207503	-0.556094929741255	5704	32	APOE|ATP9A|DHX30|AP2M1|PRKACB|DLG4|RAB18|UBC|ACHE|CAMK2G|ATP6AP1
JIANG_AGING_HYPOTHALAMUS_UP	0.913496486551975	1	0.249670436184485	0.763940621054962	3769	46	CTSS|TBCA|PSMA4|CLK1|ATP5F1C|PPA1|SNX2|NDUFB5|PSMA6|ANP32B|TPP1|PSMD14|CCT6A|BTG3|HEXB|MAP2K1|ACTB|HBA2|CASP6|HSD17B4|ATP5PO
JIANG_HYPOXIA_CANCER	0.845363347198434	1	0.258992317722926	0.815712558740573	3454	54	MANSC1|TMEM51|PPT1|ATP1B1|UFM1|SQOR|ARPC3|PGM3|LIN28B|ATP6V1A|NCAPG2|SUCLG2|VAPB|RPL22|PRMT5
JIANG_HYPOXIA_NORMAL	0.919308790383171	1	-0.233340693949459	-0.829073984499368	6117	191	MTCL1|AMH|TSC22D3|RHBDD3|ZBTB47|PTPRU|KHDRBS3|HOOK2|DDX41|SLC3A2|SRRM2|MAP1LC3A|FEZ1|LSR|STC2|SERPINE1|CA12|MAPK7|GAL3ST1|MED10|STXBP2|PSMB10|NOL3|CPNE1|TSKU|CTSL|SAP30BP|AGPAT2|DHCR7|CD2BP2|BLVRB|FASN|MYBL2|MDK|NEK6|IFNGR1|CDC42|CDC34|CKB|PKD1|UPP1|SESN2|UBE2O|AK4|OBSL1|PLCD1|P4HB
JIANG_HYPOXIA_VIA_VHL	0.74955035971223	1	0.323763050637845	0.812014449002626	3333	19	PECR|MRPS6|TCEAL9|LSM3|AIMP1|RAB14
JIANG_MELANOMA_TRM5_CD8	0.98698224852071	1	0.213318161498919	0.800600469551367	3335	173	FOSB|CD44|CD69|RGS2|CCL4|PHLDA1|KLF10|LDHA|RSRC2|NR4A2|TNFAIP8|PRKAR1A|TOB1|TMEM123|CLK1|IFRD1|SLC38A2|RRAD|LY6G5B|LITAF|CALM2|YWHAZ|HERPUD1|SERTAD1|SAMSN1|LCP1|RAPGEF6|RHEB|HMGN1|PRDX6|WSB1|CITED2|PPP1R16B|PFN1|ANXA1|LRRC58|ITM2B|PDIA3|EMD|WBP1|BHLHE40|BTG1|PNRC1|ATF3|NDFIP1|HSPA5|ALDOA|ZFP36|CD82|FOSL2|NR3C1|EIF1
JIANG_MELANOMA_TRM7_CD8	0.67293172690763	1	-0.279145351745509	-0.899163166042755	4188	85	RPS28|NDUFA3|ACAP1|RPS29|ARHGAP45|SRRM2|UBA52|ACTN2|CHD3|RPL38|SP100|MXD4|IL16|SHISA5|B4GALNT1|TSC22D4|UCP2|EVL|ARHGEF1|ID2|GSTP1|RPL35|ITGAE|CLEC2D|GRAMD1A|PTPN7
JIANG_MELANOMA_TRM9_CD8	0.998708566508825	1	0.200267714165255	0.828183534427726	2319	485	PITPNC1|ITGB7|PTPN6|MT-ATP8|LPXN|PRKCH|CD69|PSMB8-AS1|TBC1D10C|CCL5|CD3G|DOK2|HLA-B|UQCRB|CAPZA1|CCL4|GPR174|RNF139|ACTR3|CD164|CLDND1|MT-ND4L|CORO1A|AMZ2|PHLDA1|LDHA|EIF4G2|NPM1|RANBP2|NR4A2|PTGES3|PRKAR1A|PPP1R12A|SDCBP|RPL39|RPL21|RBL2|MT-ND5|MAPK1|FGFR1OP2|SCP2|OSTF1|SYTL3|CD96|SYNE2|RBKS|IL32|DOCK10|TTC39C|XCL1|DAZAP2|MYL12B|RAP1B|CNBP|RAP1A|RHOA|HLA-C|CDK17|CALM2|YWHAZ|ROCK1|SAMSN1|MEAF6|MBNL1|IL10RA|CAP1|WIPF1|REL|DDX5|CMPK1|TMEM50A|LCP1|EEF1A1|CELF2|ITM2A|ACTR2|HNRNPK|TRBC1|HMGN1|FAM3C|CDKN1B|MAPRE2|S100A10|UBE2D3|SKP1|CYRIB|KMT2E|PFN1|R3HDM4|PLAAT4|RPL4|ITM2B|PDIA3|GPI|PPP2R5C|HNRNPA1|PTPRC|IVNS1ABP|CAPZB|EMD|MYL12A|STK4|NSMCE3|NCOR1|MORF4L1|PLAAT3|TAX1BP1|GABARAPL1|GYG1|BUB3|CDC42SE2|LNPEP|BTG1|BZW1|HSPA9|HNRNPA2B1|PNRC1|METTL9|PFDN5|PABPC1|CAST|TMX4|DEGS1|DOCK8|RPS6|MCL1|ALDOA|PRDX5|SARAF|GLO1
JIANG_VHL_TARGETS	0.975642043950225	1	0.223535789162372	0.757210679001955	3684	85	PRKCH|PECR|PAQR3|RAB11A|MRPS6|RANBP9|BRIX1|MRPL15|TCEAL9|TMEM50A|STK24|CDK2|C1D|IKBKE|LSM3|AIMP1|RAB14|PCNA|CAPN1|CFAP298|MPHOSPH6|VAPB|ACOT13|RNF130|AZIN1|CANX|CSE1L
JINESH_BLEBBISHIELD_TRANSFORMED_STEM_CELL_SPHERES_DN	0.799484757406612	1	-0.242386501393509	-0.890938157187807	5585	267	ATP2B1-AS1|TSC22D3|CYFIP2|H2AC8|PLXNB1|BRICD5|LINC00243|FGD3|FMC1|CHAC1|ABCA7|KREMEN2|MAPK8IP3|MINDY1|WFIKKN1|NPIPB13|NRDE2|CUL9|SERF2|TUBGCP6|SREBF1|STC2|FOS|CHTF18|SULT1A2|TMEM107|RHOT2|RECQL4|CASZ1|H4C2|TRIB3|INPPL1|ID3|TACC3|MIB2|EID2B|TRMT1|HSD17B7|FGFR3|SULT1A1|JUNB|GRIPAP1|DHCR7|NISCH|ERN1|ID1|INPP5D|CEL|PIDD1|RGS12|ID2|NUDT1|AKAP7
JINESH_BLEBBISHIELD_TRANSFORMED_STEM_CELL_SPHERES_UP	0.894648360885402	1	0.23351989979077	0.850838014043572	3192	137	SAMD9|DPYSL2|CD44|EGLN3|TMEM106B|ABHD3|PPP1CB|AP1S2|MT1X|RAB22A|C17orf58|APOL2|MFSD1|ASS1|PLPP3|SLC2A10|SPP1|HAS3|SLC40A1|ICA1|MORF4L2
JISON_SICKLE_CELL_DISEASE_DN	0.983508245877061	1	-0.218424042038838	-0.771680442754694	6559	179	CCR7|TSC22D3|RAP1GAP2|RPS28|CELSR3|RPS20|PNMT|DYRK2|EEIG1|FYN|SPECC1L|RPL13A|ESR1|PKP3|COBLL1|MZF1|BRD1|SUGP2|SNRNP200|DGKA|TOMM7|RPLP1|MAPK8IP1|VPS52|CDK10|POLG
JOHANSSON_GLIOMAGENESIS_BY_PDGFB_UP	0.990030415680973	1	-0.223309757283968	-0.670215079135203	5858	55	MARCKS|C1orf159|EPN2|OST4|CCND1|FOS|MCAM|FRMD8
KAAB_FAILED_HEART_ATRIUM_DN	0.980121136822488	1	-0.221987563064071	-0.761628314054379	6310	140	TPM2|TAGLN|PTPRB|OSMR|COX6A1|IFITM1|FAM131A|LAGE3|ACVR1B|ABCB6|STX4|IFITM3|PSMB5|SNU13|LSM7|SDF2|IGSF3|MLEC|TSC22D1|BLVRB|CTTN|DGUOK|TMEM147|GSTP1|IFNGR1|PSMB4
KAAB_HEART_ATRIUM_VS_VENTRICLE_DN	0.994223363286265	1	0.207835959098491	0.809047774620467	3097	237	FEM1C|CD36|PPP2R3A|CPVL|ALDH1L1|IGHE|CHN1|AMD1|HIPK3|GCNT2|PLCL1|H2BC21|OPA1|CAPN2|TOB1|TJP2|KCNJ8|ATP1B1|LMO7|ASS1|COPS3|H2BC7|MYOM2|LAMA2|PLA2G4C|PTPN14|CHN2|LDB3|AUH|SDHD|NDUFV2|ATP5F1C|LDHB|SLC25A3|PKP2|VDAC1|TCAF1|PPFIBP1|PRDX3|FH|DECR1|ACAT1|GBE1|LYRM1|UBE2D1|PPP2R5C|IVNS1ABP|PCSK6|MYL12A|GLUD2|STARD7|ADH5|DLD
KAECH_DAY15_EFF_VS_MEMORY_CD8_TCELL_UP	0.989441930618401	1	-0.216656466349123	-0.762765489982083	6559	175	IGF1R|C1QTNF12|PLXNB2|CREBRF|AHRR|IL4I1|TNFRSF8|ZC3H12C|CD19|NAPSA|RECQL5|AURKB|ENTPD1|IL1B|IFITM3|KRTCAP2|CTSA|MXD4|LYL1|GMFG|TIMM10|ENTPD6|CARHSP1|RBX1|IL18RAP|ITGAV
KAECH_DAY8_EFF_VS_DAY15_EFF_CD8_TCELL_UP	0.904577883472057	1	0.227350751205314	0.868600720121996	3042	194	BATF|LGALS3|MNS1|PSMC1|TOP2A|EEF1AKMT1|ADPRH|KIF11|LDHA|MYCBP|MRPL42|C3orf38|YWHAG|COIL|HK2|NUSAP1|QNG1|PERP|SGCB|LRRC8C|PRRC1|NDUFV2|EIF3C|WASHC3|TYMS|SPDL1|CDK1|RRM2|FRG1|SSR1|RRM1|NDUFB5|TRDMT1|PSMA2|SUGT1|CMAS|STMN1|RACGAP1|MRPL30|PPP2R5C|GGH|NCBP1|CNDP2|AK3|HTATIP2|ATP5PB|GYG1|IQGAP3|LMNB1|CORO1C|PCLAF|CDC25C|CCNB2|RNASEH2B|BTF3|ALDOA|MRPS17|ACOT7|SLC25A4|MBD2|DLGAP5|NCAPH|HMGB2|ACOT9|NELFCD|TCF19|SRP68
KAECH_NAIVE_VS_DAY15_EFF_CD8_TCELL_UP	0.713238593866866	1	-0.255603743198383	-0.907390716608203	4767	188	SMAD7|CCR7|SLC30A4|ENG|EXT1|TLR6|EPB41L4A-AS1|MOGS|EEIG1|PHPT1|GRIA3|NSG2|QRICH1|HSD17B10|PLEKHA1|KLK8|SELENOH|GBP2|ID3|RAMP1|SLC12A7|YJU2B|SRM|KCNN4|PSMB10|DGKA|HPCAL1|RPS2|GRK6|EPHX1|SNHG6|RPL10|HDAC5|EVL|RPSA|IL6ST|RNASET2|TIMELESS|ADD1|ITGAE|ATP6V0A2|NAT1|C15orf39|SPTBN1|GALNT2|GSTK1|FNTB
KAECH_NAIVE_VS_DAY8_EFF_CD8_TCELL_DN	0.874084043666816	1	-0.239400215353172	-0.848911157856775	5844	185	ADAM19|ABRACL|CCDC12|CRIP2|ITGA4|DHRS1|ETFB|UBL5|COX17|DNAJC15|CD48|ITGAX|LGALSL|RRBP1|LMAN2|TBCB|MDFIC|LIG1|ACYP2|KRTCAP2|TACC3|ROM1|MAP7D1|PRF1|NDUFB7|SLC2A3|TRAPPC1|F2R|CARHSP1|ITGB1|TNFRSF1B|LAMTOR5|IL18RAP|PRELID1|UBE2J2|ID2|CDC34|SH2D2A|ECH1|S100A6|TSPAN31|DCPS
KAECH_NAIVE_VS_MEMORY_CD8_TCELL_DN	0.703270327032703	1	0.246591548556877	0.927476600417901	2343	177	FOSB|MYO1F|ITGB7|CD44|FCGR2B|MX2|CCL5|CCL4|POU6F1|FGF13|CLDND1|IL18R1|RNF138|KLF10|YES1|TMEM37|CHPT1|CAPN2|DAPK2|TOB1|KCNJ8|RBMX|DYM|RECK|IFITM10|FCGRT|ELL2|LRRC8C|IL10RA|BCL2|ZMAT3|KLRG1|MAPRE2|S100A10|STMN1|ANXA1|RACGAP1|SNTB2|GGH|PLSCR1|PCNA|WEE1
KAECH_NAIVE_VS_MEMORY_CD8_TCELL_UP	0.96440323063117	1	-0.224617922015601	-0.796749689040396	6447	187	IGF1R|WFS1|CCR7|SLC30A4|RCAN3|ENG|EXT1|HLA-DOB|TLR6|GTF3C1|KLF7|GRIA3|NSG2|CYTH3|PLEKHA1|IFI27L2|CRAMP1|PSAP|ID3|RAMP1|MXD4|MAP4K2|RPS2|GRK6|EPHX1|ATP5IF1|RBX1
KAMIKUBO_MYELOID_MN1_NETWORK	0.754519161243673	1	-0.338553875620384	-0.798440387408964	4173	17	CRIP2|GAS2L1|SGK1|RGS12
KAMMINGA_SENESCENCE	0.753987517337032	1	-0.29809616851509	-0.833139177005596	4348	37	RABAC1|SVOP|MATCAP1|VPS18|PLEKHG2|QTRT1|ID1|ABHD8|FRS3|DDX54
KAN_RESPONSE_TO_ARSENIC_TRIOXIDE	0.852653190145294	1	-0.249274838855207	-0.832546241818624	5398	112	HSPA6|TSC22D3|CCPG1|CBS|MT2A|GDF15|GRN|KLF12|STC2|SERPINE1|TRIB3|SLC7A11|ASNS|SLC2A3|BOP1|ARHGAP6|ID2|HSPA1A|MCM7|HSPA1B|JUN|ZNF512B|EIF4G1|AK4|PIMREG|TMEM158
KANG_CISPLATIN_RESISTANCE_UP	0.992307692307692	1	0.224901290551973	0.570319436704549	4385	20	LZTFL1|TENT5A|DALRD3|MAFF|EEF1AKMT3|ATP7A|FTH1|RAC2
KANG_FLUOROURACIL_RESISTANCE_UP	0.86950611690077	1	0.289285537414567	0.743532118816153	3837	21	ARID5B|LZTFL1|LINC01278|GPNMB|TYMS|CRY1
KANNAN_BLOOD_2012_2013_TIV_AGE_65PLS_REVACCINATED_IN_6_9_MO_VS_REVACCINATED_IN_12_13_MOS_DN	0.922818321893823	1	-0.228900886361429	-0.853501507056282	6587	315	AGAP6|CD14|AKAP13|PPFIBP2|PRKCZ|PBXIP1|CCS|GRN|TECPR2|APLP2|TNFRSF8|CXCL16|SLC7A7|POTEF|GBA2|TADA2A|APOBR|FYN|LMAN2|COMT|SULT1A2|STAB1|OS9|H3C13|MGAM|VPS18|NLRP1|CSGALNACT2|BRD1|CSNK1D|OTX1|FRA10AC1|EWSR1|BIN3|IL16|SP110|STX5|DNTTIP1|GRIPAP1|CNPY3|VKORC1|PHRF1|RGL2|AAMDC|SLC9A8|GIT2|LSM6|VAC14|AP1B1|HNRNPAB|BLTP2|HSPA1A|CARS2|RPP38|CAPG|RABL6|TCHP|IQSEC1|PSEN1|CDKN1C|PIGS|ATP6V0B|ACP2|PXN|DTX2|ADAT1|TRIM27|TNFAIP2|PRR5|TOR3A|KIAA0319L|CCT7
KARLSSON_TGFB1_TARGETS_DN	0.961532704684927	1	-0.225331983326065	-0.798369362096612	6423	183	GAA|PLAT|IAH1|PLXNB2|FAM234A|SLC12A9|KCNC4|GRN|B3GAT1|BSG|LAMA5|TECR|ING4|COL6A1|DUSP8|CCNL2|ATP6V1F|MET|DCN|CXADR|CTSA|ID3|MXD4|CST3|HMGN2|EPHX1|ATP5IF1|MAF1|ID1|GRINA|ID2|TNIP1|POLR2A|H2AZ2|NUDT14|TMBIM6
KASLER_HDAC7_TARGETS_1_DN	0.893890093998554	1	-0.296046052356377	-0.698190573955693	4944	17	C3|COL6A3|IGF2R
KASLER_HDAC7_TARGETS_1_UP	0.75631389055923	1	-0.253335163080264	-0.893150574369566	5030	176	CYFIP2|PBX3|LATS2|SEMA4D|RHOBTB2|PLA2G6|C5|PDCD1|LMAN2|PKP3|TMUB1|BCL6|GPR146|ANKRD23|FILIP1L|PIN1|USP19|SHISA5|ENO3|SYVN1|CLSTN1|NR4A1|GPAA1|ZBTB7B|ANKRD9|HIP1R|MUL1|DAPK3|TSC22D1|FBXL6|FASN|VARS1|HSPBP1|HDAC5|MRPS11|HMG20B|MFGE8|ERP29|ZNF707|AP1M1|NRGN|ANKRD39|MIER2|ABHD8|PEDS1|DNMT3A|PIGT|GPN2|POLDIP2|CEMIP2
KATSANOU_ELAVL1_TARGETS_DN	0.672125984251968	1	-0.271387182876557	-0.909935981393529	4267	115	TEP1|PAK1|OSMR|INCENP|EPS8|ROGDI|IFI16|AEBP1|SIGLEC10|COL6A1|SLC19A1|PKMYT1|DDX23|RRP12|FANCA|CHD1L|RNF181|PITX1|GGT7|SGK1
KAUFFMANN_DNA_REPAIR_GENES	0.964928909952607	1	0.217342492358089	0.841814612229356	3053	225	RAD54B|CETN3|RAD52|PMS2P3|RRM2B|DCLRE1A|REV3L|XRCC4|TOP2A|NBN|RFC4|TP63|DCLRE1C|FANCB|MSH2|UBE2N|RIF1|SMC2|SUMO1|ERCC6|POLA1|NEIL3|MSH3|PMS1|MAD2L1|MGMT|RAD9B|ERCC8|RAD23B|GTF2H2|UBE2V2|CCNH|HUS1|RRM2|CRY1|RFC5|SMC3|RRM1|UBE2D3|RFC1|RBBP4|APEX1|RBBP8|RPA2|ATR|FANCF|HMGB1|CETN2|RAD21|ERCC5|PCNA|BRIP1|MBD4|WRN|PARP4|SMC4|GTF2H1|BLM|UBE2A|RFC3|PMS2|ATM|XRCC2|RAD51AP1|EXO1|ERCC4|TOP2B|MBD2|GTF2H5|POLD4|POLL|POLD3|TOP1|RAD17|FEN1|TERF1|HMGB2|UBE2B|POLQ|MNAT1|RPA3|BRCA1|UBE2D2|FANCM|POLH|CHEK2
KAYO_AGING_MUSCLE_DN	0.998270440251572	1	-0.202083727065632	-0.677183092988896	6348	114	MATN1|IRX5|POLR2F|COX8A|COX6A1|IFI16|RARRES2|UBB|COMT|MERTK|RPS18|MED24|ATP5PF|SLC2A3|SFSWAP|MED12|NEU1|EXOSC7|QARS1|CTSH|MPI|SURF1|DYNLT1|SERINC3|BYSL|CITED1|UQCRH|POLR2G|SDHB|ATP5MC3
KAYO_CALORIE_RESTRICTION_MUSCLE_DN	0.918647905547469	1	-0.244803213482481	-0.778273050060771	5679	77	POU2F2|COX8A|RGS3|ATF6B|COMMD1|DDO|G0S2|RHCE|RPSA|RAB2A|ECH1|ELL|CYC1|MPI|KAT5|POLR2I|DYNLT1|GOLGA3|SERINC3|COX4I1|MBTPS1
KEGG_ACUTE_MYELOID_LEUKEMIA	0.800395745733366	1	0.264463213395736	0.839542938805963	3235	57	TCF7|PIK3CA|MAPK1|ZBTB16|KIT|SOS2|NRAS|PIK3CG|MYC|CHUK|BRAF
KEGG_ALDOSTERONE_REGULATED_SODIUM_REABSORPTION	0.887314085739283	1	-0.272296564948653	-0.747771135865203	5070	34	SFN|ATP1A3|IRS1|IRS2|SGK1
KEGG_AMINO_SUGAR_AND_NUCLEOTIDE_SUGAR_METABOLISM	0.741825029960623	1	-0.294689230663887	-0.84407828128803	4332	42	NAGK|FCSK|RENBP|AMDHD2|GMPPA|HEXA|GFUS|GALE|UGDH
KEGG_AMYOTROPHIC_LATERAL_SCLEROSIS_ALS	0.819870483980914	1	-0.275666683330193	-0.808157390117674	4810	48	MAPK13|MAPK11|MAPK12|CCS|TNFRSF1A|TNFRSF1B|BID|GRIN2D|BCL2L1|NEFH|CASP9|CHP2
KEGG_APOPTOSIS	1	1	-0.176250253920035	-0.564159842849015	6190	81	TNFRSF1A|AKT3|IL1B|FAS|TRADD|IKBKG|TRAF2|ENDOG|AKT2|BID|TNFRSF10A|BCL2L1|PRKACB|CASP9|CASP10|IRAK2|CHP2|RELA|TNFRSF10B|AIFM1|PIK3R3|PIK3R1|DFFB|PIK3CD|NTRK1|CSF2RB|NFKBIA
KEGG_ARRHYTHMOGENIC_RIGHT_VENTRICULAR_CARDIOMYOPATHY_ARVC	0.783984181908057	1	0.265337311070181	0.851570253412576	3171	60	ITGB7|ITGB4|TCF7|LAMA2|SGCB|PKP2|DSG2|ITGA2B|ATP2A2|CTNNB1|EMD
KEGG_B_CELL_RECEPTOR_SIGNALING_PATHWAY	0.702874586619181	1	0.268437827620485	0.892549742282886	2762	74	VAV2|PTPN6|FCGR2B|PIK3CA|NFAT5|PPP3CB|VAV1|MAPK1|CR2|SOS2|NFATC2|NRAS|PIK3CG|PPP3R1|CHUK
KEGG_BASAL_TRANSCRIPTION_FACTORS	0.938737479617983	1	0.251762641319679	0.720022403689367	4029	33	TAF9B|TBPL1|GTF2A1|GTF2H2|TAF1|GTF2E1|GTF2B|TAF9|TAF4B|GTF2H1|TAF12
KEGG_BETA_ALANINE_METABOLISM	0.681014952424105	1	0.334695458387245	0.860246335011841	3005	21	MLYCD|HIBCH|ALDH9A1|ALDH2|ALDH1B1
KEGG_BLADDER_CANCER	0.809647670844171	1	0.274747694055067	0.816104926092021	3423	39	CXCL8|EGF|DAPK2|MAPK1|NRAS|MYC|RB1|BRAF
KEGG_BUTANOATE_METABOLISM	0.940157480314961	1	-0.258938121356546	-0.702221773040302	5372	32	ACADS|HMGCL|OXCT2
KEGG_CALCIUM_SIGNALING_PATHWAY	0.891287466997981	1	-0.241007594379404	-0.826885097740849	5738	140	PLCB4|SLC8A2|ATP2A1|P2RX4|ATP2B3|LTB4R2|P2RX5|PTK2B|ATP2A3|CACNA1A|TRPC1|P2RX6|PHKG1|GNA11|SPHK1|F2R|NOS3
KEGG_CHRONIC_MYELOID_LEUKEMIA	0.883434038267875	1	0.247391024817778	0.815842869309938	3508	70	TGFBR2|HDAC2|PIK3CA|SMAD4|MAPK1|SOS2|TGFBR1|NRAS|CDKN1B|PIK3CG|MYC|CHUK|RB1|BRAF|CDK6|CRK|SOS1|PIK3CB|CRKL|CTBP1|MAP2K1
KEGG_CITRATE_CYCLE_TCA_CYCLE	0.731524789522919	1	0.301640408448999	0.843817847939999	3127	30	IDH1|SUCLG2P2|DLAT|SDHD|ACLY|CS|FH|IDH3A|SUCLG1|SUCLA2|DLD|SUCLG2
KEGG_CYSTEINE_AND_METHIONINE_METABOLISM	0.909494855004677	1	0.263599899344815	0.73740219662894	3888	30	ENOPH1|AMD1|LDHA|SDS|LDHB|TRDMT1|AHCY|GOT1|GOT2|CTH|APIP|AHCYL1|MTR|DNMT3B
KEGG_CYTOSOLIC_DNA_SENSING_PATHWAY	0.760450997398092	1	-0.295037290118498	-0.82835243270599	4383	38	IRF7|PYCARD|RIGI|IRF3|IL1B|IKBKG|STING1|POLR1C|POLR3K|NFKBIB|CCL4L2|POLR3GL
KEGG_DNA_REPLICATION	0.944980014107689	1	0.247280244389609	0.721253637253989	4018	36	RFC4|PRIM1|DNA2|POLA1|RFC5|RFC1|RPA2|PCNA|SSBP1|RFC3|RNASEH2B|POLD4|POLD3|FEN1|RPA3
KEGG_DORSO_VENTRAL_AXIS_FORMATION	0.981108312342569	1	-0.243258554319968	-0.606587155039487	5452	22	PIWIL1|FMN2|NOTCH3|SPIRE2
KEGG_DRUG_METABOLISM_CYTOCHROME_P450	0.793000874890639	1	-0.296790909114027	-0.804875841874668	4531	32	FMO4|GSTP1|GSTO2|GSTK1|MAOA|MGST2|GSTM4|MGST3
KEGG_ENDOCYTOSIS	0.997576859003483	1	-0.206718809449114	-0.723913588950995	6586	166	IGF1R|HSPA6|PRKCZ|ACAP1|RUFY1|EPN2|ACAP3|FLT1|IL2RG|HGS|MET|CHMP6|CHMP4A|FGFR3|RAB11FIP3|RAB11FIP5|F2R|PLD2|GRK6|RAB11FIP4|IQSEC2|RBSN|GIT2|CLTA|SH3KBP1|HSPA1A|SMURF2|CDC42|IQSEC1|PSD4|VPS36|AP2M1|HSPA1B|ARAP1|SH3GLB2|ARAP3|RAB11B|SMAP1|HLA-E|AP2A1|AP2S1|ARRB2|LDLRAP1|RAB11FIP1|MVB12A|EEA1|CHMP4B|PARD6B|ARFGAP2|SH3GL1|VPS25|VPS28|NTRK1|SMAP2|DNM2|ARFGAP3|EHD2
KEGG_EPITHELIAL_CELL_SIGNALING_IN_HELICOBACTER_PYLORI_INFECTION	0.892797599199733	1	-0.254011098668061	-0.784179386751225	5354	65	PAK1|MAPK13|CXCL1|MAPK11|MAPK12|TCIRG1|ATP6V1F|MET
KEGG_FATTY_ACID_METABOLISM	0.881014873140857	1	-0.274079648187934	-0.752667775598545	5034	34	CPT1C|ACADS|ECI1|ACSL6|ACAA1|ACADVL|CPT1A|ACADSB|EHHADH
KEGG_FC_EPSILON_RI_SIGNALING_PATHWAY	0.773331119229492	1	-0.271416284616254	-0.849466689077734	4656	71	LAT|MAPK13|PLA2G6|PLA2G2C|MAPK11|MAPK12|CSF2|FYN|AKT3
KEGG_FC_GAMMA_R_MEDIATED_PHAGOCYTOSIS	0.782061369000787	1	0.253887272950039	0.875286712664955	2981	93	VAV2|FCGR2B|CFL2|PLD1|PIK3CA|PIKFYVE|VAV1|MAPK1|PLPP3|PLA2G4A|ASAP3|PIP5K1B|LIMK1|FCGR2C|SCIN|ARPC3|DNM1L|PIK3CG|WAS|PTPRC|DOCK2|ASAP1|CRK|PIK3CB|CRKL|MAP2K1|RPS6KB1|PRKCD|VASP|PRKCB|PIP5K1A|RAC2
KEGG_FRUCTOSE_AND_MANNOSE_METABOLISM	0.897591769932195	1	0.266767342156895	0.75110803550339	3838	31	MTMR6|PFKFB3|KHK|HK2|FBP2
KEGG_GAP_JUNCTION	0.936934673366834	1	0.235730104135458	0.779415692244674	3728	71	EGF|SRC|GNAI3|PDGFB|GNAQ|MAPK1|HTR2C|SOS2|CDK1|NRAS|TUBB1
KEGG_GLIOMA	0.663207314059797	1	0.281221399251943	0.899718222791514	2683	59	EGF|CAMK2B|PDGFB|PIK3CA|MAPK1|SOS2|CALM2|NRAS|PIK3CG|RB1|BRAF|PTEN
KEGG_GLUTATHIONE_METABOLISM	0.999653078924545	1	-0.193529640135414	-0.543357580807829	5762	38	ANPEP|G6PD|SRM|GGT7|GSTP1|GSTO2|GSTK1|MGST2|GSS|GSTM4
KEGG_GLYCOSPHINGOLIPID_BIOSYNTHESIS_LACTO_AND_NEOLACTO_SERIES	0.872171945701357	1	0.290403532527127	0.736424316113951	3854	20	B3GNT5|GCNT2|B3GALT1|B3GNT2
KEGG_GNRH_SIGNALING_PATHWAY	0.906827309236948	1	-0.246036701407191	-0.794334280023157	5644	87	PLCB4|MAPK13|GNRH1|PLA2G6|PLA2G2C|MAPK11|MAPK12|GNRHR|PTK2B|MAPK7|GNA11|MAP3K3|PLD2
KEGG_HISTIDINE_METABOLISM	0.981548154815482	1	0.235268711043269	0.613283235583331	4361	22	ALDH9A1|TRMT11|ALDH2|ALDH1B1|FTCD
KEGG_HOMOLOGOUS_RECOMBINATION	0.757232122193937	1	0.300635884878015	0.82838456970773	3271	28	RAD54B|RAD52|NBN|RPA2|SSBP1|BLM|XRCC2|POLD4|POLD3|RPA3
KEGG_INSULIN_SIGNALING_PATHWAY	0.844034169192615	1	0.240798636398714	0.86479095661403	3062	123	FOXO1|PPP1R3D|PDE3B|PPP1CB|PPP1R3B|PIK3CA|PPP1CC|PRKAR1A|SORBS1|MAPK8|INPP5K|HK2|MAPK1|FBP2|EIF4E|SOS2|PRKCI|CALM2|SOCS2|NRAS|PYGL|ELK1|RHEB|PRKAA1|PIK3CG|BRAF|MAPK9|ACACA|PHKA2|RPS6|CRK|SOS1|PRKX|PIK3CB|CRKL|PYGB|PRKAR1B|MAP2K1|RPS6KB1|PKLR
KEGG_JAK_STAT_SIGNALING_PATHWAY	0.906580016246954	1	0.235393329022475	0.828782379220086	3347	107	TSLP|PTPN6|IL12RB2|IL10RB|CTF1|PIK3CA|SPRY2|PIAS2|IL6R|IL24|JAK3|SOS2|JAK2|SOCS2|IL10RA|PIK3CG|MYC|LEPR|IL13RA1|PIAS1|SPRED1
KEGG_LEUKOCYTE_TRANSENDOTHELIAL_MIGRATION	0.751194901752523	1	0.257453233621826	0.8878814602951	2828	94	VAV2|MYL9|CLDN23|GNAI3|PIK3CA|ROCK2|VAV1|CLDN9|TXK|MYL12B|RAP1B|RAP1A|RHOA|ROCK1|CTNND1|ESAM|PTK2|PIK3CG|CYBB|CTNNB1|ARHGAP5|MAPK14
KEGG_LONG_TERM_DEPRESSION	0.777777777777778	1	0.268473085005393	0.849399807137282	3163	56	PLA2G3|GNA13|JMJD7-PLA2G4B|RYR1|GNAI3|GNAQ|MAPK1|PLA2G4A|GRIA2
KEGG_LYSINE_DEGRADATION	0.771627126767314	1	0.278577363551457	0.842520960906151	3219	43	SETD7|SETDB2|SUV39H2|AASDH|ALDH9A1|AASDHPPT|ACAT1|ALDH2|SETMAR|ACAT2|ALDH1B1
KEGG_MEDICUS_ENV_FACTOR_METALS_TO_NFKB_SIGNALING_PATHWAY	0.862714852357867	1	0.308727795431628	0.728829408477996	3914	15	SRC|PRKD3|CHUK|PTPRJ
KEGG_MEDICUS_PATHOGEN_ESCHERICHIA_EAE_TIR_TO_ACTIN_SIGNALING_PATHWAY	0.704026845637584	1	0.343186503013646	0.835921142286109	3146	17	ACTR3|WIPF1|ARPC3|ACTR2|WIPF2|NCK1
KEGG_MEDICUS_PATHOGEN_HCMV_UL33_TO_GNAI_AC_PKA_SIGNALING_PATHWAY	0.977497749774978	1	0.238948456074639	0.622875356562585	4343	22	GNAI3|CREB3L3|ATF2|CREB1
KEGG_MEDICUS_PATHOGEN_HCMV_US28_TO_GNB_G_PI3K_NFKB_SIGNALING_PATHWAY	0.653783846331868	1	0.319046028754865	0.87911264270497	2824	28	CXCL8|GNG12|GNB4|PIK3CA
KEGG_MEDICUS_PATHOGEN_SALMONELLA_SOPB_TO_ARNO_ARF_ACTB_G_SIGNALING_PATHWAY	0.907623947614593	1	0.264251657151982	0.739225443298871	3880	30	ACTR3|PIK3CA|CYTH4|NCKAP1|ARPC3|ACTR2|ABI1|PIK3CG
KEGG_MEDICUS_PATHOGEN_SALMONELLA_SOPE_TO_RAC_SIGNALING_PATHWAY	0.776696832579186	1	0.316309971099782	0.802119561425863	3432	20	ACTR3|NCKAP1|ARPC3|ACTR2|ABI1
KEGG_MEDICUS_PATHOGEN_SHIGELLA_IPGD_TO_ARNO_ARF_ACTB_G_SIGNALING_PATHWAY	0.814703153988868	1	0.28721746516521	0.798961958398789	3512	29	ACTR3|PIK3CA|CYTH4|NCKAP1|ARPC3|ACTR2|ABI1
KEGG_MEDICUS_REFERENCE_26S_PROTEASOME_MEDIATED_PROTEIN_DEGRADATION	0.930611281567147	1	0.249554763567059	0.736546911608832	3942	38	PSMC6|PSMC1|PSMA1|PSMA4|PSMD6|PSMA2|PSMA6|PSMC2|PSMD14|PSMD11|PSMC5
KEGG_MEDICUS_REFERENCE_ACH_CHRN_RAS_ERK_SIGNALING_PATHWAY	0.769683257918552	1	0.318087800569618	0.806627897946767	3401	20	MAPK1|CREB3L3|NRAS|ATF2|BRAF|CREB1
KEGG_MEDICUS_REFERENCE_ACTH_CORTISOL_SIGNALING_PATHWAY	0.879307298109207	1	-0.285044972251838	-0.740035284938189	4975	26	ATF6B|CREB3L1|NR4A1|ADCY3|CREB5|PRKACB
KEGG_MEDICUS_REFERENCE_ACTIVATION_OF_PRC2.2_BY_UBIQUITINATION_OF_H2AK119	0.885013501350135	1	0.281793303895959	0.734560530436396	3932	22	RNF2|SKP1|RBBP4|AEBP2|YAF2|RBBP7|SUZ12|EED|RYBP
KEGG_MEDICUS_REFERENCE_ADRB3_UCP1_SIGNALING_PATHWAY	0.887346221441125	1	-0.277638234123874	-0.73836765506729	5048	29	PPARG|SMARCC2|DPF1|SMARCA4|SMARCD2|SMARCE1|ADCY3|PRKACB
KEGG_MEDICUS_REFERENCE_AGE_RAGE_SIGNALING_PATHWAY	0.919849023090586	1	0.28509165540953	0.682839039993136	4142	16	MAPK1|NRAS|BRAF
KEGG_MEDICUS_REFERENCE_ANGIOTENSIN_ALDOSTERONE_SIGNALING_PATHWAY	0.919076163610719	1	-0.274771718260712	-0.70773859277061	5212	25	PLCB4|ATF6B|CAMK1|CREB3L1
KEGG_MEDICUS_REFERENCE_ARNO_ARF_ACTB_G_SIGNALING_PATHWAY	0.926789838337182	1	0.265550696682162	0.709717281155905	4012	25	ACTR3|CYTH4|NCKAP1|ARPC3|ACTR2|ABI1
KEGG_MEDICUS_REFERENCE_ASSEMBLY_AND_TRAFFICKING_OF_TELOMERASE	0.658723021582734	1	0.346431986892612	0.868869311674959	2929	19	CCT6B|CCT8|TCP1|CCT4|CCT6A|DKC1
KEGG_MEDICUS_REFERENCE_AUTOPHAGY_VESICLE_NUCLEATION_ELONGATION_MATURATION_MTORC1_PI3KC3_C1	0.992673179396092	1	0.223527159528421	0.535382457285621	4470	16	PIK3C3|BECN1|AKT1S1|RB1CC1
KEGG_MEDICUS_REFERENCE_BRANCHING_MICROTUBULE_NUCLEATION	0.66421697287839	1	-0.323603607255128	-0.877589972687073	3795	32	MZT2A|TUBGCP6|TUBA3E|MZT2B|TUBGCP2|TUBB2B|TUBA1B|HAUS4|TUBB3|TUBA3C
KEGG_MEDICUS_REFERENCE_CCR2_GNB_G_PI3K_NFKB_SIGNALING_PATHWAY	0.843865313653137	1	0.28277907396874	0.772498116295148	3658	27	CCL2|GNG12|GNB4|PIK3CA
KEGG_MEDICUS_REFERENCE_CD80_CD86_CTLA4_PP2A_SIGNALING_PATHWAY	0.807239819004525	1	0.308771694801817	0.783003506193691	3567	20	PPP2R3A|CD80|PPP2R5E|PPP2CA|PPP2R5C|PPP2R1B
KEGG_MEDICUS_REFERENCE_COHESIN_DISSOCIATION_IN_PROPHASE	0.837921847246892	1	0.313900841408444	0.751841539846119	3773	16	PPP2R5E|CDK1|PPP2CA|PPP2R5C|PPP2R1B|PPP2R5A|STAG2
KEGG_MEDICUS_REFERENCE_COPI_VESICLE_FORMATION	0.987004103967168	1	0.227127993229841	0.596084767174067	4328	23	TMED2|TMED6|COPZ2|TMED7|TMED5|ARCN1|COPB1|COPB2
KEGG_MEDICUS_REFERENCE_CORE_NER_REACTION	0.992970123022847	1	-0.220075765895298	-0.585282598825161	5649	29	GTF2H4|LIG1|POLE|POLD1
KEGG_MEDICUS_REFERENCE_CRHR_PKA_ACTH_SIGNALING_PATHWAY	0.840230298668586	1	-0.304438150102819	-0.759143997515713	4669	22	ATF6B|CREB3L1|ADCY3|CREB5|PRKACB|CREB3|CREB3L4
KEGG_MEDICUS_REFERENCE_CROSSTALK_BETWEEN_EXTRINSIC_AND_INTRINSIC_APOPTOTIC_PATHWAYS	0.722547584187409	1	-0.358248556120713	-0.81812591400488	3947	15	FAS|BID|CASP9|CASP10|TNFRSF10B
KEGG_MEDICUS_REFERENCE_CXCL12_CXCR4_PKC_ERK_SIGNALING_PATHAWAY	0.78705712219812	1	-0.330846713351516	-0.780263931397341	4353	17	PLCB4
KEGG_MEDICUS_REFERENCE_CXCR4_GNAQ_PLCB_G_CALCINEURIN_SIGNALING_PATHWAY	0.897482014388489	1	0.281963295822575	0.707178505531322	3991	19	GNAQ|PPP3CB|CALM2|NFATC2|PPP3R1|PLCB1
KEGG_MEDICUS_REFERENCE_CYTOKINE_JAK_STAT_SIGNALING_PATHWAY	0.816141937728301	1	-0.286122031902617	-0.795149033341042	4691	36	IL15|IL2RG|IL23A|IL15RA|IL6ST|IFNGR1|EPOR
KEGG_MEDICUS_REFERENCE_DEUBIQUITINATION_OF_H2AK119	0.983566001060258	1	-0.237570102824507	-0.61678077444285	5565	26	CBX8|HCFC1|PHC1|BAP1|CBX2|PCGF2|CBX6|PHC3|RING1|FOXK1|MBD5|PHC2
KEGG_MEDICUS_REFERENCE_DISASSEMBLY_OF_MCC	0.652205350686913	1	-0.366623723929367	-0.864639897065341	3607	17	CDC26|ANAPC11
KEGG_MEDICUS_REFERENCE_DNA_REPLICATION_TERMINATION	0.84251968503937	1	-0.303156865451074	-0.749857576959936	4707	21	UBB|RBX1|MCM2|MCM3|MCM7|PIF1|MCM6|GINS4|NPLOC4
KEGG_MEDICUS_REFERENCE_DYNEIN_RECRUITMENT_TO_THE_KINETOCHORE	0.779934518241347	1	0.292234699148314	0.8175060370614	3334	30	DYNC2LI1|DCTN4|ZWILCH|SPDL1|DCTN6|ZW10|ACTR10|BUB1
KEGG_MEDICUS_REFERENCE_FGF_FGFR_PI3K_SIGNALING_PATHWAY	0.893159379407616	1	-0.281823980214233	-0.725903336880478	5065	25	FGF17|AKT3|FGFR3|FGF2|AKT2|RPS6KB2
KEGG_MEDICUS_REFERENCE_FLT3LG_FLT3_RAS_ERK_SIGNALING_PATHWAY	0.738871749669458	1	0.343602612171246	0.811160162077872	3352	15	MAPK1|SOS2|NRAS|BRAF|SOS1|MAP2K1
KEGG_MEDICUS_REFERENCE_FLT3LG_FLT3_RAS_PI3K_SIGNALING_PATHWAY	0.978221083455344	1	-0.256824462966153	-0.58650549991944	5344	15	FLT3LG|AKT3|AKT2
KEGG_MEDICUS_REFERENCE_GENE_SILENCING_BY_METHYLATION_OF_H3K27_AND_UBIQUITINATION_OF_H2AK119	0.998271988940729	1	-0.214527137732481	-0.60810339603478	5776	40	CTBP2|CBX8|UBB|PHC1|H3C2|EPOP|CBX2|PCGF2|PHF19|CBX6|H3-3B|PHF1|PHC3|RING1
KEGG_MEDICUS_REFERENCE_GHRHR_PKA_GH_SIGNALING_PATHWAY	0.840230298668586	1	-0.304438150102819	-0.759143997515713	4669	22	ATF6B|CREB3L1|ADCY3|CREB5|PRKACB|CREB3|CREB3L4
KEGG_MEDICUS_REFERENCE_GLOBAL_GENOME_NER	0.873196248196248	1	-0.30076813881635	-0.718960232597016	4840	18	DDB2|GTF2H4|XPC|RBX1|ERCC2|RAD23A
KEGG_MEDICUS_REFERENCE_GPCR_PLCB_ITPR_SIGNALING_PATHWAY	0.731058617672791	1	-0.306985264144185	-0.843032007055485	4177	34	PLCB4|LTB4R2|GNA11|F2R|ITPR3|ITPR2
KEGG_MEDICUS_REFERENCE_HOMOLOGOUS_RECOMBINATION_IN_ICLR	0.970914742451155	1	0.255508675883059	0.611983183791474	4372	16	RPA2|BRIP1|PALB2|MCM9|HROB|RPA3|BRCA1|BRCA2
KEGG_MEDICUS_REFERENCE_IFN_RIPK1_3_SIGNALING_PATHWAY	0.974944071588367	1	0.250516723101014	0.610199478993048	4357	17	JAK3|JAK2|RIPK1|STAT1
KEGG_MEDICUS_REFERENCE_IL1_IL1R_JNK_SIGNALING_PATHWAY	0.891187050359712	1	0.284584090172859	0.713751593090579	3963	19	TAB2|MAPK8|IRAK4|MAPK9|MAP2K4|IL1R1
KEGG_MEDICUS_REFERENCE_IL1_IL1R_P38_SIGNALING_PATHWAY	0.969351230425056	1	0.254994767089963	0.621106934891163	4332	17	TAB2|IRAK4|MAPK14|IL1R1|ZFP36
KEGG_MEDICUS_REFERENCE_ITGA_B_FAK_RAC_SIGNALING_PATHWAY	0.717015887635275	1	0.313873254193427	0.848202158298668	3113	26	ITGB7|ITGB4|SRC|ELMO1
KEGG_MEDICUS_REFERENCE_ITGA_B_RHOG_RAC_SIGNALING_PATHWAY	0.755799539578537	1	-0.31991911009203	-0.815922176114244	4267	24	ITGA4|ELMO3|ITGA7|ITGB5|ITGB1|ITGAV|ITGA5|RAC3|RHOG|ELMO2|FN1
KEGG_MEDICUS_REFERENCE_ITGA_B_TALIN_VINCULIN_SIGNALING_PATHWAY	0.803274907749078	1	0.292598113362707	0.799321845962308	3482	27	ITGB7|ITGB4|TLN2|ITGA2B|PTK2
KEGG_MEDICUS_REFERENCE_KEAP1_NRF2_SIGNALING_PATHWAY	0.940053285968028	1	0.276173863993158	0.661479536780506	4233	16	GSTM2|NFE2L2|MGST1
KEGG_MEDICUS_REFERENCE_KINETOCHORE_MICROTUBULE_ATTACHMENT	0.840115232265034	1	-0.308518995556958	-0.747145832131542	4665	19	TUBA3E|TUBB2B|TUBA1B|TUBB3|TUBA3C
KEGG_MEDICUS_REFERENCE_LONG_PATCH_BER	0.961858279103398	1	-0.265524464749986	-0.626208919076901	5320	17	LIG1|POLE|POLD1|RFC2
KEGG_MEDICUS_REFERENCE_LPAR_GNB_G_RHO_SIGNALING_PATHWAY	0.827729573391179	1	-0.319596335059885	-0.753731207808793	4578	17	GNG8|GNB3
KEGG_MEDICUS_REFERENCE_MACHR_CA2_APOPTOTIC_PATHWAY	0.876510067114094	1	0.297556919377057	0.724778269997743	3917	17	GNAQ|VDAC1|MCU|SLC25A5|PLCB1|VDAC3|SLC25A4|VDAC2
KEGG_MEDICUS_REFERENCE_MGLUR5_CA2_APOPTOTIC_PATHWAY	0.87634892086331	1	0.289814886174893	0.726870699563876	3897	19	GNAQ|VDAC1|MCU|CASP3|SLC25A5|PLCB1|VDAC3|SLC25A4|VDAC2
KEGG_MEDICUS_REFERENCE_MICROTUBULE_RHOA_SIGNALING_PATHWAY	0.989366515837104	1	0.230385363748011	0.584226309041005	4372	20	ROCK2|RHOA|ROCK1|TUBB1
KEGG_MEDICUS_REFERENCE_N_GLYCAN_BIOSYNTHESIS	0.887811127379209	1	-0.306101084532816	-0.699037652162687	4850	15	MOGS|MAN1B1|B4GALT2|MAN2A1|MGAT1
KEGG_MEDICUS_REFERENCE_ORGANIZATION_OF_THE_INNER_KINETOCHORE	0.79261744966443	1	0.320815573477972	0.781430849668982	3542	17	CENPQ|ITGB3BP|CENPU|CENPI|CENPS
KEGG_MEDICUS_REFERENCE_ORIGIN_UNWINDING_AND_ELONGATION	0.728718428437792	1	0.302212868163135	0.845419263766539	3115	30	RFC4|PRIM1|GINS1|POLA1|RFC5|RFC1|RPA2|PCNA|RFC3|WDHD1|GINS3|RPA3
KEGG_MEDICUS_REFERENCE_P300_P21_CELL_CYCLE_G1_S	0.949977963860732	1	0.273019400449789	0.644530784326171	4310	15	RB1|ATR|CDK6|ATM|EP300|CCND2|CCND3|E2F2
KEGG_MEDICUS_REFERENCE_PP2A_AKT_SIGNALING_PATHWAY	0.969268730372364	1	0.253082666564263	0.626834147274171	4320	18	PPP2R3A|PPP2R5E|PPP2CA|PPP2R5C|PPP2R1B
KEGG_MEDICUS_REFERENCE_PRE_IC_FORMATION	0.969114013413343	1	-0.247559789215352	-0.648346389272559	5490	27	RECQL4|POLE|MTBP|MCM2|MCM3|MCM7|POLE3|TICRR|MCM6|GINS4
KEGG_MEDICUS_REFERENCE_PROMOTION_OF_MICROTUBULE_GROWTH	0.986399427344309	1	-0.238465113167443	-0.589842726085562	5511	21	TUBA3E|TUBB2B|TUBA1B|TUBB3|TUBA3C
KEGG_MEDICUS_REFERENCE_REGULATION_OF_GF_RTK_RAS_ERK_SIGNALING_PTP	0.951746489016925	1	-0.265435905960192	-0.642810762683181	5285	19	DUSP8|DUSP4|DUSP7|DUSP9|DUSP5|PTPN7
KEGG_MEDICUS_REFERENCE_RETROGRADE_AXONAL_TRANSPORT	0.886632026452527	1	0.262015819909912	0.768877805220534	3753	37	DNAH1|DNAH8|DCTN4|DCTN6|ACTR10|TUBB1
KEGG_MEDICUS_REFERENCE_SPINDLE_ASSEMBLY_CHECKPOINT_SIGNALING	0.653543307086614	1	-0.350760667477771	-0.867605435279775	3651	21	CDC26|ANAPC11|MAD1L1|ANAPC2|ESPL1
KEGG_MEDICUS_REFERENCE_TIGHT_JUNCTION_ACTIN_SIGNALING_PATHWAY	0.741570438799076	1	0.311839528420531	0.83342994400973	3210	25	CLDN23|ACTR3|CLDN9|ARPC3|ACTR2
KEGG_MEDICUS_REFERENCE_TLR1_2_4_NFKB_SIGNALING_PATHWAY	0.957815275310835	1	0.266445325063698	0.638178166652412	4313	16	TAB2|IRAK4|CHUK
KEGG_MEDICUS_REFERENCE_TNF_P38_SIGNALING_PATHWAY	0.717017885602975	1	-0.329444219107633	-0.840215028371493	4048	24	ATF6B|TNFRSF1A|TRADD|TRAF2|CREB3L1|TAB1
KEGG_MEDICUS_REFERENCE_TSH_TG_SIGNALING_PATHWAY	0.905804843304843	1	-0.282298958420663	-0.712504218136041	5086	23	ATF6B|CREB3L1|ADCY3|CREB5|PRKACB|TTF2|CREB3|CREB3L4
KEGG_MEDICUS_VARIANT_CYP11B1_CYP11B2_FUSION_TO_ACTH_CORTISOL_SIGNALING_PATHWAY	0.844146685472497	1	-0.295451950204051	-0.761005349430992	4787	25	ATF6B|CREB3L1|NR4A1|ADCY3|CREB5|PRKACB
KEGG_MEDICUS_VARIANT_MUTATION_ACTIVATED_CACNA1D_H_TO_ANGIOTENSIN_ALDOSTERONE_SIGNALING_PATHWAY	0.71939693969397	1	0.320940657288113	0.836607315350555	3196	22	CAMK2B|CREB3L3|CALM2|ATF2|CREB1
KEGG_MEDICUS_VARIANT_MUTATION_ACTIVATED_GNAS_TO_ACTH_CORTISOL_SIGNALING_PATHWAY	0.89144678590402	1	-0.285072297997044	-0.727048814510411	5033	24	ATF6B|CREB3L1|NR4A1|ADCY3|CREB5|PRKACB
KEGG_MEDICUS_VARIANT_MUTATION_ACTIVATED_GNAS_TO_CRHR_PKA_ACTH_SIGNALING_PATHWAY	0.836077308518253	1	-0.304455980835854	-0.753070934880013	4671	21	ATF6B|CREB3L1|ADCY3|CREB5|PRKACB|CREB3|CREB3L4
KEGG_MEDICUS_VARIANT_MUTATION_ACTIVATED_KCNJ5_TO_ANGIOTENSIN_ALDOSTERONE_SIGNALING_PATHWAY	0.71939693969397	1	0.320940657288113	0.836607315350555	3196	22	CAMK2B|CREB3L3|CALM2|ATF2|CREB1
KEGG_MEDICUS_VARIANT_MUTATION_ACTIVATED_MET_TO_RAS_ERK_SIGNALING_PATHWAY	0.915601586602027	1	0.288915349381842	0.682057159433236	4154	15	MAPK1|SOS2|NRAS|BRAF|SOS1|MAP2K1
KEGG_MEDICUS_VARIANT_MUTATION_ACTIVATED_PRKACA_TO_ACTH_CORTISOL_SIGNALING_PATHWAY	0.980783308931186	1	-0.25256469590099	-0.576777544944907	5358	15	ATF6B|CREB3L1|NR4A1
KEGG_MEDICUS_VARIANT_MUTATION_CAUSED_ABERRANT_ABETA_TO_AGE_RAGE_SIGNALING_PATHWAY	0.913199105145414	1	0.285081438826127	0.69439095038836	4081	17	MAPK1|NRAS|BRAF
KEGG_MEDICUS_VARIANT_MUTATION_CAUSED_ABERRANT_ABETA_TO_ANTEROGRADE_AXONAL_TRANSPORT	0.960417416336812	1	-0.259795888417348	-0.647824489817333	5337	22	TUBA3E|TUBB2B|TUBA1B|TUBB3|TUBA3C|CDK5|TUBB4B
KEGG_MEDICUS_VARIANT_MUTATION_CAUSED_ABERRANT_ABETA_TO_MACHR_CA2_APOPTOTIC_PATHWAY	0.862718707940781	1	0.297542724052826	0.7369526417643	3845	18	GNAQ|VDAC1|MCU|SLC25A5|PLCB1|VDAC3|SLC25A4|VDAC2
KEGG_MEDICUS_VARIANT_MUTATION_CAUSED_ABERRANT_ABETA_TO_MGLUR5_CA2_APOPTOTIC_PATHWAY	0.850719424460432	1	0.296168550412395	0.742806017552753	3783	19	GNAQ|VDAC1|MCU|CASP3|SLC25A5|PLCB1|VDAC3|SLC25A4|VDAC2
KEGG_MEDICUS_VARIANT_MUTATION_CAUSED_ABERRANT_HTT_TO_MGLUR5_CA2_APOPTOTIC_PATHWAY	0.87737556561086	1	0.289071171374287	0.733045627355386	3877	20	GNAQ|VDAC1|MCU|CASP3|SLC25A5|PLCB1|VDAC3|SLC25A4|VDAC2
KEGG_MEDICUS_VARIANT_MUTATION_CAUSED_ABERRANT_HTT_TO_RETROGRADE_AXONAL_TRANSPORT	0.87443840151336	1	0.261575885951522	0.776979656939851	3697	39	DNAH1|DNAH8|DCTN4|DCTN6|ACTR10|TUBB1
KEGG_MEDICUS_VARIANT_MUTATION_CAUSED_ABERRANT_SOD1_TO_26S_PROTEASOME_MEDIATED_PROTEIN_DEGRADATION	0.869750889679715	1	0.263249680968269	0.785529540360445	3665	40	PSMC6|PSMC1|PSMA1|PSMA4|PSMD6|PSMA2|DERL1|PSMA6|PSMC2|PSMD14|PSMD11|PSMC5
KEGG_MEDICUS_VARIANT_MUTATION_INACTIVATED_ATP1A1_TO_ANGIOTENSIN_ALDOSTERONE_SIGNALING_PATHWAY	0.80141358869129	1	0.301520374154136	0.791323427244952	3514	23	CAMK2B|CREB3L3|CALM2|ATF2|CREB1
KEGG_MEDICUS_VARIANT_MUTATION_INACTIVATED_ATP2B3_TO_ANGIOTENSIN_ALDOSTERONE_SIGNALING_PATHWAY	0.939692197566213	1	-0.271607627736323	-0.671820634228932	5250	21	ATF6B|ATP2B3|CAMK1|CREB3L1
KEGG_MEDICUS_VARIANT_MUTATION_INACTIVATED_PDE11A_PDE8B_TO_ACTH_CORTISOL_SIGNALING_PATHWAY	0.740715883668904	1	0.333662554305975	0.812723056076775	3310	17	PRKAR1A|CREB3L3|PDE11A|SP1|ATF2|CREB1
KEGG_MEDICUS_VARIANT_MUTATION_INACTIVATED_PRKAR1A_TO_ACTH_CORTISOL_SIGNALING_PATHWAY	0.913188277087034	1	0.286977527092434	0.687355997206967	4112	16	PRKAR1A|CREB3L3|SP1|ATF2|CREB1
KEGG_MEDICUS_VARIANT_MUTATION_INACTIVATED_RASD1_TO_CRHR_PKA_ACTH_SIGNALING_PATHWAY	0.978340173278614	1	0.238937936144345	0.627079304537884	4290	23	GNAI3|CREB3L3|ATF2|CREB1
KEGG_MEDICUS_VARIANT_MUTATION_INACTIVATED_UBQLN2_TO_26S_PROTEASOME_MEDIATED_PROTEIN_DEGRADATION	0.833766847954599	1	0.269518460808843	0.800572118704483	3525	39	PSMC6|PSMC1|PSMA1|PSMA4|PSMD6|UBQLN2|PSMA2|PSMA6|PSMC2|PSMD14|PSMD11|PSMC5
KEGG_MEDICUS_VARIANT_MUTATION_INACTIVATED_VCP_TO_26S_PROTEASOME_MEDIATED_PROTEIN_DEGRADATION	0.938756207141168	1	0.244804538509722	0.727162389823098	3969	39	PSMC6|PSMC1|PSMA1|PSMA4|PSMD6|PSMA2|PSMA6|PSMC2|PSMD14|PSMD11|PSMC5
KEGG_MELANOMA	0.794415616506054	1	0.263896531431137	0.844290366564014	3214	59	EGF|FGF5|FGF13|PDGFB|PIK3CA|MAPK1|FGFR1|NRAS|PIK3CG|RB1|BRAF|PTEN
KEGG_MTOR_SIGNALING_PATHWAY	0.924286405418481	1	0.244802001935015	0.755942952337359	3820	48	HIF1A|PIK3CA|MAPK1|RPS6KA2|EIF4E|CAB39|RHEB|PRKAA1|PIK3CG|RICTOR|BRAF|EIF4B|RPS6|PIK3CB|RPS6KA3|RPS6KB1|CAB39L
KEGG_N_GLYCAN_BIOSYNTHESIS	0.987884661982069	1	0.222327427153063	0.680276589300953	4076	46	ALG11|STT3B|MGAT2|ALG13|ALG6|STT3A|FUT8|DPM1|ALG10B
KEGG_NATURAL_KILLER_CELL_MEDIATED_CYTOTOXICITY	0.734716503009186	1	-0.265417919996203	-0.879206394277937	4638	105	LAT|PAK1|TYROBP|SH3BP2|HCST|CD48|CSF2|ICAM1|FYN|PTK2B|FAS|NFATC4|ICAM2|PRF1|MICB|ULBP1
KEGG_NEUROTROPHIN_SIGNALING_PATHWAY	0.914004914004914	1	0.233057779633434	0.829425959159819	3347	116	CAMK2B|MAP3K1|PIK3CA|ZNF274|YWHAQ|YWHAG|MAPK8|MAPK1|RPS6KA2|BEX3|RAP1B|SOS2|RAP1A|RHOA|CALM2|YWHAZ|IRAK4|BCL2|NRAS|PIK3CG|KIDINS220|BRAF|MAPK9|MAPK14|YWHAH|RIPK2|CRK|SOS1|MAP3K5|GAB1|PIK3CB|RPS6KA3|CRKL|MAP2K1|YWHAB|PRKCD|PTPN11|MAP2K5|ARHGDIA|RPS6KA5|SHC1
KEGG_NITROGEN_METABOLISM	0.694419441944195	1	0.326515784881095	0.8511401968113	3085	22	GLUD1|CA3|CA8|CA2|GLUL|GLUD2
KEGG_NON_SMALL_CELL_LUNG_CANCER	0.820574740400869	1	0.265243677931524	0.825478930310939	3397	50	EGF|PIK3CA|MAPK1|SOS2|NRAS|PIK3CG|RB1|BRAF|STK4|CDK6|SOS1|PIK3CB|MAP2K1|RASSF5
KEGG_NOTCH_SIGNALING_PATHWAY	0.825751072961374	1	-0.277889272568362	-0.800737343234275	4809	44	MAML3|CTBP2|JAG2|NOTCH3|RFNG|NCSTN|DVL1|DLL3|HES1|PSEN1|DTX2
KEGG_NUCLEOTIDE_EXCISION_REPAIR	0.734259037586785	1	0.282883395041001	0.859260080273984	3066	44	RFC4|CUL4B|ERCC6|ERCC8|RAD23B|GTF2H2|CCNH|RFC5|RFC1|RPA2|CETN2|ERCC5|PCNA|GTF2H1|RFC3|ERCC4|CUL4A|GTF2H5|POLD4|POLD3|MNAT1|RPA3
KEGG_O_GLYCAN_BIOSYNTHESIS	0.91431870669746	1	0.270331521291598	0.722494629835027	3958	25	C1GALT1|B4GALT5|GALNT1|GALNT10|C1GALT1C1|GALNT7|GALNT6
KEGG_OTHER_GLYCAN_DEGRADATION	0.649625385632437	1	0.366212447704521	0.86453635075069	2947	15	AGA|MAN2B1|NEU4|NEU3|FUCA2|FUCA1|HEXB
KEGG_PANTOTHENATE_AND_COA_BIOSYNTHESIS	0.810395314787701	1	-0.331575747932833	-0.75721369201554	4427	15	PPCDC|BCAT2|ENPP3|COASY|PANK4
KEGG_PATHOGENIC_ESCHERICHIA_COLI_INFECTION	0.996614186558321	1	-0.213341448128875	-0.634382034952133	5886	52	CD14|TUBA3E|FYN|ABL1|ITGB1|CTTN|TUBB2B|TUBA1B|CDC42|TUBB3
KEGG_PATHWAYS_IN_CANCER	0.947601224906431	1	0.219407490289778	0.870342326498731	2784	289	CXCL8|EGF|FGF5|FOXO1|TGFBR2|FZD8|CCNE2|GLI1|TCF7|FGF13|EGLN3|PLD1|HIF1A|HDAC2|PDGFB|NCOA4|PIK3CA|SMAD4|MSH2|SMAD2|DAPK2|PIAS2|MAPK8|MSH3|MAPK1|LAMA2|ZBTB16|NKX3-1|WNT2B|FGFR1|KIT|SOS2|RHOA|FZD2|TGFBR1|BCL2|ITGA2B|NRAS|CASP3|CUL2|FZD4|PTK2|FH|CDKN1B|CDK2|PIK3CG|MYC|CHUK|RB1|BRAF|BIRC2|APC|MAPK9|CTNNB1|PTEN|LAMB2|PIAS1|STK4|HSP90AA1|TFG|DVL3|FZD5|SKP2|CDK6|PAX8
KEGG_PHOSPHATIDYLINOSITOL_SIGNALING_SYSTEM	0.738197424892704	1	0.264873232400331	0.877571239344937	2923	72	PLCE1|CDS1|PIK3C2A|PIK3CA|PIKFYVE|INPP5K|OCRL|INPP4B|CALM2|PIP5K1B|PIK3C3|PIK3CG|INPP5B|PTEN|PLCD3|PLCB1|SYNJ1|INPP4A|CDS2|INPP1|IMPA1|PIP4K2A|PIK3CB|PRKCB|PIP5K1A|IMPA2|PIP4K2C
KEGG_PORPHYRIN_AND_CHLOROPHYLL_METABOLISM	1	1	0.184824926255744	0.4994656258953	4342	26	EARS2|CPOX|COX15|MMAB|HCCS|FTH1
KEGG_PPAR_SIGNALING_PATHWAY	0.950059251735229	1	-0.243554932350975	-0.72422342194896	5611	52	APOA1|CPT1C|MMP1|PPARG|ACSL6|SLC27A1|SLC27A6|PPARD|ACAA1|PCK2|CPT1A|EHHADH|RXRA|PDPK1|LPL|SLC27A5|UBC
KEGG_PROGESTERONE_MEDIATED_OOCYTE_MATURATION	0.809269162210339	1	-0.263051948202602	-0.837056467285235	4993	78	IGF1R|MAPK13|CDC26|ANAPC11|MAPK11|MAPK12
KEGG_PROTEASOME	0.932316491897045	1	0.247734890337979	0.7429003436303	3911	41	PSMC6|PSMC1|PSMA1|PSMA4|PSMD6|PSMA2|PSMA6|PSMC2|PSME4|PSMD14|PSMD11|PSMC5
KEGG_PROXIMAL_TUBULE_BICARBONATE_RECLAMATION	0.875849569551427	1	0.287207533767527	0.738191158917502	3865	21	GLUD1|ATP1B1|ATP1B3|SLC4A4|CA2|ATP1B2|GLUD2
KEGG_PURINE_METABOLISM	0.812239221140473	1	-0.250278757152284	-0.860721996327044	5255	142	PDE2A|ADSS1|POLR2L|ENTPD3|POLR2F|ITPA|PDE6D|GUCY2F|NME3|ENTPD1|AMPD2|ADPRM|POLE|POLR2E|POLD1|GUK1|POLR1C|POLR3K|ENTPD6|POLR1H|NT5C|DGUOK|ENTPD4|POLR2A|ENPP3|POLR2J|NUDT2|POLA2|POLR3GL|POLR1A|ADCY3|AK4|GDA|POLR2I|POLR2J3|PDE1A|POLE3
KEGG_RENAL_CELL_CARCINOMA	0.944375155899227	1	0.234361840912887	0.770064861290557	3785	68	EGLN3|HIF1A|PDGFB|PIK3CA|MAPK1|PAK3|RAP1B|SOS2|RAP1A|FLCN|NRAS|CUL2|FH|PIK3CG|BRAF|EP300|CRK|SOS1|GAB1|PIK3CB|CRKL|MAP2K1
KEGG_SELENOAMINO_ACID_METABOLISM	0.812998052063042	1	-0.306147188420266	-0.780798246516952	4590	24	CBS|AHCYL2|GGT7|HEMK1|METTL6|LCMT2
KEGG_SMALL_CELL_LUNG_CANCER	0.996759034192189	1	-0.212199859021629	-0.675240254119936	6150	78	LAMB1|LAMA4|LAMA5|CCND1|LAMB3|AKT3|IKBKG|TRAF2|ITGB1|ITGAV|AKT2|BCL2L1|TRAF3|TRAF5|CASP9|RELA|FN1|RXRA|PIK3R3|PIK3R1|TRAF4|CDK4|PIK3CD|FHIT
KEGG_SPLICEOSOME	0.996388758046789	1	-0.209311162459594	-0.708685030379566	6345	125	HSPA6|CCDC12|XAB2|PRPF31|PPIE|DHX38|SNRPB|DDX23|SF3B5|SNU13|SNRNP200|LSM7|PRPF40B|SNRPD2|PRPF19|LSM6|SF3A2|HSPA1A|PRPF6|CHERP|DHX8|DDX42|SNRNP70|HNRNPM|HSPA1B|CTNNBL1|EFTUD2|DHX16|PRPF8|SRSF5|ACIN1|SF3B2|ISY1|MAGOH|EIF4A3
KEGG_STEROID_BIOSYNTHESIS	0.86485994907239	1	-0.30950275608762	-0.718206365895415	4754	16	NSDHL|LSS|HSD17B7|DHCR7|CEL|EBP|DHCR24|TM7SF2
KEGG_T_CELL_RECEPTOR_SIGNALING_PATHWAY	0.724165468774956	1	-0.26976433282706	-0.882843606207273	4533	96	LAT|PAK1|MAPK13|PAK6|MAPK11|MAPK12|PDCD1|CSF2|RASGRP1|FYN|FOS|AKT3|NFATC4|IKBKG|MALT1|AKT2|NFKBIB|GSK3B|CD3D
KEGG_TGF_BETA_SIGNALING_PATHWAY	0.851018043370303	1	-0.259121049818091	-0.813070754873934	5140	72	AMH|SMAD7|BMP8B|SMAD6|TGFB3|DCN|INHBE|ID3|AMHR2|RBX1|ID1|ACVR2B|ID2|SMURF2|RPS6KB2|CHRD|LTBP1
KEGG_TIGHT_JUNCTION	0.975156975156975	1	0.220960392317898	0.786372742514152	3571	116	MYL9|PRKCH|CLDN23|SRC|GNAI3|YES1|TJP2|RRAS2|CLDN9|MYL12B|VAPA|RHOA|PRKCI|NRAS|PARD6G|MAGI2|CTNNB1|PPP2CA|PTEN|MYL12A|PPP2R1B|MAGI1|PRKCQ|ASH1L|PALS1
KEGG_TOLL_LIKE_RECEPTOR_SIGNALING_PATHWAY	0.813520944525311	1	-0.260916371066647	-0.834003045246901	5029	80	MAPK13|CD14|IRF7|MAPK11|TLR6|MAPK12|LBP|IRF3|FOS|AKT3|IL1B|TIRAP|IKBKG
KEGG_VALINE_LEUCINE_AND_ISOLEUCINE_DEGRADATION	0.986437768240343	1	-0.228334280619445	-0.657944740157414	5745	44	ACADS|IL4I1|HSD17B10|HMGCL|OXCT2|BCAT2|ACAA1|ALDH6A1|ACADSB|EHHADH
KEGG_VASOPRESSIN_REGULATED_WATER_REABSORPTION	0.992135367016206	1	0.217557617286623	0.652405595437616	4162	41	DYNC2LI1|DCTN4|RAB11A|CREB3L3|RAB5A|DCTN6
KEGG_VEGF_SIGNALING_PATHWAY	0.903948241539482	1	-0.249291060362939	-0.777453947967761	5448	69	MAPK13|PLA2G6|PLA2G2C|MAPK11|MAPK12|HSPB1|AKT3|NFATC4|SPHK1|NOS3|MAPKAPK2|AKT2|CDC42|SH2D2A|PXN|SPHK2|VEGFA|RAC3
KEGG_VIBRIO_CHOLERAE_INFECTION	0.95785702098618	1	-0.242829087313059	-0.716135212365866	5613	50	TCIRG1|ATP6V1F|SEC61B|SEC61A1|ATP6V0A1|KDELR3|ATP6V0A2|ATP6V0B|ADCY3|SEC61A2|PDIA4|PRKACB|ATP6V1H|SLC12A2|PRKCA|ARF1
KEGG_VIRAL_MYOCARDITIS	0.759425190194421	1	-0.281648572889033	-0.843025820898358	4491	54	HLA-DOB|MYH8|MYH7B|ICAM1|CCND1|FYN|CXADR|SGCG|PRF1|ABL1|BID|RAC3|EIF4G1|CASP9|HLA-E|DAG1
KEGG_WNT_SIGNALING_PATHWAY	0.946717934633343	1	0.226036980954534	0.816255589753692	3446	127	CAMK2B|FZD8|TCF7|SIAH1|SMAD4|SMAD2|ROCK2|LRP6|NFAT5|NLK|MAPK8|PPP2R5E|PPP3CB|WNT2B|SFRP2|RHOA|FZD2|ROCK1|NFATC2|CACYBP|FZD4|PPP3R1|SKP1|MYC|APC|MAPK9|CTNNB1|PPP2CA|PPP2R5C|FBXW11|PLCB1|CHP1|PPP2R1B|DVL3|FZD5|EP300|PORCN|PPP3CA|WNT10B|PRKX|PPP2R5A|CTBP1
KENNY_CTNNB1_TARGETS_DN	0.757787973919343	1	0.275004174208865	0.855855088902749	3137	50	DPYSL2|TNFAIP8|PLAA|OLA1|TRMT1L|STAU2|DDX5|KIF5B|CRABP2|TNPO1|TMX1|C6orf62|OGFOD2|SEC62|NCOR1|XPNPEP1|TRIM33|RPS6|PPP3CA|CCDC47|TXNIP|CALCOCO1|MDH1|USP3|USP9X|HNRNPH1|UBR5|USP7
KHETCHOUMIAN_TRIM24_TARGETS_UP	0.804457225017973	1	0.272888659374743	0.825316215882457	3356	43	CD44|TGFBR2|LGALS3|EGR1|SPP1|HBEGF|SAMD4A|CYBB
KIM_ALL_DISORDERS_CALB1_CORR_DN	0.875773104788832	1	-0.285734725282192	-0.741826025453001	4955	26	ANPEP|SLC22A13
KIM_LRRC3B_TARGETS	0.88259252700549	1	-0.287652886217377	-0.733630350561145	4983	24	CXCL1|TAP1|IFITM2|IFI16
KIM_MYCN_AMPLIFICATION_TARGETS_UP	0.828600405679513	1	0.252562361078311	0.838085329112228	3267	73	SESN3|NECAB1|P2RY1|AP1S2|SCFD2|SLC44A1|ETFA|PRRG1|TENM2|HYPK|ZDHHC2|PPM1K
KIM_WT1_TARGETS_12HR_DN	0.987948177161796	1	-0.216225292189415	-0.76910375687524	6557	194	AMH|SMAD7|FOXD1|ITGBL1|APBB2|CTBP2|LAMB1|EXT1|SYNGR2|DNAAF1|RIMS2|TADA2A|CCND1|PUS1|HRC|NRG1|NSDHL|IGSF3|POLR3K|RPS2|DUSP7|MYBBP1A|NOP16|SZRD1|SFSWAP|PFDN2|FBXL6|ARFRP1|PDF|NDUFC2|ANKRD55|WNT5B|TAF1D|HNRNPAB|OGFR|SMURF2|NNMT
KIM_WT1_TARGETS_12HR_UP	0.718730745532964	1	-0.260052420947057	-0.900923030529283	4665	153	HSPA6|PLAT|AQP1|TBC1D2|FZD7|TIMP3|GDF15|EPS8|SERPINH1|TULP3|SLC35G2|ATP9A|SERPINE1|RIPOR1|CA12|TMEM255A|TAF6L|AMPD2|SLC10A3|ITGB5|CREB3L1|FGFR3|RASSF7|JUNB|RBFOX2|CDC42EP4
KLEIN_PRIMARY_EFFUSION_LYMPHOMA_DN	0.901106382978723	1	-0.258609050295054	-0.760792170736616	5293	49	SPIB|POU2F2|CD19|ID3|GSTP1|IRAG2|CAPG|CTSH|TRAF5|CD52|MMD|PKIG|SH3BP5|SWAP70|FADS3
KOHN_EMT_MESENCHYMAL	0.652490083737329	1	0.365412340414606	0.862647496778172	2960	15	STARD9|GNB4|QKI|BICD2|VIM|CCDC88A|ZEB2
KOKKINAKIS_METHIONINE_DEPRIVATION_48HR_DN	0.970508931580721	1	-0.234281794701903	-0.70551449461508	5758	56	IRF7|NOXA1|MPG|AURKB|MET|MTFMT|NT5C|FGF2|TK1|DNMT1|UPP1|GSTK1|EBP|CDK5|CTPS2|BIRC5|CEBPG|PRKCA|PMVK|DDIT3
KOKKINAKIS_METHIONINE_DEPRIVATION_48HR_UP	0.877949040578798	1	-0.244461598026784	-0.822270486812963	5581	118	SMAD7|PLAT|TIMP3|GTF2H4|EREG|IGFBP2|HSPB1|TIMP1|DCN|IL1B|FAS|TRADD|POLR2E|IGF2R|RHOB|BORCS8|ABL1|POLG|TANK|GSTP1|BID|FANCG|IL6ST|IFNGR1
KOKKINAKIS_METHIONINE_DEPRIVATION_96HR_DN	0.999496475327291	1	0.196464637396977	0.647898498379026	3969	70	RAD54B|MAP3K9|CCNE2|CCNB1|IFRD1|SOS2|CDK1|RRM1|CDK2|ATF2|MYC|MAPK14|HSP90AA1|ATM|PNP|CCNB2|PLAU|SOS1|TOP1|FEN1|POLQ|CTH|RPS6KA5
KOKKINAKIS_METHIONINE_DEPRIVATION_96HR_UP	0.656979514054312	1	-0.275242214902442	-0.909906283469594	4136	104	SMAD7|PLAT|TIMP3|GTF2H4|EREG|IGFBP2|HSPB1|TIMP1|DCN|FAS|POLR2E|IGF2R|RHOB|BORCS8|ABL1|POLG|TANK|FGF2|GSTP1|BID|FANCG|IL6ST|IFNGR1
KONDO_COLON_CANCER_HCP_WITH_H3K27ME1	0.995168217609162	1	-0.220555230904378	-0.545542687234597	5560	21	HLX|LINC02453|RNASET2|CNOT9|SIPA1|MAPKBP1
KORKOLA_EMBRYONAL_CARCINOMA_UP	0.799479782454481	1	0.277033045636671	0.82289328764684	3380	39	PTPN6|DERA|LRP6|LDHB|RESF1|YARS2|GOLT1B|PLBD1|WBP11|GABARAPL1|ETV6|BCAT1|RAD51AP1
KORKOLA_EMBRYONIC_CARCINOMA_VS_SEMINOMA_DN	0.838213762811127	1	-0.322998533745616	-0.737626059137074	4579	15	TCL1A|FRMD6|SLC43A1
KORKOLA_SEMINOMA_UP	0.664459683140222	1	0.298450664487202	0.88651174424279	2809	39	PTPN6|CREBL2|FGD4|DERA|LRP6|TIGAR|LDHB|RESF1|ERC1|KLRG1|GOLT1B|PLBD1|GABARAPL1
KOYAMA_SEMA3B_TARGETS_DN	0.867056042275066	1	-0.234600239777659	-0.878273622933826	6234	334	H2AC20|MIR9-1HG|STX11|IRX5|CDPF1|ENG|TMEM81|ATRN|HLX|SYNM|FZD7|LEAP2|PSMB9|TAP1|KHDRBS3|C1orf35|SYNGR1|DIAPH2|CCDC167|GON4L|MESP1|DGKD|PANX2|SMAD6|EEIG1|RIMBP3|LIAT1|GBA2|GPC1|SLC6A8|ODAD3|HDAC4|THEMIS2|EFNA1|JAG2|PGS1|SLFN11|CXADR|TMUB1|AKR1B1|CYP2T1P|SLC12A7|DHRS3|FAM83H|POLR1C|ABCD1|HMGN2|PLD2|EPHX1|ITFG2|SOX18|ACTG1P25|ZNF775|FZR1|SDHA|ID2|C19orf25|EGFL7|PSMB4|TYW5|HES1|MED11|LNP1|GRAMD4|GATA2|ACYP1|TCF15|ZC2HC1C|KLHL26|CTSZ|TTC13|CCDC28B|CTSH|HSPA1B|TRAF5|PDIA4|SYDE2|SRP14-DT|PLEKHO1|SYNGR3|CHCHD7|FOXP4|TMEM158|MZF1-AS1|NEFH|CLEC11A|FCHO1|DRAP1|GPATCH4|TICRR|CCT3|EFCAB2
KRIGE_AMINO_ACID_DEPRIVATION	0.651429579950582	1	-0.335601491881689	-0.878923092419905	3690	27	CHAC1|CBS|FYN|STC2|TRIB3|SLC7A11|ASNS|CEBPB|VEGFA|SESN2|CDKN1A|CARS1
KUMAR_TARGETS_OF_MLL_AF9_FUSION	0.732764747690121	1	0.23307158252923	0.940400037304915	2061	335	MEIS1|TTC39B|CD83|DCK|ZNF362|CCNG2|PDK1|CCL5|RNF11|RYR1|GNG12|TCF7|NABP1|EIF3E|GNB4|RSL24D1|BPNT2|FAM76B|LHPP|ITSN1|MEF2C|RGS9|TFB2M|TSPAN13|TMEM30A|FCRLA|OLA1|ATXN10|PGRMC2|HSPA4|ATP1B3|ZNF821|CMPK2|IDH1|IFIT3|SEMA6B|HK2|MS4A2|RECK|RSAD2|IL1RL1|PERP|SPP1|PLA2G4A|HOXA5|PAX5|ICA1|ELL2|DLAT|RAP1A|ABHD14A|NFE2L2|MBNL1|PHTF2|SHD|ANGPT1|ITM2A|TRBC1|PDE7A|EIF3J|ELOVL5|CYRIB|SFMBT2|RB1|CITED2|ANXA1|HMX3|CLCN3|TAF9|OGFOD2|PLBD1|HMGCS1|PSIP1|NPEPL1|RAB31|POLR1B|VTA1|EXT2|HNRNPA2B1|PRKCQ|METTL9|ATM|SH3GLB1
KYNG_DNA_DAMAGE_BY_4NQO	0.91933598316577	1	0.259718167095173	0.731260433507883	3931	31	MPP3|CD36|ESD|HSPB8|PPA1|NET1
KYNG_DNA_DAMAGE_DN	0.787828198512673	1	-0.250621685365847	-0.87683904007819	5190	165	EFNB1|MIR9-1HG|TP53I11|IL11RA|SEMA4D|POLR2F|ACE|PPP1R14A|APBA3|SEMA3B|ATP5ME|TGFB3|HSD17B10|CCND1|CCNL2|FMO4|MOK|TXNRD2|ATOX1|ITGB5|RHOB|CEBPB|SNX8|GYPB|ITGB1|PRKAB2|OAZ1|ID1|FGF2|PAFAH1B3|FLOT1|NNMT|IFNGR1|PCK2|MINK1|PRMT1|RAB2A
KYNG_ENVIRONMENTAL_STRESS_RESPONSE_NOT_BY_4NQO_IN_WS	0.78707423580786	1	-0.298504709488366	-0.805475584937237	4505	31	TP53I11|ATP5ME|HSD17B10|TXNRD2|RHOB|FLOT1|GALNT2|TAF1C
KYNG_ENVIRONMENTAL_STRESS_RESPONSE_NOT_BY_GAMMA_IN_OLD	0.991008462623413	1	-0.229233844665824	-0.59044518724904	5620	25	TP53I11|CCNL2|RHOB|FLOT1
KYNG_ENVIRONMENTAL_STRESS_RESPONSE_NOT_BY_UV_IN_OLD	0.717126477964887	1	-0.337599003025612	-0.828574754140786	4002	20	TP53I11|CCNL2|RHOB|FLOT1|GALNT2|TAF1C
KYNG_ENVIRONMENTAL_STRESS_RESPONSE_UP	0.846862127453356	1	0.263935319520832	0.807588255119225	3494	46	GOLPH3|TBCA|BNIP3L|MT1X|AKAP12|UGCG|SGCB|AP3B2|BEX3|EIF4E|GOLGA4
KYNG_RESPONSE_TO_H2O2_VIA_ERCC6	0.847217169879956	1	-0.3159654942666	-0.733203258846974	4657	16	PLXNA1|CCND1
KYNG_RESPONSE_TO_H2O2_VIA_ERCC6_DN	0.814763948497854	1	-0.279938835724109	-0.806643155074207	4745	44	COX6A1|PLXNA1|CCND1|GAS2L1|PM20D2|PSMB6
KYNG_RESPONSE_TO_H2O2_VIA_ERCC6_UP	0.835407372622681	1	0.275519574680481	0.798044180884661	3557	35	CAPZA1|PHLDA1|CCNA2|TWF1|KIT|ACSL1|TSN|HACD3|NUP88
KYNG_WERNER_SYNDROM_AND_NORMAL_AGING_DN	0.982384028185555	1	0.214563208444909	0.802657446703389	3345	169	TGFBR2|BMAL2|EPB42|SMARCA1|CAPZA1|NEDD4|CKMT1B|MGAT2|AMMECR1|PPP6C|USP6NL|UBE2N|SUMO1|TJP2|CBX3|ATP1B3|ZNF32|CDC27|ABR|DKK3|RIT1|DPM1|ZNF449|THOC1|KIF5B|COPS5|CDK2AP1|CUL2|BECN1|ZSCAN9|PUDP|PDIA3|DAD1|SRSF1|USO1|AMFR|SLC35A1|CKAP5|MAP2K4|TFDP2|SAV1
KYNG_WERNER_SYNDROM_AND_NORMAL_AGING_UP	0.816582914572864	1	0.255487534099659	0.844741463889327	3249	71	BTBD1|AMD1|PIK3CA|KIF20B|RAB11A|HSPB8|CDK1|PRELID3B|PRDX6|SEMA7A|ARHGAP5|GGH|PCNA|GTDC1|DNASE1|STAMBP|RPS6|OMA1|PATL1|KTN1|PRKAR1B|NPEPPS|PIM1|CHEK1|HNRNPH1|B4GALT1|TNFRSF12A
LANDEMAINE_LUNG_METASTASIS	0.952113309352518	1	0.26072088763688	0.653901448917191	4234	19	PAQR3|PTEN|UGT8
LANDIS_BREAST_CANCER_PROGRESSION_UP	0.851720047449585	1	0.26664506192318	0.795661260296626	3589	40	GOLPH3|ATP6AP2|SRP19|ACSL4|ELL2|LITAF|DSG2|CMAS|VDR|CHMP2B|ATP6V1A
LANDIS_ERBB2_BREAST_PRENEOPLASTIC_UP	0.731364782138999	1	-0.335332887570552	-0.812081502056876	4061	19	ABRACL|TPD52|KCNN4|SLC66A2|ID2|FRRS1
LANDIS_ERBB2_BREAST_TUMORS_324_UP	0.775134522798074	1	0.245267908036335	0.897447034931468	2736	142	PITPNC1|DCK|GOLPH3|ATP6AP2|ST3GAL5|PPP1CB|PTPN2|SRP19|AKAP12|CIP2A|ETNK1|WSB2|PERP|ACSL4|ELL2|LITAF|CALM2|FUT8|TCEAL9|CTNND1|SOCS2|CSRP1|PAPSS1|DSG2|CDK1|RRM2|EPCAM|MOB1B|ADNP|BAG2|SKP1|CMAS|VDR|CHMP2B|ZC3H15|RCN2|WEE1|ATP6V1A|DDX6
LANDIS_ERBB2_BREAST_TUMORS_65_UP	0.812641594925238	1	0.305196971935991	0.784428261529864	3586	21	GOLPH3|WSB2|PERP|DSG2|BAG2|CMAS|ATP6V1A
LANG_MYB_FAMILY_TARGETS	0.787549178430919	1	0.29473609521202	0.812128044889295	3402	28	FAM107B|ZDHHC21|EMILIN2|SLC20A1|SLC25A3|BIRC2|API5|PPP3CA|SEC31A|HSPA8|CBX4|CASP6|SET|TFB1M
LASTOWSKA_COAMPLIFIED_WITH_MYCN	0.98229879631815	1	0.226531251265612	0.6685943041826	4161	38	LRATD1|TRMT61B|ROCK2|ZNF512|RBKS|CCDC121|RRM2|SLC4A1AP|MRPL33|WDR43|FOSL2|NOL10|SLC66A3|GPN1
LAU_APOPTOSIS_CDKN2A_UP	1	1	0.182161969047375	0.573730553798978	4086	54	SIAH1|MYCBP|CARD10|CDKN1B|MYC|BCLAF1|BNIP2|RAD21|PCNA|CIZ1|TNFSF9|BNIP3|BAG5|BCL2L11|PDCD6IP|BRCA1|TNFAIP3|PAK2|APAF1|TNFRSF12A|CFLAR|PDCD4
LE_EGR2_TARGETS_DN	0.925650557620818	1	0.236191239668611	0.814555015820545	3485	94	CMTM6|RNF13|CPEB2|ME1|NR4A2|UTRN|TMEM30A|NRBP2|CA3|ZBTB16|FUT8|KCNK1|TLCD4|ABCB1|ADAM10|ELOVL6|HMGCS1|AK3|UGT8|TIPARP|FDFT1|EFHD1|IDI1|CAT|MSMO1|MPDZ|RAP1GDS1
LE_NEURONAL_DIFFERENTIATION_DN	0.99243788260713	1	-0.226263507752891	-0.547946282775401	5511	19	MSI1|PKMYT1|RGS12|CDC20|CDK4|UBE2C|SUV39H1
LEE_CALORIE_RESTRICTION_MUSCLE_UP	0.966876603685561	1	0.239312129370779	0.687993046116073	4144	34	GPD1|CMPK2|FBP2|NDN|PEX5|GLUL|FABP5|PNP
LEE_DIFFERENTIATING_T_LYMPHOCYTE	0.830541429853425	1	-0.244170429391747	-0.866105037144906	5552	187	TRBC2|LAT|LEF1-AS1|CYFIP2|TRAPPC6A|SEMA4D|AKAP13|MGAT4A|SEC31B|NUP210|PSMB9|ARHGAP45|SRRM2|CD48|RASGRP1|HDAC4|NDUFS8|USF3|MAP4K1|AKNA|SMDT1|ICAM2|SP110|GMFG|DGKA|UCP2|KLF13|EVL|PGGHG|CD3D|GABPB1-AS1|TMC6|TMC8|RNASET2|TRIM56
LEE_EARLY_T_LYMPHOCYTE_DN	0.788490918350026	1	-0.278480862906119	-0.825431352826242	4644	51	CCR7|CYLD|IFITM1|IFITM2|PIK3IP1|EMP3|GBP2|SEMA4C|SLC2A3|ANKRD55|ID2
LEE_LIVER_CANCER_DENA_DN	0.99309066397034	1	-0.217109829933511	-0.653802964658027	5892	56	TRPV2|CYP4F2|KRT4|CYP2F1|DCXR|SELENBP1
LEE_LIVER_CANCER_DENA_UP	0.924897367785559	1	0.24366649626629	0.75832743784543	3829	50	RGS2|CTSS|KIF11|COL4A5|SPP1|NUP205|CD24|ANXA5|ANXA1|LEPR
LEE_LIVER_CANCER_E2F1_DN	0.896535013326872	1	0.25293355676157	0.783568666170085	3699	49	ME1|AKAP11|OAT|ACSL1|ELOVL5|CCDC90B|GOT1|KYNU|ALDH1A1|EFNA4|GSTO1|NETO2|MDH1|PPCS|DBI
LEE_LIVER_CANCER_E2F1_UP	0.817687998641996	1	-0.273037200835359	-0.809296063311173	4816	51	PLAT|SPON2|COL1A1|IFIT2|CXADR|RHOB|RPL36|MFGE8|HOXC6|CSTB|LY6E
LEE_LIVER_CANCER_MYC_E2F1_DN	0.866553191489362	1	-0.266047386239155	-0.782674729537725	5090	49	TRPV2|CYP4F2|IGFBP2|CYP2F1|DCT|MAPKAPK2|G0S2
LEE_LIVER_CANCER_MYC_E2F1_UP	0.897417330436882	1	0.251997019579947	0.775922883283146	3717	47	UAP1L1|PALMD|CTSS|NUSAP1|MAD2L1|SPP1|TMEM176B|ROCK1|CDK1|ANXA5|PLSCR1|SMC4|VIL1
LEE_LIVER_CANCER_MYC_TGFA_UP	0.983449923221293	1	-0.229630315838201	-0.677210283241002	5763	50	PLAT|MT2A|ICAM1|CCND1|AKR1B1|ATP5IF1|MFGE8|CSTB|LY6E
LEE_LIVER_CANCER_MYC_UP	0.950920245398773	1	-0.2455023964389	-0.719726350594378	5579	48	PLAT|RPL28|RPLP2|RPL13AP5|RPL13A|DMPK|CSRP2|RPS16|CDCA3|RPL36
LEE_METASTASIS_AND_ALTERNATIVE_SPLICING_DN	0.879715302491103	1	0.260967864439161	0.778720664912981	3707	40	ABCC4|CLK4|EIF4G2|ERCC6|NAE1|SPP1|PTK2|API5|GTF2H1|DVL3|UBP1|PDCD2|MAP2K5|CSNK2A1
LEE_NEURAL_CREST_STEM_CELL_DN	0.776154945229402	1	-0.260337632921951	-0.859912197537696	4888	103	MIR9-1HG|GDF15|DDB2|DGLUCY|ZIC1|SORBS2|FGF17|FOS|EFNA1|TMEM255A|TKTL1|DLK1
LEE_TARGETS_OF_PTCH1_AND_SUFU_DN	0.674886763965778	1	0.274200362364573	0.90220837016087	2681	69	ALDH1L1|CDS1|CEND1|CKMT1B|RAB3A|CALB1|ATP1B1|PREPL|KCNK1|PCP2|CA8|FAM241B|MAPRE2|PCSK1N|ATP2A2|MEG3
LEE_TARGETS_OF_PTCH1_AND_SUFU_UP	0.954599761051374	1	-0.24330564523294	-0.710664560019474	5592	47	KATNIP|RPL23|IRS1|CCND1|TSHZ2|AKNA|POLE|SOX18|RPS27|CKLF|MICAL1|MCM2|EIF4EBP1|MCM6|PPAN|B2M|KMT5A
LEIN_CEREBELLUM_MARKERS	0.704934541792548	1	0.270576862038139	0.892304818481883	2799	70	PREX2|CMYA5|B3GNT5|EXPH5|RIF1|TJP2|RNF182|SYTL3|SYNE2|FBXO24|MCC|LHX5|KIT|HBEGF|PCP2|ERC1|CNKSR3|ZNF521
LEIN_MEDULLA_MARKERS	0.902345699550823	1	-0.250598084393056	-0.777671240408177	5423	67	ENTPD3|KCNJ14|ADGRE5|PANX2|PPP2R2B|P2RX5|KCNAB2|NRG1|P2RX6|DLK1|NSDHL|SLC26A6|CD151|SLC6A9
LEIN_MIDBRAIN_MARKERS	0.662331165582791	1	-0.290858335423429	-0.896104347759145	3971	64	SEMA4G|TSC22D3|SEMA3F|TRAIP|PANX2|P2RX5|AFAP1|MAGED2|LTBP3|DLK1|SLC4A2
LEONARD_HYPOXIA	0.955309197990646	1	-0.248537444520006	-0.701073832278665	5514	39	RASGRP1|STC2|SERPINE1|NFIL3|EFNA1|MUC1|SLC16A3|SLC2A3|JUNB|P4HA2|CDKN1C|VEGFA|AK4|PFKP
LI_ESTROGENE_EARLY_E2_RESPONSE_UP	0.669421487603306	1	-0.282190405362655	-0.897956869084752	4130	78	AMZ1|CASTOR1|KCNK5|EEIG1|CCND1|RASGRP1|STC2|FOS|CA12|GREB1|SEMA3G|MBOAT1|KCNK6|MICB|SGK1|NOP16|MANEAL|MREG
LI_ESTROGENE_META_E2_RESPONSE_UP	0.901642119519214	1	-0.256998413774141	-0.764198322170493	5325	52	AMZ1|TPBG|KCNK5|RASGRP1|STC2|FOS|CA12|GREB1|MICB|SGK1
LI_ESTROGENE_T47D_E2_RESPONSE_DN	0.773663503818561	1	0.297841467020028	0.820684714995404	3342	28	DLG2|EGLN3|ARID5B|PLEKHF2|EFNB2|CD24|FZD4
LI_LUNG_CANCER	0.815102816658027	1	-0.283777119964859	-0.80440093589834	4716	40	S100A2|CSF2|HSPB1|CALR|PSMB6|GSTP1|CDC42|MCM3|P4HB
LI_PROSTATE_CANCER_EPIGENETIC	0.876394545776519	1	-0.289469707408683	-0.738263974040511	4948	24	DDX53|LAMB3|ESR1|CXADR|PXMP4|RASSF1|GSTP1
LI_WILMS_TUMOR_VS_FETAL_KIDNEY_2_DN	0.736817214471506	1	0.286995920392324	0.852486806872145	3115	39	EGF|TGFBR2|KLF10|DDR2|FRZB|SPP1|IGFBP5|ANGPT1|MYC
LI_WILMS_TUMOR_VS_FETAL_KIDNEY_2_UP	0.9468764249886	1	0.262541961097215	0.689026753279547	4152	23	PRIM1|NCAM2|CRABP2|STMN1|HEXB|NAP1L1
LIAN_LIPA_TARGETS_6M	0.889771766694844	1	-0.259124551434862	-0.775607294748692	5262	54	KIF1A|CD84|GDF15|RAB7B|RP1
LIAN_NEUTROPHIL_GRANULE_CONSTITUENTS	0.997511312217195	1	0.207302165390107	0.525690421352193	4408	20	CTSS|CYBB
LIEN_BREAST_CARCINOMA_METAPLASTIC_VS_DUCTAL_UP	0.992324378441515	1	-0.217284395900345	-0.674807219714452	5946	68	EFNB1|FOXD1|ANKH|PLOD1|ICAM1|GAL|CEBPB|G0S2|RTL8C|NIBAN2|CTSZ|UPP1|FLNA|TMEM158
LIN_MELANOMA_COPY_NUMBER_UP	0.694337086203999	1	-0.287807141210653	-0.882069405489545	4131	63	MINDY1|ECM1|NDUFB2|SLC38A10|TRIO|CCND1|ATP9A|KLF14|CEP41
LIN_NPAS4_TARGETS_DN	0.829304029304029	1	0.262648166604367	0.822084994174765	3395	52	EGR3|KIF18A|EGR1|ETV3|HOMER1|TRMT10B|EGR2|SERTAD1|OSGIN2|DCTN6|ARL5B|TLCD4|HYCC2|OPN3|SEPTIN8|SKP2
LINDGREN_BLADDER_CANCER_CLUSTER_1_DN	0.876015980162557	1	-0.23273758574913	-0.876717930058865	6358	356	PRG2|ADAM19|COL18A1|VASN|CELSR3|SLC46A1|PIK3C2B|LAMA4|CXCL1|GNB3|TNK2|CLN3|SYNGR2|TRAIP|DYRK2|SUN2|COX17|APLNR|FYN|IL2RG|MCAM|EFNA1|SLFN11|AMPD2|CTSA|CAMK1|TACC3|EMP2|ALDH8A1|BCAT2|POLE|FILIP1L|ADAM15|SLC26A6|THBD|NR4A1|FERMT3|RCBTB1|EPHX1|MOCS1|SFMBT1|MNX1|KIFC1|RAD54L|PYCR1|BLVRB|GNL3L|GTSE1|NUDT1|MYBL2|PAFAH1B3|ICAM3|AP1B1|NFE2|SMARCA4|BID|SH3KBP1|TK1|PSMB4|APEX2|CAPG|NEU1|MINK1|SRGAP2|RRP1|PDIA5|FAM50A|SH2D2A|PMP22|IER2|TRIM11|PHF2|NECTIN2|HIP1|CTNNBL1|KIF2C|POP7|MGAT1|APOBEC3B|EBP|GCN1|P4HB|RCC1L|SAE1|CDCA8|PDE1A|PRSS8|TCF25|PHF19|AKR7A2|H2AZ1|SLC12A2|MAP1A|ARRB2|DAG1|PRC1|PSRC1|MCM6|BIRC5|ILF3|RNASEH2A|NES|GSTM4|MCM8
LINDGREN_BLADDER_CANCER_CLUSTER_2A_DN	0.918321678321678	1	0.23088900820888	0.840806761929727	3282	136	DPYSL2|CFL2|PSMD5|GNAQ|PPP6C|AP1S2|MT1X|DUSP22|SDCBP|RIC1|ERP44|UGCG|SGCB|ACSL4|RAD23B|GNG10|MBNL1|TGFBR1|CELF2|ITM2A|CLIC4|DNAJB9|ALDH2|CYBB|ANXA5|UBQLN1|RAB14|BMP2K|PSIP1|ZFAND5|GABARAPL1|ISCA1|FAM120AOS|FUBP3|PRKCQ|TMX4|KIF2A
LINDGREN_BLADDER_CANCER_CLUSTER_2B	0.688776938147215	1	-0.249227822339726	-0.931256124395635	4921	326	NFKBIZ|TPM2|ADAM19|DHRS12|COL18A1|ANPEP|AQP1|TSC22D3|LATS2|SVEP1|IFI30|ITGA4|MT2A|LAMA4|IFITM1|WHRN|FAM200B|ACTA2|ADGRE5|IFITM2|SREBF1|APLNR|AEBP1|ECM2|RARRES2|COLEC12|COL6A1|CRISPLD2|ICAM1|ZNF738|PCOLCE|FYN|AURKB|IL2RG|COL6A3|MCAM|NFIL3|EMP3|FHL1|ENTPD1|SLFN11|FOLR2|MAPK7|IFITM3|MS4A4A|TBC1D8
LINDSTEDT_DENDRITIC_CELL_MATURATION_B	0.773659036556201	1	-0.287180322320533	-0.831926773121869	4528	45	MARCKS|PLA2G6|TAP1|DUSP4|SDC4|PDGFA|HIVEP1|JRK|IL15RA|ID2|TNIP1
LINDVALL_IMMORTALIZED_BY_TERT_DN	0.878323796701447	1	-0.259300173018169	-0.792449061517836	5218	62	CRIP2|LAMA4|CXCL1|LGALS3BP|HSPG2|SDR42E1|DCT|ITGB5|SLC7A1|PTK7|NNMT
LIU_BREAST_CANCER	0.665019414048712	1	-0.332324098563261	-0.870339767434196	3767	27	ZNF470|KASH5|FAU|ITGB1|GIT2|ERCC2|DHX16
LIU_CMYB_TARGETS_UP	0.680942799655073	1	0.251384184571418	0.926178062240882	2368	151	SERINC5|AGA|ABCC3|USP25|BNIP3L|MARCHF5|PTBP3|MT1X|SATB2|TOB1|ADD3|OAT|THAP9-AS1|WDR44|MPHOSPH9|ASS1|TNKS2|KCNS3|TGFBI|RPS6KA2|ICA1|LITAF|INSIG1|KLHDC2|WASHC3|RRM2|ETFDH|DLG1|CTNS|CA8|DNAJB9|VRK1|CITED2|RBM47|NMRK1|SPG11|HBA1|ANKRA2|TIPARP|LNPEP|FABP5|ZNF318|EFHD1
LIU_COMMON_CANCER_GENES	1	1	0.184626831775988	0.592539048836046	4045	60	TCF7|OCIAD1|FGFR1|ZNF160|DBT|GPBP1|ERC1|PRR11|POLR1B|PCLAF|DDX27|CDK13|ZNF252P|ATF7IP|CCDC152|HAUS2|UBE2D4|SLC35E1|RPL34|USP34|LARS1|PRDX2|ANAPC16|MT-ND3|ZC3H7B|HNRNPDL|DAP3|ALMS1|NSMCE2
LIU_LIVER_CANCER	0.935234977788169	1	0.253732984477715	0.714408600290292	3999	31	CATSPER2|DDR2|APOA2|SAXO4
LIU_NASOPHARYNGEAL_CARCINOMA	0.865365196903399	1	-0.261322375209607	-0.798629127694235	5141	62	RAB26|DDX41|CACNA1A|GGCX|SMDT1|CYREN|FBXW4|SLC7A1|SULT1A1|TAPBP|RPL3|EPOR
LIU_SOX4_TARGETS_DN	1	1	0.187546264642886	0.74847091405775	2887	304	PRKCH|CCNG2|PDK1|RGS2|SELENOT|SGPP1|CAMSAP2|TMEM135|UBA6|HIPK3|PGGT1B|LDHA|CUL4B|FAM13A|SYPL1|OPA1|PLEKHF2|SLC44A1|TWF1|TMED2|RAB3D|ZDHHC21|WDR26|PIAS2|TCP1|FEM1B|UFL1|SNHG14|NKX3-1|DAZAP2|PSMG1|DLAT|ABHD14A|TMF1|EIF3C|SRP72|ARPC3|ZNF654|MED7|DLG1|PPFIBP1|SCAMP1|PRDX3|SMC3|SNX19|DECR1|CDK2|WSB1|COX7B|KDM6A|CUL3|TPP1|GART|MAPK9|TMX1|MTF2|PUDP|PUM1|GPI|BCLAF1|MAPK14|RAB14|VAMP3|STIL|CYB5B|SRSF1|RAB31|STAU1|CTDP1|FAF1|RFC3|ETV6|SKP2|DIMT1|NDC1|PPAT|FUBP1|BTG3|BICD2|FUT11|BNIP3|NUP58|VDAC3|SLC35F5|SSX2IP|GEMIN2|DYRK3
LIU_TARGETS_OF_VMYB_VS_CMYB_DN	0.996198375669604	1	-0.218785714362111	-0.620174852066519	5764	40	TSC22D3|CSF2|IL23A|MAPKAPK2|NRIP3|EAF2
LOCKWOOD_AMPLIFIED_IN_LUNG_CANCER	0.832277081798084	1	-0.241986344984408	-0.870423404260124	5646	211	MRM2|TMEM134|CD84|CCS|FAM131A|TECPR2|HYOU1|RTN4R|NRDE2|CLCN2|PPP1R16A|MED15|FASTK|MET|DPP3|CPSF1|INPPL1|SLC12A7|PMF1|PRORP|TSFM|SLC4A2|GFUS|PPP2R3C|GPAA1|GNS|MAF1|DHCR7|YKT6|RPS27|SIVA1|SDHA|FAM177A1|NUDT1|PSMB4|TENT4A|POLR2J|LPCAT1|NUMA1|KCNH2|JTB|S100A6|LY6E|TAF6|VEGFA|PI4KA|MCM7|RAD23A|AP2M1|EIF4G1|PAX9|LANCL2|CCDC107|DENND4B|SNAPIN|S100A13|OTULIN|CDK5|TUFT1|KDM2A|STRN3|FKBP9|HAX1|SETDB1|MBIP|CORO1B|PCYT1A|ANAPC15|PHC3|NAT10|DYNLT2B|MANBAL|METTL1|SMIM12|USP21|PMVK|NDUFS2|ARHGEF11|DDIT3|CDK4
LOPES_METHYLATED_IN_COLON_CANCER_DN	0.736111111111111	1	-0.326828716315561	-0.824894432078713	4133	23	SMAD6|SORBS3|GSTP1|CDKN1C|TP73|TERT|FHIT
LOPEZ_TRANSLATION_VIA_FN1_SIGNALING	0.83554933519944	1	0.277602041467581	0.798071851265899	3581	34	TGFBR2|EFNB2|CALD1|DYRK1A|SOCS2|EIF5B|HOXB7|RBM25|MCL1|SNRPD1|ANP32A|ARHGDIA|TNPO3|PPP5C
LUCAS_HNF4A_TARGETS_UP	0.790502102399208	1	0.266116912340179	0.844792634042937	3195	57	COL21A1|IL18R1|DERA|PRPH|RBKS|HNF4A|SLCO4C1|SLC35D1|PKP2|ETFDH|ABCB1|BIRC2|WT1|IL13RA1|OSBPL3|VIL1|ATXN7L1|EFHD1|ACOT13|KIF13B|MPP1
LUI_TARGETS_OF_PAX8_PPARG_FUSION	0.805774278215223	1	-0.291809553578082	-0.80135701078913	4604	34	CLDN7|UQCR11|RPL18|SDC4|RPS2|TMEM147|TMBIM6|RPS12|RPS5|ERGIC3|EIF3K
LUI_THYROID_CANCER_CLUSTER_1	0.740209194843104	1	0.277863815324789	0.866246669988197	3042	51	FBN1|FOSB|DYNC2LI1|ST3GAL5
LUI_THYROID_CANCER_PAX8_PPARG_DN	0.711991800478305	1	-0.298509647830661	-0.864746463332982	4167	45	CLDN7|UQCR11|ETHE1|TMEM109|AKR1B1|DDT|RPS2|BLVRB|RAP1GAP|TMEM147|TMBIM6|RPS12|RPS5|ERGIC3|EIF3K
LUND_SILENCED_BY_METHYLATION	0.760094579847217	1	-0.342511036752394	-0.794802637929876	4178	16	MAP1LC3A|TMEM101|SDC4|HES1
LY_AGING_MIDDLE_DN	0.723226090788894	1	0.346843329280974	0.818810687780701	3281	15	KIF11|CCNA2|CCNB1
LY_AGING_PREMATURE_DN	0.971055418284504	1	-0.24556682670337	-0.643126922683519	5501	27	PKMYT1|DDX39A|HMGN2|MYBL2|MCM2|PARP1|CCNF|SAFB|KIF2C
MA_MYELOID_DIFFERENTIATION_UP	0.819794746912507	1	-0.285652121660904	-0.793843126655107	4712	36	PRG2|SH2D3C|UBB|EMP3|CALR|RGL2|KLF13
MACLACHLAN_BRCA1_TARGETS_UP	0.992976891708201	1	0.220570485763123	0.566918215454157	4382	21	TOP2A|LFNG|RHOA|COX7A2L|PCNA|TOP1|ARHGDIA|GAPDH|CDK16|RAC1
MAGRANGEAS_MULTIPLE_MYELOMA_IGG_VS_IGA_DN	0.905500705218618	1	-0.278858532184218	-0.718265134415603	5135	25	TPBG|CCND1|RPL13AP5|IL1B|IL16|ID2
MAGRANGEAS_MULTIPLE_MYELOMA_IGG_VS_IGA_UP	0.674439624005785	1	-0.36026028850832	-0.849632466317362	3730	17	ABCA7|JAG2|CST3|AP1B1|GATA2|SRF
MAHAJAN_RESPONSE_TO_IL1A_DN	0.866599966649992	1	-0.258412606077146	-0.796142422682823	5196	64	IL11RA|CYP19A1|LAMA4|SLC29A1|DYRK2|FOS|ITGB5|SLC2A3|POLR1C|ACADVL|RNF24|LMNA|RPL3|KDELR3
MARCINIAK_ER_STRESS_RESPONSE_VIA_CHOP	0.757255463991401	1	-0.326799207321903	-0.802068638927843	4226	20	WFS1|LONP1|MTM1|POLR1A|PTRH2
MARIADASON_REGULATED_BY_HISTONE_ACETYLATION_DN	0.847212336892052	1	0.267651052556065	0.798663107655189	3570	40	GLMN|RNF138|RBAK|SCCPDH|MTCH2|ZNF449|LUC7L2|GABPA|OTUD4|DEGS1|TRIM47|UQCRFS1|KLHL42|FGFR4|MTR|ST3GAL4|CERS2|COL4A2
MARIADASON_RESPONSE_TO_BUTYRATE_SULINDAC_4	0.801731793960924	1	0.323245442812186	0.774223319637196	3610	16	ZNF367|CKAP2|SRSF8|TYMS|MYB|HMGB1|PHF10|NUCKS1|CSDE1|FAIM
MARIADASON_RESPONSE_TO_BUTYRATE_SULINDAC_6	0.971004073807812	1	0.232144737814753	0.702091530623826	4051	43	SESTD1|CHDH|SMC2|ATP5F1B|RFX7|MYB|TIA1|PCNA|CDK6|ARID1B|TOP2B|HMGB2|NAP1L1|ANP32A|SCAF11|MSI2|HNRNPH1
MARKEY_RB1_CHRONIC_LOF_UP	0.932330827067669	1	0.232390020267313	0.811208164525555	3471	101	PIGA|SLC27A3|TOP2A|EGR1|PRIM1|CDCA7|MSH2|NAB1|POLA1|PROS1|SLK|CBFB|IL1RL1|SFRP2|FOXP1|RBL1|TIPIN|FAM3C|CDK2|STMN1|ELOVL6|TPST1|ANP32B|ERCC5|PCNA|ACAT2|FDFT1|RFC3|IDI1|HJURP|SCMH1
MARKS_HDAC_TARGETS_UP	0.995274527452745	1	0.215473540869192	0.561682468275824	4422	22	H2BC26|CASP3|BAK1|BCL2L11|TXNIP|APAF1|TXN|CASP8|GLRX
MARSON_FOXP3_TARGETS_DN	0.752216630721304	1	0.281663229129931	0.851853759520003	3138	43	RGS2|NABP1|PDE3B|FAM107B|FOXP1|JAK2|ITM2A|MYC|ETF1|BTG1|UTP25|BZW1|RIOX1|ALS2
MARTINEZ_RB1_TARGETS_DN	0.943061999156474	1	0.218692103660718	0.903354932476144	2235	469	DOP1B|PRNP|RPGRIP1|TM6SF1|FCGR2B|GNA13|FOXO1|CD36|KRT27|S100A14|TC2N|MS4A6A|CCN1|KLHL13|FBXW8|C5orf15|HLA-B|CTF1|ZNF410|EGLN3|ETFRF1|MTX1|EIF3E|HNRNPLL|WDR75|MTREX|TFPI2|IMPACT|IL18R1|DHX40|ME1|EDARADD|LANCL1|PFKFB3|ARL8B|RIMOC1|DUSP22|UAP1|DCTN4|SMAD4|PLAC1|CIBAR1|SLC44A1|TJP2|MFAP3|FNTA|RPL21|INTS6L|PLGRKT|PROKR1|TRIB1|ESD|TMEM106C|RTRAF|HSD17B11|NEO1|TRIM2|IFFO2|LAMA2|RSAD2|ARHGEF25|ZFP37|CSRP3|TGFBI|SFRP2|TENM2|SLC22A2|HAS3|EGR2|LITAF|EDC4|LDHB|TRIAP1|GOLGA4|PKP2|PANK1|ATP11A|CDK2AP1|ZNF521|BAG4|SELENOF|MAPRE2|ARRDC4|ATP2A2|RBBP4|ELOVL6|VDR|RNF14|PPP4R3B|CLNS1A|TIA1|RBBP8|RPS24|CLCN3|SNTB2|GTF2B|NAA11|ZCCHC9|AGPAT5|HMGCS1|CAPZB|NSMAF|GINM1|MRTFA|NPEPL1|RAB4A|ATF1|IMMP2L|CCT6A|PAX6|SREK1|VAPB|SSBP2|IDI1|NCOA5|ATF3|SCMH1|NFIA|FUBP1|BICD2|TSPAN3|RPS6|MCL1|SLC35B1|TP53INP2|GLO1|RRN3|MRPL33|SERPINB1|MORC3
MARTORIATI_MDM4_TARGETS_FETAL_LIVER_UP	0.715078901227352	1	-0.25266709380305	-0.912133652564449	4893	218	ASCL2|TAGLN|PTPRVP|COX6B2|ARK2C|PDE2A|SYNM|CHAC1|DPM3|MT2A|CPT1C|TAP1|HBB|TIMM8B|MTG1|THEM6|SRRM2|ANO3|IER3|LAGE3|STC2|PIK3IP1|JAG2|CA12|IFITM3|SLC16A3|DCXR|FBXW9|LSM7|RPS18|KIFC1|P4HA2|PIDD1|HSPBP1|PTK7|SIVA1|CEP170B|RPS12|FSD1|FAT1|CDC34|NDUFA7|CD81
MARTORIATI_MDM4_TARGETS_NEUROEPITHELIUM_UP	0.672868689949672	1	-0.263099239274535	-0.917966262518737	4411	161	PTPRVP|COX6B2|PIEZO1|ENG|SYNM|MT2A|CPT1C|TAP1|GAS5|SRRM2|CTHRC1|GRIA3|ANO3|CCND1|RBM38|TMEM255A|SLC16A3|SF3B5|DCXR|IGF2R|FBXW9|CAD|SLC2A3|GRHPR|KIFC1|RPL36|PFDN2|ID1|GTSE1|PIDD1|PTK7|C12orf75|CEP170B|FAT1|CDC34|DUSP5|CD81|NDUFB6|KLHL26|VEGFA|SESN2|HSPA1B|CDKN1A|AK4|SEM1|CPNE2|PFKP|EIF4EBP1
MARZEC_IL2_SIGNALING_UP	0.776548672566372	1	-0.260274596919243	-0.866692995104275	4913	109	ELMO3|TNFRSF21|TNFRSF8|CSF2|PDCD11|IER3|CCND1|ACVR1B|PUS1|NOP2|AK4P3|TRIB3|DUSP4|POLR1C|RHOB|POLR3K|DUSP7|TNFRSF1B|MAPKAPK2|IL18RAP|FGF2|TNFRSF10A|BCL2L1|VEGFA|HSPA1B|PTRH2|ADCY3|PTPN7
MASSARWEH_RESPONSE_TO_ESTRADIOL	0.796280642434489	1	-0.275415877768321	-0.824370221593695	4709	54	IGF1R|IRS1|TMCO6|CA12|GREB1|SCARB1|TSKU|FLNB|TUBB2B|KAZN|MREG|APTX
MATSUDA_NATURAL_KILLER_DIFFERENTIATION	0.939975665810464	1	-0.225402722545485	-0.857043880444003	6952	407	PAK1|CCR7|TSC22D3|LATS2|ENG|SPON2|ENC1|CIITA|CUBN|RDH16|AARSD1|SYCE2|TASP1|LYST|IFITM1|EPS8|COX5B|PDCD1|IFITM2|DTYMK|ZC3H12C|TULP3|C17orf49|SLC41A2|GCA|NTRK3|SYT7|FMN2|NAPSA|SIAE|NOP2|FOS|CHD4|BRD3|RHOT2|PPP4C|FHL1|MEG8|SV2A|MDFIC|CFHR3|IL1B|CXADR|FBLIM1|DHRS4|SH3D19|TIRAP|CHCHD6|ID3|TACC3|RRP12|MERTK|CTSD|PRF1|RPS18|KCNN4|ASNS|DHRS3|ATP13A2|F2R|HEXA|SGK1|B4GALNT1|TAB1|ITGB1|POLG|FBXL3|RAD54L|NISCH|ARMC6|PDLIM4|TUBB2B|HNRNPAB|TK1|IFNGR1|MTCH1|ENPP3|IFT46|ZNF23|PRMT1|PDK3|SOCS3|NRGN|TIMELESS|MCM2|TSPAN31|MCM3|MCM7|HIP1|ATP5MC1|HSPA1B|CTNNBL1|JUN|CCT7|FLNA|SEC61A2|PLBD2|GTF2IRD1
MATSUMIYA_PBMC_MODIFIED_VACCINIA_ANKARA_VACCINE_AGE_18_55YO_VACCINATED_VS_CONTROL_TREATED_IN_VITRO_WITH_WILD_TYPE_MVA_6HR_UP	0.845637583892617	1	0.282567783050392	0.778598973540511	3653	28	ZNF385D|MBLAC2|RANBP2|BMX
MATTIOLI_MGUS_VS_PCL	0.977395048439182	1	0.219971776382644	0.761604686785864	3631	97	CXCL8|STAP1|LST1|ACTR3|CORO1A|RMDN1|ABCE1|SHQ1|NUSAP1|HECA|PLPP3|PELI1|EEF1A1|CPNE3|PRDX3|CCT4|SEPHS1|PFN1|PCNA|SRSF1|HBA1|CDC73|PAICS|INTS7
MATTIOLI_MULTIPLE_MYELOMA_SUBGROUPS	0.980902146234994	1	-0.250873165227928	-0.582155411398086	5392	16	NR1D1|CAD|SMARCA4|MAGEA3|MAGEA12
MATZUK_EMBRYONIC_GERM_CELL	0.675146412884334	1	-0.372859625747955	-0.851492956213834	3688	15	BMP8B
MATZUK_SPERMATOCYTE	0.848651348651349	1	0.253266806411544	0.824451954014172	3397	65	MORC1|SGO2|REC8|CKS2|TEX15|SIAH1|GNPAT|H3-3A|CNOT7|TEX11|SYCP3|BCL2|CDK2|PIWIL4
MATZUK_SPERMATOZOA	0.657241014799154	1	0.267445057044454	0.916617757198559	2486	91	CFAP221|PGAP1|DNAH1|SPAG6|BBS2|AFF4|PRKAR1A|CPLX1|BBS1|CNOT7|PLA2G4C|SPAM1|AKAP4|TEKT3|TSN|BUB1|CLGN|INPP5B|ARL4A|PLCB1
MAYBURD_RESPONSE_TO_L663536_UP	0.955009276437848	1	0.247104446287424	0.687378297908476	4117	29	EIF2AK3|SLC38A2|SEMA6B|LINC00471|BROX|GARS1|ASXL2|ZNF346
MCBRYAN_PUBERTAL_BREAST_3_4WK_DN	0.686089238845144	1	-0.319146655397947	-0.865503036166841	3920	32	TRBC2|IFI16|TXNDC16|BCL6|RPS10
MCBRYAN_PUBERTAL_BREAST_4_5WK_DN	0.94377149693435	1	-0.228642387597133	-0.807875246472642	6310	178	SLC2A4|FMC1|MLXIPL|LAMA4|APLP2|AATK|SOD3|ECI1|P2RX5|HSPG2|NR1D1|FHL1|SH2B2|TMEM109|DMPK|BCAT2|BMP1|ATPAF2|MAPK8IP1|PAQR4|CARHSP1|PYCR1|ERAL1|EXTL3|YKT6|MCRIP2|KLHL2|PTGES2|GPAM|ACADVL|AKT2|ATP6V0A1|ATP5F1D|SLC25A35|ECH1|LGALS12|ADISSP|VEGFA|EPB41L2|CAVIN1|EIF4G1|GALNT2|PPARGC1B|HIPK2|EHHADH|RCC1L|PRKACB|STEAP3|MYO1C|MPZ|CUX1|SLC25A10|MBTPS1|CYTH1|DMAC2|LPL
MCBRYAN_PUBERTAL_BREAST_5_6WK_DN	0.976878612716763	1	0.218104494183305	0.785752121446565	3548	125	GPD1|RGS5|PANK3|CPD|NORAD|MEF2C|YWHAG|MAPK8|HSD17B11|IL6R|ATP8A1|CALD1|PANK1|EIF3C|CNOT3|RESF1|FZD4|SMC6|ACLY|FTO|QPCTL|RBBP4|SECISBP2L|QKI|SNTB2|PTEN|MAPK14|DDX6|ACACA
MCBRYAN_PUBERTAL_BREAST_6_7WK_UP	0.967809867629362	1	0.218293227244114	0.824044769481671	3216	182	GPD1|LIPG|UBE4A|LRATD1|ABCC3|TCF7|RASSF3|PANK3|CORO1A|TMEM143|CPD|NORAD|MEF2C|SORBS1|YWHAG|MAPK8|HSD17B11|IL6R|IGFBP5|ATP8A1|EHD3|PCMTD1|EIF3C|CNOT3|TGFBR1|RESF1|CA8|FZD4|SMC6|ACLY|FTO|QPCTL|RBBP4|SECISBP2L|QKI|SNTB2|PTEN|MAPK14
MCBRYAN_PUBERTAL_TGFB1_TARGETS_DN	0.83118462661153	1	0.262711651204346	0.819009458848969	3416	51	RGS2|ABCC3|TCF7|PHLDA1|IDH1|IFIT3|VWF|PTX3
MCBRYAN_PUBERTAL_TGFB1_TARGETS_UP	0.975223145583256	1	-0.22318095145328	-0.773914325612673	6336	154	TPM2|TAGLN|PLAT|VASN|CD14|ECM1|ACTA2|APLP2|IER3|PCOLCE|CHD4|COMT|HSPG2|PTK2B|FHL1|BMP1|F2R|ITGAV|TSC22D1|G0S2|EXTL3|ACADVL|MFGE8|OGFR|CAPG|HES1|S100A6|CYC1|VEGFA|RAD23A|EPB41L2|CDKN1A|GALNT2|CEMIP2|CYB5R3|PRKACB|ATP1A1|CITED1|TLE3|CYTH1|HK1|FN1
MCCABE_BOUND_BY_HOXC6	0.853871319520174	1	0.226525445550089	0.916877324809669	2348	353	NOXRED1|SENP8|PTGDR2|PRR4|FRG1BP|CD69|KRT27|CDH18|HVCN1|PTHLH|PICK1|ZFP82|RBM11|ARIH1|PEX3|DOCK7|SGPL1|VPS50|ZNF785|RBAK|TNFAIP8|ZNF641|SNAPC1|GAS2L3|TOB1|SLC44A1|CEP295|CRNKL1|PPIP5K1|ZNF664|SLC39A1|COP1|DDHD1|FGFR1OP2|PMS2P13|SYTL5|IL24|MAMLD1|RAB40AL|ARMH4|ABCA6|ZNF536|PHETA2|APPBP2|CHTF8|FLCN|PDS5B|ZSCAN29|IRAK4|PSMG2|FAM200C|VWA5A|FAM72D|ANGPT1|NSA2|RFX7|ACTR10|CHSY1|CHD9|SMIM30|NPAT|SEPTIN7|COX7B|ATP2A2|MEG3|PLAAT4|MAP3K15|LRRC23|TUBGCP4|KIF14|RBM12B|MTF2|PTAFR|LIN54|METTL5|CEP76|CHMP1B|SGMS1|VPS4B|FAM72B|SHCBP1|FARSB|ZNF576|BTBD3|FCHSD2|YAF2|ATM|RHOXF2|ALDH18A1|SCN9A|AKAP10|PGM2L1|RAD51AP1|ERCC4|CARD8|C20orf96|ASAP1|MPP1|SLC36A1|SNRNP40
MCCABE_HOXC6_TARGETS_CANCER_DN	0.791681670867843	1	-0.321852296729973	-0.779435320115867	4396	19	PIEZO1|TSEN34|PSEN1|CHCHD5|SPTLC2|PLCB3|MKKS
MCCLUNG_COCAIN_REWARD_4WK	0.699014778325123	1	0.274483363680424	0.88773002077701	2837	62	KIN|DCLRE1A|FMR1NB|KLF10|ANKHD1|CLK1|ZDHHC6|NUSAP1|SLC35D1|NFATC2|PAPOLA|P4HA1|NCS1
MCCLUNG_COCAINE_REWARD_5D	0.872413793103448	1	0.250652378416995	0.810656201951066	3541	62	ITFG1|TOP2A|PER2|GOLGA4|CELF2|SYP|ACTR2|PTP4A2|DNAJB9|ATP1B2|WBP11|MTMR9|HSPA5|FBXW7|KIF23|SH3GL3|POU2F1|FMNL1
MCCLUNG_CREB1_TARGETS_DN	0.779744680851064	1	-0.284020738987396	-0.827394479138652	4580	46	PBX3|PNCK|TEF|SOX11|COL6A1|ZBTB20|PDRG1|DHCR7|TSC22D1|ADISSP|PDXK|RBCK1
MCCLUNG_CREB1_TARGETS_UP	0.819062581827704	1	0.25521627098932	0.850709368986245	3127	77	TTC39B|CRYL1|SERPINI1|KLF10|MEF2C|CPLX1|MFSD4A|AUH|CAP1|SYP|FAM3C|STMN1|SEMA7A|SCN1B|HSD17B12|ADARB1|GLRX3|BZW1|IDI1|IFT20|BCAT1|ACOT7|TP53INP2|MPDZ|FBXW7
MCCLUNG_DELTA_FOSB_TARGETS_2WK	0.823886167483088	1	0.279377010265598	0.80317466905169	3531	34	SERPINI1|IMPACT|MEF2C|MFSD4A|ARHGEF25|STMN1|HMGCS1|ADARB1|GARS1
MCCLUNG_DELTA_FOSB_TARGETS_8WK	0.671546675852566	1	-0.308387345139349	-0.878626537899101	3898	41	TSPAN5|SYNGR1|ST6GALNAC6|KIF5A|PSAP|MXD4|NFE2L1|NDST1
MCDOWELL_ACUTE_LUNG_INJURY_UP	0.975056296552919	1	-0.238770128230759	-0.67352220972455	5628	39	OSMR|SFN|FOS|SPHK1|NR4A1|KLHL2|CSTB|LTBP1|CDKN1A
MCGOWAN_RSP6_TARGETS_UP	0.936465324384787	1	0.274273927093236	0.66806640827002	4185	17	MGMT|GPNMB|NNT|GLRX3
MCMURRAY_TP53_HRAS_COOPERATION_RESPONSE_UP	0.981789568345324	1	0.239547819608974	0.600798300999282	4366	19	RGS2|MRPL15|HBEGF|SEMA7A
MEINHOLD_OVARIAN_CANCER_LOW_GRADE_DN	0.977068345323741	1	0.24410247229192	0.612221605114604	4345	19	RHEB|PTP4A2|KIF14|NCK1|RAD21|STARD7|CCNB2|STAT1
MEISSNER_BRAIN_HCP_WITH_H3K4ME2_AND_H3K27ME3	0.72489158716392	1	-0.301775373280374	-0.847270406012597	4178	38	TSC22D3|MAPK13|TWIST1|NRTN
MELLMAN_TUT1_TARGETS_UP	0.979218917950555	1	-0.243833699190789	-0.598445035523162	5465	20	RPL23|SDR42E1|G6PD|SF3A2|MTHFD2L|LARP1
MIKKELSEN_NPC_ICP_WITH_H3K4ME3	0.732765298218435	1	0.232070509935928	0.945860623551299	1891	399	SEMA3A|ZNF416|ZNF429|CD44|ZNF708|DYNC2LI1|GABRG1|ZNF235|SPRED3|ATG4A|BLZF1|MBNL2|DNASE1L1|SERPINI1|DCLRE1A|DUSP19|PTER|IFT56|CORO1A|PLD1|NUDT13|WDCP|ZFP82|ZNF608|ZBTB18|AKR1E2|PRIM1|FASTKD1|C5orf34|DDR2|MRTFB|RFX5|DCLRE1C|VPS50|ZNF845|FAM13A|SH3BGRL|PUS3|ADD3|ZRANB3|ZFYVE26|RBM41|BBS1|RP2|BMERB1|TCEAL8|GSTM2|TRMT10B|HSD17B11|COL4A5|SYT3|KATNAL2|P2RX7|CA3|ATP6V1G2|GPR183|SERINC4|SCRG1|FBP2|CD274|RHOJ|ARMH4|TSNAXIP1|CDHR4|CALD1|NRXN1|RIOK2|CHAC2|MCTS1|PANK1|WASHC3|CTNND1|TCAF1|NME7|ANGPT1|ITM2A|RDH11|CTNS|TMEM14A|USP49|IFTAP
MODY_HIPPOCAMPUS_POSTNATAL	0.86606381163624	1	-0.265423218965137	-0.782768305822346	5075	50	PYGM|COX8A|NDUFB2|CCK|PTK2B|BIN1|RHOB|TYRO3|GRINA|SDHA
MODY_HIPPOCAMPUS_PRENATAL	0.978932248024898	1	0.228528375555026	0.694156368901871	4088	44	CCNG2|CKS2|TOP2A|MYT1|NFYB|RBPJ|CDK2AP1|SNRPB2|PCNA|WBP1|CCNB2|BTF3
MOHANKUMAR_HOXA1_TARGETS_DN	0.651527016444793	1	-0.270791212716454	-0.919684434140185	4159	128	SHANK1|MAPK13|S100P|CYP19A1|GASK1B|GDF15|UNC5B|JAZF1|FGF12|APOD|SLC2A9|SPATA6|LAMB3|MUC1|SLC43A1|TSPO|FAXDC2|ASNS|HPGD|IGSF3|SGK1
MONNIER_POSTRADIATION_TUMOR_ESCAPE_DN	0.898144329896907	1	-0.230988085607932	-0.871364014601767	6533	363	NFKBIZ|TMEM238|MXD3|SMAD7|TSC22D3|TRAPPC6A|HSF4|DIPK1A|IFI30|MARCKS|PHYHD1|MUTYH|COX6A1|PBXIP1|FLT3LG|AMDHD2|GRN|NDUFA13|IZUMO4|MIIP|DBP|PDE6D|NAA38|IFI16|TMCC3|COL6A1|LGALSL|SPATA6|CHMP1B2P|FOS|COL6A3|ERMARD|TMCO6|C12orf57|AKT3|FBLIM1|NDUFAF3|PPP1R35|CEP41|GMPPA|GBP2|PNKP|LSS|TSPO|C2orf76|SPOPL|ITGB5|HPCAL1|GRHPR|CHID1|RHOB|SGK1|CRYZL1|SIL1|PDGFA|ZBTB10|TMEM205|PLEKHF1|CDK10|MYL6|FBXL3|TAPBP|ID1|MIR4435-2HG|NRARP|MFGE8|GSTP1|FLOT1|CKLF|ENPP3|COMMD6|NAXD|S100A16|COASY|ABHD8|CPT1A|IER2|GSTO2|TTC13|CDC42EP3|RFXANK|EPB41L2|SMIM29|PTRH2|JUN|DNPEP|DENND5B|AK4|RDM1|EBP|LDAF1|PDIA4|PIGBOS1|RIPOR3|RNF19A
MONNIER_POSTRADIATION_TUMOR_ESCAPE_UP	1	1	-0.191102700621285	-0.724292707588563	7367	387	CFAP45|AHRR|CLBA1|LYPD3|EPB41L1|TSPAN5|KCNK5|EREG|GON4L|SH3PXD2A|EEIG1|SGIP1|AEBP1|LONP1|PDCD11|SLC19A1|RND1|WDR46|GPC1|SLC6A8|RPAP1|CHD4|PPM1F|TBRG4|PGS1|G6PD|USP20|TIRAP|DUS3L|AKR1B1|AMPD2|ZC3H18|SLC10A3|RRP12|TRAF2|SCAP|PIGL|SRM|SNHG3|ZNF490|USP19|SLC22A23|BOP1|MFSD10|MLEC|MYBBP1A|BAP1|RASSF1|TSC22D1|SLC66A2|XPO6|ASRGL1|SPIRE2|MYBL2|DUSP9|SMARCA4|NNMT|ESPL1|RRP7A|MAFG|RWDD4|SENP3|ELAC2|DDX51|LTBP1|FAAP24|POLR1A|TNFAIP2|SPTBN1|TXN2|HSPA1B|BRD2|POLDIP2|EIF4G1|FTSJ3|URB2|SMYD5|NFKBIE|RCC1L|DDX54|MMD|SLC35B4|HMGA1|NOP56|SLC48A1|EIF3B|ATP1A1|ZNF335|SLC12A2|SLC25A10|HGH1|ANXA11|PROSER1|ACTR1B|PCYT1A|PRKCA|NOP9|ANKRD13A|KMT5A|SLC11A2|METTL1|DYNLL2|LUC7L3|PIK3R1|KHDC4|SLC35A4|KAT2A|LETM1|TRAF4|NPLOC4|TXLNA|PTDSS1|POP1|RRP8|PABPN1|ZNF322|NOLC1|PGD|GEMIN5|ARGLU1
MOOTHA_GLYCOLYSIS	0.896758436944938	1	0.292397981177234	0.700338831300356	4038	16	FBP2|PFKFB2|GPI|ALDOA|PGK1
MOOTHA_MITOCHONDRIA	0.919946808510638	1	-0.226712436372965	-0.866739223885377	6917	432	TYMP|COX8A|ACADS|UQCR11|CNNM4|COX6A1|TIMM8B|NDUFB2|LCAT|NDUFB8|NDUFA3|LMF2|NDUFA2|CLN3|COX5B|ETFB|LYPLA2|MRPS18C|ATP5ME|COX17|ABCB8|ECI1|POR|COX6B1|MAST1|LONP1|UCP3|CYBA|CPS1|HPS1|SPG7|STARD3|NDUFS8|HMGCL|TBCB|FDXR|G6PD|MRPS14|ACP6|OAZ3|TXNRD2|TIMM44|TSPO|BCAT2|LARS2|CAD|TSFM|NDUFA6|MBD3|NDUFB7|NDUFA1|ATP5PF|ENDOG|ATPAF2|NDUFB1|TIMM10|ATP5IF1|ACAA1|UCP2|POLG|PPOX|MRPL57|PYCR1|MRPL2|NDUFC2|NDUFC1|NCAPH2|DGUOK|MRPS11|SDHA|ACADVL|TK2|SIRT4|BID|PRPF6|DNASE2|MTCH1|MRPL24|CRAT|ATP5F1D|PCK2|METTL17|PDK3|NDUFA7|MRPL17|POLRMT|ATP5MG|BCL2L1|OXA1L|NDUFB6|MRPL4|CPT1A|ACADSB|TIMM17B|MRPL46|TUFM|CYC1|BCKDK|ATP5MC1|TXN2|MRPS18A|SURF1|AK4|MRPS12|EHHADH|MRPS28|MRPS16|CYB5R3|FXN|NDUFA8|SLC25A28|COX7A2|WARS2|TFAM|NDUFAB1|CDC42BPB|SLC25A10|EMC8|COX4I1|DHODH|MAOA|HK1|SLC25A22|AIFM1|NDUFB4|HAX1|UQCRH|COX6C|MRPS34|GATB|SDHB|ATP5MC3|COX7C|SLC25A37
MOOTHA_PGC	0.82192151556157	1	-0.236579876843334	-0.899105788789	6073	404	SLC2A4|PYGM|TCN2|TYMP|SMPD1|POLR2F|COX8A|MT2A|ACADS|COX6A1|RNF5|SPSB2|GDF15|TIMM8B|GTF2H4|APBA3|UQCR10|BSG|COX5B|ETFB|SH3BGR|SOD3|TCIRG1|DNAJC15|SAC3D1|IFI16|CIAO2B|MNDA|LONP1|HSD17B10|PCOLCE|PUS1|AURKAIP1|FOS|CDKN2D|COMT|INPP5J|FASTK|TINAGL1|PIGQ|ATP2A3|NDRG4|ATN1|STK19|ACYP2|TIMM44|SLC12A7|PSMB5|POLR2E|DDT|NDUFA6|DGAT1|GUK1|PSMB10|NECAP2|RAB11FIP5|RAB40C|KCNN1|NOP10|CARHSP1|MAPKAPK2|PTCD2|PCYT2|NDUFC1|P4HA2|HSPBP1|PTGES2|SDHA|ID2|BID|SPINT1|CRAT|CDC34|MXRA8|ATP5MG|ULK1|NINJ1|ACYP1|VPS13B|NDUFB6|MRPL4|CPT1A|RANGAP1|UPP1|MRPL46|PDXK|TUFM|CYC1|CHMP7|VEGFA|ITPR2|TXN2|ABCA2|MRPS18A|POLDIP2|MSRB1|PTDSS2|DHX16|MRPS12|SGTA|PLEKHO1|PFKP|ARVCF|SPTLC2|ATOSB|NDUFA8|S100A13|TBL1X|IDH3G|COX7A2|DNAJA3|MRPL58|NDUFAB1|ATP1A1|BAG6|PPM1G|CLPP|AIFM1|GSS|UROD|HBD|UBC|PGLS|MRPS34|SDHB|COX7C|TNNI3|SF1|DXO|PSMB7|VAMP8|TIMM13|LRP5
MOREAUX_B_LYMPHOCYTE_MATURATION_BY_TACI_DN	0.84599429608504	1	0.25220968815652	0.83954128945234	3262	76	ZNF367|SGO2|CEP295|PPP1R12A|CYP2R1|TYMS|HAUS1|TDP2|CDK1|AASDHPPT|RFX7|IREB2|ZNG1A|CEP152|RACGAP1|C1orf131|SSBP1|DKC1|TENT2|ASF1A|TMEM126A|G3BP1|LAP3|THYN1|IARS1|CHEK1|CDC23|LSM5|C1QBP|NUDT5|CCT5|SLC38A1|AIMP2
MOREIRA_RESPONSE_TO_TSA_UP	0.674001056152086	1	-0.32803306915919	-0.866353312911381	3828	28	COX8A|MIF|HSPA1A|SSR4|PSMB4|HSPA1B|EIF4A1|BYSL|USF2|EIF6
MORI_EMU_MYC_LYMPHOMA_BY_ONSET_TIME_UP	0.987193460490463	1	0.216281535012203	0.766408617719219	3622	112	DCK|POC1B|RNF2|RBMXL1|CBLL1|AKAP12|HPRT1|AGK|OTUB2|TIPIN|CDK1|MYB|MIS18BP1|SEPHS1|RBBP4|ELOVL6|FAM20B|TYSND1|MMS22L|PCLAF|CENPS|CISD1|RFC3|MED9|ELOF1|SF3B6|AHCY|MDM1|BLMH|BCAT1|BUB1B|NT5C2|SUZ12
MORI_IMMATURE_B_LYMPHOCYTE_UP	0.978784956605593	1	0.228521420521343	0.69632957788531	4059	45	CD83|PTPN6|CTSS|LAT2|MYL12B|IL10RA|PTPRC|CAPN1|BTG1|MCL1|PIP4K2A|GUCD1|PXK
MORI_LARGE_PRE_BII_LYMPHOCYTE_DN	0.937484796886402	1	0.242092365115293	0.754728372478301	3853	51	CD83|PTPN6|CTSS|LAT2|IL10RA|WIPF1|SOAT1|LCP1|ALDH2|PTPRC|CAPN1|BTG1|DOCK2|MCL1|SERPINB1|PIP4K2A|PXK
MORI_MATURE_B_LYMPHOCYTE_DN	0.87831355718253	1	0.246388718591953	0.816328819548478	3478	72	RGS2|PSMC1|ANLN|MTHFD2|CCNB1|CAPN2|NCBP2|LITAF|RRM2|MYB|STMN1|NEK2|CD93|CDKN3|LMNB1|CDC25C|CCNB2|RNASEH2B|MPP1|PLA2G12A|HMGB2|BRCA1
MORI_PRE_BI_LYMPHOCYTE_DN	0.991416309012876	1	-0.217864511499563	-0.68542804935306	6005	73	NFKBIZ|IAH1|CRYBG1|ERO1B|PTK2B|RGS14|TIRAP|GNS|TANK|SMIM14|TK2|ERP29|ATP6V0B|TRAF3|TRAF5|GPCPD1|CASP9|TMEM50B
MORI_PRE_BI_LYMPHOCYTE_UP	0.973554576095411	1	0.22499416038366	0.748947785901545	3754	76	TTK|CCL5|DTL|TOP2A|MTHFD2|CDCA7|NDC80|KPNA2|FCER1G|SOCS2|CDK1|RRM2|RRM1|RBBP4|STMN1|RACGAP1|IDE|SMC4|LMNB1|ANKRD33B|HJURP|CCNB2
MORI_SMALL_PRE_BII_LYMPHOCYTE_DN	0.977341389728097	1	0.223169955294183	0.735966944658101	3881	70	CD36|PDK1|MEF2C|HSPH1|ISOC1|ABR|EIF4E|SLC20A1|RBL1|BCL2|LCP1|ANP32B|CA2|STIL|SMC4|SSBP2|RBBP7|PIP4K2A|WDHD1
MORI_SMALL_PRE_BII_LYMPHOCYTE_UP	0.730393385116512	1	0.26946007868636	0.882607055399984	2914	67	CCNG2|RGS2|ARL5A|FCRLA|TCF12|RELN|WTAP|IGSF10|TXK|RHOJ|C1GALT1|SKAP2|KLHDC2|HERPUD1|AKIRIN1|ADAM10|RB1|PSME4|CLOCK
MUELLER_COMMON_TARGETS_OF_AML_FUSIONS_DN	0.823979591836735	1	0.285354252701766	0.79377900102588	3552	29	CXCL8|CCL2|CCRL2|HNF4A|VRK2|VRK1|DOC2A|PLSCR1
MULLIGHAN_MLL_SIGNATURE_1_DN	0.648430214485546	1	0.245463398729217	0.944625842403411	2085	211	SLC18A2|CXCL8|STAP1|CFAP410|EGR3|MANSC1|SMARCA1|PTH2R|CCNG1|ABCC4|HS2ST1|DLC1|YES1|NPM1|MACIR|RANBP2|LRP6|ZNF274|ELMO1|OLA1|ATP1B1|EPS15|MRPS22|ISOC1|EFHC2|NUDT11|IFIT1|PTPN14|SERPINE2|EFCAB6|TRIM24|CIR1|ASAP3|UBE2E1|SRP72|POU4F1|ADK|ITM2A|ABCB1|MAPRE2|NET1|PPP1R16B|TTC3|CEP170|LAMB2|HSD17B12|CSAD|SEPTIN11|HACD1|GTDC1
MULLIGHAN_NPM1_MUTATED_SIGNATURE_1_UP	0.685041908446164	1	0.242058121822536	0.940612019694577	2124	235	MEIS1|DCK|GPR137B|LUZP4|LGR4|CNR1|EMC9|MBNL2|HMGN5|CCDC15|DLC1|MACIR|CEP135|METAP2|TJP2|SP3|SC5D|MFAP3|GABBR2|TVP23B|SLC39A1|MSH3|FEM1B|RAP2A|OSTF1|COL4A5|CARD9|POU3F1|HOXA5|SDS|BEX3|KIF3A|PDS5B|INSIG1|TCEAL9|NCAM2|SPDL1|NFE2L2|HUS1|CREG1|ETFDH|BMPR1A|TMEM14A|CDK2|FBXO28|CD47|PAK1IP1|CENPI|ANKRD42-DT|CHMP2B|ZMYM2|AGBL5|RBM25|HMGB1|TMT1A|IDE|SMC4|HSP90AA1|H3C10|MTX2|TFDP2|GHITM|ATM|CAT|ACSM3|PKNOX1|CCDC28A|GOT1|DST|SSX2IP|UBE2K|MAP3K5|KYNU|TOP1|KPNA4|AQP3
MULLIGHAN_NPM1_SIGNATURE_3_UP	0.842743332178732	1	0.228667406811009	0.91192340469957	2432	303	MEIS1|DNAJB2|DCK|GPR137B|LUZP4|LGR4|CPVL|CNR1|EMC9|MBNL2|NCOA3|HMGN5|CCDC15|MACIR|ARHGAP11A|AAK1|CEP135|METAP2|TJP2|SP3|SC5D|MFAP3|GABBR2|TVP23B|ERP44|SLC39A1|NEIL3|MSH3|FEM1B|OSTF1|COL4A5|KCNS3|CARD9|RBKS|LAMA2|POU3F1|PLA2G4A|SGCB|HOXA5|SDS|BEX3|KIF3A|PDS5B|INSIG1|TCEAL9|NCAM2|TIMM23|SPDL1|NFE2L2|HUS1|CREG1|RESF1|ETFDH|BMPR1A|ZMYM5|TMEM14A|CDK2|FBXO28|PAK1IP1|CENPI|ANKRD42-DT|CHMP2B|ZMYM2|AGBL5|RBM25|HMGB1|TMT1A|NIPA2|IDE|TIMM17A|SMC4|GLUD2|SEPTIN8|HSP90AA1
MUNSHI_MULTIPLE_MYELOMA_UP	0.87133072407045	1	-0.253092713351097	-0.800857457890907	5342	75	AXL|UQCR11|FLT3LG|IFITM1|CSF2|MSI1|TGFB3|FOS|UBB|KATNB1|CALR|FGFR3|CYB561D2|LIFR|FZR1|FKBP2|SSR4|TMC6|EPOR|RELB|JUN
MURAKAMI_UV_RESPONSE_1HR_UP	0.81185944363104	1	-0.33093324714309	-0.755746424285143	4435	15	MMP17|RPSA|CASP10|KRT10|KRT13|CD9
MYLLYKANGAS_AMPLIFICATION_HOT_SPOT_17	0.669574944071588	1	0.352368547698162	0.858286431170731	2992	17	FCGR2B|BCL9|PAX7|FH|MLLT11|HSP90AA1|CDC73
NADERI_BREAST_CANCER_PROGNOSIS_DN	0.75495813133539	1	0.339940189685106	0.802514095045138	3425	15	CLK4|C1S|FBLN1|ANXA5|TGFBR3|TXNIP|SHOX2
NAGASHIMA_NRG1_SIGNALING_UP	0.923218109513613	1	-0.234261581219715	-0.816152375195079	6035	159	ZNF331|LYPD3|SFN|ITPKC|GDF15|EPPK1|TNFRSF21|SEMA3B|IER3|FOS|DUSP8|NFIL3|GAL|IRS2|FBXO41|ID3|DUSP4|CSNK1D|HIC2|USP36|JUNB|NDEL1|SPHK1|SGK1|CEBPB|NR4A1|PER1|SPATA2L|ID1|CLCF1|HES1|DUSP5|GATA2|IER2|CDC42EP3|SRF|VEGFA|JUN|KDM6B
NAGY_TFTC_COMPONENTS_HUMAN	0.952893674293405	1	0.263250465625993	0.65201771176335	4247	18	ATXN7|TAF9|SUPT3H|TAF12|TRRAP|SGF29|TAF2
NAKAMURA_ADIPOGENESIS_LATE_DN	0.836543558932674	1	-0.295809155148989	-0.767981314276964	4733	26	TIMP3|GDF15|PDE6D|SERPINE1|ITGAV|ZNF133|EPOR|IER2
NAKAMURA_METASTASIS	0.996862177166305	1	0.209937678021105	0.646418154910857	4129	47	SPMIP4|SOSTDC1|MRPS6|FKBP10|NKX3-1|XCL1
NAKAMURA_TUMOR_ZONE_PERIPHERAL_VS_CENTRAL_UP	0.995112835992525	1	-0.208680740419228	-0.764628812095486	6922	258	ADAM19|LATS2|ITGBL1|ABCC10|ANAPC11|AXL|LAMA4|CENPX|MICOS10|ATP5ME|COX17|DTYMK|NICOL1|KLF7|PHB1|POTEKP|PUS1|NDUFS7|STX10|AURKAIP1|NOP2|NDUFAF8|FBLIM1|PELP1|IKBKG|ITGB5|BOP1|PGP|PSMD2|CENPV|PDF|STAG1|TUBG1|DCTPP1|TUBA1B|HNRNPAB|COL1A2|TK1|NIBAN1|PSMB4|POMP|INF2|C9orf85|STUB1|ANKRD39|LTBP1|ABHD2|TMA7|POP7|APOBEC3B|ARAP3|CENPW|LRRC8A|GPATCH4|PHF19|TACC1|TUFT1|FN1|BIRC5|HOXB9|CCDC80|CLN8|EZR|DAAM1|UROD|RABEPK|ANAPC15|CENPM|TUBB4B
NAKAYA_B_CELL_FLUMIST_AGE_18_50YO_7DY_DN	0.973421926910299	1	0.215374343584898	0.875059875139335	2636	369	PITPNC1|CD44|CFAP410|SERINC5|ATXN7|APOBEC3F|SULT1A4|NMD3|LGALS3|IL10RB|C5orf15|ATP6AP2|NCOA2|ACOX3|LTN1|TMEM135|NPL|TLE4|ARIH1|MARCHF5|LGALS8|TAF9B|YES1|SGPL1|CBLL1|MYCBP|UTP18|TFB2M|OPA1|RDX|ZFYVE26|RNF115|ARL1|HK2|NEO1|NCR3|SYNE1|APOA2|TGFBI|PLGLB1|NREP|PLXNC1|CAPRIN1|PRRC1|SKAP2|DYRK1A|PSMG2|RPE|ZNF292|PIGH|RBPJ|NAMPT|EBAG9|CLIC4|BAZ1A|TSG101|PIGC|PTPN12|TFE3|CMC4|PPP3R1|SECISBP2L|QKI|PLAAT4|PHF3|UBE2D1|TNPO1|GART|TOR1AIP1|SNRNP35|PTEN|API5|VAMP3|KLHL11|MBD4|RAB1A|ZNF148|YWHAH|CIZ1|SLC35A1|AP4E1|ATAD2|RAB4A|DDX21|ZFAND6|TRAM1|TFRC|STX17|DNAJB6|TM2D1|HSPA9|KPNA1|ALDH18A1|CDS2|KIF2A|STAMBP|KPNB1|INPP1|SLC35F5|RRN3|SERPINB1|ARG2|FOSL2|AZIN1|KYNU|MAP4K5
NAKAYA_B_CELL_FLUMIST_AGE_18_50YO_7DY_UP	0.759758551307847	1	0.228820736248442	0.941590945129217	1887	442	TCEAL1|MEX3C|ANKHD1-EIF4EBP3|ZNF573|MYOM1|KIN|ARL5A|NCOA3|C1QTNF3|H2AC17|HACD2|CKS2|GNAI3|UBA6|ANKRD36|FOXN3|PEX3|PJA1|EIF4G2|MARCHF7|MYCBP|DCLRE1C|ZNF468|CRLF3|INVS|ANKHD1|TWF1|NLK|RBM41|IFRD1|SIAH2|PPP2R5E|SPAST|WTAP|NUP160|MPHOSPH9|ERP44|PER2|RBL2|RAP2A|ZXDB|ZBTB16|APPBP2|GALNS|SLC25A36|AGL|IFT57|PCF11|TSTD2|OSGIN2|DBT|PIK3C3|CTNND1|IFT74|SLC25A14|NR2C1|ARL17A|COPS5|NGDN|EIF5B|CASP3|DLG1|ZMYM5|CD24|CACYBP|RFK|UXS1|EIF2S1|CCT4|ABCB1|PRDX6|SEC24A|DNAJB9|DECR1|CDK2|ANKRD12|WSB1|MRPS30|RIOX2|CAND1|SPTSSA|SKP1|ZBTB25|RB1|RIDA|APEX1|NF1|GTF3A|TUBGCP4|GART|WIPF2|TNKS|FRYL|CEP170|OGFOD2|BMP2K|PCNA|WEE1|CDC5L|CUL5|MRTFA|OSBPL3|PPP2R1B|GTF2H1|HERC4|MAP2K4|SRBD1|ZNF318|TM2D1|RPAP2|ATM|INTS7|ZBTB38|EHBP1|TMX4|INPP4A|BTG3|METTL2A|SH3YL1|DOCK2|SUMO3|PKNOX1|GPSM2|VAMP1|CPSF6|SPTLC1|YME1L1|ZC3H14|DUSP12|FOXO4|RAB9A|TFIP11|BTAF1|CSE1L|TRMT13|STOM|PPP1R11|ZNF208|TM7SF3|UBE2B|ST13|POLR2M|ASF1A|CDC42SE1|SETD6|INTS9|RNGTT|AQR|ATMIN|PTPN11|ZNF484|CEP290|PIP5K1A|BAG1|NDUFS4|ZNF749|SMIM8|DCAF10|PHF20|SF3A3|MMUT|TUBGCP3|FOXM1|SMCHD1|STK17A|IDS|AHCYL1
NAKAYA_MONOCYTE_FLUARIX_FLUVIRIN_AGE_18_50YO_7DY_UP	0.925052410901468	1	0.237175806636474	0.801769403923785	3529	83	ANKRD36B|CLN5|CCL4|EGR1|AAK1|DUSP10|PRKCI|TRMT11|SCAMP1|SMC6|RIOX2|WWP2|GBE1|SNAPC5|S100PBP|AVL9|DLG5|FUBP1|FAM149B1|NFX1|BTAF1|MACROH2A1|SMC5|CDC14A|SIRT3|XPO1|RBM3|OXCT1|IARS1|STEEP1|UEVLD|SCAF11|ATF7IP|RAB3GAP1
NAKAYA_MYELOID_DENDRITIC_CELL_FLUARIX_FLUVIRIN_AGE_18_50YO_7DY_DN	0.955395211544769	1	0.218675028475821	0.857986760607852	2912	255	GNA13|COPS2|PANK3|CD164|LRBA|FOXN3|UCHL3|AFF4|AMMECR1|DMXL2|PUS3|PALS2|OPA1|SLC44A1|SCCPDH|EPS15|MPHOSPH9|SNRPN|PJA2|MGMT|ICOSLG|ATP8A1|SLC35D1|ARL3|DLAT|SIRT5|HAUS5|INSIG1|PKP2|PIK3C3|SRP72|RRM2|BCL2|EIF5B|DLG1|SMC6|EIF2S1|ZFC3H1|PIGC|PTPN12|TCP11L1|NEK1|RCOR3|ZBTB25|CD47|TTC3|MAN1A2|GLTP|NUP88|GPD1L|ZC3H15|IL13RA1|PLCB1|PRDM2|BRWD1|MFSD6|PPP2R1B|PSMD11|KLHL7|SLC39A8|EXT2|OTUD4|TFDP2|SSBP2|RIOK3|PEPD|TXLNG|SUMO3|KIF2A|SORD|N4BP2L2|PARVB|HIF1AN|ZC3H14|MORC3|MSL1|NCKIPSD|ANKRD17|DAB2|NR3C1|MAP4K5|RNF146|AQP3|ATP2B4|PHTF1|CDC42BPA|TOMM22|MXRA7|PTPN11|CCNJ|COX11|PRCC|PAK2|GPN1|CCND2|ING3
NAKAYA_PBMC_FLUARIX_FLUVIRIN_AGE_18_50YO_3DY_DN	1	1	-0.187535085883202	-0.714927732788952	7454	416	PBX4|TPM2|IGF1R|PCNX1|RCAN3|IL11RA|SEMA4D|SEC31B|CYLD|PRKCZ|NDUFB8|ARID5A|GABPB1-IT1|ACAP1|TSPYL2|GORAB|GAS5|EEIG1|GPRASP1|SFI1|QRICH1|ZFAS1|PIK3IP1|IP6K2|SPG7|CCNL2|BCL3|QSOX2|AXIN2|MAP4K1|NLRP1|ZC3H12A|MED10|SNRNP200|USP36|THBD|DGKA|MED6|SLC2A3|PLK3|SLC25A16|ARID3B|UNKL|POLR1C|NDEL1|ZSCAN25|ZBTB5|ZBTB10|NOL4L|CDK11B|HIP1R|PER1|RPL10|G0S2|RBSN|PIDD1|SIVA1|ZBTB43|AKT2|PGGHG|ENTPD4|H2AZ2|MEF2D|IL6ST|MTCH1|TENT4A|CDC42|APBA2|JMY|CENATAC|GNL1|MOAP1|STMN3|SENP3|CCDC186|FHIP2A|RNF216|DDX51|VEGFA|TSEN54|HNRNPM|WDR20|FAM8A1|ANKRD11|ZNF512B|HABP4|MYLIP|STK35|JOSD1|HPS4|LENG8|MPHOSPH8|SLC25A28|TMEM50B|EIF3B|MGAT5|NAP1L4|TUFT1|DDX24|COX4I1|CDK11A|KDM2A|IKZF5|TLE3|H3-3B|SGSM2
NAKAYA_PBMC_FLUARIX_FLUVIRIN_AGE_18_50YO_CORRELATED_WITH_HAI_28DY_RESPONSE_AT_7DY_POSITIVE	0.844667697063369	1	-0.246151251704929	-0.847114826229669	5464	143	DGAT2|CCPG1|TMEM258|TIMM8B|SLC38A10|MANEA|HYOU1|PPCDC|SIGLEC10|AURKAIP1|MFSD12|ENTPD1|IGHA1|MYDGF|TXNDC15|UQCRQ|MLEC|CARHSP1|UQCC3|PLPP5|FLOT1|CHERP|CKLF|EMC1|RBM26|NDUFB6|EAF2|CHCHD1|PDXK|APOBEC3B|PDIA4|RNF31|ARAP3|P4HB|BLOC1S5|CENPW|RHOG|SEC11C|CRELD2|MESD|ORMDL2|AP3S2|CALML4|PDIA6
NAKAYA_PBMC_FLUMIST_AGE_18_50YO_7DY_IFN_SUBSET_UP	0.906678383128295	1	-0.272352524608001	-0.724310524380958	5158	29	ITGA4|UBA7|IFI16|IRF3|TRADD|ICAM2|SMARCA4|JUN|ERAP1|MAVS|DNAJA3
NAKAYA_PBMC_IMUVAC_MALE_AGE_14_27YO_1D_POSTBOOST_VS_0DY_PREIMM_TIV_UP	0.691711669405964	1	0.300629915097506	0.870776439828797	2945	35	PTGDR2|MS4A3
NAKAYA_PLASMACYTOID_DENDRITIC_CELL_FLUARIX_FLUVIRIN_AGE_18_50YO_7DY_DN	0.96710034395095	1	-0.223706304551926	-0.793260681645077	6466	185	TPM2|NDST2|IL11RA|SLC8A2|DBNDD2|BTN2A2|CD84|TLR6|CACFD1|FAM131A|YBX2|CCNL2|RASA4B|RGS14|GNMT|TAF6L|MORC4|YPEL1|GNA11|SLC12A7|EWSR1|ICAM2|ASNS|KLC2|THBD|SMG6|TTC4|WDR13|RETREG2|MADD|GNL3L|ZBTB43|RPL37A|GIPC1|MEF2D|SYS1|MYCL|LRFN4
NAKAYAMA_SOFT_TISSUE_TUMORS_PCA2_UP	0.989297833463848	1	0.217236347277566	0.72679795671584	3789	78	CKS2|TOP2A|PBK|KIF11|CCNA2|CCNB1|PRPH|NUSAP1|CDK1|RRM2|BUB1|MLLT11|NEK2|CDKN3|CENPE|PCLAF|HJURP|CCNB2|GPSM2|SSX3|TRPS1|DLGAP5|SSX1|MELK|NCAPH|ASPM|MICAL2
NELSON_RESPONSE_TO_ANDROGEN_DN	0.765922401171303	1	-0.345680736749283	-0.789425006395823	4184	15	DPH1|SLC29A1|SDC4
NEMETH_INFLAMMATORY_RESPONSE_LPS_DN	0.916512059369202	1	0.26140219605512	0.727150803206937	3951	29	ST8SIA4|RGS2|MXI1|ZMAT3|APEX1|NUMB|FEN1|HSPA4L|ACADM|RASSF5
NEMETH_INFLAMMATORY_RESPONSE_LPS_UP	0.718089271730619	1	0.267100084380497	0.893624837644387	2750	78	CD44|FCGR2B|RNF11|KPNA3|IFRD1|IL1RL1|ACSL4|SLC20A1|PIP5K1B|MLLT11|WSB1|CITED2|TPST1|ETF1|PNP|ATF3|TNFSF9|DEGS1|STAT1|DAB2|TOP1|EIF1|MAP2K1|RHOC|PRKCD
NEWMAN_ERCC6_TARGETS_DN	0.68528008482064	1	-0.331134936477054	-0.859694297124042	3877	26	PAGE2|ITGBL1|AEBP1|SERPINE1
NICK_RESPONSE_TO_PROC_TREATMENT_DN	0.999308118081181	1	0.189266180808089	0.517038853337459	4332	27	ETNK1|ITPRID2|ERAP2|SPG11|ATP6V1A|FUBP1|MAFF|AHCYL1|EIF2S3|UBR5|DYNC1LI1|PRKAB1|RTF1
NIKOLSKY_BREAST_CANCER_12Q13_Q21_AMPLICON	0.932227829848594	1	0.248437524798146	0.746548145127555	3878	42	RASSF3|CYP27B1|NUP107|C12orf56|LRRC10|RAP1B|CNOT2|ZFC3H1|CAND1|XPOT|MDM1|RAB3IP|PTPRR|CPSF6|EEF1AKMT3
NIKOLSKY_BREAST_CANCER_7Q21_Q22_AMPLICON	0.967093695051495	1	0.228277814406917	0.744865807121505	3849	66	SAMD9|CFAP69|TFPI2|PEX1|VPS50|TAC1|FAM133B|CASD1|GTPBP10|ZKSCAN5|RBM48|BAIAP2L1|SDHAF3|CDK6|SMURF1|GATAD1|TRRAP|ZNF655|ARPC1A|CYP51A1|KRIT1|MTERF1
NIKOLSKY_BREAST_CANCER_8P12_P11_AMPLICON	0.999758919961427	1	0.189553592573158	0.577590375562995	4146	45	DDHD2|FNTA|FGFR1|PLPBP|BAG4|GOLGA7|SMIM19|LETM2|VDAC3|NSD3|TM2D2|PLEKHA2|POLB|THAP1|AP3M2|ADAM9|ASH2L
NOJIMA_SFRP2_TARGETS_UP	0.944638491093259	1	-0.257054646853766	-0.689074406503775	5408	30	HSPA6|INHBE|TRIB3|IKBKG|HSPA1A|HSPA1B|JUN
ODONNELL_TARGETS_OF_MYC_AND_TFRC_UP	0.911940298507463	1	-0.247854795523417	-0.774508802578412	5498	70	TSC22D3|SYTL1|CREBRF|CD37|HLA-DOB|SORBS2|IGHA1|MYO1G|MXD4|SLC2A3|UCP2
OSADA_ASCL1_TARGETS_DN	0.70892539964476	1	0.346990611226362	0.831096706482277	3192	16	CD44|TGFBI|FGFR1|DKK3
OSMAN_BLADDER_CANCER_DN	1	1	-0.194693179415251	-0.742545009198416	7473	417	LYRM9|COL18A1|AOC2|RPS21|RPL28|SNN|RPS20|RPLP2|GSDMD|EPB41L4A-AS1|GAS5|TMEM63A|OST4|SERF2|EEIG1|ARHGAP45|ZC3H6|SFI1|ELL3|ZNF763|MAP3K7CL|TMCC3|UBA52|RIGI|ZFAS1|P2RX5|IP6K2|RPL13A|FAU|RPS4XP2|PM20D2|C12orf57|CACNA1A|MRPS14|SMARCC2|ADPRM|RPL38|SCAP|PIGL|SNRNP200|USP36|RPS18|RPS15|RPS10|SP110|RPS16|DGKA|SGK1|SAP30BP|GRIPAP1|RPL10|RPL36|NISCH|SPATA2L|ENGASE|RPS27|MLH3|RBSN|AKT2|RAD50|RPSA|NOSIP|SPATA2|SYS1|ZNF133|SSR4|CKLF|MTCH1|RPS11|TENT4A|MTERF4|NBPF11|RPL3|NOP53|TMC8|TRIM56|EPOR|SKI|CENATAC|ELL|NINJ1|RPL35|RNF216|SIK3|RHBDD1|SAFB|ZNF275|MPZL1|TNFAIP2|DMAC1|HNRNPM|WDR20|RPS5|SURF1
OSWALD_HEMATOPOIETIC_STEM_CELL_IN_COLLAGEN_GEL_UP	0.876729173071011	1	0.230435695771099	0.882392875615951	2851	203	FBN1|FOSB|CXCL8|CD83|CD44|EGR3|COL15A1|RGS2|EPB42|CCL2|CCL4|EGR1|NR4A2|ZWILCH|SPRY2|TRIB1|NUP160|PALM2AKAP2|GPR183|PTX3|NREP|PRRC1|NFE2L2|TIPIN|POU4F1|SSB|SMC3|FH|NF1|PPP4R3B|CENPI|NR5A2|EIF3M|ARL4A|SEC23IP|PSME4|HNRNPA1|TIMM17A|PSMD11|SEPTIN8|TIPARP|ATL2|SKP2|FBXO11|ATF3|ACSM3|KPNB1|MCL1|BAG5|MAFF
OUELLET_CULTURED_OVARIAN_CANCER_INVASIVE_VS_LMP_UP	0.999748806832454	1	0.192333685665771	0.627580855293784	3979	66	CKS2|CAPZA2|PROCR|SPEG|ATP1B1|RAB11A|LDHB|SRP72|RBBP4|HOXB7|PUDP|GTF2B|GGH|RAE1|AHCY|RBBP7|TSPAN3|CSE1L|ACADM
OUILLETTE_CLL_13Q14_DELETION_DN	0.961230918342622	1	0.234172650125217	0.725448823246092	3966	49	PKD2|BBOF1|TRIM13|SERPINE2|DOK3|GRK5|SCIN|CDK2AP1|ALDH1B1|PARP9|RNASEH2B|PLA2G12A|AQP3|CDK5R1|XXYLT1|RRAGC|CASP6|DLEU1|LPIN1|DLEU2
OUILLETTE_CLL_13Q14_DELETION_UP	0.99817910941897	1	-0.200340632264508	-0.628629396267027	6029	72	INCENP|CEP250|RASGEF1B|TPD52|EXTL1|CTC1|LARGE2|MED6|ZBTB20|KDM4B|ZNF226|PAFAH1B1|EAF2|WDR59|UQCC2
OUYANG_PROSTATE_CANCER_PROGRESSION_DN	0.895382395382395	1	-0.292310608397418	-0.698743237335742	4963	18	MAPK8IP3|TRIB3|DIRAS1|ERAL1|RABL6|BAIAP2|SRF|GNA12
OUYANG_PROSTATE_CANCER_PROGRESSION_UP	0.925565610859729	1	0.272580510277125	0.691227527847212	4090	20	PLCE1|MAP3K1
OVSYANNIKOVA_PBMC_FLUARIX_AGE_50_74YO_COMMON_WITH_BOTH_HAI_AND_VNA_28DY_VS_3DY_USED_IN_HAI_AND_VNA_RESPONSE_MODELS_DN	0.780861456483126	1	0.328638845145107	0.787141360559923	3516	16	RAD54B|REC8|STAG3|TAPT1
OVSYANNIKOVA_PBMC_FLUARIX_AGE_50_74YO_COMMON_WITH_BOTH_HAI_AND_VNA_28DY_VS_3DY_USED_IN_HAI_AND_VNA_RESPONSE_MODELS_UP	0.800630063006301	1	0.303764746450519	0.791834263609589	3557	22	ACSL4|ACSL1|FH|NF1|HSD17B12|SUCLA2
PACHER_TARGETS_OF_IGF1_AND_IGF2_UP	0.93536521282186	1	-0.260062856840004	-0.709716323234727	5339	33	GDF15|SLC3A2|SDF2L1|INHBE|SLC7A11|ASNS
PANGAS_TUMOR_SUPPRESSION_BY_SMAD1_AND_SMAD5_UP	0.672628726287263	1	0.259299327762571	0.916359077384517	2481	110	RGS5|CAMKMT|CADM4|GLI1|OTUD1|CPD|L3MBTL3|TP63|TNFAIP8|SNX24|ARHGEF25|TGFBI|TMEM178B|LITAF|WIPF1|LCP1|CELF2|PTPN12|BAG2|KLHL6|CAV2|PLSCR1|SEPTIN11|ALDH1B1|PAICS|SMAD5
PAPASPYRIDONOS_UNSTABLE_ATEROSCLEROTIC_PLAQUE_UP	0.878590393434709	1	0.256084373078067	0.788508234953355	3639	47	NPL|CTSS|IDH1|IFIT3|RSAD2|SAMSN1|TDP2|CREG1|BAZ1A|GLUL|TRAM1|SLC39A8|FUCA1|TRAK2
PARK_HSC_AND_MULTIPOTENT_PROGENITORS	0.664030673376468	1	0.295385376993704	0.89335460889446	2770	43	ZNF708|CCT8|MEF2C|GDI2|CNBP|TSN|SKP1|TTC3|ITM2B|MAPK14|ZNF148|CIZ1|ATP6V0E1|SCMH1|KPNB1
PARK_TRETINOIN_RESPONSE_AND_RARA_PLZF_FUSION	0.880352644836272	1	-0.293212341455002	-0.731151430718903	4892	22	ARHGAP45|PPARG|IER3|FLNB|UPP1|TLE3|SPI1
PASINI_SUZ12_TARGETS_DN	0.654092286965308	1	0.240498048668609	0.951273520016521	1941	280	DPYSL2|SETD7|PRNP|MMP14|CFL2|STEAP1|CCN1|CCNG1|GNG12|TTYH3|SOCS6|SCOC|FAM107B|PDGFB|PHLDA1|SH3BGRL|CAPN2|TMEM30A|TMEM123|TCF12|RRAS2|SKIL|TRIB1|POGLUT2|TCEAL8|COL4A5|CA3|POU3F1|PERP|WWTR1|SYT11|NREP|IGFBP5|CMTM7|CALD1|ACSL4|BACH2|FOXP1|FZD2|KLHDC2|PKP2|RTN3|UBE2E1|CSRP1|HBEGF|CAP1|DOCK11|SOAT1|ADK|SAMD4A|CD24|BAZ1A|PTPN12|MLLT11|S100A10|HMGN3|ANXA5|MYC|MEG3|CITED2|RO60|ANXA1|CAV2|SHB|BNIP2|CNN1|RCN2|PHIP|NCS1|DDX6|HACD1|AMFR|RYK|PRPF40A|REEP3|CORO1C|BHLHE40
PASINI_SUZ12_TARGETS_UP	0.648576034390113	1	0.265242220803525	0.923680549626425	2413	100	MORC1|TBX3|KLHL13|DNAJC6|AK7|TMEM64|FMR1NB|NPL|TEX15|SATB2|BCLAF3|HPRT1|ASS1|IPMK|HESX1|FBXO15|SPP1|RNF125|LIPH|MTMR12
PASQUALUCCI_LYMPHOMA_BY_GC_STAGE_DN	0.691818444637178	1	0.249124192434487	0.925800314155549	2392	160	SESN3|USP25|RASSF3|BTBD1|RNF2|DNAH8|PDE3B|CORO1A|KLHL24|ZBTB18|B3GNT5|PTBP3|TNFAIP8|SYPL1|FCRLA|MEX3B|SPAST|CBFB|SNRPN|PAX5|BACH2|RBM43|LCP1|CELF2|RFX7|CD24|SNX2|FH|S100A10|UBE2D3|BAG2|CNOT6L|TMEM243|PUM2|STX7|UBE2D1|CHD1|WAS|FRYL|GPD1L|FAM111A|SRSF1|STK4|ATXN7L1|PCLAF|BTG1
PASQUALUCCI_LYMPHOMA_BY_GC_STAGE_UP	0.872825777017394	1	-0.235185463017705	-0.86588196410851	6121	270	BHLHA15|SEMA4G|IGF1R|WFS1|SEL1L|CRLF1|CCPG1|BMP8B|SELENOM|MT2A|SLC46A1|CPEB3|SLC38A10|TMED9|EPPK1|RGS3|MAN1B1|TULP3|RRBP1|SPINT2|NFIL3|ENTPD1|IRS2|IFITM3|TMED1|STING1|ITGB5|LARGE2|KCNN4|ASNS|LPIN2|SEC61A1|CHID1|RHOB|CEBPB|PLEKHF1|PYCR1|CD2BP2|CACNB3|TRPT1|DLL3|GSTP1|DUSP9|IL6ST|SPINT1|TXNDC11|RAB2A|TSPAN31|ARMCX3|EAF2|CTSZ|CDV3|TTC13|DUSP14|FKBP14|C15orf39|DENND5B|STARD5|CNPY2|PDIA4|SYDE2|P4HB
PEDERSEN_METASTASIS_BY_ERBB2_ISOFORM_6	0.685059118595486	1	-0.345540838414964	-0.848066530615787	3823	20	RAB27B|SLITRK6|RNF32
PETRETTO_HEART_MASS_QTL_CIS_DN	0.652777777777778	1	-0.346481558060163	-0.87449692696473	3665	23	SSC4D|HYOU1|ARHGEF17|ENDOG|RPP38|TXN2|REXO4|CEMIP2|IRAK2
PETROVA_PROX1_TARGETS_DN	0.702965235173824	1	-0.296224401017136	-0.868425360377818	4124	48	TCN2|AXL|TNFRSF21|SERPINE1|EMP3|GBP2|LYL1|ICAM2|TANK|PDLIM4|ARHGAP22|SLC38A6|ITGA5|SMURF2|NNMT
PID_ANGIOPOIETIN_RECEPTOR_PATHWAY	0.960027331738982	1	-0.243612703153342	-0.705716632630734	5619	45	FES|PAK1|FYN|NOS3|PLD2|ITGB1|FGF2|GRB7|ITGA5|PXN|CDKN1A
PID_ANTHRAX_PATHWAY	0.979447071662423	1	-0.252325104420676	-0.585524660784768	5384	16	IL1B|NLRP1
PID_AR_NONGENOMIC_PATHWAY	0.846331867623235	1	0.28240490311717	0.77815016742593	3656	28	SRC|GNAI3|PIK3CA|MAPK1|PTK2|CREB1|PLCB1
PID_AR_PATHWAY	0.926664413653261	1	-0.25038097844693	-0.751463390246613	5483	55	TGFB1I1|LATS2|KLK2|CCND1|PTK2B|PELP1
PID_ARF6_PATHWAY	0.824211502782931	1	0.285087445109372	0.793036813859748	3553	29	EGF|SRC|GNAQ|GULP1
PID_ATF2_PATHWAY	0.872033276241742	1	0.254799789178468	0.802507926971334	3563	54	CXCL8|CCNA2|MAPK8|CBFB|MAPK1|SERPINB5|DUSP10|BCL2|ATF2|RB1|CUL3|NF1|CREB1|MAPK9|MAPK14|ATF3|EP300|PLAU|MACROH2A1|POU2F1|BRCA1|JDP2
PID_AVB3_INTEGRIN_PATHWAY	0.787430683918669	1	-0.272915933688232	-0.836430932062268	4685	63	IGF1R|COL14A1|COL1A1|BCAR1|COL6A1|IRS1|COL6A3|PTK2B|ITGAV|FGF2|MFGE8|COL1A2|PXN|VEGFA|PI4KA
PID_BARD1_PATHWAY	0.748144712430427	1	0.298618510043569	0.83067660757086	3225	29	NBN|NPM1|CDK2|UBE2D3|RBBP8|ATR|FANCF|PCNA|ATM|BRCA1|FANCL|XRCC5|UBE2L3|FANCC|MRE11
PID_BETA_CATENIN_DEG_PATHWAY	0.972523499638467	1	-0.257347029190304	-0.606923377582747	5379	17	AXIN2|CSNK1D|DVL1|GSK3B
PID_BETA_CATENIN_NUC_PATHWAY	0.693306693306693	1	0.274426025437269	0.893330934715756	2775	65	CXCL8|CCN1|NCOA2|TCF7|TLE4|HDAC2|YWHAQ|YWHAG|BCL9|YWHAZ|SKP1|MYC|APC|CTNNB1|TLE2|YWHAH|DVL3
PID_CASPASE_PATHWAY	0.90155263606893	1	-0.258459853021692	-0.762232415316524	5283	50	SREBF1|TNFRSF1A|TRADD|TRAF2|PRF1|MADD|PIDD1|BID|LMNA|LMNB2|NUMA1|PARP1|CASP9|CASP10|SPTAN1|GSN|CRADD|KRT18|DFFB
PID_CD8_TCR_PATHWAY	0.985685071574642	1	-0.228982292213589	-0.671295237505505	5783	48	LAT|RASGRP1|FYN|IKBKG|ORAI1|PRF1|MALT1|CD3D
PID_CERAMIDE_PATHWAY	0.776652360515022	1	-0.287069253964793	-0.82718943995028	4523	44	SMPD1|PRKCZ|SMPD3|TNFRSF1A|KSR1|TRADD|TRAF2|CTSD|PDGFA|MADD
PID_CIRCADIAN_PATHWAY	0.904751332149201	1	0.289232111771505	0.692756079631787	4074	16	PER2|CRY1|ATR|CLOCK|BHLHE40
PID_CMYB_PATHWAY	0.998728059018062	1	0.202212098411387	0.672350681435004	3925	74	TAB2|CCNB1|NLK|PAX5|KIT|SLC25A3|BCL2|NRAS|SP1|MYB|CDKN1B|MYC|ADORA2B|NCOR1|PPID|CDK6|EP300|PPP3CA|HSPA8|CBX4|YEATS4|PIAS3|PIM1|CASP6
PID_CXCR4_PATHWAY	0.669741697416974	1	0.267698162369409	0.912079587692995	2540	88	PTPN6|GNA13|FOXO1|CD3G|SRC|GNAI3|YES1|PIK3CA|VAV1|RAP1B|RHOA|JAK2|LIMK1|PTK2|PIK3CG|RICTOR|UBQLN1|PTEN|PTPRC|PLCB1|VPS4B|ITCH
PID_DNA_PK_PATHWAY	0.859629792860291	1	0.309986133359033	0.731800030821908	3900	15	XRCC4|DCLRE1C|NHEJ1
PID_EPHA2_FWD_PATHWAY	0.72662192393736	1	0.337286430705341	0.821549961775748	3247	17	VAV2|SRC|PIK3CA|RHOA|PTK2
PID_EPHRINB_REV_PATHWAY	0.666372150556636	1	-0.33541127167844	-0.870796541497093	3770	26	EFNB1|RGS3|FYN
PID_FAK_PATHWAY	0.794459559732872	1	0.264919915023905	0.84366272991134	3211	58	MMP14|SRC|YES1|PIK3CA|BMX|ROCK2|CAPN2|ELMO1|MAPK8|MAPK1|RAP1B|RAP1A|RHOA|PTK2|BRAF|MAPK9|NCK1
PID_FAS_PATHWAY	0.67193769176304	1	0.298141840193683	0.879948947786855	2846	38	SRC|MAP3K1|PIK3CA|MAPK8|CASP3|CLTC|RFC1|CHUK|BIRC2|MAPK9|MAPK14|BTK|RIPK1
PID_FOXM1_PATHWAY	0.933317680206621	1	0.251119272399848	0.727368551868218	3974	35	CCNA2|CCNB1|ETV5|CDK1|SP1|CDK2|MYC|RB1|NEK2|SKP2|CCNB2|EP300|MAP2K1|CHEK2|FOXM1|CENPA|BRCA2
PID_HDAC_CLASSIII_PATHWAY	0.823301413588691	1	0.296945480878012	0.779316874663892	3610	23	FOXO1|KAT2B
PID_HEDGEHOG_2PATHWAY	0.871031746031746	1	-0.301735411070503	-0.721272413293972	4828	18	DHH|LRPAP1
PID_HES_HEY_PATHWAY	0.671591992373689	1	0.295462374455945	0.886024165646141	2817	41	RUNX2|HIF1A|BGLAP|GATA6|GATA4|JAK2|RBPJ|MYB|CDKN1B|RB1|MAML2|RBBP8|NCOR1|EP300|NCOR2|KDM1A|CTBP1
PID_HIF2PATHWAY	0.767827916764087	1	0.294558687602774	0.82935712968814	3283	31	MMP14|EGLN3|EIF3E|SP1|ELK1|CITED2|APEX1|BHLHE40|EP300|HIF1AN|PGK1
PID_HIV_NEF_PATHWAY	0.995298624412328	1	-0.213612142541329	-0.59061591566897	5715	35	TNFRSF1A|FAS|TRADD|TRAF2|BID|CASP9|RELA|CRADD|DFFB|MAP2K7|NFKBIA
PID_HNF3A_PATHWAY	0.858092738407699	1	-0.282266806658533	-0.765487508767577	4903	32	COL18A1|FOS|ESR1|ATP5PF|CEBPB|PISD|PRDM15|AP1B1
PID_HNF3B_PATHWAY	0.876848147503914	1	-0.273487561841793	-0.760037138640601	5040	36	APOA1|CPT1C|DLK1|KCNJ11|CEBPB|UCP2|ACADVL
PID_IFNG_PATHWAY	0.798678310125089	1	0.278151393384139	0.820948263332705	3383	38	CAMK2B|MAP3K1|PTPN2|PIK3CA|MAPK1|RAP1B|RAP1A|JAK2
PID_IL2_1PATHWAY	0.94745803940647	1	0.238781389127859	0.74440633065298	3894	51	DOK2|PIK3CA|MAPK8|MAPK1|JAK3|RHOA|SOCS2|BCL2|NRAS|CDK2|MYC|MAPK9|MAPK14
PID_IL2_PI3K_PATHWAY	0.992985737666589	1	0.216659469767443	0.610024703153208	4246	31	PIK3CA|UGCG|JAK3|BCL2|MYB|MYC|SGMS1|HSP90AA1|RPS6|SOS1|RPS6KB1|PTPN11|SHC1
PID_IL2_STAT5_PATHWAY	0.785285977859779	1	0.295498116214496	0.807244096745637	3404	27	PIK3CA|CCNA2|JAK3|BCL2|SP1|MYC|CDK6|SOS1|ELF1|PTPN11|CCND2|SHC1
PID_IL23_PATHWAY	0.748187982230535	1	0.297954406839786	0.83891809012884	3199	31	CCL2|IL18R1|PIK3CA|IL24|JAK2
PID_IL27_PATHWAY	0.776528776978417	1	0.317587743226217	0.796526459142772	3453	19	IL12RB2|JAK2|STAT1|IL18
PID_IL3_PATHWAY	0.694482444140447	1	0.325713135151798	0.8548159809435	3045	23	PIK3CA|YWHAG|SRP9|YWHAZ|JAK2
PID_IL4_2PATHWAY	0.908921933085502	1	-0.255282346631532	-0.761552257158322	5378	53	FES|COL1A1|IRS1|IL2RG|PIGR|IRS2|BCL6|CCL26|CEBPB|COL1A2|SOCS3|BCL2L1
PID_IL6_7_PATHWAY	0.983690987124464	1	-0.230693973031134	-0.664744188783562	5729	44	MAPK11|LBP|FOS|TIMP1|JUNB|CEBPB|IL6ST|SOCS3|BCL2L1|TYK2|IRF1|JUN
PID_ILK_PATHWAY	0.919029723266143	1	-0.255931927601099	-0.741403940728214	5379	45	PPP1R14A|CCND1|TACC3|DIAPH1|GIT2|GSK3B|CDC42|PARP1|PXN|JUN|RHOG|ARHGEF6|ELMO2|ILKAP|CDC37|SNAI1|PPP1R14C|RUVBL2|ARHGEF7|TNS1|NCK2
PID_INSULIN_PATHWAY	0.999520728492691	1	0.184371511775862	0.557607629294784	4170	43	EXOC5|PIK3CA|SORBS1|PRKCI|EXOC6|NCK1|PTPRA|EXOC4|CRK|SOS1|RPS6KB1|PTPN11|SHC1|GRB10
PID_INTEGRIN_A4B1_PATHWAY	0.650655021834061	1	-0.327771593663938	-0.884448411500054	3724	31	CD14|ITGA4|BCAR1|PTK2B|ITGB1|MDK|CD81|PXN|TLN1|PRKACB|FN1
PID_LKB1_PATHWAY	0.987017423983601	1	-0.227831296191374	-0.65999979916838	5777	45	SFN|STK11IP|ESR1|BRSK1|TSC1|CTSD|STK11|STRADA|GSK3B|SIK3|CRTC2
PID_MTOR_4PATHWAY	0.684289651716362	1	0.274791437296925	0.900069733906915	2730	67	PLD1|YWHAQ|YWHAG|MAPK1|EIF4E|RHOA|YWHAZ|NRAS|RHEB|CDK2|RICTOR|BRAF|CLIP1|AKT1S1|FBXW11|YWHAH|RB1CC1|EIF4B|BNIP3|RRAGB|RRN3|MAP2K1|RPS6KB1|YWHAB
PID_MYC_PATHWAY	0.84247990815155	1	0.290464839815733	0.769522705704918	3668	24	ACTL6A|MYC|PPP2CA|TAF9|SKP2|SUPT3H|TAF12|FBXW7|PPP2R5A|TRRAP|PAK2|PML
PID_NEPHRIN_NEPH1_PATHWAY	0.766432337434095	1	-0.307151089749207	-0.816855901007848	4360	29	PRKCZ|KIRREL1|NPHS1|FYN
PID_NFKAPPAB_ATYPICAL_PATHWAY	0.663410301953819	1	0.359384443786382	0.86078187111806	2987	16	SRC|PIK3CA|REL|MAPK14
PID_NFKAPPAB_CANONICAL_PATHWAY	0.858582223821519	1	-0.29930297451221	-0.746338973820478	4771	22	CYLD|TNFRSF1A|IKBKG|MALT1
PID_NOTCH_PATHWAY	0.821245421245421	1	0.263772923927615	0.825605468463564	3362	52	MYCBP|RAB11A|EPS15|RBPJ|ADAM10|SKP1|MYC|MAML2|RBBP8|NCOR1|ITCH|NUMB|SKP2|EP300|NOTCH4|NCOR2|KDM1A|FBXW7|CTBP1|APH1A
PID_P38_ALPHA_BETA_DOWNSTREAM_PATHWAY	0.996869020699252	1	-0.208088439876423	-0.578289342896526	5730	36	MAPK11|SLC9A1|HSPB1|ESR1|CEBPB|MAPKAPK2
PID_P38_MK2_PATHWAY	0.829989251164457	1	-0.308029910196902	-0.756002846045263	4632	20	SFN|MAPK11|HSPB1
PID_P53_DOWNSTREAM_PATHWAY	0.939118154715205	1	-0.233624902402342	-0.789668497182787	5984	123	COL18A1|S100A2|PCBP4|SFN|PYCARD|TAP1|GDF15|DDB2|PPM1J|SERPINE1|MET|FDXR|FAS|BCL6|CTSD|PLK3|DGCR8|PIDD1|SMARCA4|BID|PRMT1|DUSP5|TNFRSF10A|JMY|BCL2L1|BBC3|CDKN1A|TP73|JUN
PID_P73PATHWAY	0.982369717396941	1	0.220604460920491	0.734335603575978	3788	76	DCP1B|CCNE2|RNF43|RCHY1|TP63|CCNA2|CCNB1|CDK1|SP1|BUB1|FBXO45|CDK2|MYC|RB1|MAPK14|WT1|UBE4B|ITCH|BUB3|CDK6|PFDN5|EP300|BAK1|AFP
PID_P75_NTR_PATHWAY	0.990260285474391	1	-0.219863575774956	-0.667345276163192	5896	59	MAGEH1|MAG|PRKCZ|RTN4R|APH1B|NCSTN|IKBKG|RHOB
PID_PDGFRA_PATHWAY	0.841454675743461	1	-0.304954477222152	-0.748454760600423	4696	20	SHF|FOS|ITGAV|SRF|JUN
PID_PDGFRB_PATHWAY	0.804844481145059	1	0.243530598171315	0.877353237799119	2923	125	VAV2|SRC|ACTR3|PDGFB|PTPN2|YES1|PIK3CA|USP6NL|YWHAQ|YWHAG|MAPK8|MAPK1|S1PR1|PLA2G4A|RAP1B|NCKAP1|RAP1A|RHOA|YWHAZ|JAK2|RAB5A|NRAS|ARPC3|ELK1|ACTR2|ABI1|PIK3CG|MYC|BRAF|MAPK9|PPP2CA|NCK1|PTEN|PTPRJ|YWHAH|RAB4A|MAP2K4|EIF2AK2|STAT1|CRK|SOS1|GAB1|PIK3CB|RPS6KA3|MAP2K1|YWHAB|PRKCD|NHERF1|PTPN11|ARHGDIA
PID_PI3K_PLC_TRK_PATHWAY	0.893402207090866	1	0.262985306385172	0.761738593935643	3804	35	SRC|EGR1|PIK3CA|YWHAQ|YWHAG|YWHAZ|NRAS|CREB1|YWHAH|SOS1|GAB1|YWHAB|PRKCD
PID_PI3KCI_AKT_PATHWAY	0.90208969241606	1	0.26037230124704	0.754170008119094	3841	35	FOXO1|SRC|YWHAQ|YWHAG|YWHAZ|CDKN1B|RICTOR|CHUK|YWHAH|HSP90AA1|KPNA1|MAP3K5|FOXO4|TBC1D4|YWHAB
PID_PI3KCI_PATHWAY	0.863862660944206	1	-0.269794930372897	-0.777413513548725	5031	44	LAT|CYTH3|PLEKHA1|FYN|ADAP1|INPPL1|SGK1
PID_PS1_PATHWAY	0.837065105063727	1	-0.278415728259877	-0.793234389391356	4859	41	KREMEN2|CCND1|APH1B|FOS|NCSTN|DVL1|PPARD|TAB1|GSK3B|PSEN1|JUN
PID_RAC1_PATHWAY	0.893731635651322	1	0.251694918238214	0.789807673241504	3649	53	ACTR3|MAP3K1|MAPK8|NCKAP1|PIP5K1B|LIMK1|ARPC3|ACTR2|ABI1|CYBB|ATF2|RACGAP1|MAPK9|CTNNB1|ARHGAP5|MAPK14|IQGAP3|MAP2K4
PID_RB_1PATHWAY	0.978996787744008	1	0.22402996957064	0.716744339549904	3961	59	RUNX2|CCNA2|MEF2C|BGLAP|TAF1|CDKN1B|CDK2|ATF2|RBBP4|RB1|MAPK9|PPP2CA|MAPK14|SKP2|CDK6|EP300|CTBP1|ELF1|CBX4|CCND2|AATF|SIRT1|ATF7|CCND3|E2F2
PID_REELIN_PATHWAY	0.97370278856336	1	-0.24311063116528	-0.636694272560833	5516	27	FYN|LRPAP1|MAP3K11|ITGB1|GSK3B|PAFAH1B1|CDK5|PIK3R1|MAP2K7|NCK2|RAPGEF1
PID_REG_GR_PATHWAY	0.994702863764277	1	-0.212351804891794	-0.666318087331858	6008	72	SFN|MAPK11|MMP1|CSF2|ICAM1|FOS|SMARCC2|SGK1|NR4A1|GSK3B|SMARCA4|PCK2|IRF1|CDKN1A|JUN|PRKACB|CDK5|RELA
PID_RET_PATHWAY	0.910307583939892	1	0.25769440356004	0.746413460626622	3876	35	SRC|DOK4|PIK3CA|MAPK8|MAPK1|RAP1A|RHOA|PTK2|CREB1|NCK1
PID_RHOA_PATHWAY	0.733062006224563	1	0.283044313544007	0.8597488712325	3061	44	CCN1|PLD1|ROCK2|RDX|PPP1R12A|MAPK8|RHOA|ROCK1|PIP5K1B|LIMK1|CDKN1B|ATF2|PTEN|MRTFA|MAP2K4
PID_RHOA_REG_PATHWAY	0.866529421856236	1	-0.270363057157104	-0.776776432416203	5050	43	FARP1|AKAP13|TRIO|ARHGAP4|ARHGEF17|PLEKHG6|ARHGEF10|MYO9B|ARHGAP6|ARHGEF1|ARAP1|ARHGEF3|OPHN1|ARAP3|OBSCN
PID_RXR_VDR_PATHWAY	0.765514809590973	1	-0.31421815404844	-0.809342080680285	4341	25	SREBF1|PPARG|PPARD|NR4A1
PID_SHP2_PATHWAY	0.83571601647686	1	0.266555935149042	0.815606804536433	3448	46	EGF|GNAI3|PDGFB|PIK3CA|IL6R|JAK3|RHOA|JAK2|NRAS|ANGPT1
PID_SYNDECAN_4_PATHWAY	0.899805619367379	1	-0.279361511207796	-0.725279852909567	5091	26	FZD7|SDC4|ITGB1|FGF2|GIPC1|MDK|ITGA5
PID_TAP63_PATHWAY	0.990082244799226	1	0.220025542891643	0.679433816588199	4092	48	ITGB4|TP63|YWHAQ|PERP|SERPINB5|EGR2|EVPL|SP1|CHUK|VDR
PID_TCR_CALCIUM_PATHWAY	0.789153915391539	1	0.306185589373775	0.798144760123258	3506	22	AKAP5|BATF3|PPP3CB|NFATC2|PPP3R1|CHP1|PPP3CA|FKBP1A|POU2F1
PID_TCR_PATHWAY	0.952812762384551	1	-0.241486748717234	-0.732977440416987	5673	59	LAT|SH3BP2|STK39|RASGRP1|FYN|MAP4K1|IKBKG|ORAI1|MALT1|CD3D|CDC42
PID_TRAIL_PATHWAY	0.995940698905754	1	-0.214037285159973	-0.560552670702321	5642	27	SMPD1|TRADD|IKBKG|TRAF2|TNFRSF10A|CASP10|TNFRSF10B|PIK3R3|PIK3R1|PIK3CD
PID_TRKR_PATHWAY	0.995347698334966	1	0.209967735740436	0.658869594911682	4064	53	PIK3CA|ELMO1|MAPK1|RIT1|RAP1B|RAP1A|RHOA|PRKCI|NRAS
PID_VEGFR1_2_PATHWAY	0.924580305687798	1	0.239153119117973	0.783337670216159	3689	67	PTPN6|SRC|NEDD4|PTPN2|PIK3CA|MAPK1|RHOA|ROCK1|PTK2|PRKAA1|BRAF|SHB|CTNNB1|NCK1|MAPK14|FBXW11|PTPRJ|HSP90AA1
PID_VEGFR1_PATHWAY	0.986184664978126	1	0.231055652752676	0.624398226779629	4282	26	HIF1A|PIK3CA|MAPK1
PID_WNT_NONCANONICAL_PATHWAY	0.953195948305973	1	-0.253639615430786	-0.679919890995947	5457	30	FZD7|PRKCZ|CTHRC1|PPARG|DVL1|TAB1|CDC42|FLNA|ARRB2|SETDB1|DAAM1
PIONTEK_PKD1_TARGETS_DN	0.861822840409956	1	-0.315355947228736	-0.72017281899791	4708	15	DEFB119|CLDN11|PDGFA|H2AC12|OBSL1|UHRF1
PIONTEK_PKD1_TARGETS_UP	0.738735592036326	1	-0.311232034656315	-0.834305203934968	4229	30	RDH16|MT2A|TNFRSF21|KLK2|ALDH8A1|SGK1
PLASARI_TGFB1_SIGNALING_VIA_NFIC_1HR_UP	0.918676289385672	1	-0.26784953784768	-0.707405308467568	5218	28	FLT1|IL2RG|KCNN4|PDP1
PLASARI_TGFB1_TARGETS_1HR_UP	0.725414847161572	1	-0.31214816881235	-0.84229066031206	4152	31	SMAD7|IER3|SERPINE1|JUNB|NR4A1|ID1|ID2|HES1
PODAR_RESPONSE_TO_ADAPHOSTIN_UP	0.821499857428001	1	0.24035023523013	0.882821356661152	2880	146	DNAJB2|CD44|ZNF165|CCNG2|RGS2|STEAP1|MBNL2|NCOA2|EIF2AK3|CLIC2|ARID5B|MGAT2|MXI1|CLK1|WDR26|GCLM|IFRD1|TRIB1|SLC38A2|TMEM140
PRAMOONJAGO_SOX4_TARGETS_DN	0.682723404255319	1	-0.298380620871527	-0.877794647942875	4010	49	METRN|CLN3|BIN1|POLD1|ADAM15|MLEC|UCP2|LAMP1|ATP5F1D|NR2F6|PARP1|LY6E|MRPS12|ARRB2|BIRC5|UBE2S
PRAMOONJAGO_SOX4_TARGETS_UP	0.799524698692921	1	-0.276479738827317	-0.819499919914476	4709	51	TPBG|GDF15|ARHGAP45|IER3|STC2|SERPINE1|NFIL3|IL1B|TRIB3|DUSP4|SLC2A3|TNIP2|VEGFA|JUN|AK4|RBCK1
PROVENZANI_METASTASIS_UP	0.843066786463013	1	0.233989399799821	0.889951774199408	2814	190	VPS26A|MME|FGGY|FOXA2|DDX19B|PRIM1|AK6|SPRY2|TMED2|NAE1|TCF12|CBFB|POGLUT2|SLC38A2|RAP2A|PLPP3|EFNB2|DAZAP2|SLC35D1|EDC4|PCCA|TIMM23|PPA1|KDM4C|CARD10|SLC25A14|HUS1|CDK1|ADK|LCP1|CD24|CADPS2|TARS1|MYB|TRBC1|NNT|BORA|NIP7|MON1B|RBM47|IPO5|SNTB2|MTF2|HNRNPA1|ZWINT|MPHOSPH6|HLTF|EIF4B|BTBD3|BTG1|SKP2|CAT|LTA4H|GALNT7|BTF3|CUL4A|DAB2|POLD3|PRKX|AQP3|DROSHA|TXNIP|AMIGO2|MRPS27|TERF2IP|POLR2M|HNRNPA3|GOT2|ATMIN|BAG1|GSE1
PUIFFE_INVASION_INHIBITED_BY_ASCITES_UP	0.999834464492634	1	-0.189069536269835	-0.593262919729987	6039	72	OSMR|BCAM|CHD4|FHL1|G6PD|MICB|PLEC|CKLF|UBFD1|EPOR|BCL2L1|MCM3|EIF4G1|CDCA8|AKR1C1|ACIN1|ELMO2
PURBEY_TARGETS_OF_CTBP1_AND_SATB1_DN	0.94447015270708	1	-0.231273840493647	-0.797085862327609	6122	145	SMAD7|CNTNAP3B|RTKN|PWWP2B|FGF12|WDR46|RECQL5|HSPB1|IL2RG|VWA1|PANX3|MAPK7|GET3|GLI4|CDK2AP2|HYAL3|SIX5|CPNE1|CDC42EP4|ARHGAP1|NDUFC1|ATP6V0A1|PNPO|MED16|CCNF|CDC42EP3|PDXK|MPZL1|BRF1|PILRB|UHRF1|HYAL2|ARID3A|SLC4A7|SERINC3|CBX6|MSTO1|RELA|MYO5A|TRIM14|HAX1|AIFM2|JUND|POMGNT1|EDC3
PURBEY_TARGETS_OF_CTBP1_AND_SATB1_UP	0.719030222517436	1	-0.279007615196371	-0.873225699937027	4329	71	GPR135|CYP4F2|UCHL1|PKMYT1|SMIM11|ATN1|DCT|RPS10|SLC2A3|CPNE1|RETREG2|DGUOK|RPSA|AFDN-DT|TMEM184B|WDR59|COG8|KATNA1|ABHD6|PNISR|TOP6BL|JUND|SLC44A4|DCTN2|RAD51D
QI_HYPOXIA	0.988052193051407	1	-0.217062607503408	-0.735996344011583	6284	127	ESPN|MT2A|ACAP1|PLOD1|SLC41A2|IER3|PCYT1B|CYP2S1|ABCB6|PGF|HMGCL|EFNA1|TRIOBP|GPR146|NSDHL|LSS|NAA80|GRHPR|P4HA2|HDAC5|MVD|KDM4B|PAFAH1B3|HES6
QI_PLASMACYTOMA_DN	0.759196787148594	1	-0.267202433118978	-0.862668256882246	4725	87	LAMB1|LYPD3|MAGEH1|COL1A1|BSG|AEBP1|LBP|TBRG4|TIMP1|TRIP6|ITGB5|SEC61A1|NOL3|BMP1|MYBBP1A|P4HA2
QI_PLASMACYTOMA_UP	0.801070192005036	1	0.235745972849054	0.907593595045593	2544	215	ITGB7|PTPN6|BATF|STAP1|CD40|TNFRSF14|LST1|CCL5|CD3G|FBXW8|CCL4|GNB4|PDGFB|PTGS1|TNFSF13B|MKRN1|RRAS2|WTAP|RP2|VAV1|RRAD|RSAD2|XCL1|KIT|PLXNC1|GNG10|LIMK1|CAP1|BCL2|LCP1|SCIN|CASP3|ACTR2|SNX2|SEMA4A|MYB|MOB1A|BAG2|PCSK1N|RB1|CD47|PFN1|PAK1IP1|UBE2D1
RAMASWAMY_METASTASIS_UP	0.980003360779701	1	-0.228152702909107	-0.699240881130783	5831	63	CENPX|ITPA|COL1A1|COX6B1|APLNR|NOTCH3|NDUFA1|FASN|TMEM147|PCNT|HNRNPAB|COL1A2|TENT4A|SRGAP2|PRMT1|VPS13B|P4HB|PFDN6|RALGPS1|EIF3K|UBAC1|BIRC5|POM121|NHP2|ELF4|SNRPF|RBM42
RAMPON_ENRICHED_LEARNING_ENVIRONMENT_LATE_UP	0.947058823529412	1	0.262210551733164	0.664930707135665	4185	20	CORO1A|TBCA
RASHI_RESPONSE_TO_IONIZING_RADIATION_1	0.937728300574013	1	-0.255583692746935	-0.710281291077329	5390	36	PLXNA2|SLC23A3|IER3|FOS|DNAJC17|SGK1|G0S2|WDR74|CCDC186|IER2|VEGFA|JUN
RASHI_RESPONSE_TO_IONIZING_RADIATION_3	0.996918335901387	1	-0.212392535430524	-0.60835588005956	5822	42	MAPK8IP3|ROGDI|MICOS13|USP19|TRABD|ACVR2B|POLR2A|ULK1|NINJ1|TAF1C
RASHI_RESPONSE_TO_IONIZING_RADIATION_4	0.843691148775895	1	-0.276045848537673	-0.790678047058094	4927	42	SEMA4D|HLA-DOB|IFI16|LGALSL|CPS1|SP100|GMFG|RGS19|LIFR|DCTPP1
RASHI_RESPONSE_TO_IONIZING_RADIATION_5	0.95897577092511	1	0.226571144496605	0.811500499292931	3482	121	DNAJB2|FAM53A|NCOA2|HSDL2|ERI2|WDR75|INVS|PDE8A|KCNJ8|BCAS2|PREPL|PALM2AKAP2|F5|PAK3|LARP7|DLAT|CHTF8|CPOX|DSG2|BMPR1A|CNOT6L|PEX5|ATP13A3|CD93|FAM118B|IQGAP3|SLMAP|NFIA|EIF2AK2|GALT|CRK|SH3GL3|NFIX|EXOSC8|EVI5|ANP32A|R3HDM1|MAP3K4|CSNK2A1
RASHI_RESPONSE_TO_IONIZING_RADIATION_6	0.971718516053901	1	-0.231272066378928	-0.717697564082603	5840	67	TYROBP|PSMB9|INCENP|MRPL41|CD48|EMP3|FAS|GBP2|BRD1
RATTENBACHER_BOUND_BY_CELF1	0.980502540162021	1	-0.218251906856663	-0.823599150398365	7140	365	LAT|FBXL2|SRGAP3|FAM171A1|STOML1|ASPHD2|RPS28|ZFPL1|SPEN-AS1|CACFD1|RABAC1|GRN|UQCR10|CLDN6|APLP2|RGS3|RNF170|ITGA7|CYTOR|PPP3CB-AS1|TUBGCP6|PLXNA2|RGL3|COL6A1|CIB1|FOXD2-AS1|DUS2|UNC13A|NDUFA11|ACSL6|AURKB|PSMG4|ATP6V1F|AKT3|CAMK2N2|GALR3|PRDM16|RSPH14|PPP1R35|DCT|SP100|SNU13|SNHG3|LSM7|RFX1|STON1|MSRA|NACC2|JUNB|FAM83H|GGT7|BMP1|MLEC|CDK11B|WDR83OS|PLEC|CERS5|SMCO4
RAY_TUMORIGENESIS_BY_ERBB2_CDC25A_DN	0.969736413927758	1	0.216735062071899	0.847140886691161	2979	246	FEM1C|TMEM182|CFAP410|PELI2|IFIH1|AGO4|SLC22A4|NCOA3|RIMS3|TP53INP1|EIF4E3|PPM1B|TAB2|TMEM59|FAM13A|TMEM35B|LDLRAD3|HSPH1|DDHD2|CBX7|TOB1|ZNF770|TCF12|PER2|SCP2|SCARF1|CDHR1|C5AR2|CA3|RSAD2|SCRG1|SGCB|CHN2|TRIM24|BACH2|HERPUD1|ACSL1|EIF4G3|PRDX6|MGA|ACBD5|PPM1K|SVBP|VDR|ZMPSTE24|RPA2|INPP5B|PUM1|ITM2B|UPF2|S100PBP|AGO1|UBE4B|FUCA1|MMACHC|BTG1|USP48|EFHD1|C11orf54|DEDD2
REACTOME_ABERRANT_REGULATION_OF_MITOTIC_EXIT_IN_CANCER_DUE_TO_RB1_DEFECTS	0.810103905410247	1	-0.313288068306602	-0.768908029484586	4521	20	CDC26|ANAPC11
REACTOME_ABERRANT_REGULATION_OF_MITOTIC_G1_S_TRANSITION_IN_CANCER_DUE_TO_RB1_DEFECTS	0.678970917225951	1	0.350135591294796	0.852847477566827	3034	17	CCNE2|CDKN1B|CDK2|RB1|TFDP2|CDK6|CCND2|CCND3|E2F2
REACTOME_ACTIVATION_OF_ANTERIOR_HOX_GENES_IN_HINDBRAIN_DEVELOPMENT_DURING_EARLY_EMBRYOGENESIS	0.649888499522141	1	-0.276929874999332	-0.911248469052599	4079	101	H4C4|H2AC20|H2AC7|H2AC8|POLR2L|POLR2F|H2BC13|H2BC17|H4C11|H4C3|H3C12|H4C14|H3C13|H4C2|H2BC5|POLR2E|H3C2|H2BC12|POLR2A|H2AZ2|POLR2J|HOXB4|HOXB3|JUN|PCGF2|KMT2D|CNOT9|POLR2I|ZNF335|H2AX|H2BC4|H3-3B|RXRA|POLR2G|PAGR1
REACTOME_ACTIVATION_OF_BAD_AND_TRANSLOCATION_TO_MITOCHONDRIA	0.931467606875275	1	0.283080751092411	0.668283126505467	4226	15	YWHAQ|YWHAG|YWHAZ|BCL2|PPP3R1|YWHAH
REACTOME_ACTIVATION_OF_BH3_ONLY_PROTEINS	0.643358278765201	1	0.31798067330713	0.889528590735552	2750	30	TP63|YWHAQ|YWHAG|MAPK8|BMF|YWHAZ|BCL2|PPP3R1|YWHAH|TFDP2|BCL2L11|YWHAB|PMAIP1
REACTOME_ACTIVATION_OF_GENE_EXPRESSION_BY_SREBF_SREBP	0.866858928142274	1	0.263649322022187	0.792259190634433	3606	42	NCOA2|GGPS1|NFYA|SC5D|NFYB|SP1|CHD9|ELOVL6|HMGCS1|ACACA|HELZ2|FDFT1|IDI1
REACTOME_ACTIVATION_OF_KAINATE_RECEPTORS_UPON_GLUTAMATE_BINDING	0.809271217712177	1	0.291098614697815	0.795225503620709	3508	27	GNG12|GNB4|GRIK1|NCALD|GNG10|DLG1
REACTOME_ACTIVATION_OF_NMDA_RECEPTORS_AND_POSTSYNAPTIC_EVENTS	0.9465128474043	1	0.23271318838945	0.785713815643099	3609	82	DLG2|CAMK2B|SRC|PRKAR1A|KPNA2|MAPK1|GRIA2|RPS6KA2|NRAS|DLG1|TUBB1|PRKAA1|CREB1|LRRC7
REACTOME_ADHERENS_JUNCTIONS_INTERACTIONS	0.743690987124464	1	-0.293328563256542	-0.845225626257269	4331	44	CADM2|ADAM19|CDH15|ZC3H12A|HOXC8|AFDN|CDH24
REACTOME_ADIPOGENESIS	0.992365198027676	1	-0.215483449884644	-0.710409543484168	6238	102	SLC2A4|ELOVL3|ZNF467|SREBF1|PPARG|CHD4|MED15|MED22|PRDM16|CHD3|MED10|MBD3|MED24|MED6|CEBPB|MED19|MED12|MED25|MED11|SREBF2|MED16
REACTOME_ADP_SIGNALLING_THROUGH_P2Y_PURINOCEPTOR_12	0.711589698046181	1	0.346277708956591	0.829389194205919	3204	16	GNG12|GNAI3|GNB4
REACTOME_AGGREPHAGY	0.983982087495694	1	-0.230064889535991	-0.65547799081641	5712	41	TUBA3E|UBA52|UBB|DYNC1H1|TUBB2B|PCNT|TUBA1B|TUBB3|TUBA3C|HDAC6|UBC|TUBB4B|DYNLL2|HSF1
REACTOME_AMINO_ACIDS_REGULATE_MTORC1	0.890139466601419	1	0.250409094699974	0.788679159156172	3637	54	SLC38A9|SEH1L|FNIP2|ATP6V1G2|ATP6V1D|FLCN|LAMTOR3|RHEB|DEPDC5|ATP6V0E2|ATP6V1A|MIOS|ATP6V1B2|ATP6V0E1|ATP6V1C1|NPRL2|RRAGB
REACTOME_ANCHORING_OF_THE_BASAL_BODY_TO_THE_PLASMA_MEMBRANE	0.919537136706136	1	0.236219898678164	0.817860295097231	3416	97	NEDD1|PLK4|CEP162|CEP135|CCP110|YWHAG|RAB11A|CEP97|HAUS5|HAUS1|CDK1|RPGRIP1L|SCLT1|SEPTIN2|CEP152|CEP78|NEK2|CEP57|CETN2|NDE1|CEP76|CKAP5|HSP90AA1|CEP70|CENPJ|CEP192|MAPRE1|RAB3IP|OFD1|HAUS6|CEP83|CEP63|CEP290|ODF2|TUBA1A|HAUS2|TUBA4A|TCTN3|CNTRL|IQCB1|DYNC1I2|PCM1|AKAP9
REACTOME_ANTI_INFLAMMATORY_RESPONSE_FAVOURING_LEISHMANIA_PARASITE_INFECTION	0.712787212787213	1	0.272011220366678	0.885470091097045	2853	65	CD3G|SRC|GNG12|GNAI3|GNB4|YES1|PRKAR1A
REACTOME_ANTIGEN_ACTIVATES_B_CELL_RECEPTOR_BCR_LEADING_TO_GENERATION_OF_SECOND_MESSENGERS	0.986291739894552	1	-0.229674398106957	-0.610809772992439	5611	29	CD19|FYN|TRPC1|ORAI1|SH3KBP1|ITPR3|ITPR2
REACTOME_ANTIGEN_PROCESSING_CROSS_PRESENTATION	0.656687898089172	1	-0.276305350782757	-0.908040284737771	4123	100	CD14|PSMB9|TAP1|TLR6|UBA52|CYBA|UBB|STX4|SEC61B|TIRAP|CALR|IKBKG|PSMB5|PSMB6|ITGB5|TAP2|PSMB10|SEC61A1|CTSL|PSMD2|ITGAV|TAPBP
REACTOME_APC_C_CDC20_MEDIATED_DEGRADATION_OF_CYCLIN_B	0.710996989551975	1	-0.330735513299437	-0.84350834700656	4014	24	CDC26|ANAPC11|UBA52|UBB
REACTOME_APC_C_CDH1_MEDIATED_DEGRADATION_OF_CDC20_AND_OTHER_APC_C_CDH1_TARGETED_PROTEINS_IN_LATE_MITOSIS_EARLY_G1	0.995696076808475	1	-0.209753947463599	-0.658166523027531	6014	72	CDC26|ANAPC11|PSMB9|UBA52|AURKB|UBB|PSMB5|PSMB6|PSMB10|PSMD2|FZR1|PSMB4|ANAPC2|PSMA7|PSMD9|PSMC3|SEM1|CDC20|PSMB3|UBE2S|UBC|ANAPC15|PSMB7
REACTOME_APC_C_MEDIATED_DEGRADATION_OF_CELL_CYCLE_PROTEINS	0.870796928779455	1	0.246444281794899	0.836509569049987	3288	86	PSMC6|PSMC1|PSMD5|CCNA2|CCNB1|PSMA1|PSMA4|PSMD6|MAD2L1|CDC27|UBE2E1|CDK1|CDK2|PSMD10|SKP1|PSMA2|PSMA6|RB1|UBE2D1|PSMC2|NEK2|PSME4|ANAPC10|PSMD14|PSMD11|BUB3|PSMC5|SKP2|BUB1B|PSMA3|ANAPC4
REACTOME_APC_CDC20_MEDIATED_DEGRADATION_OF_NEK2A	0.754373564233964	1	-0.315225229748596	-0.818389431231951	4268	26	CDC26|ANAPC11|UBA52|UBB
REACTOME_APOPTOSIS	0.826923076923077	1	0.236584321571251	0.887920267114222	2794	173	PSMC6|PSMC1|PSMD5|TP63|BMX|PSMA1|PSMA4|OPA1|YWHAQ|DAPK2|TJP2|FNTA|YWHAG|MAPK8|PSMD6|MAPK1|DSG3|BMF|YWHAZ|ROCK1|DSG2|BCL2|STK24|CASP3|PTK2|DNM1L|PSMD10|PPP3R1|PSMA2|PSMA6|BIRC2|APC|PSMC2|CTNNB1|PSME4|HMGB1|PSMD14|YWHAH|PSMD11|LMNB1|PSMC5|RIPK1|TFDP2|PRKCQ|KPNA1|BAK1|VIM|KPNB1|OMA1|CARD8
REACTOME_APOPTOTIC_FACTOR_MEDIATED_RESPONSE	0.923561151079137	1	0.272779080478934	0.68414401920839	4107	19	MAPK1|CASP3|BAK1|CARD8|APIP|APAF1|XIAP|C1QBP
REACTOME_ASPARAGINE_N_LINKED_GLYCOSYLATION	0.988673368257114	1	-0.214903602133008	-0.795346920332713	6982	289	SEL1L|TRAPPC6A|NAGK|MGAT4A|SEC31B|DPM3|TMEM115|FCSK|RNF5|RENBP|AMDHD2|TMED9|MANEA|SRD5A3|COPE|MOGS|MAN1B1|TUBA3E|UBA52|ST6GALNAC6|PRKCSH|LMAN2|UBB|OS9|ST8SIA5|ALG9|GMPPA|CALR|CTSA|SPTB|CSNK1D|DYNC1H1|TRAPPC1|STX5|ALG3|SYVN1|TRAPPC5|GFUS|DCTN3|MLEC|ALG12|B4GALT2|YKT6|ENGASE|MVD|TUBB2B|TUBA1B|MGAT4B|NUDT14|PPP6R1|NEU1|MGAT3|TUBB3|UBXN1|KDELR3|COG7|ST8SIA1|GOLGA2|EDEM3|CTSZ|MAN2A1|MPI|DOLK|SPTBN1|DPM2|TUBA3C|MGAT1|ST3GAL3|COG2|SEC24C|COG8|SPTA1
REACTOME_ASSEMBLY_AND_CELL_SURFACE_PRESENTATION_OF_NMDA_RECEPTORS	0.87916765192717	1	0.260777052296521	0.774606817803871	3717	39	DLG2|CAMK2B
REACTOME_ASSEMBLY_OF_THE_HIV_VIRION	0.933748169838946	1	-0.286742319795919	-0.654828382303013	5101	15	UBA52|UBB|FURIN|MVB12A|UBC|VPS28
REACTOME_ASYMMETRIC_LOCALIZATION_OF_PCP_PROTEINS	0.95557799091368	1	-0.238624367596419	-0.727751882194613	5678	61	VANGL2|FZD7|PSMB9|UBA52|SCRIB|UBB|FZD3|PSMB5|PSMB6|PSMB10|PSMD2|SMURF2|PSMB4|PSMA7|PSMD9|PSMC3|SEM1
REACTOME_AUF1_HNRNP_D0_BINDS_AND_DESTABILIZES_MRNA	0.998986143967557	1	-0.207396712751978	-0.618700967017733	5911	53	PSMB9|UBA52|HSPB1|UBB|PSMB5|PSMB6|PSMB10|PSMD2|HSPA1A|PSMB4|PSMA7|PSMD9|PSMC3|EIF4G1|SEM1
REACTOME_AUTOPHAGY	0.752438324727481	1	0.245478618889384	0.905490338033771	2622	152	ATG4A|SRC|PRKN|SLC38A9|LAMP2|ATG4C|NBR1|UBE2N|ATG10|VPS37D|VDAC1|PIK3C3|LAMTOR3|EEF1A1|WIPI1|RHEB|ATG9B|TSG101|BECN1|TUBB1|UBE2D3|PRKAA1|CHMP4C|ATG12|ARL13B|PEX5|CHMP2B|PARK7|HSP90AA1|RB1CC1|GABARAPL1|VPS37A|UBE2V1|ATM|VIM|DYNC1LI2|OPTN|MAP1LC3B|VDAC3|RRAGB|ATG3|VDAC2|TOMM20|ATG5|HSPA8|TUBAL3|TOMM22|ATG16L1|UBE2D2|TUBB6|MTERF3|CSNK2A1|CHMP3|RRAGC|VPS37C|USP30|FUNDC1|TUBA1A|TOMM70|TUBA4A|IFT88|CSNK2B|CSNK2A2|VCP|DYNC1I2|TBK1|UBE2L3|DYNC1LI1
REACTOME_BACTERIAL_INFECTION_PATHWAYS	0.995227329816629	1	0.212574184579862	0.693625186405662	3961	66	SRC|CORO1A|CBLL1|EPS15|MAPK1|RAB5A|CTNND1|HBEGF|CTNNB1|HSP90AA1|MAP2K4|KPNA1|KPNB1|VAMP1|SFPQ|PGK1|SH3GL3|MAP2K1|PDCD6IP|RAB7A
REACTOME_BETA_CATENIN_INDEPENDENT_WNT_SIGNALING	0.956010086859064	1	0.22442232213277	0.817690668082584	3411	137	AGO4|GNAT2|FZD8|GNG12|TCF7|PSMC6|PSMC1|GNB4|PSMD5|PSMA1|PSMA4|NLK|PPP3CB|PSMD6|GNG10|RHOA|FZD2|FZD4|CLTC|PSMD10|PPP3R1|PSMA2|MYC|PSMA6|PFN1|PSMC2|CTNNB1|PSME4|PLCB1|AGO1|PSMD14|PSMD11|RYK|DVL3|PSMC5
REACTOME_BIOLOGICAL_OXIDATIONS	0.726250962278676	1	-0.25934533474756	-0.894779878833064	4716	146	SULT2B1|DPEP2|AOC2|CYP19A1|CHAC1|AKR7L|POR|CYP4F2|CYP2S1|COMT|SULT1A2|CYP2F1|FDXR|FDX2|TBXAS1|TRMT112|SULT1A1|GGT7|EPHX1|UGDH|GSTP1|NNMT
REACTOME_BIOSYNTHESIS_OF_THE_N_GLYCAN_PRECURSOR_DOLICHOL_LIPID_LINKED_OLIGOSACCHARIDE_LLO_AND_TRANSFER_TO_A_NASCENT_PROTEIN	0.938428524265434	1	-0.241728066613888	-0.76050567406604	5684	73	NAGK|DPM3|FCSK|RENBP|AMDHD2|SRD5A3|ST6GALNAC6|ST8SIA5|ALG9|GMPPA|CTSA|ALG3|GFUS|ALG12|MVD|NUDT14|NEU1|ST8SIA1|MPI|DOLK|DPM2|ST3GAL3
REACTOME_BLOOD_GROUP_SYSTEMS_BIOSYNTHESIS	0.982796486090776	1	-0.249476258656511	-0.56972453523889	5369	15	ST6GALNAC6|RHCE|FUT1|ST3GAL3
REACTOME_BMAL1_CLOCK_NPAS2_ACTIVATES_CIRCADIAN_GENE_EXPRESSION	0.747409624683399	1	0.30732735786547	0.830512714170525	3245	26	BMAL2|NCOA2|NAMPT|CHD9|CLOCK|HELZ2|BHLHE40|PPARA|KLF15
REACTOME_BRANCHED_CHAIN_AMINO_ACID_CATABOLISM	0.67897598550068	1	0.335214625450739	0.861580716917653	2996	21	SLC25A44|HIBCH|AUH|DBT|ACAT1|PPM1K|DLD|BCAT1|HIBADH
REACTOME_BUDDING_AND_MATURATION_OF_HIV_VIRION	0.983939286974938	1	-0.233868035852497	-0.612488389539429	5574	27	UBA52|UBB|CHMP6|CHMP4A
REACTOME_BUTYRATE_RESPONSE_FACTOR_1_BRF1_BINDS_AND_DESTABILIZES_MRNA	0.945589298626175	1	-0.273786892168817	-0.645694904098168	5230	17	EXOSC4|EXOSC5|MAPKAPK2|EXOSC7|EXOSC2|DIS3
REACTOME_C_TYPE_LECTIN_RECEPTORS_CLRS	0.999685584027669	1	-0.197940129781283	-0.671157568444466	6358	127	PAK1|PYCARD|PSMB9|MUC5B|UBA52|FYN|UBB|IL1B|MUC1|IKBKG|PSMB5|PSMB6|ICAM2|PSMB10|TAB1|PSMD2|MALT1|ICAM3|PSMB4|CDC34|PSMA7|UBE2M|ITPR3|ITPR2|PSMD9|RELB|PSMC3|SEM1
REACTOME_CARBOXYTERMINAL_POST_TRANSLATIONAL_MODIFICATIONS_OF_TUBULIN	0.806513078122294	1	-0.285633515308754	-0.805714340515061	4655	39	AGBL3|TUBA3E|AGBL2|TTLL1|TPGS1|TUBB2B|TUBA1B|TUBB3|TUBA3C|TTLL12|TTLL11
REACTOME_CARDIOGENESIS	0.696534427724578	1	0.325348403142046	0.853858762099525	3054	23	MEF2C|SMAD4|GATA6|GATA4|CTNNB1
REACTOME_CD28_CO_STIMULATION	0.926800748362956	1	0.257228454041016	0.719578526079745	3962	30	SRC|YES1|PIK3CA|CD80|VAV1|PAK3
REACTOME_CD28_DEPENDENT_PI3K_AKT_SIGNALING	0.860100828231905	1	-0.302045868154204	-0.731469746608532	4776	19	FYN|AKT3|TRIB3|AKT2|PRR5|PDPK1|PIK3R3|PIK3R1|MAPKAP1
REACTOME_CDC42_GTPASE_CYCLE	0.92242355605889	1	0.230114722422561	0.842535478165857	3257	143	VAV2|ARHGAP11B|GNA13|PREX2|ARHGEF16|CPNE8|FGD4|CHN1|DEPDC1B|PLD1|DLC1|DOCK7|ARHGAP42|ITSN1|FMNL3|ARHGAP27|ECT2|FAM13B|ABR|DOCK10|ARHGEF25|PAK3
REACTOME_CELLULAR_RESPONSE_TO_CHEMICAL_STRESS	0.999849352214522	1	-0.196325079626746	-0.698319585007144	6636	194	COX6B2|COX8A|PSMB9|COX6A1|HBB|CCS|COX5B|SOD3|COX6B1|GPX8|UBA52|CYBA|UBB|AKT3|G6PD|DPP3|MAFK|TXNRD2|ATOX1|PSMB5|PSMB6|SLC7A11|PSMB10|PDGFA|PSMD2|RBX1|MUL1|BLVRB|AKT2|GSK3B|GSTP1|PSMB4|NUDT2|PSMA7|MAFG|BCL2L1|SESN2|TGS1|TXN2|PSMD9|CDKN1A|PSMC3
REACTOME_CHOLESTEROL_BIOSYNTHESIS	0.970349452876809	1	-0.2466906234331	-0.646070088673062	5497	27	SREBF1|NSDHL|LSS|HSD17B7|DHCR7|MVD|SREBF2|EBP|DHCR24|TM7SF2|PMVK
REACTOME_CHONDROITIN_SULFATE_BIOSYNTHESIS	0.772826482357221	1	-0.33899614118108	-0.786646263470773	4248	16	CHST12|DCN|NCAN|CSGALNACT2
REACTOME_CHROMATIN_MODIFYING_ENZYMES	0.813646788990826	1	-0.24198721773885	-0.885264895201757	5675	252	H2AC13|H4C4|H2AC20|H2AC7|H2AC8|H2AC11|H2AC15|HDAC10|H2BC13|H2BC17|H4C11|H4C3|HDAC8|H2AC16|ING4|H3C12|TADA2A|H4C14|CCND1|CHD4|HCFC1|KMT2B|H3C13|H4C2|PRDM16|TAF6L|CHD3|SMARCC2|BRD1|VPS72|H2BC5|KMT5C|MBD3|ING5|BRPF1|RPS2|H2AC12|H3C2|DOT1L|SETD1A|H2AC25|H2BC12|HMG20B|H2AZ2|KDM4B|H2BC18|SMARCA4|SUPT7L|SMARCD2|EHMT2|PRMT1|PHF2|ATXN7L3|SAP30L|ELP5|KAT5|DNMT3A|SMARCE1
REACTOME_CHROMOSOME_MAINTENANCE	0.8162238641723	1	-0.252406854184967	-0.855838433069058	5191	127	H4C4|H2AC20|H2AC7|H2AC8|POLR2L|POLR2F|H2BC13|CENPX|H2BC17|H4C11|H4C3|CENPT|H4C14|CHTF18|H4C2|LIG1|CTC1|H2BC5|POLR2E|POLD1|RFC2
REACTOME_CIRCADIAN_CLOCK	0.951921477291632	1	-0.238405187096437	-0.739833498799751	5721	67	ELOVL3|DBP|SREBF1|UBA52|SERPINE1|UBB|NFIL3|NR1D1|CSNK1D|RAI1|CRTC1|FBXL3|PER1|MEF2D|NOCT|CPT1A|TGS1|CRTC2
REACTOME_CITRIC_ACID_CYCLE_TCA_CYCLE	0.783601211274167	1	0.288161711762116	0.824121034267142	3363	33	SDHD|CS|NNT|FH|ACAT1|IDH3A|SUCLG1|SUCLA2|DLD|ISCA1|SUCLG2|SDHAF3
REACTOME_CLEC7A_DECTIN_1_SIGNALING	0.948142207965785	1	0.230276160299548	0.796614838241348	3546	96	SRC|PSMC6|PSMC1|PSMD5|TAB2|PSMA1|PSMA4|UBE2N|PPP3CB|PSMD6|CARD9|NFATC2|PSMD10|PPP3R1|SKP1|PSMA2|CHUK|PSMA6|UBE2D1|PSMC2|PSME4|FBXW11|PSMD14|PSMD11|UBE2V1|PSMC5
REACTOME_COBALAMIN_CBL_VITAMIN_B12_TRANSPORT_AND_METABOLISM	0.678788964528843	1	-0.347325682073943	-0.852447101596935	3788	20	TCN2|CUBN
REACTOME_CONSTITUTIVE_SIGNALING_BY_AKT1_E17K_IN_CANCER	0.973750863458439	1	0.24314230135845	0.657060842332392	4228	26	FOXO1|CDKN1B|RICTOR|CHUK|CREB1|AKT1S1
REACTOME_CONSTITUTIVE_SIGNALING_BY_LIGAND_RESPONSIVE_EGFR_CANCER_VARIANTS	0.833333333333333	1	0.306139573281214	0.758245283921416	3714	18	EGF|PIK3CA|NRAS|HSP90AA1|SOS1|GAB1
REACTOME_CONVERSION_FROM_APC_C_CDC20_TO_APC_C_CDH1_IN_LATE_ANAPHASE	0.765137943389466	1	-0.324636616703265	-0.796760957406018	4270	20	CDC26|ANAPC11
REACTOME_COOPERATION_OF_PREFOLDIN_AND_TRIC_CCT_IN_ACTIN_AND_TUBULIN_FOLDING	0.664334033123396	1	0.310811265560375	0.881500623129686	2847	32	CCT6B|VBP1|CCT8|TCP1|CCT4|TUBB1|CCT6A|PFDN5|TUBAL3|TUBB6|ACTB|PFDN1|TUBA1A|TUBA4A
REACTOME_COPI_DEPENDENT_GOLGI_TO_ER_RETROGRADE_TRAFFIC	0.996792815907633	1	-0.210407895755672	-0.686534156933765	6215	94	KLC4|KLC3|KIF1A|TMED9|COPE|TUBA3E|KIF4B|KIFC2|KIF5A|KLC2|KIFC1|TUBB2B|TUBA1B|STX18|TUBB3|KDELR3|KIF2C|TUBA3C|NBAS|KIF22|GBF1|USE1|ARF1|KIF9|TUBB4B|NAPA|TMED3|ARFGAP2
REACTOME_COPI_INDEPENDENT_GOLGI_TO_ER_RETROGRADE_TRAFFIC	0.932866457377445	1	0.24169628021889	0.752195823897184	3862	50	CAPZA1|CAPZA2|DCTN4|RAB6A|PLA2G4A|BICD1|DCTN6|ACTR10|TUBB1|RAB3GAP2|GALNT1|CAPZB|RAB6B|BICD2|DYNC1LI2|TUBAL3|TUBB6|PAFAH1B2|RAB3GAP1|TUBA1A|TUBA4A|DYNC1I2
REACTOME_COPI_MEDIATED_ANTEROGRADE_TRANSPORT	1	1	-0.192818615465933	-0.632094032327375	6285	97	TMEM115|TMED9|COPE|TUBA3E|SPTB|DYNC1H1|STX5|DCTN3|YKT6|TUBB2B|TUBA1B|TUBB3|KDELR3|COG7|GOLGA2|SPTBN1|TUBA3C|COG2|COG8|SPTA1|GBF1|SPTAN1|ARF1|TUBB4B|DCTN1|DYNLL2|COG4|DCTN2|NAPA|TMED3|ARFGAP2
REACTOME_CRISTAE_FORMATION	0.979268576752854	1	0.231637924426763	0.662467212200863	4203	33	MT-ATP8|MTX1|APOO|ATP5F1C|ATP5F1B|ATP5PB|CHCHD3|MTX2|HSPA9|ATP5MJ|IMMT
REACTOME_CROSS_PRESENTATION_OF_SOLUBLE_EXOGENOUS_ANTIGENS_ENDOSOMES	0.655563601255129	1	0.291715481526774	0.898219819829159	2715	47	PSMC6|PSMC1|PSMD5|PSMA1|PSMA4|PSMD6|PSMD10|PSMA2|PSMA6|PSMC2|PSME4|PSMD14|PSMD11|PSMC5
REACTOME_DAG_AND_IP3_SIGNALING	0.931083313665329	1	0.249430437643031	0.736179970605315	3944	38	CAMK2B|PRKAR1A|KPNA2
REACTOME_DAP12_INTERACTIONS	0.780974232262619	1	-0.30732590612071	-0.804870783719842	4424	27	LAT|TYROBP
REACTOME_DDX58_IFIH1_MEDIATED_INDUCTION_OF_INTERFERON_ALPHA_BETA	0.731032182758046	1	-0.280914537739011	-0.865468539006158	4383	64	IRF7|CYLD|UBA7|UBA52|RIGI|AGER|IRF3|NLRX1|UBB|ISG15|IKBKG|TRAF2|PIN1
REACTOME_DEACTIVATION_OF_THE_BETA_CATENIN_TRANSACTIVATING_COMPLEX	0.972059168818972	1	0.236805205303324	0.685907766497808	4139	35	TCF7|TLE4|BCL9|YWHAZ|APC|CTNNB1|TLE2
REACTOME_DEATH_RECEPTOR_SIGNALING	0.942174248265227	1	-0.231463834830904	-0.798932192774355	6109	147	AKAP13|CYLD|FGD3|SPPL2B|MAG|TRIO|RTN4R|CLIP3|ARHGEF17|UBA52|SMPD3|APH1B|TNFRSF1A|UBB|ARHGEF26|FGD1|FAS|ARHGEF10|PLEKHG2|TRADD|NCSTN|IKBKG|TRAF2|MIB2|TAB1|MADD|MAPKAPK2|ARHGEF1|SPATA2|STUB1|TNFRSF10A|PSEN1|ULK1|RBCK1|ARHGEF3|RNF31|LINGO1|CASP10|OBSCN|OTULIN|PSENEN|ARHGEF6|SHARPIN
REACTOME_DECTIN_1_MEDIATED_NONCANONICAL_NF_KB_SIGNALING	0.939461329379787	1	0.238070679466599	0.761665112250439	3801	59	PSMC6|PSMC1|PSMD5|PSMA1|PSMA4|PSMD6|PSMD10|SKP1|PSMA2|CHUK|PSMA6|PSMC2|PSME4|FBXW11|PSMD14|PSMD11|PSMC5
REACTOME_DEFECTIVE_CFTR_CAUSES_CYSTIC_FIBROSIS	0.751636180567209	1	-0.281217976544263	-0.851965693358445	4478	58	SEL1L|DERL3|PSMB9|RNF5|UBA52|UBB|OS9|PSMB5|PSMB6|PSMB10|PSMD2|PSMB4|PSMA7|PSMD9|PSMC3|SEM1
REACTOME_DEFECTIVE_INTRINSIC_PATHWAY_FOR_APOPTOSIS	0.71044776119403	1	0.320285722047839	0.848526574112247	3093	24	CAPN2|CAPN1|LMNB1|CDC25C|CAST|BCL2L11|CDK5R1|SOD2|C1QBP|PRDX2|PRDX1|CDC25A|CDC25B|TP53
REACTOME_DEFECTS_IN_VITAMIN_AND_COFACTOR_METABOLISM	0.801907160849226	1	-0.314937946334866	-0.785326186843838	4456	22	TCN2|CUBN
REACTOME_DEGRADATION_OF_AXIN	0.962781586679726	1	0.233073697017374	0.731375093401224	3931	53	PSMC6|PSMC1|PSMD5|PSMA1|PSMA4|PSMD6|TNKS2|PSMD10|PSMA2|PSMA6|PSMC2|TNKS|PSME4|PSMD14|PSMD11|PSMC5
REACTOME_DEGRADATION_OF_BETA_CATENIN_BY_THE_DESTRUCTION_COMPLEX	0.648400629260619	1	0.271199919652762	0.915657273862238	2472	82	TCF7|PSMC6|TLE4|PSMC1|PSMD5|PSMA1|PSMA4|PPP2R5E|PSMD6|PSMD10|SKP1|PSMA2|MYC|PSMA6|APC|PSMC2|CTNNB1|PPP2CA|PPP2R5C|PSME4|TLE2|PSMD14|PPP2R1B|PSMD11|PSMC5|AMER1
REACTOME_DEGRADATION_OF_DVL	0.911606268364349	1	0.246855277109026	0.779187730436227	3722	55	PSMC6|PSMC1|PSMD5|PSMA1|PSMA4|PSMD6|PSMD10|PSMA2|PSMA6|CUL3|KLHL12|PSMC2|PSME4|PSMD14|PSMD11|DVL3|PSMC5
REACTOME_DEGRADATION_OF_GLI1_BY_THE_PROTEASOME	0.791986148899332	1	0.265821839641469	0.84385592077588	3201	57	GLI1|PSMC6|PSMC1|PSMD5|PSMA1|PSMA4|PSMD6|PSMD10|SKP1|PSMA2|PSMA6|PSMC2|PSME4|PSMD14|PSMD11|ITCH|PSMC5|NUMB
REACTOME_DEPOLYMERIZATION_OF_THE_NUCLEAR_LAMINA	0.99396046852123	1	-0.231779829402698	-0.529311511625696	5430	15	LPIN3|CTDNEP1|LPIN2|LMNA|LEMD2|PRKCA|CNEP1R1
REACTOME_DEUBIQUITINATION	0.996275605214153	1	-0.208399915613914	-0.764569542571238	6954	261	H2AC13|H2AC20|SMAD7|H2AC7|H2AC8|H2AC11|H2AC15|CYLD|PSMB9|H2BC13|DDB2|H2BC17|OTUB1|TFPT|JOSD2|H2AC16|UCHL1|UBA52|RIGI|UBB|HCFC1|HGS|ESR1|AXIN2|USP20|NFRKB|IKBKG|PSMB5|PSMB6|H2BC5|TRAF2|USP19|FKBP8|PSMB10|BABAM1|H2AC12|TAB1|BAP1|PSMD2|MUL1|H2AC25|H2BC12|INO80C|NEDD8
REACTOME_DISEASES_ASSOCIATED_WITH_N_GLYCOSYLATION_OF_PROTEINS	0.768099547511312	1	0.318416435780464	0.807461272659161	3394	20	ALG11|MGAT2|ALG13|ALG6
REACTOME_DISEASES_OF_IMMUNE_SYSTEM	0.790177785601127	1	-0.302635482677222	-0.799276895143488	4488	28	CD14|TLR6|TIRAP|IKBKG
REACTOME_DISEASES_OF_MITOTIC_CELL_CYCLE	0.999291951852726	1	0.199319419822042	0.58828010732057	4233	38	CCNE2|CDC27|UBE2E1|CDKN1B|CDK2|RB1|UBE2D1|ANAPC10|TFDP2|SKP2|CDK6|ANAPC4|ANAPC1|CCND2|CDC16|CDC23|CCND3|E2F2
REACTOME_DISORDERS_OF_TRANSMEMBRANE_TRANSPORTERS	0.879220380601596	1	-0.241747399439651	-0.837531927153937	5728	152	APOA1|SEL1L|SLC22A18|ABCB4|DERL3|NUP210|PSMB9|RNF5|BSG|SLC3A2|SLC7A7|SLC2A9|UBA52|UBB|ABCB6|OS9|SLC12A6|PSMB5|PSMB6|KCNJ11|PSMB10|SLC39A4|ABCD1|PSMD2|HEPH
REACTOME_DNA_DAMAGE_BYPASS	0.914368650217707	1	0.248325156042745	0.766822371201113	3779	48	REV3L|DTL|RFC4|RCHY1|CUL4B|RFC5|RFC1|RPA2|PCNA|PCLAF|RFC3|CUL4A|POLD4|POLD3|WDR48|UBE2B|RPA3|UBE2L6|POLH|POLK
REACTOME_DNA_DAMAGE_RECOGNITION_IN_GG_NER	0.905117085862966	1	-0.26433220033087	-0.742144225560982	5217	38	DDB2|TFPT|UBA52|UBB|NFRKB|XPC|RBX1|INO80C|GPS1|INO80D|PARP1|RAD23A
REACTOME_DNA_DOUBLE_STRAND_BREAK_RESPONSE	0.69731353245453	1	-0.284064441027417	-0.88220203238785	4178	68	H4C4|H2BC13|H2BC17|H4C11|H4C3|UBA52|H4C14|UBB|H4C2|HERC2|H2BC5|BABAM1|BAP1|ABL1|H2BC12|RAD50|KDM4B|TP53BP1|UBXN1
REACTOME_DNA_REPAIR	0.906119027661358	1	-0.230839821273765	-0.861786027778828	6485	319	H4C4|H2AC20|NEIL1|H2AC7|H2AC8|POLR2L|POLR2F|FAAP20|MUTYH|XAB2|UVSSA|H2BC13|DDB2|FAAP100|CENPX|GTF2H4|H2BC17|H4C11|UBA7|TFPT|H4C3|UBA52|MPG|H4C14|PPIE|UBB|EME2|PPP4C|H4C2|LIG1|NFRKB|PNKP|HERC2|ISG15|H2BC5|POLE|POLR2E|POLD1|FANCA|RFC2|CHD1L|XPC|BABAM1|SIRT6|NTHL1|BAP1|ABL1|SLX4|RBX1|H2BC12|INO80C|PRPF19|GPS1|POLR2A|RAD50|H2AZ2|KDM4B|FANCG|ADPRS|POLR2J|TP53BP1|INO80D|ACD|POLM|UBXN1|ELL|NEIL2|TIMELESS|ERCC2|PARP1|FANCE|ATRIP|FAAP24|KAT5|RAD23A
REACTOME_DNA_REPLICATION	0.96543359611886	1	-0.225394650094817	-0.790131982569273	6367	169	H4C4|H2AC20|H2AC7|H2AC8|CDC26|ANAPC11|PSMB9|H2BC13|H2BC17|H4C11|H4C3|UBA52|H3C12|H4C14|UBB|H3C13|H4C2|LIG1|PSMB5|PSMB6|H2BC5|POLE|POLD1|RFC2|PSMB10|H3C2|PSMD2|RBX1|H2BC12|FZR1|H2AZ2|PSMB4|ANAPC2|PSMA7|POLA2|MCM2|MCM3|MCM7|PSMD9|PSMC3
REACTOME_DNA_REPLICATION_PRE_INITIATION	0.686862442040185	1	-0.264453367381945	-0.910100463856877	4443	143	H4C4|H2AC20|H2AC7|H2AC8|CDC26|ANAPC11|PSMB9|H2BC13|H2BC17|H4C11|H4C3|UBA52|H3C12|H4C14|UBB|H3C13|H4C2|PSMB5|PSMB6|H2BC5|POLE|PSMB10|H3C2|PSMD2|H2BC12|FZR1|H2AZ2|PSMB4|ANAPC2|PSMA7|POLA2|MCM2|MCM3|MCM7|PSMD9|PSMC3|SEM1|PSMB3|POLE3|H2AX|H2BC4|H3-3B|MCM6|UBE2S|UBC|MCM8|ANAPC15
REACTOME_DOWNREGULATION_OF_ERBB2_SIGNALING	0.910430577941515	1	0.269040788249555	0.727048176978523	3953	26	EGF|NRG4|ERBIN|USP8|HBEGF|PTPN12|CUL5|HSP90AA1
REACTOME_DOWNREGULATION_OF_SMAD2_3_SMAD4_TRANSCRIPTIONAL_ACTIVITY	0.93126022913257	1	0.255288471568145	0.718788217537656	3982	31	SMAD4|SMAD2|PPM1A|SKIL|MAPK1|WWTR1|UBE2D3|SNW1|UBE2D1|NCOR1|TRIM33|NCOR2|STAT1
REACTOME_DOWNREGULATION_OF_TGF_BETA_RECEPTOR_SIGNALING	0.739120423670274	1	0.308957566508964	0.834918143659707	3209	26	TGFBR2|STRAP|PPP1CB|PPP1CC|SMAD2
REACTOME_DOWNSTREAM_SIGNALING_EVENTS_OF_B_CELL_RECEPTOR_BCR	0.991136600625652	1	0.216160572440569	0.724481625101673	3801	79	PSMC6|PSMC1|PSMD5|PSMA1|PSMA4|PPP3CB|PSMD6|NFATC2|REL|NRAS|PSMD10|PPP3R1|SKP1|PSMA2|CHUK|PSMA6|PSMC2|PSME4|FBXW11|PSMD14|PSMD11|PSMC5
REACTOME_DOWNSTREAM_SIGNALING_OF_ACTIVATED_FGFR3	0.876462646264626	1	0.284684071894991	0.742095997196532	3894	22	FGF5|PIK3CA|NRAS|SOS1|GAB1|PTPN11|SHC1
REACTOME_DOWNSTREAM_SIGNALING_OF_ACTIVATED_FGFR4	0.984473447344735	1	0.232097222315185	0.605016004211379	4374	22	PIK3CA|NRAS|SOS1|GAB1|PTPN11|SHC1|FGFR4
REACTOME_DUAL_INCISION_IN_GG_NER	0.888046848088185	1	-0.266857622338178	-0.760304184080679	5155	41	DDB2|GTF2H4|UBA52|UBB|POLE|POLD1|RFC2|CHD1L|RBX1|ERCC2|PARP1
REACTOME_EGFR_DOWNREGULATION	0.935147552571126	1	-0.266742231484614	-0.692517611246841	5291	26	EREG|UBA52|UBB|HGS|PTPN3
REACTOME_EGR2_AND_SOX10_MEDIATED_INITIATION_OF_SCHWANN_CELL_MYELINATION	0.670734515311996	1	0.323305673091728	0.873692058953235	2912	26	HDAC2|NAB1|UTRN|LAMA2|POU3F1|WWTR1|EGR2
REACTOME_ENDOSOMAL_SORTING_COMPLEX_REQUIRED_FOR_TRANSPORT_ESCRT	0.896262661543835	1	-0.273330444637529	-0.732704178754504	5131	30	UBA52|UBB|HGS|CHMP6|CHMP4A|VPS36|CHMP7|MVB12A|UBC|CHMP4B|VPS25|VPS28
REACTOME_EPH_EPHRIN_MEDIATED_REPULSION_OF_CELLS	0.851957295373665	1	0.266614619049678	0.7955704196303	3590	40	VAV2|EFNA2|SRC|YES1|EFNB2|CLTCL1|CLTC|ADAM10
REACTOME_EPIGENETIC_REGULATION_OF_GENE_EXPRESSION	0.767971014492754	1	-0.246955445128236	-0.897313773172647	5298	235	H4C4|H2AC20|ZNF331|H2AC7|H2AC8|ZNF224|POLR2L|POLR2F|TASP1|H2BC13|GTF2H4|H2BC17|H4C11|H4C3|CXXC1|SPOCD1|H3C12|TADA2A|H4C14|CHD4|HCFC1|KMT2B|H3C13|ZNF534|H4C2|AKAP8L|CHD3|SMARCC2|H2BC5|POLR2E|MBD3|DPF1|POLR1C|H3C2|SAP30BP|MYBBP1A|SETD1A|POLR1H|H2BC12|GSK3B|H2AZ2|ZNF324|TAF1D|POLR1G|SMARCA4|ZNF519|SMARCD2|EHMT2|ERCC2|DNMT1|BCL7A|SAP30L|POLR1A|DNMT3A|SMARCE1|TAF1C|UHRF1|KMT2D|MPHOSPH8|MYO1C|PHF19|H2AX|H2BC4|H3-3B|SETDB1|BAZ2A|TET2|MBIP|MEN1|PAGR1|PHF1|TRIM28|BCL7B|KMT2A|ZNF778|ERCC3|TET1|KAT2A|CBX5|KAT8|UBTF|RRP8|PAXIP1|TAF1B|TADA3|ZNF273|SMARCA2
REACTOME_ER_TO_GOLGI_ANTEROGRADE_TRANSPORT	0.98322433892522	1	0.214478036348938	0.788521440708637	3457	147	TRAPPC6B|SEC24B|CAPZA1|CNIH1|CAPZA2|PPP6C|DCTN4|ARF4|COG6|TMED2|SEC22A|SAR1B|F5|COPZ2|SCFD1|CNIH3|ANKRD28|TMED7|DCTN6|TRAPPC2|ACTR10|SEC23A|TUBB1|SEC24A|SEC23IP|CAPZB|ARCN1|USO1|RAB1A|TFG|STX17|GOLGB1|COPB1|COPB2|SPTBN4|DYNC1LI2|LMAN1|GORASP1|KDELR2|SEC31A|TUBAL3|RAB1B|TUBB6|SEC22C|SEC22B
REACTOME_ERK_MAPK_TARGETS	0.782628262826283	1	0.307246226141705	0.800909559343394	3477	22	MEF2A|MEF2C|MAPK1|RPS6KA2|ELK1|PPP2CA|MAPK14|PPP2R1B
REACTOME_ESR_MEDIATED_SIGNALING	0.868377607684226	1	-0.239923806122464	-0.852303296614141	5785	190	H4C4|H2AC20|IGF1R|H2AC7|H2AC8|GNG8|POLR2L|POLR2F|PRKCZ|H2BC13|GNB3|H2BC17|EREG|H4C11|H4C3|H3C12|H4C14|CCND1|HSPB1|FOS|AKT3|GREB1|H3C13|ESR1|H4C2|H2BC5|POLR2E|CTSD|KANK1|SPHK1|NOS3|H3C2|GNB5|H2BC12|STAG1|GPAM|AKT2|POLR2A|H2AZ2|KDM4B
REACTOME_ESTROGEN_DEPENDENT_GENE_EXPRESSION	0.71140625	1	-0.264030270872823	-0.897703398327362	4552	129	H4C4|H2AC20|H2AC7|H2AC8|POLR2L|POLR2F|H2BC13|H2BC17|H4C11|H4C3|H3C12|H4C14|CCND1|FOS|GREB1|H3C13|ESR1|H4C2|H2BC5|POLR2E|CTSD|KANK1|H3C2|H2BC12|STAG1|GPAM|POLR2A|H2AZ2|KDM4B
REACTOME_FACTORS_INVOLVED_IN_MEGAKARYOCYTE_DEVELOPMENT_AND_PLATELET_PRODUCTION	0.999227321897697	1	-0.202089000178411	-0.694994851534529	6465	142	KLC4|KLC3|KIF1A|HBB|DOCK4|TUBA3E|KIF4B|KIFC2|H3C12|DOCK6|H3C13|SH2B2|MAFK|KIF5A|KLC2|H3C2|ABL1|KIFC1|RBSN|HMG20B|TUBB2B|TUBA1B|NFE2|CDC42|TUBB3|MAFG|GATA2|MICAL1|IRF1|KIF2C|TUBA3C|HBE1|GATA1
REACTOME_FATTY_ACID_METABOLISM	0.986406117247239	1	0.214088151201881	0.783358809753555	3482	142	MLYCD|ACBD7|SLC27A3|ACOX3|HACD2|PECR|PPT1|ALOX12|ACSF2|PTGS1|PTGES3|SCP2|ACOT11|PLA2G4A|ACSL4|PCCA|ACSL1|ACBD4|ACLY|DECR1|ACBD5|HACD3|ELOVL5|ELOVL6|HSD17B12|HACD1|ACACA|ACOT13|GGT1|LTA4H|ACSM3|ACOT7|SLC25A17|SLC27A2|ACADM|ACOT9|ELOVL7|ECI2|SLC25A20|MMUT|HADHB|HSD17B4|ACSL3|DBI|CBR4|MMAA|THEM4
REACTOME_FCGAMMA_RECEPTOR_FCGR_DEPENDENT_PHAGOCYTOSIS	0.643102991792428	1	0.271076441339697	0.918251063856118	2428	85	VAV2|CD3G|SRC|ACTR3|PLD1|YES1|PIK3CA|ELMO1|VAV1|MAPK1|NCKAP1|LIMK1|WIPF1|ARPC3|ACTR2|PTK2|ABI1|WAS|WIPF2|NCK1
REACTOME_FLT3_SIGNALING	0.837363019655592	1	-0.281978622118763	-0.783634267202766	4813	36	FLT3LG|UBA52|FYN|UBB|AKT3
REACTOME_FLT3_SIGNALING_IN_DISEASE	0.948072522443232	1	-0.257263898485084	-0.679448054784039	5385	28	FLT3LG|UBA52|UBB|BCL2L1|SPTBN1|CDKN1A|UBC|GAB2|GRB2|PIK3R1
REACTOME_FORMATION_OF_ATP_BY_CHEMIOSMOTIC_COUPLING	0.937782805429864	1	0.267266890984575	0.67775290369387	4144	20	MT-ATP8|ATP5F1C|ATP5F1B
REACTOME_FORMATION_OF_INCISION_COMPLEX_IN_GG_NER	0.895518811406662	1	0.255709828750622	0.773361079613803	3736	43	CUL4B|UBE2N|SUMO1|RAD23B|GTF2H2|UBE2V2|CCNH|USP45|RPA2|CETN2|ERCC5|PIAS1|GTF2H1|SUMO3|ERCC4|CUL4A|SUMO2|GTF2H5|MNAT1|RPA3|PIAS3|XPA
REACTOME_FORMATION_OF_RNA_POL_II_ELONGATION_COMPLEX	0.997314985735862	1	-0.207307390548295	-0.626563547080037	5942	57	POLR2L|POLR2F|GTF2H4|POLR2E|SUPT5H|POLR2A|POLR2J|ELL|SUPT6H|ERCC2|NELFB|EAF2
REACTOME_FORMATION_OF_SENESCENCE_ASSOCIATED_HETEROCHROMATIN_FOCI_SAHF	0.720354302241504	1	-0.34704055302919	-0.818455240246449	3984	17	CABIN1|H1-5|CDKN1A|HMGA1|HIRA|H1-3
REACTOME_FORMATION_OF_THE_EARLY_ELONGATION_COMPLEX	0.724294972849886	1	-0.310017902664262	-0.84604456280039	4134	33	POLR2L|POLR2F|GTF2H4|POLR2E|SUPT5H|POLR2A|POLR2J|ERCC2|NELFB
REACTOME_FORMATION_OF_TUBULIN_FOLDING_INTERMEDIATES_BY_CCT_TRIC	0.691916859122402	1	0.322536107182413	0.862017881798645	2995	25	CCT6B|CCT8|TCP1|CCT4|TUBB1
REACTOME_FOXO_MEDIATED_TRANSCRIPTION_OF_CELL_DEATH_GENES	0.670515097690941	1	0.357836772089404	0.857074955690211	3019	16	FOXO1|NFYA|NFYB|CITED2|EP300|FOXO4|BCL2L11
REACTOME_FRS_MEDIATED_FGFR2_SIGNALING	0.808597285067873	1	0.308561068543088	0.782469386318527	3573	20	FGF5
REACTOME_FRS_MEDIATED_FGFR3_SIGNALING	0.940492170022371	1	0.273068635190155	0.665130602299902	4203	17	FGF5
REACTOME_FRS_MEDIATED_FGFR4_SIGNALING	0.877259580621837	1	-0.303140133346081	-0.714921148264879	4852	17	FGF17|FGF2|FRS3|GRB2
REACTOME_G_ALPHA_Z_SIGNALLING_EVENTS	0.763381257578382	1	-0.293853109361957	-0.828900151867483	4406	39	GNG8|RGS20|GNB3|RGS17
REACTOME_G_BETA_GAMMA_SIGNALLING_THROUGH_PI3KGAMMA	0.754294917680744	1	-0.326360246045864	-0.807251067700117	4214	21	GNG8|GNB3|AKT3|GNB5|AKT2
REACTOME_G_PROTEIN_ACTIVATION	0.726800429953422	1	-0.335123322668456	-0.822498651353521	4056	20	GNG8|GNB3|GNA11|GNB5
REACTOME_G1_S_DNA_DAMAGE_CHECKPOINTS	0.791708291708292	1	0.261533410647168	0.851361986606628	3169	65	CCNE2|PSMC6|PSMC1|PSMD5|CCNA2|PSMA1|PSMA4|COP1|PSMD6|CDKN1B|CDK2|PSMD10|PSMA2|PSMA6|PSMC2|PSME4|PSMD14|PSMD11|PSMC5|ATM
REACTOME_GABA_SYNTHESIS_RELEASE_REUPTAKE_AND_DEGRADATION	0.720080029101491	1	-0.352778071361742	-0.81862746491531	3958	16	STX1A|SLC6A13
REACTOME_GAP_FILLING_DNA_REPAIR_SYNTHESIS_AND_LIGATION_IN_GG_NER	0.733603667136813	1	-0.320175727060101	-0.824687198315719	4160	25	UBA52|UBB|LIG1|POLE|POLD1|RFC2
REACTOME_GAP_JUNCTION_ASSEMBLY	0.918489523370942	1	0.266129821383934	0.719181662883522	3988	26	GJC2|GJC1|TUBB1
REACTOME_GENE_AND_PROTEIN_EXPRESSION_BY_JAK_STAT_SIGNALING_AFTER_INTERLEUKIN_12_STIMULATION	0.710691823899371	1	0.300685994199497	0.859939549269124	3050	33	CAPZA1|TCP1|RAP1B|LCP1|LMNB1|HSPA9|HNRNPA2B1|GSTO1|PAK2|SOD2|PDCD4|SNRPA1|TALDO1|HNRNPDL
REACTOME_GLOBAL_GENOME_NUCLEOTIDE_EXCISION_REPAIR_GG_NER	0.815	1	0.253047381730308	0.85669885448273	3096	84	COPS2|COPS8|RFC4|CUL4B|UBE2N|SUMO1|COPS3|RAD23B|GTF2H2|UBE2V2|CCNH|USP45|COPS5|RFC5|ACTL6A|COPS4|RFC1|RPA2|CETN2|ERCC5|PCNA|PIAS1|ACTR8|GTF2H1|RFC3|SUMO3|ERCC4|CUL4A|SUMO2|GTF2H5|POLD4|POLD3|MNAT1|RPA3|ACTB|POLK|PIAS3|XPA|ACTR5|COPS7A|POLE2|INO80E|CDK7
REACTOME_GLUCAGON_SIGNALING_IN_METABOLIC_REGULATION	0.747617366749029	1	-0.314828477450947	-0.824519633186214	4235	27	GNG8|GNB3
REACTOME_GLUCONEOGENESIS	0.999283410963812	1	-0.195407730821947	-0.479592389408567	5577	20	ENO3|SLC37A4|PCK2
REACTOME_GLUTAMATE_NEUROTRANSMITTER_RELEASE_CYCLE	0.805087782156933	1	-0.314328751312481	-0.771462194805001	4493	20	STX1A|PPFIA4|TSPOAP1|VAMP2|UNC13B|PPFIA3
REACTOME_GLUTATHIONE_CONJUGATION	0.988238007380074	1	0.227665281167782	0.621937820149161	4284	27	GCLM|ESD|GSTM2|CHAC2|MGST1|CNDP2|GGCT|GGT1
REACTOME_GLYCOSPHINGOLIPID_BIOSYNTHESIS	0.707508992805756	1	0.335447591246604	0.841319880198613	3146	19	ST3GAL5|B3GALT4|B3GNT5|UGCG|B4GALT5|UGT8|B3GALNT1
REACTOME_GOLGI_ASSOCIATED_VESICLE_BIOGENESIS	0.722290188402251	1	0.277643189862797	0.87445465105326	2951	54	DNAJC6|CPD|PIK3C2A|AP1S2|YIPF6|PICALM|AP3S1|OCRL|AP1G1|SNX2|CLTC|AP3B1|PUM1|AP4E1|TFRC|GOLGB1
REACTOME_GOLGI_TO_ER_RETROGRADE_TRANSPORT	0.992035155177149	1	0.209350653084997	0.755998598448751	3611	127	CAPZA1|CAPZA2|KIF18A|KIF11|KIF20B|DCTN4|KIF3C|RINT1|ARF4|TMED2|RAB6A|COPZ2|PLA2G4A|KIF3A|BICD1|KIF27|TMED7|DCTN6|ZW10|KIF5B|ACTR10|KIF15|TUBB1|RAB3GAP2|RACGAP1|GALNT1|CAPZB|ARCN1|RAB1A|RAB6B|CENPE|COPB1|COPB2|BICD2|KIF2A|KIF13B|DYNC1LI2|KIF16B
REACTOME_GPVI_MEDIATED_ACTIVATION_CASCADE	0.849391955098223	1	0.279616824882926	0.7822084203961	3631	30	VAV2|PTPN6|PIK3CA|VAV1|FCER1G|RHOA
REACTOME_HDMS_DEMETHYLATE_HISTONES	0.900086730268864	1	-0.26564217163474	-0.74582212646598	5188	38	H4C4|H4C11|H4C3|H3C12|H4C14|H3C13|H4C2
REACTOME_HEDGEHOG_LIGAND_BIOGENESIS	0.658195893638506	1	-0.293280329930168	-0.89629605530004	3910	62	SEL1L|DHH|PSMB9|UBA52|DISP2|UBB|OS9|PSMB5|PSMB6|PSMB10|SYVN1|PSMD2|PSMB4|PSMA7|PSMD9|PSMC3|SEM1|P4HB|PSMB3
REACTOME_HEDGEHOG_OFF_STATE	0.997833739507176	1	0.202067201126693	0.711446396580485	3684	107	KIF7|GLI1|PSMC6|PSMC1|PSMD5|PSMA1|PSMA4|WDR35|PRKAR1A|PSMD6|KIF3A|IFT57|TUBB1|RPGRIP1L|PSMD10|SKP1|PSMA2|PSMA6|PSMC2|PSME4|PSMD14|PSMD11|ITCH|PSMC5|NUMB|GPR161
REACTOME_HEME_SIGNALING	0.933378886231636	1	-0.25154784282694	-0.728703775654968	5463	45	APOA1|SLC46A1|HBB|NR1D1|MAFK|RAI1|CRTC1|MEF2D|TGS1|CRTC2|TBL1X|USP46|RXRA
REACTOME_HIV_TRANSCRIPTION_ELONGATION	0.760657421674371	1	-0.2907638835776	-0.832834910722408	4442	42	POLR2L|POLR2F|GTF2H4|POLR2E|SUPT5H|POLR2A|POLR2J|ELL|ERCC2|NELFB
REACTOME_HIV_TRANSCRIPTION_INITIATION	0.997269158559481	1	-0.212897859656872	-0.621847321369323	5842	47	POLR2L|POLR2F|GTF2H4|TAF15|POLR2E|POLR2A|POLR2J|ERCC2|TAF6
REACTOME_HOMOLOGY_DIRECTED_REPAIR	0.896523178807947	1	0.233135474806275	0.846830850842134	3248	132	H4C5|H2BC6|RAD52|H4C12|RMI1|NBN|RFC4|GEN1|H2BC21|CCNA2|H2BC26|UBE2N|DNA2|H2BC7|RAD9B|UBE2V2|TIPIN|HUS1|RFC5|CDK2|RFC1|RBBP8|RPA2|ABRAXAS1|ATR|PCNA|H2BC8|BRIP1|WRN|RNF168|PALB2|H4C8|BLM|RFC3|ATM|RMI2|XRCC2|RAD51AP1|EXO1|ERCC4|SUMO2|POLD4|POLD3|RAD17|FEN1|POLQ|RPA3|BRCA1|BRCC3
REACTOME_HYALURONAN_METABOLISM	0.830527086383602	1	-0.324963534518442	-0.742113496771705	4537	15	SLC9A1|HAS1|HYAL3|HEXA
REACTOME_INACTIVATION_OF_CSF3_G_CSF_SIGNALING	0.994710860366714	1	-0.222852249900691	-0.574007902774145	5641	25	UBA52|UBB|SOCS3|TYK2
REACTOME_INCRETIN_SYNTHESIS_SECRETION_AND_INACTIVATION	0.68995152049361	1	0.356447670250824	0.841484143982112	3130	15	GATA4|SPCS1|SPCS2|CTNNB1|PAX6
REACTOME_INFECTION_WITH_MYCOBACTERIUM_TUBERCULOSIS	0.947813822284908	1	-0.261868386038866	-0.674503053660008	5375	25	UBA52|UBB|HGS|TRIM27|VPS33B|ATP6V1H|RNF213|UBC|B2M
REACTOME_INHIBITION_OF_THE_PROTEOLYTIC_ACTIVITY_OF_APC_C_REQUIRED_FOR_THE_ONSET_OF_ANAPHASE_BY_MITOTIC_SPINDLE_CHECKPOINT_COMPONENTS	0.848067287043665	1	-0.301907503511323	-0.746767284033553	4738	21	CDC26|ANAPC11
REACTOME_INSERTION_OF_TAIL_ANCHORED_PROTEINS_INTO_THE_ENDOPLASMIC_RETICULUM_MEMBRANE	0.65748031496063	1	-0.349946403475775	-0.865591355768055	3673	21	STX1A|SEC61B|GET3|STX5|UBE2J2|VAMP2|SGTA|UBL4A|BAG6|GET4
REACTOME_INSULIN_PROCESSING	0.846688034188034	1	-0.299953362069089	-0.757062785190462	4754	23	STX1A|ERO1B|KIF5A|VAMP2|EXOC2|P4HB|RAB27A|MYO5A|EXOC1
REACTOME_INSULIN_RECEPTOR_RECYCLING	0.984333744059145	1	-0.23362060977156	-0.617004833563737	5591	28	TCIRG1|ATP6V1F|CTSD|ATP6V0A1|ATP6V0A2|ATP6V0B|ATP6V1H
REACTOME_INSULIN_RECEPTOR_SIGNALLING_CASCADE	0.978061716489875	1	0.22874367237558	0.69700680341407	4056	45	FGF5|PDE3B|PIK3CA|MAPK1|FGFR1|PIK3C3|NRAS
REACTOME_INTEGRATION_OF_ENERGY_METABOLISM	0.862892880051315	1	-0.251062076827406	-0.819183570244399	5380	94	GNG8|STX1A|MARCKS|MLXIPL|GNB3|CACNA2D2|CACNA1A|GNA11|KCNJ11|STK11|ACACB|PRKAB2|GNB5|FASN|CACNB3|ITPR3|ITPR2|VAMP2|ADCY3
REACTOME_INTERACTION_BETWEEN_L1_AND_ANKYRINS	0.943806326206044	1	-0.262847002034664	-0.68240479566858	5340	26	SCN5A|L1CAM
REACTOME_INTERFERON_SIGNALING	0.940023235550392	1	-0.2279379704605	-0.828119957611051	6472	237	TRIM45|SMAD7|TRIM29|IRF7|IFI30|CIITA|NUP210|FAAP20|MT2A|IFITM1|FAAP100|CENPX|UBA7|TRIM62|IFITM2|IFI35|IFIT2|TUBA3E|TRIM46|UBA52|RIGI|TRIM10|DUS2|ICAM1|IRF3|UBB|IP6K2|MX1|IFITM3|GBP2|TRIM26|SP100|ISG15|IKBKG|FANCA|PIN1
REACTOME_INTERLEUKIN_12_FAMILY_SIGNALING	0.98817282162684	1	0.221585191723161	0.682281961672713	4093	47	IL12RB2|CAPZA1|TCP1|RAP1B|JAK2|LCP1|LMNB1|HSPA9|HNRNPA2B1|STAT1|CANX|GSTO1|PAK2|IL23R|SOD2|JAK1|PDCD4
REACTOME_INTERLEUKIN_17_SIGNALING	0.712895984035919	1	0.270506633173425	0.888829222971913	2857	68	MEF2A|TAB2|MEF2C|UBE2N|MAPK8|MAPK1|RPS6KA2|ELK1|IL17RE|ATF2|SKP1|CHUK|CREB1|NOD1|MAPK9|PPP2CA|MAPK14|FBXW11|PPP2R1B|ATF1|RIPK2|UBE2V1|MAP2K4
REACTOME_INTERLEUKIN_3_INTERLEUKIN_5_AND_GM_CSF_SIGNALING	0.922134102379236	1	0.251305712339848	0.755166972298995	3836	42	PTPN6|YES1|PIK3CA|VAV1|JAK3|YWHAZ|JAK2
REACTOME_INTERLEUKIN_4_AND_INTERLEUKIN_13_SIGNALING	0.921077959576516	1	-0.240697415200509	-0.786388720529312	5741	95	TWIST1|LAMA5|MMP1|ITGAX|LBP|ICAM1|CCND1|FOS|IL2RG|TIMP1|IL1B|MUC1|BCL6|JUNB|IL23A|ITGB1|TNFRSF1B|FGF2|COL1A2|SOCS3|BCL2L1|TYK2|VEGFA|CDKN1A
REACTOME_INTERLEUKIN_7_SIGNALING	0.865516634395353	1	-0.284473673518607	-0.751310561830322	4916	28	IRS1|H3C12|IL2RG|H3C13|IRS2|H3C2|SMARCA4
REACTOME_INTERLEUKIN_RECEPTOR_SHC_SIGNALING	0.862709560489352	1	0.291515167796592	0.749262795216158	3807	21	PTPN6|PIK3CA|JAK3|JAK2
REACTOME_INTRA_GOLGI_AND_RETROGRADE_GOLGI_TO_ER_TRAFFIC	0.992855016373921	1	0.208893412438517	0.796994926030566	3334	193	CAPZA1|SCOC|NAA30|GCC1|CAPZA2|KIF18A|VPS54|KIF11|KIF20B|DCTN4|KIF3C|RINT1|USP6NL|ARF4|COG6|TMED2|RAB6A|RIC1|ARL1|GCC2|COPZ2|PLA2G4A|RAB36|CYTH4|KIF3A|BICD1|KIF27|TMED7|TMF1|GOLGA4|DCTN6|ZW10|KIF5B|TRIP11|ACTR10|KIF15|TUBB1|RAB3GAP2|RACGAP1|MAN1A2|GALNT1|VAMP3|CAPZB|ARCN1|RAB1A|RAB6B|CENPE|COPB1|COPB2|BICD2|KIF2A|KIF13B|DYNC1LI2|KIF16B|NAA35|RAB9A|KIF23|VPS51|KDELR2|GOLGA5|TUBAL3|RAB1B
REACTOME_INTRAFLAGELLAR_TRANSPORT	0.983349657198825	1	0.224646703971366	0.704931556850396	4015	53	DYNC2LI1|IFT56|KIF3C|WDR35|DYNLT2|KIF3A|IFT57|IFT74|TRIP11|IFT70A|TUBB1|TNPO1|CLUAP1
REACTOME_INTRINSIC_PATHWAY_FOR_APOPTOSIS	0.811353070712014	1	0.264125824835578	0.831880861565115	3315	54	TP63|YWHAQ|YWHAG|MAPK8|MAPK1|BMF|YWHAZ|BCL2|CASP3|PPP3R1|YWHAH|TFDP2|BAK1|CARD8|BCL2L11|YWHAB|PMAIP1|APIP
REACTOME_IRON_UPTAKE_AND_TRANSPORT	0.742742070817251	1	-0.283410618793587	-0.856577096078441	4425	57	SLC46A1|TCIRG1|UBA52|HFE|UBB|ATP6V1F|HEPH|NEDD8|MCOLN1|TFR2|ATP6V0A1|ATP6V0A2|ATP6V0B
REACTOME_IRS_MEDIATED_SIGNALLING	0.929842750993606	1	-0.257530872998552	-0.730002740490159	5380	40	FLT3LG|IRS1|FGF17|IRS2|TRIB3|FGFR3|FGF2|AKT2
REACTOME_JNK_C_JUN_KINASES_PHOSPHORYLATION_AND_ACTIVATION_MEDIATED_BY_ACTIVATED_HUMAN_TAK1	0.860217489805165	1	0.2920406683306	0.750613455636246	3796	21	TAB2|UBE2N|MAPK8|NOD1|MAPK9|RIPK2|UBE2V1|MAP2K4
REACTOME_KERATAN_SULFATE_BIOSYNTHESIS	0.772919605077574	1	-0.31244390824477	-0.804772097145344	4383	25	B3GNT4|SLC35D2|B4GALT2|ST3GAL3|CHST2|ST3GAL2
REACTOME_KIDNEY_DEVELOPMENT	0.726113537117904	1	-0.312035663275101	-0.841987078959592	4156	31	WNT11|ITGB1|FGF2|HOXB4
REACTOME_KSRP_KHSRP_BINDS_AND_DESTABILIZES_MRNA	0.875632682574114	1	-0.303717038643676	-0.716281713074441	4843	17	MAPK11|EXOSC4|EXOSC5
REACTOME_L1CAM_INTERACTIONS	0.745932754880694	1	0.25448285710239	0.893252439504508	2750	105	VAV2|DPYSL2|SRC|SCN2A|RDX|SDCBP|RANBP9|MAPK1|SCN4A|FGFR1|KCNQ2|RPS6KA2|SCN8A|SHTN1|ITGA2B|DLG1|CD24|TUBB1|CLTC
REACTOME_LATE_ENDOSOMAL_MICROAUTOPHAGY	0.76745406824147	1	-0.302431536117746	-0.820172821225794	4385	32	HBB|UBA52|UBB|CHMP6|CHMP4A|PCNT|RNASE1|CHMP7|HDAC6|MVB12A|UBC|CHMP4B|VPS28
REACTOME_LEISHMANIA_INFECTION	0.718127028280019	1	-0.260957011372141	-0.897445082193299	4646	142	DPEP2|WIPF3|C3|CYFIP2|GNG8|FZD7|PYCARD|NOXA1|P2RX4|GNB3|GSDMD
REACTOME_LISTERIA_MONOCYTOGENES_ENTRY_INTO_HOST_CELLS	0.926899531868923	1	-0.279499770270249	-0.67686946815755	5147	19	UBA52|UBB|HGS|MET
REACTOME_LYSOSOME_VESICLE_BIOGENESIS	0.8351725345945	1	-0.286508851726896	-0.78188793006652	4767	33	HGS|GNS|CLTA|AP1B1|DNASE2|AP1M1|AP1S1|CTSZ|VAMP2|AP1G2|AP4B1|AP4M1|ARF1|VAMP8|M6PR
REACTOME_MAP3K8_TPL2_DEPENDENT_MAPK1_3_ACTIVATION	0.834667151691524	1	-0.319732080811452	-0.741943686455455	4588	16	UBA52|UBB|IKBKG|TNIP2
REACTOME_MATERNAL_TO_ZYGOTIC_TRANSITION_MZT	0.7223291626564	1	-0.270459781453341	-0.883626113369583	4502	95	H4C4|H2AC20|H2AC7|H2AC8|H2BC13|H2BC17|H4C11|H4C3|H3C12|H4C14|H3C13|H4C2|TNKS1BP1|H2BC5|RPS2|H3C2
REACTOME_MATURATION_OF_SPIKE_PROTEIN	0.988507748563469	1	-0.226149778869467	-0.625281208906385	5676	35	MGAT4A|MOGS|MAN1B1|PRKCSH
REACTOME_MATURATION_OF_TCA_ENZYMES_AND_REGULATION_OF_TCA_CYCLE	0.927803654604084	1	-0.276972523601879	-0.679778194219871	5178	20	SDHAF4|SDHAF2|SDHA|ISCA2|CSKMT|FXN|SDHAF1|SDHB
REACTOME_MECP2_REGULATES_NEURONAL_RECEPTORS_AND_CHANNELS	0.886002886002886	1	-0.296132204282159	-0.707878431897899	4911	18	MET|TRPC3|SLC2A3
REACTOME_METABOLIC_DISORDERS_OF_BIOLOGICAL_OXIDATION_ENZYMES	0.743300423131171	1	-0.318110974090327	-0.819368945875123	4215	25	CYP19A1|FDXR|FDX2|TBXAS1
REACTOME_METABOLISM_OF_AMINO_ACIDS_AND_DERIVATIVES	0.786391522587842	1	-0.241617724259787	-0.903604592003623	5639	328	RPS21|RPL28|CBS|RPS28|PSMB9|RPS20|RPLP2|IL4I1|RPS29|SLC3A2|PNMT|ETHE1|RPL23|CARNS1|UBA52|TPH1|HSD17B10|SLC6A8|RPS9|CPS1|RPL18|RPL13A|SRR|FAU|GNMT|CRYM|PYCR3|DCT|OAZ3|RPL38|DDO|BCAT2|PSMB5|PSMB6|SRM|RPS18|ASNS|RPS15|RPS10|RPS16|PSMB10|GRHPR|RPS2|RPLP1|RPL27|PSMD2|RPS23|RPL10|OAZ1|RPL36|PYCR1|NMRAL1|RPS27|ASRGL1|RPL37A|RPSA|NNMT|PSMB4|RPS11|RPS26|RPS12|KYAT1|RPL3|PSMA7|CKB|RPL35|QARS1|ALDH6A1|ACADSB|RPL8|GCAT|BCKDK|ASL|TXN2|PSMD9|RPS5|PSMC3|PCBD1|AFMID
REACTOME_METABOLISM_OF_COFACTORS	0.944661308840413	1	0.259611517239167	0.687783613688936	4113	24	IDH1|COQ3|HSP90AA1|STARD7|PDSS1|COQ2|ACO1|SPR
REACTOME_METABOLISM_OF_FOLATE_AND_PTERINES	0.866219239373602	1	0.301186857322775	0.7336199401898	3871	17	ALDH1L1|ALDH1L2|MTHFD2
REACTOME_METABOLISM_OF_POLYAMINES	0.66584219638882	1	0.28305990432717	0.898578448343088	2691	57	PAOX|PSMC6|AMD1|PSMC1|PSMD5|PSMA1|PSMA4|PSMD6|PSMD10|PSMA2|PSMA6|PSMC2|PSME4|PSMD14|PSMD11|PSMC5
REACTOME_METABOLISM_OF_PORPHYRINS	0.652827487473157	1	-0.351013844889774	-0.86823166883191	3647	21	PPOX|BLVRB|ALAS2|ALAD|UROD|ALAS1|HMOX2|HMBS|SLCO2B1|FLVCR1
REACTOME_METABOLISM_OF_STEROIDS	0.959440559440559	1	0.223049218641646	0.812257338415063	3429	136	INSIG2|SEC24B|ABCC3|NCOA2|MBTPS2|GGPS1|NFYA|CYP27B1|SC5D|STARD3NL|CYP2R1|SCP2|SAR1B|HSD17B11|ABCB11|FABP6|CYP46A1|NFYB|INSIG1|ARV1|SP1|CHD9|SEC23A|SEC24A|ELOVL6|VDR|STARD4|HSD17B12|HMGCS1|ACAT2|ACACA|OSBPL3|HELZ2|FDFT1|IDI1|KPNB1|MSMO1|SUMO2|OSBPL2
REACTOME_MHC_CLASS_II_ANTIGEN_PRESENTATION	0.937549407114625	1	-0.235930629168626	-0.784391466010092	5929	108	LAG3|KLC4|KLC3|IFI30|HLA-DOB|TUBA3E|KIF4B|KIF5A|CTSA|CTSD|KLC2|DYNC1H1|CTSL|DCTN3|TUBB2B|CLTA|TUBA1B|AP1B1|TUBB3|AP1M1|AP1S1|RILP|CTSH|AP2M1|KIF2C|TUBA3C|SEC24C|KIF22|AP2A1|AP2S1|ACTR1B|ARF1|TUBB4B|DCTN1|DYNLL2
REACTOME_MICRORNA_MIRNA_BIOGENESIS	0.833717017885603	1	-0.30064604148971	-0.766768113170394	4707	24	POLR2L|POLR2F|POLR2E|DGCR8|POLR2A|POLR2J|DICER1
REACTOME_MITF_M_DEPENDENT_GENE_EXPRESSION	0.980672491395287	1	0.221680637650922	0.752453955585904	3703	86	DPF3|AGO4|ATP6AP2|TCF7|CCNB1|SYTL2|ATP6V1D|BCL2|ACTL6A|CDK2|ATP6V0E2|CREB1|CTNNB1|MAPK14|ATP6V1A|AGO1|ASAH1|ATP6V1B2|ATP6V0E1|ATP6V1C1|ARID1B|USF1
REACTOME_MITF_M_REGULATED_MELANOCYTE_DEVELOPMENT	0.99343724364233	1	0.211049735237101	0.754435464836845	3632	119	DPF3|TBX3|AGO4|ATP6AP2|TCF7|DARS1|RARS1|CCNB1|MAPK1|SYTL2|KIT|ATP6V1D|BCL2|ACTL6A|TFE3|CDK2|ATP6V0E2|CREB1|CTNNB1|AIMP1|MAPK14|ATP6V1A|AGO1|ASAH1|ATP6V1B2|ATP6V0E1|ATP6V1C1|ARID1B|EEF1E1|USF1
REACTOME_MITOCHONDRIAL_BIOGENESIS	0.996852871754524	1	0.204784892525417	0.706004256531959	3800	93	MT-ATP8|NCOA2|MTX1|GLUD1|MEF2C|TFB2M|SIRT5|APOO|ATP5F1C|ATP5F1B|CHD9|ATF2|GABPA|CREB1|NRF1|MAPK14|SSBP1|GLUD2|NCOR1|ATP5PB|CHCHD3|HELZ2|MTX2|HSPA9
REACTOME_MITOCHONDRIAL_FATTY_ACID_BETA_OXIDATION	0.684394681595521	1	0.307944117520031	0.873369023460634	2933	32	ACBD7|ACSF2|ACOT11|PCCA|DECR1|ACOT13|ACSM3|ACOT7|ACADM|ACOT9|MMUT|HADHB|DBI|MMAA|THEM4
REACTOME_MITOCHONDRIAL_PROTEIN_DEGRADATION	0.991388589881593	1	0.20984785749792	0.726552807867393	3683	97	PDK1|GLUD1|OPA1|MT-ND5|LDHD|ATP5F1C|TRIAP1|ATP5F1B|DBT|CS|HSPD1|FH|ACAT1|ALDH2|IDH3A|CLPX|SLC25A5|TIMM17A|SSBP1|STARD7|ALDH1B1|DLD|SUCLG2|HSPA9|ALDH18A1|OMA1|YME1L1|ARG2|MT-ND2|MRPS2
REACTOME_MITOCHONDRIAL_PROTEIN_IMPORT	0.904072702793672	1	-0.253963715114638	-0.776140275417694	5371	62	TIMM8B|NDUFB8|COX17|CHCHD10|TIMM44|PMPCA|TOMM7|TIMM10|GFER|TIMM17B|CYC1|CHCHD2|DNAJC19|ATP5MC1|CHCHD5|CHCHD7|FXN|TIMM50|IDH3G|TOMM5
REACTOME_MITOCHONDRIAL_TRANSLATION	0.979146615335258	1	-0.223665844483021	-0.730744437461409	6103	95	MRPL14|MRPS18C|MRPL41|MT-RNR1|AURKAIP1|MRPS14|MRPL55|TSFM|MTFMT|MRPS21|MRPL57|ERAL1|MRPL2|MRPS11|MRPS5|MRPL24|MRPL17|OXA1L|MRPL21|MRPL4|CHCHD1|MT-RNR2|MRPL46|TUFM|MRPS18A|GADD45GIP1|MRPS12|MRPS28|MRPS16|MRPS26|MRPL58
REACTOME_MITOPHAGY	0.769884352135945	1	0.283186317905484	0.835808561142181	3261	38	SRC|PRKN|UBE2N|VDAC1|UBE2D3|ATG12|UBE2V1|OPTN|MAP1LC3B|VDAC3|VDAC2|TOMM20|ATG5|TOMM22|UBE2D2|MTERF3|CSNK2A1|FUNDC1|TOMM70|CSNK2B|CSNK2A2|TBK1|UBE2L3
REACTOME_MITOTIC_PROPHASE	0.782824112303881	1	0.24601206762216	0.886293080568555	2843	125	H4C5|H2BC6|BLZF1|LEMD3|H4C12|NEK9|RANBP2|H2BC21|H2BC26|CCNB1|SEH1L|NUP153|NUP35|NUP107|SMC2|ARPP19|NUP37|NUP160|H3-3A|MAPK1|NUP133|H2BC7|NUP205|VRK2|CDK1|VRK1|RB1|MASTL|PPP2CA|NUP88|H2BC8|USO1|EMD|RAB1A|SMC4|PPP2R1B|RAE1|NUP155|NUP54|H3C10|LMNB1|H4C8|NCAPG2|NUP50|H2AC6|NDC1|CCNB2|PHF8|NUP58|GORASP1|GORASP2
REACTOME_MRNA_DECAY_BY_3_TO_5_EXORIBONUCLEASE	0.940705711167697	1	-0.279823926406954	-0.649336141027543	5171	16	EXOSC4|EXOSC5|EXOSC7|DCPS|EXOSC2|DIS3
REACTOME_MRNA_SPLICING	0.999705232129698	1	-0.197329755583805	-0.709793925058627	6782	211	CCDC12|POLR2L|POLR2F|XAB2|DDX41|UBL5|PRPF31|SRRM2|PPIE|U2AF1L4|DHX38|SNRPB|DDX23|SF3B5|POLR2E|SNU13|SNRNP200|LSM7|RNPS1|LENG1|SNRPD2|PRPF19|LSM6|YJU2|POLR2A|SF3A2|PDCD7|PRPF6|CHERP|DHX8|CASC3|POLR2J|FAM50A|DDX42|SNRNP70|SRRT|HNRNPM|PRKRIP1|CTNNBL1|EFTUD2|SUGP1|RNF113A|DHX16|RBM10|PRPF8|RBM5|POLR2I|SRSF5|ACIN1|SF3B2|ISY1|MAGOH|EIF4A3|POLR2G|FUS|SF1|SF3B4|U2AF2|LUC7L3|DNAJC8|GPATCH1|SF3A1|SNRPF|SNRNP25|RBM42|PPIL2
REACTOME_MYD88_INDEPENDENT_TLR4_CASCADE	0.988124156545209	1	0.215656666718895	0.755378393579066	3660	104	NKIRAS1|MEF2A|TAB2|MEF2C|UBE2N|MAPK8|MAPK1|USP14|RPS6KA2|ELK1|UBE2D3|ATF2|SKP1|CHUK|BIRC2|IKBKE|CREB1|UBE2D1|NOD1|MAPK9|PPP2CA|MAPK14|HMGB1|FBXW11|PPP2R1B|ATF1|RIPK2|UBE2V1|MAP2K4|RIPK1
REACTOME_N_GLYCAN_ANTENNAE_ELONGATION_IN_THE_MEDIAL_TRANS_GOLGI	0.991224122412241	1	0.224413377355152	0.584986254917845	4404	22	MGAT2|ST8SIA6|FUT8|B4GALT5
REACTOME_NEGATIVE_REGULATION_OF_FGFR3_SIGNALING	0.70112825236012	1	0.317402656437467	0.857739914577366	3044	26	FGF5|SRC|SPRY2|MAPK1
REACTOME_NEGATIVE_REGULATION_OF_FGFR4_SIGNALING	0.970066774119272	1	0.244949674773914	0.661945036864315	4212	26	SRC|SPRY2|MAPK1|BRAF|PPP2CA
REACTOME_NEGATIVE_REGULATION_OF_MAPK_PATHWAY	0.896551724137931	1	-0.263817143542045	-0.757969456795065	5225	43	MAPK12|UBA52|DUSP8|UBB|KSR1|PTPN3|DUSP4|DUSP7|DUSP9|DUSP5
REACTOME_NEGATIVE_REGULATION_OF_MET_ACTIVITY	0.734245588764854	1	-0.334584789999399	-0.810269821121944	4077	19	UBA52|UBB|HGS|MET
REACTOME_NEGATIVE_REGULATION_OF_NOTCH4_SIGNALING	0.989968191827747	1	0.219858181191275	0.692457139718889	4045	54	PSMC6|PSMC1|PSMD5|PSMA1|PSMA4|PSMD6|YWHAZ|PSMD10|SKP1|PSMA2|PSMA6|PSMC2|PSMD14|PSMD11|PSMC5|NOTCH4|PSMA3|FBXW7
REACTOME_NEGATIVE_REGULATION_OF_THE_PI3K_AKT_NETWORK	0.646393972012917	1	0.266711412053913	0.923430563592806	2401	97	EGF|FGF5|SRC|ESR2|NRG4|PDGFB|PIK3CA|CD80|PPP2R5E|VAV1|MAPK1|IL1RL1|EPGN|FGFR1|KIT|IRAK4|PIP5K1B|HBEGF|PHLPP2
REACTOME_NETRIN_1_SIGNALING	0.856076510380219	1	0.276686648292482	0.784718830708244	3669	32	SRC|SIAH1|SIAH2|NEO1|ABLIM3|SLIT1|PTK2|NCK1
REACTOME_NEURONAL_SYSTEM	0.839048285514346	1	-0.237541961228101	-0.886343965855157	5994	318	SHANK1|GNG8|KCNJ14|STX1A|HOMER3|EPB41L1|PPFIBP2|KCNH4|KCNC4|GNB3|APBA3|KCNC3|KCNAB3|LRFN1|PANX2|GABRG2|TUBA3E|GRIA3|NTRK3|SYT7|SLITRK6|PPFIA4|CACNA2D2|CAMKK1|PPM1F|COMT|ACTN2|KCNAB2|GRIK5|KCNJ15|SLC6A13|NRG1|CACNA1A|LIN7B|CAMK1|KCNK6|KCNN4|KCNJ11|KCNN1|TSPOAP1|SYT10|PRKAB2|GNB5|CACNB3|TUBB2B|HCN3|TUBA1B|CAMKK2|FLOT1|GRIN2D|LRFN4|APBA2|TUBB3|KCNH2|NRGN
REACTOME_NFE2L2_REGULATING_ANTI_OXIDANT_DETOXIFICATION_ENZYMES	0.834598698481562	1	-0.317381535930716	-0.748507858728867	4616	17	SOD3|MAFK|SLC7A11
REACTOME_NICOTINAMIDE_SALVAGING	0.950036603221083	1	-0.277583821448984	-0.633913281033283	5190	15	RNLS|SLC22A13|NAPRT|NNMT|NAXD
REACTOME_NICOTINATE_METABOLISM	0.958668197474168	1	0.254169109734861	0.673365152057164	4174	24	NUDT12|NAMPT|NMNAT3|NMRK1|PARP16|PARP4|PARP9|PARP14
REACTOME_NONHOMOLOGOUS_END_JOINING_NHEJ	0.706623826000989	1	0.274292879290992	0.880312142250187	2858	60	H4C5|H2BC6|H4C12|XRCC4|NBN|H2BC21|DCLRE1C|H2BC26|NHEJ1|UBE2N|RIF1
REACTOME_NOTCH_HLH_TRANSCRIPTION_PATHWAY	0.670832599894385	1	-0.328548983826435	-0.867715871821349	3810	28	MAML3|HDAC10|HDAC8|HDAC4|NOTCH3|HDAC7|HDAC5
REACTOME_NOTCH1_INTRACELLULAR_DOMAIN_REGULATES_TRANSCRIPTION	0.928761812454568	1	0.246621607104698	0.754611825798716	3832	46	KAT2B|TLE4|HIF1A|HDAC2|CCNC|MAMLD1|RBPJ|SNW1|SKP1|MYC|HEYL|MAML2|TLE2|NCOR1|EP300|NCOR2|CDK8|FBXW7
REACTOME_NOTCH4_INTRACELLULAR_DOMAIN_REGULATES_TRANSCRIPTION	0.852453102453102	1	-0.307678117711054	-0.735477939734905	4725	18	MAML3|ACTA2
REACTOME_NPAS4_REGULATES_EXPRESSION_OF_TARGET_GENES	0.99765003615329	1	-0.21502223068444	-0.507105206976655	5518	17	FOS|SYT10
REACTOME_NR1H2_AND_NR1H3_MEDIATED_SIGNALING	0.983982087495694	1	-0.230134942439706	-0.655677578579107	5712	41	APOE|APOC1|SREBF1|APOD
REACTOME_NR1H3_NR1H2_REGULATE_GENE_EXPRESSION_LINKED_TO_CHOLESTEROL_TRANSPORT_AND_EFFLUX	0.898763704222067	1	0.263277083786787	0.756889353344852	3852	34	AGO4|EEPD1|KDM3A|AGO1|NCOR1|EP300|NCOR2|KDM1A|KDM4A|AGO2
REACTOME_NUCLEAR_RECEPTOR_TRANSCRIPTION_PATHWAY	0.971673819742489	1	-0.240039517212076	-0.69167335430824	5659	44	PPARG|NR1D1|ESR1|ESRRB|PPARD|NR4A1|NR2C2AP|NR2F6|THRA|NRBP1|NR6A1|RXRA
REACTOME_NUCLEOTIDE_BINDING_DOMAIN_LEUCINE_RICH_REPEAT_CONTAINING_RECEPTOR_NLR_SIGNALING_PATHWAYS	0.671237514812934	1	-0.296729190598063	-0.882339880094875	3964	52	MAPK13|CYLD|PYCARD|MAPK11|MAPK12|UBA52|UBB|NLRP1|IKBKG|TAB1
REACTOME_NUCLEOTIDE_EXCISION_REPAIR	0.835256916996048	1	-0.252481117900896	-0.839416378060022	5282	108	POLR2L|POLR2F|XAB2|UVSSA|DDB2|GTF2H4|TFPT|UBA52|PPIE|UBB|LIG1|NFRKB|POLE|POLR2E|POLD1|RFC2|CHD1L|XPC|RBX1|INO80C|PRPF19|GPS1|POLR2A|POLR2J|INO80D|ELL|ERCC2|PARP1
REACTOME_NUCLEOTIDE_SALVAGE	0.939871152469578	1	-0.271477207745752	-0.671498040782231	5251	21	TYMP|AMPD2|DGUOK|TK2|TK1|UPP1|UCK1|UCKL1|GMPR|ADA
REACTOME_ONCOGENE_INDUCED_SENESCENCE	0.972176759410802	1	0.23841102884309	0.671268222222481	4157	31	AGO4|MAPK1|SP1|RB1|AGO1|TFDP2|CDK6
REACTOME_ORC1_REMOVAL_FROM_CHROMATIN	0.768243583291394	1	0.263927343755607	0.868406797851111	3052	69	PSMC6|PSMC1|PSMD5|ORC4|CCNA2|PSMA1|PSMA4|ORC2|PSMD6|CDK2|PSMD10|SKP1|PSMA2|PSMA6|PSMC2|ORC3|PSME4|PSMD14|PSMD11|PSMC5|SKP2
REACTOME_ORGANELLE_BIOGENESIS_AND_MAINTENANCE	0.647734956051386	1	0.240214619948899	0.953077803830991	1915	287	MT-ATP8|DYNC2LI1|NEDD1|BBS12|EXOC5|PKD2|NCOA2|PLK4|TTC8|IFT56|MTX1|BBS2|CEP162|GLUD1|CCT8|MEF2C|KIF3C|TFB2M|WDR35|LZTFL1|ARF4|CEP135|CCP110|YWHAG|BBS1|RAB11A|RP2|TCP1|DYNLT2|ARL3|KIF3A|CEP97|EXOC8|SIRT5|APOO|ATP5F1C|HAUS5|ATP5F1B|IFT57|HAUS1|IFT74|CDK1|EXOC6|TRIP11|CHD9|CCT4|IFT70A|TUBB1|RPGRIP1L|SCLT1|SEPTIN2|ATF2|GABPA|CEP152|ARL13B|CEP78|CREB1|TNPO1|NRF1|NEK2|MAPK14|CLUAP1|CEP57|CETN2|NDE1|CEP76|SSBP1|GLUD2|NCOR1|CKAP5|HSP90AA1|ATP5PB|CHCHD3|CEP70|HELZ2|CENPJ|MTX2|HSPA9
REACTOME_OVARIAN_TUMOR_DOMAIN_PROTEASES	0.890647142182334	1	0.260921675690649	0.765667070822164	3770	37	IFIH1|YOD1|OTUB2|RHOA|OTUD7B|CDK1|UBE2D1|APC|NOD1|PTEN|RIPK2|RIPK1
REACTOME_P75NTR_SIGNALS_VIA_NF_KB	0.745607613469985	1	-0.351342703753686	-0.802355140659871	4073	15	UBA52|UBB
REACTOME_PCNA_DEPENDENT_LONG_PATCH_BASE_EXCISION_REPAIR	0.801993656547349	1	0.307377790934688	0.790033481152483	3539	21	RFC4|RFC5|RFC1|APEX1|RPA2|PCNA|RFC3|POLD4|POLD3|FEN1|RPA3|POLB|POLE2
REACTOME_PCP_CE_PATHWAY	0.804337349397591	1	-0.261836610776346	-0.845344594994043	5006	87	WNT11|VANGL2|FZD7|PSMB9|UBA52|SCRIB|UBB|FZD3|PSMB5|PSMB6|DVL1|PSMB10|PSMD2|WNT5B|CLTA|SMURF2|PSMB4|PSMA7|AP2M1|PSMD9|RAC3|PSMC3|SEM1|PSMB3|AP2A1|AP2S1|ARRB2|DAAM1|UBC|PRKCA|PSMB7
REACTOME_PHASE_I_FUNCTIONALIZATION_OF_COMPOUNDS	0.660053351117039	1	-0.29098815666499	-0.898334424920598	3958	65	AOC2|CYP19A1|POR|CYP4F2|CYP2S1|CYP2F1|FDXR|FDX2|TBXAS1
REACTOME_PHASE_II_CONJUGATION_OF_COMPOUNDS	0.987957689178194	1	-0.222226132632863	-0.704333128882613	6070	76	SULT2B1|CHAC1|COMT|SULT1A2|TRMT112|SULT1A1|GGT7|UGDH|GSTP1|NNMT|NAT1|GSTO2|GSTK1|AKR1A1
REACTOME_PHOSPHORYLATION_OF_THE_APC_C	0.831422429236833	1	-0.307645575030232	-0.755059565960377	4640	20	CDC26|ANAPC11
REACTOME_PI_3K_CASCADE_FGFR4	0.961932650073206	1	-0.269545276306104	-0.615555797158116	5255	15	FGF17|FGF2|GRB2|PIK3R1
REACTOME_PI3K_AKT_SIGNALING_IN_CANCER	0.768096867596736	1	0.256926637371283	0.879881506227903	2917	90	EGF|FGF5|FOXO1|SRC|ESR2|NRG4|PDGFB|PIK3CA|CD80|VAV1|EPGN|FGFR1|KIT|HBEGF|CDKN1B|RICTOR|CHUK|CREB1|AKT1S1|PTEN
REACTOME_PINK1_PRKN_MEDIATED_MITOPHAGY	0.95814823474398	1	0.244857415619373	0.689418618251022	4097	31	PRKN|UBE2N|VDAC1|UBE2D3|ATG12|UBE2V1|OPTN|MAP1LC3B|VDAC3|VDAC2|TOMM20|ATG5|TOMM22|UBE2D2|MTERF3
REACTOME_PKMTS_METHYLATE_HISTONE_LYSINES	0.783747481531229	1	-0.275103735285726	-0.837188506228912	4667	60	H4C4|H4C11|H4C3|H3C12|H4C14|KMT2B|H3C13|H4C2|PRDM16|KMT5C|H3C2|DOT1L|SETD1A
REACTOME_PKR_MEDIATED_SIGNALING	0.976229778804886	1	-0.227843276768918	-0.71682244932416	5913	73	FAAP20|FAAP100|CENPX|TUBA3E|DUS2|ISG15|IKBKG|FANCA|SPHK1|TUBB2B|TUBA1B|FANCG|HSPA1A|TUBB3|FANCE|FAAP24|HSPA1B|TUBA3C
REACTOME_PLATELET_AGGREGATION_PLUG_FORMATION	0.756347542511065	1	0.293039238133477	0.838070396426504	3246	33	SRC|VWF|ADRA2C|RAP1B|RAP1A|ITGA2B|PTK2|THPO
REACTOME_POLYMERASE_SWITCHING_ON_THE_C_STRAND_OF_THE_TELOMERE	0.666281755196305	1	0.327160420000819	0.874376933240419	2884	25	RFC4|PRIM1|POLA1|CHTF8|RFC5|RFC1|DSCC1|PCNA|RFC3|POT1|POLD4|POLD3|TERF1|TERF2IP
REACTOME_POTENTIAL_THERAPEUTICS_FOR_SARS	0.809888947646748	1	0.251647559465977	0.864633441477835	3062	92	FXYD7|HDAC2|ROCK2|PTGES3|FNTA|ATP1B1|ATP1B3|VAV1|IL6R|S1PR1|JAK3|JAK2|CRBN|ROCK1|NFE2L2|MTA2|RBBP4|CUL3|NCK1|ATP1B2|HSP90AA1|REST|PHF21A|BTK|IL1R1|RIPK1|RBBP7|KDM1A|SOS1|FKBP1A|NR3C1|FKBP4
REACTOME_PRESYNAPTIC_FUNCTION_OF_KAINATE_RECEPTORS	0.723665223665224	1	-0.341778359890773	-0.816991620491215	4011	18	GNG8|GNB3
REACTOME_PROCESSING_OF_CAPPED_INTRON_CONTAINING_PRE_MRNA	0.977433479285955	1	0.215440513526003	0.852160160095295	2901	280	LUZP4|MTREX|RANBP2|GLE1|SEH1L|NUP153|SMNDC1|THOC2|NUP35|NUP107|NCBP2|CRNKL1|PPIL1|CWC22|RBMX|BCAS2|WBP4|NUP37|WTAP|NUP160|RBM7|SNRPN|CPSF3|PLRG1|NUP133|HNRNPH2|EIF4E|PPIL4|PCF11|SRSF8|CPSF2|NUP205|PPIG|METTL14|DDX5|THOC1|TRA2B|SNRPB2|HNRNPK|RNPC3|DHX15|SDE2|SNW1|CWC15|PAPOLA|THOC7|ZC3H11A|PPWD1|LSM3|SLU7|SNRNP35|NUP88|HNRNPA1|RBM25|TCERG1|NCBP1|SRSF1|CDC5L|RBM22|CWF19L2|SYF2|WBP11|RAE1|NUP155|NUP54|PRPF40A|NUP50|HNRNPA2B1|SF3B6|NDC1|FIP1L1|ALYREF|ZMAT5|U2SURP|SARNP|CPSF6|POLR2K|NUP58|SNRPD1|POLR2B|SNRNP40|CWC27|TFIP11|FYTTD1|C9orf78|SRSF10|HSPA8|NUP98|MFAP1|ZCRB1|POLR2C|HNRNPA3|AQR|SF3B1|NXT1|SNIP1|PRCC|THOC5|PCBP2|NUP43|SF3A3|PPIL3|SNRNP27
REACTOME_PROCESSING_OF_DNA_DOUBLE_STRAND_BREAK_ENDS	0.800682773109244	1	0.253885187369437	0.86698366884679	3048	89	H4C5|H2BC6|H4C12|RMI1|NBN|RFC4|H2BC21|CCNA2|H2BC26|UBE2N|DNA2|H2BC7|RAD9B|UBE2V2|TIPIN|HUS1|RFC5|CDK2|RBBP8|RPA2|ABRAXAS1|ATR|H2BC8|BRIP1|WRN|RNF168|H4C8|BLM|RFC3|ATM|RMI2|EXO1
REACTOME_PROGRAMMED_CELL_DEATH	0.861077111383109	1	0.23177564655554	0.887724798556455	2813	202	PRKN|PSMC6|PSMC1|PSMD5|TP63|BMX|PSMA1|PSMA4|OPA1|YWHAQ|DAPK2|TJP2|SDCBP|FNTA|YWHAG|MAPK8|PSMD6|MAPK1|DSG3|BMF|YWHAZ|ROCK1|DSG2|PELI1|BCL2|STK24|CASP3|PTK2|DNM1L|CHMP4C|PSMD10|PPP3R1|PSMA2|PSMA6|BIRC2|CHMP2B|APC|PSMC2|CTNNB1|PSME4|HMGB1|PSMD14|YWHAH|PSMD11|HSP90AA1|ITCH|LMNB1|PSMC5|RIPK1|TFDP2|PRKCQ|KPNA1|BAK1|VIM|KPNB1|OMA1|CARD8|IL18
REACTOME_PROTEIN_FOLDING	0.864701237167676	1	0.245988270893428	0.842421527493583	3284	90	CCT6B|CCNE2|GNG12|GNB4|VBP1|TBCA|GNAQ|CCT8|RGS9|AP3M1|TCP1
REACTOME_PROTEIN_HYDROXYLATION	0.997294372294372	1	-0.210736667736188	-0.503747784750708	5528	18	JMJD4|RPS23|KDM8|RPL8|RPL27A|U2AF2
REACTOME_PROTEIN_LOCALIZATION	0.97046293666572	1	0.219403121127169	0.813115483964814	3416	155	MLYCD|PRNP|PEX12|PAOX|ACOX3|MTX1|PECR|PEX3|PEX1|ABCD3|GNPAT|GRPEL2|IDH1|AGPS|SCP2|LDHD|VAPA|ATP5F1B|TIMM23|VDAC1|CS|PEX13|GDAP1|HSPD1|UBE2D3|ACBD5|CMC4|ATAD1|PEX5|UBE2D1|PMPCB|TYSND1|EMD|IDE|TIMM17A|PEX2|CHCHD3|ZFAND6|SEC61G|MTX2|HSPA9|CAT|PEX11B
REACTOME_PTEN_REGULATION	0.64717403469502	1	0.256771736853762	0.933838845689747	2312	135	AGO4|PREX2|PSMC6|SLC38A9|RNF2|NEDD4|PSMC1|HDAC2|PSMD5|EGR1|PSMA1|BMI1|PSMA4|MKRN1|PSMD6|MAPK1|TNKS2|LAMTOR3|MTA2|RHEB|WWP2|ATF2|PSMD10|PSMA2|PSMA6|RBBP4|PSMC2|TNKS|PTEN|PSME4|AGO1|PSMD14|PSMD11|REST|PSMC5|SCMH1|RBBP7|SUZ12|RRAGB|PSMA3|KDM1A|EED|RNF146|AGO2|MTA3|CBX4|GATAD2B|CSNK2A1|PSMF1|AGO3|RRAGC|PML|PSMD1|PSME3|CSNK2B|CSNK2A2|TNRC6C|USP7|XIAP
REACTOME_PYROPTOSIS	0.90331149282805	1	-0.281172084231782	-0.717101703499295	5100	24	GSDMD|CHMP6|IL1B|CHMP4A
REACTOME_RAB_GEFS_EXCHANGE_GTP_FOR_GDP_ON_RABS	0.937510040160643	1	-0.23928484424651	-0.772535777743317	5835	87	RINL|RAB27B|TRAPPC6A|RAB38|DENND1C|RAB7B|DENND2C|HPS1|RGP1|AKT3|RIN1|TRAPPC1|TRAPPC5|MADD
REACTOME_RAC1_GTPASE_CYCLE	0.947447900936273	1	-0.228760679383035	-0.804488539889165	6273	173	PAK1|SRGAP3|WIPF3|CYFIP2|FARP1|PAK6|ARHGAP33|NOXA1|DOCK4|TRIO|ARHGAP4|ARHGAP45|PLEKHG6|CYBA|MCAM|DOCK6|ARHGAP26|ARHGEF10|PLEKHG2|MYO9B|SLC1A5|RALBP1|ARHGAP39|CDC42EP4|PLD2|ARHGAP1|ITGB1|NISCH|YKT6|ARHGAP22|GIT2
REACTOME_RAC2_GTPASE_CYCLE	0.685796645702306	1	0.267499379128129	0.90427780470152	2616	83	VAV2|LEMD3|DEPDC1B|MTX1|ERBIN|PIK3CA|ARHGAP42|PGRMC2|VAV1|ABR|DOCK10|NCKAP1|DSG2|VRK2|ABI1|CYBB|RACGAP1|VAMP3|PREX1|EMD|BAIAP2L1|TFRC|VAPB|DOCK2|LMAN1|RAB7A|ABI2|ARHGDIA|RAC2|ARHGAP21|PAK2|LBR|BCR|PIK3R2|VANGL1
REACTOME_RAC3_GTPASE_CYCLE	0.935399159663866	1	0.23436752372862	0.800333480208531	3561	89	VAV2|LEMD3|DEPDC1B|ERBIN|ARHGAP42|PGRMC2|OCRL|IL32|ABR|DOCK10|NCKAP1|DSG2|VRK2|ABI1|CYBB|RACGAP1|ARHGAP5|VAMP3|PREX1|EMD|BAIAP2L1|TFRC
REACTOME_RAF_INDEPENDENT_MAPK1_3_ACTIVATION	0.970619658119658	1	-0.254275614417625	-0.641775119735727	5450	23	DUSP8|DUSP4|DUSP7|DUSP9|IL6ST|DUSP5|TYK2
REACTOME_RAS_PROCESSING	0.861823361823362	1	-0.295815244658783	-0.746618445875572	4839	23	PDE6D|ABHD17A|UBA52|UBB
REACTOME_RECOGNITION_OF_DNA_DAMAGE_BY_PCNA_CONTAINING_REPLICATION_COMPLEX	0.876987839101964	1	0.272771953766525	0.763060374401314	3749	30	DTL|RFC4|CUL4B|RFC5|RFC1|RPA2|PCNA|RFC3|CUL4A|POLD4|POLD3|WDR48|UBE2B|RPA3
REACTOME_RECRUITMENT_OF_MITOTIC_CENTROSOME_PROTEINS_AND_COMPLEXES	0.964313828391498	1	0.228887780504219	0.770198464356096	3674	81	NEDD1|PLK4|CEP135|CCP110|YWHAG|HAUS5|HAUS1|CDK1|NME7|CEP152|CEP78|TUBGCP4|NEK2|CEP57|CETN2|NDE1|CEP76|CKAP5|HSP90AA1|CEP70|CENPJ|CEP192|MAPRE1|MZT1|OFD1|HAUS6|CEP63|CEP290|ODF2|TUBGCP3|TUBA1A|HAUS2|TUBA4A|CNTRL|DYNC1I2|PCM1|AKAP9
REACTOME_RECRUITMENT_OF_NUMA_TO_MITOTIC_CENTROSOMES	0.997115132441647	1	0.202658458390137	0.698673288254811	3801	93	NEDD1|PLK4|CEP135|CCP110|YWHAG|HAUS5|HAUS1|CDK1|NME7|TUBB1|CEP152|CEP78|TUBGCP4|NEK2|CEP57|CETN2|NDE1|CEP76|CKAP5|HSP90AA1|CEP70|CENPJ|CEP192|MAPRE1|MZT1|OFD1|TUBAL3|HAUS6|TUBB6|CEP63|CEP290|ODF2|TUBGCP3|TUBA1A|HAUS2|TUBA4A|CNTRL|DYNC1I2|PCM1|AKAP9
REACTOME_RECYCLING_PATHWAY_OF_L1	0.837029893924783	1	0.265727204418715	0.809699640687496	3471	45	DPYSL2|SRC|RDX|MAPK1|RPS6KA2|SHTN1|TUBB1|CLTC
REACTOME_REGULATED_NECROSIS	0.858442871587462	1	-0.263652986037276	-0.793962686834132	5093	56	GSDMD|UBA52|UBB|CHMP6|IL1B|FAS|CHMP4A|TRADD|TRAF2|FLOT1|STUB1|TNFRSF10A|CHMP7|IRF1
REACTOME_REGULATION_OF_ENDOGENOUS_RETROELEMENTS	0.705633139808567	1	-0.265560239916712	-0.897612169807923	4496	123	H4C4|H2AC20|ZNF331|H2AC7|H2AC8|ZNF224|H2BC13|H2BC17|H4C11|H4C3|SPOCD1|H3C12|H4C14|CHD4|H3C13|ZNF534|H4C2|CHD3|SMARCC2|H2BC5|MBD3|DPF1|H3C2|H2BC12|H2AZ2|ZNF324|SMARCA4|ZNF519|SMARCD2|EHMT2
REACTOME_REGULATION_OF_GENE_EXPRESSION_IN_BETA_CELLS	0.813499111900533	1	0.319911480738463	0.766237959776262	3663	16	FOXO1|FOXA2|HNF4A
REACTOME_REGULATION_OF_HOMOTYPIC_CELL_CELL_ADHESION	0.982448036951501	1	0.238025893547741	0.636153819681376	4253	25	AGO4|ANGPTL4|CTNND1|SP1|HEYL|CTNNB1|AGO1
REACTOME_REGULATION_OF_INSULIN_SECRETION	0.726092384519351	1	0.270116730167572	0.877527068022585	2907	64	AKAP5|CD36|GNG12|GNB4|GNAQ|PRKAR1A|KCNS3|ADRA2C|ACSL4|GNG10|RAP1A
REACTOME_REGULATION_OF_LIPID_METABOLISM_BY_PPARALPHA	0.746341463414634	1	0.251817228425293	0.889917475299512	2753	110	MED18|CD36|NCOA2|NCOA3|ANGPTL4|ME1|NFYA|MED13|MED21|CCNC|APOA2|MED17|NFYB|MED23|ACSL1|SP1|MED7|CHD9|MED31|TIAM2|NRF1|CLOCK|HMGCS1|MED14|NCOR1|HELZ2|FDFT1|MED9|MED8|MED26|EP300|NCOR2|CDK8|MED20|CDK19|ACADM|PPARA
REACTOME_REGULATION_OF_MITF_M_DEPENDENT_GENES_INVOLVED_IN_APOPTOSIS	0.765814266487214	1	0.322634638188868	0.799100195425188	3413	18	AGO4|BCL2|AGO1|AGO2|AGO3|TNRC6C|POU3F2|SIN3A|HDAC1
REACTOME_REGULATION_OF_MITF_M_DEPENDENT_GENES_INVOLVED_IN_CELL_CYCLE_AND_PROLIFERATION	0.833627148523579	1	0.318093390960554	0.750939246174496	3782	15	TCF7|CCNB1|CDK2|CTNNB1
REACTOME_REGULATION_OF_MITF_M_DEPENDENT_GENES_INVOLVED_IN_PIGMENTATION	1	1	-0.179142268602637	-0.500678834531753	5767	37	DCT|SMARCC2|DPF1|AKT2|SMARCA4|SMARCD2|BCL7A|SMARCE1|RAB27A|MYO5A|BCL7B|SMARCA2|PMEL|DPF2|SMARCD1|SMARCB1
REACTOME_REGULATION_OF_MRNA_STABILITY_BY_PROTEINS_THAT_BIND_AU_RICH_ELEMENTS	0.999678714859438	1	-0.191224551919726	-0.615958934849126	6222	85	PSMB9|MAPK11|UBA52|EXOSC4|HSPB1|UBB|EXOSC5|PSMB5|PSMB6|PSMB10|PSMD2|MAPKAPK2|HSPA1A|PSMB4|PSMA7|EXOSC7|PSMD9|PSMC3|EIF4G1|SEM1
REACTOME_REGULATION_OF_PTEN_GENE_TRANSCRIPTION	0.959476155176674	1	0.23167046838043	0.741188766711815	3882	59	SLC38A9|RNF2|HDAC2|EGR1|BMI1|MAPK1|LAMTOR3|MTA2|RHEB|ATF2|RBBP4|PTEN|REST|SCMH1|RBBP7|SUZ12|RRAGB|KDM1A|EED|MTA3|CBX4|GATAD2B|RRAGC
REACTOME_REGULATION_OF_RUNX2_EXPRESSION_AND_ACTIVITY	0.970433475319469	1	0.226959466751206	0.743397788722506	3872	67	PSMC6|RUNX2|PSMC1|PSMD5|PSMA1|PSMA4|CBFB|PSMD6|NKX3-2|PSMD10|SKP1|PSMA2|PSMA6|PSMC2|PSME4|PSMD14|PSMD11|PSMC5|SKP2|SMURF1|STAT1|PSMA3|NR3C1
REACTOME_REGULATION_OF_RUNX3_EXPRESSION_AND_ACTIVITY	0.825055052605823	1	0.262219858150456	0.825877899873955	3371	54	SRC|PSMC6|PSMC1|PSMD5|PSMA1|PSMA4|CBFB|PSMD6|PSMD10|PSMA2|PSMA6|PSMC2|PSMD14|PSMD11|PSMC5|EP300|SMURF1|PSMA3
REACTOME_REGULATION_OF_SIGNALING_BY_CBL	0.967434328895286	1	-0.255411735667125	-0.636892209341317	5376	22	UBA52|FYN|UBB
REACTOME_REGULATION_OF_TP53_ACTIVITY_THROUGH_PHOSPHORYLATION	0.656488549618321	1	0.26760833653017	0.916462491528435	2493	90	RMI1|TP53INP1|NBN|RFC4|TAF9B|CCNA2|DNA2|RAD9B|TAF1|HUS1|RFC5|CDK2|PRKAA1|RBBP8|RPA2|TAF9|MAPK14|ATR|TAF4B|BRIP1|WRN|BLM|RFC3|ATM|RMI2|TAF12|EXO1|TAF3|RAD17|RPA3|BRCA1|TAF11|CHEK2|CSNK2A1|CDK5R1|TAF2|CHEK1|TAF7|CSNK2B|CSNK2A2|MAPKAPK5|TOP3A
REACTOME_RESOLUTION_OF_AP_SITES_VIA_THE_MULTIPLE_NUCLEOTIDE_PATCH_REPLACEMENT_PATHWAY	0.960969976905312	1	0.251190113959448	0.671336836844822	4160	25	RFC4|RFC5|RFC1|APEX1|RPA2|PCNA|RFC3|POLD4|POLD3|FEN1|RPA3|POLB|PARG|POLE2
REACTOME_RESPONSE_OF_MTB_TO_PHAGOCYTOSIS	0.974991003958258	1	-0.250063936515604	-0.623556989611379	5418	22	UBA52|UBB|HGS|TRIM27|VPS33B|ATP6V1H|RNF213|UBC
REACTOME_RET_SIGNALING	0.948986722571628	1	0.247385715250962	0.707504721112442	4073	33	DOK2|SRC|DOK4|PIK3CA
REACTOME_RHO_GTPASE_EFFECTORS	0.799971767363072	1	-0.241482721408048	-0.895864769508921	5666	297	H4C4|H2AC20|KLC4|PAK1|WIPF3|H2AC7|CYFIP2|H2AC8|RHPN1|KLC3|SFN|RTKN|PRKCZ|H2BC13|NOXA1|MAPK11|PPP1R14A|H2BC17|DIAPH2|INCENP|H4C11|GOPC|H4C3|CENPT|TUBA3E|KLK2|CYBA|PKN3|H3C12|H4C14|AURKB|H3C13|H4C2|MAD1L1|LIN7B|KIF5A|H2BC5|PMF1|PIN1|DVL1|KLC2|B9D2|DIAPH1|DYNC1H1|NDEL1|RHOB|H3C2|ABL1|ITGB1|MYL6|H2BC12|RPS27|CTTN|EVL|TUBB2B|H2AZ2|TUBA1B
REACTOME_RHO_GTPASES_ACTIVATE_IQGAPS	0.990743974851554	1	-0.225971231616607	-0.605750544559196	5672	30	TUBA3E|TUBB2B|TUBA1B|CDC42|TUBB3|TUBA3C|MEN1|TUBB4B
REACTOME_RHO_GTPASES_ACTIVATE_WASPS_AND_WAVES	0.912532330119915	1	0.256445801744195	0.747987239025426	3880	36	ACTR3|MAPK1|NCKAP1|WIPF1|ARPC3|ACTR2|PTK2|ABI1|WAS|WIPF2|NCK1
REACTOME_RHOB_GTPASE_CYCLE	0.709596592332749	1	0.271818509254176	0.890332012168991	2831	67	VAV2|DEPDC1B|ANLN|DLC1|ERBIN|ROCK2|TJP2|ECT2|SLK|ABR|ARHGEF25|ROCK1|ARHGDIG|ARHGEF12|NET1|RACGAP1|ARHGAP5|VAMP3|PREX1|IQGAP3|TFRC
REACTOME_RHOD_GTPASE_CYCLE	0.965945025541231	1	0.231979917756188	0.723202591260563	3970	51	CPNE8|LEMD3|DEPDC1B|MOSPD2|AKAP12|ADD3|PGRMC2|VRK2|FILIP1|RACGAP1|TOR1AIP1|ARHGAP5|VAMP3|CAPZB|EMD|LMNB1|VAPB
REACTOME_RHOF_GTPASE_CYCLE	0.648536289624112	1	-0.314701988460383	-0.8877106204328	3743	39	FARP1|DIAPH2|MCAM|POTEE|RHOF|MYO9B|DIAPH1|ARHGAP39|ARHGAP1
REACTOME_RHOH_GTPASE_CYCLE	0.977192569950623	1	0.232149704096286	0.67712169599392	4155	36	NIPSNAP2|TMEM59|ROCK2|DBT|ROCK1|ARHGDIG|FAM91A1|WDR11|VAMP3|TFRC|RALGAPA1|STOM|RAB7A|ARHGDIA|PAK2|VANGL1|MTR|VCP
REACTOME_RHOJ_GTPASE_CYCLE	0.907688540646425	1	0.248425286806353	0.779547712445984	3706	53	CPNE8|DEPDC1B|NIPSNAP2|FMNL3|OCRL|PAK3|RHOJ|WWP2|ARL13B|WAS|WIPF2|ARHGAP5|VAMP3|PREX1|IQGAP3|TFRC|DOCK8|STOM|CDC42BPA|RAB7A|SNAP23|ARHGAP21|PAK2
REACTOME_RHOQ_GTPASE_CYCLE	0.795876985468064	1	-0.275198821685821	-0.82594868355678	4709	55	PAK1|ARHGAP33|GOPC|SCRIB|ARHGAP26|SLC1A5|CDC42EP4|ARHGAP1|GIT2|CDC42|SRGAP2|CDC42EP3|OPHN1|SLC4A7|OBSCN|STEAP3|CDC42BPB|ARHGAP17|TRIP10|FNBP1|RHOQ
REACTOME_RHOU_GTPASE_CYCLE	0.966422322061953	1	0.234064412921986	0.695260140637191	4086	39	SRC|DEPDC1B|PEAK1|TXNL1|PAK3|MYO6|CLTC|WWP2|NCK1
REACTOME_RHOV_GTPASE_CYCLE	0.934104865375531	1	0.250287099853723	0.734460217236918	3954	37	RHOV|DEPDC1B|PEAK1|TXNL1|CCP110
REACTOME_RIP_MEDIATED_NFKB_ACTIVATION_VIA_ZBP1	0.774866785079929	1	0.329916929532938	0.790202572278531	3489	16	NKIRAS1
REACTOME_RIPK1_MEDIATED_REGULATED_NECROSIS	0.862642169728784	1	-0.281057494264641	-0.762207939544824	4929	32	UBA52|UBB|FAS|TRADD|TRAF2|FLOT1|STUB1|TNFRSF10A|TNFRSF10B|CDC37|UBC
REACTOME_RNA_POLYMERASE_I_TRANSCRIPTION_INITIATION	0.697217955282472	1	-0.298389678060348	-0.871557949549787	4084	47	POLR2L|POLR2F|GTF2H4|CHD4|CHD3|POLR2E|MBD3|POLR1C|POLR1H|TAF1D|POLR1G|EHMT2|ERCC2|POLR1A|TAF1C
REACTOME_RNA_POLYMERASE_II_PRE_TRANSCRIPTION_EVENTS	0.917255826132495	1	0.239873208284563	0.805701086215713	3502	80	AFF4|TAF9B|EAF1|LEO1|NCBP2|GTF2A1|GTF2H2|TAF1|CCNH|GTF2E1|CCNT2|SUPT4H1|GTF2B|TAF9|NCBP1|TAF4B|CDC73|GTF2H1|CTDP1|TAF12|TAF3|POLR2K|GTF2H5|POLR2B|TCEA1|NELFCD|MNAT1|POLR2C|TAF11|NELFA|IWS1|TAF2|CTR9|TAF7
REACTOME_RNA_POLYMERASE_II_TRANSCRIBES_SNRNA_GENES	0.984736708216739	1	0.220469551019068	0.733056300923052	3870	74	NABP1|INTS13|SNAPC1|NCBP2|INTS8|GTF2A1|ELL2|INTS12|PCF11|GTF2E1|SP1|RPRD1A|CCNT2|SNAPC5|SUPT4H1|GTF2B|TAF9|NCBP1|INTS6|ICE2|RPAP2|ZC3H8|INTS7|POLR2K|RPRD1B|POLR2B|INTS2|POU2F1|POLR2C|INTS9|TAF11|PHAX|ICE1
REACTOME_RNA_POLYMERASE_II_TRANSCRIPTION_TERMINATION	0.833124530192934	1	0.255109664837897	0.835602777169571	3324	67	LUZP4|LSM11|THOC2|NCBP2|CPSF3|PCF11|CPSF2|THOC1|PAPOLA|THOC7|ZC3H11A|SLU7|NCBP1|SRSF1|ZNF473|FIP1L1|ALYREF|SARNP|CPSF6
REACTOME_ROLE_OF_PHOSPHOLIPIDS_IN_PHAGOCYTOSIS	0.697444163020953	1	0.317992149343631	0.859332943446917	3028	26	CD3G|PLD1|PIK3CA
REACTOME_RORA_ACTIVATES_GENE_EXPRESSION	0.992148945715568	1	0.225605691342734	0.55877928375278	4422	18	NCOA2|CHD9|HELZ2|EP300|PPARA|MED1|NCOA6
REACTOME_ROS_AND_RNS_PRODUCTION_IN_PHAGOCYTES	0.986470725449032	1	0.227900993022267	0.655187427459381	4228	34	HVCN1|ATP6V1G2|ATP6V1D|CYBB|ATP6V0E2|ATP6V1A|ATP6V1B2|ATP6V0E1|ATP6V1C1
REACTOME_RRNA_MODIFICATION_IN_THE_NUCLEUS_AND_CYTOSOL	0.994316777860143	1	0.211143719126919	0.675517056069656	4023	59	WDR75|NOL11|UTP18|DCAF13|UTP11|NOP58|WDR36|UTP3|DDX52|KRR1|HEATR1|UTP15|MPHOSPH10|UTP25|THUMPD1|DIMT1|DKC1|RPS6|WDR3|WDR43
REACTOME_RUNX1_INTERACTS_WITH_CO_FACTORS_WHOSE_PRECISE_EFFECT_ON_RUNX1_TARGETS_IS_NOT_KNOWN	0.908535151657653	1	0.257303216420097	0.750488099759997	3863	36	ARID2|RNF2|BMI1|CBFB|ACTL6A|PCGF5|YAF2|SCMH1|ARID1B|PBRM1|EP300|RYBP|CBX4|CSNK2A1
REACTOME_SARS_COV_2_HOST_INTERACTIONS	0.982458770614693	1	-0.219005569187831	-0.773734947028216	6552	179	RPS21|IRF7|SFN|NUP210|RPS28|RPS20|RPS29|UBA52|RIGI|RPS9|IRF3|UBB|FAU|AKT3|VPS18|SNRPB|ISG15|IKBKG|STING1|RPS18|RPS15|RPS10|RPS16|IL17RA|RPS2|TAB1|RPS23|VPS39|VPS11|SNRPD2|RPS27|AKT2|RPSA|IL17RC|RPS11|RPS26|RPS12|NUP188|TRAF3|TYK2|TUFM|RPS5|VPS33B|SEC24C|LARP1|POM121C|MAVS|TKFC|IRAK2|RPS14|HLA-E|AAAS|RPS17|PDPK1|UBC|PIK3R4|B2M|RPS13
REACTOME_SARS_COV_2_INFECTION	0.820292347377472	1	-0.240698727636599	-0.884324514175957	5723	266	ANO9|RPS21|IRF7|MGAT4A|ANO8|SFN|NUP210|RPS28|RPS20|RPS29|MOGS|MAN1B1|ANO3|UBA52|RIGI|GPC1|RPS9|PRKCSH|IRF3|UBB|FAU|HSPG2|CHMP6|AKT3|VPS18|CHMP4A|SNRPB|ISG15|IKBKG|STING1|RPS18|RPS15|RPS10|RPS16|IL17RA|AGRN|SDC4|RPS2|CTSL|TAB1|GPC2|RPS23|VPS39|VPS11|SNRPD2|RPS27|AKT2|GSK3B|RPSA|MGAT4B|IL17RC|RPS11|RPS26|RPS12|PRMT1|NUP188|TRAF3|MAN2A1|TYK2|TUFM|CHMP7|RPS5|MGAT1|ST3GAL3|VPS33B|SEC24C|LARP1|POM121C|MAVS|TKFC|IRAK2|RPS14|HLA-E|MGAT5|AAAS|RPS17|FURIN|SDC3
REACTOME_SARS_COV_INFECTIONS	0.985976855003404	1	-0.216592866165871	-0.81952118449975	7241	376	ANO9|RCAN3|RPS21|IRF7|MGAT4A|ANO8|ITGA4|SFN|NUP210|PYCARD|RPS28|RPS20|RPS29|PDCD1|FXYD1|MOGS|MAN1B1|ANO3|ATP1A3|UBA52|RIGI|GPC1|RPS9|PRKCSH|IRF3|CHD4|SERPINE1|UBB|COMT|FAU|HSPG2|BRD4|CHMP6|AKT3|VPS18|CHD3|CHMP4A|SNRPB|ISG15|IKBKG|STING1|RPS18|RPS15|RPS10|MBD3|RPS16|IL17RA|AGRN|SDC4|RPS2|CTSL|TAB1|ITGB1|GPC2|RBX1|RPS23|VPS39|VPS11|SNRPD2|RPS27|HMG20B|AKT2|GSK3B|RPSA|MGAT4B|IL17RC|SH3KBP1|IFNGR1|RPS11|RPS26|RPS12|PRMT1|BCL2L1|NUP188|TRAF3|MAN2A1|TYK2|SAP30L|TUFM|CHMP7|VEGFA|AP2M1|RPS5|MGAT1|ST3GAL3|VPS33B|SEC24C|FNTB|LARP1|POM121C|MAVS|TKFC|IRAK2|RPS14|HLA-E|MGAT5|ATP1A1|AP2A1|AAAS|AP2S1|RELA|RPS17|FURIN|SMAD3|SDC3
REACTOME_SCF_BETA_TRCP_MEDIATED_DEGRADATION_OF_EMI1	0.977473065621939	1	0.226907630799286	0.712026246603483	3991	53	PSMC6|PSMC1|PSMD5|PSMA1|PSMA4|PSMD6|PSMD10|SKP1|PSMA2|PSMA6|PSMC2|PSME4|PSMD14|PSMD11|PSMC5
REACTOME_SCF_SKP2_MEDIATED_DEGRADATION_OF_P27_P21	0.693847294292068	1	0.277162082809299	0.88673115642587	2807	59	CCNE2|PSMC6|PSMC1|PSMD5|CCNA2|PSMA1|PSMA4|PSMD6|CDKN1B|CDK2|PSMD10|SKP1|PSMA2|PSMA6|PSMC2|PSMD14|PSMD11|PSMC5|SKP2
REACTOME_SELECTIVE_AUTOPHAGY	0.94042891183479	1	0.233467707064767	0.790854304154083	3551	85	SRC|PRKN|NBR1|UBE2N|VDAC1|TUBB1|UBE2D3|ATG12|ARL13B|PEX5|PARK7|HSP90AA1|UBE2V1|ATM|VIM|DYNC1LI2|OPTN|MAP1LC3B|VDAC3|VDAC2|TOMM20|ATG5|HSPA8|TUBAL3|TOMM22|UBE2D2|TUBB6|MTERF3|CSNK2A1|USP30|FUNDC1|TUBA1A|TOMM70|TUBA4A|IFT88|CSNK2B|CSNK2A2|VCP|DYNC1I2|TBK1|UBE2L3|DYNC1LI1
REACTOME_SEMA4D_IN_SEMAPHORIN_SIGNALING	0.834956614131397	1	-0.300138951757351	-0.765474830759749	4714	24	PLXNB1|SEMA4D|RND1|MET|RHOB|MYL6
REACTOME_SEMA4D_INDUCED_CELL_MIGRATION_AND_GROWTH_CONE_COLLAPSE	0.758823529411765	1	0.320789669886979	0.81347947529141	3353	20	MYL9|ROCK2|MYL12B|RHOA|ROCK1|LIMK1|ARHGEF12
REACTOME_SHC_MEDIATED_CASCADE_FGFR3	0.905685323931247	1	0.293110159105253	0.691960060094049	4109	15	FGF5
REACTOME_SHC_MEDIATED_CASCADE_FGFR4	0.916361639824304	1	-0.29484817739169	-0.673339586440564	5006	15	FGF17|FGF2
REACTOME_SIGNAL_TRANSDUCTION_BY_L1	0.914656103709038	1	-0.285500095789043	-0.691400561112479	5079	19	PAK1|L1CAM|ITGB1|ITGAV|ITGA5
REACTOME_SIGNALING_BY_ACTIVIN	0.666666666666667	1	-0.362855464024168	-0.855752889368112	3687	17	FSTL3|FOXH1|ACVR1B
REACTOME_SIGNALING_BY_CSF1_M_CSF_IN_MYELOID_CELLS	0.985266604303087	1	0.228117781746409	0.638143465790483	4212	30	SRC|YES1|PIK3CA
REACTOME_SIGNALING_BY_CSF3_G_CSF	0.998428222144604	1	-0.201444561533731	-0.540003043637781	5716	30	UBA52|UBB|SOCS3|TYK2|UBC|GAB2|GRB2
REACTOME_SIGNALING_BY_EGFR	0.748008689355539	1	0.277687839560051	0.855027370892158	3098	47	EGF|SRC|PIK3CA|SPRY2|EPS15|EPGN|HBEGF|NRAS|PTPN12|ADAM10
REACTOME_SIGNALING_BY_EGFR_IN_CANCER	0.853510351035104	1	0.29104682963497	0.758682021902935	3792	22	EGF|PIK3CA|EPGN|HBEGF|NRAS
REACTOME_SIGNALING_BY_FGFR	0.998379517096095	1	-0.210377193917752	-0.669440359371695	6160	78	POLR2L|POLR2F|FGFBP3|FGF17|UBA52|UBB|POLR2E|FGFR3|RBFOX2|FGF2|POLR2A|GIPC1|POLR2J
REACTOME_SIGNALING_BY_FGFR_IN_DISEASE	0.991590403165966	1	0.215152753710008	0.685174459332544	4008	58	FGF5|PIK3CA|NCBP2|FGFR1OP2|FGFR1|TRIM24|NRAS|BAG4|ZMYM2|NCBP1|STAT1|CPSF6|POLR2K|POLR2B|SOS1|GAB1
REACTOME_SIGNALING_BY_FGFR2	0.985882743730277	1	-0.221805215637342	-0.687220906854299	5935	66	POLR2L|POLR2F|FGFBP3|FGF17|UBA52|UBB|POLR2E|RBFOX2|FGF2|POLR2A|POLR2J|HNRNPM|FRS3|POLR2I|PPP2R1A|POLR2G|UBC|GRB2|PIK3R1
REACTOME_SIGNALING_BY_FGFR2_IN_DISEASE	0.891240242844753	1	-0.267955334028559	-0.752316606182069	5137	38	POLR2L|POLR2F|FGF17|POLR2E|FGF2|POLR2A|POLR2J
REACTOME_SIGNALING_BY_FGFR4	0.881965671290854	1	0.263761544674871	0.769325402173029	3750	36	SRC|PIK3CA|SPRY2|MAPK1|NRAS|BRAF|PPP2CA|SOS1|GAB1|PTPN11|SHC1|FGFR4
REACTOME_SIGNALING_BY_FLT3_ITD_AND_TKD_MUTANTS	0.960479573712256	1	0.264693584230282	0.633982473771509	4325	16	PIK3CA|NRAS|SOS1|PTPN11|PIM1
REACTOME_SIGNALING_BY_HEDGEHOG	0.994719676968473	1	-0.212406416170385	-0.728755874469827	6404	140	SEL1L|DYNC2H1|IFT122|DHH|PSMB9|TULP3|IFT140|UBA52|DISP2|UBB|OS9|PSMB5|PSMB6|SPOPL|PSMB10|SYVN1|PSMD2|RBX1|TUBB2B|GSK3B|TUBA1B|SMURF2|PSMB4|TUBB3|PSMA7|PSMD9|ADCY3|PSMC3|TUBA3C|SEM1|P4HB|PRKACB|FUZ|PSMB3|ULK3
REACTOME_SIGNALING_BY_INSULIN_RECEPTOR	0.997020360867406	1	-0.206062701757759	-0.646584121927429	6022	72	FLT3LG|TCIRG1|IRS1|FGF17|ATP6V1F|IRS2|TRIB3|CTSD|FGFR3|FGF2|AKT2|ATP6V0A1|ATP6V0A2|ATP6V0B
REACTOME_SIGNALING_BY_INTERLEUKINS	0.862307692307692	1	0.225225507660339	0.919078885231496	2241	402	TSLP|CXCL8|PTPN6|BATF|NKIRAS1|PELI2|FOXO1|IL12RB2|CD36|CCL5|CCL2|IL10RB|IGHE|CTF1|CAPZA1|CCL4|PSMC6|PSMC1|HIF1A|IL18R1|MEF2A|PSMD5|PTPN2|YES1|PIK3CA|PELI3|TAB2|CD80|MEF2C|PSMA1|PSMA4|UBE2N|MAPK8|TCP1|PSMD6|VAV1|MAPK1|USP14|IL32|IL1RL1|IL6R|S1PR1|PTPN14|IL24|JAK3|RPS6KA2|RAP1B|SOS2|YWHAZ|JAK2|IRAK4|SOCS2|IL10RA|PELI1|BCL2|LCP1|CASP3|ELK1|PTPN12|IL17RE|ATF2|NDN|PSMD10|SKP1|PSMA2|MYC|CHUK|PSMA6|ANXA1|CREB1|PSMC2|NOD1|MAPK9|PPP2CA|PSME4|MAPK14|HMGB1|PTAFR|FBXW11|IL13RA1|BRWD1|PSMD14|PPP2R1B|PSMD11|HSP90AA1|ATF1|RIPK2|H3C10|LMNB1|UBE2V1|PSMC5|MAP2K4|IL1R1|HSPA9|PTPN9|HNRNPA2B1
REACTOME_SIGNALING_BY_NOTCH1	0.803437343567495	1	-0.268622087886692	-0.834243635073758	4814	68	MAML3|HDAC10|HDAC8|UBA52|APH1B|HDAC4|UBB|JAG2|DLK1|NCSTN|MIB2|HDAC7|RBX1|HDAC5|HES1|PSEN1|DTX2|TBL1X|PSENEN|HDAC6|ARRB2|TLE3
REACTOME_SIGNALING_BY_NOTCH3	0.71519313304721	1	-0.298806497215231	-0.861010281216969	4165	44	MAML3|UBA52|APH1B|UBB|JAG2|NOTCH3|NCSTN|TACC3|MIB2
REACTOME_SIGNALING_BY_NOTCH4	0.997088791848617	1	-0.210692351682876	-0.673465073101394	6164	80	MAML3|PSMB9|ACTA2|UBA52|APH1B|UBB|NCSTN|TACC3|PSMB5|PSMB6|PSMB10|PSMD2|RBX1|PSMB4|HES1|PSMA7|PSEN1|PSMD9|PSMC3|SEM1|PSENEN|PSMB3
REACTOME_SIGNALING_BY_NTRK3_TRKC	0.943587483472896	1	0.276833990984944	0.653536082211435	4281	15	SRC|PIK3CA|NRAS
REACTOME_SIGNALING_BY_NTRKS	0.957599118942731	1	0.226836608470329	0.812451300630409	3477	121	FOSB|EGR3|SRC|MEF2A|EGR1|PIK3CA|MEF2C|NAB1|TCF12|TRIB1|MAPK1|RRAD|RPS6KA2|EGR2|RIT1|RAP1A|RHOA|NRAS|ELK1|CLTC|ATF2|KIDINS220|BRAF|CREB1|PPP2CA|MAPK14|PCSK6|PPP2R1B|ATF1|REST|EP300|CRK|SOS1|GAB1|PIK3CB|RPS6KA3|CRKL|SH3GL3|MAP2K1|YWHAB|PTPN11|MAP2K5|RPS6KA5|CDK5R1
REACTOME_SIGNALING_BY_NUCLEAR_RECEPTORS	0.827929096411587	1	-0.240809658430887	-0.879727015760632	5744	250	H4C4|H2AC20|IGF1R|H2AC7|H2AC8|GNG8|POLR2L|RDH16|POLR2F|PRKCZ|H2BC13|GNB3|H2BC17|EREG|H4C11|APOE|H4C3|APOC1|SREBF1|APOD|H3C12|H4C14|CCND1|HSPB1|FOS|AKT3|GREB1|H3C13|ESR1|H4C2|DHRS4|ALDH8A1|H2BC5|POLR2E|CTSD|KANK1|DHRS3|SPHK1|PPARD|NOS3|H3C2|GNB5|H2BC12|RDH13|FASN|STAG1|GPAM|AKT2|POLR2A|H2AZ2|KDM4B
REACTOME_SIGNALING_BY_PDGF	0.998981497199117	1	-0.206082047370067	-0.610837604346343	5884	51	PLAT|BCAR1|COL6A1|COL6A3
REACTOME_SIGNALING_BY_PTK6	0.82788002726653	1	-0.273958657256305	-0.803150060695595	4857	48	KHDRBS3|EREG|BCAR1|SRMS|UBA52|CCND1|UBB|NRG1|PELP1
REACTOME_SIGNALING_BY_RETINOIC_ACID	0.985636713960414	1	-0.232631644107945	-0.634856038768793	5626	33	RDH16|DHRS4|ALDH8A1|DHRS3|PPARD|RDH13|PDK3|CPT1A
REACTOME_SIGNALING_BY_TGFB_FAMILY_MEMBERS	0.891254049051365	1	-0.239964463915745	-0.827038117410941	5777	145	AMH|SMAD7|FSTL3|PRKCZ|SMAD6|FOXH1|TGFB3|UBA52|GDF2|ACVR1B|APH1B|SERPINE1|UBB|TIMP1|LTBP3|LTBP4|NCSTN|AMHR2|ITGB5|JUNB|ITGB1|ITGAV|NEDD8|FGF2|TGIF2|ACVR2B|GIPC1|HELLS|COL1A2|SMURF2|STUB1|UBE2M|SKI|PSEN1|PARP1|LTBP1
REACTOME_SIGNALING_BY_TGFBR3	0.685653002859867	1	0.293224715455302	0.879313937473448	2876	41	AGO4|TGFBR2|MMP14|SMAD4|TCF12|TGFBR1|SP1
REACTOME_SIGNALING_BY_THE_B_CELL_RECEPTOR_BCR	0.999458434876794	1	0.190725665515019	0.671514658041901	3690	107	PTPN6|PSMC6|PSMC1|PSMD5|PSMA1|PSMA4|PPP3CB|PSMD6|VAV1|NFATC2|REL|NRAS|PSMD10|PPP3R1|SKP1|PSMA2|CHUK|PSMA6|PSMC2|NCK1|PSME4|FBXW11|PSMD14|PSMD11|PSMC5|BTK
REACTOME_SIGNALING_BY_WNT	0.983159312899966	1	0.213636228386725	0.845023434100819	2918	280	H4C5|LGR4|AGO4|GNAT2|H2BC6|FZD8|H4C12|GNG12|TCF7|PSMC6|RNF43|VPS26A|TLE4|PSMC1|GNB4|PSMD5|H2BC21|LEO1|H2BC26|PSMA1|PSMA4|LRP6|NLK|PPP2R5E|BCL9|PPP3CB|PSMD6|H3-3A|TNKS2|H2BC7|WNT2B|SFRP2|GNG10|SNX3|RHOA|USP8|FZD2|YWHAZ|TMED5|PIP5K1B|FZD4|CLTC|PSMD10|PPP3R1|SKP1|PSMA2|MYC|PSMA6|CUL3|PFN1|KLHL12|APC|PSMC2|CTNNB1|PPP2CA|TNKS|PPP2R5C|PSME4|PLCB1|H2BC8|TLE2|AGO1|PSMD14|PPP2R1B|PSMD11|RYK|CDC73|H3C10|DVL3|H4C8|PSMC5|AMER1
REACTOME_SIGNALLING_TO_ERKS	0.88646288209607	1	-0.275122358620845	-0.742381395319576	5074	31	MAPK13|MAPK11|MAPK12
REACTOME_SMAD2_SMAD3_SMAD4_HETEROTRIMER_REGULATES_TRANSCRIPTION	0.981890997736375	1	-0.232524787592974	-0.642907461655119	5638	35	SMAD7|UBA52|SERPINE1|UBB|JUNB|TGIF2|COL1A2
REACTOME_SOMITOGENESIS	0.846229187071499	1	0.259912423290508	0.815593845606971	3455	53	PSMC6|PSMC1|PSMD5|PSMA1|PSMA4|PSMD6|HES7|LFNG|RBPJ|PSMD10|PSMA2|PSMA6|PSMC2|CTNNB1|PSMD14|PSMD11|PSMC5
REACTOME_SPHINGOLIPID_DE_NOVO_BIOSYNTHESIS	0.877905611645926	1	0.26655659011438	0.772082839718136	3738	35	KDSR|SGMS2|VAPA|CERT1|PRKD3|SPTSSA|CYB5B|SGMS1|VAPB|DEGS1|ORMDL1|SPTLC1
REACTOME_SPHINGOLIPID_METABOLISM	0.815697489672704	1	-0.256627204389539	-0.842152417874034	5133	98	STS|GLB1L3|SMPD1|ARSA|GLB1L2|DEGS2|GBA2|SMPD3|ST6GALNAC6|ST8SIA5|ARSL|PSAP|CTSA|GAL3ST1|SPHK1|HEXA|CERS4|B4GALNT1|CERS5|SUMF2|SAMD8|NEU1|FUT1
REACTOME_SPRY_REGULATION_OF_FGF_SIGNALING	0.69404973357016	1	0.352026660022609	0.843158829873607	3125	16	SRC|SPRY2|MAPK1|BRAF|PPP2CA
REACTOME_STABILIZATION_OF_P53	0.912160508930756	1	0.245934135592469	0.774584994603587	3727	54	PSMC6|PSMC1|PSMD5|PSMA1|PSMA4|COP1|PSMD6|PSMD10|PSMA2|PSMA6|PSMC2|PSME4|PSMD14|PSMD11|PSMC5|ATM
REACTOME_SULFUR_AMINO_ACID_METABOLISM	0.900574052812859	1	0.275742213948513	0.730518346693304	3921	24	ENOPH1|SQOR|MTRR|ADO|CSAD|AHCY|GOT1|GOT2|CTH|APIP
REACTOME_SUMOYLATION_OF_DNA_METHYLATION_PROTEINS	0.917628774422735	1	0.285648125370655	0.684171872458871	4132	16	RNF2|BMI1|SUMO1
REACTOME_SUMOYLATION_OF_INTRACELLULAR_RECEPTORS	0.743311808118081	1	0.305334353045349	0.834114806507232	3222	27	NR4A2|SUMO1|PIAS2|NR2C1|VDR|NR5A2|PIAS1|SUMO3|SUMO2|NR3C1|PPARA|PIAS3
REACTOME_SWITCHING_OF_ORIGINS_TO_A_POST_REPLICATIVE_STATE	0.957357199262964	1	0.230103719773283	0.788022641849235	3636	90	CCNE2|PSMC6|PSMC1|PSMD5|ORC4|CCNA2|PSMA1|PSMA4|ORC2|PSMD6|CDC27|UBE2E1|CDK2|PSMD10|SKP1|PSMA2|PSMA6|UBE2D1|PSMC2|ORC3|PSME4|ANAPC10|PSMD14|PSMD11|PSMC5|SKP2
REACTOME_SYNTHESIS_OF_ACTIVE_UBIQUITIN_ROLES_OF_E1_AND_E2_ENZYMES	0.777128157156221	1	0.29273519426623	0.818906136986593	3322	30	UBA6|UCHL3|UBE2E3|UBE2E1|UBE2W|UBE2D1|UBE2A|UBE2K|UBE2B|UBE2D2|USP9X|UBE2G2|USP7|UBE2G1|UBE2L3
REACTOME_SYNTHESIS_OF_DNA	0.789171452009844	1	0.246709064005389	0.881906187530952	2885	119	CCNE2|PSMC6|PSMC1|PSMD5|RFC4|PRIM1|ORC4|CCNA2|PSMA1|PSMA4|DNA2|GINS1|POLA1|ORC2|PSMD6|CDC27|UBE2E1|RFC5|CDK2|RFC1|PSMD10|SKP1|PSMA2|PSMA6|UBE2D1|PSMC2|RPA2|ORC3|PSME4|ANAPC10|PCNA|PSMD14|PSMD11|PSMC5|RFC3|SKP2
REACTOME_SYNTHESIS_OF_IP3_AND_IP4_IN_THE_CYTOSOL	0.815056417489422	1	-0.302145874547438	-0.7782471115195	4622	25	PLCB4|ITPKC|INPP5J|INPPL1|INPP5D
REACTOME_SYNTHESIS_OF_PC	0.657263751763047	1	-0.339159816212628	-0.873585143951789	3727	25	PEMT|LPIN3|MFSD2A|PCYT1B|LPIN2|STARD10|LPCAT1|PCYT1A|PCTP|SLC44A4|ACHE
REACTOME_SYNTHESIS_OF_SUBSTRATES_IN_N_GLYCAN_BIOSYTHESIS	0.688370531968451	1	-0.291305068705393	-0.882525106994205	4101	58	NAGK|DPM3|FCSK|RENBP|AMDHD2|SRD5A3|ST6GALNAC6|ST8SIA5|GMPPA|CTSA|GFUS|MVD|NUDT14|NEU1|ST8SIA1|MPI|DOLK|DPM2|ST3GAL3
REACTOME_SYNTHESIS_OF_VERY_LONG_CHAIN_FATTY_ACYL_COAS	0.784775713638423	1	0.311091189643222	0.799577792404409	3463	21	SLC27A3|HACD2|ACSL4|ACSL1|HACD3|ELOVL5|ELOVL6|HSD17B12|HACD1
REACTOME_TAK1_DEPENDENT_IKK_AND_NF_KAPPA_B_ACTIVATION	0.97632624848799	1	-0.238107056812386	-0.674943559112873	5649	40	UBA52|AGER|NLRX1|UBB|IKBKG|TRAF2|TAB1|NFKBIB
REACTOME_TCF_DEPENDENT_SIGNALING_IN_RESPONSE_TO_WNT	0.929190319689274	1	0.225898291087108	0.859875242045392	3109	191	H4C5|LGR4|H2BC6|FZD8|H4C12|TCF7|PSMC6|RNF43|TLE4|PSMC1|PSMD5|H2BC21|LEO1|H2BC26|PSMA1|PSMA4|LRP6|PPP2R5E|BCL9|PSMD6|H3-3A|TNKS2|H2BC7|SFRP2|USP8|FZD2|YWHAZ|PIP5K1B|FZD4|PSMD10|PSMA2|MYC|PSMA6|CUL3|KLHL12|APC|PSMC2|CTNNB1|PPP2CA|TNKS|PPP2R5C|PSME4|H2BC8|TLE2|PSMD14|PPP2R1B|PSMD11|RYK|CDC73|H3C10|DVL3|H4C8|PSMC5|AMER1
REACTOME_TCR_SIGNALING	0.977095122608461	1	0.220052762759101	0.774243154570972	3625	106	CD3G|PSMC6|PSMC1|PSMD5|PIK3CA|TAB2|PSMA1|PSMA4|UBE2N|PSMD6|PAK3|PSMD10|SKP1|PSMA2|CHUK|PSMA6|UBE2D1|WAS|PSMC2|NCK1|PTEN|PSME4|PTPRC|FBXW11|PTPRJ|PSMD14|PSMD11|RIPK2|UBE2V1|PSMC5
REACTOME_TGF_BETA_RECEPTOR_SIGNALING_ACTIVATES_SMADS	0.71504724981827	1	0.283884769240479	0.868629503099707	2950	46	FBN1|TGFBR2|STRAP|PPP1CB|PPP1CC|SMAD4|SMAD2
REACTOME_TGF_BETA_RECEPTOR_SIGNALING_IN_EMT_EPITHELIAL_TO_MESENCHYMAL_TRANSITION	0.720443797744634	1	-0.352677187898335	-0.818393363136869	3960	16	PRKCZ|UBA52|UBB
REACTOME_THE_CANONICAL_RETINOID_CYCLE_IN_RODS_TWILIGHT_VISION	0.672128195894851	1	-0.35224429291768	-0.853036147322018	3732	19	RDH16|ABCA4|RDH12
REACTOME_THE_ROLE_OF_GTSE1_IN_G2_M_PROGRESSION_AFTER_G2_CHECKPOINT	0.99922480620155	1	0.195961134084488	0.651043207435858	3866	75	PSMC6|PSMC1|PSMD5|CCNB1|PSMA1|PSMA4|PSMD6|CDK1|TUBB1|PSMD10|PSMA2|PSMA6|PSMC2|PSME4|PSMD14|PSMD11|HSP90AA1|PSMC5|CCNB2|MAPRE1
REACTOME_THE_ROLE_OF_NEF_IN_HIV_1_REPLICATION_AND_DISEASE_PATHOGENESIS	0.807651622002821	1	-0.304306142277293	-0.783811384483303	4580	25	FYN|AP1B1|AP1M1|AP1S1|AP2M1|ATP6V1H|AP2A1|AP2S1|ARF1|B2M
REACTOME_TICAM1_RIP1_MEDIATED_IKK_COMPLEX_RECRUITMENT	0.842176258992806	1	0.298711803863344	0.749184628532535	3745	19	UBE2N|UBE2D3|CHUK|BIRC2|UBE2D1|UBE2V1|RIPK1
REACTOME_TNFR1_INDUCED_NF_KAPPA_B_SIGNALING_PATHWAY	0.70064809949203	1	-0.314281847983462	-0.857680948061969	3999	33	CYLD|UBA52|TNFRSF1A|UBB|TRADD|IKBKG|TRAF2|TAB1|SPATA2|RBCK1|RNF31|SHARPIN
REACTOME_TNFR1_INDUCED_PROAPOPTOTIC_SIGNALING	0.866184767277856	1	-0.290503847109032	-0.748260356811228	4912	25	CYLD|TNFRSF1A|TRADD|TRAF2|MIB2|SPATA2|RBCK1|RNF31|SHARPIN
REACTOME_TOLL_LIKE_RECEPTOR_CASCADES	0.767641996557659	1	0.244283499756366	0.901081934431684	2675	152	NKIRAS1|PELI2|CD36|CTSS|MAP3K1|MEF2A|CTSK|PELI3|TAB2|MEF2C|UBE2N|MAPK8|MAPK1|USP14|RPS6KA2|IRAK4|PIK3C3|PELI1|TLR5|ELK1|UBE2D3|ATF2|SKP1|CHUK|BIRC2|IKBKE|CREB1|UBE2D1|NOD1|MAPK9|PPP2CA|MAPK14|HMGB1|FBXW11|PPP2R1B|ATF1|RIPK2|UBE2V1|MAP2K4|BTK|RIPK1
REACTOME_TP53_REGULATES_METABOLIC_GENES	0.993188452805709	1	-0.217324416104114	-0.692926765175197	6123	79	COX6B2|SFN|COX8A|COX6A1|COX5B|COX6B1|AKT3|G6PD|TSC1|PRKAB2|LAMTOR5|AKT2
REACTOME_TP53_REGULATES_TRANSCRIPTION_OF_CELL_DEATH_GENES	0.971408887357906	1	-0.238353094721868	-0.679091920319818	5639	41	FAS|BCL6|PRELID1|PIDD1|BID|TNFRSF10A|BBC3|TP73|CASP10|STEAP3|TNFRSF10B|BIRC5|AIFM2|ZNF420|RABGGTA|CRADD
REACTOME_TP53_REGULATES_TRANSCRIPTION_OF_DNA_REPAIR_GENES	0.86841662460037	1	-0.260676901873626	-0.795007265578349	5160	61	POLR2L|POLR2F|DDB2|GTF2H4|FOS|POLR2E|SUPT5H|POLR2A|POLR2J|ELL|ERCC2|NELFB|JUN|POLR2I|FANCD2|SUPT16H|POLR2G
REACTOME_TRANS_GOLGI_NETWORK_VESICLE_BUDDING	0.997678275290216	1	-0.208455232727406	-0.651391119344526	6015	70	TPD52|HGS|STX4|SH3D19|IGF2R|GAK|HIP1R|GNS|CLTA|AP1B1|DTNBP1|DNASE2|AP1M1|AP1S1|CTSZ|VAMP2|AP1G2|AP4B1|AP4M1|ACBD3|SNAPIN|BLOC1S4|GBF1|ARF1|VAMP8|M6PR
REACTOME_TRANSCRIPTION_COUPLED_NUCLEOTIDE_EXCISION_REPAIR_TC_NER	0.789422294548413	1	-0.26599155681623	-0.843045159671862	4850	76	POLR2L|POLR2F|XAB2|UVSSA|GTF2H4|UBA52|PPIE|UBB|LIG1|POLE|POLR2E|POLD1|RFC2|RBX1|PRPF19|GPS1|POLR2A|POLR2J|ELL|ERCC2
REACTOME_TRANSCRIPTION_OF_THE_HIV_GENOME	0.996477101157524	1	0.208934470412114	0.68746235925942	3959	69	TAF9B|NCBP2|GTF2A1|GTF2H2|TAF1|CCNH|GTF2E1|CCNT2|SUPT4H1|GTF2B|TAF9|NCBP1|TAF4B|GTF2H1|CTDP1|TAF12|TAF3|POLR2K|GTF2H5|POLR2B|TCEA1|NELFCD|MNAT1|POLR2C|RNGTT|TAF11|NELFA|TAF2
REACTOME_TRANSCRIPTIONAL_ACTIVATION_OF_MITOCHONDRIAL_BIOGENESIS	0.698824681684623	1	0.28144157499409	0.883151384443636	2853	53	NCOA2|GLUD1|MEF2C|TFB2M|SIRT5|ATP5F1B|CHD9|ATF2|GABPA|CREB1|NRF1|SSBP1|GLUD2|NCOR1|HELZ2
REACTOME_TRANSCRIPTIONAL_AND_POST_TRANSLATIONAL_REGULATION_OF_MITF_M_EXPRESSION_AND_ACTIVITY	0.975246335015621	1	0.230629446150292	0.693035343091539	4057	42	TBX3|DARS1|RARS1|MAPK1|KIT|TFE3|CREB1|CTNNB1|AIMP1
REACTOME_TRANSCRIPTIONAL_REGULATION_BY_MECP2	0.980088495575221	1	0.225808096429673	0.714415575600616	3986	56	AGO4|CAMK2B|HDAC2|MEF2C|GRIA2|CREB1|PTEN|AGO1|NCOR1
REACTOME_TRANSCRIPTIONAL_REGULATION_BY_RUNX1	0.978704525288376	1	-0.21968895304251	-0.787950172229712	6617	205	H4C4|H2AC20|H2AC7|H2AC8|PSMB9|H2BC13|H2BC17|H4C11|H4C3|CBX8|CSF2|FOXP3|UBA52|H3C12|H4C14|CCND1|UBB|KMT2B|H3C13|ESR1|H4C2|SMARCC2|PSMB5|PSMB6|H2BC5|PSMB10|PHC1|H3C2|CTSL|PSMD2|ABL1|SETD1A|H2BC12|LIFR|GPAM|H2AZ2|NFE2|SMARCA4|CBX2|PSMB4|SMARCD2|PRMT1|PSMA7|SOCS3|GATA2
REACTOME_TRANSCRIPTIONAL_REGULATION_BY_RUNX2	0.926888708367181	1	0.232484547133202	0.818541021978421	3422	107	LGALS3|SRC|PSMC6|RUNX2|PSMC1|PSMD5|YES1|SMAD4|CCNB1|PSMA1|PSMA4|SATB2|CBFB|PSMD6|MAPK1|WWTR1|BGLAP|CDK1|NKX3-2|ZNF521|PSMD10|SKP1|PSMA2|PSMA6|RB1|PSMC2|PSME4|PSMD14|PSMD11
REACTOME_TRANSCRIPTIONAL_REGULATION_BY_RUNX3	0.703907684238133	1	0.261375208493266	0.901101675384919	2683	93	KAT2B|SRC|TCF7|PSMC6|PSMC1|PSMD5|SMAD4|PSMA1|PSMA4|CBFB|PSMD6|WWTR1|SPP1|MAMLD1|RBPJ|SNW1|PSMD10|PSMA2|MYC|PSMA6|MAML2|PSMC2|CTNNB1|TEAD1|PSMD14|PSMD11|PSMC5
REACTOME_TRANSCRIPTIONAL_REGULATION_BY_THE_AP_2_TFAP2_FAMILY_OF_TRANSCRIPTION_FACTORS	0.722493887530562	1	-0.314486724032073	-0.843029897992845	4136	30	TFAP2E|APOE|CITED4|NOP2|ESR1
REACTOME_TRANSCRIPTIONAL_REGULATION_BY_TP53	0.96987087517934	1	0.21663680934785	0.876108357011835	2703	347	AGO4|SESN3|CCNE2|CCNG1|RFFL|RRM2B|CNOT11|RMI1|SLC38A9|CNOT8|TP53INP1|HDAC2|NBN|BNIP3L|USP2|RFC4|TAF9B|NPM1|TP63|CCNA2|CCNB1|MSH2|DNA2|YWHAQ|YWHAG|RBL2|CNOT6|CNOT7|PERP|RAD9B|TIGAR|GTF2H2|TRIAP1|YWHAZ|RBL1|MEAF6|TAF1|CCNH|CNOT3|LAMTOR3|HUS1|CDK1|POU4F1|CNOT2|RFC5|MTA2|RHEB|COX7A2L|CDKN1B|CDK2|PRKAA1|CNOT6L|COX7B|ATF2|RICTOR|RBBP4|CCNT2|RBBP8|RPA2|SUPT4H1|PPP2CA|TAF9|GPI|PPP2R5C|PTEN|ING2|MAPK14|ATR|TAF4B|PCNA|BRIP1|AGO1|YWHAH|WRN|PPP2R1B|GTF2H1|CTDP1|BLM|CENPJ|RFC3|PMS2|TFDP2|CHM|ATM|CDC25C|RMI2|TAF12|EP300|RBBP7|EXO1|PRDX5|TAF3|POLR2K|RRAGB|CNOT10|PPP1R13L|GTF2H5|POLR2B|PIP4K2A|PRMT5|TCEA1|PRELID3A|RAD17|AGO2|YWHAB|NELFCD|MNAT1|RPA3|BRCA1|CDK13|L3MBTL1|POLR2C|TAF11|PMAIP1|CHEK2|NELFA|GATAD2B|CSNK2A1|PIP4K2C|CDK5R1|PHF20|TAF2|AGO3|RRAGC|CASP6|RABGGTB|COX5A|GLS|PML|CHEK1
REACTOME_TRANSCRIPTIONAL_REGULATION_BY_VENTX	0.832004160887656	1	-0.281870136487929	-0.787789573766764	4798	37	CDC26|ANAPC11|CCND1|VENTX|CEBPB|FZR1|ANAPC2|EHMT2|TCF7L2|RELA|UBE2S|ANAPC15
REACTOME_TRANSCRIPTIONAL_REGULATION_OF_WHITE_ADIPOCYTE_DIFFERENTIATION	0.910709609845509	1	0.241041999609608	0.809626895383327	3477	80	MED18|CD36|NCOA2|NCOA3|ANGPTL4|MED13|MED21|CCNC|EGR2|MED17|MED23|MED7|CHD9|MED31|MED14|NCOR1|ZNF638|HELZ2|MED9|MED8|MED26|EP300|NCOR2|CDK8|WNT10B|MED20|CDK19|PPARA|NR2F2
REACTOME_TRANSFERRIN_ENDOCYTOSIS_AND_RECYCLING	0.730003492839679	1	-0.313037542289012	-0.839145144063131	4179	30	TCIRG1|HFE|ATP6V1F|MCOLN1|TFR2|ATP6V0A1|ATP6V0A2|ATP6V0B|ATP6V1H|STEAP3
REACTOME_TRANSLATION	0.897889817306331	1	-0.231644196132832	-0.857736741007502	6339	291	RPS21|RPL28|RPS28|RPS20|RPLP2|RPS29|MRPL14|MRPS18C|MRPL41|RPL23|UBA52|MT-RNR1|RPS9|RPL18|AURKAIP1|RPL13A|FAU|SEC61B|MRPS14|RPL38|LARS2|MRPL55|TRMT112|TSFM|RPS18|RPS15|RPS10|RPS16|MTFMT|SEC61A1|RPS2|MRPS21|RPLP1|RPL27|MRPL57|RPS23|RPL10|RPL36|ERAL1|MRPL2|RPS27|VARS1|MRPS11|MRPS5|RPL37A|RPSA|CARS2|SSR4|RPS11|MRPL24|RPS26|RPS12|RPL3|EEF1D|MRPL17|AARS1|OXA1L|RPL35|MRPL21|QARS1|MRPL4|CHCHD1|MT-RNR2|MRPL46|RPL8|TUFM|EIF2B5|RPS5|MRPS18A|EIF4G1|GADD45GIP1|SEC61A2|MRPS12|KARS1|MRPS28|MRPS16|EIF2B4|EIF4A1|CARS1|EIF4EBP1|RPL35A|EIF3K|MRPS26|SEC11C|WARS2|RPS14|MRPL58|EIF3B
REACTOME_TRANSLATION_OF_SARS_COV_1_STRUCTURAL_PROTEINS	0.699788210377692	1	-0.32427748275772	-0.849266093393992	3964	27	MOGS|UBA52|PRKCSH|UBB|GSK3B|MGAT1|ST3GAL3|UBC|ST3GAL2
REACTOME_TRANSLATION_OF_SARS_COV_2_STRUCTURAL_PROTEINS	0.997125950972105	1	-0.21031159059848	-0.629501152766631	5897	54	MGAT4A|MOGS|MAN1B1|UBA52|PRKCSH|UBB
REACTOME_TRANSLESION_SYNTHESIS_BY_POLH	0.877697841726619	1	0.28922491335095	0.725391017257273	3903	19	RFC4|RCHY1|RFC5|RFC1|RPA2|PCNA|RFC3|RPA3|POLH
REACTOME_TRANSLESION_SYNTHESIS_BY_POLK	0.74407158836689	1	0.332817698521381	0.810665187231926	3325	17	REV3L|RFC4|RFC5|RFC1|RPA2|PCNA|RFC3
REACTOME_TRANSLESION_SYNTHESIS_BY_Y_FAMILY_DNA_POLYMERASES_BYPASSES_LESIONS_ON_DNA_TEMPLATE	0.952537675385415	1	-0.250027692301976	-0.705277519677031	5498	39	UBA7|UBA52|UBB|ISG15|POLE|POLD1|RFC2
REACTOME_TRANSLOCATION_OF_SLC2A4_GLUT4_TO_THE_PLASMA_MEMBRANE	0.999496728736789	1	0.191085804777958	0.628734444414701	3971	69	C2CD5|EXOC5|STXBP3|RALGAPB|YWHAQ|YWHAG|RAB11A|KIF3A|EXOC8|YWHAZ|EXOC6|TUBB1|RAB14|YWHAH|RAB4A|LNPEP|RAB10|EXOC4|TBC1D4|YWHAB|TUBAL3|SNAP23|TUBB6|ACTB
REACTOME_TRANSPORT_OF_VITAMINS_NUCLEOSIDES_AND_RELATED_MOLECULES	0.677863307674364	1	0.305777313036999	0.879072304369377	2905	34	SLC35A3|SLC29A4|SLC33A1
REACTOME_TRANSPORT_TO_THE_GOLGI_AND_SUBSEQUENT_MODIFICATION	0.997034400948992	1	0.205574996281668	0.772144879400019	3361	174	TRAPPC6B|SEC24B|CAPZA1|CNIH1|CAPZA2|MGAT2|PPP6C|ST8SIA6|DCTN4|ARF4|COG6|TMED2|SEC22A|SAR1B|F5|COPZ2|SCFD1|CNIH3|ANKRD28|TMED7|FUT8|DCTN6|B4GALT5|TRAPPC2|ACTR10|SEC23A|TUBB1|SEC24A|MAN1A2|SEC23IP|CAPZB|ARCN1|USO1|RAB1A|TFG|STX17|FUCA1|GOLGB1|COPB1|COPB2|SPTBN4|DYNC1LI2|LMAN1|B4GALT3|GORASP1
REACTOME_TRIGLYCERIDE_METABOLISM	0.877115655853315	1	-0.287562802768008	-0.740685011734349	4974	25	DGAT2|LPIN3|DGAT1|LPIN2|GPAM
REACTOME_TRISTETRAPROLIN_TTP_ZFP36_BINDS_AND_DESTABILIZES_MRNA	0.995119305856833	1	-0.222814350128677	-0.525482024717683	5504	17	EXOSC4|EXOSC5|MAPKAPK2|EXOSC7|EXOSC2|DIS3
REACTOME_TRNA_MODIFICATION_IN_THE_NUCLEUS_AND_CYTOSOL	0.741979756390462	1	-0.294046675162034	-0.844821514070564	4324	43	CTU1|LAGE3|DUS2|PUS1|WDR4|TRMT112|QTRT1|TRMT1|TYW5|QTRT2|LCMT2|ADAT1|URM1|CTU2
REACTOME_TRNA_PROCESSING	0.962294043092522	1	-0.229496773394307	-0.764469994712887	6073	110	NUP210|CTU1|RPP21|MT-RNR1|HSD17B10|LAGE3|DUS2|PUS1|CPSF1|WDR4|TRMT112|PRORP|QTRT1|RPP14|TRMT1|FAM98B|GTPBP3|TSEN34|RPP25|RPP38|TYW5|QTRT2|LCMT2|NUP188|ELAC2|MT-RNR2|ADAT1|TSEN54|URM1|POP7|CTU2|POM121C
REACTOME_TRNA_PROCESSING_IN_THE_NUCLEUS	0.881028938906752	1	0.251306055065351	0.800308094771024	3561	58	RANBP2|SEH1L|NUP153|NUP35|NUP107|NUP37|NUP160|RTRAF|NUP133|NUP205|TRNT1|NUP88|XPOT|RAE1|NUP155|NUP54|NUP50|NDC1|NUP58
REACTOME_UB_SPECIFIC_PROCESSING_PROTEASES	0.76308704756207	1	-0.251274986765541	-0.891305848493997	5101	187	H2AC13|H2AC20|SMAD7|H2AC7|H2AC8|H2AC11|H2AC15|CYLD|PSMB9|H2BC13|DDB2|H2BC17|OTUB1|H2AC16|UBA52|RIGI|UBB|HGS|AXIN2|USP20|IKBKG|PSMB5|PSMB6|H2BC5|TRAF2|USP19|FKBP8|PSMB10|H2AC12|TAB1|PSMD2|MUL1|H2AC25|H2BC12
REACTOME_UNFOLDED_PROTEIN_RESPONSE_UPR	0.711897106109325	1	-0.272813089090192	-0.886963557575708	4427	92	WFS1|CREBRF|TSPYL2|HYOU1|ATF6B|EXTL1|CXXC1|EXOSC4|EXOSC5|CALR|MYDGF|YIF1A|CREB3L1|ASNS|SYVN1|CEBPB|ERN1|EXTL3|ACADVL|LMNA|PDIA5|KDELR3|EXOSC7|ADD1|FKBP14|TLN1|EDEM1|MBTPS1|CEBPG|EXOSC2|PDIA6|DDX11|DCTN1|DIS3|CREB3|DDIT3
REACTOME_UPTAKE_AND_ACTIONS_OF_BACTERIAL_TOXINS	0.854394634662902	1	-0.289976371029875	-0.75943324126857	4840	27	STX1A|SV2A|VAMP2|ANTXR2|FURIN|MAP2K2|MAP2K7|CD9|STX1B|MAP2K3
REACTOME_VEGFR2_MEDIATED_CELL_PROLIFERATION	0.893217893217893	1	-0.292811595843791	-0.699940804512872	4951	18	PRKCZ|SPHK1|ITPR3|VEGFA|ITPR2|PDPK1|PRKCA
REACTOME_VEGFR2_MEDIATED_VASCULAR_PERMEABILITY	0.95635103926097	1	0.253831588069926	0.678396505101598	4140	25	VAV2|VAV1|PAK3|CTNND1|RICTOR|CTNNB1|HSP90AA1
REACTOME_VIRAL_MESSENGER_RNA_SYNTHESIS	0.89681589657649	1	0.254304527601467	0.772451591827094	3745	44	RANBP2|SEH1L|NUP153|NUP35|NUP107|NUP37|NUP160|NUP133|NUP205|NUP88|RAE1|NUP155|NUP54|NUP50|NDC1|POLR2K|NUP58|POLR2B|NUP98|POLR2C
REACTOME_VITAMIN_B5_PANTOTHENATE_METABOLISM	0.730880230880231	1	-0.339667034112118	-0.811944678754355	4051	18	PPCDC|NUDT8|SLC25A16|FASN|SLC25A42|ENPP3|COASY|PANK4
REACTOME_ZBP1_DAI_MEDIATED_INDUCTION_OF_TYPE_I_IFNS	0.928054298642534	1	0.27142194084003	0.688289551514905	4101	20	NKIRAS1
REN_ALVEOLAR_RHABDOMYOSARCOMA_DN	0.817762085822922	1	-0.23733241854858	-0.898392012807954	6021	377	TGFB1I1|SMAD7|FSTL3|PLAT|OSMR|ITGBL1|ENG|CCPG1|EXT1|AXL|QSOX1|LAMA4|PDLIM2|TPBG|ECM1|GPR176|RABAC1|COL1A1|RHBDF1|GRN|TWIST1|APLP2|PLOD1|TSPAN4|RCN3|PLSCR3|SMTN|COL6A1|RRBP1|STK39|CCND1|PCOLCE|TNFRSF1A|FEZ1|LGALS3BP|TIMP1|P3H1|NRG1|SEC61B|SLC10A3|ID3|TSPO|ATOX1|CREB3L1|CST3|NECAP2|SFXN3|CD151|RAB11FIP5|NDEL1|BMP1|SPHK1|NPDC1|EPHX1|ELOVL1|SIDT2|VKORC1|NDST1|GNS|ITGAV|TAPBP|UGDH|YKT6|FGF2|CTTN|ACADVL|OSTM1|MFGE8|CLTA|LAMP1|ITGA5|SMURF2|NNMT|ERP29|CAPG|NEU1|CHPF2|AP1S1|TMEM184B|CD81|CSTB|KDELR3|S100A6|GAS6|LY6E|MAN2A1|PDXK|P3H3|SCPEP1|SH3BGRL3|DUSP14|FKBP14|AP2M1|PSMD9|CAVIN1|MAN2B2|BCAP31
RHEIN_ALL_GLUCOCORTICOID_THERAPY_UP	0.990521327014218	1	0.215567802560937	0.708311512365619	3970	68	CXCL8|ZNF165|RGS2|CSTA|NR4A2|CHPT1|GPR183|GRK5|PELI1|GLUL|PTPRC|IL13RA1|ASAH1|GABARAPL1
RICKMAN_TUMOR_DIFFERENTIATED_MODERATELY_VS_POORLY_UP	0.939077936333699	1	0.228875163751275	0.816482309037891	3421	118	FBN1|GPR160|PRKCH|DNASE1L1|C1QTNF3|CTSK|ARL8B|ARF4|SNX24|RAB3D|NCAPG|SH3PXD2B|SYTL2|LIPH|ABHD14A|IRAK4|ZNF286A|TRIP11|CARD6|SNX19|ABHD5|R3HDM4|CHMP2B|IPO5|IL13RA1|GALNT10|GLT8D1|ATP6V0E1|GPR161|CDC25C|SH3GLB1|DENND1B|FUT11|KNTC1|PAFAH2
RICKMAN_TUMOR_DIFFERENTIATED_WELL_VS_MODERATELY_DN	0.901338062227954	1	-0.246170476063775	-0.797962040918978	5590	90	S100A2|APBB2|HOMER3|SFN|GPR68|AFAP1L1|MMP1|CNGB1|KLK8|NRG1|PPARD|CDCP1|CARHSP1|IPPK|NOCT|LRFN4|TRAF3IP2|RPS6KB2|DUSP14|CDKN1A
RICKMAN_TUMOR_DIFFERENTIATED_WELL_VS_MODERATELY_UP	0.687450294257993	1	-0.271284717221994	-0.894376121317345	4321	102	UBL3|PLCB4|FAM171A1|ANKH|CLN3|KRT4|TMTC2|ZNF747|SLC27A1|ARHGEF26|SMDT1|ABHD12|GGT7|CNPY3|FAM118A
RICKMAN_TUMOR_DIFFERENTIATED_WELL_VS_POORLY_UP	0.79430563625799	1	-0.244782617350293	-0.887937090205849	5467	232	PLCB4|FAM171A1|FARP1|TRAPPC6A|IFT122|FZD7|BTN2A2|NPB|MUTYH|C5|H4C3|SLC45A4|RPL23|ERO1B|ZNF747|ARHGEF26|SEMA6A|CLDN11|CHCHD6|SNRNP200|CHD1L|ABHD12|ACACB|MEX3A|PHC1|TSPOAP1|SNHG6|FAM118A|CENPV|JRK|MED12|LIFR|RPS27|TGIF2|ACVR2B|ZNF251|ZBTB39|ZNF764|PSMB4|TENT4A|EEF1D|MGAT3|NOP53|CCDC74A|SRRT|PARP1|BCL7A|CCDC28B|MCM3|TGS1|DNMT3A|CCT7|TRAF5|FRMD4A|RPL35A|E2F6|CLASRP|CCT3|ISYNA1|RABL2B
RIZ_ERYTHROID_DIFFERENTIATION	0.983988355167394	1	-0.224280430218685	-0.716898525864785	6083	80	H2AC8|PLA2G6|SMAD6|FOXH1|AURKB|CDKN2D|POLD1|HMGN2|ID1|MYBL2|POLR2J|RAB2A|MAFG|MCM2|DNMT1|CENPB|MCM3|MCM7|TRIM27|SMARCE1|GATA1|UHRF1
RIZ_ERYTHROID_DIFFERENTIATION_6HR	0.880583198333719	1	0.273761266497132	0.754333133058574	3804	28	SIX4|MEF2C|NR4A2|VDR|RAB1A|HLTF|NFIA|CLIP2|PPARA
RIZ_ERYTHROID_DIFFERENTIATION_APOBEC2	0.859221535103674	1	-0.311225149628646	-0.722203209159039	4723	16	MEIS3|CACNA1A|ESRRB
RIZ_ERYTHROID_DIFFERENTIATION_CCNE1	0.958873336789356	1	-0.247578318825594	-0.701791009071159	5548	40	PLA2G6|SMAD6|FOXH1|AURKB|CDKN2D|HMGN2|ID1|POLR2J|RAB2A|CENPB
RIZKI_TUMOR_INVASIVENESS_2D_UP	0.867384718949849	1	-0.261071776043856	-0.797863269841519	5153	62	TAOK2|STARD3|HMGCL|DPP3|GNA11|KCNE5|LSS|PAEP|CAD|LSM7|MYCL|DNAJC27|ABCD4|SPHK2|SMARCE1|DPM2|H3-3B|UBA1|SPTAN1|STK10|DCTN1
RIZKI_TUMOR_INVASIVENESS_3D_UP	0.698562443845463	1	-0.257729258657166	-0.912613171622628	4664	182	UBL3|IGF1R|FBXL2|RPH3AL|STOML1|SEMA3F|C5|RPGR|DDB2|ARID5A|SLC3A2|SOD3|ECI1|CCK|FGF12|ZMYND10|TAOK2|ABCB6|HIGD2A|MAGED2|IRS2|MMP15|NSDHL|POLE|FILIP1L|TAP2|STOML2|ALG3|GFUS|ZNF263|LAMTOR5|MMP17|COL1A2|DHX8|CASC3|KYAT1|ZNF219|GATA2|ACYP1
RODWELL_AGING_KIDNEY_DN	0.694180190263011	1	0.253141260843037	0.920635369447773	2480	135	EGF|YOD1|SOHLH2|KLHL24|BBOF1|IMPACT|UAP1|RTN4|LRPPRC|OAT|SLK|NLK|FBXO3|SIAH2|ISOC1|DLAT|SLC25A36|LDHB|DBT|TMEM38B|FXR1|NNT|PPM1K|COX7B|NF1|PTGER3|CIZ1|CEP70|GABARAPL1|ADH5|ISCA1|VSIG10|ZNF253|NAA35|CCNB1IP1|AMPD3|NUDT4|CCDC93|GOT2|CTH|ECI2|CSNK2A1|MMUT|HADHB
RODWELL_AGING_KIDNEY_NO_BLOOD_DN	0.996421904169259	1	-0.206209551102898	-0.704686625506258	6404	135	ZNF711|IGF1R|FAM171A1|COX8A|CPEB3|APLP2|GPRASP1|TPD52|TMEM80|SRR|FRMD3
ROESSLER_LIVER_CANCER_METASTASIS_DN	0.692517936453707	1	-0.301576354214666	-0.873630342024748	4053	45	NRDE2|CRISPLD2|PDCD11|JMJD8|ZNF605|ZC3H12A|PLPP5|SUPT7L|TMC6|MOAP1|KIAA0319L|LANCL2|ARAP3|MGAT5|TACC1
ROESSLER_LIVER_CANCER_METASTASIS_UP	0.967217414109625	1	0.224635825877182	0.774441157660974	3687	93	PDK1|EPB42|CDS1|RAB3A|GCNT2|YES1|KHK|LRP6|COL4A5|SPP1|FZD2|FUT8|LIMK1|NUP205|RFC5|RAB28|PRR3|ATF2|RPA2|VAMP3|USP12|EMD|NEMP1|GTF2H1|CENPE
ROPERO_HDAC2_TARGETS	0.751321353065539	1	0.258511207397338	0.885998663627772	2842	91	TM6SF1|RAD52|PTHLH|TMEM209|NCOA4|BNIP3L|UCHL3|AP1S2|SERGEF|KCNJ6|SNAPC1|ADD3|APOL2|APOA2|PDE4D
RORIE_TARGETS_OF_EWSR1_FLI1_FUSION_UP	0.983696900114811	1	0.233179120789976	0.617756793070129	4283	24	ME1|HLA-C|POU4F1|MYC|ANXA1
ROSS_AML_OF_FAB_M7_TYPE	0.825357053370083	1	0.256285478344169	0.839454113150505	3293	67	DNAJC6|SERPINI1|PDCD10|CD164|ABCC4|DLC1|PTGS1|RDX|PROS1|PSMD6|NEO1|BEX3|ITGA2B|NET1|CMAS|MINPP1
ROSS_AML_WITH_AML1_ETO_FUSION	0.831783460644304	1	-0.263215154970059	-0.823799156058849	5008	71	CIITA|CD19|CACNA2D2|PTGIR|CCND1|DISC1|ADPRM|H2BC5|PALM|RCBTB1|ARHGAP1|KDM4B|AP1B1|EGFL7|TRAF3IP2|IER2|C15orf39|HYAL2|ARHGEF6|CIAO3|PRAME
ROSS_AML_WITH_CBFB_MYH11_FUSION	0.795729537366548	1	0.277395588933786	0.82774052630072	3353	40	KCTD12|CTSS|MEF2A|CBFB|TGFBI|IL10RA|MEGF9|CYBB|PLBD1|IL13RA1
ROY_WOUND_BLOOD_VESSEL_UP	0.842105263157895	1	0.270239306086235	0.797596180686185	3567	38	ATG4A|CCN1|CHN1|KCNJ8|SGCB
ROYLANCE_BREAST_CANCER_16Q_COPY_NUMBER_UP	0.698884758364312	1	-0.291157324017627	-0.873844615348016	4135	55	MC1R|ADGRG3|PLLP|KATNB1|CNGB1|NDRG4|FANCA|DEF8|OAZ1|AFG3L1P|SPIRE2
ROZANOV_MMP14_TARGETS_DN	0.735081851786657	1	-0.314987299518216	-0.831898720339644	4175	28	MT2A|VCX3A|RGS17|TRIOBP|VENTX|SDC4|NMRAL1|MANEAL|SIGIRR
RUAN_RESPONSE_TO_TNF_DN	0.895840211290855	1	-0.251284962328148	-0.790572821497294	5426	73	SLC2A4|PLA2G6|LAMA4|ACADS|FXYD1|AATK|PPARG|CFD|SCARB1|DGAT1|DHRS3|SELENBP1|G0S2|FASN|GPAM|NNMT|ECH1|ESYT1|HIPK2|UCK1
RUAN_RESPONSE_TO_TROGLITAZONE_DN	0.865483162518302	1	-0.314269940918606	-0.717692725526743	4728	15	PLA2G6|PPARG|SELENBP1
RUAN_RESPONSE_TO_TROGLITAZONE_UP	0.945868945868946	1	-0.267581065123666	-0.675357212299201	5311	23	LAMA4|SCARB1|DGAT1|DHRS3
RUTELLA_RESPONSE_TO_CSF2RB_AND_IL4_UP	0.757723012842763	1	0.232876320209117	0.931982425417141	2182	311	DPYSL2|CD83|C3orf18|GPR137B|CCNG2|CREBL2|POGLUT1|NCOA3|EGLN3|CLIC2|TMEM51|LAMP2|BATF3|HDAC2|ME1|SGPL1|FASTKD1|CD80|PLEKHA5|TNFAIP8|CYP27B1|CRYZ|YIPF6|RDX|ZFYVE16|ZNF274|YWHAQ|SC5D|PPP1R12A|GCLM|ATP1B3|PLGRKT|PLPP3|SLAMF7|SPP1|GPNMB|C1S|PSMG1|LITAF|APOO|TCEAL9|CSRP1|CREG1|EMC2|CELF2|B4GALT5|RDH11|CASP3|CCSER2|NARS1|PVR|EIF2S1|MOB1A|NET1|SEPHS1|CD47|VDR|PPP1R16B|RO60|TIA1|TPST1|RBM47|GGH|DAD1|IL13RA1|RABGAP1|NDE1|MED14|TFG|LMNB1|ATP6V0E1|TFRC|GRSF1|BTG1|IL1R1|MTX2|DNAJB6|FCHSD2|FZD5|ATP6V1C1|PIR|CDS2|KIF2A|PKNOX1|SUZ12|OPTN
RUTELLA_RESPONSE_TO_HGF_DN	0.645869947275923	1	-0.259030041932681	-0.934088199395204	4409	216	DPEP2|ADAM19|STS|RAP1GAP2|CD14|ITGA4|RPL28|LILRA2|EREG|TNK2|APLP2|SNHG32|IFITM2|CD48|SLC7A7|CFD|FYN|PPM1F|SPINT2|NME3|RPS4XP2|TBCB|PGS1|C5AR1|ACP3|NRG1|SDR39U1|NINJ2|AMPD2|MAP4K1|MS4A4A|SLC16A5|TRADD|ICAM2|SP110|SLC2A3|TSEN34|CNPY3|ACADVL|SIGIRR|WNT5B|ICAM3|IRAG2|RNASET2|PDIA5|CDKN1C|MICAL1|GAS6|SIK3|PRKRIP1|CDKN1A|LTB4R|NARF|ADAM8|TRAF5|CD52|SEPTIN9
RUTELLA_RESPONSE_TO_HGF_UP	0.965608465608465	1	0.216240779957818	0.879318216583018	2554	380	C3orf18|LPXN|GPR137B|TM6SF1|CREBL2|CCL2|LGALS3|ABCC3|POGLUT1|NCOA3|CLIC2|TMEM51|NPL|LAMP2|CCRL2|HDAC2|NCOA4|ME1|CPD|CTSK|SGPL1|FASTKD1|CD80|MT1X|TNFAIP8|CYP27B1|CRYZ|DMXL2|YIPF6|RDX|ZFYVE16|ZNF274|YWHAQ|SC5D|SCCPDH|PPP1R12A|GCLM|ATP1B3|PLGRKT|HK2|PLPP3|SLAMF7|SPP1|GPNMB|C1S|PSMG1|LITAF|APOO|SLC30A1|TCEAL9|VWA5A|CERT1|CSRP1|CREG1|EMC2|B4GALT5|IFI6|RDH11|CASP3|CCSER2|NARS1|PVR|EIF2S1|MOB1A|ACAT1|CYBB|SEPHS1|ANXA5|CD47|VDR|TPST1|RBM47|ATP13A3|GGH|DAD1|MED14|ASAH1|SGMS1|TFG|ATP6V0E1|TFRC|GRSF1|IL1R1|MTX2|DNAJB6|FZD5|MDM1|ATP6V1C1|BCAT1|PIR|CDS2|PKNOX1|SUZ12|TSPAN3|OPTN|STAT1|SLC35B1|IL18|SLC36A1|UFSP2|HEXB|EED|DAB2|KYNU|SPARC|TBC1D4|RAB20|RAB9A|EEF1AKMT3|FKBP4|TFEB|FDX1|STOM|MRPL35|FTH1|PDCD6IP|CEP350
RUTELLA_RESPONSE_TO_HGF_VS_CSF2RB_AND_IL4_DN	0.726285531778984	1	0.240010340945156	0.930691301560707	2273	230	DPYSL2|CD83|C3orf18|ZNF185|GPR137B|CCNG2|RGS2|CREBL2|MS4A6A|POGLUT1|NCOA3|EGLN3|CLIC2|BATF3|HDAC2|RNF138|SGPL1|CD80|PLEKHA5|TNFAIP8|CRYZ|ZNF274|YWHAQ|PPP1R12A|ATP1B3|PLGRKT|NREP|LITAF|HERPUD1|CSRP1|PELI1|CREG1|CELF2|CASP3|CCSER2|PVR|MOB1A|MIS18BP1|NET1|SEPHS1|VDR|PPP1R16B|RO60|TIA1|HNRNPA1|IL13RA1|RABGAP1|NDE1|MED14|ZFAND5|SYF2|TFG|LMNB1|GRSF1|BTG1|IL1R1|DNAJB6|FCHSD2|FZD5|KIF2A|PKNOX1|SUZ12|MCL1|OPTN|RPL22|SFPQ|ZFP36|EED|TBC1D4|RAB9A
RUTELLA_RESPONSE_TO_HGF_VS_CSF2RB_AND_IL4_UP	0.832783731794449	1	-0.236691625161042	-0.893247879681049	6060	366	DPEP2|TBC1D1|STS|EMILIN1|C3|RAP1GAP2|CD14|ATP9B|LILRA2|MT2A|CXCL1|EREG|DOCK4|TNK2|APOE|SLC3A2|APLP2|TCIRG1|SUN2|DNPH1|IFITM2|APOC1|CD48|SLC7A7|VSIG4|CFD|CCND1|FYN|SERPINE1|PLOD3|PGS1|CMKLR1|AKT3|ENTPD1|C5AR1|IL1B|ACP3|SDR39U1|DHRS4|NINJ2|AKR1B1|AMPD2|MS4A4A|PSMB5|ICAM2|CTSD|SLC7A11|SP110|SLC2A3|SPHK1|PPARD|SGK1|TSEN34|CTSL|CNPY3|GNS|TSC22D1|SLC5A3|ACADVL|SIGIRR|LAMP1|NRIP3|ATP6V0A1|IRAG2|TMBIM6|CHPF2|PCK2|RNASET2|PDIA5|CD81|CDKN1C|NAT1|SIK3|TRAF3|PDXK|PINK1|MPZL1|GNA12|PRKRIP1|BCAP31|CNPY2|TM9SF4|CD52|SEPTIN9
SA_PTEN_PATHWAY	0.96510067114094	1	0.25915519153067	0.631240744701081	4313	17	PIK3CA|RBL2|MAPK1
SA_TRKA_RECEPTOR	0.9851243339254	1	0.236478320481886	0.566402510466613	4436	16	PIK3CA|RHOA|ELK1|SOS1|MAP2K1|SHC1
SAGIV_CD24_TARGETS_UP	0.957050823192555	1	-0.262385455685103	-0.649009619943155	5347	21	N4BP3|MCAM|EPHB6
SAMOLS_TARGETS_OF_KHSV_MIRNAS_DN	0.822744170327814	1	-0.271349792956868	-0.809484282922294	4868	53	S100A2|MAGEH1|LDOC1|IFI16|TPD52|UCHL1|IRS1|SPINT2
SANDERSON_PPARA_TARGETS	0.944909651828999	1	0.276329488136997	0.652345076679425	4287	15	CD36|ETFDH|DECR1
SANSOM_APC_TARGETS	0.761883340830709	1	-0.252232837768999	-0.890254940960212	5080	177	ASCL2|SP5|SYTL1|AKAP13|PIEZO1|STOML1|MUTYH|LPCAT4|PLA2G15|AFAP1L1|SORBS2|CAGE1|HAGHL|CLDN11|MBOAT1|AXIN2|MRPS14|PET100|MAD1L1|MMP15|DUSP4|EMP2|POLE|TRMT1|SIVA1|TGIF2|TUBB2B|RGS12|RNF149|DYNC2I2|YJU2|RNASE1|MYCL|DHX30|TCHP|PRSS2|DNLZ|ATRIP|ADAT1|SESN2|ZNF780A|ANKRD11|TXNRD3|METTL13|SMYD5|CDK5RAP2|SLC12A2|EMC8|PASK|CITED1|PSRC1|HIRA|CDC37|WDR62
SANSOM_APC_TARGETS_UP	0.980585179108559	1	0.219508258182846	0.784671985547173	3585	119	CD44|ZNF14|TGFBR2|TC2N|TCF7|RNF43|DTL|REC8|EGR1|CDCA7|ATL3|ECT2|BCAS2|TRIB1
SARRIO_EPITHELIAL_MESENCHYMAL_TRANSITION_DN	0.858982412060301	1	-0.247107722846536	-0.836189301549389	5469	124	TSC22D3|TRIM29|PLXNB1|ENG|PIK3C2B|CXCL1|IFITM2|IFI16|ATP1A3|DSC3|FOS|NFIL3|EFNA1|IFITM3|BCL6|GBP2|PSAP|CTSD
SARTIPY_BLUNTED_BY_INSULIN_RESISTANCE_DN	0.920816509645581	1	0.277038326514108	0.686167431062053	4104	18	MMP11|HERPUD1|CDK1|CDKN1B|MPDZ|INTS9|SGF29
SARTIPY_NORMAL_AT_INSULIN_RESISTANCE_UP	0.939623305756029	1	-0.261167265872436	-0.689757061971058	5337	28	EREG|SRR|NOCT|NOPCHAP1|IER2|AK4|SLC25A28|NOP56|BYSL|PPAN|DUSP6|SLC2A1|FOSL1|TUBB2A
SASSON_RESPONSE_TO_FORSKOLIN_UP	0.99855421686747	1	-0.201624111051408	-0.649457255547716	6215	85	COL18A1|CYP19A1|DDX41|PPFIA4|FDXR|ACP3|NOL3|RHOB|SGK1|CDC42EP4|ATP5IF1|DHCR7|P4HA2|DUSP9|SMARCA4|TMBIM6|RAB2A|ACP2|UPP1|PDXK|PSMC3|TLN1|CASP9|RAB27A|PPP2R1A|EZR
SASSON_RESPONSE_TO_GONADOTROPHINS_UP	0.992563853863563	1	-0.21561461520077	-0.692073472862911	6139	83	COL18A1|CYP19A1|DDX41|PPFIA4|FDXR|ACP3|NOL3|RHOB|SGK1|CDC42EP4|ATP5IF1|DHCR7|P4HA2|DUSP9|TMBIM6|TK1|RAB2A|ACP2|UPP1|PDXK|STK25|PSMC3
SATO_SILENCED_BY_DEACETYLATION_IN_PANCREATIC_CANCER	0.83896902340979	1	0.268247934096278	0.796798172166287	3547	39	CXCL8|SERPINI1|TFPI2|FOXN3
SCHAEFFER_PROSTATE_DEVELOPMENT_6HR_DN	0.99959595959596	1	0.19649284677014	0.807778889944387	2473	440	DPYSL2|AKTIP|SAMD5|ZNF708|CSPG5|NLGN3|GOLPH3|ZNF410|CNOT11|SLC39A10|NAA30|CLDND1|NEDD4|ARID5B|TM9SF1|VPS54|FOXN3|L3MBTL3|NFYA|MARCHF7|FAM171A2|DCTN4|NR4A2|PTGES3|PIKFYVE|CHPT1|ZNF274|ANKHD1|CABLES2|TMED2|TJP2|ADIPOR1|PPIL1|ZNF644|ATP1B1|ZNF664|PPP2R5E|BCL9|GCC2|FGFR1OP2|CDC27|S1PR3|FRAS1|NREP|CALD1|APPBP2|SHTN1|VAPA|LITAF|KCNK1|GOLGA4|MBOAT2|CSRP1|TAF1|PPHLN1|WAC|RFX7|EPCAM|CLIC4|UXS1|CHD9|DNAJB11|CLTC|CDK2|TASOR|EIF3J|SEPTIN7|SNW1|ELOVL5|SKP1|AFTPH|DERL1|PEX5|PFN1|CHD1|SERTAD3|PUM1|BCLAF1|FRYL|KBTBD2|NUFIP2|DDX6|PTPRJ|AGO1|NCOR1|MORF4L1|TAX1BP1|ECD|EIF4B|REST|BTG1|SERTAD2|BZW1|C1orf116|CAT|RFWD3|NFIA|BTBD2|ALYREF|ZBTB11|KIF2A
SCHEIDEREIT_IKK_INTERACTING_PROTEINS	0.691563401799355	1	-0.295274565870259	-0.875208737210911	4073	51	IRF7|CYLD|IRS1|CCND1|UBB|ESR1|NOTCH3|MAP4K1|TRAF2|FANCA|MAP3K3|TANK
SCHERER_PBMC_APSV_WETVAX_AGE_18_32YO_5_TO_7DY_UP	0.920988363740842	1	-0.230318005415616	-0.842800797012409	6410	253	CYFIP2|IL15|DYSF|PLXNB2|IRF7|IFI30|MARCKS|APOL1|PSMB9|TAP1|IFITM1|GRN|GSDMD|DNAJC15|IFITM2|IFI35|IFIT2|GCA|MNDA|ICAM1|ZNF671|LGALS3BP|THEMIS2|ACP3|MX1|FAS|IFITM3|BCL6|GBP2|PSAP|TSPO|ISG15|ATOX1|TAP2|SP110|SDF2|PSMB10|PDP1|CTSL|CEBPB|TNFRSF1B|IL15RA|RNF149|RCN1|CLSTN3|CNIH4|NIBAN1|CAPG|IRF9
SCHERER_PBMC_YF_VAX_AGE_18_40YO_ANYD_DN	0.988792480115691	1	-0.238696116855902	-0.562937345396518	5469	17	BRAT1|RPS2|FBXW5|TMEM259|EGLN2|RPS13
SCHLINGEMANN_SKIN_CARCINOGENESIS_TPA_UP	0.750261962975899	1	-0.308499549607907	-0.826980358669349	4295	30	MT2A|FBXL9P|SRM|JUNB|SELENOS|STK35|RBM6|EDF1|CREB3|HSF1|RALGDS
SCHLOSSER_MYC_TARGETS_AND_SERUM_RESPONSE_UP	0.922290388548057	1	-0.254121484159215	-0.744994472781281	5411	48	NOP2|ZNRD2|COMT|SNRPB|LSM7|SLC1A5|ZNF263|RCN1|THOP1|CAMKK2|LMNB2|PRMT1
SCHWAB_TARGETS_OF_BMYB_POLYMORPHIC_VARIANTS_DN	0.80233583076245	1	0.32785494931329	0.773983853447713	3640	15	CAMK2B|GULP1
SCIAN_CELL_CYCLE_TARGETS_OF_TP53_AND_TP73_DN	0.806255625562556	1	0.302351975631182	0.788151544154979	3582	22	CKS2|CCNA2|CCNB1|MAPRE2|CDK2|MYC|CDKN3|CDC25C|KIF23
SCIAN_INVERSED_TARGETS_OF_TP53_AND_TP73_DN	0.978250701590271	1	0.235543142666885	0.658915391224184	4182	30	YWHAQ|MORF4L2|ETF1|BHLHE40|BTG1|DNAJB6|ATF3|EIF1|ATP2B4|HNRNPA3|DDX17|NFKB2
SEITZ_NEOPLASTIC_TRANSFORMATION_BY_8P_DELETION_DN	0.986184664978126	1	0.231273272824652	0.624986317074909	4282	26	SLC19A2|SLC2A10|INSIG1|UBXN7|RCN2|FKBP11|CLIP2
SEMENZA_HIF1_TARGETS	0.758977053774742	1	-0.303323324191196	-0.827774934921797	4332	33	FLT1|IGFBP2|TGFB3|SERPINE1|SLC2A3|P4HA2|VEGFA|CDKN1A
SENESE_HDAC1_AND_HDAC2_TARGETS_UP	0.99504797276385	1	0.207559560110311	0.798585518036141	3214	210	ELK3|CXCL8|LPXN|GNA13|NUS1|TGFBR2|RGS2|TCN1|EXOC5|FAM9B|ADPRHL1|KDSR|AP1S2|RPAP3|TWF1|SCYL2|CBFB|SYTL3|IL6R|IL24|PTX3|PDE4D|OTUB2|LINC02577|PHTF2|NAMPT|PCGF5|PTPN12|C4orf46|PAPOLA|HECTD1|CA2|GCNA|UCA1|PSME4|CEP170|ATP11B|LINC01088|REEP3|CDC42SE2|TFRC|PAX8|SNHG16|RAB35|ZBTB38|TASOR2|BICD2|MCL1|LMAN1|MAFF|PLAU|KYNU|CPEB4|SKIC3|NAP1L1|AGO2|PPARA|SMG1|MICAL2|SNAP23|SPRED2|TNFAIP3|RAC2|GLYR1|PPIF|NFKB2|CCND2
SERVITJA_LIVER_HNF1A_TARGETS_UP	0.997021391822367	1	0.20526857559068	0.722717925625322	3681	107	RGS2|ABCC3|ABCC4|ANLN|ME1|KIF11|CCNA2|AKAP12|CCNB1|SORBS1|GAS2L3|ECT2|MAD2L1|SLC20A1|BUB1|ABCB1|STMN1|ELOVL6|RACGAP1|NEK2|LEPR|WEE1|TMEM181|ESCO2
SESTO_RESPONSE_TO_UV_C1	0.818658019456224	1	0.256915313175652	0.844170937697858	3281	68	CCN1|PSMC6|PSMC1|COPS8|MAPK6|TJP2|ATP1B1|IFIT1|CAPRIN1|KCNK1|NAMPT|TSG101|PSMA6|PSMC2|GLUL|PPP2CA|ETF1|PIAS1|HSP90AA1|ATP6V1B2
SESTO_RESPONSE_TO_UV_C3	0.787320143884892	1	0.314011597996822	0.78755730224769	3501	19	CXCL8|H2BC21|HBEGF|EIF2S1
SESTO_RESPONSE_TO_UV_C4	0.827391778828665	1	-0.321846688064381	-0.746850668253033	4548	16	TNFRSF1A|ISG15|DDX39A|DGKA
SESTO_RESPONSE_TO_UV_C6	0.848477696483361	1	0.269145972104259	0.794369266656291	3594	38	RGS2|PTGS1|ATXN10|TGFBI|PYGL|ACAT1|SEPTIN2|ARL4A|HNRNPA1
SESTO_RESPONSE_TO_UV_C7	0.667082917082917	1	0.277222891605685	0.902435490541047	2670	65	ETV2|TCN1|MT1X|ATP1B3|ASS1|ESD|PLA2G4A|ACSL1|ADK|CRABP2|STMN1|TPP1|CDKN3|HMGB1|PCLAF|HNRNPA2B1|HSPA5
SETLUR_PROSTATE_CANCER_TMPRSS2_ERG_FUSION_UP	0.65010073875084	1	-0.295459152983464	-0.899133582032174	3871	60	KHDRBS3|TWIST1|ECE1|MOK|RFX1|RAB30|UGDH|PTK7|RPP38|DBN1|SAFB|SEPTIN9
SHAFFER_IRF4_TARGETS_IN_MYELOMA_VS_MATURE_B_LYMPHOCYTE	0.981203007518797	1	0.219597759601754	0.766553982376494	3653	101	PDK1|YES1|LDHA|UAP1|BMI1|MXI1|SUMO1|PDS5A|SLC38A2|CCNC|SLAMF7|VDAC1|PIP5K1B|B3GNT2|NAMPT|CASP3|SSR1|DNAJB9|MYC|SUB1|P4HA1|PPP2R5C|SEC62|XPOT|GARS1|HSP90AA1|TRAM1|GRSF1|PAICS|AHCY|PNP|ATF3|ZFP36|FKBP11|PGK1|CANX
SHAFFER_IRF4_TARGETS_IN_PLASMA_CELL_VS_MATURE_B_LYMPHOCYTE	0.900682082848112	1	-0.250957992600625	-0.778788129481336	5413	67	BSPRY|CCPG1|SLC3A2|SLC12A4|PCYT1B|HSPB1|NFIL3|NR4A1|AGPAT2|DUSP5|MAN2A1|VEGFA|F12|APOBEC3B|TM9SF4|PDIA4
SHEDDEN_LUNG_CANCER_GOOD_SURVIVAL_A12	0.83505005077615	1	-0.2408801412419	-0.87524430224096	5755	236	OGDHL|RAB26|SEL1L|DIPK1A|KCNJ14|SNN|SPPL2B|BRME1|L1CAM|SH3BP2|RABAC1|SMIM27|CENPT|LDOC1|ARHGAP45|CD19|MAST1|TCL1A|HSF2BP|SEC14L4|FGF12|CYBA|PCYT1B|THEMIS2|ATP2A3|SLC6A13|IGHA1|CACNA1A|TRIM26|SLC43A1|ICAM2|TXNDC15
SHEDDEN_LUNG_CANCER_GOOD_SURVIVAL_A4	0.699288256227758	1	0.247039530847952	0.927886718734381	2357	174	ELK3|CFAP410|PIGA|ATXN7|LUZP4|PPP2R3A|CDS1|ST3GAL5|RIMS3|DLC1|FAM13A|CAPN2|CAMTA2|HSD17B11|TRIM2|KCNS3|ZBTB16|IL6R|SYNE1|CDKL2|ABCC6|HSPB8|ATP8A1|RPS6KA2|EVPL|PELI1|REL|ATP11A|ZNF451|WSB1|MEGF9|CITED2|RO60|TMEM243|QKI|ZNF254|GPD1L|CLOCK|TLE2|FYCO1|ZFAND5
SHEDDEN_LUNG_CANCER_GOOD_SURVIVAL_A5	0.833084205281515	1	-0.263159599839274	-0.815349532378234	5015	66	XAB2|ASIC3|SLC29A1|RTN2|HOOK2|RALGAPA1P1|DCAF15|SEZ6L2|GNA11|CERS4|RANBP3|CD2BP2|FZR1|KDM4B|SMARCA4|CHERP|ADGRL1|NR2F6|YIPF2|EPOR|KLHL26
SHEPARD_BMYB_MORPHOLINO_DN	0.841492537313433	1	0.235013417085627	0.883302142738039	2818	176	LIPG|TTK|DCK|PARPBP|CCNG2|ITGB4|RGS2|PTPRN|CPVL|ARID5B|LAMP2|ANLN|ACSF2|KIF11|PRIM1|ORC4|CCNB1|CKAP2|MSH2|SUMO1|GINS1|COL4A5|INKA2|POU3F1|S1PR1|STRA6|SOX21|CDC14B
SHEPARD_BMYB_MORPHOLINO_UP	0.987393066186403	1	-0.216443673471321	-0.768892672270794	6578	190	WNT11|BCO2|IFI30|CUBN|SPPL2B|EPPK1|DOHH|NSUN5|MSI1|HFE|SIAE|LMAN2|ZNF622|SDF2L1|HSPB1|FOS|ZNF598|STARD3|TPPP3|DUS3L|MS4A4A|SCARB1|CRLS1|USP36|RPP14|ZC3H3|HPGD|POLR1C|PGP|ITFG2|PARP3|GNS|NENF|TEX264|RPS27|PTGES2|NCAPD3|SASH1|PNPO|TMUB2|TYW5
SHEPARD_BMYB_TARGETS	0.767476822851416	1	0.264961169976814	0.867871037404279	3062	67	TTK|PARPBP|PTPRN|ARID5B|ANLN|KIF11|CCNB1|CKAP2|INKA2|POU3F1|S1PR1|SOX21|CDC14B|CDK1|KIF14|MASTL|PRR11|NDE1
SHEPARD_CRASH_AND_BURN_MUTANT_DN	0.83960338291047	1	0.236768214776952	0.881770206666941	2878	163	TTK|PARPBP|PTPRN|PLK4|ARID5B|CKS2|ANLN|HDAC2|KIF11|ZNF184|KNL1|CCNB1|CKAP2|CEP295|ECT2|FAM13B|NEIL3|CDC27|INKA2|POU3F1|S1PR1|SOX21|CDC14B|CDK1|KDM3A|ARMC1|BORA|RLF|PGBD4|HMGN3|CYRIB|KDM6A|PHF3|ANP32B|RACGAP1|KIF14|MASTL|CTDSPL2|PUM1|PTEN|PRR11|NDE1|DDX20|SHCBP1|BUB3|CDCA2|FZD5|GOLGB1|CCNB2|FUBP1|BUB1B
SHEPARD_CRASH_AND_BURN_MUTANT_UP	0.997285886610374	1	0.204154831191699	0.773706683795556	3306	187	GPD1|CCNG2|FITM2|CCN1|CCNG1|CYP26A1|TMEM106B|TP53INP1|DNTTIP2|EGR1|PFKFB3|HEATR3|CYP27B1|TOB1|AP3M1|OLA1|HSPA4|AGK|RPF2|CORT|EIF4E|RPS27L|VRK2|UTP3|B3GNT2|SSR1|RERG|NIP7|ADAM10|LYRM1|MIX23|TAF9|ETF1
SHETH_LIVER_CANCER_VS_TXNIP_LOSS_PAM2	0.677704824436198	1	0.251587955208031	0.926613633962791	2373	150	AJUBA|BICDL1|TLE6|CD40|TGFBR2|UAP1L1|EIF2AK3|RUNX2|ERI2|PFKFB3|MACIR|CCNB1|FMNL3|STT3A|RPAP3|SLF1|KCNJ8|TCEAL8|EFNB2|TANC1|ZFP37|GJC1|SCN8A|ACSL4|TCEAL9|PLS1|DSG2|RRM2|QSER1|HID1|ABCB1
SHETH_LIVER_CANCER_VS_TXNIP_LOSS_PAM3	0.98721184586909	1	-0.224261491827801	-0.683948267418699	5866	61	COL1A1|UNC5B|ITIH5|AEBP1|IFIT2|SERPINE1|CXADR
SHETH_LIVER_CANCER_VS_TXNIP_LOSS_PAM4	0.810457516339869	1	-0.243301094894934	-0.883264132631498	5579	234	FZD9|RNASEK|PNKD|MAGIX|RDH16|N4BP2L1|FMC1|LEAP2|CBS|SPPL2B|KCNK5|PBLD|TFPT|TMEM63A|ETHE1|SOD3|CLCN2|CYP4F2|TGFB3|KIFC2|GDF2|SRR|CYP2F1|DCN|GNMT|STK19|DCT|TBC1D8|DCXR|ALDH8A1|MACROD1|HPGD|HEMK1|ARHGAP6|DPH7|REPIN1|TK1|TRAF3IP2|HCFC1R1|ACYP1|CCNF|ALDH6A1|C11orf71|ACADSB|GFER|ASL|CTNNBL1|GSTK1|STARD5|CD320
SHETH_LIVER_CANCER_VS_TXNIP_LOSS_PAM5	0.68720503408495	1	0.267335146619861	0.90260856962983	2620	82	CD40|FGD4|CHN1|AKR1E2|SMARCAD1|ITSN1|NEIL3|ORC2|UBE2E3|CLGN|FBXO33|ZBTB21|DTD2|NAA11|CCR10
SHETH_LIVER_CANCER_VS_TXNIP_LOSS_PAM6	0.746741154562384	1	-0.28438438554103	-0.845631951926892	4410	52	RAB27B|RTN4R|DBP|TEF|APLNR|MATN4|NCAN|NFATC4|HDAC7|DUSP7|MED19|TAF1D|SOCS3|PITPNM1|ELK4|TUBA3C|UHRF1|SPTLC2
SHIN_B_CELL_LYMPHOMA_CLUSTER_3	0.949442245412019	1	-0.267713836031519	-0.66756860664997	5276	22	CCND1|TNFRSF1A|ID2|IRAG2
SHIPP_DLBCL_VS_FOLLICULAR_LYMPHOMA_UP	0.801503245644004	1	-0.28176059000443	-0.816226461970717	4691	45	IFI30|SLC29A1|PLOD1|MIF|SNRPB|CTSD|SLC1A5|TRAP1|CLTA|THOP1|EXOSC7|MCM7|P4HB|PFKP|HMGA1|CCT3
SIG_BCR_SIGNALING_PATHWAY	0.99830385267749	1	0.206997890205053	0.633371332292894	4119	46	PIK3CA|PPP3CB|VAV1|MAPK1|CR2|SOS2|NFATC2|BCL2
SIG_CHEMOTAXIS	0.800048065368902	1	0.275650446371714	0.828322249666532	3328	42	CFL2|ACTR3|PIK3CA|ROCK2|GDI2|PAK3|MYLK2|ROCK1|LIMK1|ACTR2|PIK3CG|RACGAP1|PTEN
SIG_IL4RECEPTOR_IN_B_LYPHOCYTES	0.925697140840099	1	-0.268273516565979	-0.702594578684582	5244	27	IRS1|AKT3|IRS2|MAP4K1|AKT2|GSK3B
SIG_INSULIN_RECEPTOR_PATHWAY_IN_CARDIAC_MYOCYTES	0.738863287250384	1	-0.291228173231427	-0.850640113165638	4328	47	SLC2A4|SFN|IRS1|CYTH3|BRD4|AKT3|IRS2|INPPL1|AKT2|GSK3B|FLOT1|CDC42
SIG_PIP3_SIGNALING_IN_B_LYMPHOCYTES	0.976377952755906	1	-0.238010440809977	-0.653615801968769	5579	34	CD19|CYTH3|AKT3|PHF11|AKT2|FLOT1|ITPR3|ITPR2
SIMBULAN_PARP1_TARGETS_DN	0.897986577181208	1	0.289539626024116	0.705250039840723	4013	17	PRIM1|CCNA2|CCNB1|SPP1|IGFBP5|STMN1|PCNA|CCNB2
SMID_BREAST_CANCER_LUMINAL_A_DN	0.899200710479574	1	0.291195961374412	0.697459806142524	4049	16	TOP2A|NDC80|TTLL4|DKC1|NCAPH|LRP8
SMID_BREAST_CANCER_RELAPSE_IN_BONE_DN	0.807144931745571	1	-0.2437364542338	-0.886396201107721	5557	239	SPIB|FZD9|S100A2|TRIM29|CRLF1|SYNM|FZD7|L1CAM|KHDRBS3|HLA-DOB|KCNK5|TNFRSF21|IFI16|ACTL8|GALNT14|UCHL1|SOX11|DSC3|ZIC1|CYBA|FYN|EPHX3|GAL|NDUFA4L2|MAP4K1|NLRP1|SLC16A3|KCNN4|HPCAL1|SLC2A3|BMP1
SMID_BREAST_CANCER_RELAPSE_IN_BRAIN_UP	0.669248371765534	1	-0.32890721824656	-0.868661988557293	3801	28	TRIM29|KCNK5|TNFRSF21|EGFL6
SMID_BREAST_CANCER_RELAPSE_IN_LUNG_UP	0.73021582733813	1	0.329257174156093	0.825793994483908	3247	19	MMP14|RYR1
SMIRNOV_RESPONSE_TO_IR_2HR_UP	0.998297872340425	1	-0.208466808823049	-0.613280609592245	5864	49	GDF15|IER3|FAS|SLC7A11|PCIF1|SGK1|ZBTB10|ID2|BBC3|CDKN1A|JUN|ELK4|H3-3B|TNFRSF10B|PHF14|RAB11FIP1|RNF19B|MNT
SMIRNOV_RESPONSE_TO_IR_6HR_UP	0.983833718244804	1	0.215562238961346	0.800444280938954	3407	159	PGAP1|CD70|TNFSF4|CCNG1|TRIM23|NABP1|CLK4|MT1X|TMEM168|RAB23|PROCR|AAK1|TOB1|CLK1|CCP110|INKA2|RRAD|TIGAR|SLC35D1|TRIAP1|SLC30A1|MICALL1|TENT5A|SOCS2|ZNF623|ITM2A|ZNF654|RFX7|CCSER2|ZMAT3|DRAM1|CLGN|TRIM32|ITM2B|CCDC90B|TMT1A|RAB1A|ZNF195|ANKRA2|FUCA1|DLG5|SMAD5|ATF3|TNFSF9
SMITH_TERT_TARGETS_UP	1	1	0.198392949522721	0.724440266385783	3573	138	PIGA|ZNF165|SLC33A1|IL10RB|SRP19|MTHFD2|ZNF274|DDX10|THAP9-AS1|GATA6|UFM1|DYRK1A|HERPUD1|CCNH|PIGH|EPCAM|TSG101|EIF2S1|SNW1|PPWD1|MAPK9|PPP2CA|AIMP1|NUP88|CEP57|CDKN3|GNL2|PSMD11|CKAP5|RAE1|ETV6|ATF3|HSPA5|GOT1|ZFP36|TOP1|NFX1|TCEA1|PPP1R11|ILF2|UQCRFS1|INTS9|R3HDM1|GK|CTH|ABI2
SNIJDERS_AMPLIFIED_IN_HEAD_AND_NECK_TUMORS	0.858078092120645	1	0.276996794236273	0.779910000517153	3669	31	CD44|FGFR1|KDM4C|RBPJ|BAG4|BIRC2|PHF21A|SKP2|CDK6|PTPRR
SOBOLEV_PBMC_PANDEMRIX_AGE_18_64YO_RESPONDERS_VS_NONRESPONDERS_7DY_UP	0.996023138105568	1	-0.219385930844295	-0.517396492048454	5509	17	UCHL1
SOGA_COLORECTAL_CANCER_MYC_UP	0.986103828002097	1	0.219306280579449	0.740447826361296	3760	82	ENOPH1|PPT1|PRPS2|PRIM1|PNPT1|MTHFD2|HPRT1|POLA1|AGK|GMPS|LDHB|TYMS|SLC25A32|SLC25A14|RRM1|GART|GPI|ATR|ALDH1B1|POLR1B|PAICS|AHCY|PPAT|GLO1|SLC25A17
SOTIRIOU_BREAST_CANCER_GRADE_1_VS_3_DN	0.998808510638298	1	-0.205434246423104	-0.604359229120386	5867	49	DYNC2H1|FOS|DZANK1|LTBP3|DEAF1|TBC1D17|IFT46|TP53BP1|CASP9|MPHOSPH8|SYNC|PIGV|GFOD3P|CRY2|SNX1|MARCHF8|SMARCA2|CTDSP1
SPIELMAN_LYMPHOBLAST_EUROPEAN_VS_ASIAN_2FC_DN	0.839840925524223	1	-0.316006558085522	-0.74526513158128	4645	17	STS|NFIL3
STAEGE_EWING_FAMILY_TUMOR	0.667339614176761	1	0.34751709663513	0.860728970062297	2974	18	STEAP1|KDSR|ZDHHC21|EGR2|ITM2A
STAMBOLSKY_RESPONSE_TO_VITAMIN_D3_UP	0.921098626716604	1	0.241365248608043	0.784122252635596	3688	64	HACD2|PDE3B|MAP3K21|BGLAP|IFIT1|TTC39C|MCC|ERVW-1|CDK17|CUL3|SNTB2|ADARB1|ACACA|STK4
STANELLE_E2F1_TARGETS	0.824880720975438	1	-0.298991272923505	-0.776242745500843	4667	26	ARHGAP4|CCND1|FGFR3|FGF2|BID|GRAMD4|CCNO|TP73
STARK_HYPPOCAMPUS_22Q11_DELETION_UP	0.905702127659574	1	-0.258587335535905	-0.753303207929041	5320	46	PCNX1|BSN|GPR68|B3GAT1
STEARMAN_LUNG_CANCER_EARLY_VS_LATE_DN	0.996537224833045	1	0.210521831857562	0.668305111819239	4028	57	PTGDR2|CTSS|CTSK|PSMA4|IFITM10|SPP1|TCEAL9
STEARMAN_TUMOR_FIELD_EFFECT_UP	0.928220715454758	1	0.256146245194525	0.721203358229944	3969	31	CTSS|PTGS1|CTSK|SPP1|ITIH4
STEIN_ESR1_TARGETS	0.688676130736217	1	-0.282522285326323	-0.888849209984244	4171	73	RAB26|RAB27B|TSC22D3|TPBG|MANEA|CA12|GREB1|NDRG4|PXMP4|FKBP8|MICB|SGK1
STEIN_ESRRA_TARGETS_DN	0.934196332254585	1	0.233357502237909	0.809542610035011	3463	98	CCNG2|TGFBR2|PRPS2|DHX40|ATG2B|TNFAIP8|ZNF514|FAM174B|ADRA2C|TIGAR|MYO6|FZD2|INTS12|PLS1|TCAF1|SSB|TFE3|KIDINS220|VDR|CAV2|GTF2B|PHIP|MBD4|CIZ1|HPF1|SEPTIN8
STEIN_ESRRA_TARGETS_RESPONSIVE_TO_ESTROGEN_UP	0.937698552770914	1	-0.262981235337153	-0.688734365616056	5312	27	PHB1|IER3|P2RX5|CA12|ZNF302|SGK1
STEIN_ESRRA_TARGETS_UP	1	1	0.192551340310175	0.782330657427239	2708	369	MLYCD|ZNF165|ZNF43|UAP1L1|UQCRB|EGLN3|RNF139|ST3GAL5|PDCD10|CKMT1B|ZNF44|FASTKD1|DUSP22|NSUN3|CYP27B1|SLC25A40|OPA1|SMC2|CRNKL1|GRK4|ATP1B1|PLGRKT|RBM7|ORC2|AP5M1|MRPS22|TRIM2|OTUB2|MRPL15|DLAT|SIRT5|ANKRD28|APOO|SDHD|ATP5F1C|SLC25A3|CCDC121|UGP2|MFF|SOCS2|TRIM52|DSG2|SUPV3L1|ETFDH|B4GALT5|WIPI1|RAPGEF6|CS|ZNF669|NNT|FH|DECR1|COQ3|ACAT1|NDUFB5|MRPS30|SETMAR|COX7B|MTRF1|RNF14|ATP6V0E2|IDH3A|SUCLG1|GPI|FANCF|IVNS1ABP|OPN3|ABCB7|SUCLA2|NFU1|TMT1A|TIMM17A|HTATIP2|CHCHD3|CEP70|GABARAPL1|DLD|ZNF576|ISCA1|CISD1|MMACHC|MED9|TRAK2|MTX2|RAB35|TMX4|INPP1|IMPA1|GOT1|PAFAH2|VDAC3|PPP1R13L|SLC25A4|ATP5MJ|VDAC2|KIAA0040|PDSS1|HIGD1A|AMPD3|PLA2G12A|IMMT|USP4|FDX1|ACADM|HCCS|ABCB9|MRPL35|UQCRFS1|MARCHF3|GOT2|SLC31A1|CALU|ARL2BP|VWA8|GK|ECI2|GMCL1|NDUFS4|SLC25A20|IMPA2|SMIM8|PPIF|MDH1
STREICHER_LSM1_TARGETS_DN	0.852796420581656	1	0.304130447971737	0.74078983071899	3811	17	FZD8|FOXC2|RBL1
SU_LIVER	0.704056865464632	1	-0.307545208328856	-0.859547987602355	4060	37	RDH16|CPS1|DDT|TFR2|F12|DHODH|RXRA
SWEET_KRAS_ONCOGENIC_SIGNATURE	0.998947368421053	1	0.200845768826125	0.679968861580344	3795	84	LGALS3|EIF3E|HIF1A|CTSS|PHLDA1|NPR2|ATP1B1|MAPK1|TGFBI|ACLY|FAM3C|RPL6|CITED2|RO60|NUP88|HNRNPA1|SLC25A5|MTIF2|ATP5PB|BTG1|PABPC1
TAKADA_GASTRIC_CANCER_COPY_NUMBER_DN	0.820588235294118	1	0.305192950579287	0.773928291978184	3626	20	RCBTB2|RB1|CAB39L|RNASEL|FASTKD2|PUM3
TAKAO_RESPONSE_TO_UVB_RADIATION_UP	0.718810601163542	1	-0.27454263904183	-0.880154971882971	4447	82	POLR2L|COX8A|RPS28|COX6A1|GRN|COX5B|NXF1|RPS9|UBB|SPINT2|GAL|TSC22D1|CCDC85B|EEF1D|UBXN1|ATP6V0B|IER2|RPS5|SEM1|COX7A2|H2AZ1|COX4I1|CDC37|COX6C|UBC|ATP5MC3|RPL27A
TAKEDA_TARGETS_OF_NUP98_HOXA9_FUSION_16D_DN	0.650961278093691	1	0.261764555939452	0.921631264436872	2403	107	ADTRP|ARMCX1|ARID2|TCN1|PCBP1-AS1|TMEM37|SVIP|METTL21A|PLPP3|ABCA13|PTX3|FGFR1|SDS|ATP8A1|RPS6KA2|ELL2|SLC18B1|LINC00342|PELI1|CD24|VRK1|TUT4|PRXL2A|ASXL2|NCOR1
TAKEDA_TARGETS_OF_NUP98_HOXA9_FUSION_3D_DN	0.796529130511776	1	-0.310351743659235	-0.791521550477085	4497	24	ADGRG3|RAPGEF5|ENTPD1
TAKEDA_TARGETS_OF_NUP98_HOXA9_FUSION_6HR_DN	0.729250413809411	1	0.288168853524633	0.855970863437373	3083	39	CCL2|CCL4|CD80|NR4A2|CBX3|P2RX7|IL6R|DYRK1A
TANG_SENESCENCE_TP53_TARGETS_UP	0.859003696532301	1	-0.285966479795433	-0.755253145017979	4879	28	APLP1|LCAT|NRG1|GMFG|CCDC85B|CDKN1A|HBG2|VAMP8|ABCA8|USF2
TARTE_PLASMA_CELL_VS_B_LYMPHOCYTE_DN	0.766054243219598	1	-0.302779477639846	-0.821116413892968	4377	32	CIITA|CD37|CRYBG1|BIN1|LYL1|GIT2|IFNGR1|NFKBIE|RHOG|MMD
TARTE_PLASMA_CELL_VS_B_LYMPHOCYTE_UP	0.978751441278208	1	-0.228089348401547	-0.718889296932016	5941	74	SEL1L|HYOU1|PLOD1|LMAN2|SEC61B|GGCX|YIF1A|ICAM2|SLC7A1|SPN|ALG3|DUSP7|PYCR1|IL15RA|FKBP2|NEU1|PDIA5|AARS1|GAS6|PDXK|P4HB|ARID3A|CASP10
TERAMOTO_OPN_TARGETS_CLUSTER_6	0.714031339031339	1	-0.331987752040836	-0.83791550284829	4009	23	APOD|TMEM107|TSPAN9|ACACB|GFUS|SERPINF1|PIH1D1|ELMO2|ACTN4|CCDC80
TERAMOTO_OPN_TARGETS_CLUSTER_7	0.832438478747204	1	0.310079198596295	0.75527958009313	3720	17	PDE3B|MTHFD2|SPP1|RAPGEF6|METTL2A|WARS1|CTH
THAKAR_PBMC_INACTIVATED_INFLUENZA_AGE_21_30YO_VS_70PLS_0DY_UP	0.763376717281273	1	-0.336133336654627	-0.792731824581215	4222	17	LINC01089|SREBF1|RAI1|GTPBP3|IQSEC1
TIAN_TNF_SIGNALING_NOT_VIA_NFKB	0.851381966470322	1	0.294101740984661	0.755910898886276	3757	21	FOSB|KLF10|EGR1|FZD2|INSIG1
TIEN_INTESTINE_PROBIOTICS_24HR_DN	0.979938271604938	1	0.214947131705762	0.827081111936142	3174	209	PRNP|MBNL2|KLHL24|BNIP3L|ARIH1|MARCHF5|ZNF277|MTHFD2|NBR1|THOC2|ARF4|HSPH1|TMED2|PDE8A|RPL39|GCLM|IFRD1|RANBP9|PJA2|HKDC1|AUH|TMED7|HERPUD1|TMED5|EEF1A1|WIPI1|RPS3A|TFE3|DNAJB9|ATF2|AFTPH|PLAAT4|TTC3|CREB1|RPL4|MAN1A2|RPS24|CLCN3|PDIA3|CEP57|ZNF236|CDC5L|GARS1|NCOR1|TFG|SEC63|RPL5|TRAM1|EIF4B|TMCO3|BTG1|ATL2|HSPA9|PNRC1|PABPC1|SH3GLB1|ATF3|HSPA5|TBC1D15|RPS6|GOT1|CANX|TCEA1|EIF1|ZNF282|NUDT4|GOLGA5|NAP1L1|HSPA8|FTH1|MTFR1|VASP|GATAD1|WARS1|ZMYM4
TIEN_INTESTINE_PROBIOTICS_2HR_UP	1	1	0.178092291152522	0.490722875728911	4320	28	EEF1A1|PTK2|PTP4A2|RPS3A|RPS6|PGK1|NAP1L1|HSPA8|ANP32A|GAPDH|EPHB4|SEL1L3
TIEN_INTESTINE_PROBIOTICS_6HR_UP	0.995115995115995	1	0.213296501736904	0.667614991015761	4074	52	PRNP|RPL39|H3-3A|EEF1A1|PTP4A2|RPS3A|MYC|RPL4|RPS24|HMGB1|CDC5L|RPL5|RPS6|PGK1|NAP1L1|HSPA8
TOMLINS_PROSTATE_CANCER_UP	0.923386143296288	1	0.249757142467695	0.741873503235661	3904	39	UAP1|RAB11A|BICD1|MYO6|MBOAT2|ZNF217|NACA|PAICS|DKC1|CANX|ATP6V1G1|HSD17B4|PARG|DAPK1|MCCC2|PDLIM5
TONG_INTERACT_WITH_PTTG1	0.927979712595097	1	-0.249326621050071	-0.746280292587748	5488	54	PPFIBP2|ATAT1|MTG1|IER3|RPS15|RPS10|PLK3|PHF11|HMGN2|CNP|RPS26|PYM1|C19orf53|ARL6IP4|PIMREG|TYMSOS|DDX54|C7orf50|RPL26L1|RPL41
TONKS_TARGETS_OF_RUNX1_RUNX1T1_FUSION_HSC_UP	0.687664811016701	1	0.248787434072344	0.927150671542485	2346	165	CXCL8|FAR2|CD69|CCNG2|TGFBR2|NTS|RGS2|TNFSF4|TCN1|GLMN|SMARCA1|ARID5B|KLHL24|CEP162|BNIP3L|KIF3C|PROCR|MXI1|PRKAR1A|ZFYVE16|TWF1|ADD3|IL1RL1|TOX|S1PR1|HOXA5|TMEM176B|SAMSN1|SOCS2|FXR1|ZDHHC17|ARHGEF12|PPFIBP1|DRAM1|WSB1|MEG3|RB1|ZNF217|CA2|SERTAD3|FBXW11|IL13RA1|ALDH1A2
TOOKER_GEMCITABINE_RESISTANCE_DN	0.869386637458927	1	0.239536906165133	0.851231598401378	3174	115	DPYSL2|RGS2|LAMP2|XRCC4|AKAP12|GNPAT|ADD3|AGPS|UGCG|WWTR1|CAPRIN1|MED17|SNX3|SLC20A1|SRP72|SPCS1|TAF1A|CLIC4|CACYBP|SSR1|PTP4A2|CD47|PAPOLA|QKI|ZNF217|IDH3A|IPO5|CYB5B|GNL3|XPOT|MBD4|SLC35A1|PPID|TFRC|SH3GLB1|EHBP1|ATP6V1C1|PSAT1|AZIN1|TOP1|PIK3CB|FKBP4
TOOKER_GEMCITABINE_RESISTANCE_UP	0.829047387999353	1	-0.260111725450728	-0.826941538239222	5125	77	RPL28|COX8A|ITPA|DSC3|ACVR1B|SNRPB|ISG15|RNH1|SP110|GRHPR|ELOVL1|BLVRB|TSSC4|BLTP2|IRF9|MRPL17|CD81|WDR74|HBE1|TCF7L2|NAP1L4|ARFIP2|ZFAND3|TRIM68|RXYLT1|TMED3|PTDSS1|RRP8
TORCHIA_TARGETS_OF_EWSR1_FLI1_FUSION_TOP20_DN	0.999819233550253	1	-0.201940297201358	-0.476252971068414	5530	17	SLC6A13|CD81|CDC42EP3
TORCHIA_TARGETS_OF_EWSR1_FLI1_FUSION_TOP20_UP	0.732839838492598	1	0.331133492910385	0.820150125175378	3266	18	ZNF185|FAM174B|NUDT11|CA8
TORCHIA_TARGETS_OF_EWSR1_FLI1_FUSION_UP	0.840322813085459	1	-0.239533322600527	-0.874170800164019	5830	247	LYRM9|RAB27B|TSC22D3|PBX3|APOA1|HOMER3|ARSA|LYST|CPT1C|CASTOR1|GRN|TECPR2|EPS8|APOE|EEIG1|TMCC3|DENND2C|TRIM10|PCYT1B|ACVR1B|ERO1B|EMP3|ATP2A3|AKT3|C3orf80|PKP3|MEAK7|PXMP4|TMEM184A|TRIM26|AREL1|SLC43A1|SP100|DCXR|MXD4|ICAM2|DIAPH1|CPNE7|SPHK1|F2R|NOL4L|FERMT3|GRK6|TSPOAP1|SLC35D2|ANKRD9|GRTP1|CTTN|MVD|ID2|NRIP3|NFE2|NIBAN2
TOYOTA_TARGETS_OF_MIR34B_AND_MIR34C	1	1	-0.199382434339233	-0.763096503353153	7526	440	MSH5|SLC30A3|H4C4|ESPN|MIR9-1HG|BCO2|FAM171A1|FAM234B|NUP210|GTF2I|CHST12|SLC29A1|MANEA|FGFBP3|TNFRSF21|MFSD13A|HDAC8|TEF|SUN2|RPL23|HYLS1|MARVELD3|FUT8-AS1|FAM215B|DBF4B|LUC7L|AURKB|ZNF551|MED22|PKMYT1|MET|ARHGEF26|RTKN2|SLC25A19|PTPN3|ESR1|TMEM109|TMEM18|SNHG17|LIG1|TMEM200B|MZT2B|POLE|SNU13|RFC2|SLC7A11|FOXRED1|PPP6R2|DIAPH1|ZBTB20|DMBX1|PDRG1|CNPY3|LRRC37A2|ITFG2|KLHDC4|KIFC1|RAD54L|CCDC9|TMED4|RAP1GAP|PRPF19|MANEAL|GTSE1|XPO6|STAG1|NFKBIB|RNF145|HCN3|MYBL2|HELLS|HNRNPAB|TSR2|FLOT1|ERP29|HAUS4|MTG2|GUSBP11|LPCAT1|NRGN|SNRNP70|CCNF|KLHL23|LY6E|CC2D1A|ADISSP|ABHD2|SAP30L
TSENG_ADIPOGENIC_POTENTIAL_UP	0.841997264021888	1	0.292809813993446	0.768463047282511	3692	23	TCF7|MTHFD2|EFNB2|CRABP2|CD24|NDN|ADORA2B
TSENG_IRS1_TARGETS_DN	0.652720981440705	1	-0.272920548088043	-0.91799494787328	4149	118	EFNB1|CRIP2|HLX|MYL11|TRDC|SH3BGR|SMAD6|COL6A1|COL6A3|FRMD6|EPHB6|CST3|THBD|DIAPH1|CARHSP1|EPHX1|TAPBP|TSC22D1|LIFR|IL6ST|TMUB2|TRAF3IP2
TSENG_IRS1_TARGETS_UP	0.766854687080312	1	0.254527528171696	0.884676402690649	2854	99	GTF2IRD2B|LBHD1|TCF7|ACTR3|C1QTNF3|MTHFD2|MEF2C|HSPA4|RNF6|ZDHHC6|QNG1|EFNB2|CPXM1|SPP1|DDX18|COPS5|CRABP2|NARS1|CD24|BUB1|ACLY
UDAYAKUMAR_MED1_TARGETS_DN	0.826695842450766	1	-0.241797008422083	-0.875219216258661	5666	227	MTCL1|STS|TSC22D3|TRIM29|PDE2A|RPS21|TIMP3|AXL|DDB2|GDPD5|COL1A1|RTN2|LAMA5|TRIO|SMTN|SNHG32|EFNA1|FHL1|HOXC13|FAS|ACYP2|INPPL1|H2BC5|MAP7D1|USP36|KCNN4|SLC2A3|NFE2L1|JUNB|RHOB|RETREG2|SLC35E3|POLG|RASSF1|MAPKAPK2|SFSWAP|SNX11|LIFR|P4HA2|ID2|PCNT|DUSP5|CDKN1C|TTC17|CCNF|UPP1|SAP30L|TNFAIP2|CDKN1A|BRD2|ERAP1|PTTG1IP|SEC61A2|JOSD1|PILRB
UDAYAKUMAR_MED1_TARGETS_UP	0.656127588136542	1	0.256177621654561	0.931678141172083	2344	135	TLE6|SCRN3|CAMSAP2|PTER|DARS1|ME1|AMMECR1|AP1S2|EXPH5|MRPL42|IPO7|CHPT1|DDHD2|RMND5A|SLK|CNOT6|POGLUT2|PPP3CB|FEM1B|PJA2|TSPAN12|TMED7|CTNND1|MBNL1|RDH11|DHX15|CD47|DCP2|RO60|NF1|CAV2|CREB1|RBM47|SUB1|ECPAS|NSMAF|GARS1|RYK|CEP70|PCLAF|POLR3G|GRSF1|EIF2AK2|RPL22|PHF10|GATD3|SSX2IP|PSAT1|HIGD1A|FDX1
UEDA_CENTRAL_CLOCK	0.669844861021332	1	-0.280711286272968	-0.899931009402049	4144	82	RAB34|DBP|MRPL41|CRYBG1|PLEKHA1|NFIL3|DLK1|NSDHL|POLR2E|CDK2AP2|STX5|SGK1|PER1|ID2|AP1B1|HSPA1A|UBFD1|RNASET2|MAN2A1|HNRNPM|HSPA1B|DHODH|H3-3B|UBE2S|PDIA6|ZBTB14
UEDA_PERIFERAL_CLOCK	0.933189986177238	1	-0.233408715015754	-0.811102848342331	6075	157	COL18A1|CREBRF|CRIP2|PNKD|ABCB4|SLC29A1|TSPAN4|ETHE1|POR|LSR|CHD4|NFIL3|NR1D1|TRIP6|LPIN2|DHRS3|F2R|CEBPB|TNFRSF1B|SLC37A4|DHCR7|TSC22D1|FASN|ID2|HNRNPAB|HES6|NOCT|IFT46|IRF9|UBXN1|CPT1A|ASL|AK4|TUBA3C|PNPLA2|PDIA4|H6PD|GPCPD1
UNTERMAN_IPF_VS_CTRL_MONOCYTE_DN	0.647203579418345	1	0.357674760994744	0.871211111602921	2892	17	FOSB|RGS2|TMEM176B|HBEGF
UNTERMAN_IPF_VS_CTRL_TREG_CELL_DN	0.918839928057554	1	0.27459066100173	0.688687556703308	4086	19	CD69|NR4A2|SBDS
VALK_AML_CLUSTER_15	0.837869003690037	1	0.283954774342041	0.775709903896529	3632	27	MEIS1
VALK_AML_CLUSTER_16	0.775641025641026	1	-0.31774083805751	-0.801957218179682	4355	23	TRPM4|ITGA7|TKTL1|DACH1|RPP25
VALK_AML_CLUSTER_2	0.744803695150115	1	0.311105363285017	0.831467796327924	3224	25	PDE3B|PLA2G4A|HOXA5|SRSF8|PLS1|HBA1|TRIM16|GOLGA8A
VALK_AML_CLUSTER_6	0.914371673223791	1	0.263926288521373	0.727233427373606	3950	28	PIEZO2|CORO1A|FAM174B|FTO|RSL1D1|SMC4|CEP70|TTC27|HIGD1A|PECAM1|XPA|RGS10
VALK_AML_WITH_CEBPA	0.784251968503937	1	-0.298755482231561	-0.810203624476299	4481	32	TRDC|HSPB1|ATN1|SFXN3|GNA12|ARHGEF3|TBL1X|SLC16A1|GALC
VALK_AML_WITH_FLT3_ITD	0.94575678040245	1	-0.256135249310131	-0.69462058335171	5404	32	PBX3|KCNK5|LGALS3BP|BAHCC1
VANASSE_BCL2_TARGETS_DN	0.76536312849162	1	-0.281277536650795	-0.836393573081327	4520	52	MARCKS|TMEM25|HCST|IFI16|ELL3|HERC6|RASGEF1B
VANDESLUIS_COMMD1_TARGETS_GROUP_3_DN	0.781056723802792	1	-0.308413983538883	-0.800706037310742	4419	26	UCHL1|FEZ1|DLL3|NRARP|YJU2|TUBB3|TCF15
VANHARANTA_UTERINE_FIBROID_DN	0.953660174613835	1	-0.240931818327446	-0.733197420526031	5679	60	WFS1|SMAD7|PHYHIP|RARRES2|MDFIC|CXADR|BCL6|MS4A4A
VANHARANTA_UTERINE_FIBROID_UP	0.876370422206671	1	0.26886064637122	0.772941411553284	3756	34	PLAAT1|SATB2|MMP11|EFNB2|ART4|TYMS|ZMAT3
VANLOO_SP3_TARGETS_DN	0.919864265204907	1	0.239856468021143	0.802477085660556	3523	78	PDK1|LGALS3|DNASE1L1|EVC|HIPK3|KHK|DAPK2|SP3|SPEG|HSD17B11|GNG10|LIPH|ZDHHC2|ACBD4
VANOEVELEN_MYOGENESIS_SIN3A_TARGETS	0.999074074074074	1	0.201677036598177	0.776019974576543	3236	209	MLYCD|PARPBP|NMD3|BLZF1|ENOPH1|DTL|HS2ST1|LIN28A|RNF13|TBCA|VSIR|UCHL3|FBXL8|PNPLA6|NSUN3|ZWILCH|SLC25A40|MXI1|OLA1|PPP3CB|CHTF8|MYO6|DUSP10|ZDHHC20|BAZ1A|SCLT1|RIOX2|HACD3|WWP2|ANXA5|CMAS|VMP1|IDH3A|CREB1|RPS24|CLCN3|ARHGAP5|OGFOD2|MRPS33|VAMP3|C1orf131|GNL2|KIAA1191|ATP6V1A|RAE1|TMCO3|PMS2|SUCLG2|MBTD1|AHCY|MZT1|TRMT6|RAD51AP1|SLC35A5
VANTVEER_BREAST_CANCER_BRCA1_DN	0.693337971821186	1	-0.311375486621602	-0.865329787947025	3985	36	ITGBL1|ETFB|ECI1|RGP1|CCDC74B|TPPP3
VANTVEER_BREAST_CANCER_BRCA1_UP	0.890519450267878	1	0.266914875871249	0.76335666601637	3822	33	CCL2|GLMN|DNTTIP2|PPP1CB|VRK2|MYC|MTF2|RTCA
VANTVEER_BREAST_CANCER_ESR1_DN	0.984704484704485	1	-0.217461945668234	-0.777968037868707	6630	202	TBC1D1|FZD9|ABRACL|FAM171A1|TRIM29|DYSF|TCN2|SNN|KCNK5|TNFRSF21|LGALSL|CYBA|THEMIS2|EGFL6|MEAK7|TMCC2|BIN1|CSRP2|FANCA|KCNN4|ASNS|DEF8|MRAS|SMCO4|RAD54L|IL15RA|MYBL2|DUSP9|RRP1|CSTB|ST8SIA1|PEDS1|PDXK|MPZL1|KIF2C|APOBEC3B|SEM1|PIMREG|NFKBIE|PFKP|KATNA1|CDC20|CDCA8|STEAP3
VANTVEER_BREAST_CANCER_ESR1_UP	0.813112916783413	1	0.242396905379313	0.883181697868278	2901	137	TCEAL1|C3orf18|FOXA1|CCNG2|GPR162|TP53INP1|LRBA|LONRF2|MACIR|NEK9|RNF103|LZTFL1|TSPAN13|SCCPDH|BTBD9|UGCG|FAM174B|FUT8|BCL2|SCAMP1|MYB|PTP4A2|TOGARAM1|ELOVL5|RBM47|HNRNPA1|GPD1L|LAMB2|QDPR|PCSK6|PREX1
VARELA_ZMPSTE24_TARGETS_DN	0.705098222637979	1	0.306765348158561	0.858154506674751	3014	30	PHLDA1|CA3|TMEM176A|S100A10|OSTC|INPP5B|MIX23|IDI1|C11orf54|CAT|TP53INP2|ALDH1A1|SLC31A1
VARELA_ZMPSTE24_TARGETS_UP	0.821736135032725	1	-0.281817460083223	-0.802926265215433	4770	41	CD14|NR1D1|CSNK1D|SNHG6|TNFRSF1B|MAPKAPK2|BCL2L1|BAIAP2|C15orf39|CDKN1A|CRCP
VECCHI_GASTRIC_CANCER_EARLY_UP	0.955384615384615	1	0.218076247786329	0.889904863765224	2483	402	AJUBA|CXCL8|TTK|SAMD5|FAR2|PARPBP|RAD54B|ZNF367|SGO2|EFNA2|CSPG5|SLC39A10|DEPDC1B|DTL|CKS2|XRCC4|SNHG4|TOP2A|ANLN|PBK|UCHL3|NPM1|SATB2-AS1|CCNA2|KNL1|CDCA7|VPS50|CCNB1|CKAP2|HSPH1|SHQ1|NCBP2|GINS1|CPLX1|ECT2|DCAF13|NCAPG|NDC80|MTCH2|ASS1|NUSAP1|MAD2L1|ARHGAP8|SLC4A11|SPP1|CENPU|SPDL1|ZNF792|SFXN4|HUS1|ARL5B|NAA25|FAM133B|CDK1|RRM2|ATP11A|IFI6|BUB1|MYB|KIF15|S100A10|ZNF117|GSTCD|TMEM68|DSCC1|RACGAP1|KIF14|NEK2|GGH|CDKN3|PRR11|HMGB1|ZWINT|ADORA2B|BRIP1|TIMM17A|SMC4|ESCO2|NUP155|ATAD2|BUB3|CDCA2|NCAPG2|PCLAF|RFC3|SKP2|CDK6|DKC1|CCNB2|FUBP1|ALYREF|MZT1|TRMT6|BUB1B|RAD51AP1|GPSM2|MRPS17|NUP58|SNRPD1|TRIM47|DEPDC1|POLD3|LACTB2|NTPCR|DLGAP5|PDSS1|CSE1L|MELK|FEN1|NUDCD1|HSPA8|EFNA4|INTS2|AGO2|NELFCD|ASPM|FAM72C|RPA3|BRCA1|ATG16L1
VETTER_TARGETS_OF_PRKCA_AND_ETS1_UP	0.881438721136767	1	0.298900287823259	0.715912871240369	3969	16	HS2ST1|INSIG1|SCAMP1|SEC23IP
VIETOR_IFRD1_TARGETS	0.86471009305655	1	-0.297954444865313	-0.736989405596044	4831	21	UQCR10|TOMM7|TK1|CTSZ|EBP|SEM1
WAGNER_APO2_SENSITIVITY	0.874037154508382	1	0.287925014678852	0.740035254225465	3857	21	FUT8|GALNT1|GALNT10|FUT11|GALNT6
WAKABAYASHI_ADIPOGENESIS_PPARG_BOUND_36HR	0.646103896103896	1	0.31836006192352	0.88559231035643	2785	29	PUS10|CUEDC1|MEF2C|TOB1|ALDH9A1|EXOC6|TRIT1|CHUK|NGLY1|ZNF326|SH3GLB1
WAKABAYASHI_ADIPOGENESIS_PPARG_RXRA_BOUND_36HR	0.928902627511592	1	-0.234085566293655	-0.805591490761258	6009	143	ANKRD33|TMEM134|ACADS|LPCAT3|ETFB|PLA2G15|MICALL2|TMCC3|SERPINE1|ELMOD3|MAP3K12|PXMP4|LTBP3|MMRN2|RAMP1|C2orf76|FILIP1L|CRYZL1|THOC6|ACAA1|UCP2|SLC35E3|ACADVL|IL15RA|ZNF519|QTRT2|HCFC1R1|ECH1|PITPNM1|CPT1A|PTGR2|DNAJC19|CRTC2|ILVBL|SEC24C|TOM1L2|MLF2|SNCG|HGH1|SETDB1|DLG4|CSNK1G2|LPL|TRAF7|SF1|ST3GAL2
WAKABAYASHI_ADIPOGENESIS_PPARG_RXRA_BOUND_WITH_H4K20ME1_MARK	0.70291702067403	1	0.251015892954144	0.918479187334196	2481	142	PRNP|BCAR3|KAT2B|PUS10|HSDL2|PANK3|NABP1|SLC25A46|ABCC4|PEX3|PPM1B|FAM13A|CHPT1|HIBCH|PLEKHF2|ATP1B3|MTCH2|AP3S1|IDH1|DRAM2|ABHD1|NATD1|PCCA|PCYOX1|EIF4G3|CS|BFAR|AFTPH|CYRIB|PEX5|QDPR|NCBP1|HSD17B12|EFR3A|PLCB1|SFXN1|JAGN1|CSAD|GINM1|CHP1|PLAAT3|CHCHD3|GHITM|TMEM33|TXLNG|MSMO1|HIBADH|ATOSA|GUCD1|IMMT|FDX1|ACADM|STOM|KLF15|SLC66A3
WAKASUGI_HAVE_ZNF143_BINDING_SITES	0.718174133558749	1	-0.288758100857887	-0.864305941690961	4247	54	MSH5|MUTYH|GTF2H4|RECQL5|RECQL4|POLE|POLD1|XPC|NTHL1|FANCG|APTX|NEIL2|FANCE|RAD23A|SEM1|LIG4|FANCD2
WANG_ADIPOGENIC_GENES_REPRESSED_BY_SIRT1	0.875352609308886	1	-0.288153347678886	-0.742206097772016	4964	25	ELOVL3|CHCHD10|TRIB3
WANG_CISPLATIN_RESPONSE_AND_XPC_DN	0.998164014687882	1	0.2035099722902	0.779464330443603	3261	202	TCEAL1|EGR3|CCNG2|ATG16L2|CDC7|HERC3|HIF1A|KALRN|HIPK3|TFPI2|KLF10|PTGS1|ZNF33A|CAPN2|MKRN1|ADD3|SDCBP|FNTA|WTAP|MED13|PPP3CB|ITIH4|LGALS4|KIF3A|GALNS|EDC4|FZD2|UGP2|DDX52|DNAJA2|ZNF451|CASP3|HMGN4|KRBOX4|EBAG9|EIF2S1|MLLT11|C1D|CUL3|UBE2D1|TAF9|EFR3A|CHMP1B|PARP4|SLC35A1|RUSF1|GRSF1|BTG1|IL1R1|SYNJ1|PNP|ATP6V1C1|WASHC2A|NT5C2|CD46|STAT1|GEMIN2|DYRK3|ZNF317|MAP4K5|PAIP1
WANG_CLASSIC_ADIPOGENIC_TARGETS_OF_PPARG	0.981076151390789	1	0.236158581808638	0.619785043894207	4302	23	CD36|ACSL1|MGST1|GLUL|FABP5|ALDH1A1|S100A1
WANG_ESOPHAGUS_CANCER_VS_NORMAL_DN	0.872990353697749	1	-0.250455144276708	-0.814273928430775	5429	92	TSPAN5|KCNK5|EREG|GTF3C1|IGFBP2|GPC1|PGF|NSDHL|TXNDC17|TBC1D10A|AFDN|MOSPD3|DUSP7|EPHX1|ACAA1|ZER1|FUT1|DUSP5|GOLGA2|UPP1|NRBP1
WANG_LSD1_TARGETS_DN	0.799812909260992	1	0.288290854983885	0.806473410124742	3419	30	RIMS3|EGR1|EGR2|EXOC8|PCSK1N|BTG1|CCNB2
WANG_NEOPLASTIC_TRANSFORMATION_BY_CCND1_MYC	0.73466810966811	1	-0.338827064510517	-0.809936804042232	4072	18	EREG|TRIB3|ARHGAP6
WANG_PROSTATE_CANCER_ANDROGEN_INDEPENDENT	0.998653878512536	1	-0.204104926424027	-0.622475172449686	5934	61	RPLP2|FAAP100|DBP|SGSH|DCXR|CYREN|TOMM7|PRPF19|ID2|CEP170B|BAIAP2|LTB4R|RPS14|EIF3B|RAB27A|FN1|JUND|RPL13
WANG_RESPONSE_TO_ANDROGEN_UP	0.986875431729219	1	0.230803361701819	0.623716442616763	4285	26	GNAI3|APPBP2|INSIG1|SLC30A7|TMEM50A|NGLY1|PIAS1|ATXN3|EVI5|ACSL3|UBE2J1
WANG_RESPONSE_TO_BEXAROTENE_DN	0.782628262826283	1	0.307235132136673	0.800880640209728	3477	22	CPNE8|NAB1|EPS15|SKAP2|MAPK14|ADORA2B|MED14|CAST|RAD51AP1
WANG_RESPONSE_TO_FORSKOLIN_UP	0.991177529708318	1	-0.22908050356412	-0.554768250660042	5504	19	KLK2|CRLS1|RRP12|CAMKK2|ELK4
WANG_RESPONSE_TO_GSK3_INHIBITOR_SB216763_DN	0.757173601147776	1	0.231147359115214	0.93479096941872	2110	347	BICDL1|ST8SIA4|PELI2|ZNF367|PDK1|DDIAS|CCNE2|PLK4|DTL|TLE4|GNB4|ALOX12|EEF1AKMT1|PBK|TDRKH|PHLDA1|EGR1|FOXJ3|PAIP2|CCNA2|KNL1|CIP2A|MSH2|SEH1L|TFB2M|PALS2|HSPH1|SMC2|GINS1|POLA1|ETV5|NCAPG|SLC38A2|MAD2L1|SIGLEC12|RNF144A|ANKRD28|CENPU|INSIG1|KLHDC2|ERO1A|HERPUD1|TYMS|ACSL1|TIPIN|TGFBR1|RRM2|WT1-AS|ACTL6A|BUB1|NIP7|CDK2|DARS2|GABPA|MYC|CITED2|STMN1|UTP15|DSCC1|GART|MASTL|WT1|TAF4B|HMGCS1|SFXN1|NCS1|IPO11|ZWINT|WEE1|CEP76|BRIP1|ACAT2|ESCO2|HSP90AA1|ATAD2|RB1CC1|ALDH1B1|TIPARP|SHCBP1|TFRC|BLM|RFC3|FABP5|TFDP2|KNOP1|IDI1|DKC1|KNSTRN|RFWD3|TRMT10C|ALYREF|XRCC2|EIF5AL1|BUB1B|RAD51AP1|CCDC28A|EXO1|TBC1D15|MSMO1
WANG_TARGETS_OF_MLL_CBP_FUSION_UP	0.756696042854674	1	-0.294972957522001	-0.836136906050712	4378	40	CD14|GPC1|GLG1|TMCO6|ADAM15|FERMT3|CENPV
WANG_THOC1_TARGETS_DN	0.846681096681097	1	-0.309499058256589	-0.739830740677569	4693	18	DHH|CLDN11|AMHR2|CTSL
WANG_TUMOR_INVASIVENESS_UP	1	1	0.188904470624913	0.767429562496877	2656	376	S100A14|FZD8|CCN1|CEND1|MDP1|AMD1|STRAP|HIF1A|WDR75|MAP1LC3B2|ARIH1|GLUD1|KIF11|SGPL1|EIF4G2|NPM1|ABCE1|ABCD3|PSMA4|IPO7|SCAF8|HSPH1|RDX|PRKAR1A|MKRN1|AP3M1|TJP2|ARPP19|PROS1|SLK|RRAS2|YWHAG|RPL21|KPNA2|HSPA4|AGPS|USP14|TGFBI|CDHR4|CALD1|BEX3|TXNDC9|PSMG1|WDR89|USP47|CPSF2|NFE2L2|DDX5|SSB|UBA2|B4GALT5|CRABP2|ARPC3|EIF5B|ARHGEF12|PTP4A2|PEX13|HSPD1|MAPRE2|RFC1|SEPTIN7|WWP2|RPL6|PSMA2|RPL7|STX7|GTF3A|PSMC2|SUB1|RPA2|GLUL|IPO5|AIMP1|HMGCS1|NCS1|PCNA|SEC62|NACA|ACAT2|NCOR1|ATP5PB|ADH5|EIF4B|CTDP1|PSMC5|FAF1|HNRNPA2B1|PABPC1|PNP|KPNA1|ATP6V1C1|ANXA7|COMMD3|EIF3H|VIM|KPNB1|HSPA5|RPS6|STAT1|PRDX5|TAF3|KCMF1|WDR3|VDAC3|VDAC2|UBE2K|PIP4K2A|PXK|DAB2|NR3C1|HIGD1A|FKBP4|TOMM20|CCDC47|HMGB2|NAP1L1|HSPA8|SMC5|RNF10|RAB7A|ADD2|SMG1|APH1A
WATANABE_COLON_CANCER_MSI_VS_MSS_DN	0.905176584421868	1	0.250699877947401	0.774155457831928	3741	48	ARL11|TMCC1|TMEM106B|CDHR1|MYEF2|USP53|NME7|MUC12|ZMYM2
WATANABE_COLON_CANCER_MSI_VS_MSS_UP	0.745146487822097	1	-0.315297016108781	-0.825746711897196	4221	27	RAB27B|MST1P2|DUSP4
WATANABE_RECTAL_CANCER_RADIOTHERAPY_RESPONSIVE_UP	0.991093117408907	1	0.213488995583224	0.747785714135471	3671	104	SLC35A3|CD44|CUL4B|ABCD3|ARF4|RBL2|H3-3A|FCGRT|RAP1A|GOLGA4|PIP5K1B|EEF1A1|HMGN4|CD24|RRM1|NDUFB5|DHX15|LYRM1|IVNS1ABP|CYB5B|UBE4B|PPID|SREK1|DDX27|TRIM33|DRG1|POLR2K|GNAI2|USP4|PYGB|PPP2R5A|FTH1|PRKCD|TERF2IP|NELFA|IMPA2|GSE1|XRCC5|AHCYL1|TPR|PDHB
WEBER_METHYLATED_HCP_IN_SPERM_UP	0.706261101243339	1	0.347900469105844	0.833275958204195	3180	16	CATSPER2|REC8|TPTE|MOV10L1
WEIGEL_OXIDATIVE_STRESS_BY_HNE_AND_H2O2	0.995101469559132	1	0.216678808233713	0.622925021383037	4265	34	DDR2|SPRY2|FGFR1|SYP|ELK1|MYC|APC|CTNNB1|GTF2B|UBE2A|IL18|PAIP1|GNB2|ARHGDIA
WEIGEL_OXIDATIVE_STRESS_BY_HNE_AND_TBH	0.859242987495776	1	-0.26421584018636	-0.792985682278509	5084	55	IGF1R|TNFRSF1A|FASTK|GAK|SELENBP1|BMP1|CTSL|CTTN|IL6ST|BCL2L1|CDKN1C|TSPAN31
WEIGEL_OXIDATIVE_STRESS_BY_TBH_AND_H2O2	0.950656167979003	1	-0.253851990993259	-0.688428549149938	5432	32	QSOX1|SPINT2|RPL13A|RNH1|ITGB5|CDK10|TUBA1B
WELCH_GATA1_TARGETS	0.956259961041261	1	-0.26106326112196	-0.66581613101148	5399	24	MAFK|PPOX|NFE2|MAFG|HBZ|HBE1|ALAS2|ALAD|UROD|HBD
WENG_POR_TARGETS_GLOBAL_DN	0.708678429960389	1	-0.342155354711231	-0.828603589715726	3935	19	RETSAT|GRN|HSD17B10|NAA80|RAB30|SLC22A5|EHHADH
WENG_POR_TARGETS_GLOBAL_UP	0.962699822380107	1	0.263028135261037	0.629993463382259	4335	16	TCEA3|CYB5B|HMGCS1|IDI1|MSMO1
WENG_POR_TARGETS_LIVER_DN	0.823490230905862	1	0.31743363804336	0.760303139534863	3708	16	PNPLA7|HSPH1|HSD17B11|SDS
WEST_ADRENOCORTICAL_CARCINOMA_VS_ADENOMA_DN	0.980194454447245	1	-0.245465374012619	-0.594447777178374	5443	19	APOE|HRC|DGAT1
WESTON_VEGFA_TARGETS	0.786821705426357	1	0.259912612036225	0.863509702491003	3044	75	FOXO1|SLC49A4|CCL2|TRIM23|HEMGN|TFPI2|SP3|IL32|VWF|ART4|C1S|PRKCI
WESTON_VEGFA_TARGETS_3HR	0.874632713026445	1	0.254531070978052	0.803416033246465	3571	55	FOXO1|CCL2|TRIM23|HEMGN|TFPI2|SP3|IL32|VWF|PRKCI
WHITFIELD_CELL_CYCLE_G1_S	0.999449793672627	1	0.193914673635237	0.699333181890828	3632	126	ZNF367|CCNE2|EIF2A|DTL|CDCA7|RAB23|MSH2|INTS8|ESD|TTC14|HSPB8|CASP8AP2|SLC25A36|USP53|TIPIN|TCAF1|CAPN7|RNPC3|MED31|NPAT|TMEM243|DSCC1|IVNS1ABP|PCNA|KIAA1586|SEC62|ATAD2|LNPEP|ZRANB2|SKP2|MDM1|RMI2
WIERENGA_PML_INTERACTOME	0.989113530326594	1	-0.227914900915536	-0.646052647318212	5723	40	PLCB4|CAD|RPS18|PLEC|RPS27|RPL3|TUBB3|MCM7|POLDIP2|GCN1|KARS1
WIERENGA_STAT5A_TARGETS_UP	0.782563182294003	1	-0.249374593295406	-0.884280218470826	5232	185	HSPA6|CCR7|VASN|MAPK13|KISS1R|ENC1|CBS|P2RX4|IL4I1|FAM131A|SYNE3|TMEM116|MIIP|TULP3|CSF2|COL6A1|TRIM46|PIK3IP1|NFIL3|EGFL6|MUC1|TRIB3|DHRS3|SLC6A9|MOSPD3|GYPB|IL18RAP|RAP1GAP|P4HA2|PLXNA3|TUBB2B|PLEKHH3|HES6|NIBAN2|ENPP3|RHEBL1|PCSK9|DUSP5|HBZ|GATA2|CDKN1C|DCPS|CTSZ|CTSH
WIKMAN_ASBESTOS_LUNG_CANCER_DN	0.693995381062356	1	0.321957207072278	0.860470699217844	3004	25	NIPSNAP3B|MS4A6A|FNTA|PPIG|TRBC1
WILLIAMS_ESR1_TARGETS_UP	0.937668766876688	1	0.264391374578223	0.689198308362542	4166	22	CCNA2|SIAH2|HSPB8|BUB1|PPM1E|HMGB2|FAM83D|CEP55|PKIB|TUBA4A
WINTER_HYPOXIA_UP	0.756742464304601	1	0.257587167474588	0.885041283796723	2861	92	TMTC3|CXCL8|MTX1|ANGPTL4|ANLN|LDHA|SNX24|HOMER1|COL4A5|TNS4|TIMM23|PYGL|PVR|EIF2S1|S100A10|KCTD11|P4HA1|ADORA2B|MRGBP|CORO1C|VAPB|BNIP3|ALDOA|MRPS17|PLAU|GEMIN2|TANC2|PGK1
WNT_SIGNALING	0.895985401459854	1	-0.250781735610577	-0.782102856575744	5400	69	WNT11|CTBP2|FZD7|WNT3|CCND1|RPL13A|FZD3|CSNK1D|DVL1|FBXW4
WOO_LIVER_CANCER_RECURRENCE_DN	0.665769101312689	1	-0.292228692415659	-0.89308213858055	3955	62	PEMT|ECI1|POR|CYP4F2|SLC2A9|CPS1|APOL6|FMO4|DCXR|EPHX1|ACAA1|PCYT2|CRAT|PCK2|ACADSB
WP_15Q11Q13_COPY_NUMBER_VARIATION	0.680392626286809	1	0.291334025886223	0.884928924277284	2841	44	GJC2|CCL5|KAT2B|SLF1|TJP2
WP_16P112_PROXIMAL_DELETION_SYNDROME	0.945115810674723	1	0.233788924807701	0.770986042717154	3753	70	CCT6B|PRRT2|CORO1A|SIAH1|CCT8|TCP1|REL|CCT4|PPP4R3B|PPP2CA|PTEN|DOC2A|PCNA|PARP4|CCT6A|ALDOA|PPP4R3A|NR3C1
WP_17P133_YWHAE_COPY_NUMBER_VARIATION	0.794570135746606	1	0.31253641253083	0.792550324219024	3511	20	DCTN4|YWHAQ|YWHAG|YWHAZ|DCTN6|PPP2CA|YWHAH
WP_22Q112_COPY_NUMBER_VARIATION_SYNDROME	0.708142292490119	1	-0.268378493754478	-0.892269905367799	4478	108	SLC2A4|MAG|ACTA2|RTN4R|SREBF1|CDH15|COMT|MED15|DGCR2|P2RX6|LINC00896|THAP7|TXNRD2|DGCR8|RBX1|TRMT2A|MALT1|SHOC2|HIRIP3|POLR2A|GNB1L|CDC42|HES1|EMC10|CHRD|SREBF2|RANGAP1|SRF|PI4KA|TBX1
WP_3Q29_COPY_NUMBER_VARIATION_SYNDROME	0.843898772237534	1	0.253592666798861	0.830633903194588	3367	67	DYNC2LI1|PIGZ|HIF1A|UBE2N|NCBP2|TM4SF19|TM4SF19-AS1|SLC40A1|UBXN7|DLG1|FBXO45|ADAM10|MYC|NCBP1|PIGX|RNF168|LINC00885|MYCBP2|TFRC
WP_4HYDROXYTAMOXIFEN_DEXAMETHASONE_AND_RETINOIC_ACIDS_REGULATION_OF_P27_EXPRESSION	0.798152424942263	1	0.299005556749053	0.799129557699633	3455	25	PBK|PIK3CA|MAPK1|EIF4E|PRKAA1|MAP3K5|PIK3CB|MAP2K1
WP_4P163_COPY_NUMBER_VARIATION	0.957670720299345	1	0.245776925633407	0.687543679998552	4094	30	FAM53A|ERI1|H3-3A|MAPK1|CLTCL1
WP_7OXOC_AND_7BETAHC_PATHWAYS	0.998426258992806	1	0.196672008390177	0.493263552504104	4440	19	SCP2|ACOT11|ACOT13|ACOT7|SLC27A2|ACOT9
WP_7Q1123_COPY_NUMBER_VARIATION_SYNDROME	0.808934337997847	1	0.250760255682761	0.868203135548624	3005	97	FBN1|MT-ATP8|EIF2A|EIF2AK3|HDAC2|ERCC6|SMARCA5|VPS37D|LAT2|GRIP1|UBE2E3|ATP5F1B|UBE2E1|LIMK1|RFC5|TSG101|BECN1|CLTC|ATPAF1|MYC|RB1|CTNNB1|PCNA|ACACA|ATP5PB|DDX21|VPS37A|DLD|BTK|TBL2|CLASP2
WP_8Q1123_RB1CC1_COPY_NUMBER_VARIATION	0.96435067297199	1	-0.26583087069805	-0.616865019233659	5301	16	PTK2B|TRAF2|ULK1|WDR45B
WP_ACUTE_MYELOID_LEUKEMIA	0.777442853554383	1	0.263446051276347	0.859619039750992	3094	66	GLI1|TCF7|PIK3CA|CCNA2|PER2|MAPK1|ZBTB16|KIT|SOS2|NRAS|MYC|CHUK|BRAF
WP_ACUTE_VIRAL_MYOCARDITIS	0.975075528700906	1	0.224534476380248	0.740466844357006	3872	70	AIF1|SRC|EIF4G2|CD80|MAPK1|LAMA2|SGCB|TLR5|BCL2|CASP3|CREB1|BNIP2|CHRAC1
WP_ADHD_AND_AUTISM_ASD_PATHWAYS	0.910926030491248	1	-0.230303794326726	-0.854392622455621	6452	297	SHANK1|TCN2|GKAP1|STX1A|HOMER3|CUBN|ACE|SCN5A|REN|CBS|SLC46A1|PRKCZ|ITPA|SLC52A2|PNMT|SOD3|GABRG2|GRIA3|GRM3|DAGLA|SORBS2|MAP1LC3A|SLC19A1|TPH1|SLC52A3|COMT|HCFC1|PTK2B|AKT3|FOLR2|GNMT|AKR1B1
WP_AFFECTED_PATHWAYS_IN_DUCHENNE_MUSCULAR_DYSTROPHY	0.689893748455646	1	0.277491739803692	0.887785835784963	2791	59	TGFBR2|RYR1|GLI1|SMAD4|SMAD2|SPP1|PLA2G4A|VDAC1|MCU|TGFBR1|PRKAA1|CYBB|SLC25A5|HSPA9|SARAF|PLAU|FKBP1A|TOMM20
WP_ALPHA_6_BETA_4_SIGNALING	0.95573053368329	1	-0.251682193302442	-0.682544212098282	5461	32	LAMB1|LAMA5|IRS1|LAMB3|IRS2
WP_ALSTROM_SYNDROME	0.955446699323536	1	0.244879416680631	0.694509441304917	4095	32	RFX3|GPRASP2
WP_ALZHEIMERS_DISEASE	0.876593279258401	1	-0.236229151963585	-0.857503156660945	6051	233	KLC4|WNT11|PLCB4|FZD9|CSNK2A3|KLC3|ATP2A1|FZD7|APOE|WNT3|TUBA3E|IRS1|HSD17B10|AGER|APH1B|TNFRSF1A|ATP2A3|AKT3|IL1B|FAS|FZD3|AXIN2|IRS2|KIF5A|NCSTN|PSMB5|PSMB6|TRAF2|DVL1|KLC2|PSMD2|ERN1|AKT2|TUBB2B|GSK3B|WNT5B|TUBA1B|BID|GRIN2D|PSMB4|TUBB3|PSMA7|PSEN1|ULK1|ITPR3|ITPR2|PSMD9|PSMC3|TUBA3C|SEM1
WP_ALZHEIMERS_DISEASE_AND_MIRNA_EFFECTS	0.876593279258401	1	-0.236229151963585	-0.857503156660945	6051	233	KLC4|WNT11|PLCB4|FZD9|CSNK2A3|KLC3|ATP2A1|FZD7|APOE|WNT3|TUBA3E|IRS1|HSD17B10|AGER|APH1B|TNFRSF1A|ATP2A3|AKT3|IL1B|FAS|FZD3|AXIN2|IRS2|KIF5A|NCSTN|PSMB5|PSMB6|TRAF2|DVL1|KLC2|PSMD2|ERN1|AKT2|TUBB2B|GSK3B|WNT5B|TUBA1B|BID|GRIN2D|PSMB4|TUBB3|PSMA7|PSEN1|ULK1|ITPR3|ITPR2|PSMD9|PSMC3|TUBA3C|SEM1
WP_AMINO_ACID_METABOLISM	0.823404818639132	1	0.251914943787076	0.853342931575004	3109	85	RARS1|GLUD1|LDHA|HIBCH|OAT|GCLM|IDH1|ASS1|SDS|AUH|ACLY|CS|FH|GLUL|SUCLG1|ADH5|DLD|FARSB|MARS2|ALDH18A1|BCAT1|GOT1|HIBADH|ARG2|FTCD|ACADM|ALDH1A1|WARS1|GOT2|CTH|MDH1|MMUT|IARS1|GLS
WP_AMPACTIVATED_PROTEIN_KINASE_SIGNALING	0.828912021490934	1	-0.267865826768967	-0.815162291960779	4936	60	SLC2A4|CPT1C|SREBF1|CAMKK1|TSC1|STK11|ACACB|STRADA|PRKAB2|FASN|AKT2|CAMKK2|RPS6KB2|CPT1A|CRTC2|CDKN1A|PPARGC1B|PRKACB|EIF4EBP1
WP_AMYOTROPHIC_LATERAL_SCLEROSIS_ALS	0.928854676930254	1	0.255756552544323	0.72535839404292	3981	32	PRPH|PPP3CB|RAB5A|BCL2|CASP3|DERL1|MAPK14|CAT|PPP3CA|MAP3K5|ALS2
WP_ANDROGEN_RECEPTOR_NETWORK_IN_PROSTATE_CANCER	0.78625134264232	1	0.251400893040695	0.877569771580733	2927	101	FOXA1|ABCC4|PIK3CA|MSH2|SMAD2|SPRY2|MAPK8|MAPK1|RAP1B|RAP1A|CDK1|BCL2|CASP3|SP1|ELK1|RHEB|ACTL6A|CDK2|RICTOR|MYC|RB1|PTEN|MAPK14|ATR|ATF1|BLM|ATM|ARID1B|STAT1|CRK|SOS1|GAB1|CRKL|MAP2K1|BRCA1|PTPN11|CHEK2
WP_ANGIOPOIETINLIKE_PROTEIN_8_REGULATORY_PATHWAY	0.998103666245259	1	-0.208577347118025	-0.700161320174073	6315	117	SLC2A4|MAPK13|MLXIPL|MAPK11|MAPK12|SREBF1|IRS1|MAPK7|IRS2|MAP3K12|MAP4K1|TSC1|MAP3K11|MAP4K2|MAP3K3|PRKAB2|FASN|AKT2|GSK3B|FLOT1|MINK1|RPS6KB2|SREBF2
WP_ANGIOTENSIN_II_RECEPTOR_TYPE_1_PATHWAY	0.816716840800425	1	-0.304921644820259	-0.77767261828939	4611	24	IL11RA|ACTA2|COL1A1
WP_ANTIVIRAL_AND_ANTIINFLAMMATORY_EFFECTS_OF_NRF2_ON_SARSCOV2_PATHWAY	0.678521939953811	1	0.324898447440502	0.868331530100395	2937	25	CXCL8|CCL2|GCLM|NFE2L2|CHUK
WP_APOPTOSIS_MODULATION_BY_HSP70	0.873424558876485	1	-0.299174141066493	-0.724515235037115	4850	19	TNFRSF1A|FAS|BID|HSPA1A|CASP9|AIFM1
WP_ARRHYTHMOGENIC_RIGHT_VENTRICULAR_CARDIOMYOPATHY	0.783984181908057	1	0.265337311070181	0.851570253412576	3171	60	ITGB7|ITGB4|TCF7|LAMA2|SGCB|PKP2|DSG2|ITGA2B|ATP2A2|CTNNB1|EMD
WP_ARYL_HYDROCARBON_RECEPTOR_PATHWAY_WP2873	0.723891023402026	1	-0.314361305283231	-0.842693693800542	4144	30	IL17B|AHRR
WP_ATM_SIGNALING	0.93926453143535	1	0.246011017086945	0.734089858970073	3958	40	NBN|CCNB1|AP3B2|CDK1|CDK2|ATF2|CREB1|MAPK9|RIPK1|ATM|CDC25C
WP_ATM_SIGNALING_IN_DEVELOPMENT_AND_DISEASE	0.736644478579962	1	-0.291645760944164	-0.851859833274713	4315	47	MAPK13|MAPK11|MAPK12|AURKB|HDAC4|HSPB1|G6PD|IKBKG|STK11|RAD50|LMNB2|TP53BP1
WP_AUTOPHAGY	0.927643784786642	1	0.258072503409489	0.717888491266788	3999	29	PIK3C3|BECN1|PRKAA1|ATG12|AKT1S1|RB1CC1|MAP1LC3B|ATG3|ATG5|ATG16L1
WP_BIOMARKERS_FOR_PYRIMIDINE_METABOLISM_DISORDERS	0.856324371970031	1	0.311210438168178	0.734690309452632	3885	15	RRM2B|NT5C3A|TYMS|RRM2|RRM1
WP_BREAST_CANCER_PATHWAY	0.852267414679757	1	-0.247010738836697	-0.843299858599387	5468	134	IGF1R|WNT11|FZD9|CSNK2A3|FZD7|DDB2|WNT3|FGF17|CCND1|FOS|JAG2|AKT3|ESR1|NOTCH3|FZD3|AXIN2|DVL1|FGF2|AKT2|DLL3|GSK3B|RAD50|WNT5B
WP_CALCIUM_MEDIATED_TCELL_APOPTOSIS_INVOLVED_IN_INCLUSION_BODY_MYOSITIS	0.912509038322487	1	-0.288424849115441	-0.680216842427543	5047	17	ATP2A1|CABIN1|NR4A1|MEF2D
WP_CANCER_PATHWAYS	0.873267326732673	1	0.224176359899513	0.918783025182341	2204	425	CXCL8|EGF|GNA13|FOXO1|IL12RB2|TGFBR2|CAMK2B|KIF7|FZD8|CCNE2|GNG12|GLI1|ESR2|TCF7|NCOA3|EGLN3|PLD1|GNAI3|GNB4|HIF1A|HDAC2|PDGFB|NCOA4|RASGRP4|GNAQ|PIK3CA|CCNA2|SMAD4|MSH2|SMAD2|ROCK2|LRP6|DAPK2|MAPK8|MSH3|MAPK1|GSTM2|COL4A5|LAMA2|ZBTB16|IL6R|NKX3-1|WNT2B|FGFR1|BDKRB1|JAK3|KIT|GNG10|SOS2|RHOA|FZD2|JAK2|ROCK1|NFE2L2|TGFBR1|BCL2|ITGA2B|NRAS|ARHGEF12|CASP3|SP1|CUL2|ELK1|FZD4|PTK2|FH|CDKN1B|CDK2|SKP1|MYC|CHUK|RB1|BRAF|HEYL|BIRC2|MGST1|APC|MAPK9|CTNNB1|PTEN|PTGER3|LAMB2|IL13RA1|PLCB1
WP_CARDIAC_HYPERTROPHIC_RESPONSE	0.974028178577491	1	-0.234663618962053	-0.695554827134563	5737	51	TNFRSF1A|HDAC4|NRG1|MAPK7|MAP4K1|IKBKG|HDAC7|FGF2|HDAC5|AKT2|GSK3B
WP_CARDIOMYOCYTE_SIGNALING_CONVERGING_ON_TITIN	0.774511529660271	1	-0.305951310827894	-0.808034179007407	4399	28	TCAP|MYPN|FHL1|ANKRD23
WP_CATABOLISM_OF_SKELETAL_MUSCLE_IN_CACHEXIA	0.86471505283215	1	-0.274279918353432	-0.77368814123154	4991	39	IGF1R|MAPK11|MAP1LC3A|TNFRSF1A|IL1B|IKBKG|CEBPB
WP_CCL18_SIGNALING	0.955052324583977	1	-0.246585690827399	-0.708462003721499	5566	43	LINC02245|LINC01089|ACTA2|TWIST1|CSF2|PTK2B
WP_CELL_DIFFERENTIATION_EXPANDED_INDEX	0.704262877442274	1	0.348378145878796	0.834420068678425	3171	16	RUNX2|MEF2A|MEF2C|PAX7|LEFTY2
WP_CHOLESTEROL_BIOSYNTHESIS_PATHWAY	0.9449121522694	1	-0.280394767294988	-0.640332588522985	5162	15	NSDHL|LSS|DHCR7|MVD
WP_CHOLESTEROL_BIOSYNTHESIS_PATHWAY_IN_HEPATOCYTES	0.976932866687878	1	-0.226188696454383	-0.741487147717768	6140	97	ELOVL3|CYP19A1|SREBF1|CLIP3|HSD17B10|FDXR|SDR42E1|NSDHL|LSS|TSPO|HSD17B7|DHCR7|MVD|HSD17B1|PCSK9|EBP|MYLIP|CYB5R3|DHCR24|ACBD3
WP_CHOLESTEROL_METABOLISM_WITH_BLOCH_AND_KANDUTSCHRUSSELL_PATHWAYS	0.961564742056713	1	-0.242755421260382	-0.703233190335304	5628	45	ELOVL3|SREBF1|NSDHL|LSS|HSD17B7|DHCR7|FASN|MVD|SREBF2|EBP|MYLIP|DHCR24
WP_CHOLESTEROL_SYNTHESIS_DISORDERS	0.999819624819625	1	-0.19570952826353	-0.467826707029352	5542	18	LSS|DHCR7|MVD|EBP|DHCR24
WP_CILIARY_LANDSCAPE	0.93876282250544	1	0.223753862678237	0.861080234844354	3019	211	COPS2|EXOC5|TTC8|PSMC6|IFT56|BBS2|COPS8|HDAC2|ARL8B|MSH2|LZTFL1|LRPPRC|RMND5A|WDR26|PGRMC2|BBS1|RANBP9|H3-3A|COPS3|NUP133|EFHC2|EHD3|CEP97|EXOC8|EXOSC9|IFT57|IFT74|DDX5|EXOC6|COPS5|EIF5B|NDUFA5|SNRPB2|IFT70A|COPS4|MAPRE2|CNOT6L|RB1|TIPRL|APC|MKLN1|CTNNB1|AIMP1|NUP88|CLUAP1|CEP170|RAB14|WEE1|SMC4|IQGAP3|DVL3|ZYG11B|VAPB|EHBP1|IFT20|VIM|EXOC4|BBS4|INTU|CNOT10|MCM9
WP_CLEAR_CELL_RENAL_CELL_CARCINOMA_PATHWAYS	0.98586017282011	1	0.219005386439213	0.73000805701016	3764	77	HIF1A|PDGFB|ME1|LDHA|HK2|LDHD|SDS|LDHB|PGM2|RHEB|ACLY|AKT1S1|GPI|PTEN|ACACA|PBRM1|EP300|ALDOA|PSAT1|PGK1|PKLR|PGBD5|CEP290|MDH1|GAPDH
WP_COPPER_HOMEOSTASIS	0.707789066279632	1	0.283612693115142	0.875789474183806	2925	48	PRNP|FOXO1|STEAP1|PIK3CA|MT1X|CASP3|SP1|ADAM10|APC|MTF2|PTEN
WP_DISORDERS_OF_FOLATE_METABOLISM_AND_TRANSPORT	0.715827338129496	1	0.332900476312395	0.834931584419422	3183	19	ALDH1L1|ALDH1L2|MTHFD2|TYMS|GART|QDPR
WP_DNA_DAMAGE_RESPONSE	0.915198792148968	1	0.241374344021081	0.794200093829067	3636	69	RAD52|CCNE2|RRM2B|NBN|CCNB1|CDK1|CASP3|CDKN1B|CDK2|RFC1|MYC|RB1|CREB1|RPA2|ATR|CDK6|ATM|CDC25C|CCNB2|RAD17|BRCA1|PMAIP1|CHEK2|CCND2|PML|CHEK1|APAF1
WP_DNA_MISMATCH_REPAIR	0.653214774281806	1	0.334335719128476	0.877445472311283	2864	23	RFC4|MSH2|RFC5|RFC1|RPA2|PCNA|RFC3|PMS2|EXO1|POLD4|POLD3|RPA3
WP_ECTODERM_DIFFERENTIATION	0.821675031367629	1	-0.251580973997527	-0.849985213882241	5238	122	TRPM2|POU2F2|PTPRB|RHPN1|PPFIBP2|HDAC10|PLXNA2|ANKS1B|RRBP1|FYN|GAS2L1|GREB1|CLDN11|MZF1|YJU2B|PPARD|TSKU|ZBTB7B|TSC22D1
WP_EFFECT_OF_PROGERIN_ON_GENES_INVOLVED_IN_PROGERIA	0.813973799126638	1	-0.293102962622574	-0.790899683525617	4659	31	SREBF1|H3C12|CHD4|H3C13|CHD3|MBD3|H3C2
WP_EGFR_TYROSINE_KINASE_INHIBITOR_RESISTANCE	0.999738151348521	1	0.20004869848312	0.666819953890073	3817	77	EGF|SRC|PDGFB|PIK3CA|RRAS2|MAPK1|IL6R|EIF4E|SOS2|JAK2|BCL2|NRAS|MYC|BRAF|NF1|PTEN
WP_EICOSANOID_SYNTHESIS	0.930980215827338	1	0.269229290041881	0.675240961493375	4140	19	ALOX12|PTGS1|PLA2G4A
WP_ENDOCHONDRAL_OSSIFICATION	0.717666948436179	1	-0.288884362240997	-0.864683865161517	4244	54	IGF1R|PLAT|TIMP3|ADAMTS4|SERPINH1|HDAC4
WP_ENDOCHONDRAL_OSSIFICATION_WITH_SKELETAL_DYSPLASIAS	0.717666948436179	1	-0.288884362240997	-0.864683865161517	4244	54	IGF1R|PLAT|TIMP3|ADAMTS4|SERPINH1|HDAC4
WP_ENDOMETRIAL_CANCER	0.916481892091648	1	0.242360398053676	0.781052897703891	3719	61	EGF|TCF7|PIK3CA|MAPK1|FGFR1|SOS2|NRAS|ELK1|MYC|BRAF|APC|CTNNB1|PTEN
WP_ENERGY_METABOLISM	0.922613307618129	1	0.248389149464108	0.756868704925103	3826	45	FOXO1|MEF2A|MEF2C|TFB2M|PPP3CB|PRKAA1|ATF2|PPP3R1|GABPA|CREB1|NRF1|MAPK14
WP_ENTEROCYTE_CHOLESTEROL_METABOLISM	0.8351725345945	1	-0.286472904461383	-0.781789829317263	4767	33	APOA1|NSDHL|LSS|HSD17B7|DGAT1|DHCR7|MVD|MGAT1|EBP|DHCR24
WP_EPO_RECEPTOR_SIGNALING	0.772046972139074	1	0.302364762003727	0.817101936206945	3352	26	PDK1|SRC|MAPK1|JAK2|PIK3CG|PTPRC|STAT1|SOS1|MAP2K1
WP_ETHANOL_EFFECTS_ON_HISTONE_MODIFICATIONS	0.965407695022944	1	-0.250083116546622	-0.654954854118027	5469	27	HDAC10|HDAC8|SLC19A1|HDAC4|HDAC7|HDAC5|EHMT2
WP_ETHER_LIPID_BIOSYNTHESIS	0.859954751131222	1	0.293859630282942	0.745188515378682	3800	20	FAR2|PEX3|PEX1|GNPAT|AGPS
WP_EUKARYOTIC_TRANSCRIPTION_INITIATION	0.85738743365862	1	-0.273553848066603	-0.783540210803098	5007	42	POLR2F|GTF2H4|GTF2H2C|POLR2E|POLR3K|POLR2A|POLR2J|ERCC2|TAF6|POLR1A
WP_EXTRACELLULAR_VESICLES_IN_THE_CROSSTALK_OF_CARDIAC_CELLS	0.763321492007105	1	0.332946288220237	0.797458359456372	3437	16	EGF|SPP1|GATA4
WP_FACTORS_AND_PATHWAYS_AFFECTING_INSULINLIKE_GROWTH_FACTOR_IGF1AKT_SIGNALING	0.941917424772568	1	0.250705853987307	0.720748608176984	4037	34	PDK1|PLD1|SMAD2|EIF2B2|IGFBP5|EIF4E|PIK3CG|RICTOR|AKT1S1|PTEN|NEB|TNFSF9
WP_FAMILIAL_PARTIAL_LIPODYSTROPHY	0.899238533734726	1	-0.282468224898004	-0.720407382589956	5077	24	SREBF1|PPARG|AKT2|LMNA|LMNB2|GATA2|PNPLA2|LPL
WP_FAS_LIGAND_PATHWAY_AND_STRESS_INDUCTION_OF_HEAT_SHOCK_PROTEINS	0.957027906180448	1	-0.244825884100847	-0.701254711619802	5589	42	PAK1|HSPB1|FAS|MAPKAPK2|LMNA|LMNB2|PARP1|JUN|CASP9|CASP10
WP_FATTY_ACID_BETAOXIDATION	0.978344393992316	1	-0.239705009495234	-0.642566042573331	5601	30	ACADS|ECI1|ACSL6|ACADVL|CRAT|CPT1A|PNPLA2|ACSS2|LPL
WP_FATTY_ACID_BIOSYNTHESIS	0.753825382538254	1	0.313486582618196	0.81717651636511	3349	22	PECR|ACSL4|ACSL1|ACLY|DECR1|ACACA|ECHDC1
WP_FBXL10_ENHANCEMENT_OF_MAPERK_SIGNALING_IN_DIFFUSE_LARGE_BCELL_LYMPHOMA	0.717087824704011	1	-0.323969675768061	-0.841091808862116	4057	26	H3C12|PCGF1|H3C13|MACROH2A2|BCL6|H2AZ2|H2AZ1|H2AX|H3-3B
WP_FGF23_SIGNALING_IN_HYPOPHOSPHATEMIC_RICKETS_AND_RELATED_DISORDERS	0.827042628774423	1	0.316050320640505	0.756989878310102	3724	16	CYP27B1|SPP1|ALPL
WP_FGFR3_SIGNALING_IN_CHONDROCYTE_PROLIFERATION_AND_TERMINAL_DIFFERENTIATION	0.762855628202863	1	-0.312693601594055	-0.811816804646387	4316	26	MAPK13|MAPK11|MAPK12
WP_FLUOROPYRIMIDINE_ACTIVITY	0.971475333177461	1	0.238824209820524	0.6724315713407	4154	31	ABCC3|ABCC4|TYMS|RRM2|RRM1|GGH
WP_FOCAL_ADHESION	0.656465646564656	1	0.249893835822005	0.939897115979723	2187	177	VAV2|ITGB7|MYL9|EGF|ITGB4|MYLK3|SRC|PDGFB|PPP1CB|PIK3CA|PPP1CC|ROCK2|CAPN2|PPP1R12A|RELN|MAPK8|VAV1|MAPK1|TLN2|LAMA2|VWF|SPP1|TXK|PAK3|MYLK2|MYL12B|RAP1B|RAP1A|RHOA|ROCK1|BCL2|ITGA2B|ELK1|PTK2|BRAF|BIRC2|CAV2|MAPK9|CTNNB1|PTEN|ARHGAP5|LAMB2
WP_FOLLICLE_STIMULATING_HORMONE_FSH_SIGNALING	0.865253077975376	1	0.288085164327984	0.756063467399083	3794	23	FOXO1|SRC|MAPK1|RHEB|CREB1|MAPK14
WP_GENES_CONTROLLING_NEPHROGENESIS	0.830722469020341	1	0.282479130065722	0.795346022263793	3552	31	CD36|PDGFB|FOXC2|CTNNB1|NCK1|WT1|LAMB2
WP_GENETIC_CAUSES_OF_PORTOSINUSOIDAL_VASCULAR_DISEASE	0.91358024691358	1	0.259990615100191	0.743553795908178	3921	33	EOGT|IBTK|MAPK1|SBDS|RBPJ|SP1|CYBB|EFL1|SHCBP1|BTK|NOTCH4
WP_GLIOBLASTOMA_SIGNALING	0.699556251631428	1	0.269319939404189	0.901051707574965	2679	78	PRKCH|FOXO1|SRC|PIK3C2A|PIK3CA|SPRY2|MAPK1|FGFR1|PRKCI|NRAS|CDKN1B|CDK2|PIK3CG|RB1|BRAF|NF1|PTEN|MAP2K4|PRKCQ|CDK6|ATM|EP300|FOXO4|GAB1|PIK3CB|MAP2K1|PRKCD|BRCA1|PRKCB|MAP2K5|CCND2
WP_GLUCOCORTICOID_RECEPTOR_PATHWAY	0.967444202047323	1	-0.234409021777335	-0.710155329407145	5764	58	TSC22D3|S100P|AKAP13|ENC1|DNAJC15
WP_GLYCOLYSIS_AND_GLUCONEOGENESIS	0.973043272641286	1	0.231344254023367	0.687180236328798	4114	39	LDHA|HK2|FBP2|DLAT|LDHB|GPI|DLD|ALDOA|GOT1|PGK1|PKLR|GOT2|MDH1|GAPDH
WP_GLYCOSPHINGOLIPID_METABOLISM	0.716501798561151	1	0.332608982143506	0.834200501992099	3186	19	ST3GAL5|B3GNT5|UGCG|B3GALT1|NEU4|B4GALT5|NEU3
WP_GLYCOSYLATION_AND_RELATED_CONGENITAL_DEFECTS	0.91824480369515	1	0.268621122353139	0.717923375835465	3975	25	ALG11|MGAT2|ALG13|ALG6|MAGT1|DPM1
WP_GPCRS_CLASS_B_SECRETINLIKE	0.648312611012433	1	0.363216091856526	0.869959266668452	2919	16	PTH2R
WP_HDAC6_INTERACTIONS_IN_THE_CENTRAL_NERVOUS_SYSTEM	1	1	0.18437617980543	0.647173150572801	3687	105	DLG2|PRKN|HIF1A|KALRN|RHOT1|SMAD2|MAPK8|HSPA4|CNOT6|MAPK1|GRIA2|ITIH4|RAD23B|BCL2|SP1|CYBB|APC|CTNNB1|PARK7|GARS1|HSP90AA1|EP300|MAPRE1|VIM|OPTN|MAP3K5|NR3C1|ATXN3|HSPA8|MDH1|G3BP1|HDAC11|GRK2|DNAJA1|TUBA4A|RAC1|CSNK2B|CSNK2A2|VCP|DYNC1I2
WP_HEDGEHOG_SIGNALING_WP4249	0.909369837148926	1	0.256369105211488	0.756659059424047	3852	38	KIF7|GLI1|EVC|KIF3A|BCL2|CUL3|GPR161|SPOP|SMURF1|FBXL17
WP_HEMATOPOIETIC_STEM_CELL_GENE_REGULATION_BY_GABP_ALPHABETA_COMPLEX	0.976020042949177	1	-0.248800542516299	-0.615407378882861	5453	21	ADAMTSL4-AS1|SMARCA4|BCL2L1|DNMT1|DNMT3A
WP_HEPATOCYTE_GROWTH_FACTOR_RECEPTOR_SIGNALING	0.965943550268253	1	0.240447004965808	0.681938553047249	4140	32	SRC|PIK3CA|MAPK8|MAPK1|RAP1B|RAP1A|ELK1|PTK2|PTEN|CRK|SOS1|GAB1|CRKL|MAP2K1
WP_HIPPO_SIGNALING_REGULATION	0.921907756813417	1	0.237740011258539	0.803676689535834	3517	83	PRKCH|CDH18|TCF7|GNAI3|GNAQ|SMAD2|PRKAR1A|WWTR1|FGFR1|CDH7|GNAL|KIT|RHOA|PRKCI|PRKD3|PRKAA1|CTNNB1|PLCB1|TEAD1
WP_HIPPOYAP_SIGNALING	0.971904080171797	1	-0.252007842672933	-0.623340625984021	5430	21	LATS2|MAP4K1|MAP4K2|RASSF1|MINK1|TEAD3
WP_HISTONE_MODIFICATIONS	0.932153392330384	1	0.241717622178955	0.764750409361753	3791	56	SETD7|SETDB2|H4C5|H4C12|SUV39H2
WP_HOSTPATHOGEN_INTERACTION_OF_HUMAN_CORONAVIRUSES_INTERFERON_INDUCTION	0.911965065502183	1	-0.267908058726204	-0.722914558640487	5220	31	RIGI|IRF3|FOS|IKBKG|OAS3|IRF9|TRAF3|TYK2|JUN|MAVS
WP_HOSTPATHOGEN_INTERACTION_OF_HUMAN_CORONAVIRUSES_MAPK_SIGNALING	0.765176552443903	1	-0.296374101361569	-0.823640104321573	4398	36	MAPK13|IFITM1|MAPK11|MAPK12|IFITM2|FOS|IFITM3|MAP3K11|JUNB
WP_IL11_SIGNALING	0.984934086629002	1	-0.229988978092101	-0.658757365872618	5752	42	FES|IL11RA|ICAM1|FYN
WP_IL2_SIGNALING	0.999307119348692	1	-0.197276195967343	-0.556476224302086	5768	39	FYN|FOS|IL2RG|PTK2B
WP_IL4_SIGNALING	0.976162299239222	1	-0.232221048930086	-0.695080178805997	5773	54	FES|MAPK11|IRS1|FOS|IL2RG|NFIL3|IRS2
WP_IL6_SIGNALING	0.993088655862726	1	0.215798404125649	0.647130117042049	4166	41	NLK|VAV1|MAPK1|IL6R|JAK2|MAP2K4|STAT1|SOS1|GAB1|MAP2K1|RPS6KB1|PRKCD|PTPN11|SHC1|PIK3R2|RAC1
WP_IL7_SIGNALING	0.726226314857447	1	-0.326769990655093	-0.833394672132707	4100	24	CCND1|FYN|IL2RG|PTK2B|GSK3B|BCL2L1
WP_IL9_SIGNALING	0.988320846187748	1	0.236833265664986	0.559104335523788	4484	15	MAPK1|JAK3|STAT1|MAP2K1|PIK3R2|JAK1
WP_IMATINIB_AND_CHRONIC_MYELOID_LEUKEMIA	0.868923298523587	1	-0.300088641621229	-0.726729896979468	4825	19	FLT1|NOP2|LYL1|ABL1
WP_IMMUNE_RESPONSE_TO_TUBERCULOSIS	0.654731917956099	1	-0.349366565895675	-0.871177056301274	3638	22	TAP1|IFITM1|IFI35|MX1|IFNGR1|IRF9|TYK2|IRF1
WP_INFLUENCE_OF_LAMINOPATHIES_ON_WNT_SIGNALING	0.767559992993519	1	-0.301049085747729	-0.821568496348182	4381	33	SLC2A4|SREBF1|PPARG|CCND1|CEBPB|GSK3B|LMNA|HES1|DICER1
WP_INHIBITION_OF_EXOSOME_BIOGENESIS_AND_SECRETION_BY_MANUMYCIN_A_IN_CRPC_CELLS	0.72678331090175	1	0.332637611133784	0.823875519240343	3239	18	RRAS2|MAPK1|RAB5A|NRAS|BRAF
WP_INITIATION_OF_TRANSCRIPTION_AND_TRANSLATION_ELONGATION_AT_THE_HIV1_LTR	0.990726159230096	1	-0.227072179204475	-0.615803603786594	5661	32	HDAC8|HDAC4|NFATC4|SUPT5H|HDAC7|HDAC5|NELFB
WP_INSULIN_SIGNALING	0.994935543278085	1	-0.211567554108258	-0.732974094969608	6482	152	IGF1R|SLC2A4|MAPK13|ARHGAP33|PRKCZ|MAPK11|MAPK12|IRS1|CYTH3|FOS|STX4|SH2B2|MAPK7|IRS2|MAP3K12|TRIB3|MAP4K1|INPPL1|TSC1|MAP3K11|STXBP2|MAP4K2|SGK1|MAP3K3
WP_INTEGRINMEDIATED_CELL_ADHESION	0.899580238940911	1	-0.247060568348375	-0.799578477741485	5571	89	PAK1|ITGA4|PAK6|MAPK12|BCAR1|ITGA7|CAPN11|ITGAX|MYPN|FYN|AKT3|MAPK7|CAPN10|ITGB5|ITGB1|ITGAV|AKT2|GIT2|ITGA5|CDC42|ITGAE|PXN
WP_INTERFERON_TYPE_I_SIGNALING	0.654750244857982	1	0.287460002146162	0.902036946292971	2673	53	PTPN6|MAP3K1|VAV1|EIF4E|RAP1A|REL|CREB1|MAPK14|PTPRC|PIAS1|EIF4B|RPS6|STAT1|CRK|CRKL|RPS6KB1|PTPN11|RPS6KA5|PIAS3|PIK3R2|RAC1|IFNAR1|JAK1|PDCD4
WP_INTERLEUKIN1_IL1_STRUCTURAL_PATHWAY	0.958877600387034	1	0.235583690049442	0.727477017225452	3963	48	MAP3K1|TAB2|MAPK8|MAPK1|EIF4E|IRAK4|ELK1|ATF2|MYC|CHUK|MAPK9|MAPK14|MAP2K4|IL1R1
WP_INTRACELLULAR_TRAFFICKING_PROTEINS_INVOLVED_IN_CMT_NEUROPATHY	0.909049044439328	1	0.269749648208517	0.728963779977791	3947	26	FGD4|RAB3A|RAB11A|HSPB8|EGR2|LITAF|GDAP1|MTMR2|RAB4A
WP_IRON_METABOLISM_DISORDERS	0.825198843094722	1	-0.320384513093207	-0.755590035072607	4564	17	HFE|HEPH|TFR2|HJV|STEAP3|SLC11A2|BCS1L
WP_IRONSULFUR_CLUSTER_BIOGENESIS	0.708089311859444	1	-0.362684072044242	-0.828255223549949	3868	15	CIAO2B|FDXR|NUBP2|NARF|FXN
WP_JAKSTAT_SIGNALING_IN_THE_REGULATION_OF_BETA_CELLS	0.997661365762395	1	0.203632315115304	0.569647093355822	4265	30	IL6R|JAK2|SOCS2|NRAS|AKT1S1
WP_JOUBERT_SYNDROME	0.952938183668278	1	0.232450656664899	0.772893207856933	3745	74	TTC8|BBS2|INVS|CCP110|BBS1|RP2|ARL3|CEP97|MYO6|RHOA|RHEB|RPGRIP1L|TMEM237|ARL13B|CEP120|CETN2|DVL3|ATM|RAB3IP|BBS4|PIBF1|OFD1
WP_KALLMANN_SYNDROME	0.718682891911238	1	-0.335295956362187	-0.829353519763156	4015	21	GNRH1|OTX2
WP_KLEEFSTRA_SYNDROME	0.989614504488646	1	-0.228022315735654	-0.60221943221048	5621	28	SMARCC2|BAP1|SMARCA4|SMARCD2|H3-3B|RXRA|PAGR1|PAXIP1|SMARCA2|MBD5|SMARCD1|SMARCB1
WP_LEUKOCYTEINTRINSIC_HIPPO_PATHWAY_FUNCTIONS	0.934489402697495	1	-0.260523889269862	-0.710974489221932	5334	33	CCR7|LATS2|CD19|FOXP3
WP_LIPID_METABOLISM_PATHWAY	0.938469675599436	1	-0.266611822381569	-0.686720879363949	5322	25	AKT3|ACSBG1|PRKAB2|FASN|AKT2|PNPLA2|PRKACB|ACSS2
WP_MACROPHAGESTIMULATING_PROTEIN_MSP_SIGNALING	0.988719415316174	1	-0.219012062096573	-0.71871389503289	6222	98	IGF1R|CXCL1|ACTA2|SMAD6|FLT1|CSF2|MST1R|HSPB1|FOS|IL1B|DUSP4|NR4A1|ABL1|ITGB1|GSK3B|SOCS3|PARP1|CPT1A|VEGFA|JUN
WP_MAPK_CASCADE	0.811550151975684	1	0.286286262923816	0.806065355668036	3470	31	MAP3K1|MAPK1|SOS2|LAMTOR3|NRAS|ELK1|BRAF|MAPK14|MAP2K4|SOS1|MAP2K1
WP_MAPK_PATHWAY_IN_CONGENITAL_THYROID_CANCER	0.861040378319389	1	-0.311026810414332	-0.721742959666829	4733	16	FOS|GAREM2|KSR1
WP_MEASLES_VIRUS_INFECTION	0.968675842429995	1	-0.227232197122828	-0.757773998069006	6122	111	HSPA6|CSNK2A3|IRF7|RIGI|CCND1|IRF3|FOS|IL2RG|IL1B|MX1|FAS|TRADD|IKBKG|OAS3|NFKBIB|CD3D|BID|HSPA1A|IRF9|BCL2L1|TRAF3|TYK2|BBC3|HSPA1B|TP73|JUN
WP_MECP2_AND_ASSOCIATED_RETT_SYNDROME	0.64872870896075	1	0.279255926425915	0.906473675503362	2627	63	FGF5|GABRR2|TET3|MEF2C|SP3|MYT1|NREP|FUT8|CSRP1|TAF1|POU4F1|SP1|SMC3|NF1|CREB1|PTEN|PSIP1|NCOR1|REST
WP_MELANOMA	0.982691984540413	1	-0.226039431599965	-0.692764141326997	5847	63	PAK1|DDB2|GRM3|CCND1|FOS|AKT3|STK19
WP_MELATONIN_METABOLISM_AND_EFFECTS	0.793874317901778	1	-0.301708866931718	-0.796829652178103	4509	28	APOE|ECE1|CSNK1D|SULT1A1|PER1|GSK3B
WP_MET_IN_TYPE_1_PAPILLARY_RENAL_CELL_CARCINOMA	0.757128810226155	1	0.27176308965526	0.859808780964292	3079	56	SRC|PIK3CA|MAPK8|MAPK1|PAK3|JAK3|RAP1B|SOS2|RAP1A|NRAS|PTK2|TFE3|BRAF|CRK|SOS1|GAB1|STRN|PIK3CB|CRKL|MAP2K1|PTPN11|PRCC|PAK2
WP_METABOLIC_EPILEPTIC_DISORDERS	0.998707801647553	1	-0.205663022548552	-0.658307241551472	6182	81	SLC2A4|CBS|ETHE1|CPS1|SLC1A5|ENO3|SLC2A3|MOCS1|MOCS3|BTD
WP_METABOLIC_PATHWAYS_OF_FIBROBLASTS	0.68311506080449	1	0.311000049500939	0.870000786129707	2920	30	CD36|P3H4|GLUD1|LDHA|FGFR1|RHOA|UGP2|GPI|P4HA1
WP_METABOLIC_REPROGRAMMING_IN_COLON_CANCER	0.646568160152526	1	0.300040784848402	0.899753772522252	2712	41	GLUD1|LDHA|TIGAR|ACLY|FH|IDH3A|GART|GPI|SUCLG2|PAICS|PPAT|PSAT1|PGK1|GOT2|GAPDH|PDHB|GLS|TKT
WP_MFAP5_EFFECT_ON_PERMEABILITY_AND_MOTILITY_OF_ENDOTHELIAL_CELLS_VIA_CYTOSKELETON_REARRANGEMENT	0.739821029082774	1	0.334080794083469	0.813741789242217	3306	17	MAPK1|PTK2|CREB1|PRKCQ
WP_MICROTUBULE_CYTOSKELETON_REGULATION	0.65444524323029	1	0.296971368050653	0.898151232325215	2730	43	DPYSL2|CFL2|SRC|GNAQ|ROCK1|LIMK1|CDK1|STMN1|CLIP1|APC|PTEN|PTPRA|SPRED1
WP_MIRNA_REGULATION_OF_DNA_DAMAGE_RESPONSE	0.881155778894472	1	0.246613491876265	0.815400418171293	3506	71	RAD52|CCNE2|CCNG1|RRM2B|NBN|CCNB1|CDK1|CASP3|CDKN1B|CDK2|RFC1|MYC|RB1|CREB1|RPA2|ATR|CDK6|ATM|CDC25C|CCNB2
WP_MIRNA_REGULATION_OF_P53_PATHWAY_IN_PROSTATE_CANCER	0.970149253731343	1	0.247193767321764	0.65488551655171	4224	24	SESN3|SIAH1|PERP|CASP3|ZMAT3|PTEN
WP_MIRNA_REGULATION_OF_PROSTATE_CANCER_SIGNALING	0.852504638218924	1	0.278837069158722	0.77564994427162	3675	29	FOXO1|TCF7|PIK3CA|MAPK1|BCL2|CDKN1B|CTNNB1
WP_MIRNA_ROLE_IN_IMMUNE_RESPONSE_IN_SEPSIS	0.686727315138792	1	0.303755999603349	0.873261275943745	2943	34	CXCL8|CCL4|TAB2|MAPK8|IRAK4|REL|CHUK|MAPK14
WP_MIRNAS_INVOLVED_IN_DNA_DAMAGE_RESPONSE	0.71859850154253	1	0.348021290450413	0.821591560624146	3260	15	RAD52|CDKN1B|MYC|CREB1|CDK6|ATM
WP_MITOCHONDRIAL_FATTY_ACID_OXIDATION_DISORDERS	0.871467025572006	1	0.294968188282942	0.730576041755102	3884	18	PECR|ACSF2|SCP2|ACSL4|ACSL1
WP_MITOCHONDRIAL_LONG_CHAIN_FATTY_ACID_BETAOXIDATION	0.79285079928952	1	0.325605406578678	0.779875801434374	3570	16	PECR|ACSF2|SCP2|ACSL4|ACSL1
WP_MODULATORS_OF_TCR_SIGNALING_AND_T_CELL_ACTIVATION	0.968289085545723	1	0.231046376566704	0.730988537236738	3938	56	PTPN6|GNA13|CD3G|UBASH3A|VAV1|REL|CDKN1B|CHUK|CUL5|AGO1
WP_MRNA_PROCESSING	0.997958542713568	1	-0.206151469418989	-0.697597190573847	6354	124	NXF1|DHX38|SNRPB|CPSF1|SF3B5|SUGP2|SNU13|SUPT5H|LSM7|RNPS1|SFSWAP|SNRPD2|CD2BP2|POLR2A|SF3A2|HNRNPAB|PRPF6|DHX8|PRMT1|SNRNP70|DICER1|CLK3|HNRNPM|EFTUD2|SUGP1|DHX16|PRPF8|RBM5|SRSF5|CLASRP|PPM1G|SF3B2|CLK2|FUS|SF3B4|METTL3|U2AF2|DNAJC8|SF3A1|PRMT2|CSTF2|PABPN1|SNRPF|CELF1|SRSF9|HNRNPL|U2AF1|CSTF3|RBM39|SNRPD3|SF3B3|XRN2|TXNL4A|SRSF4
WP_MTHFR_DEFICIENCY	0.710867218423894	1	-0.336546284662059	-0.839208528238428	3950	22	PEMT|COMT|GRIN2D|EHMT2|DNMT1|DNMT3A|CASP9|PCYT1A
WP_MYOMETRIAL_RELAXATION_AND_CONTRACTION_PATHWAYS	0.861311839911062	1	0.237629872367956	0.862584255619802	3098	133	RGS5|PRKCH|CAMK2B|RGS2|RYR1|GNG12|GNB4|GNAQ|RGS9|PRKAR1A|YWHAQ|GRK4|YWHAG|PDE4D|IGFBP5|CALD1|MYLK2|CALM2|YWHAZ|GRK5|SP1|ATF2|GABPA|ATP2A2|CREB1
WP_NAD_BIOSYNTHETIC_PATHWAYS	0.86471009305655	1	-0.297888893161622	-0.736827263658	4831	21	SIRT7|NAPRT|SIRT6|SIRT4|NMNAT1|PARP1
WP_NAD_METABOLISM_IN_ONCOGENEINDUCED_SENESCENCE_AND_MITOCHONDRIAL_DYSFUNCTIONASSOCIATED_SENESCENCE	0.679920834832674	1	-0.343813724039252	-0.857330544085135	3778	22	SLC2A4|IL1B|G6PD
WP_NANOMATERIAL_INDUCED_APOPTOSIS	0.826227158724472	1	-0.308726766042814	-0.757713150744103	4611	20	FAS|PRF1|ENDOG|BID|CASP9|AIFM1
WP_NANOPARTICLEMEDIATED_ACTIVATION_OF_RECEPTOR_SIGNALING	0.661136604306389	1	-0.333378567345638	-0.873101367085826	3745	27	MAPK13|MAPK11|MAPK12|COL1A1|AKT3
WP_NEPHROTIC_SYNDROME	0.94474488596285	1	0.247876491834673	0.722992739540617	4017	36	PLCE1|ITGB4|ANLN
WP_NEURODEGENERATION_WITH_BRAIN_IRON_ACCUMULATION_NBIA_SUBTYPES_PATHWAY	0.835049078285851	1	0.2665385258953	0.809612438099132	3487	44	ATG4A|SCP2|ATG10|DCAF17|PIK3C3|WIPI1|RHEB|BECN1|PRKAA1|ATG12|AKT1S1|ACACA|RB1CC1|SPTLC1|ATG3|ATG5|ATG16L1
WP_NEUROINFLAMMATION_AND_GLUTAMATERGIC_SIGNALING	0.821434175427585	1	-0.251828906693868	-0.851199303889523	5234	123	PLCB4|SMAD7|GFAP|TRPM4|GRIA3|IRS1|TGFB3|TNFRSF1A|CAMKK1|FOS|SRR|GRIK5|IL1B|DISC1|SLC2A3|SLC6A9|TNFRSF1B|NSMF|FGF2|CAMKK2|GRIN2D|IL6ST|IFNGR1|SLC38A5
WP_NGLYCAN_BIOSYNTHESIS	0.896027049873204	1	-0.257714333482327	-0.771386253843402	5299	54	MGAT4A|DPM3|SRD5A3|MOGS|MAN1B1|ALG9|GMPPA|ALG3|ALG12|B4GALT2|MGAT4B|MGAT3|MAN2A1|MPI|DOLK|DPM2|MGAT1
WP_NONSMALL_CELL_LUNG_CANCER	0.750939614131797	1	0.2670913962286	0.874848518924327	2996	67	EGF|PDK1|PIK3CA|MAPK1|JAK3|SOS2|NRAS|CRABP2|CASP3|RB1|BRAF|STK4|CDK6|BAK1|SOS1|PIK3CB|MAP2K1|RASSF5
WP_NOTCH_SIGNALING_WP61	0.988540613414223	1	-0.222673898881957	-0.670558561468957	5865	56	MAML3|CCND1|APH1B|JAG2|FHL1|NOTCH3|NCSTN|DLL3|GSK3B|HES6|HES1|PSEN1
WP_NUCLEAR_RECEPTORS	0.994400699912511	1	-0.222434003816779	-0.603225201937703	5682	32	PPARG|ESR1|ESRRB|PPARD|NR4A1|NR2F6|THRA
WP_NUCLEAR_RECEPTORS_METAPATHWAY	0.744092219020173	1	-0.248797063395238	-0.90762941800156	5163	245	SLC2A4|IL17B|TSC22D3|APOA1|S100P|AKAP13|AHRR|ENC1|ABCB4|SLC39A3|SOD3|DNAJC15|SREBF1|SLC39A2|SLC2A9|SLC2A12|AGER|SLC6A8|CCND1|SLC27A1|IL1B|ESR1|SLC6A13|NRG1|G6PD|IRS2|SLC2A8|SLC6A16|SLC7A11|THBD|SLC2A3|SULT1A1|JUNB|SLC39A4|PPARD|SLC6A9|ACAA1|SLC39A11|SLC5A3|BLVRB|FASN|SLC2A11|GPAM|MFGE8|GSTP1
WP_NUCLEOTIDE_EXCISION_REPAIR	0.889154895858271	1	0.2558948425311	0.777282183364288	3713	44	RFC4|CUL4B|ERCC6|ERCC8|RAD23B|GTF2H2|CCNH|RFC5|RFC1|RPA2|CETN2|ERCC5|PCNA|GTF2H1|RFC3|ERCC4|CUL4A|GTF2H5|POLD4|POLD3|MNAT1|RPA3
WP_NUCLEOTIDEBINDING_OLIGOMERIZATION_DOMAIN_NOD_PATHWAY	0.940100992512624	1	-0.254954284618503	-0.704922746770122	5398	35	PYCARD|ACAP1|NDUFA13|IL1B|NLRP1|IKBKG
WP_OMEGA6FATTY_ACIDS_IN_SENESCENCE	0.889911383776414	1	-0.262080597995854	-0.768327784548098	5221	48	DPEP2|MAPK11|PTGIR|SERPINE1|AKR1B1|TBXAS1|HPGD|PTGES2|GSTP1|PTGR2|CDKN1A
WP_ONCOSTATIN_M_SIGNALING	0.80177733892866	1	0.261097149634206	0.847529704817777	3247	63	PRKCH|CCL2|CCN1|SRC|HIF1A|EGR1|MAPK8|MAPK1|JAK3|JAK2|CASP3|CDKN1B|CDK2|RICTOR|CREB1|MAPK9|MAPK14
WP_ONECARBON_METABOLISM	0.968173431734317	1	0.243812866769903	0.666049922523936	4197	27	ALDH1L1|CHDH|MTHFD2|TYMS|MTRR|GART|AHCY|FTCD|ATIC|MTR|DNMT3B|MTHFD1|MAT2B
WP_OPIOID_RECEPTOR_PATHWAYS	0.883298392732355	1	0.268859047657796	0.768916852530131	3791	33	RGS9|OPRL1|GATA4|ALDH9A1|CAP1|CELF2|PIK3CG
WP_OXIDATIVE_DAMAGE_RESPONSE	0.941920943134535	1	-0.253526167903215	-0.708571948201928	5432	37	MAPK13|C5|TNK2|C5AR1|TRAF2|TNFRSF1B|CDC42|CDKN1C|TRAF3|CDKN1A|NFKBIE|CASP9
WP_OXIDATIVE_STRESS_RESPONSE	0.984802968722389	1	-0.235946325638263	-0.612565115407695	5572	26	SOD3|FOS|TXNRD2|JUNB
WP_P53_TRANSCRIPTIONAL_GENE_NETWORK	0.994356659142212	1	-0.211689685147952	-0.680512138089153	6166	84	SFN|CPT1C|DDB2|ICAM1|SERPINE1|FAS|ISG15|SLC7A11|XPC|ULBP1|PRKAB2|PIDD1|SIVA1|IRF9|ULK1|BBC3|SESN2|CDKN1A
WP_PANCREATIC_ADENOCARCINOMA_PATHWAY	0.999737945492662	1	0.1921492156559	0.649557660562677	3814	83	EGF|TGFBR2|PLD1|PIK3CA|SMAD4|SMAD2|MAPK8|MAPK1|PAK3|RHOA|TGFBR1|CHUK|RB1|BRAF|MAPK9
WP_PARKINUBIQUITIN_PROTEASOMAL_SYSTEM_PATHWAY	0.783237715140933	1	0.261894900759182	0.860532839476998	3139	68	PRKN|PSMC6|PSMC1|PSMD5|SIAH1|HSPA14|SIAH2|HSPA4|PSMD6|TUBB1|PSMD10|PSMC2|PSMD14|PSMD11|PSMC5|HSPA9|HSPA5|FBXW7|HSPA8|TUBAL3|UBE2L6|TUBB6|UBE2J1|CUL1|PSMD1|TUBA1A|TUBA4A|UBE2G2
WP_PATHOGENIC_ESCHERICHIA_COLI_INFECTION	0.996614186558321	1	-0.213341448128875	-0.634382034952133	5886	52	CD14|TUBA3E|FYN|ABL1|ITGB1|CTTN|TUBB2B|TUBA1B|CDC42|TUBB3
WP_PHOTODYNAMIC_THERAPYINDUCED_HIF1_SURVIVAL_SIGNALING	0.743339717917465	1	-0.301487534425137	-0.833582464408976	4268	35	ADAMTSL4-AS1|IGFBP2|TGFB3|SERPINE1|SLC2A3|BID|BCL2L1|VEGFA|HK1|BIRC5|SLC16A1|PFKL
WP_PHOTODYNAMIC_THERAPYINDUCED_NFE2L2_NRF2_SURVIVAL_SIGNALING	0.774038461538462	1	-0.31804521278559	-0.802725440205242	4346	23	MAPK13|MAPK11|MAPK12|FOS|EPHX1|GSTP1
WP_PHYSICOCHEMICAL_FEATURES_AND_TOXICITYASSOCIATED_PATHWAYS	0.768854064642507	1	0.270598045622322	0.854130725898207	3139	55	FZD8|SRC|ACTR3|ROCK2|MAPK8|MAPK1|RHOA|FZD2|ELK1|ACTR2|FZD4|PTK2|CDKN1B|PIK3CG|MYC|PFN1|APC|CTNNB1|PPP2CA|NCK1
WP_PLEURAL_MESOTHELIOMA	0.965100302280846	1	-0.222168419342258	-0.838438915506784	7023	366	IGF1R|PAK1|WNT11|PLCB4|FZD9|ADAMTSL4-AS1|CSNK2A3|LATS2|CTBP2|LAMB1|ITGA4|FZD7|PAK6|LAMA4|CXCL1|FLT3LG|ACTA2|LAMA5|WNT3|SLC3A2|CTHRC1|FLT1|CSF2|FGF12|DSC3|CDH15|FGF17|AGER|CCND1|LAMB3|HCFC1|PGF|EFNA1|MET|AKT3|IL1B|FZD3|MAPK7|MAD1L1|MAP4K1|TSC1|TRAF2|DVL1|MAP3K11|FGFR3|RASSF7|MAP4K2|TELO2|PDGFA|PHC1|MAP3K3|BAP1|ITGB1|PRKAB2|RASSF1|MAPKAPK2|ITGAV|FGF2|CDH24|AKT2|GSK3B|TTI1|WNT5B|MEF2D
WP_PPAR_SIGNALING	0.866406382617552	1	-0.263180523222378	-0.780080372683277	5103	51	APOA1|CPT1C|MMP1|PPARG|ACSL6|SLC27A1|SLC27A6|ACSBG1|PPARD|ACAA1
WP_PPARALPHA_PATHWAY	0.707057976233345	1	-0.343044381283235	-0.83075656086983	3926	19	APOA1|CCND1|SLC27A1|ACAA1|CPT1A|EHHADH|RXRA
WP_PROSTAGLANDIN_AND_LEUKOTRIENE_METABOLISM_IN_SENESCENCE_WP5321	0.828849721706865	1	0.284438776117482	0.791232390692741	3573	29	ALOX12|GNAQ|PTGS1|PLA2G4A|IGFBP5|RB1|PTGER3|PLCB1|GGT1|LTA4H
WP_PROSTAGLANDIN_SYNTHESIS_AND_REGULATION	0.863311857913982	1	-0.277170608463212	-0.766348629654108	4957	35	PPARG|PTGIR|AKR1B1|TBXAS1|AKR1C2|HPGD|S100A6|PPARGC1B|PTGFRN|AKR1C1|ANXA4
WP_PROTEOGLYCAN_BIOSYNTHESIS	0.843275488069414	1	-0.314668371009734	-0.74210917123299	4664	17	EXT1|B3GAT3|B4GALT7|EXTL3|XYLT2
WP_PROXIMAL_TUBULE_TRANSPORT	0.720430107526882	1	-0.294424273620267	-0.859975512163218	4220	47	AQP1|SLC3A2|SLC12A4|SLC7A7|ATP6V1F|SLC26A6|SLC4A2
WP_PURINE_METABOLISM_AND_RELATED_DISORDERS	0.657680108744903	1	0.339744805663597	0.873224349442077	2902	21	RRM2B|HPRT1|GART|PAICS|PNP|PPAT|MOCOS|ATIC|TPMT
WP_PURINERGIC_SIGNALING	0.69537909376402	1	0.341142195656571	0.844939640539654	3099	18	GNAT2|GNAI3|P2RY1|P2RX7
WP_PYRIMIDINE_METABOLISM_AND_RELATED_DISEASES	0.815656565656566	1	-0.317551790486834	-0.759080100866063	4521	18	TYMP|CPS1|CAD|NT5C|TK2|ALDH6A1
WP_RAC1PAK1P38MMP2_PATHWAY	0.660753880266075	1	0.279293910155205	0.900078228908754	2681	61	FOXO1|DOK2|SRC|PIK3CA|MSH2|MAPK8|MAPK1|NRAS|ANGPT1|PTK2|MYC|CHUK|STMN1|MAPK9|CTNNB1|NCK1|MAPK14
WP_RANKLRANK_SIGNALING	0.999267399267399	1	0.201080152270792	0.629377992412176	4091	52	SRC|CTSK|TAB2|MAPK8|MAPK1|PTK2|CHUK|MAPK9|MAPK14
WP_REGULATION_OF_APOPTOSIS_BY_PARATHYROID_HORMONERELATED_PROTEIN	0.655215158491234	1	-0.342652826846057	-0.873902281271997	3699	24	ADAMTSL4-AS1|BCL2L12|AKT3|AKT2|GSK3B|BOK|BID|BCL2L1
WP_REGULATION_OF_WNT_BCATENIN_SIGNALING_BY_SMALL_MOLECULE_COMPOUNDS	0.813943161634103	1	0.319748067408708	0.765846559329791	3665	16	FZD8|DKK3|APC|CTNNB1|TNKS
WP_REGULATORY_CIRCUITS_OF_STAT3_SIGNALING	0.826579956644989	1	-0.265856592482313	-0.819076572301122	4956	64	IL21R|IL11RA|OSMR|MAPK13|MAPK11|MAPK12
WP_RELATIONSHIP_BETWEEN_INFLAMMATION_COX2_AND_EGFR	0.825836631881972	1	-0.307976386809496	-0.767966910007976	4589	22	CYP19A1|MMP1|AKT3|ESR1|PTGES2|AKT2
WP_RENINANGIOTENSINALDOSTERONE_SYSTEM_RAAS	0.849904231238029	1	-0.2805983952086	-0.775826112456632	4880	35	ACE|REN|ATF6B|CAMK1|CREB3L1
WP_RETT_SYNDROME	0.813645130183221	1	0.269770938694795	0.822021338037	3374	45	SMARCA1|SCN2A|SYNGAP1|MEF2C|SATB2|GABBR2|EIF2B2|SYNE2|SCN8A
WP_S1P_RECEPTOR_SIGNAL_TRANSDUCTION	0.816773504273504	1	-0.307836129582391	-0.776958377916821	4586	23	S1PR5|PIK3C2B|MAPK12|AKT3|MAPK7|SPHK1|AKT2
WP_SARS_CORONAVIRUS_AND_INNATE_IMMUNITY	0.865951255001819	1	-0.309194380604107	-0.717490775384544	4760	16	RIGI|IRF3|IRF9|TRAF3|TYK2|MAVS
WP_SELENIUM_METABOLISM_AND_SELENOPROTEINS	0.847800034240712	1	-0.275461907625232	-0.789005465265281	4951	42	SELENOM|SELENOV|FOS|SELENOH|TXNRD2|SELENBP1|SELENOS|SELENOI|JUN|MSRB1|TXNRD3|SELENOO|SELENON|RELA
WP_SIGNAL_TRANSDUCTION_THROUGH_IL1R	0.997904296192805	1	-0.202512723561861	-0.542866415782936	5713	30	TGFB3|IL1B|TAB1|JUN|IRAK2|RELA
WP_SILDENAFIL_TREATMENT	0.97417242633685	1	-0.259023332734149	-0.601068012565441	5355	16	AKT3|NOS3|AKT2|GSK3B
WP_SMALL_CELL_LUNG_CANCER	0.914143041237113	1	-0.244242942643123	-0.789441160057927	5674	88	LAMB1|LAMA4|DDB2|LAMA5|CCND1|LAMB3|AKT3|IKBKG|TRAF2|ITGB1|ITGAV|AKT2|NFKBIB|BID|BCL2L1|CDKN1C|TRAF3|CDKN1A|TRAF5|CASP9|RELA|FN1|RXRA|PIK3R3|PIK3R1|TRAF4|CDK4|PIK3CD|FHIT
WP_SPHINGOLIPID_METABOLISM_INTEGRATED_PATHWAY	0.836050516647532	1	0.291788968393989	0.773030693132542	3640	24	SGPP1|KDSR|SGPL1|UGCG|PLPP3|SGMS2|ASAH1|SGMS1|UGT8|DEGS1|SPTLC1
WP_SPHINGOLIPID_METABOLISM_OVERVIEW	0.905080831408776	1	0.272814256468182	0.729130048538013	3918	25	SGPP1|KDSR|SGPL1|UGCG|PLPP3|SGMS2|ASAH1|SGMS1|UGT8|DEGS1|SPTLC1
WP_STEROL_REGULATORY_ELEMENTBINDING_PROTEINS_SREBP_SIGNALING	0.815875408188897	1	0.258287006885354	0.842785184151594	3247	66	INSIG2|SEC24B|RNF139|MBTPS2|PIK3CA|NFYA|SAR1B|INSIG1|SP1|ACLY|SEC23A|SEC24A|PRKAA1|CREB1|HMGCS1|ACACA|AMFR|FDFT1|IDI1|KPNB1|CDK8
WP_SYNAPTIC_VESICLE_PATHWAY	0.753664984378755	1	0.282770965765935	0.849719220798085	3135	42	SLC18A2|RAB3A|CPLX1|CLTCL1|SYP|CLTC|DNM1L|PARK7
WP_SYNTHESIS_OF_CERAMIDES_AND_1DEOXYCERAMIDES	0.84027149321267	1	0.299784593429076	0.760213425354542	3713	20	B3GNT5|KDSR|UGCG|SGMS2|ASAH1|SGMS1|UGT8|SPTLC1
WP_T_CELL_RECEPTOR_AND_COSTIMULATORY_SIGNALING	0.795904590459046	1	0.304539900120539	0.793854883983273	3536	22	PTPN6|PDK1
WP_TARGET_OF_RAPAMYCIN_SIGNALING	0.999824837975127	1	-0.19094080168427	-0.521080962400648	5707	33	TSC1|PRKAB2|CDC42|ULK1|PRR5|EIF4EBP1|ULK3|PRKCA|RPTOR|MAPKAP1|PRKAG1|TSC2
WP_TCELL_ACTIVATION_SARSCOV2	0.900181189260418	1	-0.249678898645156	-0.786934984748981	5464	74	LAT|CCND1|RASGRP1|FYN|FOS|TSC1|IKBKG|IL23A|MALT1|GSK3B|CD3D|BCL2L1|TYK2|CDKN1A|JUN
WP_TCELL_ANTIGEN_RECEPTOR_TCR_PATHWAY_DURING_STAPHYLOCOCCUS_AUREUS_INFECTION	0.648867860763772	1	-0.300313149982669	-0.895887084404365	3839	53	LAT|PAK1|PDCD1|CSF2|FYN|FOS|IKBKG|MALT1|GSK3B|CD3D
WP_TCELL_RECEPTOR_SIGNALING	0.949215591136988	1	-0.237031315526874	-0.757655942247474	5868	80	LAT|PAK1|FYN|FOS|PTK2B|IL1B|FAS|MAP4K1|IKBKG|MALT1|IL15RA|CD3D|CDC42
WP_TGFBETA_RECEPTOR_SIGNALING	0.642356918618691	1	0.290487850540148	0.904042659950261	2659	50	EGF|TGFBR2|RUNX2|SMAD4|SMAD2|SKIL|SPP1|LEFTY2|TGFBR1|TFE3|MAPK9|CTNNB1|TGFBR3|SMAD5|EP300|STAT1|FKBP1A
WP_THERMOGENESIS	0.680622393326917	1	-0.275762715152085	-0.900951464549333	4242	95	MAPK13|BMP8B|CPT1C|MAPK11|MAPK12|ZNF516|PPARG|ACSL6|PRDM16|SMARCC2|TSC1|CREB3L1|DPF1|SIRT6|PRKAB2|SMARCA4|SMARCD2|RPS6KB2|CPT1A|SMARCE1|ADCY3|PNPLA2|CREB5|PRKACB
WP_THYROID_HORMONES_PRODUCTION_AND_PERIPHERAL_DOWNSTREAM_SIGNALING_EFFECTS	0.659176975511235	1	0.274351050716547	0.908972905306702	2610	72	FOXO1|SRC|PIK3CA|MAPK1|SLC5A5|SLC26A4|FGFR1|RHEB|ATF2|SECISBP2L|PFKFB2|AKT1S1|CTNNB1|MAPK14|PLCB1|PAX8|RPS6|KDM1A|SOS1|TBC1D4|MAP4K5|MAP2K1|RPS6KB1
WP_TLR4_SIGNALING_AND_TOLERANCE	0.914139633286319	1	-0.276409484073568	-0.711957040284115	5184	25	IRF7|IRF3|TIRAP|IKBKG|TAB1|INPP5D
WP_TNFALPHA_SIGNALING	0.9847127042699	1	0.217685874392934	0.741681753828821	3735	88	CCL2|RFFL|MAP3K1|TAB2|MAPK8|MAPK1|OTUD7B|REL|NRAS|PYGL|CASP3|RFK|SKP1|CHUK|BIRC2|GLUL|MAPK9|PPP2CA|FBXW11|NSMAF|HSP90AA1|MAP2K4|RIPK1
WP_TOLLLIKE_RECEPTOR_SIGNALING	0.801970602487482	1	-0.262950026611604	-0.841677344519751	4964	81	MAPK13|CD14|IRF7|MAPK11|TLR6|MAPK12|LBP|IRF3|FOS|AKT3|IL1B|TIRAP|IKBKG
WP_TP53_NETWORK	0.899350649350649	1	-0.291148048748098	-0.695964239004428	4985	18	OTX2|ABL1|BOK|BID|BBC3|CDKN1A|TP73
WP_TRANSCRIPTION_COFACTORS_SKI_AND_SKIL_PROTEIN_PARTNERS	0.993686868686869	1	-0.220556397190631	-0.527220999035939	5508	18	LATS2|MERTK|SKI|TEAD3
WP_TRANSSULFURATION_ONECARBON_METABOLISM_AND_RELATED_PATHWAYS	0.926952141057935	1	-0.249327800630414	-0.756777148649547	5519	59	CBS|PEMT|SOD3|PCYT1B|AHCYL2|GNMT|BCAT2|PCYT2|DHFR2|MTHFD2L
WP_TROP2_REGULATORY_SIGNALING	0.980614170526677	1	-0.234559059508464	-0.673908452403727	5715	43	IGF1R|CLDN7|CCND1|IGF2R|ITGB1|MDK|ITGA5|PSEN1|JUN|TLN1
WP_TRYPTOPHAN_METABOLISM	0.828279266572638	1	-0.299180764502044	-0.770609779612778	4697	25	IL4I1|TPH1|ALDH8A1|KYAT1|AFMID|MAOA
WP_TYPE_2_PAPILLARY_RENAL_CELL_CARCINOMA	0.662706731889122	1	0.308898020912886	0.883425334063651	2844	33	COL21A1|EGLN3|HIF1A|PDGFB|CTSK
WP_UNFOLDED_PROTEIN_RESPONSE	0.772457820337437	1	0.30781711983872	0.807848885564619	3387	23	EIF2AK3|MBTPS2|NFE2L2|BCL2|EIF2S1|HSPA5|BCL2L11|TXNIP|PMAIP1
WP_UREA_CYCLE_AND_ASSOCIATED_PATHWAYS	0.777677767776778	1	0.308650441001616	0.804569975677216	3455	22	GLUD1|OAT|ASS1|LDHB|FH
WP_UREA_CYCLE_AND_METABOLISM_OF_AMINO_GROUPS	0.764421354353278	1	-0.324944637052817	-0.797516936787217	4266	20	CPS1|PYCR3|SRM|PYCR1|CKB|ASL
WP_UROTENSINIIMEDIATED_SIGNALING	0.695630708467045	1	0.27351042635418	0.887823598370579	2817	63	SMAD2|MAPK8|MAPK1|RHOA|JAK2|CDK1|BCL2|CASP3|CDK2|CYBB|CHUK|MAPK9|CTNNB1|PTEN|MAPK14|PCNA
WP_VASOPRESSINREGULATED_WATER_REABSORPTION	0.949714013346044	1	0.241727861678909	0.724886636925799	3984	41	DYNC2LI1|DCTN4|RAB11A|CREB3L3|RAB5A|DCTN6|ARHGDIG|CREB1
WP_VEGFAVEGFR2_SIGNALING	0.661036468330134	1	0.2347813962895	0.959299525159518	1721	407	VAV2|CXCL8|PTPN6|ARMCX1|EGR3|FOXO1|MMP14|CCL2|CCN1|SRC|EIF2A|EIF2AK3|CCRL2|TBCA|PBK|GLUD1|EGR1|PIK3CA|LDHA|EIF4G2|BMX|MEF2C|NR4A2|ZNF555|FMNL3|ROCK2|NEXN|ARF4|CAPN2|SDCBP|PRKRA|SIAH2|MAPK8|INPP5K|RAB11A|EPS15|MAPK1|OCRL|KATNAL2|S1PR1|PTPN14|PLA2G4A|RHOJ|INPP4B|EIF4E|RAP1B|LARP7|RAP1A|MYO6|RHOA|PRKCI|DPM1|HERPUD1|RAB5A|ROCK1|CTNND1|CSRP1|HBEGF|LIMK1|NFATC2|BCL2|ELK1|ASCC3|PTK2|PRDX6|CLTC|DNAJB9|DECR1|PRKAA1|ADAM10|CYBB|ATF2|RICTOR|RPL7|PFN1|ANXA1|QKI|CREB1|SHB|TPP1|MAPK9|AKT1S1|CTNNB1|PPP2CA|NCK1|MIR1915HG|MAPK14|HMGB1|FBXW11|ZC3H15|CAPZB|PTPRJ|ACACA|BMP10|PSMD11|HSP90AA1|RAB4A|ITCH|FARSB|RPL5|MAP2K4|FAF1|GRSF1|NUMB|SYNJ1|SRPK1|PTPN9|PABPC1|PNP|NOTCH4|EIF3H|RPS6|ALDOA|LMAN1|STAT1|CRK|PPP3CA|PLAU|MAP3K5|PGK1|FOXO4|GAB1
WP_VITAMIN_DSENSITIVE_CALCIUM_SIGNALING_IN_DEPRESSION	0.865873571261955	1	0.274540200869302	0.778631230448206	3711	32	CALB1|CYP27B1|KCNQ2|NFE2L2|BCL2|KDM3A|VDR|GGT1|KDM1A|ATP2B4
WP_WHITE_FAT_CELL_DIFFERENTIATION	0.984978165938865	1	-0.232510035799369	-0.627397662871961	5638	31	SREBF1|PPARG|IRF3|CEBPB|GATA2
WP_WNT_SIGNALING_AND_PLURIPOTENCY	0.887389558232932	1	-0.249320625206809	-0.80493649193748	5523	87	WNT11|FZD9|CTBP2|FZD7|PRKCZ|FOXD3|PPM1J|WNT3|PPP2R2B|CCND1|FZD3|AXIN2|ESRRB|DVL1|PPARD
WP_WNT_SIGNALING_WP363	0.696147322510298	1	0.284303287257514	0.880749673694494	2872	49	LRP6|NLK|MAPK8|BCL9|MAPK1|RHOA|PIP5K1B|NFATC2|MYC|APC|MAPK9|CTNNB1|RYK|DVL3|CDK6
WP_WNTBETACATENIN_SIGNALING_IN_LEUKEMIA	0.798142274580879	1	0.308312685742079	0.792436381495245	3522	21	LRP6|BCL9|ZBTB16|MYC|APC|CTNNB1
WU_HBX_TARGETS_1_DN	0.76718243972652	1	-0.322737847064639	-0.804775943118557	4263	22	ANPEP|MADCAM1
XIE_LT_HSC_S1PR3_OE_UP	0.663745387453875	1	0.320190496029475	0.874698935698903	2877	27	CD36|AKAP12|NR4A2
XU_AKT1_TARGETS_6HR	0.804143793164512	1	-0.308642354482834	-0.787161921768959	4540	24	IRF7|TCTN2|LYST|IFITM2|MX1|ISG15
XU_GH1_AUTOCRINE_TARGETS_DN	0.92051201011378	1	-0.239043319958441	-0.795994589509376	5824	109	UBL3|ESPN|TIMP3|NDUFB8|LAMA5|EEIG1|PTPN3|MAGED2|CHD6|POMT1|RAMP1|DDX39A|SLC22A23|UGDH|SDHA|TGIF2|GPR180|NIBAN2|DBN1|NUMA1|ULK1|NAT1|HSPA1B|DNAJC1
XU_GH1_EXOGENOUS_TARGETS_DN	0.838760921366164	1	0.250086690684904	0.847149861650628	3167	85	CARD18|LUZP4|FAM135A|SMARCA1|ADPRH|USP2|PIK3C2A|SPRY2|TCP1|RNF144A|GPLD1|ZNF654|DBF4|PRDX3|ECPAS|METTL5|INTS6|ZNF473|CEP192|ERCC4|SP4|MINDY2|FOXO4|HMGB2|CDC14A|FANCM|TAF2|SLC23A2
XU_HGF_SIGNALING_NOT_VIA_AKT1_6HR	0.866819747416762	1	0.285104004309878	0.75532035114138	3774	24	CD44|ANGPTL4|PFKFB3|MAMLD1|HBEGF
XU_RESPONSE_TO_TRETINOIN_UP	0.721463199647422	1	0.347257035405485	0.819787344869803	3273	15	ADD3|RCBTB2|WIPF1|REL|WAS|ITM2B|AGO1
YAGI_AML_FAB_MARKERS	0.729626360694322	1	0.244361319409575	0.916914453435915	2479	172	AIF1|ADAMTS3|IL10RB|CSTA|SERPINI1|PDCD10|CD164|ARID5B|AMD1|DLC1|RFC4|PAQR3|AP1S2|NR4A2|CAPN2|DDHD2|TJP2|SC5D|NAE1|PROS1|RRAS2|TBPL1|MED21|ZBTB16|SERPINE2|ELL2|PSMG1|USP8|MORF4L2|POU4F1|ITGA2B|LCP1|MLLT11|ZNF91|S100A10|BAG2|ELOVL5|NET1|ANXA5|ELOVL6|FAM20B|GGH|CYB5B|HMGCS1|PCNA
YAGI_AML_SURVIVAL	0.789688777114115	1	-0.255770468429263	-0.862472678967419	5023	120	TPM2|STX11|CD14|TYMP|HOMER3|ARSA|LYST|RENBP|APLP2|ATF6B
YAGI_AML_WITH_11Q23_REARRANGED	0.982137834036568	1	-0.217924971114567	-0.810685871885878	6982	305	WFS1|STS|ANPEP|PBX3|PYGM|N4BP2L1|TIMP3|RASGRP3|MCF2L2|ATXN1|RPGR|GPR68|COX5B|DGKD|TSPAN4|ITGA7|IFI35|ARHGAP45|SFI1|AEBP1|TCL1A|RARRES2|HFE|PCYT1B|FEZ1|IL2RG|HSPG2|ENTPD1|MAGED2|AKR1B1|SLC16A5|CAMK1|EMP2|DACH1|DDX39A|DDT|ADAM15|SUPT5H|NAA80|NDUFA1|SLC7A1|MICB|ERICH1|ATPAF2|BAP1|RGS19|DDAH2|LAMTOR5|DHCR7|ITGAV|MMP17|SASH1|CLTA|IRAG2|SLC25A42|ERP29|TMC6|CAPG|DPY19L1|CD81|JTB|ITGAE|PHF2|DEXI|ITPR2|HIP1|TBX1
YAGI_AML_WITH_T_8_21_TRANSLOCATION	0.800859797531549	1	-0.240377079521513	-0.900148956544959	5774	333	TCEA2|POU2F2|CIITA|SFN|NUP210|COX8A|ATXN1|QSOX1|PBXIP1|SYNGR1|NDUFA2|UBA7|BSG|TNFRSF21|LAMA5|TRIO|TSPAN4|ETHE1|ECI1|NTRK3|CFD|CACNA2D2|BCAM|PTGIR|CCND1|UNC13A|TNFRSF1A|CDKN2D|IL2RG|ZNNT1|COMT|DGCR2|ACTN2|GALR3|MAGED2|NFRKB|CALR|CSRP2|GGCX|DDX39A|DDT|NAA80|FKBP8|ZC3H3|DGAT1|RALBP1|AGRN|HEXA|PALM|CLSTN1|TSC22D4|NBL1|AGPAT2|PRTN3|SLC35D2|DDAH2|MED12|TTC28|RCN1|KDM4B|AP1B1|MDK|TMBIM6|CAPG|SMARCD2|POLR2J|ESPL1|TRAF3IP2|NUMA1|SOCS3|ATP5MG|BCL2L1|CSTB|TIMELESS|ACP2|ACADSB|PI4KA|DUSP14|ATP5MC1|TNFAIP2|EPB41L2|ADCY3|GALNT2|AK4
YAGI_AML_WITH_T_9_11_TRANSLOCATION	0.768477574226153	1	-0.260412535972019	-0.86974473292868	4865	112	TREX2|PBX3|IRX5|CYLD|ATXN1|ITPA|PDCD1|ITGA7|IFI35|FLT1|NTRK3|SCRIB|FEZ1|TBCC|SGCG|DACH1|DDX39A|SNRNP200
YAMASHITA_LIVER_CANCER_STEM_CELL_DN	0.843262292330928	1	-0.266320756179289	-0.80492488575249	5024	57	MAPK13|CD14|ABCB4|ESR1|FMO4|ALDH8A1
YAMASHITA_LIVER_CANCER_STEM_CELL_UP	0.716539528432732	1	-0.305333813569392	-0.853367433121861	4132	37	SEMA4G|MAPK13|ESR1|ITGB5|MERTK|FGFR3|GRB7
YAMAZAKI_TCEB3_TARGETS_UP	0.683394720687538	1	-0.263867395594128	-0.914166476484514	4452	152	PLAT|LAMB1|TIMP3|EXT1|PLOD1|DYRK2|SERPINH1|RRBP1|HSPG2|LRPAP1|MDFIC|SEMA6A|COBLL1|PSAP|CREB3L1|CST3|THBD|SLC7A1|TYRO3|NR4A1|ITGB1|GNS|EPOP|GRINA|P4HA2|ID2|RCN1|MFGE8|RNF24|HOXC6|STARD10|KDELR3|CTSZ|VEGFA|GNA12|GALNT2|P4HB|TCF7L2|CITED1|FURIN|FKBP9|TNFRSF10B|SLC16A1|SNAI1|JUND|B2M
YAN_ESCAPE_FROM_ANOIKIS	0.742744536008599	1	-0.330237824696933	-0.810508093785721	4145	20	IL15|IRF7
YANG_BREAST_CANCER_ESR1_BULK_DN	0.66606334841629	1	0.341148609057041	0.865107007934175	2943	20	TTK|TMEM123|GMPS
YAO_TEMPORAL_RESPONSE_TO_PROGESTERONE_CLUSTER_0	0.767923258162235	1	-0.276772419826614	-0.84584611646307	4562	62	CREBRF|EPS8|RTN2|ITIH5|DBP|TEF|ABCA4|LAMB3|TXNDC16|NR1D1|MET|EPHX1|LIFR|SASH1|HAUS4|MYCL
YAO_TEMPORAL_RESPONSE_TO_PROGESTERONE_CLUSTER_10	0.794665324609965	1	0.260322262216946	0.85654490711091	3157	69	MFSD14A|LDHA|PSMA4|SUMO1|TMED2|AP3M1|QNG1|UFM1|TCEAL9|TIMM23|EIF1B|SSB|ADK|CACYBP|PEX13|AP4S1|OSTC|DAD1|PCNA|ARCN1|USO1|PEX2|ATF1|SLC30A5|SARNP|VDAC2|CANX|FKBP4
YAO_TEMPORAL_RESPONSE_TO_PROGESTERONE_CLUSTER_12	0.88454011741683	1	-0.251118406448935	-0.7946101883199	5423	75	H2AC8|ZFTRAF1|FLT3LG|PHPT1|HSD17B10|LGALS3BP|HIGD2A|EMP3|MAGED2|NSDHL|HMGN2|WDR83OS|MDK|CLN6|QARS1|MCM3|GNA12|GSTK1|SNAPC2|ANTXR2|PLEKHO1|ERGIC3
YEGNASUBRAMANIAN_PROSTATE_CANCER	0.749796251018745	1	0.251134931439548	0.888585924802901	2759	111	PLAAT1|FGF13|HMGN5|SOHLH2|NDC80|SLC25A21|MAGEA4|NKX3-1|TPTE|SHTN1|NCAM2|DBT|TMEM38B|DONSON|SUPV3L1|EIF2S1|CLGN|SCG3|KDM6A|ADO|CEP76|KLHL7|ATAD2|NEMP1|ECD|SLC39A8|E2F5|ETV1|ZSCAN31|SORD|BBS4|SSX3|KIF23|SSX1
YORDY_RECIPROCAL_REGULATION_BY_ETS1_AND_SP100_UP	0.807537012113055	1	0.312851154211962	0.774868501017631	3599	18	ERO1A|HMGN4|CDK2|PPP2R1B|VSIG10|RAP1GDS1|VPS26B|CARNMT1|SS18L2
ZAK_PBMC_MRKAD5_HIV_1_GAG_POL_NEF_AGE_20_50YO_1DY_ADDNL_EXON_LVL_UP	0.975421686746988	1	-0.228309325976056	-0.736433208326856	6071	86	TEP1|RAP1GAP2|LATS2|N4BP2L1|TNK2|DGLUCY|RRBP1|PTK2B|CASZ1|DISC1|FANCA|TRPC4AP|GRIPAP1
ZAK_PBMC_MRKAD5_HIV_1_GAG_POL_NEF_AGE_20_50YO_3DY_UP	0.701485461441214	1	-0.268579862433698	-0.89434884599814	4438	109	HSPA6|MARCKS|TAP1|IFITM1|TLR6|GRN|IFI16|IFIT2|CD101|HERC6|RIGI|LGALS3BP|CMKLR1|MX1|MBOAT1|IFITM3|MS4A4A|MERTK|SP110|SHISA5|CTSL|SIDT2|OAS3|CMTR1|SAMD9L|PARP12|IRF9|ZNFX1|ACP2|LY6E
ZHAN_EARLY_DIFFERENTIATION_GENES_DN	0.980782918149466	1	0.227004248248756	0.677374202813211	4133	40	EGR3|CCNG2|ABCD3|MSH2
ZHAN_LATE_DIFFERENTIATION_GENES_DN	0.943587483472896	1	0.276781905144882	0.653413120519731	4281	15	CKS2|GPR183
ZHAN_LATE_DIFFERENTIATION_GENES_UP	0.966404199475066	1	-0.247100694890096	-0.670119514176459	5522	32	ITGA4|RHEBP1|EMP3|FHL1|ATOX1
ZHAN_MULTIPLE_MYELOMA_CD1_DN	0.964836306946129	1	-0.243952598709433	-0.68814091012268	5569	39	ADAM19|SLFN11|UCP2|SPINT1|HES1|BCL2L1|ITPR3|STARD5|CCDC125|ABHD6|UNC93B1|ATP6AP1
ZHAN_MULTIPLE_MYELOMA_HP_DN	0.997603642463456	1	0.2058379785624	0.622530162818989	4162	43	AGA|SGPL1|LHPP|AP1S2
ZHAN_MULTIPLE_MYELOMA_LB_DN	0.786804414181733	1	0.284531792532956	0.824148126574808	3350	35	MX2|HIF1A|RSAD2|IFIT5|CAP1|WIPF1|IFI6|SEPHS1
ZHAN_MULTIPLE_MYELOMA_LB_UP	0.730428537227675	1	0.28336558472888	0.860724734464288	3050	44	ADTRP|MATCAP2|ARID5B|PARP15|COPZ2|SAMD3|PLS1|USP53|MAP4K3|NAMPT|PCGF5
ZHANG_GATA6_TARGETS_DN	0.671553758004719	1	-0.295350012339813	-0.889414881577176	3984	56	BSPRY|SLC52A2|ARHGAP45|MATN4|TEKT5|GALNT14|SLC7A7|RHOF|KCNJ15|MUC1|DUSP7|PARP3|SLC35E3|DHCR7|MVD
ZHANG_PROLIFERATING_VS_QUIESCENT	0.954382978723404	1	-0.244277067811706	-0.711615278546799	5606	46	AXL|IGFBP2|CCND1|HSPB1|MCAM|MAP3K11|NDUFB7|ITGAV|GSTP1|ITGA5|SKI
ZHANG_RESPONSE_TO_CANTHARIDIN_DN	0.993506493506494	1	0.213949186662243	0.696462467792974	3977	65	ABCC4|PIK3CA|PRIM1|ZFYVE26|SLK|TIMM23|RRM2|RFC5|MYB|RRM1|MYC|IDH3A|RPL4|GTF3A|MRPL3|QDPR|FARSB|FABP5
ZHANG_RESPONSE_TO_IKK_INHIBITOR_AND_TNF_UP	0.78750747160789	1	-0.24780181412178	-0.883700966087901	5269	197	NFKBIZ|IL15|LYPD3|RTKN|CXCL1|TAP1|IL4I1|DOCK4|ZC3H12C|CITED4|CXCL16|TMCC3|RIGI|SLC52A3|ICAM1|STYK1|LAMB3|RHOF|EFNA1|BCL3|IL1B|ZC3H12A|SEMA4C|PPARD|SDC4|SGK1|IL23A|CDC42EP4|CEBPB|HIVEP1|G0S2|ERN1|TANK|TNIP1|BID|IFNGR1|TNIP2|INF2|IRF9|SOCS3|PSEN1|NINJ1|ZNFX1|C15orf39|TNFAIP2|IRF1|RELB|CDKN1A|CSRNP2|STARD5|RAB24|NFKBIE|ZNF697|IRAK2|MFHAS1|BTN2A1|KDM2A|SMAD3|CYTH1|TNFRSF10B
ZHANG_TARGETS_OF_EWSR1_FLI1_FUSION	0.707688270795067	1	0.266643707680471	0.897245688403752	2696	81	DPYSL2|STEAP1|CSPG5|ME1|KDSR|UAP1|TRIM2|CHN2|EGR2|FCGRT|VWA5A|CSRP1|GRK5|UBXN7|MYC|CITED2|CAV2|ADO|XPNPEP1|GABARAPL1
ZHONG_RESPONSE_TO_AZACITIDINE_AND_TSA_DN	0.952668680765358	1	0.231732814287775	0.764205428475266	3783	70	C5orf15|ITGB3BP|PGGT1B|CCNA2|SH3BGRL|RBMX|ERP44|PMS1|KIF15|MOB1A|GOLPH3L|ANP32B|PPP2R5C|ECPAS|PAPOLG|SUCLG2|PAICS|ATM|EIF2D|ATRAID|SUPT3H|EIF2AK2|KPNB1|RPL22|PDCD2|HMGB2|HNRNPA3|TOM1L1|NUCKS1|LRP8|CTBS|APOOL|PFAS
ZHONG_SECRETOME_OF_LUNG_CANCER_AND_ENDOTHELIUM	0.974928487295978	1	-0.23122015458365	-0.705170659620874	5793	61	COL18A1|COL1A1|LGALS3BP|CTSA|CTSD|SDC4|CLSTN1
ZHONG_SECRETOME_OF_LUNG_CANCER_AND_FIBROBLAST	0.710443535703051	1	-0.265990646755115	-0.894685547179727	4516	118	COL18A1|QSOX1|ECM1|ACTA2|COL1A1|KRT73|UBA52|LGALS3BP|TINAGL1|AKR1B1|CALR|PSMB5|PSMB6|CTSD|CST3|ENO3|AGRN|SDC4|CLSTN1|GSTP1|LMNA|PSMB4|CAPG|PSMA7|CD81|PRSS2
ZHOU_INFLAMMATORY_RESPONSE_FIMA_UP	0.669813865659563	1	-0.247040647202352	-0.940133501078171	4965	410	ATP2B1-AS1|MIR9-1HG|REM2|ZNF876P|BRICD5|SVEP1|MARCKS|RAPGEF5|FZD7|SNN|FAAP20|ZCWPW1|CXCL1|MAPK11|EVI5L|EREG|COMMD4|MIIP|RCN3|SOD3|ZC3H12C|RASGEF1B|TPD52|MFSD2A|ANP32D|DOK6|CASQ2|SEC14L4|KLF12|SORBS2|AXDND1|FGF17|PNPLA1|CRYBA2|CYTH3|IER3|ICAM1|ZNF778-DT|VCX|SAMD10|LINC02762|SERPINE1|TAOK2|RTKN2|MDFIC|SEMA6A|NCAN|IL1B|SYCE1|MACROH2A2|USF3|GLI4|LSS|TACC3|ZC3H12A|EMP2|GAL3ST4|SLC22A23|NFKBID|KANK1|NECAP2|FGFR3|IGSF3|PLK3|KICS2|TCTN1|SDC4|IL23A|TAB1|TYRO3
ZHOU_TNF_SIGNALING_30MIN	0.945965592440029	1	0.239754661107587	0.742741463084014	3903	49	COPS2|CCN1|KALRN|KLF10|EGR1|SLC39A1|IGFBP5|TMF1
ZHU_CMV_24_HR_UP	0.871949619522435	1	0.24685668319973	0.830663121891589	3322	81	REC8|NAA30|PSMC1|TFPI2|EGR1|NPM1|PSMD6|PLA2G4A|FGFR1|EIF4E|IFI6|NAMPT|SNRPB2|SSR1|RAB2B|MLLT11|PSMA2|PSMA6|RB1|IDH3A|PNP|ATP6V1C1|EIF1AX|IMPA1|POLR2K|GORASP2|PSMA3|CSE1L
ZHU_CMV_8_HR_UP	0.769429443531345	1	0.287252774498714	0.832029467951673	3276	35	MX2|CCL5|EGR1|PLA2G4A|IFI6|NAMPT|GTF2B|RIPK1|WARS1|TNFAIP3|PML|BRCA2|DNAJA1|CD55
ZIRN_TRETINOIN_RESPONSE_WT1_UP	0.748974008207934	1	0.313523380516514	0.822824648874055	3284	23	DLC1|AKAP12|KIT|CAPN7|GDE1
ZWANG_EGF_INTERVAL_UP	0.674617578428831	1	0.272506580759254	0.907104433089391	2601	76	LBHD1|TMEM156|SLC33A1|CHDH|UAP1|MSANTD2|TMEM140|DSEL|SLC10A5|ACSL4|INSIG1|PANK1|CA8|DNAJB9|RBM12B|ATP13A3|TEAD1
ZWANG_EGF_PERSISTENTLY_UP	0.693145869947276	1	-0.323124593158529	-0.859336787304973	3943	29	TCEA2|RHOBTB2|POR|SPMAP2L|NSDHL
